9 9
10 8
10 8
10 7
10 7
10 7
10 7
10 8
10 8
11 9
11 9
11 10
11 11
11 12
11 13
11 14
11 14
11 15
11 16
12 17
12 18
12 19
12 20
12 20
12 21
12 22
13 23
13 24
13 25
13 26
13 27
14 28
14 29
14 30
14 30
14 31
14 32
14 33
14 34
14 35
14 36
15 37
15 38
15 39
15 40
15 41
15 42
15 43
15 43
15 44
15 45
15 46
16 47
16 48
16 49
16 50
16 51
16 52
17 53
17 54
17 55
17 56
17 56
17 57
17 58
18 59
18 60
18 61
18 62
19 63
19 64
19 65
19 66
20 67
20 68
20 69
20 69
20 70
20 71
21 72
21 73
21 74
21 75
22 76
22 77
22 78
22 78
22 79
23 80
23 81
23 82
23 83
24 84
24 85
24 85
24 86
24 87
24 88
25 89
25 90
25 91
25 92
25 92
26 93
26 94
27 95
27 96
27 96
27 97
27 98
27 99
27 99
27 100
27 100
27 100
27 100
26 99
26 98
25 97
25 97
25 96
24 95
24 94
23 93
23 92
23 92
23 91
22 90
22 89
22 88
22 87
21 86
21 85
21 85
21 84
20 83
20 82
19 81
19 80
19 79
18 78
18 77
18 77
18 76
17 75
17 74
17 73
16 72
16 71
16 70
15 69
15 68
15 68
15 67
14 66
14 65
13 64
13 63
12 62
12 61
11 60
11 59
11 59
11 58
10 57
10 56
9 55
9 54
9 53
8 52
8 51
7 50
7 49
7 49
7 48
6 47
6 46
5 45
5 44
4 43
4 42
3 41
3 40
3 40
3 39
2 38
2 37
2 36
2 35
1 34
1 33
1 33
1 32
1 31
0 30
0 29
0 28
0 27
0 27
0 26
0 25
0 24
0 23
0 22
0 21
0 20
0 20
1 19
1 18
2 17
2 16
2 16
2 15
3 14
3 13
4 12
4 11
4 11
5 10
6 10
7 9
8 9
9 8
9 8
10 7
11 7
12 6
13 6
14 5
14 5
15 4
16 4
17 3
18 3
19 2
19 2
20 2
21 1
22 1
23 1
24 0
25 0
25 0
26 0
27 0
28 1
29 1
30 1
31 1
31 1
32 2
33 2
34 3
35 3
35 3
36 4
37 5
38 6
39 7
39 7
39 8
39 9
40 10
40 11
40 12
40 12
40 13
40 14
40 15
40 16
40 17
40 18
40 19
40 19
40 20
40 21
40 22
39 23
39 24
39 25
39 26
39 27
39 27
39 28
39 29
39 30
38 31
38 32
38 33
38 34
38 35
38 35
38 36
37 37
37 38
37 39
37 40
36 41
36 42
36 43
36 43
36 44
35 45
35 46
35 47
35 48
34 49
34 50
34 51
34 51
34 52
33 53
33 54
32 55
32 56
31 57
31 58
31 58
31 59
30 60
30 61
30 62
30 63
29 64
29 65
29 65
29 66
29 67
29 68
29 69
29 69
29 70
30 71
30 72
30 72
31 73
32 73
32 73
33 73
34 74
35 74
36 74
36 74
37 74
38 75
39 75
40 76
41 76
41 76
42 76
43 76
44 77
45 77
46 77
47 77
47 77
48 77
49 78
50 78
51 78
52 78
53 79
54 79
54 79
54 78
54 77
54 76
55 75
55 74
55 73
55 72
55 71
55 70
55 69
55 68
56 67
56 66
56 65
56 64
56 63
56 62
56 61
57 60
57 59
57 58
57 57
57 56
57 55
57 54
58 53
58 52
58 51
58 50
58 49
58 48
58 47
58 46
59 45
59 44
59 43
59 42
59 42
59 41
59 41
58 41
58 41
58 42
58 42
58 43
58 44
58 45
58 45
58 46
58 47
57 48
57 49
57 50
57 50
57 51
57 52
57 53
57 54
57 55
57 55
57 56
57 57
57 58
57 59
57 59
57 60
58 61
58 62
58 63
58 63
59 64
59 65
59 65
60 66
60 66
61 66
62 66
62 66
63 65
63 65
63 64
64 63
64 62
64 62
65 61
65 60
66 59
66 58
66 58
66 57
66 56
66 55
66 54
66 54
66 53
66 52
66 51
66 50
66 50
65 49
65 48
65 48
64 47
63 47
63 47
62 46
61 46
61 46
60 47
59 47
59 47
58 48
58 48
57 49
57 49
57 50
57 50
57 51
57 51
58 50
59 49
60 48
60 47
61 46
62 45
63 44
64 43
65 42
66 41
67 40
67 39
68 38
69 37
70 36
71 35
72 34
73 33
74 32
74 31
75 30
76 29
77 28
77 28
78 27
78 27
77 26
77 25
77 25
77 25
76 26
76 27
76 27
76 28
75 29
75 30
75 30
74 31
73 32
73 32
73 33
72 34
72 35
72 35
72 36
72 37
72 37
73 38
73 39
73 39
74 40
74 41
74 41
75 42
75 43
75 43
76 44
77 44
78 45
78 45
79 46
80 47
80 47
81 48
82 48
83 49
83 49
84 50
84 51
84 51
84 52
85 53
85 54
85 54
85 55
85 56
85 57
85 57
84 58
84 59
84 59
83 60
83 61
83 61
82 62
82 63
82 63
81 64
80 65
80 65
79 65
79 65
79 65
79 64
80 63
80 62
80 61
81 60
81 59
81 58
82 57
82 56
82 55
83 54
83 53
83 52
84 51
84 50
84 49
85 48
85 47
85 46
85 45
86 44
86 43
86 42
87 41
87 40
87 39
88 38
88 37
88 36
89 35
89 34
89 33
90 32
90 31
90 30
91 29
91 28
91 28
92 27
93 27
94 26
94 26
94 26
93 26
93 26
92 26
92 26
92 27
92 27
91 28
91 29
91 29
91 30
90 31
90 32
90 32
90 33
89 34
89 35
89 35
89 36
89 37
89 37
89 38
90 39
90 40
90 40
91 41
91 42
91 42
92 43
93 44
93 44
94 45
95 46
95 46
96 47
97 47
98 48
98 48
99 49
99 50
100 51
100 51
100 52
100 53
100 54
100 55
100 55
99 56
99 57
98 58
98 59
97 60
