0 6
1 7
1 7
1 7
1 8
0 9
0 10
0 10
0 11
0 12
0 13
0 14
0 15
0 16
0 17
0 17
0 18
0 19
1 20
1 21
1 22
1 23
1 24
2 25
2 26
2 27
2 27
2 28
2 29
2 30
3 31
3 32
3 33
3 34
3 35
3 36
3 37
4 38
4 39
4 40
4 41
4 41
4 42
4 43
4 44
5 45
5 46
5 47
5 48
5 49
5 50
5 51
6 52
6 53
6 54
6 55
6 55
6 56
6 57
6 58
6 59
6 60
6 61
6 62
7 63
7 64
7 65
7 66
7 67
7 68
7 69
7 70
7 70
7 71
7 72
7 73
7 74
7 75
7 76
8 77
8 78
8 79
8 80
8 81
8 82
8 83
8 84
8 84
8 85
8 86
8 87
8 88
8 89
8 90
8 91
8 92
8 92
8 93
8 94
8 95
8 96
8 97
8 98
8 98
7 99
7 100
7 100
7 100
7 100
7 99
7 98
7 97
7 96
7 95
7 94
7 93
7 92
7 91
7 90
7 89
7 88
7 87
7 86
7 85
7 84
7 83
7 82
7 81
7 80
7 79
7 78
7 77
7 76
7 75
7 74
7 73
7 72
7 71
7 70
7 69
7 68
7 67
7 66
7 65
7 64
7 63
7 62
7 61
7 60
7 59
7 58
7 57
7 56
7 55
7 54
8 53
8 52
8 51
8 50
8 49
8 48
8 47
8 46
8 45
8 44
8 43
8 42
8 41
8 40
8 39
8 38
8 37
8 36
8 35
8 34
8 33
8 32
8 31
8 30
8 29
8 28
8 27
8 26
8 25
8 24
8 23
8 22
8 21
8 20
8 19
8 18
8 17
8 16
8 15
8 14
8 13
8 12
8 11
8 10
8 9
8 8
8 7
8 6
8 6
9 5
10 5
11 4
12 3
13 3
14 2
14 2
15 1
16 0
16 0
17 1
17 2
17 2
18 3
19 4
20 5
20 5
21 6
22 7
22 8
23 9
23 9
23 10
24 11
24 12
25 13
25 14
25 14
25 15
26 16
26 17
27 18
27 19
27 19
27 20
27 21
28 22
28 23
28 24
28 24
28 25
28 26
28 27
28 28
28 29
28 29
28 30
27 31
27 32
27 33
27 33
27 34
26 35
26 36
26 37
26 37
25 38
24 39
24 40
23 41
23 41
22 42
22 43
21 44
21 44
20 45
19 45
18 46
18 46
17 47
16 47
16 47
15 48
14 48
14 48
13 47
13 47
13 46
13 45
13 45
14 44
14 43
14 43
15 42
15 42
16 43
17 43
17 43
18 44
19 44
19 44
20 45
20 46
21 47
21 48
22 49
22 49
23 50
23 51
24 52
24 53
25 54
25 55
25 55
25 56
26 57
26 58
27 59
27 60
27 61
28 62
28 63
28 63
29 64
29 65
30 66
30 67
31 68
31 69
31 69
32 70
33 71
33 72
34 73
35 74
35 74
36 75
37 75
38 76
38 76
39 76
40 77
41 77
41 77
42 77
43 77
43 77
44 77
45 77
45 77
46 76
46 76
46 75
46 74
47 73
47 72
47 71
47 70
47 69
47 68
48 67
48 66
48 65
48 64
48 64
48 63
49 62
49 61
50 60
50 59
50 59
51 58
51 58
51 58
51 59
51 60
51 60
51 61
52 62
52 63
52 63
52 64
52 65
52 66
52 67
52 68
52 68
52 69
52 70
52 71
52 72
52 72
52 73
53 74
53 75
53 75
54 76
54 76
55 75
56 75
56 75
57 74
57 73
58 72
58 72
58 71
58 70
59 69
59 68
59 67
59 67
59 66
59 65
60 64
60 63
60 62
60 62
60 61
59 60
59 59
59 58
59 58
59 57
59 56
58 55
58 54
58 53
58 53
57 52
57 51
56 50
56 49
56 49
55 48
54 48
54 48
53 49
52 49
51 50
51 50
50 51
49 52
49 53
48 54
48 54
47 55
47 56
46 57
46 58
46 58
46 59
46 60
46 61
46 62
46 62
46 63
46 64
46 65
46 65
47 64
48 63
49 62
50 61
51 60
52 59
53 58
54 58
55 57
56 56
57 55
58 54
59 53
60 52
61 51
62 50
63 49
64 48
65 47
66 46
67 45
68 45
69 44
70 43
71 42
72 41
73 40
74 39
75 38
75 38
76 37
77 36
78 35
78 35
78 35
77 35
77 35
76 36
76 37
76 37
75 38
74 39
74 39
73 40
73 41
72 42
72 43
72 43
71 44
71 45
70 46
70 47
70 47
69 48
69 49
68 50
68 50
68 51
68 52
68 53
68 53
68 54
68 55
68 55
69 56
70 56
70 56
71 57
72 58
72 58
73 58
74 59
75 59
76 59
76 59
77 59
78 60
79 60
79 60
80 61
81 62
81 62
82 63
82 63
82 64
82 65
82 65
81 66
81 67
80 68
80 68
79 69
79 70
78 71
78 71
77 72
76 73
75 74
75 74
74 75
74 75
74 74
75 73
75 72
76 71
76 70
76 69
77 68
77 67
78 66
78 65
79 64
79 63
79 62
80 61
80 60
81 59
81 58
81 57
82 56
82 55
83 54
83 53
83 52
84 51
84 50
85 49
85 48
85 47
86 46
86 45
87 44
87 43
88 42
88 41
88 40
89 39
89 38
90 37
90 36
90 36
91 36
92 35
93 35
94 35
94 35
93 35
93 35
92 36
92 36
92 37
92 38
92 39
92 39
91 40
91 41
90 42
90 43
90 43
90 44
90 45
90 46
90 47
90 48
90 48
90 49
89 50
89 51
89 51
90 52
90 53
90 53
91 54
91 55
91 55
92 56
93 56
93 56
94 57
95 57
95 57
96 58
96 59
97 60
97 60
98 61
99 62
99 62
99 63
100 64
100 65
100 66
100 66
100 67
100 68
100 69
100 69
100 70
100 71
99 72
99 73
99 74
99 74
98 75
98 76
98 76
97 77
97 78
97 78
96 79
95 79
95 79
94 80
