0 3
0 2
0 1
0 1
0 1
0 0
0 0
0 0
0 0
0 1
0 1
0 1
1 2
1 3
1 3
1 4
1 4
1 5
2 6
2 7
2 7
2 8
2 9
2 10
2 11
2 12
2 12
2 13
2 14
3 15
3 16
3 17
3 18
3 18
3 19
3 20
4 21
4 22
4 23
4 23
4 24
4 25
4 26
5 27
5 28
5 29
5 30
5 31
5 31
5 32
5 33
5 34
5 35
5 36
5 37
5 38
5 39
5 40
5 41
5 41
5 42
5 43
5 44
5 45
6 46
6 47
6 48
6 49
6 50
6 50
6 51
6 52
6 53
6 54
6 55
6 56
6 57
6 58
6 59
6 60
6 60
6 61
6 62
6 63
6 64
7 65
7 66
7 67
7 68
7 69
7 70
7 70
7 71
7 72
7 73
7 74
7 75
7 76
7 77
7 77
7 78
7 79
7 80
7 81
7 82
7 83
7 84
7 85
7 85
7 86
7 87
6 88
6 89
6 90
6 91
6 91
6 92
6 93
6 94
6 95
6 96
6 96
6 97
5 98
5 99
5 99
4 100
4 100
3 100
3 100
2 99
2 98
2 98
2 97
1 96
1 95
1 94
1 94
1 93
1 92
0 91
0 90
0 89
0 88
0 88
0 87
0 86
0 85
0 84
0 83
0 82
0 81
0 80
0 79
0 78
0 77
0 76
0 75
0 74
0 73
0 72
0 71
0 70
0 69
0 68
0 67
0 66
0 65
0 64
0 63
0 62
0 61
0 60
0 59
0 58
0 57
0 56
0 55
0 54
0 53
0 52
0 51
0 50
0 49
0 48
0 47
0 46
0 45
0 44
0 43
0 42
0 41
0 40
0 39
0 38
0 37
0 36
0 35
0 34
0 33
0 32
0 31
0 30
0 30
0 29
0 28
0 27
0 26
1 25
1 24
1 23
1 22
1 21
1 21
1 20
2 19
2 18
2 18
2 17
2 16
2 15
2 15
3 14
3 13
3 13
4 12
4 11
4 11
5 10
5 10
6 9
6 8
6 8
7 7
8 7
9 6
9 6
10 5
11 5
11 5
12 4
13 4
13 4
14 4
15 5
16 5
16 5
17 6
18 6
18 6
19 7
20 7
21 8
21 8
22 9
22 10
23 11
23 11
24 12
24 13
25 14
25 15
25 15
25 16
26 17
26 18
27 19
27 20
27 20
27 21
27 22
28 23
28 24
28 25
28 25
28 26
28 27
29 28
29 29
29 30
29 31
29 31
29 32
29 33
28 34
28 35
28 36
28 37
28 37
28 38
28 39
27 40
27 41
27 42
27 43
27 43
27 44
27 45
26 46
26 47
26 48
26 48
26 49
25 50
25 51
25 52
24 53
24 54
24 54
23 55
23 56
22 57
22 58
22 58
21 59
20 60
20 60
19 61
18 62
18 62
17 62
16 62
16 62
15 61
14 61
14 61
13 60
12 60
12 60
11 59
11 58
11 58
10 57
10 57
10 57
10 56
10 56
11 55
11 55
12 54
12 54
13 53
14 53
14 53
15 53
15 53
16 53
17 53
18 53
18 53
19 54
20 54
21 55
21 55
22 56
23 56
24 57
25 57
25 57
26 58
27 58
28 59
28 59
29 60
30 61
31 62
32 63
32 63
33 64
34 65
35 65
36 66
36 66
37 67
37 68
38 69
38 69
39 70
40 71
41 72
41 72
42 73
42 74
43 75
43 75
44 76
44 77
44 77
45 78
45 79
45 79
46 80
46 80
46 80
46 79
47 78
47 77
48 76
48 75
49 74
49 73
49 72
50 71
50 70
51 69
51 68
51 67
52 66
52 65
53 64
53 63
54 62
54 61
54 60
55 59
55 58
56 57
56 56
56 55
57 54
57 53
58 52
58 51
59 50
59 49
59 49
59 50
59 50
58 50
58 50
58 50
58 50
57 50
57 50
57 51
57 51
57 52
57 52
56 53
56 53
56 54
56 55
56 55
55 56
55 57
55 57
55 58
55 59
55 60
55 60
55 61
55 62
55 63
55 63
55 64
55 65
55 66
55 66
56 67
56 68
56 68
57 69
57 70
57 70
58 70
58 70
59 70
59 70
60 69
60 69
61 68
61 68
61 67
62 66
62 65
62 65
62 64
63 63
63 62
63 62
63 61
63 60
63 60
63 59
63 58
63 57
63 57
63 56
62 55
62 54
62 54
61 53
61 52
61 52
60 51
59 51
59 51
58 50
57 50
57 50
56 50
55 50
55 50
54 50
53 50
53 50
52 51
51 52
51 52
51 52
51 52
52 52
52 52
53 53
53 53
54 53
55 53
55 53
56 54
57 54
57 54
58 54
59 53
60 53
61 53
62 53
63 52
64 52
65 52
66 52
67 51
68 51
69 51
70 50
71 50
72 50
73 50
74 49
75 49
76 49
77 49
78 48
79 48
80 48
81 48
82 47
83 47
83 47
82 47
82 47
82 46
82 46
82 46
81 45
81 45
81 45
81 45
80 44
80 44
80 44
80 44
79 45
79 45
79 45
78 46
78 46
77 47
77 47
77 48
77 48
76 49
76 50
76 50
76 51
76 51
76 52
76 52
76 53
76 53
77 53
77 53
78 54
78 54
79 54
80 54
80 54
81 54
81 54
82 54
82 54
82 55
82 55
83 55
83 55
82 56
82 57
82 57
81 58
81 58
80 59
80 60
80 60
79 61
79 61
78 62
78 62
77 63
77 63
77 63
77 62
77 62
78 61
78 60
79 59
80 58
81 57
81 56
82 55
83 54
83 53
84 52
85 51
85 50
86 49
87 48
88 47
88 46
89 45
89 45
90 44
91 43
92 42
93 41
93 41
94 40
94 39
94 39
95 39
95 39
95 38
95 38
95 38
95 38
95 38
94 39
94 39
93 40
93 40
92 41
92 42
92 42
91 43
90 44
90 44
89 45
89 46
89 46
89 47
89 47
89 48
89 48
90 49
90 49
91 49
91 49
92 49
93 49
93 49
94 49
95 49
95 49
96 50
97 50
97 50
98 51
99 51
99 51
100 52
100 53
100 53
100 54
100 54
100 55
99 56
99 57
99 57
98 58
98 59
97 60
97 60
96 61
95 62
94 63
