0 6
0 7
1 8
1 9
1 9
2 10
2 11
2 11
2 12
2 13
3 14
3 15
3 16
3 16
3 17
4 18
4 19
4 20
4 21
5 22
5 23
5 23
5 24
5 25
5 26
5 27
6 28
6 29
6 30
6 31
6 32
6 33
6 33
6 34
6 35
6 36
6 37
6 38
7 39
7 40
7 41
7 42
7 43
7 44
7 45
7 45
7 46
7 47
7 48
7 49
7 50
8 51
8 52
8 53
8 54
8 55
8 56
8 57
8 57
8 58
8 59
8 60
8 61
8 62
9 63
9 64
9 65
9 66
9 67
9 68
9 68
9 69
9 70
9 71
9 72
9 73
10 74
10 75
10 76
10 77
10 78
10 79
10 79
10 80
10 81
10 82
11 83
11 84
11 85
11 86
11 87
11 87
11 88
11 89
12 90
12 91
12 92
12 93
12 93
12 94
13 95
13 96
13 97
13 97
13 98
13 99
13 99
13 100
13 100
12 100
12 100
11 99
10 99
10 99
9 98
9 97
8 96
8 96
8 95
8 94
8 93
8 92
7 91
7 90
7 89
7 88
7 87
7 86
7 85
7 84
7 83
6 82
6 81
6 80
6 79
6 78
6 77
6 76
6 75
6 74
5 73
5 72
5 71
5 70
5 69
5 68
5 67
5 66
5 65
4 64
4 63
4 62
4 61
4 60
4 59
4 58
4 57
4 56
3 55
3 54
3 53
3 52
3 51
3 50
3 49
3 48
3 47
2 46
2 45
2 44
2 43
2 42
2 41
2 40
2 39
2 38
1 37
1 36
1 35
1 34
1 33
1 33
1 32
1 31
2 30
2 29
2 28
2 27
2 26
2 25
3 24
3 23
3 22
3 22
3 21
3 20
4 19
4 18
4 17
4 17
4 16
4 15
5 14
5 13
5 12
5 12
6 11
7 10
7 9
8 8
8 8
9 7
9 6
10 5
10 4
11 3
11 3
12 2
13 2
14 1
15 1
15 1
16 1
17 0
18 0
19 0
19 0
20 1
21 1
22 2
23 2
23 2
24 3
25 4
26 5
26 5
27 6
28 7
28 8
29 9
29 9
29 10
30 11
30 12
31 13
31 14
31 14
31 15
31 16
31 17
31 18
31 19
31 19
31 20
31 21
31 22
31 23
31 24
31 25
31 25
31 26
30 27
30 28
30 29
29 30
29 31
29 31
29 32
28 33
28 34
27 35
27 36
26 37
26 38
26 38
25 39
25 40
24 41
24 42
23 43
23 44
22 45
22 46
22 46
21 47
21 48
20 49
20 50
19 51
19 52
18 53
18 54
18 54
17 55
17 56
16 57
15 58
15 59
14 60
14 60
13 61
12 62
12 63
11 64
10 65
10 65
9 66
8 67
8 68
7 69
7 69
6 70
5 70
5 70
4 70
3 70
3 70
2 70
2 70
1 69
1 69
1 68
1 68
2 68
2 68
3 68
4 68
4 68
5 68
6 69
7 69
7 69
8 70
9 70
10 71
10 71
11 72
12 72
13 73
14 73
15 74
15 74
16 74
17 75
18 75
19 76
20 76
20 76
21 76
22 77
23 77
24 77
25 78
26 78
26 78
27 78
28 79
29 79
30 79
31 80
32 80
32 80
33 80
34 81
35 81
36 81
36 81
37 81
38 81
39 81
40 81
41 81
41 81
42 81
43 80
44 80
44 80
45 80
46 79
47 79
47 79
48 78
49 78
49 78
50 77
50 77
50 76
50 75
49 74
49 73
49 72
49 71
49 70
48 69
48 68
48 67
48 66
48 65
47 64
47 63
47 62
47 62
46 61
46 61
45 61
44 61
44 61
43 61
43 61
43 62
42 63
42 64
42 64
42 65
43 66
43 67
43 68
43 68
43 69
43 70
44 71
44 72
44 73
44 73
45 74
46 75
46 75
47 75
48 75
49 75
49 75
50 74
51 74
51 74
51 73
52 72
52 71
52 71
52 70
53 69
53 68
53 68
53 67
53 66
53 65
53 64
53 64
53 63
53 62
53 61
53 61
53 60
52 59
52 58
52 58
51 57
51 56
51 56
50 55
49 55
49 55
48 56
47 56
47 56
46 57
45 58
44 59
44 59
43 60
43 61
42 62
42 62
41 63
41 64
41 64
41 65
41 66
41 66
42 67
42 68
42 68
43 67
44 66
45 65
46 64
47 63
48 62
49 61
50 60
51 59
52 58
53 57
54 56
55 55
56 54
57 53
58 52
59 51
60 50
61 49
62 48
63 47
64 46
65 45
66 44
67 43
68 42
69 41
70 40
70 40
71 41
71 42
71 42
70 43
70 43
69 44
69 44
69 45
68 46
68 47
68 47
68 48
68 49
67 50
67 51
67 52
67 52
67 53
66 54
66 55
65 56
65 57
65 57
65 58
65 59
65 59
65 60
65 61
65 61
66 62
66 62
67 63
68 63
68 63
69 63
70 64
71 64
71 64
72 65
73 65
73 65
74 66
75 66
75 66
76 67
76 68
76 68
77 69
77 69
76 70
76 71
76 71
76 72
75 73
75 74
75 74
74 75
74 76
73 77
73 77
72 78
72 79
72 79
72 80
72 81
72 81
72 80
73 79
73 78
74 77
74 76
74 75
75 74
75 73
75 72
76 71
76 70
77 69
77 68
77 67
78 66
78 65
78 64
79 63
79 62
80 61
80 60
80 59
81 58
81 57
81 56
82 55
82 54
83 53
83 52
83 51
84 50
84 49
84 48
85 47
85 46
86 45
86 44
86 43
87 42
87 41
87 40
88 39
88 38
89 37
89 36
89 35
90 34
90 33
90 33
90 34
90 35
90 36
90 37
90 38
90 39
90 40
90 40
89 41
88 42
88 42
87 42
86 43
85 43
85 43
85 44
84 45
84 46
83 47
83 48
83 48
83 49
82 50
82 51
82 52
81 53
81 54
81 54
81 55
80 56
80 57
80 58
80 58
80 59
81 60
81 61
81 61
82 62
82 62
83 62
84 62
85 62
85 62
86 62
87 62
88 62
88 62
89 62
90 61
91 61
91 61
92 61
93 62
94 62
94 62
95 62
96 63
97 63
97 63
98 64
99 65
99 65
99 66
100 67
100 68
100 68
100 69
99 70
99 71
99 72
99 72
98 73
98 74
97 75
97 75
96 76
96 77
95 78
95 79
95 79
94 80
93 81
92 81
91 82
