0 14
0 13
1 12
1 11
1 10
1 10
1 9
1 8
1 7
1 7
1 6
2 5
2 4
2 3
2 3
2 2
2 2
2 2
2 3
2 3
2 4
3 5
3 6
3 6
3 7
3 8
3 9
2 10
2 11
2 12
2 13
2 13
2 14
2 15
2 16
2 17
2 18
2 19
2 20
2 21
2 22
2 23
2 23
2 24
2 25
2 26
2 27
2 28
2 29
2 30
2 31
2 32
2 33
2 34
2 35
2 36
2 37
2 37
2 38
2 39
2 40
2 41
2 42
2 43
2 44
2 45
2 46
2 47
2 48
2 49
2 50
2 51
2 52
2 52
2 53
2 54
2 55
2 56
2 57
2 58
2 59
2 60
2 61
2 62
2 63
2 64
2 65
2 66
2 67
2 67
2 68
2 69
2 70
2 71
2 72
3 73
3 74
3 75
3 76
3 77
3 78
3 79
3 79
3 80
3 81
3 82
3 83
3 84
3 85
3 86
3 87
3 87
3 88
3 89
3 90
3 91
3 92
3 92
3 93
3 94
3 95
3 95
3 96
3 96
3 96
3 96
3 95
3 94
3 93
3 92
3 91
3 90
3 89
3 88
3 87
3 86
3 85
4 84
4 83
4 82
4 81
4 80
4 79
4 78
4 77
4 76
4 75
4 74
4 73
4 72
4 71
4 70
4 69
4 68
4 67
4 66
4 65
4 64
4 63
4 62
5 61
5 60
5 59
5 58
5 57
5 56
5 55
5 54
5 53
5 52
5 51
5 50
5 49
5 48
5 47
5 46
5 45
5 44
5 43
5 42
5 41
5 40
5 39
5 38
6 37
6 36
6 35
6 34
6 33
6 32
6 31
6 30
6 29
6 28
6 27
6 26
6 26
5 27
5 28
5 28
5 27
5 27
4 27
4 27
4 26
4 25
4 25
4 24
5 23
5 22
5 22
6 21
6 20
7 19
7 19
7 18
8 17
8 16
9 15
9 14
9 14
10 13
10 12
11 11
11 10
12 9
12 9
13 8
14 7
14 6
15 5
15 5
16 4
16 3
17 2
17 2
18 1
19 1
20 0
20 0
21 1
22 1
22 1
23 2
24 3
24 3
25 4
25 5
26 6
26 6
26 7
26 8
27 9
27 10
27 11
27 11
27 12
27 13
28 14
28 15
28 16
28 17
28 17
28 18
28 19
28 20
27 21
27 22
27 23
27 24
27 24
27 25
27 26
27 27
26 28
26 29
26 30
26 31
26 32
26 32
26 33
26 34
25 35
25 36
25 37
25 38
25 39
24 40
24 41
24 42
24 42
24 43
23 44
23 45
23 46
23 47
22 48
22 49
22 50
22 50
22 51
21 52
21 53
21 54
20 55
20 56
20 56
19 57
18 58
18 59
17 60
16 61
16 61
15 62
15 63
14 64
14 64
13 65
12 66
12 66
11 66
11 66
11 66
10 66
10 66
10 65
10 65
11 64
11 63
11 63
11 62
11 61
11 61
12 60
12 59
12 59
12 58
13 57
13 56
13 56
14 55
14 54
14 54
14 53
14 52
14 52
15 51
15 50
15 50
15 49
15 49
16 48
16 48
16 48
16 48
16 49
16 49
17 50
17 50
17 51
18 52
18 53
18 54
18 54
18 55
19 56
19 57
20 58
20 59
20 59
20 60
21 61
21 62
21 63
21 64
22 65
22 66
22 66
22 67
23 68
23 69
23 70
24 71
24 72
24 72
25 73
25 74
26 75
26 76
27 77
27 78
27 78
27 79
28 80
28 81
28 82
29 83
29 84
29 84
29 85
30 86
30 87
31 88
31 89
31 89
31 90
32 91
32 92
33 93
33 94
33 94
33 95
34 96
34 97
34 98
34 98
35 99
35 99
36 100
36 100
36 100
37 100
37 100
38 99
38 98
38 98
39 97
40 96
40 96
40 95
41 94
41 93
41 92
41 92
42 91
42 90
43 89
43 88
43 88
43 87
44 86
44 85
44 84
45 83
45 82
45 82
45 81
46 80
46 79
47 78
47 77
47 77
48 76
48 75
49 74
49 73
49 73
49 72
49 71
49 71
50 71
50 71
50 71
50 71
50 72
50 73
50 73
50 74
50 75
50 75
50 76
50 77
50 78
50 79
50 79
50 80
51 81
51 82
51 82
51 83
52 84
52 85
52 86
52 86
53 87
53 88
53 88
54 89
54 89
55 90
55 90
55 90
56 89
56 89
57 88
57 87
57 87
57 86
57 85
57 84
57 84
57 83
57 82
57 81
57 80
57 79
57 79
57 78
57 77
56 76
56 75
56 74
56 74
55 73
55 72
54 71
54 70
54 70
53 69
53 68
52 67
52 66
52 66
51 65
50 65
50 65
49 64
48 64
48 64
47 64
46 64
46 64
45 64
44 64
44 64
43 64
43 64
43 64
43 64
43 64
43 64
44 64
45 63
46 63
47 62
48 62
49 61
50 61
51 60
52 60
53 59
54 59
55 58
56 58
57 57
58 57
59 56
60 56
61 56
62 55
63 55
64 54
65 54
66 53
67 53
68 52
69 52
70 51
71 51
72 50
73 50
74 49
75 49
76 48
77 48
77 48
78 47
78 47
78 46
77 45
77 44
77 44
76 43
76 43
75 44
75 45
75 45
74 46
74 47
74 47
74 48
73 49
73 50
73 50
72 51
72 52
72 52
72 53
72 54
72 55
72 55
72 56
72 57
72 58
72 58
72 59
72 60
72 61
72 61
73 62
73 63
73 63
74 64
74 65
75 66
75 66
75 67
76 68
76 69
76 69
77 70
78 71
78 71
79 72
79 73
79 73
80 74
80 75
80 75
80 76
80 76
80 77
80 77
80 78
80 79
80 79
79 80
79 81
79 81
78 82
77 83
77 83
76 84
76 84
75 85
74 85
74 85
73 85
73 85
73 84
73 84
72 84
72 84
72 83
72 82
72 82
73 81
73 80
74 79
74 78
75 77
76 76
76 75
77 74
78 73
78 72
79 71
79 70
80 69
81 68
81 67
82 66
82 65
83 64
84 63
84 62
85 61
86 60
86 59
87 58
87 57
88 56
89 55
89 54
90 53
90 52
91 51
92 50
92 49
93 48
94 47
94 46
95 45
95 44
96 43
96 43
97 42
97 41
98 40
98 39
99 38
99 38
99 37
99 37
98 36
98 35
98 35
98 35
97 36
96 36
96 36
95 37
94 38
94 38
93 39
93 40
92 41
92 41
92 42
91 43
91 44
91 45
91 45
91 46
91 47
91 48
91 48
91 49
91 50
91 51
91 52
91 52
91 53
92 54
92 55
92 56
92 56
92 57
93 58
93 59
93 59
94 60
95 61
95 61
95 62
96 63
96 64
96 64
97 65
98 66
98 66
99 67
99 68
99 68
99 69
99 70
99 70
99 71
100 72
100 73
100 73
99 74
99 75
99 75
98 76
98 77
97 78
97 78
96 79
96 80
96 80
95 81
94 81
94 81
93 82
93 82
92 83
