11 0
11 1
12 2
12 3
12 4
12 4
11 5
11 5
10 5
10 5
10 6
10 7
10 8
10 9
10 10
10 11
10 12
10 12
10 13
10 14
10 15
10 16
11 17
11 18
11 19
11 20
11 21
11 21
11 22
11 23
11 24
11 25
11 26
11 27
11 28
11 29
11 30
11 31
11 32
11 32
11 33
11 34
11 35
11 36
11 37
11 38
11 39
11 40
11 41
11 42
11 43
11 44
11 45
11 46
11 46
11 47
11 48
11 49
11 50
11 51
11 52
11 53
11 54
11 55
11 56
11 57
11 58
11 59
11 59
11 60
11 61
11 62
11 63
11 64
10 65
10 66
10 67
10 68
10 69
10 70
10 71
10 71
10 72
10 73
10 74
10 75
10 76
9 77
9 78
9 79
9 80
9 81
9 82
9 82
9 83
9 84
9 85
8 86
8 87
8 88
8 89
8 90
8 90
8 91
8 92
7 93
7 94
7 95
7 95
7 96
7 97
7 98
7 99
7 99
7 100
7 100
7 100
6 99
6 99
6 98
5 97
5 96
5 95
5 95
5 94
5 93
4 92
4 91
4 90
4 89
4 89
4 88
3 87
3 86
3 85
3 84
2 83
2 82
2 82
2 81
2 80
1 79
1 78
1 77
1 76
1 75
0 74
0 73
0 72
0 72
0 71
0 70
0 69
0 68
0 67
0 66
0 65
0 64
0 63
0 62
0 61
0 61
0 60
0 59
0 58
0 57
0 56
0 55
0 54
0 53
0 52
0 51
0 50
0 49
0 48
0 48
0 47
0 46
0 45
0 44
0 43
0 42
1 41
1 40
1 39
1 38
1 37
1 36
1 35
1 34
1 34
1 33
1 32
2 31
2 30
2 29
2 28
2 27
3 26
3 25
3 24
3 23
3 22
4 21
4 20
4 19
4 19
5 18
5 17
6 16
6 15
7 14
7 13
8 12
8 12
9 12
10 11
11 11
12 10
13 10
13 10
14 10
15 10
16 11
17 11
18 11
18 11
19 12
20 13
21 14
22 15
22 15
23 16
23 17
24 18
24 19
25 20
25 21
26 22
26 22
26 23
27 24
27 25
27 26
27 27
28 28
28 29
28 29
28 30
28 31
29 32
29 33
29 34
29 35
29 35
29 36
29 37
29 38
29 39
29 40
29 40
29 41
29 42
29 43
29 44
29 45
29 45
28 46
28 47
27 48
27 49
27 49
26 50
26 51
25 52
25 53
25 53
24 54
23 55
22 56
21 57
21 57
20 58
19 59
19 60
18 61
18 61
17 62
16 62
15 63
15 63
14 64
13 64
13 64
12 63
11 63
11 63
10 62
9 61
9 61
9 60
9 59
9 59
9 58
9 58
9 58
10 58
10 58
11 59
12 60
12 60
13 61
13 62
14 63
14 63
14 64
15 65
15 66
16 67
16 68
16 68
17 69
18 70
19 71
20 72
20 72
21 73
22 74
23 75
24 76
24 76
25 77
26 78
27 78
28 79
28 79
29 80
30 80
31 81
32 81
33 82
33 82
34 82
35 83
36 83
37 84
38 84
38 84
39 84
40 85
41 85
42 85
42 85
43 85
44 85
45 85
46 85
46 85
47 85
48 85
49 85
49 85
50 85
51 84
52 84
52 84
53 83
54 83
54 83
54 82
54 81
54 80
55 79
55 78
55 77
55 76
55 75
55 74
55 73
56 72
56 71
56 70
56 69
56 69
56 68
55 67
55 66
55 65
54 64
54 63
54 62
53 61
53 60
53 60
52 59
52 59
51 58
51 58
51 58
51 59
51 60
51 61
51 61
51 62
51 63
51 64
51 65
51 66
51 66
51 67
51 68
51 69
51 70
51 70
51 71
51 72
51 73
51 73
52 74
52 74
53 74
54 74
54 74
55 73
56 72
56 72
57 71
57 70
58 69
58 69
58 68
59 67
59 66
59 65
59 65
59 64
60 63
60 62
60 61
60 61
60 60
59 59
59 58
59 57
59 57
58 56
58 55
57 54
57 53
57 53
56 52
55 51
55 51
54 50
53 50
53 50
52 51
51 52
51 52
50 53
50 54
49 55
49 55
49 56
48 57
48 58
48 59
48 59
48 60
48 61
48 62
48 62
49 61
50 60
51 59
52 58
53 58
54 57
55 56
56 55
57 54
58 53
59 52
60 51
61 51
62 50
63 49
64 48
65 47
66 46
67 45
68 44
69 44
70 43
71 42
72 41
73 40
73 40
74 40
75 40
76 40
77 40
78 40
78 40
78 41
78 41
77 40
77 40
77 41
77 42
77 42
76 43
75 44
75 44
75 45
74 46
74 47
73 48
73 49
73 49
73 50
72 51
72 52
71 53
71 54
71 54
71 55
71 56
71 57
71 57
71 58
71 59
71 60
71 60
72 61
72 62
72 62
73 63
74 64
74 64
75 65
75 65
76 66
77 66
77 66
78 67
78 67
78 68
78 69
78 69
78 70
78 71
78 71
78 72
77 73
77 74
77 74
77 75
76 76
76 77
76 78
76 78
75 79
75 80
75 80
74 81
74 81
74 81
74 80
74 79
74 79
74 78
75 77
75 76
75 75
76 74
76 73
77 72
77 71
77 70
78 69
78 68
78 67
79 66
79 65
79 65
79 64
80 63
80 62
80 61
81 60
81 59
81 58
82 57
82 56
82 55
83 54
83 53
83 52
84 51
84 50
84 50
84 49
84 48
85 47
85 46
85 45
85 45
85 44
86 43
86 42
86 42
87 42
87 42
87 43
87 43
87 44
87 45
87 45
87 46
87 47
86 48
86 49
86 50
86 50
86 51
85 52
85 53
85 54
85 54
85 55
85 56
85 57
85 57
86 58
86 59
86 59
87 60
88 61
88 61
89 61
90 62
91 62
91 62
92 63
93 63
94 64
94 64
95 65
96 65
97 66
97 66
98 67
98 68
98 68
99 69
100 70
100 70
99 71
99 72
99 72
98 73
98 74
98 74
97 75
96 76
95 77
