11 0
11 1
11 2
12 3
12 4
12 5
12 6
12 6
12 7
12 8
12 9
12 10
12 11
12 11
12 12
12 13
11 14
11 15
11 16
11 17
11 17
11 18
11 19
11 20
11 21
11 22
11 23
11 24
11 25
11 26
11 27
11 28
11 28
11 29
11 30
11 31
11 32
11 33
11 34
11 35
11 36
11 37
11 38
11 39
11 40
11 41
11 42
11 42
11 43
11 44
11 45
11 46
11 47
11 48
11 49
11 50
11 51
11 52
11 53
11 54
11 55
11 56
11 57
11 58
11 58
11 59
11 60
11 61
11 62
11 63
10 64
10 65
10 66
10 67
10 68
10 69
10 70
10 70
10 71
10 72
10 73
10 74
9 75
9 76
9 77
9 78
9 79
9 80
9 80
9 81
9 82
9 83
8 84
8 85
8 86
8 87
8 88
8 88
8 89
8 90
7 91
7 92
7 93
7 93
7 94
7 95
7 96
7 96
7 97
6 98
6 99
6 99
5 100
5 100
5 100
4 99
4 99
4 98
3 97
3 96
3 96
3 95
3 94
2 93
2 92
2 91
2 91
2 90
2 89
2 88
1 87
1 86
1 85
1 84
1 84
1 83
1 82
1 81
0 80
0 79
0 78
0 77
0 76
0 76
0 75
0 74
0 73
0 72
0 71
0 70
0 69
0 68
0 67
0 66
0 66
0 65
0 64
0 63
0 62
0 61
0 60
0 59
0 58
0 57
0 56
0 55
0 54
0 54
0 53
0 52
0 51
0 50
0 49
0 48
0 47
0 46
0 45
0 44
0 43
0 42
0 42
0 41
0 40
1 39
1 38
1 37
1 36
1 35
1 34
2 33
2 32
2 31
2 30
2 30
2 29
3 28
3 27
3 26
4 25
4 24
4 23
4 22
5 21
5 20
5 20
6 19
6 18
7 17
8 16
8 15
9 14
9 13
10 12
10 12
11 11
12 10
13 10
14 9
15 8
15 8
16 8
17 8
18 8
19 8
20 8
20 8
21 9
22 9
23 10
24 10
25 11
25 11
26 12
27 13
28 14
29 15
29 15
30 16
30 17
31 18
31 19
32 20
32 21
32 21
32 22
33 23
33 24
34 25
34 26
35 27
35 28
35 28
35 29
36 30
36 31
36 32
37 33
37 34
37 34
37 35
37 36
37 37
37 38
37 39
37 40
37 40
37 41
37 42
36 43
36 44
36 45
36 45
35 46
35 47
34 48
34 49
34 49
33 50
32 51
31 52
30 53
30 53
29 54
28 55
27 56
26 57
26 57
25 58
24 59
23 60
22 61
22 61
21 62
20 62
19 63
18 63
17 64
17 64
16 64
15 65
14 65
13 66
12 66
12 66
11 66
10 66
9 66
9 66
8 66
7 65
6 65
6 65
5 64
5 64
5 63
5 62
5 61
5 61
6 60
6 59
6 59
7 59
8 59
8 59
9 60
10 60
10 60
11 61
12 62
12 63
13 64
13 64
14 65
15 66
15 67
16 68
16 68
17 69
18 70
18 71
19 72
20 73
20 73
21 74
21 75
22 76
23 77
23 78
24 79
24 79
25 80
26 81
27 82
28 83
29 84
29 84
30 85
31 86
32 86
33 87
34 88
34 88
35 89
36 89
37 90
38 90
39 91
39 91
40 92
41 92
42 93
43 93
43 93
44 93
45 94
46 94
47 94
47 94
48 94
49 94
49 94
50 93
51 93
51 93
52 92
53 91
53 91
54 90
55 89
55 89
55 88
56 87
56 86
56 86
56 85
56 84
57 83
57 82
57 81
57 81
57 80
57 79
57 78
57 77
57 76
57 76
57 75
57 74
57 73
57 72
57 71
57 71
57 70
56 69
56 68
56 68
56 67
56 66
56 65
56 65
55 64
55 64
54 64
54 64
54 65
54 66
54 66
54 67
53 68
53 69
53 70
53 70
53 71
53 72
53 73
53 74
53 74
53 75
54 76
54 77
54 78
54 78
55 79
55 79
56 79
56 79
57 78
58 78
58 78
59 77
59 76
60 75
60 75
60 74
61 73
61 72
61 72
61 71
62 70
62 69
62 69
62 68
61 67
61 66
61 66
60 65
59 64
58 63
58 63
57 63
56 62
55 62
55 62
54 62
53 61
52 61
52 61
51 62
50 63
49 63
48 64
48 64
48 65
47 66
47 67
47 68
47 68
47 69
46 70
46 71
46 72
46 72
47 71
48 71
49 70
50 70
51 69
52 68
53 68
54 67
55 66
56 66
57 65
58 65
59 64
60 63
61 63
62 62
63 61
64 61
65 60
66 60
67 59
68 58
69 58
70 57
71 56
72 56
73 55
74 55
75 54
75 54
76 53
77 52
78 51
78 51
79 51
79 51
78 51
78 51
77 52
77 53
77 53
76 54
76 55
75 56
75 56
74 57
73 58
72 59
72 59
71 60
71 61
70 62
70 63
69 64
69 64
68 65
68 66
67 67
67 67
66 68
66 69
66 69
65 70
65 71
65 71
66 72
67 72
67 72
68 72
69 73
70 73
70 73
71 73
72 73
73 73
74 73
75 73
75 73
76 73
77 73
78 74
79 74
80 74
80 74
81 75
82 75
83 76
83 76
84 77
85 78
85 78
85 79
85 80
85 81
85 81
84 82
83 83
83 84
82 85
82 85
81 86
80 87
80 88
79 89
78 90
78 90
77 91
76 92
75 92
74 93
74 93
73 94
72 94
71 95
70 95
70 95
69 96
68 97
68 97
69 96
69 95
70 94
71 93
72 92
72 91
73 90
74 89
75 88
75 87
76 86
77 85
77 84
78 83
79 82
80 81
80 80
81 79
82 78
83 77
83 76
84 75
85 74
85 73
86 72
87 71
88 70
88 69
89 68
90 67
91 66
91 65
92 64
93 63
93 62
94 61
95 60
96 59
96 58
97 57
98 56
99 55
99 54
100 53
100 53
100 54
100 55
99 56
99 57
99 58
99 58
98 58
97 59
96 59
95 59
95 59
94 59
93 59
92 59
92 59
92 60
91 61
91 62
90 63
90 64
90 64
90 65
89 66
89 67
88 68
88 69
88 69
88 70
88 71
88 72
88 73
88 74
88 74
88 75
88 76
88 77
88 77
89 78
89 79
90 80
90 80
91 81
91 82
92 83
92 83
93 84
94 85
95 86
95 86
96 87
97 88
97 88
98 89
98 90
98 90
98 91
98 92
98 92
97 93
97 94
96 95
96 95
95 96
94 97
93 98
93 98
92 99
91 99
90 100
