7 27
7 26
7 26
7 25
7 25
7 25
7 25
8 25
8 25
8 26
8 27
8 27
8 28
8 28
8 29
9 30
9 31
9 31
10 32
10 33
11 34
11 34
11 35
11 36
12 37
12 38
12 39
12 40
12 40
12 41
13 42
13 43
13 44
13 45
14 46
14 47
14 47
14 48
14 49
15 50
15 51
15 52
15 53
16 54
16 55
16 56
16 56
16 57
16 58
16 59
16 60
17 61
17 62
17 63
17 64
17 65
17 65
17 66
18 67
18 68
18 69
18 70
19 71
19 72
19 73
19 73
19 74
19 75
19 76
20 77
20 78
20 79
20 80
20 80
20 81
21 82
21 83
21 84
22 85
22 86
22 86
22 87
23 88
23 89
23 90
23 90
23 91
24 92
24 93
24 94
24 94
24 95
24 96
24 97
24 98
24 98
24 99
24 100
24 100
23 100
23 100
23 100
22 100
22 100
21 99
21 98
20 97
20 97
20 96
19 95
19 94
19 93
19 93
19 92
18 91
18 90
18 89
17 88
17 87
17 87
17 86
16 85
16 84
16 83
16 82
15 81
15 80
15 80
15 79
14 78
14 77
14 76
14 75
13 74
13 73
13 73
13 72
12 71
12 70
11 69
11 68
11 67
10 66
10 65
10 65
10 64
9 63
9 62
9 61
9 60
8 59
8 58
8 57
8 57
8 56
7 55
7 54
7 53
7 52
6 51
6 50
6 50
6 49
5 48
5 47
5 46
4 45
4 44
4 44
4 43
3 42
3 41
3 40
2 39
2 38
2 38
2 37
2 36
1 35
1 34
1 33
1 33
1 32
0 31
0 30
0 29
0 29
0 28
0 27
0 26
0 25
0 25
0 24
0 23
0 22
0 21
0 21
0 20
0 19
0 18
0 17
0 17
1 16
1 15
2 14
2 14
3 13
3 12
4 11
4 10
4 10
5 9
6 8
6 7
7 6
7 6
8 5
9 5
10 4
10 4
11 3
12 3
13 2
14 2
14 2
15 2
16 1
17 1
18 1
18 1
19 1
20 1
21 0
22 0
23 0
23 0
24 0
25 0
26 1
27 1
28 1
28 1
29 1
30 2
31 2
32 2
32 2
33 3
33 4
34 5
34 6
34 6
34 7
34 8
35 9
35 10
35 11
35 12
35 12
35 13
35 14
35 15
35 16
35 17
35 18
35 19
35 19
35 20
34 21
34 22
34 23
34 24
33 25
33 26
33 27
33 27
33 28
32 29
32 30
32 31
32 32
31 33
31 34
31 35
31 35
31 36
30 37
30 38
29 39
29 40
29 41
28 42
28 43
28 43
28 44
27 45
27 46
27 47
26 48
26 49
26 49
25 50
25 51
24 52
24 53
23 54
23 55
23 55
22 56
22 57
21 58
21 58
20 59
20 60
20 60
20 61
20 61
20 62
20 62
21 63
21 63
22 64
22 64
23 65
24 66
24 66
25 67
26 67
27 68
27 68
28 69
29 70
29 71
30 72
30 72
31 73
32 74
33 75
34 76
34 76
35 77
36 78
37 79
38 80
38 80
38 79
39 78
39 77
40 76
40 75
40 74
41 73
41 72
42 71
42 70
42 69
43 68
43 67
44 66
44 65
44 64
45 63
45 62
46 61
46 60
46 59
47 58
47 57
48 56
48 55
48 54
49 53
49 52
50 51
50 50
50 49
51 48
51 47
52 46
52 45
52 44
53 43
53 42
54 41
54 40
54 40
55 39
55 39
55 38
55 37
55 37
55 36
55 36
55 37
55 37
55 37
55 38
55 39
55 40
55 40
55 41
54 42
54 43
54 44
54 44
54 45
54 46
54 47
54 48
54 49
54 49
54 50
54 51
54 52
54 53
54 54
54 54
54 55
55 56
55 57
55 57
55 58
56 59
56 60
56 60
57 61
58 61
58 61
59 62
59 62
60 62
60 62
61 61
62 61
62 61
63 60
63 59
63 59
63 58
64 57
64 56
64 56
64 55
64 54
64 53
64 53
64 52
63 51
63 50
63 49
63 49
63 48
62 47
62 46
62 46
62 45
61 44
61 43
61 43
60 42
59 41
59 41
58 40
57 40
57 40
56 40
56 40
57 39
58 39
59 38
60 37
61 37
62 36
63 36
64 35
65 34
66 34
67 33
68 32
69 32
70 31
71 31
72 30
72 30
72 29
72 28
72 28
72 27
72 27
72 26
72 26
72 26
72 26
72 26
71 26
71 26
71 27
71 28
71 28
71 29
70 30
70 31
70 31
70 32
70 33
70 34
70 34
71 35
71 36
71 36
72 37
72 37
73 38
73 38
74 39
75 40
75 40
76 40
77 40
77 40
78 41
79 41
79 41
80 42
81 42
81 42
82 43
83 43
83 43
83 44
83 44
83 45
83 45
83 46
83 46
82 47
81 48
81 48
81 49
80 50
80 51
80 51
79 52
79 52
78 52
78 52
78 52
78 51
78 51
78 50
79 49
79 48
80 47
80 46
80 45
81 44
81 43
82 42
82 41
82 40
83 39
83 38
83 37
84 36
84 35
85 34
85 33
85 33
85 32
86 31
86 30
87 29
87 28
88 27
88 26
89 25
89 24
89 24
90 23
90 22
90 22
90 21
90 21
90 21
90 21
90 22
90 22
89 23
89 23
89 24
88 25
88 26
88 26
87 27
87 28
87 28
87 29
87 30
87 30
88 31
88 32
88 32
89 33
89 33
90 34
91 35
91 35
92 36
93 36
94 37
94 37
95 38
96 38
97 39
97 39
98 40
99 41
99 41
100 42
100 43
100 43
100 44
99 45
99 46
99 46
98 47
98 48
97 49
97 50
