2 10
2 9
2 8
2 8
1 8
1 8
1 9
1 9
1 10
1 11
2 12
2 13
2 14
2 15
2 15
2 16
3 17
3 18
3 19
3 20
4 21
4 22
4 23
4 23
4 24
4 25
4 26
4 27
4 28
5 29
5 30
5 31
5 32
5 33
5 34
5 34
5 35
5 36
5 37
5 38
5 39
6 40
6 41
6 42
6 43
6 44
6 45
6 46
6 46
6 47
6 48
6 49
6 50
6 51
6 52
6 53
6 54
6 55
6 56
6 57
6 58
6 59
6 60
6 60
6 61
6 62
6 63
6 64
6 65
6 66
6 67
6 68
6 69
6 70
6 71
6 72
6 73
6 74
6 74
6 75
6 76
6 77
6 78
6 79
6 80
6 81
6 82
6 83
6 84
6 85
6 86
6 86
6 87
6 88
6 89
6 90
6 91
6 92
6 92
6 93
7 94
7 95
7 95
7 94
7 93
7 92
7 91
7 90
6 89
6 88
6 87
6 86
6 85
6 84
6 83
6 82
6 81
6 80
6 79
5 78
5 77
5 76
5 75
5 74
5 73
5 72
5 71
5 70
5 69
5 68
4 67
4 66
4 65
4 64
4 63
4 62
4 61
4 60
4 59
4 58
4 57
3 56
3 55
3 54
3 53
3 52
3 51
3 50
3 49
3 48
3 47
3 46
2 45
2 44
2 43
2 42
2 41
2 40
2 39
2 38
2 37
2 36
2 35
1 34
1 33
1 32
1 31
1 30
1 29
1 28
1 27
1 26
1 25
1 24
0 23
0 22
0 21
0 20
0 19
0 18
0 18
0 17
1 16
1 15
2 14
2 13
2 12
3 11
3 10
3 9
4 8
4 7
5 6
5 5
5 5
5 4
5 3
5 2
5 2
6 1
7 0
7 0
8 1
9 1
9 1
10 1
11 2
12 2
13 2
13 2
14 2
15 3
16 3
16 3
17 3
18 4
19 4
20 4
20 4
21 5
22 5
23 6
23 6
24 7
25 8
25 8
26 9
27 10
27 10
27 11
27 12
27 13
27 14
27 14
27 15
27 16
27 17
27 18
27 19
27 19
27 20
26 21
26 22
25 23
25 24
25 24
24 25
24 26
23 27
23 28
22 29
22 29
21 30
21 31
20 32
20 33
19 34
19 34
18 35
17 36
16 37
15 38
15 38
14 39
13 39
12 40
12 40
11 41
11 42
10 43
10 43
9 44
9 45
8 46
8 46
8 47
8 48
8 49
8 50
8 50
8 51
8 52
9 53
9 54
9 55
9 55
9 56
9 57
10 58
10 59
10 60
10 60
11 61
11 62
12 63
13 64
13 65
14 66
14 66
15 67
15 68
16 69
16 70
17 71
17 72
18 73
18 74
18 74
19 75
20 76
21 77
21 78
22 79
23 80
24 81
24 81
25 82
26 83
27 84
27 85
28 86
29 87
30 88
30 88
31 89
32 89
33 90
34 91
35 91
36 92
36 92
37 91
38 90
39 89
40 88
41 87
42 86
43 85
44 84
45 83
46 82
47 81
48 80
49 80
50 79
51 78
52 77
53 76
54 75
55 74
56 73
57 72
58 71
59 70
60 69
60 69
59 70
58 71
58 71
57 71
56 72
55 72
55 72
54 73
53 73
53 73
52 74
52 75
51 76
51 76
51 77
50 78
50 79
50 80
50 80
50 81
50 82
50 83
50 84
50 85
50 85
50 86
51 87
51 88
51 89
51 89
51 90
52 91
52 92
52 92
53 93
53 94
54 95
54 95
55 96
56 97
56 97
57 96
57 96
58 95
58 94
59 93
59 93
60 92
61 91
61 90
62 89
62 89
62 88
63 87
63 86
64 85
64 84
64 84
64 83
64 82
65 81
65 80
65 79
65 79
65 78
65 77
65 76
65 75
65 75
65 74
65 73
65 72
65 71
65 71
64 70
64 69
63 68
63 68
62 67
61 67
60 66
60 66
59 66
58 67
57 67
57 67
56 68
55 69
54 70
54 70
53 71
53 72
52 73
52 74
52 74
53 74
54 74
55 73
56 73
57 73
58 73
59 73
60 73
61 72
62 72
63 72
64 72
65 72
66 72
67 71
68 71
69 71
70 71
71 71
72 70
73 70
74 70
75 70
76 70
77 70
78 69
79 69
80 69
81 69
82 69
83 69
84 68
85 68
86 68
86 68
85 67
84 67
83 66
83 66
82 65
82 64
81 63
81 62
81 62
80 62
79 62
79 62
78 63
78 64
78 64
78 65
77 66
77 67
77 68
77 68
76 69
76 70
75 71
75 72
75 72
75 73
75 74
75 75
75 75
75 76
75 77
75 78
75 78
76 79
76 80
76 80
76 81
77 82
77 83
77 83
78 84
78 84
79 85
80 86
80 86
81 87
81 87
82 88
83 89
83 89
83 90
83 90
83 91
83 91
82 92
82 93
82 93
81 94
81 95
81 95
80 96
79 96
78 97
78 97
77 98
76 98
76 98
77 97
78 96
78 95
79 94
80 93
81 92
81 91
82 90
83 89
84 88
84 87
85 86
86 85
87 84
87 83
88 82
89 81
90 80
90 79
91 78
92 77
93 76
93 75
94 74
95 73
96 72
96 71
97 70
97 70
97 69
97 69
96 69
95 68
94 68
94 68
93 67
92 67
92 67
91 67
91 67
90 68
89 69
89 69
88 70
88 71
88 71
88 72
88 73
88 73
88 74
88 75
88 75
88 76
88 76
89 77
89 77
90 77
91 78
92 78
92 78
93 79
94 79
95 80
95 80
96 81
97 81
98 82
98 82
99 83
99 84
99 84
100 85
100 86
100 86
100 87
99 88
99 89
99 89
98 90
98 91
97 92
97 93
97 93
96 94
95 95
95 96
94 97
94 97
93 98
92 99
91 99
90 100
