0 7
0 6
1 5
1 4
1 4
0 3
0 2
0 2
0 1
0 1
0 2
0 2
1 3
1 4
1 4
1 5
2 6
2 7
2 8
2 8
2 9
2 10
2 11
3 12
3 13
3 14
3 15
3 15
3 16
3 17
3 18
3 19
3 20
3 21
3 22
3 23
3 24
3 25
3 25
3 26
3 27
3 28
3 29
3 30
4 31
4 32
4 33
4 34
4 35
4 36
4 37
4 37
4 38
4 39
4 40
4 41
4 42
4 43
5 44
5 45
5 46
5 47
5 48
5 49
5 50
5 51
5 51
5 52
5 53
5 54
5 55
5 56
5 57
5 58
5 59
5 60
5 61
5 62
5 63
5 64
5 65
5 66
5 66
5 67
5 68
5 69
5 70
5 71
5 72
5 73
5 74
5 75
5 76
5 77
5 78
5 79
5 80
5 80
5 81
5 82
5 83
5 84
5 85
5 86
5 87
5 88
5 89
5 90
5 91
5 92
5 92
5 93
5 94
5 95
5 96
5 97
5 97
4 98
4 99
4 99
4 100
4 100
4 100
4 100
4 99
4 98
4 97
4 96
4 95
4 94
4 93
4 92
4 91
4 90
4 89
4 88
4 87
4 86
4 85
4 84
4 83
4 82
4 81
4 80
4 79
4 78
4 77
4 76
4 75
4 74
4 73
4 72
4 71
4 70
4 69
4 68
4 67
4 66
4 65
4 64
4 63
4 62
4 61
4 60
4 59
4 58
4 57
4 56
4 55
4 54
4 53
4 52
4 51
4 50
4 49
4 48
4 47
4 46
4 45
4 44
4 43
4 42
4 41
4 40
4 39
4 38
4 37
4 36
4 35
4 34
4 33
4 32
4 31
4 30
4 29
4 28
4 27
4 26
4 25
4 24
4 23
4 23
3 24
3 24
2 23
2 23
2 22
2 22
3 21
3 20
3 20
3 19
4 18
4 17
4 16
4 16
5 15
5 14
6 13
6 12
6 12
7 11
8 10
8 9
9 8
9 8
10 7
11 6
11 5
12 4
12 4
13 3
14 2
15 1
15 1
16 0
17 0
17 0
18 1
19 1
20 2
20 2
21 3
21 4
22 5
22 5
22 6
22 7
23 8
23 9
23 10
23 10
23 11
23 12
24 13
24 14
24 15
24 16
24 16
24 17
24 18
24 19
24 20
24 21
24 22
24 23
24 24
24 24
24 25
24 26
24 27
24 28
23 29
23 30
23 31
23 32
23 33
23 33
23 34
23 35
22 36
22 37
22 38
22 39
22 40
21 41
21 42
21 43
21 43
21 44
21 45
20 46
20 47
20 48
20 49
19 50
19 51
19 52
19 52
19 53
18 54
18 55
18 56
18 57
17 58
17 59
17 59
16 60
16 61
15 62
15 63
14 64
14 64
13 65
12 66
11 67
11 67
10 68
9 69
9 69
8 69
8 69
7 69
7 69
7 68
6 67
6 66
6 66
6 65
6 64
6 64
6 63
6 62
6 61
6 61
7 60
7 59
7 59
8 58
8 57
8 57
8 56
8 56
9 55
9 55
9 55
10 54
10 54
11 53
11 53
11 52
11 52
12 51
12 51
12 51
12 51
12 51
12 51
12 51
12 52
12 53
12 53
13 54
13 55
13 55
13 56
14 57
14 58
15 59
15 60
15 60
15 61
16 62
16 63
17 64
17 65
17 65
17 66
18 67
18 68
19 69
19 70
20 71
20 72
20 72
20 73
21 74
21 75
21 76
21 77
22 78
22 79
22 79
22 80
23 81
23 82
24 83
24 84
24 84
25 85
26 86
26 87
27 88
27 88
28 89
28 90
29 91
29 91
30 92
31 93
31 93
32 94
32 94
33 94
33 94
34 95
34 95
34 95
35 95
35 95
35 95
35 95
36 95
36 95
37 94
37 94
37 93
38 92
38 91
38 91
38 90
39 89
39 88
39 88
40 87
40 86
41 85
41 85
42 84
42 83
43 82
43 81
43 81
43 80
43 79
44 78
44 77
44 76
44 76
45 75
45 74
45 74
46 74
46 74
46 74
46 74
46 74
47 75
47 75
47 76
47 77
47 77
48 78
49 79
49 79
49 80
50 81
50 82
50 82
50 83
51 84
51 85
51 85
52 86
52 86
53 86
53 86
54 86
54 86
55 85
55 85
56 84
56 83
57 82
57 82
58 81
58 80
59 79
59 79
59 78
59 77
60 76
60 75
60 74
60 74
60 73
61 72
61 71
61 70
61 70
61 69
61 68
60 67
60 66
60 65
60 65
59 64
59 63
58 62
58 61
58 61
57 60
56 59
55 58
55 58
54 57
53 57
52 56
51 56
51 56
50 56
49 56
48 56
47 56
47 56
46 56
45 57
44 57
43 57
43 57
42 58
41 58
40 59
40 59
39 60
38 61
38 61
37 62
37 62
36 63
36 63
36 63
37 63
37 63
37 63
38 63
39 63
39 63
40 62
41 62
42 61
43 61
44 60
45 60
46 59
47 59
48 58
49 58
50 57
51 57
52 56
53 56
54 55
55 55
56 54
57 54
58 53
59 53
60 52
61 52
62 51
63 51
64 50
65 50
66 49
67 49
68 48
69 48
70 47
71 47
72 46
72 46
72 45
73 44
73 43
73 43
73 42
73 41
73 41
73 40
72 39
72 38
72 38
72 38
71 39
71 40
71 40
71 41
71 42
71 42
70 43
70 44
70 44
70 45
71 46
71 47
71 47
71 48
71 49
71 50
71 51
71 51
71 52
72 53
72 54
72 55
72 55
73 56
73 57
74 58
74 58
75 59
75 60
76 61
76 61
77 62
77 63
78 64
78 64
79 65
79 66
79 66
79 67
80 68
80 69
80 69
80 70
80 71
80 71
79 72
79 73
79 73
78 74
78 75
78 75
77 76
77 76
76 77
75 77
75 77
74 78
73 78
73 78
72 77
72 77
71 76
71 76
71 75
71 75
71 74
71 73
71 73
71 72
71 71
71 70
71 70
72 69
72 68
73 67
74 66
75 65
75 64
76 63
77 62
78 61
78 60
79 59
80 58
81 57
81 56
82 55
83 54
83 53
84 52
85 51
86 50
86 49
87 48
88 47
89 46
89 45
90 44
90 44
91 43
92 42
93 42
94 41
94 41
94 40
94 39
94 39
94 38
94 38
93 38
93 38
92 39
92 40
92 40
91 41
91 42
91 42
90 43
90 44
89 45
89 45
89 46
88 47
88 48
88 48
88 49
88 50
88 51
88 52
88 52
88 53
88 54
88 55
88 55
89 56
89 57
90 58
90 58
91 59
91 60
91 60
92 61
93 62
93 62
94 62
95 63
96 63
96 63
97 64
98 65
98 65
99 66
99 66
100 67
100 68
100 68
99 69
99 70
99 70
98 71
98 72
98 72
97 73
97 74
97 74
96 75
96 76
95 77
95 77
94 77
93 78
92 78
92 78
91 79
90 79
90 79
89 79
88 79
