1 2
1 2
0 1
0 0
0 0
0 1
0 1
0 2
0 3
0 3
0 4
1 5
1 6
1 7
1 8
2 9
2 10
2 10
2 11
2 12
3 13
3 14
3 15
3 16
3 17
4 18
4 19
4 20
4 20
4 21
4 22
4 23
4 24
4 25
4 26
5 27
5 28
5 29
5 30
5 31
5 32
5 33
5 34
5 34
5 35
5 36
5 37
6 38
6 39
6 40
6 41
6 42
6 43
6 44
6 45
7 46
7 47
7 48
7 49
7 49
7 50
7 51
7 52
8 53
8 54
8 55
8 56
8 57
8 58
8 59
8 60
9 61
9 62
9 63
9 64
9 65
9 65
9 66
9 67
9 68
9 69
9 70
9 71
9 72
9 73
9 74
9 75
9 76
9 77
9 78
9 79
9 79
9 80
9 81
9 82
9 83
9 84
9 85
9 86
9 87
9 88
9 89
9 90
9 90
9 91
9 92
9 93
8 94
8 95
8 96
8 97
8 97
8 98
8 99
8 100
8 100
8 100
8 99
8 98
8 97
8 96
8 95
8 94
8 93
8 92
7 91
7 90
7 89
7 88
7 87
7 86
7 85
7 84
7 83
7 82
7 81
7 80
7 79
7 78
7 77
7 76
6 75
6 74
6 73
6 72
6 71
6 70
6 69
6 68
6 67
6 66
6 65
6 64
6 63
6 62
6 61
6 60
5 59
5 58
5 57
5 56
5 55
5 54
5 53
5 52
5 51
5 50
5 49
5 48
5 47
5 46
5 45
5 44
4 43
4 42
4 41
4 40
4 39
4 38
4 37
4 36
4 35
4 34
4 33
4 32
4 31
4 30
4 29
4 28
3 27
3 26
3 25
3 24
3 23
3 22
3 21
3 20
3 19
3 19
4 18
5 17
6 16
7 15
8 14
8 14
9 13
9 13
10 13
11 12
12 12
12 12
13 12
14 13
15 13
15 13
16 13
17 14
18 14
19 15
20 15
20 15
21 16
22 17
23 17
24 18
24 18
25 19
26 20
27 20
28 21
29 22
29 22
30 23
30 24
31 25
31 26
32 27
32 27
33 28
33 29
34 30
34 31
34 31
35 32
35 33
36 34
36 35
36 35
36 36
35 37
35 38
35 39
35 39
34 40
34 41
33 42
33 43
33 43
32 44
32 45
31 46
31 47
30 48
30 48
29 49
28 50
27 51
26 52
26 52
25 53
24 54
24 55
23 56
22 57
22 57
21 57
20 58
19 58
18 59
17 59
17 59
16 60
15 61
15 61
14 60
13 60
13 60
12 59
11 59
11 59
10 58
10 57
10 57
10 56
9 55
9 54
9 54
9 53
9 52
9 51
9 51
9 50
9 49
9 49
9 49
9 49
10 50
10 50
11 51
12 52
12 52
13 53
14 54
14 54
15 55
16 55
16 55
17 56
18 56
19 57
20 57
20 57
21 57
22 58
23 58
24 58
24 58
25 59
26 59
27 60
28 60
29 61
29 61
30 62
31 63
32 63
33 64
34 65
34 65
35 66
36 66
37 67
38 68
39 68
40 69
40 69
41 70
42 71
43 71
44 72
44 72
45 73
46 74
47 74
48 75
48 75
49 75
50 76
51 76
51 76
52 76
53 76
53 76
54 76
54 76
55 76
55 76
55 76
55 75
54 74
54 73
53 72
53 71
52 70
52 69
51 68
51 67
50 66
50 65
49 64
49 63
48 62
48 61
47 60
47 59
47 59
48 59
49 58
50 58
50 58
51 57
51 56
51 56
51 56
52 57
53 57
53 57
54 58
54 59
55 60
55 60
56 61
56 62
57 63
57 63
58 64
58 65
59 66
59 67
59 67
60 68
61 68
61 68
62 67
63 67
63 67
64 66
64 66
64 65
65 64
65 63
65 63
65 62
66 61
66 60
66 60
66 59
66 58
66 57
66 57
66 56
65 55
65 54
65 54
65 53
64 52
64 51
64 51
63 50
62 49
62 49
61 49
60 49
60 49
59 50
59 51
58 52
58 52
57 53
56 54
55 55
55 55
55 56
54 57
54 58
54 59
54 59
55 58
56 57
57 57
58 56
59 55
60 54
61 53
62 53
63 52
64 51
65 50
66 50
67 49
68 48
69 47
70 46
71 46
72 45
73 44
74 43
75 42
76 42
77 41
78 40
79 39
80 39
81 38
82 37
82 37
83 38
84 38
84 38
83 37
82 37
82 37
81 38
80 39
80 39
79 40
79 41
78 42
78 42
77 43
77 44
76 45
76 46
75 47
75 47
75 48
75 49
74 50
74 51
74 52
74 52
74 53
73 54
73 55
73 55
73 56
73 57
73 58
73 58
74 59
74 59
75 59
76 59
76 59
77 60
78 60
78 60
79 60
80 60
81 60
81 60
82 60
83 60
83 60
84 61
85 61
85 61
86 62
86 63
86 63
86 64
86 65
86 65
86 66
86 67
86 68
86 68
85 69
84 70
84 70
83 71
83 72
83 72
82 73
82 73
81 73
81 73
80 72
80 72
80 71
80 70
80 70
80 69
80 68
81 67
81 66
81 65
81 64
82 63
82 62
82 61
82 60
82 59
83 58
83 57
83 56
83 55
83 54
84 53
84 52
84 51
84 50
85 49
85 48
85 47
85 47
86 46
87 45
88 44
88 43
89 42
90 41
90 41
91 40
91 40
91 40
91 41
91 41
90 42
90 43
90 43
89 44
89 45
88 46
88 47
88 47
88 48
87 49
87 50
87 50
87 51
87 52
87 52
88 53
88 54
88 54
89 55
90 55
90 55
91 55
92 55
92 55
93 55
94 56
95 56
95 56
96 57
97 57
97 57
98 58
99 59
99 59
100 60
100 61
100 61
100 62
99 63
99 64
99 64
99 65
98 66
98 67
98 67
98 68
97 69
97 70
97 70
96 71
95 72
95 72
94 73
93 73
