0 5
1 4
1 3
1 3
0 2
0 2
0 1
0 1
0 0
0 0
0 1
0 1
1 1
1 1
1 2
2 3
2 4
2 4
2 5
3 6
3 7
3 8
3 8
3 9
3 10
4 11
4 12
4 13
4 14
4 14
4 15
5 16
5 17
5 18
5 19
6 20
6 21
6 22
6 22
6 23
6 24
6 25
6 26
7 27
7 28
7 29
7 30
7 31
7 32
7 32
7 33
7 34
7 35
7 36
7 37
8 38
8 39
8 40
8 41
8 42
8 43
8 43
8 44
8 45
8 46
8 47
8 48
8 49
9 50
9 51
9 52
9 53
9 54
9 55
9 56
9 56
9 57
9 58
9 59
9 60
9 61
9 62
9 63
9 64
9 65
9 66
9 67
9 68
9 68
9 69
9 70
9 71
9 72
9 73
9 74
9 75
9 76
9 77
9 78
9 79
9 80
9 80
9 81
9 82
9 83
9 84
9 85
9 86
9 87
9 88
9 89
9 89
9 90
9 91
9 92
9 93
9 94
9 95
9 96
9 96
9 97
8 98
8 99
8 100
8 100
8 100
8 100
8 99
8 99
8 98
8 97
8 96
8 95
8 94
8 93
8 92
8 91
8 90
8 89
8 88
8 87
8 86
8 85
8 84
8 83
8 82
8 81
8 80
8 79
8 78
8 77
8 76
8 75
8 74
8 73
8 72
8 71
8 70
8 69
8 68
8 67
8 66
8 65
9 64
9 63
9 62
9 61
9 60
9 59
9 58
9 57
9 56
9 55
9 54
9 53
9 52
9 51
9 50
9 49
9 48
9 47
9 46
9 45
9 44
9 43
9 42
9 41
9 40
9 39
9 38
9 37
9 36
9 35
9 34
9 33
9 32
9 31
9 30
9 29
9 29
9 28
9 27
9 26
10 25
10 24
10 23
10 22
10 21
10 20
10 19
10 18
11 17
11 16
11 15
11 14
11 14
11 13
11 12
11 11
11 10
11 9
11 8
11 8
12 7
13 6
13 6
14 6
15 5
16 5
16 5
17 5
18 6
19 6
19 6
20 7
21 7
22 8
22 8
23 9
24 10
25 11
25 11
26 12
27 12
28 13
28 13
28 14
29 15
29 16
30 17
30 18
30 18
31 19
31 20
32 21
32 22
32 22
32 23
33 24
33 25
33 26
34 27
34 28
34 28
34 29
34 30
34 31
34 32
34 33
34 33
34 34
34 35
34 36
34 37
34 38
34 39
34 39
34 40
33 41
33 42
33 43
33 43
32 44
32 45
31 46
31 47
30 48
30 48
29 49
28 50
27 51
27 51
26 52
25 53
24 54
24 54
23 55
22 56
21 56
20 57
20 57
19 58
18 58
17 59
17 59
16 60
15 60
15 60
14 60
14 60
14 59
14 58
14 58
14 57
14 56
14 55
14 55
14 54
15 53
15 52
15 52
16 51
16 50
16 50
17 49
17 49
18 50
18 50
19 51
19 51
20 52
21 53
21 53
22 54
23 55
23 55
24 56
24 57
25 58
25 58
26 59
27 59
28 60
28 60
29 61
30 62
31 62
32 63
32 63
33 64
34 65
34 66
35 67
35 67
36 68
37 69
38 69
39 70
40 71
40 71
41 72
42 73
42 74
43 75
43 75
44 76
45 77
45 77
46 78
47 79
47 79
48 80
48 80
49 80
49 80
49 79
49 79
50 78
50 77
50 77
51 76
51 75
51 75
51 74
52 73
52 72
52 72
52 71
52 70
52 69
52 68
52 68
52 67
53 66
53 65
53 64
53 64
53 63
54 62
54 61
54 60
54 60
54 59
54 58
54 57
54 57
55 56
55 56
55 56
56 57
56 58
56 58
56 59
56 60
56 60
56 61
56 62
56 63
56 64
56 64
56 65
56 66
56 66
57 67
57 68
57 68
58 68
58 68
59 67
59 67
60 66
60 66
60 65
61 64
61 63
61 63
61 62
62 61
62 60
62 60
62 59
62 58
62 57
62 57
62 56
62 55
62 55
61 54
61 53
60 52
60 52
59 51
58 51
58 51
57 51
56 52
55 52
55 52
54 53
53 54
52 55
52 55
52 56
51 57
51 58
51 58
52 57
53 57
54 56
55 56
56 55
57 54
58 54
59 53
60 53
61 52
62 51
63 51
64 50
65 49
66 49
67 48
68 48
69 47
70 46
71 46
72 45
73 45
74 44
75 43
76 43
77 42
78 42
79 41
79 41
80 41
81 41
81 41
80 41
80 41
79 42
78 42
78 42
77 43
76 44
76 44
75 45
75 46
74 47
74 47
74 48
73 49
73 50
73 50
72 51
72 52
71 53
71 53
71 54
71 55
71 55
71 56
71 57
71 57
72 58
72 58
73 59
74 59
74 59
75 59
76 59
76 59
77 60
78 60
78 60
79 61
80 61
80 61
81 62
81 63
81 63
81 64
81 65
81 65
80 66
80 67
80 67
80 68
79 69
79 70
79 70
78 71
78 72
77 73
77 73
76 74
75 75
75 75
75 75
74 75
74 75
74 74
75 73
75 72
76 71
76 70
77 69
77 68
78 67
78 66
79 65
79 64
80 63
80 62
80 61
81 60
81 59
82 58
82 57
83 56
83 55
84 54
84 53
85 52
85 51
85 51
86 50
87 50
88 49
89 48
90 47
91 47
92 46
92 46
93 45
93 45
93 46
93 46
93 47
93 47
92 48
92 49
92 49
91 50
90 51
90 51
90 52
89 53
89 54
89 54
88 55
88 56
88 56
88 57
88 57
89 58
89 58
90 59
90 59
91 60
92 60
92 60
93 61
94 61
95 62
95 62
96 63
97 64
97 64
98 65
99 66
99 66
100 67
100 68
100 68
100 69
99 70
99 71
99 71
98 72
98 72
97 73
96 74
96 74
95 75
94 75
