0 3
0 3
0 2
0 2
0 2
0 2
0 2
0 2
0 1
0 1
0 1
0 1
0 1
0 1
0 1
0 1
0 1
0 1
0 1
0 1
0 1
0 1
0 1
0 1
0 1
0 1
0 1
0 1
0 1
0 1
0 1
0 1
0 1
0 0
0 0
0 0
0 0
0 0
0 0
0 0
0 0
0 0
0 1
0 1
0 2
0 3
0 3
0 4
0 5
0 5
0 6
0 7
1 8
1 9
1 10
1 11
1 11
1 12
1 13
1 14
2 15
2 16
2 17
2 18
2 19
2 19
2 20
2 21
2 22
2 23
2 24
3 25
3 26
3 27
3 28
3 29
3 30
3 30
3 31
3 32
3 33
3 34
3 35
4 36
4 37
4 38
4 39
4 40
4 41
4 42
4 42
4 43
4 44
4 45
4 46
5 47
5 48
5 49
5 50
5 51
5 52
5 52
5 53
5 54
5 55
5 56
6 57
6 58
6 59
6 60
6 61
6 62
6 62
6 63
6 64
6 65
7 66
7 67
7 68
7 69
7 70
7 70
7 71
7 72
7 73
7 74
7 75
7 76
7 76
7 77
7 78
7 79
7 80
7 81
7 82
7 82
7 83
7 84
7 85
7 86
7 87
7 87
7 88
7 89
7 90
7 91
7 92
7 93
7 93
7 94
7 95
7 96
7 97
7 98
7 98
7 99
7 100
7 100
8 100
8 100
8 100
8 100
8 99
8 98
8 97
8 96
8 95
8 94
8 93
8 92
8 91
8 90
8 89
8 88
8 87
8 86
7 85
7 84
7 83
7 82
7 81
7 80
7 79
7 78
7 77
7 76
7 75
7 74
7 73
7 72
7 71
7 70
7 69
7 68
7 67
7 66
7 65
7 64
7 63
7 62
7 61
7 60
7 59
7 58
7 57
7 56
6 55
6 54
6 53
6 52
6 51
6 50
6 49
6 48
6 47
6 46
6 45
6 44
6 43
6 42
6 41
6 41
5 42
5 43
5 43
5 42
5 42
4 41
4 40
4 40
4 39
4 39
4 38
4 37
4 37
4 36
5 35
5 34
5 33
5 33
5 32
5 31
6 30
6 29
6 28
6 28
6 27
7 26
7 25
8 24
8 23
8 23
8 22
9 21
9 20
9 19
10 18
10 17
10 17
10 16
11 15
11 14
11 13
12 12
12 11
12 11
13 10
14 9
15 8
15 8
16 7
17 7
18 6
18 6
19 6
20 5
21 5
21 5
22 5
23 6
24 6
24 6
25 7
26 8
26 8
27 9
27 10
28 11
28 11
28 12
29 13
29 14
29 15
29 15
29 16
29 17
29 18
29 19
29 20
29 21
29 21
29 22
29 23
29 24
29 25
29 26
29 27
29 27
29 28
28 29
28 30
28 31
28 32
27 33
27 34
27 34
27 35
26 36
26 37
25 38
25 39
25 39
24 40
24 41
23 42
23 43
23 43
22 44
21 45
21 46
20 47
20 47
19 48
18 49
18 49
17 50
16 50
16 50
15 50
15 50
14 49
13 49
13 49
13 48
13 48
12 47
12 47
12 46
12 45
12 45
13 44
13 43
13 43
14 42
14 41
14 41
15 40
15 40
15 40
16 40
16 40
17 41
18 41
18 41
19 42
19 43
20 44
20 44
20 45
21 46
21 47
22 48
22 49
22 49
22 50
23 51
23 52
23 53
24 54
24 55
24 55
25 56
25 57
26 58
26 59
27 60
27 61
27 61
28 62
28 63
29 64
29 65
30 66
30 66
30 67
31 68
31 69
31 70
32 71
32 72
32 72
33 73
33 74
34 75
34 76
34 76
34 77
35 78
35 79
35 80
35 80
36 81
36 82
37 83
37 83
37 84
38 85
38 86
38 86
38 87
38 88
38 88
39 89
39 90
39 90
39 90
39 91
39 91
40 91
40 91
40 91
40 91
40 90
40 90
41 89
41 88
41 88
41 87
41 86
41 86
41 85
42 84
42 83
42 83
42 82
43 81
43 80
43 80
44 79
44 78
45 77
45 76
45 76
45 75
46 74
46 73
46 72
46 72
46 71
47 70
47 69
48 68
48 67
48 67
48 66
49 65
49 64
49 63
49 63
49 62
50 61
50 60
50 60
50 59
51 58
51 57
51 57
51 56
51 56
51 56
51 56
51 56
51 56
51 56
51 56
51 56
51 56
51 57
51 57
51 58
51 59
51 59
51 60
51 61
51 62
51 62
51 63
52 64
52 65
52 66
52 66
52 67
52 68
52 69
52 70
52 70
52 71
53 72
53 73
53 73
54 74
54 74
55 75
56 75
56 75
57 75
57 75
58 74
58 73
58 73
58 72
59 71
59 70
59 70
59 69
60 68
60 67
60 67
60 66
60 65
60 64
60 63
60 63
60 62
60 61
60 60
60 60
60 59
59 58
59 57
59 56
59 56
59 55
58 54
58 53
58 53
57 52
57 51
57 51
56 51
55 51
55 51
54 50
53 50
53 50
52 50
51 50
51 50
50 50
49 50
49 50
48 50
47 50
47 50
46 49
46 49
45 49
45 49
45 49
45 49
45 49
45 49
45 49
45 49
46 49
47 48
48 48
49 48
50 48
51 47
52 47
53 47
54 47
55 46
56 46
57 46
58 46
59 45
60 45
61 45
62 45
63 44
64 44
65 44
66 44
67 43
68 43
69 43
70 43
71 42
72 42
73 42
73 42
73 41
73 40
73 39
73 39
74 38
74 37
74 37
74 36
74 36
74 36
74 36
73 36
73 36
72 37
72 37
71 38
71 39
71 39
71 40
70 41
70 42
70 42
69 43
69 44
69 44
69 45
70 46
70 47
70 47
70 48
70 49
70 50
70 50
71 51
71 52
71 52
72 53
73 53
73 53
74 54
75 55
75 55
76 56
76 56
77 57
78 57
78 57
79 58
79 59
79 59
79 60
79 61
79 61
79 62
79 63
79 63
79 64
79 65
79 65
78 66
78 66
77 67
76 68
76 68
75 69
75 69
74 69
73 69
73 69
72 69
71 69
71 69
70 69
70 69
70 69
69 68
69 68
70 67
70 67
71 66
71 66
72 65
73 64
74 63
75 62
75 61
76 60
77 59
78 58
79 57
80 56
81 55
82 54
83 53
83 52
84 51
85 50
86 49
87 48
88 47
89 46
90 45
91 44
91 43
92 42
93 41
94 40
95 39
95 39
96 38
97 37
97 36
98 35
98 35
98 34
98 33
98 32
98 31
98 31
98 30
98 30
98 30
98 30
97 31
97 31
96 32
95 32
95 32
94 33
93 34
93 34
92 35
92 36
92 36
91 37
91 38
91 38
91 39
91 40
91 41
91 41
92 42
92 43
92 43
92 44
93 45
93 46
93 46
93 47
94 48
94 49
94 49
95 50
95 51
96 52
96 52
97 53
97 54
97 54
97 55
98 56
98 57
98 57
99 58
99 59
100 60
100 60
100 61
100 62
100 63
100 63
99 64
99 65
99 65
99 66
98 67
98 68
98 68
97 69
97 70
97 70
96 71
96 71
95 72
94 72
94 72
93 72
93 72
92 72
92 72
91 71
91 71
91 70
