7 0
6 1
6 2
6 2
5 2
5 2
5 3
5 3
6 4
6 5
6 5
6 6
7 7
7 8
7 9
7 9
7 10
7 11
7 12
8 13
8 14
8 15
8 16
8 16
8 17
8 18
9 19
9 20
9 21
9 22
9 23
10 24
10 25
10 26
10 26
10 27
10 28
10 29
10 30
10 31
11 32
11 33
11 34
11 35
11 36
11 37
11 38
11 38
11 39
11 40
11 41
11 42
11 43
11 44
11 45
11 46
11 47
11 48
11 49
11 50
11 51
11 51
11 52
11 53
11 54
11 55
11 56
11 57
11 58
12 59
12 60
12 61
12 62
12 63
12 64
12 65
12 66
12 66
12 67
12 68
12 69
12 70
12 71
13 72
13 73
13 74
13 75
13 76
13 77
13 78
13 78
13 79
13 80
13 81
14 82
14 83
14 84
14 85
14 86
14 86
14 87
15 88
15 89
15 90
15 91
16 92
16 93
16 93
16 94
17 95
17 96
17 97
17 97
18 98
19 99
19 99
20 100
20 100
20 100
21 100
21 100
20 99
20 99
20 98
20 97
20 96
20 96
20 95
19 94
19 93
18 92
18 91
18 91
18 90
17 89
17 88
16 87
16 86
15 85
15 84
14 83
14 82
14 81
13 80
13 79
12 78
12 77
11 76
11 75
10 74
10 73
10 73
10 72
9 71
9 70
9 69
8 68
8 67
8 66
7 65
7 64
7 63
7 62
6 61
6 60
6 59
5 58
5 57
5 57
5 56
4 55
4 54
4 53
3 52
3 51
3 50
2 49
2 48
2 48
2 47
2 46
1 45
1 44
1 43
1 42
0 41
0 40
0 39
0 39
0 38
0 37
0 36
0 35
0 34
0 33
0 32
0 32
0 31
0 30
0 29
0 28
0 27
0 26
0 26
1 25
1 24
2 23
2 22
2 22
3 21
4 20
5 20
6 19
6 19
7 19
8 18
9 18
10 17
11 17
11 17
12 17
13 17
14 16
15 16
16 16
16 16
17 16
18 16
19 16
20 16
21 16
21 16
22 16
23 16
24 17
25 17
26 17
26 17
27 18
28 19
29 19
30 20
30 20
31 21
32 22
33 23
33 23
34 24
34 25
35 26
35 27
36 28
36 28
36 29
37 30
37 31
38 32
38 33
38 33
38 34
38 35
39 36
39 37
39 38
39 39
39 39
39 40
39 41
38 42
38 43
38 44
38 44
37 45
37 46
36 47
36 48
35 49
35 50
35 50
34 51
34 52
33 53
32 54
32 55
31 56
31 56
30 57
29 58
28 59
28 60
27 61
26 62
26 62
25 63
24 64
23 64
22 65
21 66
21 66
20 67
19 67
18 68
17 68
16 69
16 69
15 69
14 70
13 70
13 70
12 70
11 70
10 70
10 70
9 69
8 69
8 69
8 68
8 67
8 67
8 66
8 66
8 65
8 65
9 65
10 65
10 65
11 66
12 66
12 66
13 67
14 67
15 68
15 68
16 69
17 70
18 70
19 71
19 71
20 72
21 72
22 73
23 73
23 73
24 73
25 74
26 74
27 74
28 74
29 75
30 75
30 75
31 75
32 75
33 75
34 75
35 75
36 75
36 75
37 75
38 75
39 75
40 75
41 75
42 75
42 75
43 75
44 75
45 75
46 75
47 75
48 75
49 75
49 75
50 75
51 75
52 75
53 75
53 75
54 75
55 75
56 75
56 75
57 75
57 75
57 75
56 74
55 73
55 72
54 71
53 70
52 69
51 68
51 67
50 66
49 65
49 65
50 65
51 65
51 65
50 66
50 66
50 66
51 67
51 68
51 68
52 69
52 69
52 70
53 71
53 72
53 72
54 72
55 72
55 72
56 72
57 72
57 72
58 71
59 70
59 70
59 69
60 68
60 67
60 67
60 66
60 65
60 64
60 64
60 63
59 62
59 61
59 61
59 60
58 59
58 58
58 58
57 57
56 56
56 56
55 55
55 55
54 56
54 56
54 57
53 58
53 59
53 59
53 60
52 61
52 62
52 62
53 61
54 61
55 60
56 59
57 58
58 58
59 57
60 56
61 55
62 55
63 54
64 53
65 53
66 52
67 51
68 50
69 50
70 49
71 48
72 48
73 47
74 46
75 45
76 45
77 44
78 43
79 42
80 42
81 41
81 41
82 42
82 43
82 43
81 43
80 43
80 43
79 43
78 43
78 43
77 44
77 45
76 46
76 46
76 47
75 48
75 49
74 50
74 51
74 51
73 52
73 53
72 54
72 55
72 55
71 56
71 57
70 58
70 59
70 59
70 60
69 61
69 62
69 62
69 63
69 64
69 64
70 65
71 65
71 65
72 65
73 65
73 65
74 65
75 65
76 65
77 65
77 65
78 65
79 64
80 64
80 64
81 64
82 64
82 64
83 65
84 65
84 65
85 66
85 66
86 67
86 67
86 68
86 69
86 69
85 70
85 71
85 71
84 72
84 73
84 73
83 74
83 74
82 74
82 74
82 74
82 73
83 72
83 71
83 70
84 69
84 68
84 67
85 66
85 65
85 64
85 63
86 62
86 61
86 60
87 59
87 58
87 57
88 56
88 55
88 55
89 54
89 53
90 52
91 51
91 50
92 49
92 48
93 47
93 47
93 46
93 45
93 45
93 45
93 46
93 46
92 47
92 48
92 48
92 49
91 50
91 51
91 51
90 52
90 53
90 53
90 54
90 55
90 55
90 56
90 56
91 57
92 57
92 57
93 57
93 57
94 58
95 58
95 58
96 59
97 60
97 60
98 61
99 62
99 62
99 63
100 64
100 65
100 65
100 66
99 67
99 68
99 69
99 69
99 70
98 71
98 72
98 72
97 73
97 74
97 74
96 75
