1 4
1 3
0 2
0 1
0 1
0 1
0 0
0 0
0 0
0 0
0 1
0 2
0 3
0 3
0 4
0 5
0 6
0 7
0 8
0 8
0 9
0 10
0 11
0 12
0 13
0 14
0 15
0 16
0 17
0 17
0 18
0 19
0 20
0 21
0 22
0 23
0 24
0 25
0 26
0 27
0 28
0 29
0 29
0 30
0 31
0 32
0 33
0 34
0 35
1 36
1 37
1 38
1 39
1 40
1 41
1 42
1 43
1 43
1 44
1 45
1 46
1 47
1 48
1 49
1 50
1 51
1 52
1 53
1 54
1 55
1 56
1 57
1 58
1 58
1 59
1 60
1 61
1 62
1 63
1 64
2 65
2 66
2 67
2 68
2 69
2 70
2 71
2 71
2 72
2 73
2 74
2 75
2 76
2 77
2 78
2 79
2 80
2 81
2 82
2 83
2 83
2 84
2 85
2 86
3 87
3 88
3 89
3 90
3 90
3 91
3 92
4 93
4 94
4 95
4 95
4 96
5 97
5 98
5 98
5 99
5 100
5 100
5 100
5 99
5 98
5 97
5 96
5 95
5 94
5 93
5 92
5 91
5 90
5 89
5 88
5 87
5 86
5 85
5 84
5 83
4 82
4 81
4 80
4 79
4 78
4 77
4 76
4 75
4 74
4 73
4 72
4 71
4 70
4 69
4 68
4 67
4 66
4 65
4 64
4 63
4 62
4 61
4 60
4 59
4 58
4 57
4 56
4 55
4 54
4 53
4 52
4 51
4 50
4 49
4 48
4 47
3 46
3 45
3 44
3 43
3 42
3 41
3 40
3 39
3 38
3 37
3 36
3 35
3 34
3 33
3 32
3 31
3 30
3 29
3 28
3 28
3 27
4 26
4 25
5 24
5 23
5 23
4 22
4 21
4 21
5 20
5 20
6 19
7 19
7 19
8 18
9 18
9 18
10 18
11 18
11 18
12 18
13 18
13 18
14 18
15 18
15 18
16 19
17 19
18 20
18 20
19 21
20 22
20 22
20 23
20 24
21 25
21 26
21 27
21 27
21 28
21 29
22 30
22 31
22 32
22 33
22 33
22 34
22 35
22 36
22 37
22 38
22 39
22 39
22 40
22 41
22 42
21 43
21 44
21 45
21 46
21 46
21 47
21 48
20 49
20 50
20 51
20 52
20 52
19 53
19 54
18 55
18 56
17 57
17 58
17 58
16 59
16 60
15 61
15 62
15 62
14 63
13 63
12 64
12 64
11 65
10 65
10 65
9 64
8 64
8 64
7 64
7 64
7 64
7 64
7 64
8 64
8 64
9 64
9 64
10 65
11 66
11 66
12 67
13 67
13 67
14 68
14 69
15 70
15 70
16 71
17 72
18 73
18 73
19 74
20 75
21 76
21 76
22 77
23 78
23 79
24 80
24 80
25 81
26 81
27 82
27 82
28 83
29 83
30 84
30 84
31 85
32 85
33 86
33 86
34 87
35 87
35 87
36 87
37 87
38 87
38 87
39 88
39 88
39 87
39 86
39 85
39 84
39 83
39 82
39 81
39 80
39 79
39 78
39 77
39 76
39 75
39 74
39 73
40 72
40 71
40 70
40 69
40 68
40 67
40 66
40 65
40 64
40 63
40 62
40 61
40 60
40 59
40 58
40 57
40 57
39 58
39 58
39 58
39 58
39 58
39 59
39 60
39 61
39 62
39 62
39 63
39 64
39 65
39 66
39 67
39 68
39 68
39 69
39 70
39 71
39 72
39 73
39 74
39 74
39 75
39 76
40 77
40 78
40 79
40 79
40 80
41 81
41 82
42 83
42 84
42 84
42 85
43 86
43 87
43 88
43 88
44 89
45 90
45 90
46 91
47 91
48 92
48 92
49 93
50 93
50 93
51 93
52 92
53 92
53 92
54 91
55 90
55 90
56 89
57 88
58 87
58 87
58 86
59 85
59 84
59 83
59 83
59 82
59 81
60 80
60 79
60 78
60 78
60 77
60 76
59 75
59 74
59 73
59 73
59 72
59 71
58 70
58 69
58 68
58 68
57 67
57 66
56 65
56 64
56 64
55 63
55 62
54 61
54 61
53 60
52 60
52 60
51 60
50 60
50 60
49 61
48 61
48 61
47 62
47 62
46 63
46 63
46 64
46 64
46 65
46 66
46 66
47 67
47 68
47 68
48 69
48 69
49 68
50 67
51 67
52 66
53 65
54 64
55 63
56 62
57 62
58 61
59 60
60 59
61 58
62 58
63 57
64 56
65 55
66 54
67 54
68 53
69 52
70 51
71 50
72 49
73 49
74 48
75 47
76 46
77 45
78 45
79 44
80 43
80 43
80 42
79 41
79 40
79 40
78 39
78 39
77 39
77 39
76 40
75 41
75 41
74 42
73 43
73 43
73 44
72 45
72 46
71 47
71 48
71 48
71 49
71 50
71 51
70 52
70 53
70 54
70 55
70 55
70 56
70 57
69 58
69 59
69 60
69 61
69 61
69 62
69 63
69 64
69 65
69 66
69 66
69 67
69 68
69 69
69 69
70 70
70 71
70 71
71 72
72 73
72 73
73 73
74 73
75 73
75 73
76 73
77 72
78 72
78 72
79 72
80 72
81 72
81 72
82 73
83 73
83 73
84 73
85 74
86 74
86 74
86 75
86 76
86 76
86 77
86 78
86 79
86 79
86 80
85 81
85 82
85 83
85 83
84 84
83 85
82 86
82 86
81 87
80 88
80 89
79 90
79 90
78 91
77 92
76 93
76 93
75 94
74 95
74 95
73 96
73 96
72 96
72 96
72 95
72 94
72 94
72 93
73 92
73 91
74 90
74 89
74 88
75 87
75 86
76 85
76 84
76 83
77 82
77 81
77 80
78 79
78 78
79 77
79 76
79 75
80 74
80 73
81 72
81 71
81 70
82 69
82 68
83 67
83 66
83 65
84 64
84 63
84 62
85 61
85 60
86 59
86 58
86 57
87 56
87 55
88 54
88 53
88 52
89 51
89 50
90 49
90 48
90 47
91 46
91 45
91 44
92 43
92 42
93 41
93 40
93 40
92 40
91 40
91 40
90 40
90 40
90 39
90 39
89 39
89 39
89 40
89 40
89 41
89 42
89 42
89 43
88 44
88 45
88 46
88 46
88 47
88 48
88 49
88 50
88 51
88 52
88 52
88 53
88 54
89 55
89 56
89 57
89 58
89 58
89 59
89 60
90 61
90 62
90 63
90 63
90 64
91 65
91 66
91 66
92 67
93 68
93 68
94 68
95 68
95 68
96 69
97 69
97 69
98 69
98 69
99 70
99 70
100 71
100 71
99 72
99 73
98 74
98 75
98 75
98 76
98 77
97 78
97 79
97 80
97 80
96 81
96 82
95 83
95 84
94 85
94 85
93 86
93 87
92 88
92 89
91 90
91 90
90 91
89 92
89 93
88 94
88 94
87 95
87 96
