3 1
4 0
5 0
5 0
4 1
4 1
4 1
4 2
4 3
4 4
4 4
4 5
5 6
5 7
5 8
5 8
5 9
5 10
6 11
6 12
6 13
6 14
6 14
6 15
6 16
6 17
6 18
7 19
7 20
7 21
7 22
7 23
7 23
7 24
7 25
7 26
7 27
7 28
7 29
7 30
7 31
7 32
7 33
7 34
7 34
7 35
7 36
7 37
7 38
7 39
7 40
8 41
8 42
8 43
8 44
8 45
8 46
8 47
8 47
8 48
8 49
8 50
8 51
8 52
8 53
8 54
8 55
8 56
8 57
8 58
8 59
8 60
8 60
8 61
8 62
8 63
8 64
8 65
8 66
8 67
8 68
8 69
8 70
8 71
8 72
8 73
8 74
8 74
8 75
8 76
8 77
8 78
7 79
7 80
7 81
7 82
7 83
7 83
7 84
7 85
7 86
7 87
7 88
7 89
7 90
7 91
7 91
7 92
7 93
7 94
7 95
7 96
7 96
7 97
7 98
7 99
7 99
8 100
8 100
8 99
8 98
8 97
8 96
8 95
8 94
8 93
8 92
8 91
8 90
8 89
8 88
8 87
8 86
8 85
8 84
8 83
8 82
8 81
8 80
8 79
8 78
8 77
7 76
7 75
7 74
7 73
7 72
7 71
7 70
7 69
7 68
7 67
7 66
7 65
7 64
7 63
7 62
7 61
7 60
7 59
7 58
7 57
7 56
7 55
7 54
7 53
7 53
7 52
7 51
8 50
8 49
8 48
8 47
8 46
8 45
9 44
9 43
9 42
9 41
9 40
10 39
10 38
10 37
10 36
10 35
10 34
11 33
11 32
11 31
11 31
11 30
11 29
12 28
12 27
12 26
12 25
13 24
13 23
13 22
13 22
14 21
15 20
15 19
16 18
16 18
17 17
18 16
19 16
20 15
20 15
21 15
22 16
23 16
24 16
24 16
25 17
26 18
26 19
27 20
27 20
28 21
28 22
29 23
29 24
30 25
30 25
31 26
31 27
32 28
32 29
32 29
32 30
32 31
32 32
32 33
32 34
32 34
32 35
32 36
32 37
32 38
32 39
32 39
31 40
31 41
30 42
30 43
30 43
29 44
29 45
28 46
28 47
28 47
27 48
27 49
26 50
26 51
25 52
25 53
25 53
24 54
23 55
23 56
22 57
21 58
21 58
20 59
19 60
19 61
18 62
17 63
17 63
16 64
15 65
14 66
13 67
13 67
12 68
11 68
10 69
9 69
9 69
8 69
7 70
6 70
5 70
5 70
4 69
3 69
3 69
2 68
1 68
1 68
0 67
0 66
0 66
0 66
0 66
1 67
2 67
2 67
3 68
4 68
4 68
5 68
6 69
7 69
7 69
8 69
9 70
10 70
10 70
11 70
12 71
13 71
13 71
14 72
15 72
16 73
17 73
17 73
18 73
19 74
20 74
21 74
22 75
23 75
23 75
24 75
25 76
26 76
27 77
28 77
28 77
29 78
30 78
31 79
32 79
33 80
33 80
34 81
35 82
36 82
37 83
38 84
38 84
39 84
40 85
41 85
42 86
43 86
43 86
44 87
45 87
46 88
46 88
47 88
48 88
49 88
49 88
50 88
51 88
51 88
51 87
51 86
51 85
51 84
51 83
51 82
51 81
51 80
51 79
51 78
51 77
50 76
50 75
50 74
50 73
50 72
50 71
50 70
50 69
50 68
50 67
50 66
50 65
50 65
49 66
49 66
49 65
49 65
49 65
49 66
49 66
50 67
50 68
50 68
50 69
50 70
50 71
50 71
50 72
51 73
51 74
51 74
52 75
53 75
53 75
54 76
54 76
55 75
56 75
56 75
56 74
57 73
57 72
57 72
57 71
58 70
58 69
58 69
58 68
58 67
58 66
58 65
58 65
58 64
57 63
57 62
57 62
57 61
56 60
56 59
56 59
55 58
55 57
54 56
54 56
53 56
52 56
51 56
51 56
50 57
49 57
49 57
49 58
48 59
48 60
47 61
47 62
47 62
47 63
46 64
46 65
46 65
46 66
45 67
45 68
45 68
46 67
47 66
48 65
49 64
50 63
51 63
52 62
53 61
54 60
55 59
56 58
57 57
58 56
59 55
60 54
61 54
62 53
63 52
64 51
65 50
66 49
67 48
68 47
69 46
70 45
71 45
72 44
73 43
74 42
75 41
76 40
76 40
77 40
78 40
78 40
77 40
77 40
76 39
76 38
76 38
76 39
76 39
76 40
75 41
75 42
75 42
75 43
74 44
74 45
73 46
73 47
73 47
72 48
71 49
70 50
70 50
69 51
69 52
68 53
68 53
68 54
68 55
68 55
67 56
67 57
67 57
68 58
68 58
69 59
70 59
70 59
71 59
72 59
72 59
73 59
74 60
75 60
75 60
76 60
77 61
78 61
78 61
79 62
80 62
80 62
81 63
81 64
81 64
82 65
82 66
82 66
82 67
82 68
82 69
82 70
82 70
82 71
81 72
81 73
81 73
80 74
80 75
79 76
79 76
79 77
78 78
78 79
78 79
77 80
77 81
77 81
77 82
77 82
76 82
76 82
76 81
76 81
76 80
77 79
77 78
77 77
77 76
78 75
78 74
78 73
79 72
79 71
79 70
79 69
80 68
80 67
80 66
81 65
81 64
81 63
82 62
82 61
82 60
82 59
83 58
83 57
83 56
84 55
84 54
84 53
84 52
85 51
85 50
85 49
86 48
86 47
86 46
86 45
87 44
87 43
87 43
88 42
89 41
90 40
91 39
92 38
93 37
93 37
93 37
93 38
93 38
92 39
92 40
92 40
92 41
91 42
91 43
90 44
90 45
90 45
90 46
89 47
89 48
89 49
88 50
88 51
88 51
88 52
87 53
87 54
87 55
87 55
87 56
87 57
87 58
87 58
88 59
88 59
89 60
90 61
90 61
91 61
92 61
92 61
93 61
94 62
95 62
95 62
96 62
97 63
98 63
98 63
99 64
99 65
99 65
100 66
100 67
100 67
100 68
99 69
99 70
99 70
98 71
98 72
97 73
97 73
96 74
96 75
95 76
