2 4
3 4
3 4
2 3
2 3
3 4
3 4
3 5
3 6
3 7
3 7
3 8
2 9
2 10
2 11
2 11
2 12
2 13
2 14
2 15
2 16
2 17
2 18
2 18
2 19
2 20
2 21
2 22
2 23
2 24
2 25
2 26
2 27
2 28
2 28
2 29
2 30
2 31
2 32
2 33
2 34
2 35
2 36
2 37
2 38
2 39
2 40
2 40
2 41
2 42
2 43
2 44
2 45
2 46
3 47
3 48
3 49
3 50
3 51
3 52
3 53
3 53
3 54
3 55
3 56
3 57
3 58
3 59
3 60
3 61
3 62
3 63
3 64
3 65
3 65
3 66
3 67
3 68
3 69
4 70
4 71
4 72
4 73
4 74
4 75
4 75
4 76
4 77
4 78
4 79
4 80
4 81
4 82
4 83
4 84
4 84
4 85
4 86
4 87
3 88
3 89
3 90
3 91
3 91
3 92
3 93
3 94
3 95
3 95
3 96
2 97
2 98
2 98
2 99
2 100
2 100
2 100
2 100
2 99
2 98
2 97
2 96
2 95
2 94
2 93
2 92
2 91
2 90
2 89
1 88
1 87
1 86
1 85
1 84
1 83
1 82
1 81
1 80
1 79
1 78
1 77
1 76
1 75
1 74
1 73
1 72
1 71
1 70
1 69
1 68
1 67
1 66
1 65
0 64
0 63
0 62
0 61
0 60
0 59
0 58
0 57
0 56
0 55
0 54
0 53
0 53
0 52
0 51
0 51
0 50
0 49
0 49
0 48
0 47
0 46
0 46
0 45
0 45
0 44
0 43
0 42
0 42
0 41
1 40
1 39
1 39
1 38
2 37
2 36
3 35
3 34
3 34
3 33
4 32
4 31
5 30
5 29
6 28
6 27
6 27
6 26
7 25
7 24
8 23
8 22
8 21
9 20
9 19
9 19
10 18
10 17
11 16
11 15
12 14
12 13
13 12
13 11
13 11
14 10
14 9
15 8
15 7
16 6
16 5
16 5
17 4
18 3
18 2
19 1
19 1
20 0
20 0
21 1
21 2
21 2
22 3
22 4
22 4
22 5
22 6
22 7
22 8
22 9
22 9
22 10
22 11
22 12
22 13
22 14
22 15
22 15
22 16
22 17
22 18
22 19
22 20
22 21
22 22
22 22
22 23
22 24
22 25
21 26
21 27
21 28
21 29
21 30
21 30
21 31
21 32
20 33
20 34
20 35
20 36
20 36
20 37
20 38
19 39
19 40
19 41
19 41
19 42
18 43
18 44
18 45
18 45
17 46
17 47
16 48
16 48
15 49
14 50
13 51
13 51
12 51
11 52
10 52
10 52
9 52
9 52
8 51
7 51
7 51
7 50
7 49
7 49
7 48
7 48
7 47
7 47
8 46
8 46
9 45
9 45
10 44
11 44
11 44
12 45
12 45
13 45
13 45
14 46
14 47
15 48
15 48
16 49
16 50
17 51
17 52
17 52
18 53
18 54
19 55
19 56
20 57
20 57
21 58
21 59
22 60
22 61
23 62
23 63
23 63
24 64
25 65
25 66
26 67
26 67
27 68
28 69
29 70
29 70
30 71
31 71
32 72
32 72
33 73
33 74
34 75
34 75
35 76
35 77
35 77
36 78
36 79
36 79
37 80
37 81
37 81
38 82
38 83
38 83
39 84
39 84
39 85
39 85
40 86
40 86
40 86
40 86
40 86
40 86
40 86
40 85
40 85
41 84
41 84
41 83
41 83
42 82
42 81
42 81
42 80
42 80
43 79
43 78
43 78
43 77
44 76
44 75
44 75
45 74
45 73
45 73
45 72
45 71
45 71
45 70
45 69
45 69
46 68
46 68
46 67
46 67
46 67
46 67
46 67
46 67
46 67
46 67
46 68
46 68
47 69
47 70
47 70
48 71
48 72
48 72
49 73
49 74
49 74
50 75
50 76
50 76
51 77
51 77
52 77
52 77
53 76
54 76
54 76
54 75
55 74
55 73
55 73
56 72
56 71
57 70
57 70
57 69
57 68
58 67
58 66
58 65
58 65
58 64
58 63
59 62
59 61
59 60
59 60
59 59
59 58
59 57
59 56
59 55
59 55
59 54
58 53
58 52
58 51
58 51
57 50
57 49
56 48
56 48
55 47
55 47
54 47
53 47
52 47
52 47
51 48
50 48
50 48
49 48
48 49
47 49
47 49
46 50
45 50
45 50
44 51
44 52
44 52
43 52
43 52
43 53
43 53
43 53
43 53
43 53
43 54
43 54
43 55
43 55
44 55
44 55
44 56
44 56
45 56
46 55
47 55
48 55
49 55
50 54
51 54
52 54
53 53
54 53
55 53
56 52
57 52
58 52
59 52
60 51
61 51
62 51
63 50
64 50
65 50
66 50
67 49
68 49
68 49
69 48
70 47
70 47
69 46
69 46
69 45
69 45
69 45
69 45
69 45
69 44
69 44
69 44
69 45
69 45
69 46
69 46
68 47
68 47
68 48
68 49
68 50
68 50
67 51
67 52
67 52
67 53
67 53
67 54
67 54
67 54
68 55
68 55
69 55
69 55
70 55
70 55
71 56
72 56
72 56
73 56
74 56
74 56
75 57
76 57
76 57
77 58
77 58
78 59
78 59
79 60
79 61
79 61
79 62
79 63
79 63
79 64
79 65
79 65
79 66
78 67
78 68
78 68
78 69
77 70
77 71
77 71
76 72
76 73
76 73
75 74
74 75
74 75
73 76
73 76
72 77
72 77
72 78
72 78
71 78
71 78
71 78
71 78
71 77
72 76
72 75
73 74
73 73
73 72
74 71
74 70
74 69
75 68
75 67
76 66
76 65
76 64
77 63
77 62
78 61
78 60
78 59
79 58
79 57
79 56
80 55
80 54
81 53
81 52
81 51
82 50
82 49
82 48
83 47
83 46
84 45
84 44
84 43
85 42
85 41
86 40
86 39
86 38
87 37
87 36
87 35
88 34
88 33
89 32
89 31
89 31
90 30
91 30
92 29
92 29
91 28
91 28
91 27
91 27
91 27
91 28
91 29
91 30
91 30
90 31
90 32
90 32
90 33
89 34
89 35
89 36
89 36
89 37
88 38
88 39
88 39
88 40
88 41
88 42
88 42
88 43
89 44
89 45
89 46
89 46
89 47
90 48
90 49
90 50
90 50
91 51
91 52
92 53
92 53
93 54
94 55
94 55
95 56
96 57
96 57
97 58
98 59
98 59
99 60
99 61
99 61
100 62
100 63
100 63
99 64
99 65
99 65
99 66
98 67
98 68
98 68
97 69
97 70
96 71
96 71
95 72
95 73
94 74
94 74
93 75
92 76
92 76
91 77
90 77
90 77
89 78
89 78
89 77
