1 0
1 1
0 2
0 3
0 4
0 4
0 4
0 5
0 5
0 6
0 7
0 8
0 9
0 9
0 10
0 11
0 12
1 13
1 14
1 15
1 16
1 17
1 17
1 18
1 19
1 20
1 21
1 22
2 23
2 24
2 25
2 26
2 27
2 28
2 28
2 29
2 30
2 31
2 32
2 33
3 34
3 35
3 36
3 37
3 38
3 39
3 39
3 40
3 41
3 42
3 43
3 44
4 45
4 46
4 47
4 48
4 49
4 50
4 51
4 51
4 52
4 53
4 54
4 55
4 56
4 57
5 58
5 59
5 60
5 61
5 62
5 63
5 64
5 65
5 65
5 66
5 67
5 68
5 69
5 70
5 71
6 72
6 73
6 74
6 75
6 76
6 77
6 78
6 79
6 79
6 80
6 81
6 82
6 83
6 84
6 85
6 86
6 87
6 88
6 88
6 89
6 90
6 91
6 92
6 93
6 94
6 95
6 95
6 96
6 97
6 98
6 99
6 99
6 100
6 100
6 100
6 99
6 98
6 97
6 96
6 95
6 94
6 93
6 92
6 91
6 90
6 89
6 88
6 87
6 86
6 85
6 84
6 83
6 82
6 81
6 80
6 79
6 78
6 77
6 76
6 75
6 74
6 73
6 72
6 71
6 70
6 69
6 68
6 67
6 66
6 65
5 64
5 63
5 62
5 61
5 60
5 59
5 58
5 57
5 56
5 55
5 54
5 53
5 52
5 51
5 50
5 49
5 48
5 47
5 46
5 45
5 44
5 43
5 42
5 41
5 40
5 39
5 38
5 37
5 36
5 35
5 34
5 33
5 32
5 31
5 30
5 29
5 29
5 28
5 27
5 26
6 25
6 24
6 23
6 22
6 21
6 20
7 19
7 18
7 17
7 16
7 16
8 15
8 14
9 13
9 12
10 11
10 10
10 10
11 9
11 8
11 8
12 8
13 7
14 7
14 7
15 7
16 8
17 8
17 8
18 8
19 9
20 9
20 9
21 10
22 10
23 11
24 11
24 11
25 12
26 13
27 13
28 14
28 14
29 15
30 15
31 16
31 16
32 17
33 18
34 19
34 19
35 20
35 21
36 22
36 23
37 24
37 24
37 25
37 26
38 27
38 28
38 29
38 29
38 30
38 31
38 32
38 33
38 34
38 35
38 35
38 36
38 37
38 38
38 39
38 40
38 41
38 41
38 42
37 43
37 44
36 45
36 46
36 46
35 47
34 48
34 49
33 50
33 50
32 51
31 52
30 52
29 53
29 53
28 54
27 54
26 55
25 55
25 55
24 56
23 56
22 57
22 57
21 57
20 58
19 58
19 58
18 58
17 58
17 58
16 57
15 57
15 57
14 56
14 55
14 55
14 54
14 54
14 54
15 55
16 55
16 55
17 56
18 57
18 57
19 58
19 59
20 60
20 60
21 61
22 62
23 63
23 63
24 64
25 65
25 66
26 67
26 67
27 68
28 69
29 70
30 71
30 71
31 72
32 72
33 73
34 73
34 73
35 73
36 74
37 74
38 75
39 75
39 75
40 76
41 76
42 77
42 77
43 78
44 78
45 79
45 79
46 80
47 80
47 80
48 81
48 81
48 82
48 82
48 82
48 81
48 80
49 79
49 78
49 77
49 76
49 75
50 74
50 73
50 72
50 71
50 70
51 69
51 68
51 67
51 67
51 66
52 65
52 64
52 63
52 62
53 61
53 60
53 60
54 59
54 59
54 60
54 60
54 61
54 62
54 63
54 63
54 64
55 65
55 66
55 67
55 67
55 68
55 69
56 70
56 71
56 72
56 72
56 73
57 74
57 75
57 76
57 76
58 77
58 78
58 78
59 78
60 78
60 78
61 77
61 77
62 76
62 75
62 75
62 74
62 73
62 72
62 72
62 71
62 70
62 70
62 69
61 68
61 67
61 67
60 66
60 65
60 65
59 64
58 63
58 63
57 63
56 63
56 63
55 64
55 64
54 65
53 66
53 66
52 67
52 68
52 68
51 69
51 70
51 70
52 71
52 71
53 72
53 72
54 71
55 70
56 69
57 69
58 68
59 67
60 66
61 65
62 64
63 64
64 63
65 62
66 61
67 60
68 59
69 59
70 58
71 57
72 56
72 56
73 55
74 54
75 53
75 53
75 53
75 53
75 53
74 54
74 55
74 55
73 56
72 57
72 57
71 58
71 59
71 59
70 60
70 61
70 61
71 62
71 62
72 63
72 64
72 64
73 65
74 66
74 66
75 67
76 68
76 68
77 69
77 69
78 70
79 71
79 71
79 72
79 72
78 73
78 74
78 74
77 75
77 76
77 76
76 77
75 77
75 77
74 78
74 78
73 79
73 79
74 78
74 77
75 76
75 75
76 74
76 73
77 72
77 71
78 70
78 69
79 68
79 67
80 66
80 65
81 64
82 63
82 62
83 61
83 60
84 59
84 58
85 57
85 56
86 55
86 54
87 53
87 52
88 51
88 50
89 49
89 49
89 50
90 51
90 52
90 53
90 53
89 54
89 54
88 55
88 56
88 56
88 57
87 58
87 59
87 60
87 60
86 61
86 62
85 63
85 64
85 64
84 65
84 66
84 66
84 67
84 68
84 68
84 68
85 68
86 68
86 68
87 68
88 67
89 67
89 67
90 67
91 67
92 67
93 67
93 67
94 67
95 68
96 68
96 68
97 69
98 70
98 70
99 71
100 72
100 72
100 73
99 74
99 75
99 75
99 76
98 77
98 78
98 79
98 79
97 80
97 81
96 82
96 82
95 83
94 83
93 84
93 84
92 85
91 86
