9 9
10 10
10 11
10 11
10 11
10 11
10 11
11 12
11 12
11 13
12 14
12 15
12 16
12 16
12 17
12 18
12 19
13 20
13 21
13 22
13 23
13 24
13 24
13 25
13 26
13 27
13 28
14 29
14 30
14 31
14 32
14 33
14 33
14 34
14 35
14 36
15 37
15 38
15 39
15 40
15 41
15 42
15 43
16 44
16 45
16 46
16 47
16 47
16 48
16 49
16 50
17 51
17 52
17 53
17 54
17 55
17 56
18 57
18 58
18 59
18 60
18 60
18 61
18 62
18 63
19 64
19 65
19 66
19 67
19 68
19 69
20 70
20 71
20 72
20 73
20 73
20 74
20 75
21 76
21 77
21 78
21 79
21 80
22 81
22 82
22 83
22 83
22 84
23 85
23 86
23 87
23 88
24 89
24 90
24 90
24 91
24 92
25 93
25 94
25 95
25 96
25 96
26 97
27 98
27 98
28 99
28 100
28 100
28 100
28 100
27 99
26 99
26 99
26 98
25 97
25 96
25 96
24 95
24 94
23 93
23 92
22 91
22 91
22 90
21 89
21 88
20 87
20 86
19 85
19 84
19 84
19 83
18 82
18 81
18 80
17 79
17 78
17 77
16 76
16 75
16 75
16 74
15 73
15 72
14 71
14 70
14 69
13 68
13 67
12 66
12 65
12 65
12 64
11 63
11 62
11 61
11 60
10 59
10 58
10 57
10 56
9 55
9 54
9 54
9 53
8 52
8 51
8 50
7 49
7 48
6 47
6 46
6 45
5 44
5 43
5 43
5 42
4 41
4 40
4 39
3 38
3 37
3 36
2 35
2 34
2 34
2 33
2 32
1 31
1 30
1 29
1 28
0 27
0 26
0 25
0 25
0 24
0 23
0 22
0 21
0 20
0 19
0 18
0 17
0 17
0 16
0 15
1 14
1 13
1 12
1 11
1 11
2 10
2 9
3 8
3 7
3 7
4 6
5 5
6 5
7 4
7 4
8 3
9 2
10 2
11 1
11 1
12 1
13 1
14 0
15 0
16 0
16 0
17 0
18 1
19 1
20 2
21 2
21 2
22 3
23 4
24 5
24 5
25 6
26 7
26 8
27 9
28 10
28 10
28 11
28 12
28 13
29 14
29 15
29 16
29 17
29 17
29 18
29 19
29 20
29 21
29 22
29 23
29 24
29 25
29 26
29 26
29 27
29 28
29 29
29 30
28 31
28 32
28 33
28 34
28 35
28 36
28 36
28 37
28 38
27 39
27 40
27 41
27 42
27 43
26 44
26 45
26 46
26 46
26 47
25 48
25 49
25 50
25 51
24 52
24 53
24 54
24 54
24 55
24 56
24 57
24 58
24 59
24 60
24 60
24 61
25 62
25 63
25 63
26 64
26 65
26 65
27 65
28 66
29 66
29 66
30 66
31 66
32 66
32 66
33 66
34 67
35 67
36 68
37 68
37 68
38 69
39 70
40 70
41 71
41 71
42 72
43 73
44 74
45 75
46 76
46 76
47 77
47 78
48 79
48 80
49 81
49 82
49 82
50 83
50 84
51 85
51 86
52 87
52 88
52 88
52 87
52 86
53 85
53 84
53 83
53 82
54 81
54 80
54 79
54 78
54 77
55 76
55 75
55 74
55 73
56 72
56 71
56 70
56 69
57 68
57 67
57 66
57 65
57 64
58 63
58 62
58 61
58 60
59 59
59 58
59 57
59 56
59 55
60 54
60 53
60 52
60 51
61 50
61 49
61 48
61 48
61 47
61 46
61 45
61 45
61 44
61 44
61 44
61 44
61 44
61 45
60 46
60 47
60 47
60 48
59 49
59 50
59 51
59 51
59 52
58 53
58 54
58 55
58 55
58 56
59 57
59 58
59 59
59 59
59 60
60 61
60 62
60 62
61 63
62 64
62 64
63 64
63 64
64 63
65 63
65 63
66 62
67 61
67 61
68 60
68 59
69 58
69 58
69 57
68 56
68 55
68 54
68 54
68 53
67 52
67 51
67 50
67 50
66 49
65 48
65 48
64 47
64 47
63 47
62 47
61 47
61 47
60 48
60 48
59 49
58 50
58 50
58 51
58 51
59 50
60 49
61 49
62 48
63 47
64 46
65 45
66 45
67 44
68 43
69 42
70 42
71 41
72 40
72 40
72 39
73 38
73 37
73 36
73 36
73 35
73 35
73 34
73 33
73 33
73 32
73 32
73 32
73 32
73 33
73 33
72 34
72 34
72 35
71 36
71 37
71 37
71 38
71 38
72 39
72 40
72 40
73 41
73 41
74 42
74 42
75 43
76 43
76 43
77 44
78 44
79 45
79 45
80 45
81 46
82 46
82 46
83 47
84 47
84 47
85 48
85 48
85 49
85 50
85 50
84 51
84 52
84 52
83 53
83 53
82 54
81 55
81 55
80 56
80 56
79 57
79 57
78 57
78 57
78 56
79 55
79 54
80 53
80 52
80 51
81 50
81 49
82 48
82 47
82 46
83 45
83 44
84 43
84 42
84 41
85 40
85 39
86 38
86 37
86 36
87 35
87 34
88 33
88 32
88 31
89 30
89 29
90 28
90 27
90 27
90 27
90 26
90 26
90 25
90 25
89 25
89 25
89 25
89 26
89 27
89 27
88 28
88 29
88 29
88 30
87 31
87 32
87 32
88 33
88 34
88 34
88 35
88 36
88 36
89 37
90 38
90 38
91 39
92 39
92 39
93 39
94 40
95 40
95 40
96 40
97 40
98 40
98 40
99 41
99 42
99 42
99 43
99 44
99 44
98 45
98 46
98 46
97 47
97 48
96 49
96 49
95 50
95 51
94 52
