9 10
10 9
10 9
9 8
9 8
9 7
9 7
9 8
9 8
9 9
9 10
9 10
9 11
9 12
9 12
9 13
9 14
9 15
9 15
9 16
9 17
9 18
9 19
9 19
9 20
9 21
10 22
10 23
10 24
10 24
10 25
10 26
10 27
11 28
11 29
11 30
11 31
11 31
11 32
11 33
11 34
11 35
11 36
11 37
11 38
11 39
11 40
11 40
11 41
11 42
11 43
11 44
11 45
11 46
11 47
11 48
11 49
11 50
11 50
11 51
11 52
11 53
11 54
11 55
12 56
12 57
12 58
12 59
12 60
12 61
12 61
12 62
12 63
12 64
12 65
11 66
11 67
11 68
11 69
11 70
11 71
11 71
11 72
11 73
11 74
11 75
11 76
11 77
11 78
11 79
11 80
11 80
11 81
11 82
11 83
11 84
11 85
11 86
11 87
11 87
11 88
11 89
10 90
10 91
10 92
10 92
10 93
10 94
10 95
10 96
10 97
10 97
9 98
9 99
9 99
8 100
8 100
7 100
6 100
6 100
5 99
5 99
5 98
4 97
4 96
4 96
3 95
3 94
2 93
2 92
2 92
2 91
2 90
1 89
1 88
1 87
1 87
1 86
1 85
0 84
0 83
0 82
0 82
0 81
0 80
0 79
0 79
0 78
0 77
0 76
0 76
0 75
0 75
0 74
0 74
1 75
1 75
2 76
3 77
3 77
3 78
4 79
4 80
4 80
5 81
5 82
6 83
6 83
7 84
8 84
9 85
9 85
10 86
11 86
11 86
12 86
13 86
13 86
14 85
15 85
15 85
16 84
17 83
17 83
18 82
18 81
19 80
19 79
19 79
19 78
20 77
20 76
20 75
20 75
20 74
20 73
21 72
21 71
21 70
21 69
21 69
21 68
21 67
21 66
21 65
21 64
21 63
21 62
21 62
21 61
21 60
21 59
21 58
21 57
21 56
21 55
21 54
21 54
21 53
21 52
21 51
21 50
20 49
20 48
20 47
20 46
20 45
20 45
20 44
20 43
20 42
20 41
20 40
19 39
19 38
19 37
19 36
19 35
19 34
19 34
19 33
19 32
19 31
18 30
18 29
18 28
18 27
18 26
18 26
18 25
17 24
17 23
17 22
16 21
16 20
16 20
16 19
15 18
15 17
15 17
14 16
13 16
13 16
12 16
11 16
11 16
10 17
9 17
9 17
8 18
8 18
8 19
7 20
7 21
7 21
7 22
6 23
6 24
6 24
6 25
5 26
5 27
5 27
5 28
5 29
5 30
5 31
5 31
5 32
6 33
6 34
6 35
7 36
7 37
8 38
8 39
8 40
9 41
9 42
9 43
10 44
10 45
10 46
11 47
11 48
12 49
12 50
12 51
13 52
13 53
13 54
14 55
14 56
14 57
15 58
15 59
16 60
16 61
16 62
17 63
17 64
17 65
18 66
18 67
18 68
19 69
19 70
20 71
20 72
20 73
21 74
21 75
21 75
21 75
21 75
21 75
21 75
21 75
21 76
22 77
22 78
22 78
22 79
22 80
22 81
22 81
23 82
23 83
23 83
23 84
24 85
24 86
24 86
25 87
25 87
26 88
27 88
27 88
28 88
28 88
29 87
30 87
30 87
31 86
32 85
32 85
33 84
33 83
33 83
33 82
34 81
34 80
34 80
34 79
35 78
35 77
35 77
35 76
36 75
36 74
36 73
36 73
36 72
36 71
36 70
36 69
36 69
36 68
36 67
36 67
36 66
36 66
36 66
36 67
36 67
36 68
36 69
36 69
36 70
36 71
36 72
36 72
37 73
37 74
37 74
37 75
38 76
38 77
38 77
38 78
38 79
38 80
38 80
39 81
39 82
39 82
40 83
40 84
40 84
41 85
41 86
41 86
42 87
42 87
43 88
44 88
44 88
45 88
46 88
46 88
47 88
48 87
49 87
49 87
50 86
50 86
51 85
51 84
52 83
52 83
53 82
54 81
54 81
54 80
55 79
55 78
55 78
55 77
55 76
55 75
55 74
55 74
55 73
55 72
55 71
55 70
55 69
55 69
55 68
55 67
55 66
55 65
55 64
55 63
55 63
55 62
55 61
55 60
55 59
55 59
54 58
54 57
54 57
54 56
54 56
53 56
53 56
52 57
52 57
52 58
52 59
52 60
52 61
52 61
52 62
52 63
52 64
52 65
52 65
52 66
52 67
51 68
51 69
51 70
51 70
51 71
52 72
52 73
52 74
52 74
52 75
52 76
52 77
52 78
52 78
52 79
53 80
53 81
53 81
53 82
53 83
53 84
53 84
54 85
54 86
55 87
55 87
56 88
56 89
56 89
57 90
57 91
57 91
58 92
59 93
59 93
60 94
61 94
61 94
62 94
62 94
63 93
63 92
63 92
64 91
65 90
65 90
65 89
66 88
66 87
66 87
66 86
66 85
66 84
66 83
66 82
66 82
66 81
66 80
67 79
67 78
67 77
67 77
67 76
67 75
68 74
68 73
68 72
68 71
68 71
68 70
68 69
68 68
68 67
68 66
68 65
68 64
68 63
68 63
68 62
68 61
68 60
68 59
69 58
69 57
69 56
69 55
69 54
69 53
69 53
69 52
69 51
69 50
69 49
69 48
69 47
69 46
69 45
69 45
69 44
69 43
69 42
70 41
70 40
70 39
70 38
70 37
70 37
70 36
70 35
70 34
70 33
70 32
70 32
70 31
70 30
70 29
70 29
70 28
70 28
70 28
70 28
70 29
70 29
70 30
70 31
70 32
70 33
70 34
70 34
70 35
70 36
70 37
70 38
70 39
70 40
70 41
70 41
70 42
70 43
70 44
70 45
70 46
70 47
70 48
70 48
70 49
70 50
70 51
70 52
70 53
70 54
70 54
70 55
70 56
70 57
70 58
70 59
70 60
70 61
70 61
70 62
70 63
70 64
69 65
69 66
69 67
69 68
69 68
69 69
69 70
69 71
69 72
69 73
69 74
69 74
69 75
69 76
69 77
69 78
69 79
69 79
69 80
70 81
70 82
70 83
70 83
70 84
71 85
71 86
71 86
72 87
72 88
73 89
73 89
74 90
75 90
75 90
76 90
77 90
77 90
78 89
78 89
79 88
80 87
80 87
81 86
81 85
81 85
81 84
82 83
82 82
82 82
82 81
82 80
82 79
82 79
82 78
82 77
82 76
82 75
82 75
82 74
82 73
81 72
81 71
81 70
81 70
81 69
80 68
80 67
80 66
80 66
79 65
79 65
78 65
78 65
77 65
77 65
77 66
77 67
77 67
77 68
77 69
77 69
77 70
77 71
77 72
77 73
77 73
77 74
77 75
77 76
77 76
77 77
78 78
78 79
78 79
78 80
79 81
79 82
79 82
80 83
80 84
80 84
81 85
81 86
81 86
82 87
83 87
83 87
84 88
84 88
85 89
85 89
86 90
86 90
87 90
87 90
88 91
88 91
89 90
89 90
89 89
89 89
89 88
89 88
89 87
89 86
89 85
89 85
89 84
89 83
89 83
89 82
88 81
88 80
88 79
88 79
88 78
88 77
88 76
88 76
88 75
88 74
88 73
88 73
88 72
88 71
88 71
88 70
88 69
88 69
89 68
89 68
89 67
89 67
90 66
90 66
91 65
92 65
92 65
93 65
93 65
94 64
95 64
95 64
96 63
97 63
97 63
98 63
98 63
99 62
100 62
100 62
99 62
98 61
97 61
96 60
95 60
94 59
93 59
92 58
91 58
90 57
89 57
88 56
87 56
86 55
85 55
84 54
83 54
82 53
81 53
80 52
79 52
78 51
77 51
76 51
75 50
74 50
73 49
72 49
71 48
70 48
69 47
68 47
67 46
66 46
65 45
64 45
63 44
62 44
61 43
60 43
59 42
58 42
57 41
56 41
55 40
54 40
54 40
55 41
55 42
56 43
56 44
56 44
56 43
56 43
56 42
56 41
56 40
56 40
57 41
58 42
58 42
59 43
59 43
60 44
61 44
61 44
62 44
63 44
63 44
64 44
65 44
66 44
66 44
67 44
68 44
68 44
69 44
70 43
71 43
71 43
72 43
73 43
73 43
72 42
71 41
70 40
69 39
68 38
67 37
66 37
65 36
64 35
63 34
62 33
61 32
60 31
59 30
58 29
57 28
56 27
55 26
54 25
53 24
52 24
51 23
50 22
49 21
48 20
47 19
46 18
45 17
44 16
43 15
42 14
41 13
40 12
39 11
38 11
37 10
36 9
35 8
34 7
33 6
32 5
32 5
32 5
32 4
32 3
32 2
32 2
32 1
32 0
