7 2
7 2
7 1
7 0
7 0
7 0
7 1
7 1
7 2
7 2
7 3
7 4
7 4
7 5
7 6
7 7
7 7
7 8
7 9
8 10
8 11
8 12
8 12
8 13
8 14
8 15
8 16
8 17
8 18
8 19
8 19
8 20
8 21
8 22
8 23
9 24
9 25
9 26
9 27
9 28
9 28
9 29
9 30
9 31
9 32
10 33
10 34
10 35
10 36
10 37
10 37
10 38
10 39
10 40
10 41
10 42
10 43
10 44
10 45
10 46
10 47
10 47
10 48
10 49
10 50
10 51
10 52
10 53
10 54
10 55
10 56
10 57
10 57
10 58
10 59
10 60
10 61
10 62
10 63
10 64
10 65
10 66
10 66
10 67
10 68
10 69
10 70
10 71
10 72
10 73
10 74
10 75
10 75
10 76
10 77
10 78
9 79
9 80
9 81
9 82
9 83
9 83
9 84
9 85
8 86
8 87
8 88
8 88
8 89
8 90
7 91
7 92
7 93
7 93
7 94
6 95
6 96
6 96
5 97
5 98
5 98
4 99
4 99
3 98
3 98
2 97
2 96
2 96
2 95
1 94
1 93
1 92
1 92
1 91
0 90
0 89
0 88
0 88
0 87
0 86
0 85
0 84
0 83
0 82
0 82
0 81
0 80
0 79
0 78
0 78
0 77
0 76
0 75
0 75
0 74
0 73
0 73
0 72
0 71
0 71
1 71
1 71
2 71
3 71
3 71
4 72
4 73
4 73
5 74
6 75
6 75
7 76
7 77
8 78
8 79
8 79
9 80
9 81
10 82
10 82
11 83
12 84
12 84
13 85
14 85
14 85
15 86
16 86
16 86
17 85
18 85
18 85
19 84
19 83
19 83
20 82
20 81
21 80
21 79
21 79
21 78
22 77
22 76
22 75
22 75
22 74
22 73
23 72
23 71
23 70
23 69
23 69
23 68
23 67
23 66
23 65
23 64
23 63
23 62
23 61
23 61
23 60
23 59
23 58
23 57
23 56
23 55
23 54
23 53
23 53
23 52
23 51
23 50
23 49
22 48
22 47
22 46
22 45
22 44
22 43
22 43
22 42
22 41
22 40
22 39
21 38
21 37
21 36
21 35
21 34
21 33
21 33
21 32
21 31
21 30
20 29
20 28
20 27
20 26
20 26
20 25
19 24
19 23
19 22
18 21
18 20
18 20
17 19
16 18
16 17
15 16
15 16
14 15
13 14
13 14
12 14
11 14
10 14
10 14
9 14
8 15
7 15
7 15
6 16
5 17
5 17
4 18
3 19
3 19
2 20
1 21
1 21
1 22
2 23
2 24
2 25
3 26
3 27
4 28
4 29
4 30
5 31
5 32
5 33
6 34
6 35
7 36
7 37
7 38
8 39
8 40
8 41
9 42
9 43
9 44
10 45
10 46
11 47
11 48
11 49
12 50
12 51
12 52
13 53
13 54
14 55
14 56
14 57
15 58
15 59
15 60
16 61
16 62
16 63
17 64
17 65
18 66
18 67
18 68
19 69
19 70
19 71
20 72
20 73
21 74
21 75
21 76
22 77
22 78
22 78
22 77
22 76
22 75
22 74
22 73
22 73
22 74
22 74
21 73
21 73
21 73
21 74
21 74
21 74
22 75
22 76
22 76
22 77
22 78
22 79
22 79
22 80
23 81
23 82
23 82
23 83
24 84
24 85
24 85
24 86
25 87
25 88
25 88
26 89
26 90
27 91
27 91
28 92
28 93
28 93
29 94
29 94
30 94
30 94
31 93
32 93
32 93
33 92
33 91
33 91
34 90
34 89
35 88
35 88
35 87
36 86
36 85
36 85
36 84
37 83
37 82
37 82
37 81
37 80
37 79
37 79
37 78
37 77
37 76
37 75
37 74
37 74
37 73
37 72
37 71
37 70
37 70
37 69
37 68
37 67
37 67
37 66
37 65
37 65
37 65
37 65
37 65
37 66
37 67
37 67
37 68
37 69
37 70
37 71
37 71
37 72
38 73
38 74
38 75
38 75
38 76
38 77
38 78
38 79
38 79
38 80
39 81
39 82
39 83
39 83
39 84
40 85
40 86
40 86
40 87
41 88
41 89
41 89
42 90
43 91
43 91
44 92
45 93
45 93
46 94
47 95
47 95
48 95
49 95
49 95
50 94
51 94
51 94
52 93
53 92
53 92
54 91
54 91
54 90
55 89
55 88
55 88
55 87
55 86
55 85
55 85
55 84
55 83
55 82
55 82
55 81
55 80
55 79
55 78
55 78
55 77
54 76
54 75
54 74
54 74
53 73
53 72
53 72
52 71
52 71
52 71
51 72
51 72
51 73
51 74
51 74
51 75
50 76
50 77
50 77
50 78
50 79
50 80
50 80
50 81
51 82
51 83
51 83
51 84
51 85
51 86
51 86
51 87
52 88
52 89
52 89
53 90
53 91
53 91
54 92
54 93
54 93
55 94
55 94
56 94
57 94
57 94
58 94
58 94
59 94
60 94
60 94
61 93
62 92
62 92
63 91
63 91
63 90
64 89
64 88
64 88
65 87
65 86
65 86
65 85
66 84
66 83
66 82
66 82
66 81
66 80
66 79
66 79
66 78
66 77
67 76
67 75
67 74
67 73
67 73
67 72
67 71
67 70
67 69
67 68
67 67
67 66
67 66
67 65
67 64
67 63
67 62
67 61
67 60
67 59
67 58
67 58
67 57
67 56
67 55
67 54
67 53
67 52
67 51
67 50
67 50
67 49
67 48
67 47
67 46
67 45
67 44
67 43
67 43
67 42
67 41
67 40
67 39
67 38
67 37
67 37
68 36
68 35
68 35
68 35
68 35
68 36
68 36
68 37
67 38
67 39
67 40
67 40
67 41
67 42
67 43
67 44
67 45
67 45
67 46
67 47
67 48
67 49
67 50
67 50
67 51
67 52
67 53
67 54
67 55
67 56
67 56
67 57
67 58
67 59
67 60
67 61
67 62
67 62
67 63
67 64
67 65
67 66
67 67
67 68
67 68
67 69
67 70
67 71
67 72
67 73
67 74
67 75
67 75
67 76
67 77
68 78
68 79
68 80
68 80
68 81
68 82
68 83
68 84
68 85
68 85
68 86
68 87
69 88
69 89
69 90
69 90
69 91
70 92
70 93
70 94
70 94
70 95
71 96
71 97
71 97
71 98
72 99
72 100
72 100
73 100
74 100
74 100
75 100
75 100
76 99
77 99
77 99
77 98
77 97
77 97
78 96
78 95
78 95
78 94
78 93
78 92
78 92
78 91
77 90
77 89
77 89
77 88
77 87
77 86
77 85
77 85
77 84
76 83
76 82
76 81
76 81
75 80
75 79
75 79
74 78
74 77
74 77
74 77
74 77
74 78
74 79
74 79
73 80
73 81
73 81
73 82
74 83
74 84
74 84
74 85
74 86
74 87
74 87
75 88
75 89
75 89
76 90
77 91
77 91
78 92
78 92
79 93
79 93
80 94
81 94
81 94
82 94
82 94
83 94
83 94
84 93
84 93
85 93
85 93
85 92
85 92
86 91
86 91
86 91
86 90
86 90
86 90
86 89
86 89
86 88
86 88
86 87
86 87
86 86
86 85
86 85
86 84
86 83
86 82
86 82
86 81
86 80
86 79
86 79
86 78
86 77
86 76
86 76
86 75
86 74
86 73
86 73
87 72
87 72
88 71
88 70
88 70
89 69
89 69
89 68
89 68
90 68
90 68
91 68
92 68
92 68
93 68
93 68
94 67
95 67
95 67
96 66
97 66
97 66
98 65
98 65
99 64
100 64
100 64
99 64
98 63
97 63
96 63
95 62
94 62
93 62
92 61
91 61
90 60
89 60
88 60
87 59
86 59
85 59
84 58
83 58
82 58
81 57
80 57
79 57
78 56
77 56
76 56
75 55
74 55
73 55
72 54
71 54
70 53
69 53
68 53
67 52
66 52
65 52
64 51
63 51
62 51
61 50
60 50
60 50
60 51
60 52
60 52
60 52
60 51
60 50
60 50
59 50
59 50
59 50
59 50
59 50
59 50
60 49
60 49
61 49
61 49
62 49
62 49
63 49
64 49
64 49
65 49
66 49
66 49
67 49
68 50
69 50
69 50
70 50
70 50
71 50
72 50
72 50
73 50
73 50
72 49
71 48
70 47
69 46
68 45
67 44
66 43
65 42
65 41
64 40
63 39
62 38
61 37
60 36
59 35
58 34
57 33
56 32
55 31
54 30
53 29
52 28
51 27
50 26
49 25
49 24
48 23
47 22
46 21
45 20
44 19
43 18
42 17
41 16
41 16
41 17
41 18
41 18
41 17
40 16
40 15
40 15
40 14
40 13
39 12
39 11
39 10
39 9
39 9
39 9
39 9
