10 11
10 10
11 9
11 8
11 7
11 7
11 6
11 6
11 6
11 6
11 7
11 7
11 8
11 9
11 9
11 10
11 11
11 12
11 12
11 13
11 14
11 15
11 16
11 17
11 18
11 19
11 19
11 20
11 21
11 22
11 23
11 24
11 25
11 26
11 27
11 27
11 28
11 29
11 30
11 31
11 32
11 33
11 34
11 35
11 36
11 37
11 38
11 38
11 39
11 40
11 41
11 42
11 43
11 44
11 45
11 46
11 47
11 48
11 48
11 49
11 50
11 51
11 52
11 53
11 54
11 55
11 56
11 57
11 58
11 58
11 59
11 60
11 61
11 62
11 63
11 64
11 65
11 66
11 67
11 68
11 68
11 69
11 70
11 71
11 72
11 73
11 74
11 75
11 76
11 76
11 77
11 78
11 79
10 80
10 81
10 82
10 83
10 83
10 84
10 85
9 86
9 87
9 88
9 88
9 89
9 90
8 91
8 92
8 93
8 93
7 94
7 95
6 96
6 97
6 97
5 98
4 99
4 99
3 100
3 100
2 100
2 100
1 99
1 98
1 98
1 97
0 96
0 95
0 94
0 94
0 93
0 92
0 91
0 90
0 89
0 89
0 88
0 87
0 86
0 85
0 84
0 84
0 83
0 82
0 81
0 80
0 79
0 79
0 78
0 77
1 76
1 75
1 74
1 74
1 73
1 72
1 71
1 71
2 70
2 70
3 70
4 70
4 70
5 71
5 71
6 72
6 73
7 74
7 75
7 75
8 76
8 77
9 78
9 79
10 80
10 80
11 81
11 82
12 83
12 84
12 84
13 85
14 86
14 86
15 87
15 88
16 89
16 89
17 89
18 89
18 89
19 88
20 88
20 88
21 87
21 86
21 86
21 85
22 84
22 83
22 83
22 82
22 81
23 80
23 79
23 78
23 78
23 77
23 76
23 75
23 74
23 73
23 72
23 72
23 71
23 70
23 69
23 68
23 67
23 66
23 66
23 65
23 64
23 63
23 62
23 61
23 60
23 59
23 58
23 58
23 57
23 56
23 55
23 54
22 53
22 52
22 51
22 50
22 49
22 49
22 48
22 47
22 46
22 45
21 44
21 43
21 42
21 41
21 40
21 39
21 39
21 38
21 37
21 36
20 35
20 34
20 33
20 32
20 32
20 31
19 30
19 29
19 28
19 27
18 26
18 25
18 25
17 24
17 23
16 22
16 21
16 21
15 20
15 19
14 18
14 18
13 18
12 18
12 18
11 19
10 19
10 19
9 20
8 20
7 21
7 21
6 22
6 23
5 24
5 25
5 25
5 26
4 27
4 28
3 29
3 30
3 30
3 31
3 32
2 33
2 34
2 35
2 36
2 36
2 37
3 38
3 39
4 40
4 41
5 42
5 43
5 44
6 45
6 46
7 47
7 48
7 49
8 50
8 51
9 52
9 53
10 54
10 55
10 56
11 57
11 58
12 59
12 60
13 61
13 62
13 63
14 64
14 65
15 66
15 67
16 68
16 69
16 70
17 71
17 72
18 73
18 74
18 75
19 76
19 77
20 78
20 79
21 80
21 81
21 81
21 82
21 82
21 82
21 82
21 83
21 83
21 83
21 83
21 84
21 84
22 85
22 85
22 86
22 87
22 87
23 88
23 89
23 89
24 90
24 91
24 91
25 92
25 92
26 93
27 93
27 93
28 93
28 93
29 92
30 91
30 91
31 90
31 89
31 89
32 88
33 87
33 87
33 86
34 85
34 84
34 84
34 83
35 82
35 81
35 81
35 80
36 79
36 78
36 77
36 77
36 76
36 75
36 74
36 73
36 72
36 72
36 71
36 70
36 69
36 68
36 68
36 67
36 66
36 65
36 65
36 64
36 63
36 63
36 63
36 63
36 63
36 64
36 65
36 65
36 66
36 67
36 68
36 68
36 69
36 70
36 71
36 72
36 73
36 73
36 74
37 75
37 76
37 77
37 77
37 78
37 79
37 80
37 81
37 81
37 82
38 83
38 84
38 84
39 85
39 86
39 86
40 87
41 88
41 88
42 89
42 89
43 90
44 90
44 90
45 90
46 89
47 89
47 89
48 88
48 87
48 87
49 86
50 85
50 85
51 84
52 83
52 83
52 82
53 81
53 80
53 80
53 79
53 78
53 77
53 77
53 76
54 75
54 74
54 74
54 73
53 72
53 71
53 70
53 70
53 69
53 68
53 67
53 67
52 66
52 66
51 66
51 66
50 67
50 67
49 68
49 69
49 69
49 70
49 71
49 72
49 72
49 73
49 74
49 75
49 76
49 76
49 77
49 78
49 79
49 80
49 80
49 81
50 82
50 83
50 83
50 84
51 85
51 86
51 86
52 87
52 88
52 88
53 89
53 89
54 90
55 90
55 90
56 90
57 90
57 90
58 89
59 89
59 89
60 88
61 87
61 87
62 86
62 85
62 85
63 84
63 83
64 82
64 82
64 81
65 80
65 79
65 79
65 78
65 77
66 76
66 75
66 74
66 74
66 73
66 72
67 71
67 70
67 69
67 69
67 68
67 67
67 66
67 65
67 64
67 63
67 63
67 62
67 61
67 60
68 59
68 58
68 57
68 56
68 55
68 55
68 54
68 53
68 52
68 51
68 50
68 49
68 48
68 47
68 46
68 46
68 45
68 44
68 43
68 42
68 41
68 40
68 39
68 38
68 37
68 37
68 36
68 35
68 34
68 33
68 32
68 31
68 30
68 30
68 29
68 28
68 27
68 26
68 25
68 25
68 24
68 23
68 22
68 22
68 22
68 22
68 23
68 23
68 24
68 25
68 26
68 27
68 28
68 28
68 29
68 30
68 31
68 32
68 33
68 33
68 34
68 35
68 36
68 37
68 38
68 39
68 40
68 40
68 41
68 42
69 43
69 44
69 45
69 46
69 46
69 47
69 48
69 49
69 50
69 51
69 52
69 53
69 53
69 54
69 55
69 56
70 57
70 58
70 59
70 60
70 60
70 61
70 62
70 63
70 64
70 65
70 65
70 66
70 67
70 68
70 69
70 70
70 71
70 71
70 72
70 73
70 74
70 75
70 76
70 76
70 77
71 78
71 79
71 80
71 80
71 81
72 82
72 83
72 83
73 84
73 85
73 85
74 86
74 86
75 85
76 85
76 85
77 84
77 84
78 83
78 82
78 82
78 81
78 80
78 79
78 79
78 78
78 77
78 76
78 76
78 75
78 74
78 73
78 72
78 72
78 71
78 70
77 69
77 68
77 67
77 67
77 66
76 65
76 64
76 64
76 63
76 62
76 62
75 61
75 61
75 61
75 62
75 63
75 63
75 64
75 65
75 65
75 66
76 67
76 68
76 68
76 69
76 70
76 71
76 71
76 72
77 73
77 74
77 75
77 75
78 76
79 77
79 77
80 78
80 79
80 79
81 80
82 81
82 81
83 82
83 83
83 83
84 83
85 83
85 83
86 82
86 82
87 81
87 81
88 80
88 80
89 79
89 78
89 78
89 77
89 76
89 76
89 75
89 74
89 74
89 73
89 72
89 71
89 71
88 70
88 69
88 69
87 68
87 68
87 67
87 66
87 66
87 65
87 64
87 64
86 63
86 63
87 62
87 61
87 61
87 60
87 60
88 59
88 59
89 58
89 58
90 58
90 58
91 58
92 58
92 58
93 58
93 58
94 59
95 59
95 59
96 58
96 58
97 58
98 58
98 58
99 57
100 57
100 57
99 56
98 56
97 55
96 55
95 54
94 54
93 53
92 53
91 52
90 52
89 51
88 51
87 50
86 50
85 49
84 48
83 48
82 47
81 47
80 46
79 46
78 45
77 45
76 44
75 44
74 43
73 43
72 42
71 41
70 41
69 40
68 40
67 39
66 39
65 38
64 38
63 37
62 37
61 36
60 36
59 35
58 35
57 34
57 34
57 34
57 34
57 34
58 34
59 34
59 34
60 35
61 35
61 35
62 35
63 35
63 35
64 35
65 35
65 35
66 35
67 35
68 35
68 35
69 35
70 35
71 35
71 35
72 35
73 34
74 34
74 34
73 33
72 32
71 31
70 30
69 29
68 28
67 27
66 26
65 25
64 24
63 23
62 22
61 21
60 20
59 19
58 18
57 17
56 16
55 15
54 14
53 13
52 12
51 11
50 10
49 9
48 8
47 7
46 6
46 6
47 7
47 7
47 6
47 6
47 5
47 4
47 3
47 2
47 1
47 1
47 0
