8 6
8 6
8 6
8 6
8 6
8 6
8 6
8 6
8 6
8 7
8 7
8 8
8 9
8 9
8 10
8 11
8 11
8 12
9 13
9 14
9 15
9 15
9 16
9 17
9 18
9 19
9 19
9 20
9 21
9 22
9 23
9 24
9 25
9 25
9 26
9 27
10 28
10 29
10 30
10 31
10 31
10 32
10 33
10 34
10 35
10 36
10 37
10 37
10 38
10 39
11 40
11 41
11 42
11 43
11 43
11 44
11 45
11 46
11 47
11 48
11 49
11 50
11 50
11 51
11 52
11 53
11 54
11 55
11 55
11 56
11 57
12 58
12 59
12 60
12 60
12 61
12 62
12 63
12 64
12 65
12 65
12 66
12 67
12 68
12 69
12 70
12 70
12 71
12 72
12 73
12 74
12 75
12 75
12 76
11 77
11 78
11 79
11 79
11 80
11 81
11 82
11 83
11 84
11 84
11 85
10 86
10 87
10 88
10 88
10 89
10 90
10 90
10 91
9 92
9 93
9 93
8 94
8 95
8 95
8 96
8 97
8 97
7 98
7 98
6 99
6 99
5 100
5 100
5 100
4 100
4 100
3 100
3 100
2 99
2 99
1 98
1 97
1 97
0 96
0 95
0 95
0 94
0 93
0 93
0 92
0 91
0 90
0 90
0 89
0 88
0 88
0 87
0 86
0 85
0 85
0 84
0 83
0 82
0 82
1 81
1 80
1 80
1 79
1 78
1 78
2 77
2 76
2 76
3 75
3 75
4 74
4 74
4 74
5 73
5 73
6 74
6 74
7 75
7 75
7 76
7 76
8 77
8 77
9 78
9 78
9 79
9 80
9 80
10 81
10 81
10 82
10 83
10 83
11 84
11 84
12 85
12 85
13 85
13 85
13 86
13 86
14 87
14 87
15 87
15 87
16 87
16 87
17 87
17 87
18 86
18 86
19 86
19 86
20 85
20 85
21 84
21 84
22 83
22 82
22 82
23 81
23 81
24 80
24 79
24 79
25 78
25 77
25 77
26 76
27 75
27 75
28 74
28 73
28 73
28 72
29 71
29 70
29 70
29 69
30 68
30 67
30 66
30 66
30 65
31 64
31 63
31 63
31 62
31 61
31 60
31 59
31 59
31 58
32 57
32 56
32 56
32 55
32 54
32 53
32 52
32 52
32 51
33 50
33 49
33 48
33 48
33 47
33 46
33 45
33 44
33 44
33 43
33 42
33 41
33 40
33 40
33 39
33 38
33 37
33 37
33 36
33 35
33 34
33 34
33 33
32 32
32 31
32 30
32 30
32 29
32 28
32 27
32 27
32 26
31 25
31 24
31 24
31 23
31 22
31 21
31 20
31 20
30 19
30 18
30 18
30 17
29 16
29 15
29 15
29 14
28 13
28 12
28 12
27 11
27 10
27 10
26 9
25 8
25 8
24 7
24 6
24 6
23 5
23 4
23 4
22 3
21 2
21 2
20 1
20 1
19 1
18 1
18 1
17 0
16 0
16 0
15 1
15 1
14 2
14 2
13 3
12 3
12 3
11 4
11 5
11 5
10 6
9 7
9 7
8 8
8 9
8 9
8 10
7 11
7 12
7 12
6 13
6 14
6 14
5 15
5 16
5 16
5 17
5 18
5 19
5 19
5 20
5 21
5 21
6 22
6 23
7 24
7 25
8 26
8 27
9 28
9 29
10 30
10 31
11 32
11 33
12 34
12 35
13 36
13 37
14 38
14 39
15 40
15 41
16 42
16 43
17 44
18 45
18 46
19 47
19 48
20 49
20 50
21 51
21 52
22 53
22 54
23 55
23 56
24 57
24 58
25 59
25 60
26 61
26 62
27 63
27 64
28 65
28 66
29 67
29 68
30 69
30 69
30 69
30 68
31 67
31 66
31 66
31 65
31 65
31 65
32 64
32 64
33 63
33 63
34 63
34 63
35 62
35 62
36 62
37 62
37 62
38 62
38 62
39 62
39 62
39 62
40 62
40 62
40 63
40 63
40 64
40 64
40 65
40 65
40 66
40 67
40 67
40 68
40 69
40 69
40 70
39 71
39 72
39 72
39 73
39 74
39 75
39 75
38 76
38 77
38 77
38 78
38 79
38 80
38 80
37 81
37 82
37 82
37 83
37 84
37 85
37 85
37 86
37 87
37 88
37 88
37 89
37 90
37 90
38 91
38 91
38 92
38 93
38 93
39 94
39 94
39 95
39 95
40 96
40 96
41 97
41 97
41 97
42 98
42 98
43 98
43 98
44 97
44 97
44 96
44 96
45 95
45 95
46 94
47 93
47 93
48 92
48 91
48 91
49 90
49 89
49 89
49 88
50 87
50 86
50 86
50 85
51 84
51 83
51 83
51 82
52 81
52 80
52 80
52 79
52 78
52 77
52 76
52 76
53 75
53 74
53 74
53 73
54 72
54 71
54 71
54 70
54 69
54 69
54 68
54 68
54 68
54 67
54 67
54 66
54 66
53 66
53 66
52 66
52 66
52 66
51 67
51 67
50 68
50 68
50 69
50 69
49 70
49 71
49 71
49 72
49 73
49 73
49 74
49 74
48 75
48 76
48 76
48 77
48 78
48 78
49 79
49 80
49 80
49 81
49 82
49 82
50 83
50 83
50 84
50 85
50 85
51 86
51 87
51 87
51 88
51 88
52 89
52 89
53 90
53 90
53 91
53 91
54 91
54 91
54 91
55 91
55 91
56 91
56 91
57 90
57 90
58 89
58 89
59 88
59 87
59 87
60 86
60 85
60 85
61 84
61 83
61 83
61 82
62 81
62 80
62 80
62 79
63 78
63 77
63 77
63 76
64 75
64 74
64 74
64 73
64 72
65 71
65 70
65 69
65 69
65 68
66 67
66 66
66 65
66 65
66 64
66 63
67 62
67 61
67 60
67 60
67 59
68 58
68 57
68 56
68 56
68 55
69 54
69 53
69 52
69 52
69 51
69 50
70 49
70 48
70 47
70 47
70 46
70 45
71 44
71 43
71 42
71 41
71 41
71 40
71 39
71 38
71 37
71 37
71 36
71 35
71 34
71 34
72 33
72 32
72 32
72 31
72 30
72 30
72 30
71 29
71 29
71 29
71 30
71 30
70 31
70 32
70 32
70 33
70 33
70 34
69 35
69 36
69 36
69 37
69 38
69 39
69 39
69 40
68 41
68 42
68 42
68 43
68 44
68 45
68 46
68 47
68 47
68 48
68 49
68 50
68 51
68 52
68 52
68 53
67 54
67 55
67 56
67 56
67 57
67 58
67 59
67 60
67 61
67 61
67 62
67 63
67 64
67 65
67 65
67 66
67 67
67 68
67 69
67 69
67 70
67 71
67 72
67 73
67 73
67 74
67 75
67 76
67 76
67 77
67 78
67 79
67 79
67 80
67 81
67 82
67 82
67 83
67 84
67 85
67 85
68 86
68 87
68 87
68 88
68 89
68 89
68 90
68 90
68 91
68 91
69 92
69 92
69 93
69 93
70 94
70 94
70 94
71 94
71 94
71 94
72 94
72 94
72 94
73 94
73 94
74 93
74 93
74 93
75 92
75 92
76 91
76 91
77 90
77 89
77 89
78 88
78 88
78 87
78 86
78 86
79 85
79 84
79 84
79 83
79 82
79 82
79 81
80 80
80 79
80 79
81 78
81 77
81 77
81 76
81 75
81 75
81 74
81 73
81 72
81 72
81 71
81 70
81 70
81 69
81 68
81 68
81 67
81 66
81 66
81 65
81 65
81 64
81 64
80 63
80 63
80 63
79 62
79 62
79 62
78 62
78 62
78 62
78 63
78 63
77 63
77 63
77 64
77 64
77 65
77 65
76 66
76 67
76 67
76 68
76 68
75 69
75 70
75 70
75 71
75 71
75 72
75 72
74 73
74 74
74 74
74 75
74 75
74 76
74 77
74 77
75 78
75 78
75 79
75 80
75 80
75 81
75 81
76 82
76 83
76 83
76 84
76 84
76 85
76 85
77 86
77 86
77 87
77 87
78 88
78 88
78 88
79 89
79 89
80 89
80 89
80 89
81 89
81 89
82 88
82 88
82 87
82 87
83 86
83 86
83 85
83 84
83 84
84 83
84 82
84 82
84 81
84 80
84 79
84 79
84 78
84 77
84 76
84 75
84 75
84 74
85 73
85 72
85 72
85 71
85 70
85 69
85 68
85 68
85 67
86 66
86 65
86 65
87 64
87 64
87 64
88 65
88 65
88 66
88 66
89 67
89 68
89 68
89 69
89 70
89 70
89 71
89 72
89 73
89 73
89 74
90 75
90 76
90 76
90 77
90 78
90 78
90 79
90 80
90 81
90 81
90 82
90 83
90 83
90 84
90 84
90 85
90 85
89 86
89 86
89 86
89 86
89 85
89 85
89 84
89 84
89 83
89 82
89 82
89 81
89 80
89 80
89 79
90 78
90 77
90 76
90 76
90 75
91 74
91 73
91 72
91 72
92 71
92 70
93 69
93 69
94 68
94 67
94 67
95 66
95 65
95 65
96 65
96 65
97 65
98 65
98 65
99 65
99 65
99 65
100 66
100 66
100 66
99 66
99 66
98 66
97 65
96 65
95 65
94 65
93 64
92 64
91 64
90 64
89 63
88 63
87 63
86 63
85 62
84 62
83 62
82 62
81 61
80 61
79 61
78 61
77 60
76 60
75 60
74 60
73 59
72 59
71 59
70 59
69 58
68 58
67 58
66 58
65 57
64 57
63 57
62 57
61 56
60 56
60 56
59 55
59 55
59 54
59 54
58 54
58 54
58 53
58 53
58 53
58 53
58 53
58 53
58 52
58 52
59 52
59 52
60 52
60 52
60 52
61 52
61 52
62 52
62 52
63 52
64 52
64 52
65 52
65 52
66 52
67 52
67 52
68 52
68 52
69 53
69 53
70 53
70 53
71 53
71 53
71 53
71 53
71 53
70 52
69 52
68 51
67 51
66 50
65 50
64 49
63 49
62 48
61 48
60 47
59 47
58 46
57 46
56 45
55 44
54 44
53 43
52 43
51 42
50 42
49 41
48 41
47 40
46 40
45 39
44 39
43 38
42 38
41 37
41 37
42 37
42 37
42 36
42 35
42 35
42 35
42 36
42 36
43 36
43 36
43 37
43 37
44 38
44 38
44 39
44 40
44 40
45 41
45 41
45 41
45 41
45 42
