11 4
11 3
12 2
12 1
12 1
11 0
11 0
11 1
11 1
11 2
11 2
11 3
11 3
11 4
11 5
11 5
11 6
11 7
11 8
11 8
11 9
11 10
11 11
11 12
11 13
11 13
11 14
11 15
11 16
11 17
11 17
11 18
11 19
12 20
12 21
12 22
12 23
12 23
12 24
12 25
12 26
12 27
12 28
12 29
12 29
12 30
12 31
12 32
12 33
12 34
12 35
12 36
12 37
12 38
12 38
12 39
12 40
12 41
12 42
13 43
13 44
13 45
13 46
13 47
13 47
13 48
13 49
13 50
13 51
13 52
13 53
13 54
13 55
13 56
13 56
13 57
13 58
13 59
13 60
13 61
13 62
13 63
13 64
13 64
13 65
13 66
13 67
13 68
13 69
13 70
13 71
13 72
13 72
13 73
13 74
12 75
12 76
12 77
12 78
12 78
12 79
12 80
12 81
12 82
12 83
12 84
12 85
12 85
12 86
11 87
11 88
11 89
11 89
11 90
10 91
10 92
10 93
10 93
10 94
9 95
9 96
9 97
9 97
8 98
7 99
7 99
6 100
6 100
5 100
4 100
4 100
3 99
3 99
2 98
1 97
1 97
1 96
0 95
0 94
0 94
0 93
0 92
0 91
0 90
0 90
0 89
0 88
0 87
0 87
0 86
0 85
0 85
0 84
0 83
0 82
0 82
1 81
1 81
1 80
1 80
2 80
3 80
3 80
4 81
4 81
5 82
6 83
6 83
7 84
8 84
8 84
9 85
10 85
11 86
11 86
12 87
13 87
13 87
14 87
15 87
15 87
16 87
16 87
17 87
18 87
18 87
19 86
20 86
20 86
21 85
21 84
21 84
21 83
22 82
22 81
22 81
22 80
23 79
23 78
23 77
23 77
23 76
24 75
24 74
24 73
24 73
24 72
24 71
24 70
24 69
24 68
24 67
24 67
24 66
24 65
24 64
24 63
24 62
24 61
24 60
24 59
24 59
24 58
24 57
24 56
23 55
23 54
23 53
23 52
23 51
23 51
23 50
23 49
23 48
23 47
23 46
23 45
23 44
23 43
23 42
23 41
23 41
23 40
23 39
23 38
23 37
22 36
22 35
22 34
22 33
22 32
22 32
22 31
22 30
22 29
21 28
21 27
21 26
21 25
21 25
21 24
21 23
20 22
20 21
20 20
20 20
19 19
19 18
18 17
18 16
18 16
17 15
17 15
16 14
15 14
15 14
14 15
13 15
13 15
12 16
11 16
11 16
10 17
9 17
9 17
8 18
8 19
7 20
7 20
6 21
6 22
6 22
6 23
5 24
5 25
5 26
5 26
5 27
4 28
4 29
4 30
4 30
4 31
4 32
4 33
4 34
4 35
4 35
5 36
5 37
6 38
6 39
7 40
7 41
8 42
8 43
9 44
9 45
10 46
10 47
11 48
11 49
12 50
12 51
13 52
13 53
14 54
14 55
15 56
15 57
16 58
16 59
17 60
17 61
18 62
18 63
19 64
19 65
20 66
20 67
21 68
21 69
22 70
22 71
23 72
23 73
24 74
24 75
25 76
25 77
26 78
26 79
27 80
27 80
26 80
26 80
26 79
26 79
26 78
26 78
26 78
25 78
25 78
25 78
25 78
25 78
25 78
25 79
25 79
26 80
26 80
26 81
26 82
26 82
26 83
27 84
27 85
27 85
28 86
28 87
28 87
29 88
29 89
29 89
30 90
30 91
30 91
31 92
31 92
32 92
32 92
33 91
34 91
34 91
35 90
36 90
36 90
37 89
37 88
37 88
38 87
38 86
39 85
39 85
39 84
40 83
40 82
40 82
40 81
41 80
41 79
41 78
41 78
41 77
41 76
41 75
41 74
41 74
41 73
42 72
42 71
42 70
42 70
42 69
42 68
42 67
42 67
42 66
42 65
42 65
42 65
42 65
42 65
42 65
42 66
42 67
42 67
42 68
42 69
42 70
42 70
42 71
42 72
42 73
42 73
42 74
42 75
42 76
42 76
42 77
43 78
43 79
43 79
43 80
43 81
43 82
43 82
44 83
44 84
44 84
44 85
44 86
44 86
45 87
45 88
45 88
46 88
46 88
47 89
48 89
48 89
49 88
49 88
50 87
51 87
51 87
52 86
52 86
53 85
54 84
54 84
55 83
55 82
55 82
56 81
56 80
57 79
57 79
58 78
58 77
58 77
58 76
58 75
58 74
58 74
59 73
59 72
59 72
59 71
58 70
58 69
58 69
58 68
58 67
58 67
58 66
57 65
57 64
57 64
57 63
57 63
56 62
56 62
56 62
55 62
55 62
55 63
55 63
55 64
55 65
55 65
55 66
55 67
55 68
55 69
55 69
55 70
55 71
55 72
55 72
55 73
55 74
55 75
55 76
55 76
55 77
55 78
55 79
55 79
56 80
56 81
56 81
56 82
57 83
57 84
57 84
57 85
57 86
57 86
58 87
58 87
59 88
60 88
60 88
61 88
61 88
62 88
62 88
63 87
64 86
64 86
65 85
65 84
65 84
65 83
66 82
66 81
66 81
66 80
67 79
67 78
67 78
67 77
68 76
68 75
68 74
68 74
68 73
68 72
69 71
69 70
69 69
69 69
69 68
69 67
69 66
69 65
69 64
69 63
69 63
69 62
69 61
69 60
70 59
70 58
70 57
70 56
70 56
70 55
70 54
70 53
70 52
70 51
70 50
70 49
70 49
70 48
70 47
70 46
70 45
70 44
70 43
70 42
70 42
70 41
70 40
69 39
69 38
69 37
69 36
69 36
69 35
69 34
69 33
69 33
69 32
69 31
69 31
69 30
69 30
69 30
69 31
69 32
69 32
69 33
69 34
69 35
69 35
69 36
69 37
69 38
69 39
69 40
69 40
69 41
69 42
69 43
69 44
69 45
69 45
69 46
69 47
69 48
69 49
69 50
69 50
69 51
69 52
69 53
69 54
69 55
69 55
69 56
69 57
69 58
69 59
69 60
69 61
69 61
69 62
69 63
69 64
69 65
69 66
69 67
69 67
69 68
69 69
69 70
69 71
69 72
69 72
69 73
69 74
70 75
70 76
70 77
70 77
70 78
70 79
70 80
70 81
70 81
70 82
71 83
71 84
71 85
71 85
72 86
72 87
72 87
73 88
74 89
74 89
75 90
75 90
76 90
77 90
77 90
78 90
78 90
79 89
79 88
79 88
80 87
80 86
80 86
81 85
81 84
81 84
81 83
81 82
81 81
81 81
81 80
80 79
80 78
80 78
80 77
80 76
80 75
80 75
79 74
79 73
79 73
78 72
78 71
78 71
77 71
77 71
76 71
76 71
76 71
76 72
76 72
76 73
76 74
76 74
76 75
76 76
76 77
76 77
76 78
76 79
76 80
76 81
76 81
76 82
77 83
77 84
77 84
78 85
78 86
78 86
79 87
79 87
80 88
80 88
81 89
82 89
82 89
83 89
83 89
84 88
84 88
85 87
86 87
86 87
86 86
86 85
86 85
87 84
87 83
87 83
88 82
88 81
88 81
88 80
88 79
88 79
88 78
89 77
89 76
89 76
89 75
89 75
89 75
89 75
89 76
89 76
89 77
89 78
89 78
89 79
89 80
89 81
89 81
90 82
90 83
90 83
90 84
90 85
90 85
90 86
90 86
91 86
91 86
91 86
91 86
91 85
91 84
91 84
92 83
92 83
92 82
92 81
92 81
92 80
92 79
92 79
92 78
92 77
92 76
92 76
93 75
93 74
93 74
93 73
94 72
94 71
94 70
94 70
94 69
95 68
95 67
95 67
95 66
96 65
96 64
96 64
97 63
97 62
97 62
98 61
98 61
99 60
99 60
100 59
100 59
99 59
98 58
97 58
96 57
95 57
94 57
93 56
92 56
91 55
90 55
89 55
88 54
87 54
86 53
85 53
84 53
83 52
82 52
81 51
80 51
79 50
78 50
77 50
76 49
75 49
74 48
73 48
72 48
71 47
70 47
69 46
68 46
67 46
66 45
65 45
64 44
63 44
63 44
64 44
64 44
64 43
64 42
64 42
64 42
64 42
65 43
65 43
65 44
65 44
66 44
66 44
67 44
67 44
68 45
69 46
69 46
70 46
71 46
71 46
72 46
73 46
73 46
74 46
75 46
75 46
76 46
77 46
77 46
76 45
75 44
74 43
73 42
72 41
71 40
70 40
69 39
68 38
67 37
66 36
65 35
64 34
63 33
62 32
61 31
60 30
59 29
58 29
57 28
56 27
55 26
54 25
53 24
52 23
51 22
50 21
49 20
48 19
47 18
46 18
45 17
44 16
43 15
42 14
41 13
41 13
42 12
42 12
42 11
42 10
42 9
42 9
42 8
42 7
42 7
41 6
41 6
41 7
