11 4
11 3
11 3
11 2
11 1
11 1
10 0
10 0
10 0
10 1
10 1
10 2
10 3
10 4
10 4
10 5
10 6
10 7
10 7
10 8
10 9
10 10
10 11
10 11
10 12
10 13
11 14
11 15
11 16
11 17
11 17
11 18
11 19
11 20
11 21
11 22
11 23
11 24
11 25
11 25
11 26
11 27
11 28
11 29
11 30
11 31
11 32
11 33
11 34
11 34
11 35
11 36
11 37
11 38
11 39
10 40
10 41
10 42
10 43
10 44
10 45
10 45
10 46
10 47
10 48
10 49
10 50
10 51
10 52
10 53
10 54
10 55
10 56
10 56
10 57
10 58
10 59
10 60
9 61
9 62
9 63
9 64
9 65
9 65
9 66
9 67
9 68
8 69
8 70
8 71
8 72
8 73
8 73
8 74
7 75
7 76
7 77
7 78
6 79
6 80
6 80
6 81
6 82
5 83
5 84
5 85
5 86
5 86
5 87
4 88
4 89
4 90
4 90
3 91
2 91
2 91
1 91
1 91
1 90
0 89
0 88
0 88
0 87
0 86
0 85
0 84
0 83
0 83
0 82
0 81
0 80
0 79
0 78
0 77
0 76
0 75
0 75
0 74
0 73
0 72
0 71
0 70
0 69
0 69
0 68
0 67
0 66
0 65
0 64
0 63
0 63
0 62
1 61
1 60
1 60
1 59
1 58
1 58
2 57
2 56
2 56
2 56
2 57
2 57
3 58
3 59
3 59
3 60
4 61
4 62
4 62
4 63
5 64
5 65
5 66
5 66
6 67
6 68
7 69
7 70
7 70
7 71
8 72
8 73
9 74
9 75
9 75
10 76
10 77
11 78
11 78
12 79
12 80
13 81
13 81
14 82
15 82
15 82
16 82
17 82
17 82
18 82
19 81
20 81
20 81
21 80
22 79
22 79
23 78
24 78
25 77
25 77
26 76
26 75
27 74
27 74
28 73
28 72
29 71
29 71
29 70
30 69
30 68
30 68
30 67
31 66
31 65
31 65
31 64
31 63
31 62
31 62
31 61
31 60
31 59
31 59
31 58
31 57
31 56
31 55
31 55
31 54
31 53
30 52
30 51
30 50
30 50
30 49
30 48
29 47
29 46
29 45
29 44
29 44
29 43
29 42
28 41
28 40
28 39
28 38
28 38
28 37
27 36
27 35
26 34
26 33
26 33
25 32
25 31
24 30
24 29
23 28
23 27
23 27
23 26
22 25
22 24
22 23
22 22
21 21
21 20
21 19
21 19
20 18
20 17
19 16
19 15
19 15
18 14
17 13
17 13
16 12
15 12
15 12
14 13
13 13
13 13
12 13
11 14
10 14
10 14
9 15
8 16
7 17
7 17
6 18
5 19
5 19
4 19
3 20
2 20
2 20
1 20
1 20
0 20
0 20
0 20
0 20
0 21
1 22
1 23
2 24
2 25
3 26
3 27
3 28
4 29
4 30
5 31
5 32
6 33
6 34
6 35
7 36
7 37
8 38
8 39
9 40
9 41
9 42
10 43
10 44
11 45
11 46
12 47
12 48
12 49
13 50
13 51
14 52
14 53
14 54
15 55
15 56
16 57
16 58
17 59
17 60
17 61
18 62
18 63
19 64
19 65
20 66
20 67
20 68
21 69
21 70
22 71
22 72
23 73
23 74
23 74
23 75
23 76
24 77
24 78
24 79
24 79
23 78
22 78
22 78
22 79
22 79
22 80
22 80
23 81
23 82
23 82
24 82
24 82
25 81
25 81
26 80
27 79
27 79
28 78
28 77
29 76
29 75
29 75
30 74
30 73
31 72
31 71
31 71
31 70
32 69
32 68
33 67
33 66
33 66
34 65
34 64
35 63
35 62
35 62
35 61
35 60
36 59
36 58
36 57
36 57
37 56
37 55
38 54
38 53
38 53
38 52
39 51
39 50
39 49
39 49
39 48
39 48
40 48
40 48
40 49
40 50
40 50
40 51
39 52
39 53
39 53
39 54
39 55
39 56
39 57
39 58
39 58
39 59
39 60
38 61
38 62
38 63
38 63
38 64
38 65
38 66
38 67
38 67
38 68
38 69
38 70
38 71
38 72
38 72
38 73
38 74
38 75
38 76
38 76
38 77
38 78
38 79
38 79
38 80
39 81
39 82
39 82
39 83
40 84
40 85
40 85
41 86
42 86
42 86
43 87
43 87
44 86
45 86
45 86
46 85
47 84
47 84
48 83
49 82
49 82
50 81
50 80
51 79
51 78
51 78
51 77
51 76
52 75
52 74
52 73
52 73
52 72
53 71
53 70
53 69
53 69
53 68
54 67
54 66
54 66
54 65
54 64
54 64
54 63
54 62
54 62
53 61
53 60
53 60
53 59
53 59
52 59
52 59
51 59
50 59
50 59
49 60
49 60
48 61
48 62
48 62
48 63
47 64
47 65
47 65
47 66
46 67
46 68
46 68
46 69
46 70
46 71
46 71
46 72
46 73
46 74
46 74
46 75
46 76
46 77
46 78
46 78
46 79
46 80
46 81
46 81
46 82
47 83
47 84
47 84
47 85
48 86
48 87
48 87
49 88
49 89
49 89
50 90
50 90
51 90
52 90
52 90
53 90
53 90
54 89
55 89
55 89
56 88
56 87
57 86
57 86
58 85
58 84
58 84
59 83
59 82
60 81
60 80
60 80
60 79
61 78
61 77
61 77
61 76
61 75
62 74
62 73
62 72
62 72
63 71
63 70
64 69
64 68
64 68
64 67
64 66
65 65
65 64
65 63
65 62
65 62
65 61
66 60
66 59
66 58
67 57
67 56
67 56
67 55
67 54
67 53
67 52
68 51
68 50
68 49
68 48
68 47
68 47
68 46
69 45
69 44
69 43
69 42
70 41
70 40
70 39
70 39
70 38
70 37
70 36
70 35
70 34
70 33
70 32
70 31
70 30
70 30
70 29
70 28
70 27
71 26
71 25
71 24
71 23
71 22
71 22
71 21
71 20
71 19
71 18
71 17
71 17
70 16
70 15
70 15
70 14
70 14
70 14
70 15
70 15
69 16
69 16
69 17
68 18
68 19
68 20
68 20
68 21
67 22
67 23
67 24
67 24
67 25
67 26
66 27
66 28
66 29
66 30
66 30
66 31
66 32
66 33
66 34
66 35
66 36
66 37
66 37
66 38
66 39
66 40
65 41
65 42
65 43
65 44
65 45
65 45
65 46
65 47
65 48
65 49
65 50
65 51
65 52
65 53
65 53
65 54
65 55
65 56
64 57
64 58
64 59
64 60
64 61
64 61
64 62
64 63
64 64
64 65
64 66
64 67
64 67
64 68
64 69
64 70
64 71
64 72
64 73
64 73
64 74
64 75
64 76
64 77
64 78
64 79
64 79
64 80
64 81
65 82
65 83
65 84
65 84
65 85
65 86
65 87
65 88
65 89
65 89
65 90
65 91
66 92
66 93
66 94
66 94
66 95
66 96
66 97
66 98
66 98
67 99
67 100
67 100
68 100
69 100
69 100
70 100
70 100
71 99
71 98
72 97
72 97
72 96
73 95
73 94
74 93
74 92
74 92
74 91
74 90
75 89
75 88
75 87
75 86
75 86
75 85
76 84
76 83
76 82
76 81
77 80
77 79
77 79
77 78
77 77
78 76
78 75
78 74
78 74
78 73
78 72
78 71
78 70
78 70
77 69
77 69
76 68
76 68
75 68
75 68
74 68
74 68
73 69
73 70
73 70
73 71
72 72
72 73
72 73
72 74
71 75
71 76
71 77
71 77
71 78
71 79
71 80
71 81
71 82
71 82
71 83
71 84
71 85
71 86
71 86
71 87
71 88
71 89
71 90
71 90
72 91
72 92
72 92
73 93
74 94
74 94
75 95
75 95
76 95
77 95
77 95
78 95
78 95
79 94
80 93
81 92
81 92
82 91
82 90
83 89
83 88
83 88
83 87
84 86
84 85
85 84
85 83
85 83
85 82
86 81
86 80
86 80
87 79
87 78
87 78
88 77
88 77
88 78
88 78
88 79
88 79
88 80
87 81
87 82
87 82
87 83
86 84
86 85
86 86
86 86
86 87
86 88
86 89
86 90
86 91
86 91
86 92
85 93
85 94
84 95
84 96
84 96
84 97
84 98
84 99
84 99
84 100
84 100
84 100
84 99
84 98
84 97
84 97
84 96
85 95
85 94
85 93
85 93
85 92
86 91
86 90
86 89
86 89
87 88
87 87
88 86
88 85
88 85
88 84
89 83
89 82
89 81
89 81
90 80
90 79
91 78
91 78
92 77
93 76
93 76
94 75
94 74
95 73
95 73
96 72
96 71
96 71
97 70
98 69
98 69
99 68
99 68
100 67
100 67
99 66
98 66
97 65
96 64
95 63
94 63
93 62
92 61
91 61
90 60
89 59
88 58
87 58
86 57
85 56
84 56
83 55
82 54
81 53
80 53
79 52
78 51
77 51
76 50
75 49
74 49
73 48
72 47
71 46
70 46
69 45
68 44
67 44
66 43
65 42
64 41
63 41
62 40
61 39
60 39
59 38
58 37
57 36
56 36
55 35
55 35
54 36
54 37
54 37
54 36
54 35
54 35
54 34
54 34
55 34
55 34
56 33
56 33
57 33
58 33
59 33
59 33
60 32
61 32
61 32
62 32
63 32
64 32
64 32
65 33
66 33
66 33
67 33
68 34
69 34
69 34
70 34
70 34
71 34
71 34
72 34
72 34
73 33
73 33
72 33
71 33
70 32
69 32
68 32
67 32
66 32
65 31
64 31
63 31
62 31
61 31
60 30
59 30
58 30
57 30
56 30
55 29
54 29
53 29
52 29
51 28
50 28
49 28
48 28
47 28
46 27
45 27
44 27
43 27
42 27
41 26
40 26
39 26
38 26
37 26
36 25
35 25
34 25
34 25
34 25
33 24
33 24
33 23
33 23
33 23
33 23
33 23
33 24
