9 15
9 14
9 13
9 12
9 11
9 10
9 9
9 8
9 8
9 7
9 6
9 6
8 5
8 4
8 4
8 4
8 4
8 5
8 6
8 6
8 7
8 8
8 9
8 9
8 10
8 11
8 12
8 13
8 14
8 15
8 15
8 16
8 17
8 18
8 19
8 20
8 21
8 21
8 22
8 23
8 24
8 25
8 26
8 27
8 28
8 29
8 30
8 31
8 32
8 32
8 33
8 34
8 35
8 36
8 37
8 38
8 39
8 40
8 41
8 42
8 43
8 44
8 44
8 45
8 46
8 47
8 48
8 49
7 50
7 51
7 52
7 53
7 54
7 55
7 56
7 56
7 57
7 58
7 59
7 60
7 61
6 62
6 63
6 64
6 65
6 66
6 67
6 68
6 68
6 69
6 70
6 71
6 72
5 73
5 74
5 75
5 76
5 77
5 77
5 78
5 79
5 80
4 81
4 82
4 83
4 84
4 84
4 85
3 86
3 87
3 88
3 88
3 89
3 90
3 90
2 90
2 90
1 89
1 89
1 88
0 87
0 86
0 86
0 85
0 84
0 83
0 82
0 81
0 81
0 80
0 79
0 78
0 77
0 77
0 76
0 75
0 74
0 73
0 72
0 72
0 71
0 70
0 69
0 69
1 68
1 67
1 67
2 66
2 65
2 65
3 64
3 64
4 64
4 64
5 64
5 64
5 65
6 66
6 67
6 67
6 68
7 69
7 70
7 71
7 71
7 72
8 73
8 74
8 75
9 76
9 77
9 77
9 78
9 79
10 80
10 81
10 82
10 83
10 83
10 84
10 85
11 86
11 87
11 88
11 89
11 89
12 90
12 91
13 92
13 93
13 93
14 94
14 95
14 95
15 95
16 95
16 95
17 94
17 94
18 93
19 93
19 93
19 92
20 91
20 90
21 89
21 88
21 88
21 87
21 86
22 85
22 84
22 83
22 82
22 82
22 81
22 80
22 79
23 78
23 77
23 76
23 75
23 75
23 74
23 73
23 72
24 71
24 70
24 69
24 68
24 68
24 67
24 66
24 65
24 64
24 63
24 62
24 61
24 61
24 60
24 59
24 58
24 57
24 56
24 55
24 55
24 54
24 53
23 52
23 51
23 50
23 50
23 49
23 48
22 47
22 46
22 45
22 45
22 44
21 43
21 42
21 41
20 40
20 39
20 39
19 38
19 37
18 36
18 35
17 34
17 34
17 33
16 32
16 31
15 30
15 29
15 29
14 28
13 27
13 26
12 25
12 25
11 24
11 23
10 22
10 21
10 21
9 20
8 19
8 19
7 18
6 18
6 18
5 19
4 19
4 19
3 20
3 21
3 21
2 22
2 23
1 24
1 24
1 25
0 26
0 27
0 27
0 28
0 28
0 28
0 28
0 29
1 30
1 31
2 32
2 33
2 34
3 35
3 36
4 37
4 38
4 39
5 40
5 41
6 42
6 43
6 44
7 45
7 46
8 47
8 48
8 49
9 50
9 51
10 52
10 53
11 54
11 55
11 56
12 57
12 58
13 59
13 60
13 61
14 62
14 63
15 64
15 65
15 66
16 67
16 68
17 69
17 70
17 71
18 72
18 73
19 74
19 75
19 76
20 77
20 78
21 79
21 80
21 80
21 79
21 78
21 78
21 78
21 78
21 79
21 79
21 79
21 79
22 78
22 78
23 78
23 78
24 78
24 78
25 77
25 76
25 76
26 75
27 75
27 75
28 74
28 73
29 72
29 71
29 71
30 70
30 69
31 68
31 67
31 67
31 66
32 65
32 64
33 63
33 62
33 62
33 61
33 60
34 59
34 58
34 57
34 57
34 56
35 55
35 54
35 54
36 53
36 52
36 52
36 52
36 52
36 52
35 53
35 53
35 54
35 55
35 56
35 56
35 57
34 58
34 59
34 60
34 60
34 61
34 62
34 63
34 64
34 65
34 65
34 66
34 67
34 68
34 69
34 70
34 70
34 71
34 72
34 73
34 74
34 74
34 75
34 76
34 77
34 77
34 78
35 79
35 80
35 80
36 81
36 82
36 82
37 83
37 84
37 84
38 85
39 85
39 85
40 84
41 84
41 84
42 83
43 83
43 83
43 82
44 81
44 80
44 80
45 79
45 78
46 77
46 77
46 76
47 75
47 74
48 73
48 72
48 72
49 71
49 70
50 69
50 68
50 68
50 67
50 66
50 65
50 64
50 64
50 63
51 62
51 61
51 61
52 60
52 59
52 59
52 58
52 57
52 57
52 56
52 55
52 55
52 54
52 54
51 53
51 53
50 54
50 54
49 55
49 55
48 56
48 57
48 57
48 58
47 59
47 60
47 60
47 61
46 62
46 63
46 63
46 64
45 65
45 66
45 67
45 67
45 68
44 69
44 70
44 71
44 71
44 72
44 73
44 74
44 75
44 75
44 76
44 77
44 78
44 78
44 79
44 80
44 81
44 81
44 82
44 83
44 84
44 85
44 85
44 86
45 87
45 88
45 88
46 89
46 90
46 90
47 91
47 92
47 92
48 93
49 93
49 93
50 93
50 93
51 92
52 91
52 91
53 90
54 90
54 90
55 89
56 88
56 88
57 87
57 86
58 85
58 85
59 84
59 83
60 82
60 81
60 81
60 80
60 79
61 78
61 77
61 76
61 76
61 75
62 74
62 73
62 72
63 71
63 70
63 70
63 69
63 68
63 67
63 66
64 65
64 64
64 63
64 62
64 61
64 61
64 60
64 59
65 58
65 57
65 56
65 55
66 54
66 53
66 52
66 52
66 51
66 50
67 49
67 48
67 47
67 46
68 45
68 44
68 43
68 43
68 42
68 41
69 40
69 39
69 38
69 37
69 36
70 35
70 34
70 33
70 33
70 32
70 31
70 30
70 29
71 28
71 27
71 26
71 25
71 24
71 24
71 23
71 22
71 21
72 20
72 19
72 18
72 17
72 17
72 16
72 15
72 14
72 13
72 12
72 12
72 11
72 10
72 9
72 9
71 8
71 8
71 8
71 8
70 9
70 10
70 10
70 11
70 12
70 13
70 13
70 14
70 15
69 16
69 17
69 18
69 18
69 19
69 20
69 21
68 22
68 23
68 24
68 25
68 25
68 26
68 27
68 28
67 29
67 30
67 31
67 32
67 33
67 33
67 34
67 35
67 36
67 37
67 38
66 39
66 40
66 41
66 42
66 43
66 44
66 44
66 45
66 46
66 47
66 48
65 49
65 50
65 51
65 52
65 53
65 53
65 54
65 55
65 56
65 57
65 58
65 59
65 60
65 61
65 62
65 63
65 63
65 64
65 65
65 66
64 67
64 68
64 69
64 70
64 71
64 71
64 72
64 73
64 74
64 75
64 76
64 77
64 78
64 79
64 79
64 80
64 81
64 82
64 83
64 84
64 85
64 85
64 86
64 87
64 88
64 89
64 90
64 90
64 91
65 92
65 93
65 94
65 94
65 95
66 96
66 97
66 97
66 98
67 99
67 100
67 100
68 100
69 100
69 100
70 100
71 100
71 100
71 99
72 98
72 97
72 96
72 96
72 95
73 94
73 93
74 92
74 91
74 91
74 90
75 89
75 88
75 87
75 86
76 85
76 84
76 84
76 83
76 82
76 81
77 80
77 79
77 78
77 77
77 77
77 76
77 75
78 74
78 73
78 72
78 72
78 71
78 70
78 69
78 69
78 70
78 71
78 71
77 70
77 70
77 69
77 68
77 68
77 69
76 70
76 71
76 71
76 72
75 73
75 74
75 74
75 75
75 76
74 77
74 78
74 79
74 79
74 80
73 81
73 82
73 83
73 83
73 84
73 85
73 86
73 87
73 88
73 88
73 89
73 90
73 91
73 91
73 92
73 93
73 94
73 94
74 95
74 95
74 96
74 96
75 95
76 95
76 95
77 94
78 93
78 93
78 92
79 91
79 90
79 90
80 89
81 88
81 88
81 87
81 87
81 86
81 86
81 87
81 87
81 88
81 88
81 89
81 90
81 91
81 91
81 92
81 93
81 94
81 94
81 95
80 96
80 97
80 97
80 98
80 99
80 100
80 100
81 100
81 100
81 99
81 99
81 98
82 97
82 96
82 96
83 95
83 94
84 93
84 92
84 92
84 91
85 90
85 89
86 88
86 87
86 87
87 86
87 85
88 84
88 83
88 83
89 82
89 81
90 80
90 80
91 79
91 78
92 77
92 77
93 76
94 76
95 75
95 75
96 74
96 73
96 73
97 72
98 71
98 71
99 70
99 70
100 69
100 69
99 68
98 67
97 66
96 65
95 64
94 63
93 62
92 61
91 60
90 59
89 58
88 57
87 56
86 55
85 54
84 53
83 52
82 51
81 50
80 49
79 48
78 47
77 46
76 45
75 44
74 43
73 42
72 41
71 40
70 39
69 38
68 37
67 36
66 35
66 35
65 34
64 34
64 34
63 33
62 33
62 33
61 33
61 33
61 33
62 33
63 33
63 33
64 33
65 34
66 34
66 34
67 34
68 34
69 33
70 33
71 33
71 33
72 32
73 32
74 31
75 31
76 30
76 30
77 29
78 29
79 28
80 28
80 28
81 28
82 28
83 28
83 28
84 29
85 29
85 29
85 30
85 31
85 31
84 31
83 30
82 30
81 30
80 29
79 29
78 29
77 28
76 28
75 28
74 27
73 27
72 27
71 26
70 26
69 25
68 25
67 25
66 24
65 24
64 24
63 23
62 23
61 23
60 22
59 22
58 22
57 21
56 21
55 21
54 20
53 20
52 20
51 19
50 19
49 19
48 18
47 18
46 18
45 17
44 17
43 17
42 16
41 16
40 15
39 15
38 15
37 14
36 14
35 14
34 13
33 13
32 13
31 12
30 12
29 12
28 11
27 11
27 11
27 10
27 10
27 9
27 8
27 8
27 7
27 6
26 5
26 4
26 3
26 2
26 2
25 1
25 0
