10 0
10 1
11 2
11 3
11 4
11 4
10 3
10 3
10 3
10 4
10 4
10 5
10 6
10 6
10 6
10 6
10 7
10 7
10 8
10 8
10 9
10 10
10 10
10 11
11 12
11 13
11 13
11 14
11 15
11 16
11 17
11 17
11 18
11 19
11 20
11 21
11 22
11 22
11 23
11 24
11 25
11 26
11 27
11 28
11 28
11 29
11 30
11 31
11 32
11 33
11 34
11 35
11 35
11 36
11 37
11 38
12 39
12 40
12 41
12 42
12 43
12 43
12 44
12 45
12 46
12 47
12 48
12 49
12 50
12 51
12 52
12 52
12 53
12 54
12 55
12 56
13 57
13 58
13 59
13 60
13 61
13 61
13 62
13 63
13 64
13 65
13 66
13 67
13 68
13 69
13 70
13 70
13 71
13 72
13 73
12 74
12 75
12 76
12 77
12 78
12 78
12 79
12 80
12 81
12 82
12 83
12 84
12 84
12 85
12 86
12 87
12 88
12 89
12 89
12 90
11 91
11 92
11 92
11 93
10 94
10 95
10 95
10 96
10 97
10 97
9 98
9 99
9 99
8 100
8 100
7 100
7 100
6 100
5 100
5 100
4 99
4 99
3 98
3 98
2 97
2 96
1 95
1 95
1 94
1 93
1 92
1 91
1 91
1 90
0 89
0 88
0 87
0 87
0 86
0 85
0 84
0 84
0 83
0 82
0 82
1 81
1 81
1 80
1 80
2 79
2 79
3 78
3 78
4 78
4 78
5 78
5 78
6 78
7 78
7 78
8 79
8 80
8 80
9 81
9 82
10 83
10 83
11 84
11 85
12 86
12 87
12 87
13 88
13 89
14 90
14 91
14 91
15 92
16 93
16 93
16 94
17 95
17 96
17 96
18 97
19 98
19 98
20 99
21 99
21 99
22 99
23 99
23 99
24 99
25 99
25 99
26 98
26 98
27 97
27 97
28 96
28 95
28 95
28 94
29 93
29 92
29 91
29 91
29 90
29 89
30 88
30 87
30 86
30 86
30 85
30 84
31 83
31 82
31 81
31 80
31 80
31 79
31 78
32 77
32 76
32 75
32 74
32 74
32 73
32 72
32 71
32 70
32 69
32 68
32 68
32 67
32 66
32 65
32 64
32 63
32 63
32 62
32 61
31 60
31 59
31 58
31 57
31 57
31 56
31 55
31 54
31 53
31 52
31 52
31 51
31 50
30 49
30 48
30 47
30 46
30 46
30 45
30 44
29 43
29 42
29 41
29 41
29 40
29 39
28 38
28 37
28 36
28 35
28 35
28 34
28 33
28 32
28 31
28 30
28 29
28 29
28 28
28 27
28 26
27 25
27 24
27 23
27 22
27 22
27 21
27 20
26 19
26 18
26 17
26 17
25 16
25 15
24 14
24 13
24 13
24 12
23 11
23 10
23 10
22 9
22 8
22 8
21 7
20 6
20 6
19 5
18 4
18 4
17 4
16 4
15 4
15 4
14 3
13 3
13 3
12 3
11 3
11 3
10 4
9 4
9 4
8 5
8 5
7 6
6 7
6 7
5 8
4 9
4 9
4 10
3 11
3 12
3 12
3 13
2 14
2 15
2 15
2 16
2 17
1 18
1 19
1 20
1 20
1 21
1 22
0 23
0 24
0 25
0 25
0 26
0 27
0 28
0 29
0 30
0 31
0 31
0 32
0 33
0 34
0 35
0 36
0 37
0 37
0 38
0 39
0 40
0 41
0 42
0 43
0 43
0 44
0 45
1 46
1 47
1 48
1 48
1 49
1 50
2 51
2 52
2 53
2 53
3 54
3 55
4 56
4 56
5 57
6 57
7 58
7 58
8 59
9 59
9 59
10 59
11 60
12 60
12 60
13 60
14 60
15 60
15 60
16 59
16 59
17 58
18 58
18 58
19 57
19 57
19 56
19 56
20 55
20 55
20 55
20 56
21 57
21 58
21 59
22 60
22 61
23 62
23 63
23 64
24 65
24 66
24 67
25 68
25 69
25 70
26 71
26 72
27 73
27 74
27 75
28 76
28 77
28 78
29 79
29 80
29 81
30 82
30 83
31 84
31 85
31 86
32 87
32 88
32 88
32 88
32 88
32 88
32 89
32 89
33 90
33 90
33 90
34 91
34 91
35 91
35 91
35 91
36 90
36 89
36 89
37 88
37 87
37 87
37 86
38 85
38 84
38 84
39 83
39 82
39 82
39 81
39 80
40 79
40 78
40 77
40 77
40 76
40 75
40 74
40 73
40 73
40 72
40 71
41 70
41 69
41 68
41 67
41 67
41 66
41 65
41 64
41 63
41 63
41 62
41 61
41 60
41 59
41 59
41 58
41 57
41 57
41 56
41 56
41 55
41 55
41 55
41 55
40 55
40 55
40 55
40 55
40 56
40 57
40 57
40 58
41 59
41 60
41 60
41 61
41 62
41 63
41 64
41 64
41 65
41 66
41 67
41 68
41 69
41 69
41 70
41 71
41 72
41 73
41 74
41 75
41 75
41 76
41 77
42 78
42 79
42 80
42 80
42 81
42 82
42 83
42 84
42 84
42 85
43 86
43 87
43 88
43 88
44 89
44 90
44 90
45 91
45 92
45 92
46 93
46 94
46 94
47 94
47 94
48 94
48 94
48 94
49 93
49 92
49 92
50 91
50 90
50 90
50 89
51 88
51 87
51 86
51 86
51 85
52 84
52 83
52 82
52 82
52 81
53 80
53 79
53 78
53 78
53 77
54 76
54 75
54 75
54 74
54 73
54 72
54 71
54 71
54 70
54 69
54 68
54 68
54 67
54 66
54 65
54 64
54 64
54 63
53 62
53 61
53 61
53 60
53 59
53 58
53 57
53 57
52 56
52 55
52 55
52 54
52 54
52 53
52 53
51 53
51 53
51 54
51 54
50 55
50 56
50 56
50 57
49 58
49 59
49 59
49 60
48 61
48 62
48 62
48 63
48 64
48 65
48 66
48 67
48 67
48 68
48 69
48 70
48 71
48 71
48 72
48 73
49 74
49 75
49 76
49 76
49 77
50 78
50 79
50 80
50 80
50 81
51 82
51 83
51 83
52 84
52 85
52 85
53 86
53 86
54 87
54 87
55 87
55 87
56 86
56 86
57 85
57 84
57 84
58 83
58 82
58 82
58 81
59 80
59 79
59 79
59 78
60 77
60 76
60 75
60 75
60 74
60 73
60 72
60 71
60 70
60 70
60 69
60 68
60 67
60 66
60 65
60 64
60 63
60 63
60 62
60 61
60 60
60 59
60 58
60 57
60 57
60 56
60 55
60 54
60 53
60 52
60 51
60 51
60 50
60 49
60 48
60 47
60 46
60 45
60 45
60 44
60 43
60 42
60 41
60 41
60 40
60 39
60 38
60 37
60 37
60 36
60 35
60 34
60 33
60 32
60 32
60 31
60 30
60 29
60 28
60 27
60 27
60 26
60 25
60 24
60 23
60 23
60 22
60 21
60 20
60 20
60 19
60 18
60 18
60 17
60 17
60 16
60 16
60 16
60 16
60 16
60 17
60 17
60 18
60 18
60 19
60 20
60 21
60 21
60 22
59 23
59 24
59 24
59 25
59 26
59 27
59 28
59 29
59 29
59 30
59 31
59 32
59 33
59 34
59 34
59 35
59 36
58 37
58 38
58 39
58 39
58 40
58 41
59 42
59 43
59 44
59 45
59 45
59 46
59 47
59 48
59 49
59 50
59 51
59 52
59 52
59 53
59 54
60 55
60 56
60 57
60 58
60 58
60 59
60 60
61 61
61 62
61 63
61 64
61 64
61 65
61 66
61 67
61 68
61 69
61 69
61 70
61 71
62 72
62 73
62 74
62 75
62 75
62 76
62 77
63 78
63 79
63 80
63 80
63 81
64 82
64 83
64 84
64 84
64 85
65 86
65 87
65 87
65 88
66 89
66 90
66 90
67 91
67 92
67 92
68 93
68 93
68 94
68 94
69 93
69 93
70 92
70 92
70 91
71 90
71 89
71 89
71 88
72 87
72 86
72 85
72 85
72 84
73 83
73 82
74 81
74 80
74 80
74 79
74 78
75 77
75 76
75 75
75 75
75 74
76 73
76 72
76 72
76 71
76 70
76 69
76 68
76 68
76 67
76 66
76 65
76 65
76 64
76 63
76 62
76 62
76 61
76 60
76 59
76 59
76 58
75 57
75 56
75 56
74 55
74 54
74 54
74 53
74 53
73 53
73 53
73 53
73 54
73 55
73 55
73 56
72 57
72 58
72 58
72 59
71 60
71 61
71 62
71 62
71 63
71 64
71 65
71 66
71 67
71 67
71 68
71 69
71 70
71 71
71 72
71 73
71 73
71 74
71 75
71 76
71 77
71 77
72 78
72 79
72 79
72 80
73 81
73 82
73 82
74 83
74 83
75 84
75 85
75 85
76 85
77 85
77 85
78 85
78 85
79 84
80 84
80 84
81 83
81 82
81 82
81 81
81 80
81 79
81 79
81 78
82 77
82 76
82 75
82 75
82 74
82 73
83 72
83 71
83 70
83 70
83 69
84 68
84 67
84 66
84 66
84 65
84 64
84 63
84 63
84 62
85 61
85 60
85 60
85 59
85 58
85 57
85 57
85 56
85 55
85 55
85 54
85 54
85 54
85 54
85 54
85 55
85 55
85 56
85 57
85 58
85 58
85 59
85 60
85 61
85 61
85 62
85 63
85 64
85 65
85 65
85 66
85 67
85 68
85 69
85 70
85 70
85 71
85 72
85 73
85 74
85 75
85 75
85 76
85 77
85 78
85 79
85 79
85 80
85 81
85 82
85 82
85 83
85 84
85 85
85 85
85 86
85 86
85 87
85 88
85 88
85 88
85 87
85 87
85 86
85 86
85 85
85 84
85 83
85 82
85 82
85 81
85 80
85 79
85 78
85 78
85 77
85 76
85 75
85 74
85 73
85 72
85 72
85 71
85 70
86 69
86 68
86 67
86 66
86 66
86 65
87 64
87 63
87 62
87 62
87 61
87 60
87 59
87 59
87 58
88 57
88 56
88 56
89 55
89 54
89 54
90 53
90 52
90 52
91 51
91 50
91 50
92 49
92 49
93 48
93 47
93 47
94 46
94 45
94 45
95 44
95 44
96 43
97 43
97 43
98 42
98 42
99 41
99 40
99 40
99 39
99 38
99 38
100 37
100 37
99 37
98 37
97 37
96 37
95 37
94 37
93 37
92 37
91 37
90 37
89 38
88 38
87 38
86 38
85 38
84 38
83 38
82 38
81 38
80 38
79 38
78 38
77 38
76 38
75 38
74 38
73 38
72 38
71 38
70 38
69 38
68 39
67 39
66 39
65 39
64 39
63 39
62 39
61 39
60 39
59 39
58 39
58 39
57 40
57 40
57 39
57 38
57 38
56 38
56 38
56 38
56 38
56 37
56 37
56 37
56 37
56 37
56 38
56 38
56 38
57 38
57 38
58 38
59 38
59 38
60 38
61 38
61 38
62 38
63 37
64 37
64 37
65 37
66 36
67 36
67 36
68 35
69 35
69 35
70 34
71 34
71 34
72 33
72 33
73 33
73 33
73 33
73 33
72 33
72 33
71 33
70 33
69 33
68 32
67 32
66 32
65 32
64 32
63 32
62 31
61 31
60 31
59 31
58 31
57 31
56 30
55 30
54 30
53 30
52 30
51 30
50 30
49 29
48 29
47 29
46 29
45 29
44 29
43 28
42 28
41 28
40 28
40 28
41 29
41 30
42 31
42 32
42 32
43 32
43 32
42 31
42 30
42 30
42 30
42 30
42 30
42 31
42 31
42 31
43 31
