12 6
12 7
12 7
12 6
12 5
12 4
12 4
11 3
11 3
11 4
11 5
11 5
11 6
11 6
11 7
11 8
11 8
11 9
11 10
11 11
11 12
11 13
11 13
11 14
11 15
11 16
11 17
11 18
11 19
11 19
11 20
11 21
11 22
11 23
11 24
11 25
11 25
11 26
11 27
11 28
11 29
11 30
11 31
11 32
11 33
11 33
11 34
11 35
11 36
11 37
12 38
12 39
12 40
12 41
12 42
12 42
12 43
12 44
12 45
12 46
12 47
12 48
12 49
12 50
12 51
12 52
12 52
12 53
12 54
12 55
12 56
12 57
12 58
12 59
12 60
12 61
12 62
12 63
12 63
12 64
12 65
12 66
12 67
11 68
11 69
11 70
11 71
11 72
11 73
11 73
11 74
11 75
11 76
11 77
11 78
11 79
11 80
11 81
11 81
11 82
11 83
11 84
10 85
10 86
10 87
10 88
10 88
10 89
10 90
10 91
10 92
10 92
10 93
9 94
9 95
9 96
9 96
9 97
8 98
8 99
8 99
7 100
7 100
6 100
5 100
5 100
4 99
4 98
4 98
3 97
3 96
2 95
2 95
2 94
2 93
1 92
1 91
1 90
1 90
1 89
0 88
0 87
0 86
0 86
0 85
0 84
0 83
0 82
0 81
0 81
0 80
0 79
0 78
0 77
0 77
0 76
0 75
0 74
0 74
0 73
0 72
0 72
1 71
1 71
2 72
3 72
3 72
4 73
5 74
5 74
6 75
6 76
7 77
7 78
7 78
8 79
8 80
9 81
9 82
9 82
10 83
10 84
11 85
11 86
11 86
12 87
12 88
13 89
13 89
14 90
15 90
15 90
16 91
17 91
17 91
18 91
18 91
19 90
20 89
20 89
20 88
21 87
21 86
21 85
21 85
21 84
22 83
22 82
22 81
22 81
22 80
22 79
23 78
23 77
23 76
23 75
23 75
23 74
23 73
23 72
24 71
24 70
24 69
24 68
24 68
24 67
24 66
24 65
24 64
24 63
24 62
24 61
24 60
24 59
24 59
24 58
24 57
24 56
24 55
24 54
24 53
24 52
24 51
24 50
24 49
24 49
24 48
24 47
24 46
24 45
24 44
24 43
24 42
24 41
24 40
24 39
24 38
24 37
24 37
24 36
24 35
24 34
24 33
24 32
24 31
23 30
23 29
23 28
23 27
23 26
23 25
23 24
23 24
23 23
23 22
23 21
23 20
22 19
22 18
22 17
22 16
22 15
22 15
22 14
21 13
21 12
21 11
20 10
20 9
20 9
20 8
19 7
19 6
18 5
18 4
18 4
17 3
16 2
16 2
15 1
14 1
14 1
13 1
12 1
12 1
11 1
10 2
9 2
9 2
8 3
7 3
7 3
6 4
6 4
5 5
5 6
5 6
4 7
4 8
3 9
3 9
3 10
3 11
3 12
3 13
3 13
3 14
3 15
2 16
2 17
2 18
2 18
2 19
3 20
3 21
4 22
4 23
4 24
5 25
5 26
6 27
6 28
6 29
7 30
7 31
8 32
8 33
8 34
9 35
9 36
10 37
10 38
10 39
11 40
11 41
12 42
12 43
12 44
13 45
13 46
14 47
14 48
14 49
15 50
15 51
15 52
16 53
16 54
17 55
17 56
17 57
18 58
18 59
19 60
19 61
19 62
20 63
20 64
21 65
21 66
21 67
22 68
22 69
23 70
23 71
23 72
24 73
24 74
25 75
25 76
25 76
24 77
24 78
24 78
24 78
24 78
24 78
25 79
25 79
25 80
25 81
25 81
26 82
26 83
26 83
27 84
27 85
27 85
28 86
28 87
28 87
29 88
29 88
30 89
30 89
31 89
32 89
32 89
33 89
33 89
34 88
34 88
35 87
35 86
35 86
36 85
37 84
37 84
37 83
38 82
38 81
38 81
38 80
38 79
38 78
38 78
38 77
39 76
39 75
39 74
39 74
39 73
39 72
39 71
39 70
39 70
39 69
40 68
40 67
40 66
40 66
40 65
40 64
40 64
40 63
40 63
40 63
40 63
40 64
40 64
40 65
40 66
40 67
40 67
40 68
40 69
40 70
40 71
40 71
40 72
40 73
40 74
40 74
40 75
41 76
41 77
41 78
41 78
41 79
41 80
41 81
41 81
42 82
42 83
42 83
42 84
42 85
42 86
42 86
43 87
43 88
43 88
44 89
45 90
45 90
46 91
46 92
46 92
47 93
48 93
48 93
49 92
50 92
50 92
51 91
51 91
52 90
52 89
53 88
53 88
54 87
54 86
55 85
55 85
55 84
56 83
56 82
56 82
56 81
56 80
56 79
56 78
56 78
56 77
56 76
56 75
56 74
56 73
56 73
56 72
56 71
56 70
56 69
56 68
56 68
56 67
56 66
56 65
56 65
55 64
55 63
55 63
54 62
54 62
54 62
53 63
53 63
53 64
53 64
53 65
53 66
53 67
53 67
53 68
53 69
53 70
53 70
53 71
53 72
53 73
53 74
53 75
53 75
53 76
53 77
53 78
53 79
53 79
53 80
54 81
54 82
54 83
54 83
55 84
55 85
55 85
55 86
55 87
55 87
56 88
57 89
57 89
58 90
58 91
58 91
59 91
59 91
60 90
61 90
61 90
62 89
63 89
63 89
63 88
64 87
64 86
64 86
65 85
65 84
66 83
66 83
66 82
67 81
67 80
67 79
67 79
67 78
67 77
68 76
68 75
68 74
68 74
68 73
68 72
69 71
69 70
69 69
69 68
69 68
69 67
69 66
69 65
70 64
70 63
70 62
70 61
70 61
70 60
70 59
70 58
70 57
70 56
70 55
70 54
70 53
70 53
70 52
70 51
70 50
70 49
70 48
70 47
70 46
70 45
70 44
70 44
70 43
70 42
70 41
70 40
70 39
70 38
70 37
70 36
70 35
70 34
70 34
70 33
70 32
70 31
70 30
70 29
70 28
70 28
70 27
70 26
70 25
70 25
70 24
70 23
70 23
70 23
70 24
70 25
70 25
70 26
69 27
69 28
69 28
69 29
69 30
69 31
69 32
69 33
69 34
69 34
69 35
69 36
68 37
68 38
68 39
68 40
68 40
68 41
68 42
68 43
68 44
68 45
68 46
68 47
68 47
68 48
68 49
68 50
68 51
68 52
68 53
68 54
68 54
68 55
68 56
68 57
68 58
68 59
68 60
68 60
68 61
68 62
68 63
68 64
68 65
68 66
68 67
68 67
68 68
68 69
68 70
68 71
68 72
68 73
68 73
68 74
68 75
69 76
69 77
69 78
69 79
69 79
69 80
69 81
70 82
70 83
70 84
70 84
70 85
71 86
71 87
71 87
72 88
73 89
73 89
74 90
74 91
74 91
75 92
76 92
76 92
77 91
77 91
78 90
79 90
79 90
80 89
80 88
80 88
81 87
81 86
81 86
81 85
81 84
81 83
81 83
81 82
81 81
81 80
81 80
81 79
81 78
81 77
81 76
81 75
81 75
81 74
80 73
80 72
80 71
80 71
80 70
79 69
79 68
79 68
79 67
79 66
79 66
78 66
78 66
78 67
78 67
78 68
77 69
77 70
77 70
77 71
77 72
77 73
77 73
77 74
78 75
78 76
78 77
78 77
78 78
78 79
78 80
78 81
78 81
78 82
79 83
79 84
79 84
79 85
80 86
80 87
80 87
81 88
82 88
82 88
83 89
83 90
83 90
84 91
84 91
85 92
86 92
86 92
87 93
87 93
88 94
88 94
88 95
88 95
89 95
89 95
89 96
89 96
89 96
89 95
89 94
89 94
89 93
89 92
89 91
89 91
89 90
89 89
89 88
89 87
89 87
89 86
88 85
88 84
88 83
88 83
88 82
88 81
88 80
88 79
88 78
88 78
88 77
88 76
88 75
88 74
88 73
88 73
88 72
89 71
89 70
89 70
89 69
89 68
89 68
89 67
89 67
89 67
90 67
90 67
91 67
91 67
92 67
93 67
93 67
94 67
95 67
95 67
96 67
97 67
97 67
98 67
99 67
99 67
100 67
100 67
99 67
98 66
97 66
96 65
95 65
94 64
93 64
92 64
91 63
90 63
89 62
88 62
87 62
86 61
85 61
84 60
83 60
82 59
81 59
80 59
79 58
78 58
77 57
76 57
75 57
74 56
73 56
72 55
71 55
70 54
69 54
68 54
67 53
66 53
65 52
64 52
63 52
62 51
61 51
60 50
59 50
58 49
57 49
57 49
58 48
58 48
58 47
57 46
57 45
57 45
57 45
57 45
57 45
57 45
58 46
58 46
59 46
59 46
60 46
61 46
61 46
62 46
63 46
63 46
64 45
65 45
65 45
66 45
67 45
67 45
68 44
69 44
69 44
70 44
71 44
71 44
70 43
69 42
69 41
68 40
67 39
66 38
66 37
65 36
64 35
63 34
62 33
62 32
61 31
60 30
59 29
59 28
58 27
57 26
56 25
55 24
55 23
54 22
53 21
52 20
51 19
51 18
50 17
49 16
48 15
48 14
47 13
46 12
45 11
44 10
44 9
43 8
42 7
41 6
41 5
40 4
39 3
39 3
38 4
38 4
38 3
37 2
37 1
37 0
37 0
37 0
37 0
37 0
