10 4
10 5
10 5
10 4
10 4
9 4
9 4
9 5
9 5
9 6
9 7
9 7
9 8
9 9
9 9
9 10
9 11
9 12
9 12
9 13
9 14
9 15
9 16
9 16
9 17
9 18
9 19
9 20
9 20
9 21
9 22
9 23
9 24
9 24
9 25
9 26
10 27
10 28
10 29
10 29
10 30
10 31
10 32
10 33
10 34
10 35
10 35
10 36
10 37
10 38
11 39
11 40
11 41
11 42
11 42
11 43
11 44
11 45
11 46
11 47
11 48
11 49
11 50
11 50
11 51
11 52
11 53
12 54
12 55
12 56
12 57
12 57
12 58
12 59
12 60
12 61
12 62
12 63
12 64
12 65
12 65
12 66
12 67
12 68
12 69
12 70
12 71
12 72
12 72
12 73
12 74
12 75
12 76
12 77
12 78
12 78
12 79
12 80
11 81
11 82
11 83
11 83
11 84
11 85
11 86
11 87
11 87
11 88
11 89
10 90
10 91
10 92
10 92
10 93
9 94
9 95
9 95
9 96
8 97
8 98
8 98
7 99
7 100
7 100
6 100
6 100
5 100
5 100
4 99
3 99
3 99
2 98
2 97
2 97
2 96
1 95
1 94
1 94
1 93
1 92
0 91
0 90
0 89
0 89
0 88
0 87
0 86
0 85
0 85
0 84
0 83
0 82
0 82
0 81
0 80
0 79
0 79
0 78
0 77
0 77
1 76
1 76
1 76
2 76
2 76
3 77
3 78
3 78
4 79
4 80
5 81
5 81
6 82
6 83
7 84
7 84
8 85
8 86
9 87
9 87
10 88
11 89
11 89
12 90
13 90
13 90
14 91
15 91
15 91
16 91
17 91
18 91
18 91
19 90
20 89
20 89
21 88
21 87
22 86
22 86
23 85
23 84
24 83
24 82
24 82
24 81
25 80
25 79
25 78
25 78
25 77
26 76
26 75
27 74
27 73
27 73
27 72
27 71
27 70
28 69
28 68
28 67
28 66
28 66
28 65
28 64
28 63
29 62
29 61
29 60
29 59
29 58
29 58
29 57
29 56
29 55
29 54
29 53
29 52
29 51
29 50
29 50
29 49
29 48
29 47
29 46
29 45
29 44
29 43
29 42
29 41
29 40
29 40
29 39
29 38
29 37
29 36
29 35
28 34
28 33
28 32
28 31
28 30
28 29
28 29
28 28
28 27
28 26
28 25
27 24
27 23
27 22
27 21
27 20
27 20
27 19
27 18
27 17
26 16
26 15
26 14
26 13
26 12
26 12
26 11
25 10
25 9
25 8
24 7
24 6
24 6
23 5
22 4
21 3
21 3
20 2
19 1
19 1
18 1
17 0
16 0
16 0
15 0
14 0
13 0
13 0
12 0
11 1
10 1
10 1
9 2
8 2
8 2
7 3
6 4
6 4
5 5
4 5
4 5
3 6
2 7
2 7
2 8
1 9
1 10
1 10
1 11
0 12
0 13
0 14
0 14
0 15
1 16
1 17
2 18
2 19
3 20
3 21
4 22
4 23
5 24
5 25
6 26
6 27
7 28
7 29
7 30
8 31
8 32
9 33
9 34
10 35
10 36
11 37
11 38
12 39
12 40
13 41
13 42
14 43
14 44
14 45
15 46
15 47
16 48
16 49
17 50
17 51
18 52
18 53
19 54
19 55
20 56
20 57
20 58
21 59
21 60
22 61
22 62
23 63
23 64
24 65
24 66
25 67
25 68
26 69
26 70
27 71
27 72
27 72
28 72
28 72
27 72
27 72
27 72
27 72
27 72
27 73
27 73
28 74
28 75
28 75
28 76
28 76
28 77
29 78
29 79
29 79
29 80
29 80
30 81
30 82
30 82
30 83
30 84
30 84
31 85
31 86
31 86
31 87
31 87
32 88
32 88
33 88
33 88
34 87
34 87
35 86
36 86
36 86
36 85
37 84
37 83
37 83
38 82
38 81
38 81
38 80
39 79
39 78
39 78
39 77
40 76
40 75
40 75
40 74
41 73
41 72
41 72
41 71
42 70
42 69
42 68
42 68
42 67
42 66
42 65
42 64
42 64
42 63
42 62
42 61
42 61
42 60
42 59
42 59
42 58
42 57
42 57
42 56
42 56
42 55
42 55
42 55
42 55
42 55
42 56
42 57
42 57
42 58
42 59
42 59
42 60
42 61
42 62
42 62
42 63
42 64
42 64
42 65
42 66
42 67
42 67
42 68
42 69
42 70
42 70
42 71
42 72
42 72
42 73
42 74
42 75
42 75
42 76
42 77
42 77
42 78
42 79
42 79
43 80
43 80
44 81
44 82
44 82
44 83
44 83
45 84
46 84
46 84
47 85
47 85
48 85
48 85
49 84
49 84
50 83
51 83
51 83
52 82
52 81
52 81
52 80
53 79
53 78
53 78
54 77
54 76
55 75
55 75
55 74
56 73
56 72
56 72
56 71
56 70
56 69
56 69
56 68
56 67
56 66
56 65
56 65
56 64
56 63
56 63
56 62
56 61
56 61
56 60
56 60
55 59
55 59
55 59
54 60
54 60
53 61
53 61
52 62
52 62
52 63
52 64
52 65
52 65
52 66
52 67
52 68
52 68
52 69
52 70
52 71
52 71
52 72
52 73
52 74
52 74
52 75
52 76
52 76
52 77
53 78
53 79
53 79
53 80
53 81
53 81
54 82
54 83
54 83
55 84
55 84
56 85
56 86
56 86
57 86
58 86
58 86
59 86
59 86
60 86
61 86
61 86
62 85
63 85
63 85
64 84
64 83
64 83
65 82
66 81
66 81
66 80
67 79
67 78
67 78
67 77
68 76
68 75
68 75
68 74
68 73
68 72
68 71
68 71
68 70
68 69
69 68
69 67
69 66
69 65
69 65
69 64
69 63
69 62
69 61
69 60
69 59
69 58
69 58
69 57
69 56
69 55
70 54
70 53
70 52
70 51
70 50
70 50
70 49
70 48
70 47
70 46
70 45
70 44
70 43
70 42
70 41
70 41
70 40
70 39
70 38
70 37
70 36
70 35
70 34
70 33
70 32
70 31
70 31
70 30
70 29
70 28
70 27
70 26
70 25
70 25
70 24
70 23
70 22
70 21
70 20
70 20
70 19
69 18
69 17
69 17
69 16
69 15
69 15
69 15
69 15
69 16
69 17
69 17
69 18
69 19
69 19
69 20
69 21
69 22
69 23
69 24
69 24
69 25
69 26
69 27
69 28
69 29
69 29
69 30
69 31
69 32
69 33
69 34
69 35
69 35
69 36
69 37
69 38
69 39
69 40
69 41
69 42
69 43
69 43
69 44
69 45
69 46
69 47
69 48
69 49
69 49
69 50
69 51
69 52
69 53
69 54
69 55
69 55
69 56
69 57
69 58
69 59
69 60
69 60
69 61
69 62
69 63
69 64
69 65
69 65
69 66
69 67
69 68
69 69
69 69
69 70
69 71
69 72
69 73
69 73
69 74
70 75
70 76
70 76
71 77
71 78
71 78
72 79
73 80
73 80
74 81
74 81
75 82
76 82
76 82
77 82
77 82
78 81
78 81
79 80
79 80
79 79
79 79
79 78
80 77
80 76
80 76
80 75
80 74
80 74
80 73
80 72
80 71
80 70
80 70
80 69
79 68
79 67
79 67
79 66
78 65
78 64
78 63
78 63
77 62
77 61
77 61
77 61
76 61
76 61
75 62
75 63
75 63
75 64
75 65
75 65
75 66
75 67
75 68
75 68
75 69
75 70
75 71
75 71
75 72
75 73
75 74
75 74
76 75
76 76
76 76
77 77
78 77
78 77
79 78
79 78
80 79
81 79
81 79
82 79
83 79
83 79
84 78
84 78
85 78
85 78
86 77
86 77
87 76
87 76
88 75
88 75
88 74
88 73
88 73
89 72
89 72
89 71
89 71
90 71
90 71
90 71
90 72
90 72
90 73
90 73
89 74
89 75
89 75
89 76
89 76
89 77
89 77
89 77
89 77
90 77
90 77
90 76
90 76
90 75
90 74
90 74
90 73
91 72
91 71
91 71
91 70
91 69
91 69
91 68
92 67
92 66
92 65
92 65
92 64
92 63
92 62
92 62
92 61
92 60
92 59
92 59
93 58
93 57
93 57
94 56
94 55
94 55
95 54
95 54
96 53
96 53
97 52
98 51
98 51
99 50
100 50
100 50
99 50
98 49
97 49
96 48
95 48
94 47
93 47
92 46
91 46
90 46
89 45
88 45
87 44
86 44
85 43
84 43
83 43
82 42
81 42
80 41
79 41
78 40
77 40
76 39
75 39
74 39
73 38
72 38
71 37
70 37
69 36
68 36
67 36
66 35
65 35
64 34
63 34
62 33
61 33
60 32
59 32
59 32
59 32
59 31
59 31
59 31
59 31
59 32
59 32
59 32
59 32
60 32
60 32
61 32
61 32
62 31
63 31
63 31
64 31
64 31
65 30
66 30
66 30
67 30
68 30
68 30
69 30
70 30
70 30
71 30
72 31
73 31
73 31
74 31
75 31
75 31
76 31
77 31
77 31
78 32
79 32
79 32
80 32
81 32
81 32
81 32
81 32
81 32
81 31
81 31
80 30
79 29
78 29
77 28
76 27
75 26
74 26
73 25
72 24
71 23
70 23
69 22
68 21
67 20
66 20
65 19
64 18
63 17
62 17
61 16
60 15
59 14
58 14
57 13
56 12
55 11
54 11
53 10
52 9
51 8
50 8
49 7
48 6
47 5
46 5
45 4
44 3
44 3
44 4
44 5
44 5
44 4
44 4
44 3
44 2
44 2
44 2
44 2
