10 4
10 3
9 2
9 1
9 1
9 0
9 0
9 0
9 0
9 1
9 2
9 2
9 3
9 4
9 5
9 5
9 6
9 7
10 8
10 9
10 10
10 10
10 11
10 12
10 13
10 14
10 15
10 16
10 16
10 17
10 18
10 19
10 20
10 21
10 22
10 23
10 23
10 24
10 25
10 26
10 27
10 28
10 29
10 30
10 30
10 31
10 32
10 33
10 34
10 35
10 36
10 37
10 38
10 38
10 39
10 40
10 41
10 42
10 43
10 44
10 45
10 46
10 47
10 47
10 48
10 49
10 50
10 51
10 52
10 53
10 54
10 55
10 56
10 57
10 57
10 58
10 59
10 60
10 61
11 62
11 63
11 64
11 65
11 66
11 67
11 67
11 68
11 69
11 70
11 71
11 72
11 73
11 74
11 75
11 75
11 76
11 77
11 78
11 79
11 80
11 81
11 82
11 83
11 83
11 84
11 85
11 86
10 87
10 88
10 89
10 90
10 90
10 91
10 92
10 93
10 94
10 94
10 95
9 96
9 97
9 98
9 98
8 99
8 100
8 100
7 100
7 100
6 100
6 100
5 100
5 100
4 99
3 98
3 98
2 97
2 96
2 96
2 95
2 94
2 93
2 93
2 92
1 91
1 90
1 89
1 89
1 88
2 87
2 86
2 85
2 85
2 84
2 83
2 82
2 82
2 81
3 80
3 79
3 78
3 78
4 77
4 76
4 76
5 75
5 74
5 74
6 73
6 73
7 73
7 73
8 74
8 74
9 75
9 75
10 76
10 77
10 77
10 78
11 79
11 80
11 80
11 81
12 82
12 83
12 83
12 84
13 85
13 86
13 86
13 87
14 88
14 89
14 89
15 90
15 90
16 91
16 92
16 92
17 93
17 93
18 93
19 93
19 93
20 92
20 92
21 91
21 90
22 89
22 89
22 88
23 87
23 86
23 85
23 85
23 84
24 83
24 82
25 81
25 80
25 80
25 79
26 78
26 77
26 76
27 75
27 74
27 74
27 73
27 72
28 71
28 70
28 69
28 68
28 68
28 67
28 66
29 65
29 64
29 63
29 62
29 62
29 61
29 60
29 59
29 58
29 57
29 56
29 56
29 55
29 54
30 53
30 52
30 51
30 50
30 50
30 49
30 48
30 47
29 46
29 45
29 44
29 43
29 43
29 42
29 41
29 40
29 39
29 38
29 37
29 36
29 36
29 35
29 34
29 33
28 32
28 31
28 30
28 29
28 29
28 28
28 27
27 26
27 25
27 24
27 23
27 23
27 22
26 21
26 20
25 19
25 18
25 18
25 17
25 16
24 15
24 14
24 13
24 13
23 12
23 11
22 10
22 9
22 9
21 8
21 7
20 6
20 6
19 5
18 4
18 4
17 3
16 3
16 3
15 2
14 1
14 1
13 1
12 2
11 2
11 2
10 3
10 4
9 5
9 5
8 6
7 7
6 8
6 8
5 9
5 10
4 11
4 12
4 12
3 13
3 14
2 15
2 15
2 16
1 17
1 18
1 18
0 19
0 20
0 20
0 21
0 21
0 22
0 23
0 23
1 24
1 25
2 26
2 27
3 28
4 29
4 30
5 31
5 32
6 33
6 34
7 35
8 36
8 37
9 38
9 39
10 40
11 41
11 42
12 43
12 44
13 45
13 46
14 47
15 48
15 49
16 50
16 51
17 52
18 53
18 54
19 55
19 56
20 57
20 58
21 59
22 60
22 61
23 62
23 63
24 64
25 65
25 66
26 67
26 68
27 69
27 70
28 71
28 71
28 71
28 71
28 71
29 72
29 73
29 73
29 74
29 75
29 76
29 77
29 77
29 78
30 79
30 80
30 80
30 81
30 82
30 83
30 84
30 84
31 85
31 86
31 86
32 87
32 88
32 88
33 89
33 89
34 88
35 88
35 88
36 87
36 86
36 86
36 85
37 84
37 83
37 82
37 82
37 81
38 80
38 79
38 78
39 77
39 76
39 76
39 75
39 74
40 73
40 72
40 71
40 70
40 70
40 69
40 68
41 67
41 66
41 65
41 65
41 64
41 63
42 62
42 61
42 60
42 60
42 59
43 58
43 57
43 57
43 56
43 55
43 54
43 54
43 53
43 52
43 52
43 51
43 51
43 51
43 51
43 51
43 51
43 52
43 52
43 53
43 54
43 54
43 55
43 56
43 57
43 58
43 58
43 59
43 60
43 61
43 61
43 62
43 63
43 64
43 65
43 65
43 66
43 67
43 68
43 69
43 70
43 70
43 71
43 72
43 73
43 74
43 75
43 75
43 76
43 77
43 78
43 79
43 80
43 80
43 81
43 82
43 83
43 84
43 85
43 86
43 86
43 87
44 88
44 89
44 90
44 90
44 91
45 92
45 93
45 93
45 94
45 95
45 95
46 96
46 96
47 96
47 96
48 95
48 95
49 94
50 94
50 94
50 93
51 92
51 91
51 91
51 90
52 89
52 88
52 88
53 87
53 86
54 85
54 85
54 84
55 83
55 82
55 81
55 81
55 80
56 79
56 78
56 77
56 77
56 76
56 75
56 74
56 73
56 73
56 72
56 71
56 70
56 70
56 69
56 68
56 67
56 67
56 66
56 65
56 64
56 64
56 63
55 62
55 61
55 61
55 60
55 59
55 59
54 58
54 58
54 58
53 58
53 58
53 59
53 59
53 60
53 60
52 61
52 62
52 62
52 63
52 63
51 64
51 64
51 65
51 66
51 66
51 67
51 67
51 68
51 69
51 70
51 70
51 71
51 72
51 73
51 73
51 74
51 75
52 76
52 77
52 78
52 78
52 79
52 80
52 81
52 82
52 83
52 83
52 84
52 85
53 86
53 87
53 88
53 88
53 89
54 90
54 91
54 91
54 92
54 93
54 94
54 94
55 95
55 95
56 96
57 96
57 96
58 95
58 94
58 94
59 93
59 92
59 92
59 91
60 90
60 89
61 88
61 87
61 87
61 86
61 85
61 84
62 83
62 82
62 81
62 80
62 80
62 79
63 78
63 77
63 76
63 75
64 74
64 73
64 72
64 72
64 71
64 70
64 69
65 68
65 67
65 66
65 65
65 64
65 64
65 63
65 62
65 61
65 60
66 59
66 58
66 57
66 56
66 55
66 55
66 54
66 53
66 52
66 51
66 50
66 49
66 48
66 47
66 46
66 45
66 44
66 44
66 43
66 42
66 41
66 40
67 39
67 38
67 37
67 36
67 35
67 34
67 34
67 33
67 32
67 31
67 30
67 29
67 28
67 27
67 26
67 26
67 25
67 24
67 23
68 22
68 21
68 20
68 19
68 19
68 18
68 17
68 16
68 15
68 14
68 14
68 13
68 12
68 12
68 11
68 11
67 10
67 10
67 10
67 10
67 10
67 10
67 10
67 11
67 12
67 12
67 13
67 14
67 15
67 15
67 16
67 17
67 18
67 18
67 19
67 20
67 21
67 22
67 23
67 23
67 24
67 25
66 26
66 27
66 28
66 29
66 29
66 30
66 31
66 32
66 33
66 34
66 35
66 36
66 36
66 37
66 38
66 39
66 40
66 41
66 42
66 43
66 44
66 44
66 45
66 46
66 47
66 48
65 49
65 50
65 51
65 52
65 53
65 53
65 54
65 55
65 56
65 57
65 58
65 59
65 60
65 61
65 61
65 62
65 63
65 64
65 65
65 66
65 67
65 68
65 69
65 69
65 70
65 71
65 72
65 73
65 74
65 75
65 76
65 76
65 77
65 78
66 79
66 80
66 81
66 82
66 82
66 83
66 84
66 85
66 86
66 87
66 87
66 88
67 89
67 90
67 91
67 91
67 92
68 93
68 94
68 94
69 95
69 95
70 95
70 95
71 95
71 95
72 94
72 93
72 93
72 92
72 91
72 90
72 90
72 89
73 88
73 87
73 86
73 86
73 85
74 84
74 83
74 82
74 82
74 81
74 80
74 79
74 78
74 78
74 77
75 76
75 75
75 74
75 74
75 73
75 72
75 71
75 71
75 70
75 69
75 69
76 68
76 67
76 67
76 66
76 65
76 65
76 64
76 63
76 62
76 62
76 61
76 60
76 60
76 59
76 58
76 58
76 57
76 56
76 56
76 55
76 55
76 55
76 54
76 54
75 54
75 54
75 53
75 53
75 53
75 53
75 53
75 52
75 52
75 52
75 52
74 53
74 53
74 54
74 55
74 56
74 56
74 57
73 58
73 59
73 60
73 60
73 61
73 62
73 63
73 64
73 64
73 65
73 66
73 67
73 68
73 69
73 69
73 70
73 71
73 72
73 73
73 73
73 74
74 75
74 76
74 77
74 77
74 78
74 79
74 80
74 81
74 81
74 82
75 83
75 84
75 84
75 85
76 86
76 87
76 87
77 88
77 89
77 89
78 90
79 90
79 90
80 90
80 90
81 90
81 90
82 89
83 88
83 88
83 87
84 86
84 85
84 85
84 84
85 83
85 82
85 81
85 81
85 80
86 79
86 78
86 77
86 77
86 76
87 75
87 74
87 73
87 73
87 72
88 71
88 70
88 69
88 69
88 68
88 67
88 67
87 66
87 65
87 65
87 64
87 63
87 62
87 62
87 61
87 61
87 61
87 61
87 61
87 61
87 61
87 61
87 62
87 63
87 63
87 64
87 65
87 66
87 66
87 67
87 68
87 69
87 70
87 70
87 71
87 72
87 73
87 74
87 74
87 75
87 76
87 77
87 78
87 79
87 79
87 80
87 81
87 82
87 83
87 84
87 84
87 85
87 86
87 87
87 88
87 88
87 89
87 90
87 90
87 91
87 91
87 91
87 91
87 90
87 89
87 89
87 88
87 87
87 86
87 85
87 85
87 84
87 83
87 82
88 81
88 80
88 79
88 78
88 78
88 77
88 76
89 75
89 74
89 73
89 73
89 72
89 71
89 70
89 69
89 69
89 68
90 67
90 66
90 66
90 65
90 64
90 63
90 63
90 62
91 61
91 60
91 60
92 59
92 59
93 58
93 58
94 58
94 58
95 58
95 58
96 59
96 59
97 59
97 59
98 60
99 60
99 60
100 60
100 60
99 59
98 59
97 58
96 57
95 56
94 56
93 55
92 54
91 53
90 53
89 52
88 51
87 50
86 50
85 49
84 48
83 47
82 47
81 46
80 45
79 44
78 44
77 43
76 42
75 41
74 41
73 40
72 39
71 38
70 38
69 37
68 36
67 35
66 35
65 34
64 33
63 32
62 32
61 31
60 30
59 29
58 29
57 28
57 28
57 28
57 28
57 28
58 29
58 29
58 29
59 29
60 29
60 29
61 29
62 29
62 29
63 28
64 28
64 28
65 28
66 28
67 28
67 28
68 28
69 28
69 28
70 28
71 28
72 28
72 28
73 28
74 29
75 29
75 29
76 29
77 29
77 29
78 29
79 29
79 29
80 28
80 28
79 28
78 27
77 27
76 26
75 26
74 25
73 25
72 24
71 24
70 24
69 23
68 23
67 22
66 22
65 21
64 21
63 20
62 20
61 19
60 19
59 19
58 18
57 18
56 17
55 17
54 16
53 16
52 15
51 15
50 15
49 14
48 14
47 13
46 13
45 12
44 12
43 11
42 11
42 11
42 11
42 11
42 12
42 13
42 14
42 14
42 15
42 15
42 16
42 16
43 17
43 17
43 18
