8 15
8 14
9 13
9 12
9 12
9 11
9 10
9 10
9 10
9 11
9 12
9 12
9 13
9 14
9 15
9 15
9 16
9 17
9 18
9 19
9 19
9 20
9 21
9 22
9 23
9 23
9 24
10 25
10 26
10 27
10 27
10 28
10 29
10 30
10 31
10 32
10 33
10 34
10 34
10 35
10 36
10 37
10 38
10 39
10 40
10 41
10 42
10 42
10 43
10 44
10 45
10 46
10 47
10 48
10 49
10 50
10 51
10 52
10 52
10 53
10 54
10 55
10 56
10 57
10 58
10 59
10 60
10 61
10 62
10 62
10 63
10 64
10 65
10 66
10 67
10 68
10 69
10 70
10 71
10 72
10 72
10 73
10 74
10 75
10 76
10 77
10 78
10 79
10 80
10 80
10 81
10 82
10 83
9 84
9 85
9 86
9 87
9 87
9 88
9 89
8 90
8 91
8 92
8 92
8 93
8 94
7 95
7 96
7 97
7 97
6 98
6 99
6 99
5 100
5 100
4 100
4 100
3 99
3 99
2 98
2 97
1 96
1 96
1 95
0 94
0 93
0 92
0 92
0 91
0 90
0 89
0 88
0 87
0 86
0 86
0 85
0 84
0 83
0 82
0 81
0 80
0 80
0 79
0 78
0 77
0 76
0 76
0 75
0 74
0 74
0 73
0 72
0 72
1 71
2 71
2 71
3 72
3 73
3 73
4 74
5 75
5 75
6 76
6 77
7 78
7 78
8 79
8 80
9 81
9 81
10 82
11 82
11 82
12 83
13 83
13 83
14 83
15 83
15 83
16 82
16 81
16 81
17 80
17 79
18 78
18 78
18 77
19 76
19 75
19 74
19 74
19 73
19 72
20 71
20 70
20 69
20 69
20 68
20 67
20 66
21 65
21 64
21 63
21 62
21 62
21 61
21 60
21 59
21 58
21 57
21 56
21 55
21 54
21 54
21 53
21 52
21 51
21 50
21 49
21 48
21 47
21 46
21 45
21 45
21 44
21 43
21 42
21 41
20 40
20 39
20 38
20 37
20 36
20 35
20 35
20 34
20 33
20 32
20 31
19 30
19 29
19 28
19 27
19 26
19 26
19 25
19 24
18 23
18 22
18 21
18 21
17 20
17 19
16 18
16 18
15 17
15 16
14 15
14 15
13 15
12 15
11 15
11 15
10 16
9 16
9 16
8 17
7 18
7 18
6 19
6 20
5 21
5 21
4 22
3 23
3 23
2 24
2 25
2 25
2 26
2 27
2 27
2 28
2 29
2 30
2 30
2 31
3 32
3 33
4 34
4 35
4 36
5 37
5 38
6 39
6 40
6 41
7 42
7 43
8 44
8 45
8 46
9 47
9 48
10 49
10 50
10 51
11 52
11 53
12 54
12 55
12 56
13 57
13 58
14 59
14 60
14 61
15 62
15 63
16 64
16 65
16 66
17 67
17 68
18 69
18 70
18 71
19 72
19 73
20 74
20 75
20 75
20 76
20 76
20 75
20 75
20 74
20 74
20 74
20 75
20 75
21 75
21 75
21 76
21 76
22 77
22 78
22 78
23 79
23 80
23 80
24 81
24 81
25 82
25 82
26 83
26 84
26 84
27 84
28 84
28 84
29 83
29 83
30 82
30 82
31 81
32 80
32 80
32 79
33 78
33 77
33 77
33 76
34 75
34 74
34 74
34 73
35 72
35 71
35 70
35 70
35 69
35 68
35 67
35 66
35 66
35 65
35 64
35 63
35 62
35 62
36 61
36 60
36 60
36 60
35 59
35 58
35 58
35 58
35 59
35 59
35 60
35 61
35 61
35 62
36 63
36 64
36 64
36 65
36 66
36 67
36 68
36 68
36 69
36 70
36 71
36 71
37 72
37 73
37 73
38 74
38 75
38 75
38 76
38 77
38 78
38 78
39 79
39 80
39 80
40 81
40 82
40 82
41 83
41 84
41 84
42 84
43 84
43 84
44 84
44 84
45 83
46 83
46 83
47 82
47 81
47 81
48 80
48 79
48 79
48 78
49 77
49 76
49 76
49 75
50 74
50 73
50 73
50 72
51 71
51 70
51 69
51 69
51 68
51 67
51 66
51 65
51 65
51 64
50 63
50 62
50 62
50 61
50 60
50 60
49 60
49 60
49 60
48 60
48 60
48 61
48 61
47 62
47 62
47 63
47 64
47 64
47 65
47 66
47 67
47 67
47 68
47 69
47 70
47 70
47 71
48 72
48 73
48 73
48 74
48 75
48 75
48 76
49 77
49 78
49 78
49 79
50 80
50 81
50 81
50 82
50 83
50 83
51 84
52 85
52 85
53 86
53 87
53 87
54 87
55 87
55 87
56 87
57 87
57 87
58 86
59 86
59 86
60 85
60 84
61 83
61 83
61 82
62 81
62 80
62 80
63 79
63 78
64 77
64 77
64 76
64 75
64 74
64 73
64 73
64 72
64 71
65 70
65 69
65 68
65 68
65 67
65 66
66 65
66 64
66 63
66 62
66 62
66 61
66 60
66 59
66 58
66 57
66 56
66 55
66 55
66 54
66 53
66 52
66 51
66 50
66 49
66 48
66 47
66 47
66 46
66 45
66 44
66 43
67 42
67 41
67 40
67 39
67 38
67 38
67 37
67 36
67 35
67 34
67 33
67 32
67 31
67 31
67 30
67 29
67 28
67 28
67 27
68 26
68 25
68 25
68 25
68 25
68 25
68 26
67 27
67 28
67 28
67 29
67 30
67 31
67 32
67 33
67 33
67 34
67 35
67 36
67 37
67 38
67 39
67 39
67 40
67 41
67 42
67 43
67 44
67 45
67 45
67 46
67 47
67 48
67 49
67 50
67 51
67 51
67 52
67 53
66 54
66 55
66 56
66 57
66 57
66 58
66 59
66 60
66 61
66 62
66 62
66 63
66 64
66 65
66 66
66 67
66 68
66 68
66 69
67 70
67 71
67 72
67 72
67 73
67 74
67 75
67 76
67 76
68 77
68 78
69 79
69 79
70 80
71 81
71 81
72 82
73 82
73 82
74 83
75 83
75 83
76 83
77 83
77 83
78 82
79 82
79 82
80 81
80 80
80 80
81 79
81 78
81 78
81 77
81 76
81 76
81 75
81 74
81 73
81 72
81 72
81 71
80 70
80 69
80 68
80 68
80 67
79 66
79 65
79 65
78 64
78 64
78 63
78 63
77 63
77 63
77 64
77 65
77 65
77 66
77 67
77 67
77 68
77 69
77 70
77 70
77 71
77 72
77 73
77 73
77 74
78 75
78 76
78 77
78 77
78 78
78 79
78 80
78 80
79 81
79 82
79 82
80 83
80 84
81 85
81 85
82 86
82 86
83 87
83 87
84 88
85 88
85 88
86 88
86 88
87 89
87 89
88 89
88 89
88 89
88 88
88 88
88 87
88 86
88 86
88 85
88 84
88 84
88 83
88 82
88 81
88 81
88 80
88 79
88 78
88 78
88 77
88 76
88 75
88 74
88 74
88 73
88 72
88 72
88 71
88 70
88 69
88 69
88 68
88 68
88 67
88 67
88 67
88 67
88 67
88 66
88 66
89 66
89 66
90 66
91 66
91 66
92 66
92 66
93 66
94 66
94 66
95 66
96 66
96 66
97 66
98 66
98 66
99 65
99 65
100 65
100 65
99 65
98 64
97 64
96 64
95 63
94 63
93 62
92 62
91 62
90 61
89 61
88 61
87 60
86 60
85 59
84 59
83 59
82 58
81 58
80 58
79 57
78 57
77 56
76 56
75 56
74 55
73 55
72 55
71 54
70 54
69 54
68 53
67 53
66 52
65 52
64 52
63 51
62 51
61 51
60 50
59 50
58 49
57 49
56 49
55 48
54 48
54 48
55 47
55 46
55 46
55 45
55 45
56 44
56 43
56 43
57 44
57 44
58 44
59 44
59 44
60 45
61 45
61 45
62 45
63 45
63 45
64 45
65 44
66 44
66 44
67 44
68 43
69 43
69 43
70 43
71 42
72 42
72 42
73 41
74 41
74 41
73 40
72 39
71 38
70 37
69 36
68 35
67 34
66 33
65 32
64 32
63 31
62 30
61 29
60 28
59 27
58 26
57 25
56 24
55 23
54 22
53 21
52 20
51 19
50 18
49 17
48 16
47 15
46 15
45 14
44 13
43 12
42 11
41 10
40 9
39 8
38 7
38 7
38 7
38 6
38 5
38 4
38 4
38 3
37 2
37 1
37 0
37 0
37 0
37 0
