14 3
14 3
14 2
13 1
13 0
13 0
13 0
13 1
13 1
13 2
13 2
13 3
13 4
13 4
13 5
13 6
13 7
13 8
13 8
13 9
13 10
13 11
13 12
13 12
13 13
13 14
13 15
13 16
13 17
13 18
13 18
13 19
13 20
13 21
12 22
12 23
12 24
12 25
12 25
12 26
12 27
12 28
12 29
12 30
12 31
12 32
12 33
12 33
12 34
12 35
12 36
12 37
12 38
12 39
12 40
12 41
12 41
12 42
12 43
12 44
11 45
11 46
11 47
11 48
11 48
11 49
11 50
11 51
11 52
11 53
11 54
11 55
11 55
11 56
11 57
11 58
10 59
10 60
10 61
10 62
10 62
10 63
10 64
10 65
9 66
9 67
9 68
9 69
9 70
9 70
9 71
9 72
9 73
8 74
8 75
8 76
8 77
8 78
8 78
8 79
8 80
8 81
7 82
7 83
7 84
7 85
7 85
7 86
7 87
6 88
6 89
6 90
6 91
6 91
6 92
6 93
5 94
5 95
5 96
5 96
5 97
4 98
4 99
4 99
3 100
3 100
2 100
2 100
1 99
1 99
0 98
0 97
0 97
0 96
0 95
0 94
0 93
0 93
0 92
0 91
0 90
0 89
0 88
0 88
0 87
0 86
0 85
0 84
0 83
0 82
0 82
0 81
0 80
0 79
0 78
0 78
0 77
0 76
0 75
0 74
0 74
0 73
0 72
0 71
0 71
1 70
1 69
1 69
1 68
1 68
2 68
2 68
3 67
3 67
4 68
4 68
5 69
5 69
6 70
6 71
7 72
7 72
7 73
8 74
8 75
8 76
8 76
8 77
8 78
9 79
9 80
9 81
9 81
9 82
10 83
10 84
11 85
11 86
11 86
11 87
12 88
12 89
13 90
13 91
13 91
14 92
14 93
15 94
15 95
15 95
16 96
16 96
17 97
18 97
18 97
19 97
20 97
20 97
21 96
22 96
22 96
23 95
23 95
23 94
24 93
24 92
24 92
24 91
25 90
25 89
25 89
25 88
26 87
26 86
26 85
26 85
26 84
26 83
27 82
27 81
27 80
27 80
27 79
27 78
27 77
27 76
27 76
27 75
27 74
27 73
27 72
27 71
27 70
27 70
27 69
27 68
27 67
27 66
27 65
27 64
27 64
27 63
27 62
27 61
27 60
27 59
27 58
27 57
27 56
27 56
27 55
27 54
27 53
26 52
26 51
26 50
26 49
26 49
26 48
26 47
26 46
25 45
25 44
25 43
25 42
25 42
25 41
24 40
24 39
24 38
24 37
23 36
23 35
23 35
23 34
22 33
22 32
22 31
21 30
21 29
21 29
21 28
20 27
20 26
20 25
19 24
19 23
19 23
19 22
18 21
18 20
17 19
17 18
17 18
16 17
16 16
15 15
15 14
15 14
14 13
13 13
12 12
12 12
11 11
10 10
10 10
9 9
9 9
8 9
7 9
7 9
6 9
6 9
5 9
4 9
4 9
3 10
3 10
3 11
4 12
4 13
4 14
5 15
5 16
5 17
6 18
6 19
6 20
7 21
7 22
7 23
8 24
8 25
8 26
9 27
9 28
9 29
10 30
10 31
10 32
11 33
11 34
11 35
12 36
12 37
12 38
13 39
13 40
14 41
14 42
14 43
15 44
15 45
15 46
16 47
16 48
16 49
17 50
17 51
17 52
18 53
18 54
18 55
19 56
19 57
19 58
20 59
20 60
20 61
21 62
21 63
21 64
22 65
22 66
22 67
23 68
23 69
23 69
22 70
22 70
21 70
21 70
22 71
22 71
22 72
22 72
23 71
23 71
24 70
25 70
25 70
26 69
26 68
27 67
27 67
27 66
28 65
28 64
29 63
29 62
29 62
30 61
30 60
31 59
31 58
32 57
32 57
32 56
33 55
33 54
33 53
34 52
34 51
34 51
34 50
34 49
35 48
35 47
35 46
35 46
36 45
36 44
37 43
37 42
37 42
37 41
38 40
38 39
38 38
38 38
39 37
39 36
39 36
39 36
39 36
39 37
39 38
39 38
39 39
39 40
39 41
39 41
39 42
38 43
38 44
38 44
38 45
38 46
38 47
38 47
38 48
37 49
37 50
37 50
37 51
37 52
37 53
37 54
37 54
37 55
36 56
36 57
36 57
36 58
36 59
36 60
36 61
36 61
36 62
36 63
36 64
36 65
36 65
36 66
36 67
36 68
36 69
36 70
36 70
36 71
37 72
37 73
37 73
37 74
37 75
37 75
38 76
38 77
38 77
39 78
40 78
40 78
41 78
41 78
42 78
42 78
43 77
44 76
44 76
45 75
45 74
45 74
46 73
47 72
47 72
48 71
48 70
48 70
49 69
49 68
50 67
50 66
50 66
50 65
51 64
51 63
51 62
51 62
51 61
52 60
52 59
52 59
52 58
52 57
52 56
52 55
52 55
52 54
52 53
52 53
52 52
52 52
51 51
51 51
50 52
50 52
49 53
49 53
48 54
48 55
47 56
47 56
47 57
46 58
46 59
46 59
46 60
45 61
45 62
45 62
45 63
45 64
45 65
45 66
45 66
45 67
44 68
44 69
44 69
44 70
44 71
44 72
44 72
44 73
44 74
44 75
44 75
44 76
45 77
45 78
45 78
45 79
45 80
45 80
46 81
47 81
47 81
48 82
48 82
49 82
49 82
50 82
51 82
51 82
52 81
53 81
53 81
54 80
55 80
55 80
56 79
56 78
57 77
57 77
57 76
58 75
58 74
58 74
58 73
59 72
59 71
59 70
59 70
60 69
60 68
61 67
61 66
61 66
61 65
62 64
62 63
62 62
62 62
62 61
63 60
63 59
63 58
63 58
63 57
63 56
64 55
64 54
64 53
64 52
64 52
64 51
65 50
65 49
65 48
66 47
66 46
66 46
66 45
66 44
66 43
67 42
67 41
67 40
67 39
67 39
67 38
67 37
67 36
68 35
68 34
68 33
68 32
68 31
68 31
68 30
69 29
69 28
69 27
69 26
70 25
70 24
70 24
70 23
70 22
71 21
71 20
71 19
71 18
71 18
71 17
72 16
72 15
72 14
72 14
72 13
72 12
72 11
72 10
72 10
72 9
72 8
72 8
72 7
72 6
72 6
72 5
72 4
72 4
72 3
72 3
72 3
71 3
71 3
70 4
70 5
70 5
70 6
70 7
70 8
70 8
70 9
69 10
69 11
68 12
68 13
68 13
68 14
68 15
68 16
67 17
67 18
67 19
67 20
67 20
67 21
67 22
67 23
67 24
66 25
66 26
66 27
66 28
66 29
66 29
66 30
66 31
66 32
65 33
65 34
65 35
65 36
65 37
65 37
65 38
65 39
65 40
65 41
65 42
65 43
65 44
65 45
65 46
65 46
65 47
65 48
65 49
65 50
65 51
65 52
65 52
65 53
65 54
65 55
64 56
64 57
64 58
64 59
64 59
64 60
64 61
64 62
64 63
64 64
64 65
64 65
64 66
64 67
64 68
64 69
64 70
64 71
64 71
64 72
64 73
65 74
65 75
65 76
65 76
65 77
65 78
65 79
65 80
65 81
65 81
65 82
66 83
66 84
66 84
66 85
67 86
67 87
67 87
68 88
68 89
68 89
69 89
69 89
70 88
71 88
71 88
72 87
72 86
73 85
73 85
74 84
74 83
75 82
75 81
76 80
76 80
76 79
77 78
77 77
77 76
77 76
78 75
78 74
79 73
79 72
79 72
79 71
79 70
79 70
79 69
79 68
79 68
78 67
78 67
77 67
77 67
76 67
76 67
75 68
75 69
75 69
74 70
73 71
73 71
72 72
72 72
72 73
72 74
72 74
72 75
72 76
72 76
73 77
73 78
73 78
74 79
74 80
74 80
75 81
75 81
76 81
77 81
77 81
78 80
79 79
79 79
80 78
80 77
81 76
81 76
82 75
82 74
83 73
83 73
84 72
84 71
84 71
85 70
85 70
86 71
86 71
86 72
86 72
86 73
86 74
86 75
86 75
86 76
85 77
85 78
85 78
85 79
85 80
85 81
85 81
85 82
84 83
84 84
84 84
84 85
83 86
83 87
83 87
83 88
83 88
83 88
83 88
83 87
83 87
84 86
84 85
84 85
84 84
85 83
85 82
85 82
86 81
86 80
87 79
87 78
87 78
88 77
88 76
89 75
89 74
89 74
90 73
90 72
91 71
91 71
92 70
92 69
93 68
93 68
94 67
95 66
95 66
96 65
97 65
97 65
98 64
99 64
99 64
99 63
99 63
100 62
100 62
100 61
100 61
99 60
98 59
97 59
96 58
95 57
94 56
93 56
92 55
91 54
90 53
89 53
88 52
87 51
86 50
85 50
84 49
83 48
82 47
81 46
80 46
79 45
78 44
77 43
76 43
75 42
74 41
73 40
72 40
71 39
70 38
69 37
68 37
67 36
66 35
65 34
64 34
63 33
62 32
62 32
62 33
61 34
61 35
61 35
60 34
60 34
59 33
59 32
59 32
60 31
61 31
61 31
62 30
63 30
63 30
64 30
65 29
66 29
66 29
67 29
68 28
69 28
70 28
70 28
71 28
72 27
73 27
74 27
74 27
75 27
76 26
77 26
78 26
78 26
79 26
80 26
80 26
81 27
81 27
82 27
82 27
82 28
82 28
81 28
80 27
79 27
78 27
77 27
76 26
75 26
74 26
73 26
72 25
71 25
70 25
69 24
68 24
67 24
66 24
65 23
64 23
63 23
62 23
61 22
60 22
59 22
58 22
57 21
56 21
55 21
54 20
53 20
52 20
51 20
50 19
49 19
48 19
47 19
46 18
45 18
44 18
43 17
42 17
41 17
40 17
39 16
38 16
37 16
36 16
35 15
34 15
33 15
32 15
31 14
30 14
30 14
31 15
32 16
32 16
32 15
32 14
32 14
31 13
31 13
31 12
31 12
32 12
32 12
