9 0
9 0
9 0
9 0
9 0
9 1
8 2
8 3
8 4
8 4
8 5
9 6
9 7
9 8
9 8
9 9
9 10
9 11
9 12
9 13
9 13
9 14
9 15
10 16
10 17
10 18
10 19
10 19
10 20
10 21
10 22
10 23
10 24
10 25
10 25
10 26
10 27
10 28
10 29
10 30
10 31
10 32
10 33
10 34
10 35
10 36
10 36
10 37
10 38
10 39
10 40
10 41
10 42
10 43
10 44
10 45
10 46
10 47
10 48
10 49
10 49
10 50
10 51
10 52
10 53
10 54
10 55
10 56
10 56
10 57
10 58
10 59
10 60
10 61
10 62
10 63
10 64
10 65
10 65
10 66
10 67
10 68
10 69
10 70
10 71
10 72
10 73
10 74
10 75
10 76
10 76
10 77
10 78
10 79
10 80
9 81
9 82
9 83
9 84
9 85
9 85
9 86
9 87
9 88
9 89
9 90
9 91
9 91
9 92
8 93
8 94
8 95
8 95
8 96
7 97
7 98
7 99
7 99
6 100
6 100
5 100
5 100
4 100
4 100
4 99
3 98
3 97
3 97
3 96
2 95
2 94
2 93
2 93
2 92
2 91
2 90
2 89
2 88
2 88
2 87
2 86
2 85
2 84
2 83
2 82
2 82
2 81
2 80
2 79
2 78
2 77
2 77
2 76
3 75
3 74
3 73
3 73
4 72
4 71
4 71
4 71
5 71
5 71
6 72
6 72
7 73
7 73
8 74
8 74
9 75
9 76
9 76
9 77
10 78
10 79
10 79
11 80
12 81
12 81
13 82
13 83
13 83
14 84
14 85
15 86
15 86
16 87
16 87
17 88
18 88
18 88
19 87
19 87
20 86
20 85
21 84
21 84
22 83
23 82
24 81
24 81
25 80
25 79
26 78
26 78
26 77
27 76
27 75
27 74
27 74
28 73
28 72
29 71
29 70
29 70
29 69
29 68
29 67
29 66
29 66
29 65
29 64
30 63
30 62
30 61
30 61
30 60
30 59
30 58
30 57
30 56
30 56
30 55
30 54
30 53
30 52
30 51
30 50
30 49
30 49
30 48
30 47
30 46
30 45
29 44
29 43
29 42
29 41
29 40
29 40
29 39
29 38
29 37
29 36
28 35
28 34
28 33
28 32
28 31
28 31
28 30
28 29
28 28
27 27
27 26
27 25
27 24
27 23
27 23
27 22
26 21
26 20
26 19
26 18
25 17
25 16
25 15
25 15
25 14
24 13
24 12
24 11
23 10
23 9
23 9
22 8
22 7
21 6
21 5
21 5
20 4
19 4
19 4
18 4
17 4
16 4
16 4
15 5
14 5
13 6
13 6
12 7
11 8
10 9
10 9
9 10
8 10
7 11
7 11
6 12
5 13
4 14
4 14
3 15
2 16
2 16
1 17
1 18
1 18
0 19
0 19
0 20
0 20
0 21
0 21
1 22
1 23
2 24
2 25
3 26
4 27
4 28
5 29
5 30
6 31
7 32
7 33
8 34
8 35
9 36
10 37
10 38
11 39
11 40
12 41
13 42
13 43
14 44
14 45
15 46
15 47
16 48
17 49
17 50
18 51
18 52
19 53
20 54
20 55
21 56
21 57
22 58
23 59
23 60
24 61
24 62
25 63
26 64
26 65
27 66
27 67
28 68
28 68
27 68
27 68
27 68
27 67
27 67
28 68
28 68
28 69
28 69
28 70
29 71
29 72
29 72
29 73
30 74
30 75
30 75
31 76
31 77
31 77
31 78
32 79
32 80
32 80
33 81
33 81
34 82
34 82
35 81
35 81
36 80
36 79
36 79
36 78
36 77
37 76
37 75
37 74
37 74
37 73
37 72
38 71
38 70
38 69
38 69
38 68
38 67
39 66
39 65
39 64
39 64
39 63
39 62
40 61
40 60
40 59
40 59
40 58
41 57
41 56
41 56
41 55
41 54
41 53
41 53
41 52
41 52
41 51
41 51
41 51
41 52
41 53
41 53
41 52
41 52
41 53
41 53
41 54
42 55
42 56
42 56
42 57
42 58
42 59
42 59
42 60
42 61
42 62
42 63
42 63
42 64
42 65
42 66
42 67
42 67
42 68
43 69
43 70
43 71
43 71
43 72
43 73
43 74
43 75
43 75
43 76
43 77
43 78
43 79
43 80
43 80
43 81
43 82
43 83
43 84
43 84
43 85
44 86
44 87
44 88
44 88
44 89
45 90
45 91
45 91
46 92
46 93
46 93
47 94
47 94
48 94
48 94
49 93
49 92
49 92
50 91
50 90
51 89
51 88
51 88
51 87
52 86
52 85
52 85
52 84
52 83
53 82
53 81
53 80
53 80
53 79
53 78
54 77
54 76
54 75
54 74
54 74
54 73
55 72
55 71
55 71
55 70
55 69
55 68
55 67
55 67
55 66
56 65
56 64
56 64
56 63
56 62
56 62
56 61
56 60
56 59
56 59
56 58
56 57
56 56
56 56
56 55
56 54
56 54
56 53
55 52
55 51
55 50
55 50
54 49
54 49
54 49
53 49
53 49
53 50
53 50
53 51
52 52
52 53
52 53
52 54
52 55
52 56
52 57
52 57
52 58
51 59
51 60
51 61
51 61
51 62
51 63
51 64
51 64
51 65
51 66
51 67
51 68
51 68
51 69
51 70
51 71
51 71
51 72
52 73
52 74
52 75
52 75
52 76
52 77
52 78
52 78
52 79
53 80
53 81
53 82
53 82
53 83
54 84
54 85
54 86
54 86
54 87
54 88
54 88
55 89
55 90
55 90
56 90
56 90
57 89
58 89
58 89
59 88
59 87
59 87
59 86
60 85
60 84
60 83
61 82
61 81
61 81
61 80
62 79
62 78
62 77
62 76
63 75
63 74
63 73
63 73
63 72
63 71
64 70
64 69
64 68
64 67
65 66
65 65
65 64
65 64
65 63
65 62
65 61
65 60
65 59
66 58
66 57
66 56
66 55
66 54
66 53
66 53
66 52
66 51
67 50
67 49
67 48
67 47
67 46
67 45
68 44
68 43
68 42
68 42
68 41
68 40
68 39
68 38
68 37
69 36
69 35
69 34
69 33
69 32
69 31
69 30
69 30
69 29
69 28
69 27
69 26
69 25
69 24
69 23
69 22
69 22
69 21
69 20
70 19
70 18
70 17
70 17
70 16
70 15
70 14
70 13
70 13
70 12
69 11
69 10
69 10
69 9
69 9
69 8
69 8
69 8
69 8
69 8
69 8
69 9
69 10
69 11
69 11
69 12
68 13
68 14
68 15
68 15
68 16
68 17
68 18
68 19
68 20
68 20
68 21
68 22
68 23
68 24
68 25
68 25
68 26
68 27
68 28
68 29
68 30
68 31
68 32
68 32
68 33
68 34
68 35
67 36
67 37
67 38
67 39
67 40
67 40
67 41
67 42
67 43
67 44
67 45
67 46
67 47
67 48
67 49
67 49
67 50
67 51
67 52
67 53
67 54
67 55
67 56
67 57
67 57
67 58
67 59
67 60
67 61
67 62
67 63
67 64
67 64
67 65
67 66
67 67
68 68
68 69
68 70
68 71
68 71
68 72
68 73
68 74
68 75
68 76
68 76
68 77
68 78
69 79
69 80
69 81
69 81
69 82
69 83
69 84
69 84
69 85
70 86
70 87
70 87
71 88
71 88
72 89
72 89
73 88
73 88
74 87
74 87
74 86
74 85
74 84
74 84
74 83
75 82
75 81
75 80
75 80
75 79
75 78
76 77
76 76
76 75
76 74
76 74
76 73
76 72
77 71
77 70
77 69
77 69
77 68
77 67
77 66
77 65
77 64
77 64
77 63
77 62
77 61
77 61
77 60
77 59
77 58
77 57
77 57
77 56
77 55
77 54
77 54
77 53
77 52
77 51
77 51
77 50
77 49
77 49
77 48
77 48
77 47
77 47
76 46
76 46
76 45
76 45
76 45
76 45
76 46
76 46
76 47
75 48
75 49
75 49
75 50
75 51
75 52
75 53
75 53
75 54
75 55
75 56
75 56
75 57
75 58
75 59
75 59
75 60
75 61
75 62
75 63
75 63
75 64
75 65
75 66
75 67
75 67
75 68
75 69
75 70
75 70
75 71
75 72
75 73
75 73
75 74
76 75
76 76
76 76
76 77
76 78
76 78
77 79
77 80
77 80
78 81
78 81
79 82
80 82
80 82
81 82
81 82
82 81
82 80
82 80
83 79
83 78
83 78
84 77
84 76
85 75
85 75
85 74
86 73
86 72
86 71
86 71
86 70
87 69
87 68
87 67
87 67
87 66
87 65
87 64
87 63
87 63
87 62
87 61
87 60
87 59
87 59
87 58
87 57
87 57
87 56
87 56
87 56
87 56
87 56
87 56
87 56
87 56
87 57
87 57
87 58
87 59
87 59
87 60
87 61
87 62
87 62
87 63
87 64
87 65
87 65
87 66
87 67
87 68
87 68
87 69
87 70
87 71
87 72
87 72
87 73
87 74
87 75
87 76
87 76
87 77
87 78
87 79
87 79
87 80
87 81
87 81
87 82
87 82
87 82
87 82
87 81
87 81
88 80
88 80
88 79
88 78
88 77
88 77
88 76
88 75
88 74
88 74
88 73
88 72
88 71
88 71
88 70
89 69
89 68
89 68
89 67
90 66
90 65
90 65
90 64
90 63
90 62
90 62
91 61
91 60
91 60
92 59
92 58
92 58
93 57
93 57
94 56
94 56
95 56
95 56
96 56
96 56
97 56
97 56
98 56
98 56
99 56
99 56
100 55
100 55
99 54
98 54
97 53
96 53
95 52
94 52
93 51
92 51
91 50
90 50
89 49
88 49
87 48
86 48
85 47
84 47
83 46
82 46
81 45
80 45
79 44
78 44
77 43
76 43
75 42
74 42
73 41
72 41
71 40
70 40
69 39
68 39
67 38
66 38
65 37
64 37
63 36
62 36
61 35
60 35
59 34
58 34
58 34
59 35
59 36
59 36
59 36
59 36
59 36
60 35
60 35
61 35
62 35
62 35
63 34
64 34
64 34
65 34
66 33
67 33
67 33
68 33
69 32
70 32
71 32
71 32
72 32
73 32
74 32
74 32
75 32
76 32
77 32
77 32
78 32
79 32
80 32
80 32
81 32
82 32
83 32
83 32
82 32
81 31
80 31
79 30
78 30
77 30
76 29
75 29
74 29
73 28
72 28
71 27
70 27
69 27
68 26
67 26
66 25
65 25
64 25
63 24
62 24
61 23
60 23
59 23
58 22
57 22
56 22
55 21
54 21
53 20
52 20
51 20
50 19
49 19
48 18
47 18
46 18
45 17
44 17
43 17
42 16
41 16
40 15
39 15
39 15
40 14
40 13
40 13
39 12
39 12
39 13
39 13
39 13
40 13
40 13
40 14
40 14
41 15
41 15
42 16
42 17
