9 0
10 1
10 1
10 2
10 2
10 3
10 4
10 4
10 5
10 6
10 7
10 7
10 8
11 9
11 10
11 11
11 11
11 12
11 13
11 14
11 14
11 15
11 16
12 17
12 18
12 19
12 20
12 20
12 21
12 22
12 23
12 24
12 25
12 26
12 27
12 28
12 28
12 29
12 30
12 31
12 32
13 33
13 34
13 35
13 36
13 37
13 38
13 38
13 39
13 40
13 41
13 42
13 43
13 44
13 45
13 46
13 47
13 47
13 48
13 49
13 50
13 51
13 52
13 53
13 54
13 55
13 56
13 56
13 57
13 58
13 59
13 60
13 61
13 62
13 63
13 64
13 65
13 65
13 66
13 67
13 68
13 69
13 70
13 71
13 72
13 73
13 74
13 74
13 75
13 76
13 77
12 78
12 79
12 80
12 81
12 81
12 82
12 83
12 84
11 85
11 86
11 87
11 88
11 88
11 89
10 90
10 91
10 92
10 92
10 93
9 94
9 95
9 96
9 96
8 97
7 98
7 98
6 99
6 100
6 100
5 100
4 100
4 100
3 99
3 99
2 98
1 97
1 97
1 96
0 95
0 94
0 93
0 93
0 92
0 91
0 90
0 89
0 89
0 88
0 87
0 86
0 85
0 84
0 84
0 83
0 82
0 81
0 81
0 80
0 79
0 78
0 78
0 77
0 77
1 77
1 77
2 78
2 78
3 79
4 80
4 80
5 81
5 82
6 83
6 83
7 84
7 85
8 86
8 86
9 87
9 88
10 89
10 89
11 90
12 90
13 91
13 91
14 92
14 93
14 93
15 93
16 93
16 93
17 93
18 93
18 93
19 92
20 92
20 92
20 91
21 90
21 89
21 89
21 88
22 87
22 86
22 85
22 85
22 84
23 83
23 82
23 81
23 81
23 80
24 79
24 78
24 77
24 77
24 76
24 75
25 74
25 73
25 72
25 71
25 71
25 70
25 69
25 68
25 67
25 66
25 65
25 65
25 64
25 63
25 62
25 61
25 60
25 59
25 58
25 58
25 57
25 56
25 55
24 54
24 53
24 52
24 51
24 50
24 50
24 49
24 48
24 47
23 46
23 45
23 44
23 43
23 42
23 42
23 41
23 40
23 39
22 38
22 37
22 36
22 35
22 34
22 34
22 33
22 32
21 31
21 30
21 29
21 28
21 28
21 27
21 26
20 25
20 24
20 23
20 23
20 22
19 21
19 20
18 19
18 18
18 18
18 17
17 16
17 15
17 14
17 14
16 13
15 12
15 12
14 11
13 11
13 11
12 11
12 11
11 11
10 11
10 11
9 11
8 11
8 11
7 12
6 12
6 12
5 13
5 14
5 14
5 15
5 15
5 16
4 17
4 18
4 19
4 19
4 20
5 21
5 22
5 23
6 24
6 25
6 26
7 27
7 28
8 29
8 30
8 31
9 32
9 33
9 34
10 35
10 36
10 37
11 38
11 39
11 40
12 41
12 42
12 43
13 44
13 45
13 46
14 47
14 48
15 49
15 50
15 51
16 52
16 53
16 54
17 55
17 56
17 57
18 58
18 59
18 60
19 61
19 62
19 63
20 64
20 65
20 66
21 67
21 68
22 69
22 70
22 71
23 72
23 73
23 74
24 75
24 76
24 76
25 77
25 77
25 76
25 76
25 76
25 76
26 77
26 77
26 78
26 79
26 79
26 80
26 81
26 81
27 82
27 83
27 83
28 84
28 85
28 85
28 86
28 87
28 87
29 88
29 88
30 88
30 88
31 88
32 88
32 88
33 87
33 86
33 86
34 85
35 84
35 84
36 83
36 82
36 82
36 81
37 80
37 79
37 79
37 78
38 77
38 76
38 75
38 75
38 74
39 73
39 72
39 71
39 71
39 70
40 69
40 68
40 67
40 67
40 66
40 65
40 65
40 64
40 63
40 63
40 62
40 62
40 62
40 63
40 63
40 64
40 64
40 65
40 66
40 67
40 67
40 68
40 69
40 70
40 71
40 71
40 72
40 73
40 74
40 74
40 75
40 76
40 77
40 77
40 78
41 79
41 80
41 80
41 81
41 82
41 82
41 83
42 84
42 85
42 85
43 86
43 87
43 87
44 87
44 87
45 87
46 87
46 87
47 87
48 87
48 87
49 86
49 86
50 85
51 85
51 85
52 84
52 83
52 83
53 82
54 81
54 81
54 80
55 79
55 78
55 78
55 77
55 76
55 76
55 75
55 74
55 73
55 73
55 72
55 71
55 70
55 69
55 69
55 68
55 67
55 66
55 66
54 65
54 64
54 64
54 63
54 63
53 63
53 63
52 64
52 64
52 65
52 66
52 66
51 67
51 68
51 68
51 69
51 70
51 71
51 71
51 72
51 73
51 74
51 74
51 75
51 76
51 77
51 77
51 78
52 79
52 80
52 80
52 81
52 82
52 83
52 83
53 84
53 85
53 85
54 86
54 87
54 87
55 88
55 89
55 89
56 89
57 89
57 89
58 89
58 89
59 88
59 88
60 87
61 87
61 87
62 86
62 85
62 85
62 84
63 83
63 82
63 82
63 81
64 80
64 79
64 79
64 78
65 77
65 76
65 75
65 75
65 74
66 73
66 72
66 71
66 71
66 70
66 69
66 68
66 67
66 66
66 66
66 65
66 64
66 63
66 62
66 61
66 60
66 60
66 59
66 58
66 57
66 56
66 55
66 54
66 54
66 53
66 52
66 51
66 50
66 49
66 48
66 48
66 47
66 46
66 45
66 44
66 43
66 43
66 42
66 41
66 40
66 39
66 39
66 38
66 37
66 37
66 37
66 37
66 37
66 38
66 39
66 40
66 40
66 41
66 42
66 43
66 43
66 44
66 45
66 46
66 47
66 48
66 48
66 49
66 50
66 51
66 52
66 53
66 53
66 54
66 55
66 56
66 57
66 58
66 58
66 59
66 60
66 61
66 62
66 63
66 64
66 64
66 65
66 66
66 67
66 68
66 69
66 70
66 70
66 71
66 72
66 73
66 74
66 74
66 75
67 76
67 77
67 78
67 78
67 79
67 80
67 81
67 82
67 82
68 83
68 84
68 84
69 85
69 86
69 86
70 87
71 88
71 88
72 88
72 88
73 88
73 88
74 87
74 87
75 86
75 85
75 85
75 84
76 83
76 82
76 82
76 81
76 80
76 79
76 79
76 78
76 77
76 77
76 76
76 75
76 74
76 74
76 73
76 72
76 71
76 71
76 70
76 70
75 69
75 69
75 69
74 69
74 69
74 70
74 70
73 71
73 72
73 72
73 73
73 74
73 74
73 75
73 76
73 77
73 77
73 78
73 79
73 80
73 80
73 81
73 82
73 83
73 83
74 84
74 85
74 85
75 86
75 87
75 87
76 87
77 87
77 87
78 87
79 87
79 87
80 86
80 86
81 85
82 85
82 85
83 84
84 83
84 83
85 82
85 81
85 81
86 80
86 79
86 79
86 78
86 77
86 77
87 76
87 75
87 75
87 74
87 74
87 73
87 73
87 73
88 74
88 74
88 75
88 76
88 76
88 77
88 78
88 79
88 79
88 80
88 81
88 81
88 82
88 83
88 83
88 84
88 85
88 85
88 86
88 87
88 87
88 88
88 88
88 88
88 88
89 87
89 86
89 86
89 85
89 84
89 84
89 83
89 82
89 82
89 81
89 80
89 79
89 78
89 78
89 77
90 76
90 75
90 75
90 74
90 73
90 72
90 71
90 71
90 70
91 69
91 68
91 68
91 67
92 66
92 65
92 65
93 64
93 63
93 63
94 62
94 62
95 62
95 62
95 62
96 62
97 62
97 62
98 62
98 62
99 61
100 61
100 61
99 61
98 60
97 60
96 60
95 60
94 59
93 59
92 59
91 59
90 58
89 58
88 58
87 58
86 57
85 57
84 57
83 57
82 56
81 56
80 56
79 56
78 55
77 55
76 55
75 55
74 54
73 54
72 54
71 54
70 53
69 53
68 53
67 53
66 52
65 52
64 52
63 52
62 51
61 51
60 51
60 51
61 50
61 50
61 49
61 49
61 49
62 49
62 49
62 49
63 49
63 49
64 50
64 50
65 51
66 51
66 51
67 51
68 51
68 51
69 51
70 52
71 52
71 52
72 52
73 52
73 52
74 52
75 51
76 51
76 51
77 51
77 51
76 50
75 49
75 48
74 47
73 46
72 45
71 44
71 43
70 42
69 41
68 40
67 39
67 38
66 37
65 36
64 35
63 34
63 33
62 32
61 31
60 30
60 29
59 28
58 27
57 26
56 25
56 24
55 23
54 22
53 21
52 20
52 19
51 18
50 17
49 16
48 15
48 14
47 13
46 12
46 12
45 11
45 11
45 10
45 9
45 9
44 9
44 9
44 10
44 10
