10 5
10 5
9 4
9 4
9 4
9 3
9 3
9 2
9 2
9 1
9 1
8 1
8 1
8 0
8 0
8 0
7 1
7 1
7 2
7 3
7 3
7 4
6 5
6 6
6 6
6 7
6 8
5 9
5 10
5 11
5 11
5 12
5 13
4 14
4 15
4 16
4 17
4 17
4 18
4 19
3 20
3 21
3 22
3 22
3 23
3 24
2 25
2 26
2 27
2 28
2 28
2 29
2 30
1 31
1 32
1 33
1 34
1 34
1 35
1 36
1 37
1 38
1 39
1 40
1 41
1 41
1 42
1 43
1 44
1 45
0 46
0 47
0 48
0 49
0 50
0 50
0 51
0 52
0 53
0 54
0 55
0 56
0 57
0 58
0 58
0 59
0 60
0 61
0 62
0 63
0 64
0 65
0 66
0 66
0 67
0 68
0 69
0 70
0 71
0 72
0 73
0 74
0 75
0 76
0 76
0 77
0 78
0 79
0 80
0 81
0 82
0 83
0 83
0 84
0 85
0 86
0 87
0 88
0 89
0 89
0 90
0 91
1 92
1 93
1 94
1 94
2 95
2 96
3 97
3 97
4 98
4 99
4 99
5 100
6 100
6 100
7 100
8 100
8 100
9 99
9 98
9 98
10 97
11 96
11 96
11 95
12 94
12 93
12 93
12 92
13 91
13 90
13 90
13 89
14 88
14 87
14 87
14 86
14 85
15 84
15 83
15 82
15 82
15 81
16 80
16 79
16 78
16 78
16 77
16 76
16 75
16 74
16 73
16 72
16 72
16 71
16 70
15 69
15 68
15 67
15 66
15 66
15 65
15 64
15 63
15 62
15 62
15 61
14 60
14 59
14 59
14 58
14 58
13 57
13 57
12 57
12 57
12 57
11 58
11 58
11 58
11 58
11 58
11 58
11 58
11 59
11 59
12 59
12 59
12 60
12 60
13 61
13 61
14 62
14 62
15 63
15 63
15 63
16 63
16 63
16 62
16 62
17 62
17 62
17 61
17 61
17 61
17 61
17 60
17 60
17 60
17 60
17 61
17 61
17 61
17 62
17 62
17 63
17 64
17 65
17 65
17 66
17 67
17 68
17 68
17 69
17 70
17 71
17 72
17 73
17 73
17 74
17 75
17 76
17 77
17 78
17 79
17 79
17 80
17 81
17 82
17 83
17 84
17 85
17 85
17 86
17 87
17 88
17 89
17 90
17 90
17 91
17 92
17 93
17 94
17 94
17 95
17 96
17 97
17 98
17 98
17 99
17 100
17 100
17 99
18 98
18 97
18 96
18 95
19 94
19 93
19 92
19 91
20 90
20 89
20 88
20 87
21 86
21 85
21 84
21 83
22 82
22 81
22 80
23 79
23 78
23 77
23 76
24 75
24 74
24 73
24 72
25 71
25 70
25 69
25 68
26 67
26 66
26 65
26 64
27 63
27 62
27 62
27 62
27 62
27 62
27 63
27 63
27 64
27 65
27 66
27 66
27 67
27 68
27 69
27 70
27 70
27 71
27 72
27 73
27 74
27 75
27 75
27 76
27 77
27 78
27 79
27 80
27 81
27 81
27 82
27 83
27 84
27 85
27 86
27 87
27 87
27 88
28 89
28 90
28 91
28 91
28 92
28 93
28 94
28 95
28 95
28 96
29 97
29 98
29 99
29 99
29 100
29 100
30 100
30 100
31 99
31 99
31 98
32 97
32 96
32 96
32 95
32 94
32 93
32 93
32 92
32 91
33 90
33 89
33 88
33 88
33 87
34 86
34 85
34 84
34 84
34 83
34 82
34 81
34 80
34 79
34 79
34 78
34 77
34 76
34 75
34 74
34 74
34 73
34 72
34 71
34 71
34 70
34 70
34 70
34 70
34 70
34 71
34 72
34 72
34 73
34 74
34 74
34 75
34 76
34 77
34 78
34 78
34 79
34 80
34 81
34 82
34 82
34 83
34 84
34 85
34 85
34 86
35 87
35 88
35 88
35 89
35 90
35 91
35 92
35 92
35 93
35 94
35 94
35 95
35 96
35 96
36 97
36 97
36 98
36 98
37 98
37 98
38 97
38 96
39 95
39 94
40 93
40 92
41 91
41 90
42 89
43 88
43 87
44 86
44 85
45 84
45 83
46 82
46 81
47 80
47 79
48 78
48 78
48 77
48 76
48 76
48 76
48 75
48 75
48 74
48 74
48 73
48 73
48 72
48 72
48 72
48 71
48 71
48 70
48 70
48 69
48 68
48 68
48 67
48 67
47 67
47 67
47 66
47 66
46 67
46 67
46 68
46 68
46 69
46 70
46 70
46 71
45 72
45 73
45 74
45 74
45 75
45 76
45 77
45 78
45 79
45 79
45 80
45 81
45 82
45 83
45 83
45 84
45 85
45 86
45 87
45 87
45 88
46 89
46 90
46 90
46 91
46 92
46 93
46 93
47 94
47 94
48 95
48 95
49 94
49 93
49 93
50 92
50 91
50 91
50 90
50 89
50 88
50 88
50 87
50 86
51 85
51 84
51 83
51 83
51 82
51 81
51 80
51 79
51 78
51 77
51 77
51 76
51 75
51 74
51 73
51 72
51 71
51 70
51 69
51 69
51 68
51 67
51 66
51 65
51 64
51 63
51 62
51 61
51 61
51 60
51 59
51 58
51 57
51 56
51 55
51 54
51 53
51 52
51 51
51 50
51 50
51 49
51 48
51 47
51 46
51 45
51 44
51 43
51 42
51 41
51 40
51 39
51 38
51 38
51 37
51 36
51 35
51 34
51 33
51 32
51 31
51 30
51 30
51 29
51 28
51 27
51 26
51 25
51 25
51 24
51 23
51 22
51 22
51 21
51 21
51 21
51 22
51 22
51 23
51 24
51 25
51 26
51 26
51 27
51 28
51 29
51 30
51 31
51 32
51 32
51 33
51 34
51 35
51 36
51 37
51 38
51 39
51 40
51 40
51 41
51 42
51 43
51 44
52 45
52 46
52 47
52 48
52 49
52 49
52 50
52 51
52 52
52 53
52 54
52 55
52 56
52 56
52 57
52 58
52 59
52 60
52 61
52 62
52 63
52 63
52 64
52 65
52 66
52 67
52 68
52 69
52 70
52 70
52 71
52 72
52 73
52 74
52 75
52 76
52 77
52 77
52 78
52 79
52 80
52 81
52 82
52 83
52 83
52 84
52 85
52 86
52 87
52 88
52 88
53 87
54 86
55 85
55 84
56 83
57 82
58 81
59 80
60 79
60 78
61 77
62 76
62 76
62 75
62 74
62 73
62 73
62 72
62 71
62 71
62 70
62 70
62 70
62 70
62 70
62 70
62 71
62 71
62 72
62 73
62 74
62 74
62 75
62 76
63 77
63 78
63 79
63 79
63 80
63 81
63 82
63 83
63 83
63 84
63 85
63 86
63 87
63 87
63 88
63 89
63 90
63 91
63 91
63 92
63 93
63 93
63 94
63 95
63 95
63 96
63 96
63 96
63 95
63 95
63 94
63 94
63 93
63 92
63 91
63 90
63 90
63 89
63 88
63 87
63 86
63 85
63 85
63 84
63 83
63 82
63 81
63 80
63 79
63 79
63 78
63 77
63 76
63 75
63 74
63 73
63 73
63 72
64 71
64 70
64 69
64 69
64 68
64 67
64 66
64 66
64 65
64 64
64 64
65 63
65 62
65 62
65 62
66 62
66 62
67 63
67 63
68 64
68 64
69 65
69 65
70 66
71 66
72 67
73 67
74 68
75 68
75 68
75 68
75 68
75 68
75 68
75 68
75 68
75 68
75 68
75 68
75 69
75 70
75 71
75 72
75 72
75 73
75 74
75 75
75 75
75 76
75 77
75 78
75 78
75 79
75 80
75 81
75 81
75 82
75 83
75 84
75 84
75 85
76 86
76 87
76 87
76 88
76 89
76 89
76 90
76 91
76 91
76 92
76 93
76 93
77 94
77 94
77 94
78 93
78 93
79 92
79 91
79 91
79 90
79 89
79 88
79 88
79 87
79 86
79 85
79 84
79 84
79 83
79 82
80 81
80 80
80 79
80 79
80 78
80 77
80 76
80 75
80 74
80 73
80 73
80 72
80 71
80 70
80 69
80 68
80 67
80 66
80 66
80 65
80 64
80 63
80 62
80 62
80 61
80 60
80 60
80 59
80 59
80 60
80 60
80 61
80 62
80 62
80 63
80 64
80 65
80 66
80 67
80 67
80 68
80 69
80 70
80 71
80 72
80 72
80 73
80 74
80 75
80 76
80 77
80 78
80 78
80 79
80 80
80 81
80 82
80 83
80 84
80 84
80 85
80 86
80 87
80 88
80 88
80 89
81 90
81 91
81 92
81 92
81 93
81 94
81 95
81 95
82 96
82 97
82 97
83 98
83 98
84 98
84 98
84 97
84 96
85 95
85 94
85 93
85 92
86 91
86 90
86 89
86 88
86 87
87 86
87 85
87 84
87 83
88 82
88 81
88 80
88 79
89 78
89 77
89 76
89 75
89 74
90 73
90 72
90 71
90 70
91 69
91 68
91 67
91 67
91 66
91 65
91 65
92 64
92 64
92 64
92 64
92 64
92 64
92 65
92 65
92 66
92 67
92 67
92 68
92 69
92 69
92 70
92 71
92 72
92 73
92 73
92 74
92 75
92 76
92 77
92 77
92 78
92 79
92 80
92 81
92 82
92 82
92 83
92 84
92 85
92 86
92 86
92 87
92 88
92 89
92 90
92 90
92 91
92 92
92 93
92 93
92 94
92 95
92 95
92 96
92 96
92 96
92 95
92 95
92 94
92 93
92 93
92 92
92 91
92 90
92 89
92 89
92 88
92 87
92 86
92 85
92 85
92 84
92 83
93 82
93 81
93 80
93 80
93 79
93 78
93 77
93 76
93 75
93 74
93 73
93 73
93 72
93 71
93 70
93 69
93 69
94 68
94 67
94 67
94 66
94 65
94 65
94 64
94 64
95 63
95 63
95 64
95 64
96 65
96 65
96 66
96 67
96 67
96 68
96 69
96 70
96 71
96 71
96 72
96 73
96 74
96 75
96 75
96 76
96 77
96 78
96 79
96 79
96 80
96 81
96 82
96 83
96 83
96 84
96 85
96 86
96 87
96 87
96 88
96 89
96 90
96 90
96 91
96 92
96 93
96 93
96 94
96 95
96 95
97 96
97 97
97 97
98 97
98 97
99 96
100 96
