15 11
15 10
15 9
15 9
15 8
15 8
15 8
14 7
14 7
14 6
14 6
14 5
14 5
14 4
14 4
13 3
13 3
13 2
13 2
13 1
13 1
12 1
12 1
11 0
11 0
11 0
10 1
10 1
9 2
9 2
8 3
8 3
7 4
7 5
7 5
7 6
6 7
6 8
6 8
5 9
5 10
5 10
5 11
5 12
5 13
5 13
5 14
4 15
4 16
4 16
4 17
3 18
3 19
3 20
3 20
3 21
2 22
2 23
2 24
2 24
2 25
2 26
2 27
2 28
2 28
2 29
2 30
1 31
1 32
1 33
1 33
1 34
1 35
1 36
1 37
1 38
1 38
1 39
1 40
0 41
0 42
0 43
0 43
0 44
0 45
0 46
0 47
0 48
0 49
0 49
0 50
0 51
0 52
0 53
0 54
0 54
0 55
0 56
0 57
0 58
0 59
0 60
0 60
0 61
0 62
0 63
0 64
0 64
0 65
0 66
0 67
0 68
0 69
0 69
0 70
0 71
0 72
0 72
0 73
0 74
0 75
0 76
0 76
0 77
1 78
1 79
1 79
1 80
1 81
1 81
1 82
2 83
2 84
2 84
3 85
3 86
3 86
3 87
3 88
3 88
4 89
4 90
4 90
5 91
5 92
5 92
6 92
6 92
7 92
7 92
8 91
8 91
9 90
9 89
9 89
10 88
10 87
10 87
10 86
11 85
11 84
11 84
11 83
12 82
12 81
12 81
12 80
12 79
12 79
12 78
13 77
13 76
13 76
13 75
13 74
13 73
13 73
14 72
14 71
14 71
14 70
14 69
14 68
14 68
14 67
14 66
14 66
15 65
15 64
15 64
15 63
15 62
15 62
16 61
16 60
16 60
17 59
17 59
17 59
18 59
18 59
18 60
18 60
18 60
19 61
19 62
19 62
19 63
19 63
19 64
19 65
19 65
19 66
19 66
19 67
19 68
19 68
19 69
19 70
19 70
19 71
19 72
19 72
19 73
19 74
19 74
19 75
19 76
19 77
19 77
19 78
19 79
19 79
19 80
19 81
19 81
19 82
19 82
19 83
19 83
19 84
19 85
19 85
19 86
19 86
19 87
19 87
19 88
19 88
19 88
19 88
19 88
19 88
19 88
19 87
19 87
20 86
20 85
21 84
21 83
22 82
22 81
23 80
23 79
24 78
24 77
25 76
25 75
26 74
26 73
27 72
27 71
28 70
28 69
29 68
29 67
30 66
30 66
30 66
30 66
30 66
30 65
30 65
30 65
31 64
31 64
31 64
31 64
31 64
31 64
31 65
31 65
31 66
31 67
31 67
31 68
31 69
31 69
31 70
31 71
31 71
31 72
31 73
31 73
31 74
31 75
31 75
31 76
31 77
31 77
31 78
31 79
31 79
31 80
31 81
31 81
31 82
31 82
31 83
31 83
32 84
32 84
32 85
32 85
32 86
32 86
32 87
32 87
32 87
32 87
33 86
33 86
33 86
33 85
33 85
34 84
34 83
34 83
34 82
34 82
35 81
35 80
35 80
35 79
35 78
35 77
35 77
36 76
36 75
36 75
36 74
36 73
36 72
36 72
36 71
37 70
37 69
37 69
37 68
37 67
37 67
37 66
37 66
37 66
37 66
37 66
37 66
37 67
37 67
37 68
37 69
37 69
37 70
37 71
37 72
37 72
37 73
37 74
37 75
37 75
37 76
37 77
37 78
37 78
37 79
37 80
37 80
37 81
37 82
37 82
37 83
37 84
37 84
38 85
38 86
38 86
38 87
38 88
38 88
38 89
38 89
39 89
39 89
39 90
39 90
39 90
39 90
40 90
40 90
40 90
41 89
41 88
42 87
42 86
43 85
44 84
44 83
45 82
46 81
46 80
47 79
47 78
48 77
49 76
49 75
50 74
50 73
51 72
51 72
50 71
50 70
50 70
50 70
50 69
50 69
49 68
49 68
49 68
49 68
49 68
48 69
48 69
48 70
48 71
48 71
48 72
48 73
48 73
47 74
47 75
47 75
47 76
47 77
47 78
47 78
47 79
47 80
47 81
47 81
46 82
46 83
46 83
46 84
46 85
46 85
47 86
47 87
47 87
47 88
47 88
47 89
47 89
47 90
47 90
48 90
48 90
48 90
48 90
49 89
49 89
50 88
50 88
50 87
50 86
50 86
51 85
51 84
51 84
51 83
51 82
51 81
51 81
51 80
52 79
52 78
52 78
52 77
52 76
52 75
52 75
52 74
53 73
53 72
53 71
53 71
53 70
53 69
53 68
53 67
53 67
53 66
53 65
54 64
54 63
54 62
54 61
54 61
54 60
54 59
54 58
54 57
54 56
54 55
54 55
54 54
55 53
55 52
55 51
55 51
55 50
55 49
55 48
55 48
55 47
55 47
55 46
55 46
55 46
55 46
55 46
55 46
55 47
55 48
55 48
54 49
54 50
54 50
54 51
54 52
54 53
54 53
54 54
54 55
54 56
54 56
54 57
54 58
54 59
54 60
54 60
54 61
54 62
54 63
54 63
54 64
54 65
54 66
54 67
54 67
54 68
54 69
54 70
54 70
54 71
54 72
54 73
54 73
54 74
54 75
54 76
54 76
54 77
54 78
54 78
54 79
54 80
54 81
54 81
54 82
55 83
55 84
55 84
55 85
55 86
55 86
55 87
55 88
55 88
56 89
56 90
56 90
56 91
56 92
56 92
57 93
57 94
57 94
57 95
57 96
57 96
57 97
57 97
57 98
57 99
57 99
58 100
58 100
58 100
58 100
58 100
58 100
58 99
59 98
59 97
59 96
59 95
60 94
60 93
60 92
60 91
61 90
61 89
61 88
62 87
62 86
62 85
62 84
63 83
63 82
63 81
63 80
64 79
64 78
64 77
64 76
65 75
65 74
65 74
65 74
65 74
65 74
66 73
66 73
66 73
66 73
66 73
66 73
66 74
66 74
66 75
66 75
66 76
66 76
66 77
66 78
66 78
66 79
66 79
66 80
66 81
66 81
66 82
66 82
66 83
66 83
66 84
66 84
66 84
66 84
66 84
66 84
66 83
66 83
66 82
66 81
66 81
67 80
67 80
67 79
67 78
67 77
67 77
67 76
67 75
67 75
67 74
67 73
67 72
67 72
67 71
68 70
68 69
68 69
68 68
68 67
68 67
69 66
69 65
69 65
70 64
70 64
70 64
71 63
71 63
72 63
72 63
73 63
73 63
74 63
74 63
75 63
75 63
76 64
76 64
77 65
77 65
77 65
78 66
78 66
78 66
78 66
78 66
79 66
79 66
79 66
79 66
79 65
79 65
78 65
78 65
79 66
80 66
81 67
82 67
83 68
84 68
85 69
85 69
85 69
85 68
85 68
85 68
85 68
85 68
85 68
85 69
85 69
84 70
84 70
84 71
84 72
84 72
84 73
84 74
84 74
84 75
84 76
84 76
84 77
84 78
84 78
84 79
84 80
84 80
84 81
84 81
84 82
84 82
84 83
84 84
84 84
84 84
84 85
84 85
84 85
85 85
85 85
85 84
85 84
85 83
85 83
86 82
86 81
86 81
86 80
86 80
87 79
87 78
87 78
87 77
87 76
87 75
87 75
87 74
87 73
87 73
88 72
88 71
88 71
88 70
88 70
88 69
88 69
88 69
88 69
88 70
88 70
88 71
88 71
87 72
87 73
87 73
87 74
87 75
87 75
87 76
87 77
87 77
87 78
87 79
87 79
87 80
87 80
88 81
88 82
88 82
88 83
88 83
88 84
88 84
88 85
88 85
88 86
88 86
89 87
89 87
89 87
89 87
89 87
90 86
90 86
90 85
91 84
91 83
91 82
91 81
92 80
92 79
92 78
92 77
93 76
93 75
93 74
93 73
94 72
94 71
94 71
94 71
94 71
94 71
95 72
95 72
95 72
95 73
95 73
95 74
95 74
95 75
95 75
95 76
95 77
95 77
95 78
95 79
95 79
95 80
95 80
94 81
94 82
94 82
94 83
94 83
94 84
94 84
94 85
94 85
94 86
94 86
94 86
94 86
94 86
94 86
94 86
94 85
94 85
95 84
95 84
95 83
95 82
95 82
95 81
95 80
95 80
96 79
96 78
96 78
96 77
96 76
96 76
96 75
97 74
97 73
97 73
97 72
97 72
98 71
98 71
98 71
99 71
99 71
99 71
99 72
99 72
99 72
100 73
100 73
99 74
99 75
99 75
99 76
99 77
99 77
99 78
99 79
99 79
99 80
99 81
99 81
99 82
99 83
99 83
99 84
99 84
99 85
99 86
99 86
99 87
99 88
99 88
99 89
99 89
99 90
99 91
99 91
99 92
99 92
99 93
99 93
99 93
99 94
99 94
99 94
