11 9
11 8
11 7
11 6
11 6
10 5
10 4
10 4
10 3
10 3
10 2
10 2
10 1
10 1
9 0
9 0
9 1
9 1
8 1
8 1
7 2
7 2
7 3
7 4
7 4
7 5
6 6
6 7
6 7
6 8
5 9
5 10
5 11
5 11
5 12
4 13
4 14
4 15
4 15
4 16
4 17
3 18
3 19
3 20
3 20
3 21
3 22
2 23
2 24
2 25
2 26
2 26
2 27
2 28
1 29
1 30
1 31
1 32
1 32
1 33
1 34
1 35
1 36
1 37
1 38
1 39
1 39
1 40
1 41
1 42
0 43
0 44
0 45
0 46
0 46
0 47
0 48
0 49
0 50
0 51
0 52
0 53
0 54
0 54
0 55
0 56
0 57
0 58
0 59
0 60
0 61
0 62
0 62
0 63
0 64
0 65
0 66
0 67
0 68
0 69
0 70
0 70
0 71
0 72
0 73
0 74
0 75
0 76
0 77
0 77
0 78
0 79
0 80
0 81
0 82
0 83
0 83
0 84
0 85
1 86
1 87
1 88
1 89
1 89
1 90
2 91
2 92
2 93
2 93
2 94
3 95
3 96
3 97
3 97
4 98
4 99
4 99
5 100
5 100
6 100
6 100
7 99
8 99
8 99
9 98
9 98
9 97
10 96
10 95
10 95
11 94
12 93
12 93
12 92
13 91
13 90
13 90
13 89
13 88
13 87
13 87
13 86
14 85
14 84
14 84
15 83
15 82
15 82
15 81
15 80
15 80
15 79
15 79
15 78
15 77
15 77
14 76
14 76
14 75
14 75
14 74
14 74
13 74
13 74
13 74
12 74
12 74
12 75
12 75
12 75
11 75
11 75
11 75
11 75
11 75
11 75
11 75
12 75
12 75
12 75
13 74
13 74
13 73
13 73
14 72
14 72
15 71
15 71
16 70
16 70
16 69
16 69
17 68
17 68
18 68
18 68
19 67
19 67
19 67
20 68
20 68
20 69
20 69
20 70
20 70
20 71
20 72
20 73
20 73
20 74
20 75
20 76
20 76
20 77
20 78
20 79
20 79
20 80
20 81
20 82
20 83
20 83
20 84
20 85
20 86
20 87
20 87
20 88
20 89
20 90
20 90
20 91
20 92
20 93
20 93
20 94
20 95
20 95
20 96
20 97
20 97
20 97
20 97
20 97
20 96
20 96
20 95
21 94
21 93
21 92
22 91
22 90
23 89
23 88
23 87
24 86
24 85
24 84
25 83
25 82
25 81
26 80
26 79
26 78
27 77
27 76
28 75
28 74
28 73
29 72
29 71
29 70
30 69
30 68
30 68
30 68
30 68
30 67
30 67
30 67
30 67
30 66
30 66
29 66
29 66
29 66
29 66
29 66
29 67
29 67
29 67
29 68
29 68
28 69
28 69
28 70
28 71
28 71
28 72
28 73
28 73
28 74
28 75
28 75
28 76
28 77
28 78
28 78
29 79
29 80
29 80
29 81
29 82
29 83
29 83
29 84
29 85
29 86
29 86
29 87
29 88
29 89
29 89
30 90
30 91
30 91
30 92
30 92
31 93
31 93
31 93
32 93
32 93
32 92
32 92
33 91
33 91
33 90
33 89
33 88
33 88
33 87
34 86
34 85
34 85
34 84
34 83
34 82
34 82
34 81
35 80
35 79
35 79
35 78
35 77
35 76
35 75
35 75
35 74
35 73
35 72
35 72
35 71
35 70
35 69
35 69
36 68
36 67
36 67
36 66
36 65
36 65
36 65
36 64
36 64
36 64
36 64
36 64
36 65
36 65
36 66
36 66
36 67
36 67
36 68
36 69
36 69
36 70
36 71
36 71
36 72
36 73
36 74
36 74
36 75
36 76
36 77
36 77
36 78
37 79
37 80
37 81
37 81
37 82
37 83
37 84
37 84
37 85
37 86
37 86
37 87
37 88
37 88
37 89
37 89
37 90
37 90
37 90
37 90
38 89
38 88
39 87
39 86
40 85
40 84
41 83
41 82
42 81
43 80
43 79
44 78
44 77
45 76
45 75
46 74
46 73
47 72
47 72
47 72
47 72
47 72
47 72
47 72
48 73
48 73
48 73
48 73
48 73
48 73
48 73
48 73
48 73
48 73
48 72
48 72
48 72
48 71
48 71
48 71
48 70
48 70
48 69
48 69
48 69
48 68
48 68
47 67
47 67
47 66
47 66
47 66
46 66
46 66
46 66
45 67
45 67
45 68
45 68
45 69
44 70
44 71
44 71
44 72
44 73
44 73
44 74
44 75
44 76
44 76
44 77
44 78
44 79
44 79
44 80
44 81
44 82
44 83
44 83
44 84
44 85
44 85
44 86
45 87
45 88
45 88
45 89
45 89
46 89
46 89
46 89
47 88
47 87
47 87
47 86
47 85
47 84
47 84
47 83
48 82
48 81
48 81
48 80
48 79
48 78
48 77
48 77
48 76
49 75
49 74
49 73
49 73
49 72
49 71
49 70
49 69
49 68
49 68
49 67
49 66
49 65
49 64
49 63
49 62
49 62
49 61
49 60
50 59
50 58
50 57
50 56
50 56
50 55
50 54
50 53
50 52
50 51
50 50
50 50
50 49
50 48
50 47
50 46
50 45
50 44
50 44
50 43
50 42
50 41
50 40
50 40
50 39
50 38
50 37
50 36
50 36
50 35
50 34
50 34
50 33
50 33
50 32
50 32
50 32
49 32
49 32
49 33
49 34
49 34
49 35
49 36
49 36
49 37
49 38
49 39
49 39
49 40
49 41
49 42
49 43
49 44
49 44
49 45
49 46
50 47
50 48
50 49
50 49
50 50
50 51
50 52
50 53
50 54
50 55
50 55
50 56
50 57
50 58
50 59
50 60
50 61
50 61
50 62
50 63
50 64
51 65
51 66
51 67
51 68
51 68
51 69
51 70
51 71
51 72
51 73
51 74
51 74
51 75
52 76
52 77
52 78
52 78
52 79
52 80
52 81
52 82
52 82
52 83
52 84
52 85
52 86
52 86
52 87
53 88
53 89
53 89
53 90
53 91
53 92
53 92
53 93
53 93
54 94
54 94
54 94
54 93
54 93
54 92
54 91
55 90
55 89
55 88
55 87
55 86
56 85
56 84
56 83
56 82
56 81
57 80
57 79
57 78
57 77
58 76
58 75
58 74
58 73
58 72
59 71
59 70
59 69
59 68
59 67
60 66
60 65
60 64
60 64
60 64
60 64
60 64
60 64
61 64
61 64
61 65
61 65
61 65
61 66
61 66
61 67
61 67
61 68
61 68
61 69
61 69
61 70
61 70
62 71
62 72
62 72
62 73
62 74
62 74
62 75
62 76
62 77
62 77
62 78
62 79
62 79
62 80
62 81
62 82
62 82
62 83
62 84
62 84
62 85
62 86
62 87
62 87
62 88
62 89
62 89
63 90
63 91
63 91
63 92
63 92
63 92
63 92
63 92
63 91
63 91
63 90
63 90
63 89
63 88
63 88
63 87
63 86
63 85
63 85
63 84
63 83
63 82
63 82
63 81
63 80
63 79
63 79
64 78
64 77
64 77
64 76
64 75
64 75
64 74
64 74
65 73
65 72
65 72
66 71
66 71
66 71
67 70
67 70
67 70
67 70
67 70
67 70
67 70
68 70
69 70
70 70
71 70
72 71
73 71
74 71
75 71
76 71
76 71
77 70
77 70
77 70
77 70
77 70
77 70
77 71
77 71
77 71
77 72
77 72
76 73
76 73
76 74
76 75
76 75
76 76
76 77
76 77
76 78
76 79
76 79
76 80
76 81
76 82
76 82
76 83
76 84
76 84
76 85
77 86
77 87
77 87
77 88
77 89
77 90
77 90
77 91
77 91
77 92
77 93
77 93
78 93
78 93
78 93
79 92
79 92
79 91
79 90
79 90
80 89
80 88
80 88
80 87
80 86
80 85
80 85
81 84
81 83
81 83
81 82
81 81
81 80
81 80
81 79
81 78
81 77
81 77
81 76
81 75
81 74
81 74
81 73
81 72
81 71
81 71
81 70
81 69
81 69
81 68
81 68
81 67
81 67
81 67
81 67
81 66
81 66
81 66
81 65
81 65
81 65
81 65
81 65
81 65
81 65
81 65
81 66
81 66
81 66
81 67
81 68
81 68
81 69
81 69
81 70
82 71
82 72
82 72
82 73
82 74
82 75
82 75
82 76
82 77
82 78
82 78
82 79
82 80
82 81
82 82
82 82
82 83
82 84
82 85
82 86
82 86
82 87
82 88
82 88
83 89
83 90
83 90
83 91
83 92
83 92
83 92
83 92
84 91
84 91
84 90
84 89
84 89
84 88
85 87
85 86
85 85
86 84
86 83
86 82
86 81
87 80
87 79
87 78
88 77
88 76
88 75
89 74
89 73
89 72
89 71
90 70
90 69
90 68
91 67
91 66
91 66
91 66
91 66
91 66
91 66
91 66
91 66
91 67
91 67
91 68
91 68
92 69
92 69
92 70
92 71
92 71
92 72
92 73
92 73
92 74
92 75
92 75
92 76
92 77
92 77
92 78
92 79
92 80
92 80
92 81
92 82
92 82
92 83
92 84
92 85
92 85
92 86
92 87
92 88
92 88
92 89
92 90
92 90
92 91
92 91
92 92
92 92
92 92
92 91
92 91
92 91
92 90
92 89
92 89
92 88
92 87
92 86
92 86
92 85
92 84
92 83
92 83
92 82
92 81
92 80
92 80
93 79
93 78
93 78
93 77
93 76
93 76
93 75
93 74
93 74
94 73
94 73
94 72
94 72
95 71
95 71
95 70
95 70
96 70
96 70
96 70
96 71
96 71
97 72
97 72
97 73
97 74
97 74
97 75
97 76
97 76
97 77
97 78
97 78
97 79
97 80
97 80
97 81
97 82
97 82
97 83
97 84
97 85
97 85
97 86
97 87
97 87
97 88
97 89
97 89
98 90
98 91
98 91
98 92
98 92
98 93
98 93
98 93
99 92
99 92
99 91
99 91
99 91
99 90
99 90
100 90
