7 11
8 10
8 9
8 9
8 8
8 8
8 7
8 7
8 6
8 6
8 5
8 4
8 4
8 3
8 3
7 2
7 2
7 1
7 1
7 0
7 0
6 0
6 0
5 0
5 0
5 1
5 2
5 2
4 3
4 4
4 4
4 5
3 6
3 7
3 7
3 8
3 9
3 10
3 10
3 11
2 12
2 13
2 14
2 14
2 15
1 16
1 17
1 18
1 18
1 19
1 20
1 21
1 22
1 23
1 24
1 25
1 25
1 26
1 27
1 28
1 29
0 30
0 31
0 32
0 33
0 34
0 34
0 35
0 36
0 37
0 38
0 39
0 40
0 41
0 42
0 43
0 44
0 45
0 45
0 46
0 47
0 48
0 49
0 50
0 51
0 52
0 53
0 54
0 55
0 55
0 56
0 57
0 58
0 59
0 60
0 61
0 62
0 63
0 64
0 65
0 66
0 67
0 67
0 68
0 69
0 70
0 71
0 72
0 73
0 74
0 75
0 75
0 76
0 77
0 78
0 79
0 80
0 81
0 82
0 82
0 83
0 84
0 85
1 86
1 87
1 88
1 89
1 89
1 90
1 91
2 92
2 93
2 94
2 94
2 95
3 96
3 97
3 98
3 98
4 99
4 100
4 100
5 100
6 100
6 100
7 99
8 99
8 99
9 98
9 97
9 97
9 96
10 95
10 94
10 94
10 93
11 92
11 91
11 90
11 90
11 89
12 88
12 87
12 87
12 86
12 85
12 84
12 83
12 83
12 82
13 81
13 80
13 80
13 79
12 78
12 77
12 76
12 76
12 75
12 74
12 73
12 72
12 71
12 71
12 70
12 69
12 68
12 67
12 67
12 66
11 65
11 64
11 63
11 63
11 62
11 61
11 60
11 60
11 59
11 58
11 58
10 58
10 58
10 58
10 58
10 58
11 59
11 59
11 60
11 60
12 61
12 61
13 62
13 62
14 63
14 63
15 63
15 63
16 64
16 64
16 65
16 65
17 65
17 65
17 65
17 65
17 65
17 65
17 66
17 66
17 67
17 67
17 68
17 69
17 69
17 70
17 71
17 72
17 72
17 73
17 74
17 75
17 75
17 76
17 77
17 78
17 78
17 79
17 80
17 81
17 81
17 82
17 83
17 84
17 84
17 85
17 86
17 86
17 87
17 87
17 86
18 85
18 84
18 83
19 82
19 81
19 80
20 79
20 78
20 77
21 76
21 75
21 74
22 73
22 72
22 71
23 70
23 69
23 68
24 67
24 66
24 65
25 64
25 63
25 62
26 61
26 60
26 60
26 59
25 58
25 57
25 57
25 57
25 56
25 56
25 55
25 55
25 54
25 54
25 54
25 54
25 55
25 56
25 56
25 57
25 58
25 59
25 59
25 60
25 61
26 62
26 63
26 64
26 65
26 65
26 66
26 67
26 68
26 69
26 70
26 71
26 71
26 72
26 73
26 74
26 75
26 76
26 76
26 77
26 78
26 79
26 80
26 81
26 82
26 82
26 83
26 84
26 85
26 86
26 86
26 87
27 88
27 89
27 90
27 90
27 91
27 92
27 92
28 93
28 94
28 94
28 94
29 93
29 93
29 92
30 91
30 90
30 90
30 89
31 88
31 87
31 87
31 86
31 85
31 84
31 83
31 83
31 82
32 81
32 80
32 80
32 79
32 78
32 77
32 76
32 76
32 75
32 74
32 73
32 72
32 71
32 71
32 70
32 69
32 68
32 68
32 67
32 66
32 65
32 64
32 64
32 63
32 62
32 62
32 62
32 63
32 63
32 64
32 64
32 65
32 66
32 67
32 67
32 68
32 69
32 70
32 71
32 72
32 72
32 73
32 74
32 75
32 76
32 76
32 77
32 78
32 79
32 80
32 80
32 81
33 82
33 83
33 84
33 84
33 85
33 86
33 87
33 88
33 88
34 89
34 90
34 90
35 91
35 91
36 90
36 89
37 88
38 87
38 86
39 85
40 84
41 83
41 82
42 81
43 80
43 79
44 78
45 77
45 76
46 75
46 75
47 74
47 73
47 73
47 72
47 72
47 72
47 71
47 71
47 70
47 70
46 69
46 69
46 68
46 68
46 67
46 67
45 67
45 67
45 67
44 68
44 68
44 69
44 70
44 71
44 71
44 72
43 73
43 74
43 74
43 75
43 76
43 77
43 78
43 78
43 79
43 80
42 81
42 82
42 83
42 83
42 84
42 85
42 86
42 87
42 88
42 89
42 89
42 90
43 91
43 92
43 93
43 93
43 94
43 95
43 96
43 96
44 97
44 98
44 98
44 98
45 98
45 98
45 97
46 96
46 95
46 95
46 94
47 93
47 92
47 91
47 91
47 90
48 89
48 88
48 87
48 87
48 86
48 85
49 84
49 83
49 82
49 82
49 81
49 80
49 79
49 78
49 77
49 77
49 76
49 75
49 74
49 73
49 72
49 71
49 71
49 70
49 69
49 68
49 67
49 66
49 65
49 64
49 63
49 63
49 62
49 61
49 60
49 59
49 58
49 57
49 56
49 55
49 54
49 54
49 53
49 52
49 51
49 50
49 49
49 48
49 47
49 46
49 45
49 45
49 44
49 43
49 42
49 41
49 40
49 39
49 38
49 38
49 37
48 36
48 35
48 34
48 34
48 33
48 32
48 32
48 32
48 33
48 33
48 34
48 35
48 35
48 36
48 37
48 38
48 39
48 40
48 41
48 41
48 42
48 43
48 44
48 45
48 46
48 47
48 48
48 49
48 49
48 50
48 51
48 52
48 53
48 54
48 55
48 56
48 57
48 58
48 58
48 59
48 60
48 61
48 62
48 63
48 64
48 65
48 66
48 67
48 67
48 68
48 69
48 70
49 71
49 72
49 73
49 74
49 74
49 75
49 76
49 77
49 78
49 79
49 80
49 81
49 81
49 82
49 83
50 84
50 85
50 86
50 86
50 87
50 88
50 89
50 90
50 91
50 91
51 90
51 89
52 88
52 87
53 86
53 85
54 84
54 83
55 82
55 81
56 80
56 79
57 78
57 77
58 76
58 75
59 74
59 73
60 72
60 72
60 71
59 70
59 69
59 69
59 68
59 68
59 67
59 66
59 66
59 66
60 66
60 66
60 66
60 66
60 67
60 68
60 68
60 69
60 70
60 71
60 71
60 72
60 73
61 74
61 75
61 76
61 77
61 77
61 78
61 79
61 80
61 81
61 82
61 82
61 83
61 84
61 85
61 86
61 87
61 87
61 88
61 89
61 90
61 91
61 91
61 92
61 93
61 94
61 94
61 95
61 95
61 96
61 96
61 95
61 95
61 94
61 94
61 93
61 92
61 91
61 90
61 90
61 89
61 88
61 87
61 86
61 85
61 85
61 84
61 83
61 82
61 81
61 80
61 80
61 79
61 78
61 77
61 76
61 76
61 75
61 74
61 73
61 72
61 71
61 71
61 70
61 69
61 68
61 67
61 67
61 66
62 65
62 64
62 64
62 63
62 62
62 62
62 61
62 61
63 60
63 60
64 61
64 61
64 62
64 62
65 62
66 61
67 61
68 60
69 60
70 59
71 59
72 58
73 58
73 58
73 57
73 57
74 57
74 57
74 57
74 57
74 58
74 59
74 59
74 60
73 61
73 62
73 63
73 63
73 64
73 65
73 66
73 67
73 67
73 68
73 69
73 70
73 71
73 72
73 72
73 73
73 74
73 75
73 76
73 76
73 77
73 78
73 79
73 80
73 81
73 81
73 82
74 83
74 84
74 85
74 85
74 86
74 87
74 88
74 89
74 89
74 90
74 91
74 92
74 92
75 93
75 94
75 94
76 94
76 94
76 94
77 93
77 92
77 92
77 91
78 90
78 89
78 89
78 88
79 87
79 86
79 86
79 85
79 84
79 83
79 83
79 82
79 81
79 80
79 80
79 79
80 78
80 77
80 76
80 76
80 75
80 74
80 73
80 72
80 72
80 71
79 70
79 69
79 68
79 68
79 67
79 66
79 65
79 64
79 63
79 63
79 62
79 61
79 61
79 60
79 60
79 60
79 61
79 62
79 62
79 63
79 64
79 65
79 65
79 66
79 67
79 68
79 69
79 69
79 70
79 71
79 72
79 73
79 74
79 74
79 75
79 76
79 77
79 78
79 78
79 79
79 80
80 81
80 82
80 83
80 83
80 84
80 85
80 86
80 87
80 88
80 88
80 89
80 90
80 91
80 92
80 92
80 93
81 94
81 95
81 96
81 96
81 97
81 98
81 99
81 99
82 100
82 100
82 99
83 98
83 97
83 96
83 95
84 94
84 93
84 92
85 91
85 90
85 89
86 88
86 87
86 86
86 85
87 84
87 83
87 82
88 81
88 80
88 79
88 78
89 77
89 76
89 75
90 74
90 73
90 72
91 71
91 70
91 69
91 68
92 67
92 66
92 66
92 65
92 64
92 63
92 62
92 62
92 61
91 60
91 59
91 59
91 58
91 58
91 57
91 57
92 57
92 57
92 57
92 58
92 58
92 59
92 60
92 60
92 61
92 62
92 63
92 64
92 64
92 65
92 66
92 67
92 67
92 68
92 69
92 70
92 71
92 71
92 72
92 73
92 74
92 75
92 75
92 76
92 77
92 78
92 79
92 80
92 80
92 81
92 82
92 83
92 84
92 85
92 85
92 86
92 87
92 88
92 89
92 89
92 90
92 91
92 92
92 92
92 93
92 94
92 94
92 95
92 95
92 95
92 95
93 94
93 93
93 93
93 92
93 91
93 90
93 89
93 89
93 88
93 87
93 86
93 85
93 85
93 84
93 83
93 82
93 81
93 80
93 79
93 79
93 78
93 77
93 76
93 75
93 74
93 73
93 73
93 72
93 71
94 70
94 69
94 68
94 67
94 67
94 66
94 65
94 64
94 63
94 62
94 61
94 61
94 60
94 59
95 58
95 57
95 56
95 56
95 55
95 54
95 54
96 53
96 53
96 54
96 54
97 55
97 56
97 56
97 57
97 58
97 59
97 60
97 60
97 61
97 62
97 63
97 64
97 65
97 66
97 66
97 67
97 68
97 69
97 70
97 71
97 71
97 72
97 73
97 74
97 75
97 76
97 76
97 77
97 78
97 79
97 80
97 81
97 82
97 82
97 83
97 84
97 85
97 86
97 86
97 87
97 88
97 89
97 90
97 90
97 91
97 92
97 93
97 93
97 94
98 95
98 96
98 96
98 97
98 98
98 98
99 99
100 99
