14 11
15 10
15 10
14 9
14 9
14 8
14 8
14 7
14 7
14 7
14 6
14 6
14 5
14 5
13 4
13 4
13 3
13 3
13 3
13 2
13 2
13 1
13 1
12 1
12 1
12 0
12 0
11 0
11 0
10 1
10 1
9 2
9 2
8 3
8 3
7 4
7 4
6 5
6 6
6 6
5 7
5 8
5 8
4 9
4 10
4 10
4 11
3 12
3 13
3 13
3 14
3 15
3 16
3 16
3 17
2 18
2 19
2 20
2 20
2 21
1 22
1 23
1 24
1 24
1 25
1 26
0 27
0 28
0 29
0 29
0 30
0 31
0 32
0 33
0 33
0 34
0 35
0 36
0 37
0 38
0 39
0 39
0 40
0 41
0 42
0 43
0 44
0 45
0 45
0 46
0 47
0 48
0 49
0 50
0 50
0 51
0 52
0 53
0 54
0 55
0 56
0 57
0 57
0 58
0 59
0 60
0 61
0 62
0 63
0 63
0 64
0 65
0 66
0 67
0 68
0 69
0 70
0 70
0 71
0 72
1 73
1 74
1 75
1 75
1 76
2 77
2 78
2 79
2 79
2 80
2 81
3 82
3 83
3 84
3 84
3 85
4 86
4 87
4 88
4 88
5 89
5 90
6 91
6 91
6 92
7 93
7 94
7 94
7 95
8 96
8 97
8 97
9 98
9 98
10 99
10 100
10 100
11 100
11 100
12 100
12 100
13 99
13 99
14 98
14 98
15 97
15 96
15 96
16 95
16 94
16 94
16 93
16 92
16 92
16 91
17 90
17 89
17 89
17 88
17 87
17 86
17 86
17 85
17 84
17 83
17 83
17 82
17 81
17 80
17 80
17 79
17 78
17 77
17 76
17 76
17 75
17 74
17 73
17 73
17 72
17 71
17 71
17 70
16 69
16 68
16 68
16 67
16 66
16 66
15 65
15 64
15 64
14 63
14 62
14 62
13 61
13 61
13 60
13 60
12 59
12 59
11 59
11 59
10 59
10 59
9 60
9 60
8 61
8 61
8 62
8 63
8 63
7 63
7 63
7 64
7 64
7 65
7 65
7 65
7 65
7 65
7 65
8 64
8 64
8 64
9 63
9 63
10 62
10 62
11 61
11 61
12 60
13 60
13 60
14 59
14 59
15 58
16 57
16 57
17 56
17 56
18 55
18 55
18 55
19 55
19 55
19 55
19 55
19 54
19 54
19 53
19 53
19 53
19 52
19 52
19 52
19 53
19 53
19 53
19 53
19 53
19 54
19 54
19 55
19 56
19 57
19 57
19 58
19 59
19 60
19 61
19 61
19 62
19 63
19 64
19 65
19 66
19 66
19 67
19 68
19 69
19 70
19 71
19 71
19 72
19 73
19 74
19 75
19 76
19 76
19 77
20 78
20 79
20 80
20 80
20 81
20 82
20 83
20 83
20 84
20 85
20 86
20 87
20 87
21 88
21 89
21 89
21 90
21 91
21 91
22 92
22 92
22 92
22 92
22 92
22 91
22 91
22 91
22 90
22 90
22 89
22 89
22 88
22 87
23 86
23 85
23 84
23 83
23 82
24 81
24 80
24 79
24 78
24 77
24 76
25 75
25 74
25 73
25 72
25 71
26 70
26 69
26 68
26 67
26 66
27 65
27 64
27 63
27 62
27 61
27 60
28 59
28 58
28 57
28 57
27 57
27 57
27 57
27 56
27 56
27 56
27 55
27 55
27 54
27 54
28 53
28 53
28 52
28 52
29 51
29 50
29 50
29 50
30 50
30 50
30 50
30 50
31 51
31 51
31 52
31 52
31 53
31 54
31 55
31 55
31 56
31 57
31 57
31 58
31 59
31 59
31 60
31 61
31 62
31 62
31 63
31 64
31 65
31 65
31 66
31 67
31 68
31 69
31 69
31 70
32 71
32 72
32 72
32 73
32 74
32 75
32 76
32 76
32 77
32 78
32 78
33 79
33 80
33 80
33 81
33 82
33 82
33 83
33 83
34 84
34 84
34 85
34 85
35 85
35 85
35 84
35 84
36 83
36 83
36 82
36 81
36 80
36 80
36 79
36 78
36 78
36 77
36 76
36 75
36 74
36 74
36 73
36 72
36 71
36 71
36 70
36 69
36 68
36 67
36 66
36 66
36 65
36 64
36 63
36 63
36 62
36 61
36 60
36 60
36 59
36 58
36 58
36 57
36 57
36 56
36 56
36 56
36 56
36 56
36 57
36 57
36 58
36 59
36 59
36 60
37 61
37 62
37 62
37 63
37 64
37 65
37 65
37 66
37 67
37 68
37 69
37 69
37 70
37 71
37 72
37 72
37 73
38 74
38 75
38 75
38 76
38 77
38 77
38 78
39 79
39 80
39 80
39 81
39 81
40 82
40 83
40 83
40 83
41 84
41 84
41 84
41 84
41 84
41 83
41 83
41 82
41 82
41 81
41 81
41 80
41 80
41 79
42 78
42 77
42 76
43 75
43 74
43 73
44 72
44 71
44 70
45 69
45 68
45 67
46 66
46 65
46 64
47 63
47 62
47 61
48 60
48 59
48 58
49 57
49 56
49 56
49 57
49 58
49 59
49 59
49 59
49 59
49 59
49 59
49 59
49 59
49 59
49 59
49 58
49 58
49 58
49 58
49 57
49 57
49 56
49 56
49 55
49 54
49 54
49 53
49 52
49 52
49 51
49 50
49 50
48 49
48 48
48 48
48 47
48 47
47 46
47 46
47 46
46 46
46 46
46 46
45 47
45 47
45 48
45 49
45 49
44 50
44 51
44 51
44 52
44 53
44 54
44 54
44 55
43 56
43 57
43 58
43 58
43 59
43 60
43 61
43 62
43 63
43 63
43 64
43 65
43 66
43 67
43 68
43 68
43 69
43 70
43 71
43 72
43 72
43 73
43 74
43 75
43 76
43 76
43 77
44 78
44 79
44 79
44 80
44 81
44 82
44 82
45 83
45 84
45 84
46 85
46 85
47 86
47 86
47 86
48 85
48 85
49 84
49 83
49 83
49 82
49 81
49 81
49 80
49 79
49 78
49 78
49 77
50 76
50 75
50 74
50 74
50 73
50 72
50 71
50 70
50 70
50 69
50 68
50 67
50 66
50 65
50 64
50 64
50 63
50 62
50 61
50 60
50 59
50 59
50 58
50 57
50 56
51 55
51 54
51 53
51 52
51 52
51 51
51 50
51 49
51 48
51 47
51 46
51 46
51 45
51 44
51 43
51 42
51 41
51 40
51 40
51 39
51 38
51 37
51 36
51 35
51 35
51 34
51 33
51 32
51 31
51 31
51 30
52 29
52 28
52 28
52 27
52 26
52 25
52 24
52 24
52 23
52 22
52 21
52 21
52 20
52 19
52 18
52 18
52 17
52 17
52 16
52 16
52 16
52 16
52 16
52 16
52 16
52 16
52 17
52 17
52 18
52 19
52 20
52 20
52 21
51 22
51 23
51 23
51 24
51 25
51 26
51 27
51 27
51 28
51 29
51 30
51 31
51 32
51 32
51 33
51 34
50 35
50 36
50 37
50 37
50 38
50 39
50 40
50 41
50 42
50 42
50 43
50 44
50 45
50 46
50 47
50 47
50 48
50 49
51 50
51 51
51 52
51 52
51 53
51 54
51 55
51 56
51 57
51 58
51 58
51 59
51 60
51 61
51 62
51 63
51 64
51 64
51 65
51 66
51 67
51 68
51 69
51 69
51 70
52 71
52 72
52 73
52 73
52 74
52 75
52 76
52 76
52 77
53 78
53 79
53 79
54 80
54 81
54 81
54 82
54 83
54 83
55 84
55 85
55 85
56 86
56 86
56 86
57 86
57 86
57 85
57 85
57 84
57 83
57 83
58 82
58 81
58 81
58 80
58 80
58 79
58 79
58 79
58 79
58 79
58 78
58 77
58 76
58 75
58 74
59 73
59 72
59 71
59 70
59 69
59 68
59 67
59 66
59 65
59 64
59 63
59 62
60 61
60 60
60 59
60 58
60 57
60 56
60 55
60 55
60 54
60 54
60 53
60 53
60 52
60 52
61 51
61 51
61 51
61 51
61 51
61 51
61 51
61 51
61 51
61 51
61 52
61 53
61 54
61 54
61 55
61 56
61 57
61 57
61 58
61 59
61 60
61 60
61 61
61 62
61 63
61 64
61 64
61 65
61 66
61 67
61 67
61 68
61 69
61 70
61 71
61 71
61 72
61 73
61 74
61 74
61 75
61 76
61 76
61 77
62 78
62 79
62 79
62 80
62 80
62 81
62 81
62 82
62 82
62 82
62 82
62 81
62 81
62 80
62 80
62 79
62 78
62 77
62 77
62 76
62 75
62 75
62 74
62 73
62 72
62 71
62 71
62 70
63 69
63 68
63 67
63 67
63 66
63 65
63 64
63 63
63 63
63 62
63 61
63 61
64 60
64 59
64 59
64 58
64 58
65 57
65 56
65 56
66 55
66 55
67 55
67 55
67 54
67 54
68 54
68 54
68 54
68 54
68 54
68 55
68 55
68 55
67 55
67 55
68 56
69 56
70 57
71 57
72 58
73 58
73 58
73 57
73 57
73 56
73 56
73 56
73 56
73 56
73 56
73 57
73 57
72 58
72 59
72 59
72 60
72 61
72 61
72 62
72 63
72 63
72 64
72 65
72 66
72 66
72 67
72 68
72 69
72 70
72 70
72 71
72 72
72 73
72 73
72 74
72 75
72 76
72 76
72 77
72 78
72 79
72 79
72 80
72 81
72 81
73 82
73 83
73 83
73 84
73 85
73 85
74 86
74 86
75 87
75 87
75 87
76 86
76 86
76 85
76 85
76 84
76 83
76 83
77 82
77 81
77 81
77 80
77 79
77 78
77 78
77 77
77 76
77 76
77 75
77 74
77 73
77 73
77 72
78 71
78 70
78 70
78 69
78 68
78 67
78 66
78 66
78 65
78 64
78 63
78 62
78 62
78 61
78 60
78 60
78 59
78 59
78 59
78 59
78 59
78 59
78 60
78 61
78 61
78 62
78 63
78 63
78 64
78 65
78 66
78 66
78 67
78 68
78 69
78 69
78 70
78 71
78 72
78 72
78 73
78 74
78 75
78 75
79 76
79 77
79 77
79 78
79 78
79 79
79 80
79 80
80 80
80 80
80 81
80 81
80 80
80 80
80 80
81 79
81 78
81 78
81 78
81 77
81 76
81 76
81 75
81 74
81 73
81 72
82 71
82 70
82 69
82 68
82 67
82 66
82 65
82 64
82 63
82 62
83 61
83 60
83 59
83 58
83 57
83 56
83 56
82 55
82 55
82 54
82 54
82 54
82 54
83 54
83 54
83 54
84 54
84 54
85 54
85 54
86 54
86 54
87 55
87 55
87 56
87 56
88 57
88 57
88 58
88 59
88 59
89 60
89 61
89 61
89 62
88 63
88 64
88 64
88 65
88 66
88 67
88 67
88 68
88 69
88 70
88 70
88 71
88 72
88 73
88 73
88 74
88 75
88 76
88 76
88 77
88 78
88 79
88 79
88 80
88 81
88 82
88 82
88 83
88 84
88 84
88 85
88 86
88 86
88 87
88 87
88 87
88 87
88 87
88 87
88 86
88 86
88 85
88 85
88 84
88 83
88 83
88 82
88 81
88 80
88 80
88 79
88 78
88 77
88 77
88 76
88 75
88 74
88 74
88 73
89 72
89 71
89 70
89 70
89 69
89 68
89 67
89 67
89 66
89 65
89 65
89 64
89 63
89 63
90 62
90 62
90 61
90 60
90 60
90 59
90 59
91 58
91 58
91 57
91 57
92 57
92 57
92 57
93 57
93 57
93 57
93 58
93 58
93 59
93 59
94 60
94 60
94 61
94 62
94 62
94 63
94 64
94 64
94 65
94 66
94 67
94 67
94 68
94 69
94 69
94 70
94 71
94 72
94 72
93 73
93 74
93 74
93 75
93 76
93 76
94 77
94 77
94 78
94 79
94 79
94 80
94 80
95 81
95 81
95 82
95 82
95 82
96 82
96 82
97 81
97 81
97 80
97 80
98 79
98 78
98 78
99 77
99 77
99 76
99 75
99 75
99 75
99 74
99 74
99 74
99 73
99 73
99 73
99 73
