10 14
10 13
10 12
10 11
10 10
10 10
10 9
10 8
10 7
10 7
10 6
10 5
10 5
9 4
9 3
9 3
8 2
8 1
8 1
7 1
7 1
6 0
6 0
5 1
5 2
5 2
5 3
4 4
4 5
4 5
4 6
3 7
3 8
3 9
3 9
3 10
3 11
2 12
2 13
2 14
2 15
2 15
2 16
2 17
2 18
1 19
1 20
1 21
1 22
1 23
1 23
1 24
1 25
1 26
0 27
0 28
0 29
0 30
0 31
0 31
0 32
0 33
0 34
0 35
0 36
0 37
0 38
0 39
0 40
0 41
0 42
0 43
0 43
0 44
0 45
0 46
0 47
0 48
0 49
0 50
0 51
0 52
0 53
0 53
0 54
0 55
0 56
0 57
0 58
0 59
0 60
0 61
0 62
0 62
0 63
0 64
0 65
0 66
0 67
0 68
0 69
0 70
0 70
0 71
0 72
0 73
0 74
0 75
0 76
0 77
0 77
0 78
0 79
1 80
1 81
1 82
1 82
1 83
2 84
2 85
2 86
2 86
3 87
3 88
3 88
4 87
4 87
5 86
6 86
6 86
6 85
7 84
7 83
7 82
7 82
7 81
7 80
8 79
8 78
8 77
8 76
8 76
8 75
8 74
9 73
9 72
9 71
9 71
9 70
9 69
9 68
9 67
9 66
9 65
9 65
9 64
9 63
9 62
9 61
9 60
9 60
9 59
9 58
9 57
9 56
9 56
9 55
9 54
9 53
9 52
9 51
9 51
9 50
8 49
8 48
8 48
8 47
8 46
8 46
8 45
8 45
9 44
9 43
9 43
9 42
9 42
9 41
9 41
10 40
10 40
11 39
11 38
11 38
12 37
12 37
12 36
12 36
13 36
13 36
14 35
14 35
14 35
14 36
14 36
14 36
14 37
14 38
14 38
15 39
15 40
15 40
15 41
15 42
15 42
15 43
15 44
15 45
15 45
15 46
15 47
15 48
15 49
15 49
15 50
15 51
15 52
15 53
15 53
15 54
15 55
15 56
15 57
15 58
15 59
15 60
15 60
15 61
15 62
15 63
16 64
16 65
16 66
16 67
16 67
16 66
17 65
17 64
18 63
18 62
19 61
19 60
19 59
20 58
20 57
21 56
21 55
22 54
22 53
23 52
23 51
23 50
24 49
24 48
25 47
25 46
26 45
26 44
26 44
25 45
25 45
25 44
25 44
24 45
24 45
24 46
24 46
24 47
24 48
24 49
24 49
24 50
24 51
24 52
24 53
24 54
24 54
24 55
24 56
24 57
24 58
24 59
24 60
24 61
24 61
24 62
24 63
24 64
24 65
24 66
24 67
24 68
24 68
24 69
24 70
25 71
25 72
25 73
25 74
25 74
25 75
25 76
25 77
25 78
25 79
25 80
25 80
26 81
26 82
26 82
27 82
27 82
27 81
27 80
27 80
27 79
28 78
28 77
28 76
28 76
28 75
28 74
29 73
29 72
29 71
29 70
29 70
29 69
29 68
30 67
30 66
30 65
30 64
30 64
30 63
30 62
30 61
30 60
30 59
30 58
30 58
30 57
31 56
31 55
31 54
31 54
31 53
31 52
31 51
31 50
31 50
31 49
31 49
31 48
31 48
31 49
31 49
31 50
31 50
31 51
31 52
31 53
31 53
31 54
31 55
31 56
31 57
31 57
31 58
31 59
31 60
31 61
31 62
31 63
31 63
31 64
31 65
31 66
31 67
31 68
31 69
31 70
31 70
31 71
31 72
31 73
31 74
31 75
31 76
31 76
31 77
32 78
32 79
32 80
32 80
32 81
32 82
32 83
32 83
33 84
33 85
33 85
33 84
33 84
33 83
34 82
34 81
35 80
35 79
35 78
36 77
36 76
36 75
37 74
37 73
38 72
38 71
38 70
39 69
39 68
39 67
40 66
40 65
41 64
41 63
41 62
42 61
42 60
42 59
43 58
43 57
44 56
44 55
44 55
44 55
44 54
44 53
44 52
44 52
43 51
43 51
43 51
42 52
42 52
41 53
41 54
41 54
41 55
41 56
41 57
41 58
41 58
41 59
40 60
40 61
40 62
40 62
40 63
40 64
40 65
40 66
40 67
40 67
40 68
40 69
39 70
39 71
39 72
39 72
39 73
40 74
40 75
40 76
40 76
40 77
40 78
40 79
40 80
40 80
40 81
40 82
40 82
41 82
41 82
42 81
42 81
42 80
42 79
43 78
43 77
43 76
43 76
43 75
43 74
44 73
44 72
44 71
44 70
44 70
44 69
44 68
44 67
45 66
45 65
45 64
45 63
45 62
45 62
45 61
45 60
45 59
45 58
46 57
46 56
46 55
46 54
46 53
46 53
46 52
46 51
46 50
47 49
47 48
47 47
47 46
47 45
47 45
47 44
47 43
47 42
47 41
47 40
47 39
47 38
47 37
47 37
47 36
47 35
47 34
48 33
48 32
48 31
48 30
48 30
48 29
48 28
48 27
48 26
48 25
48 24
48 24
48 23
48 22
48 21
48 20
48 19
48 19
48 18
48 17
48 16
47 15
47 14
47 13
47 12
47 12
47 11
47 10
47 10
47 10
47 11
47 12
47 12
47 13
47 14
47 15
47 16
47 17
47 17
47 18
47 19
47 20
46 21
46 22
46 23
46 24
46 25
46 25
46 26
46 27
46 28
46 29
46 30
46 31
46 32
46 33
46 33
46 34
46 35
46 36
46 37
46 38
46 39
46 40
46 41
46 42
46 42
46 43
46 44
46 45
46 46
46 47
46 48
46 49
46 50
46 51
46 52
46 52
46 53
46 54
46 55
46 56
46 57
46 58
46 59
46 60
46 61
46 62
46 63
46 64
46 64
46 65
46 66
46 67
46 68
46 69
46 70
46 71
46 72
46 73
46 74
46 74
46 75
46 76
46 77
46 78
47 79
47 80
47 81
47 82
47 83
47 84
47 84
47 85
47 86
47 87
47 88
47 89
47 89
48 90
48 90
49 90
49 90
49 89
50 88
50 87
50 86
51 85
51 84
51 83
51 82
52 81
52 80
52 79
53 78
53 77
53 76
54 75
54 74
54 73
55 72
55 71
55 70
56 69
56 68
56 67
56 66
57 65
57 64
57 63
58 62
58 61
58 61
58 62
58 63
58 63
57 62
57 62
57 61
57 60
57 60
57 59
57 59
57 59
57 59
57 59
57 59
57 59
57 59
57 58
57 58
57 58
57 57
57 57
57 57
57 57
57 57
57 57
57 57
57 58
57 58
57 59
57 59
57 60
57 60
57 61
57 61
58 61
58 61
58 61
58 60
58 60
58 59
58 59
58 58
58 58
58 58
59 58
59 58
59 59
59 60
59 60
59 61
59 62
59 63
59 63
59 64
59 65
59 66
59 67
59 68
59 69
59 69
59 70
59 71
59 72
59 73
59 74
59 74
59 75
59 76
59 77
59 78
59 79
59 80
59 80
59 81
59 82
59 83
60 84
60 85
60 86
60 87
60 87
60 88
60 89
60 90
60 91
60 91
60 92
60 93
60 94
60 95
60 95
60 96
60 97
60 98
60 98
60 99
60 99
59 100
59 100
59 99
59 99
59 98
59 98
59 97
59 96
59 95
59 95
59 94
59 93
59 92
59 91
59 91
59 90
59 89
60 88
60 87
60 86
60 86
60 85
60 84
60 83
60 82
60 81
60 80
60 80
60 79
60 78
60 77
61 76
61 75
61 74
61 73
61 73
61 72
61 71
62 70
62 69
62 68
62 68
62 67
62 66
62 65
62 64
62 64
62 63
63 62
63 61
63 61
64 60
64 59
64 59
64 58
64 57
64 57
65 57
65 57
65 56
65 56
66 55
66 55
67 54
67 53
67 53
68 53
68 53
68 52
68 52
68 52
69 52
69 52
69 53
69 53
70 54
70 55
71 56
72 57
73 58
73 59
74 60
74 60
74 60
73 59
73 59
73 60
73 60
73 61
73 62
73 63
73 64
73 64
73 65
73 66
73 67
73 68
73 69
73 69
73 70
73 71
73 72
73 73
73 74
73 75
73 75
73 76
73 77
73 78
72 79
72 80
72 81
72 82
72 82
72 83
72 84
72 85
72 86
72 87
72 88
72 88
72 89
72 90
73 91
73 92
73 93
73 93
73 94
73 95
73 95
74 96
74 96
74 95
74 94
74 94
74 93
75 92
75 91
75 91
75 90
75 89
76 88
76 87
76 86
76 85
76 85
76 84
76 83
77 82
77 81
77 80
77 80
77 79
77 78
78 77
78 76
78 75
78 74
78 74
78 73
78 72
78 71
78 71
78 70
78 69
78 68
78 68
78 67
78 67
78 68
78 68
78 69
78 69
78 70
78 71
78 72
78 72
78 73
78 74
78 75
78 76
78 76
78 77
78 78
78 79
78 80
78 81
78 81
78 82
78 83
78 84
78 85
78 86
78 87
78 87
78 88
78 89
78 90
78 91
78 91
78 92
78 93
78 94
78 95
78 95
79 96
79 96
80 96
81 96
81 96
81 95
82 94
82 93
82 92
83 91
83 90
83 89
84 88
84 87
84 86
84 85
85 84
85 83
85 82
86 81
86 80
86 79
87 78
87 77
87 77
87 76
87 75
87 74
87 74
87 74
87 73
87 73
87 72
87 71
87 71
87 70
87 69
87 69
87 68
87 67
87 67
87 66
88 65
88 64
88 64
88 63
89 62
89 61
89 61
90 60
90 59
90 59
90 58
90 58
90 59
90 59
91 60
91 61
91 61
91 62
91 63
91 64
91 65
91 65
91 66
91 67
90 68
90 69
90 70
90 71
90 71
90 72
90 73
90 74
90 75
90 76
90 77
90 78
90 78
90 79
90 80
90 81
90 82
90 83
90 84
90 85
90 86
90 86
90 87
90 88
89 89
89 90
89 91
89 92
89 92
89 93
89 94
89 95
89 96
89 96
89 97
89 98
89 99
89 99
88 100
88 100
88 100
88 100
88 99
88 98
89 97
89 96
89 95
89 95
89 94
89 93
90 92
90 91
90 90
90 89
90 89
90 88
90 87
90 86
91 85
91 84
91 83
91 82
91 81
91 81
91 80
91 79
91 78
92 77
92 76
92 75
92 74
92 74
92 73
92 72
93 71
93 70
93 69
93 69
93 68
93 67
93 66
93 65
93 65
94 64
94 63
94 63
94 63
94 64
94 64
94 65
94 66
94 66
94 67
94 68
94 69
94 70
94 70
94 71
94 72
94 73
94 74
94 74
94 75
94 76
94 77
94 77
94 78
94 79
94 80
94 81
94 81
94 82
94 83
94 84
94 84
94 85
94 86
94 87
94 87
95 88
95 89
95 89
95 90
95 91
95 91
96 92
96 93
96 93
97 94
97 94
97 95
97 95
98 96
98 97
98 97
98 98
98 98
99 98
99 98
100 97
