9 14
9 13
9 12
9 11
9 10
9 9
9 8
9 8
9 7
9 6
9 6
9 5
9 5
9 4
9 4
9 3
9 3
9 2
9 1
9 1
9 1
8 0
8 0
8 1
8 1
7 2
7 2
6 3
6 4
6 4
6 5
5 6
5 7
5 7
5 8
4 9
4 10
4 11
4 11
4 12
3 13
3 14
3 15
3 15
3 16
3 17
2 18
2 19
2 20
2 21
2 21
2 22
2 23
2 24
1 25
1 26
1 27
1 28
1 29
1 29
1 30
1 31
1 32
1 33
0 34
0 35
0 36
0 37
0 38
0 38
0 39
0 40
0 41
0 42
0 43
0 44
0 45
0 46
0 47
0 47
0 48
0 49
0 50
0 51
0 52
0 53
0 54
0 55
0 55
0 56
0 57
0 58
0 59
0 60
0 61
0 62
0 63
0 63
0 64
0 65
0 66
0 67
0 68
0 69
0 70
0 70
0 71
0 72
1 73
1 74
1 75
1 75
1 76
2 77
2 78
2 79
2 79
3 80
3 81
3 81
4 81
5 81
5 81
6 81
6 81
7 80
8 80
8 80
9 79
9 78
9 78
10 77
11 76
11 76
12 75
12 74
12 74
12 73
12 72
12 72
12 71
13 70
13 69
13 69
13 68
13 67
13 66
13 66
13 65
13 64
13 63
13 62
13 62
13 61
12 60
12 59
12 58
12 58
12 57
12 56
12 55
12 55
11 54
11 53
11 53
10 52
10 52
10 51
10 51
10 50
10 50
10 49
10 49
10 49
10 49
10 49
10 50
10 50
10 50
11 51
11 51
12 52
12 52
13 52
13 52
13 52
14 52
14 52
14 52
15 52
15 52
15 53
15 53
15 54
15 54
15 55
15 56
15 56
15 57
15 58
15 59
15 59
15 60
14 61
14 62
14 63
14 63
14 64
14 65
14 66
14 67
14 68
14 68
14 69
14 70
14 71
14 71
14 72
14 73
14 74
14 74
14 75
14 76
14 76
15 77
15 78
15 78
16 77
16 76
17 75
17 74
18 73
18 72
19 71
19 70
20 69
20 68
21 67
21 66
22 65
22 64
23 63
23 62
24 61
24 60
24 60
24 60
24 60
24 60
24 60
24 61
24 62
24 62
24 63
24 64
24 64
24 65
24 66
24 67
24 68
24 68
24 69
24 70
24 71
24 71
24 72
24 73
24 74
24 75
24 75
24 76
24 77
24 78
24 79
24 79
24 80
24 81
24 82
24 82
25 83
25 84
25 84
25 85
25 86
25 86
26 86
26 86
27 86
27 86
27 85
27 84
27 84
27 83
28 82
28 81
28 81
29 80
29 79
29 79
29 78
29 77
29 76
29 76
29 75
29 74
29 73
29 73
29 72
29 71
29 70
29 70
29 69
29 68
29 68
29 67
29 67
29 67
29 67
29 68
29 68
29 69
29 70
29 70
29 71
29 72
29 73
29 73
29 74
29 75
29 76
29 76
29 77
29 78
29 79
29 79
29 80
29 81
29 82
29 82
29 83
30 84
30 85
30 85
30 86
30 87
30 87
31 88
31 89
31 89
32 89
32 89
33 88
34 87
34 86
35 85
36 84
37 83
37 82
38 81
39 80
40 79
40 78
41 77
42 76
43 75
43 74
44 73
44 73
44 72
44 71
44 71
44 71
44 71
44 70
44 70
44 69
44 69
43 69
43 69
43 68
43 67
43 67
43 66
43 66
42 65
42 65
42 64
42 64
41 64
41 64
41 65
41 65
40 66
40 66
39 67
39 68
39 68
39 69
39 70
39 70
39 71
39 72
39 73
39 73
39 74
38 75
38 76
38 77
38 77
38 78
39 79
39 80
39 80
39 81
39 82
39 83
39 83
39 84
40 85
40 86
40 86
41 87
41 87
42 87
42 87
43 86
43 86
43 85
44 84
44 83
44 83
44 82
45 81
45 80
45 80
45 79
46 78
46 77
46 77
46 76
46 75
46 74
46 73
46 72
46 72
46 71
46 70
46 69
46 68
46 67
46 66
46 66
46 65
46 64
46 63
46 62
46 61
46 60
46 59
46 58
46 57
46 57
46 56
46 55
46 54
46 53
46 52
46 51
46 50
46 49
46 49
46 48
46 47
46 46
46 45
46 44
46 43
46 42
46 41
46 41
46 40
46 39
46 38
46 37
46 36
46 35
46 35
46 34
46 33
46 32
46 32
46 31
46 31
46 30
46 30
46 31
46 31
45 32
45 33
45 33
45 34
45 35
45 36
45 37
45 38
45 39
45 39
45 40
45 41
45 42
45 43
45 44
45 45
45 46
45 46
45 47
45 48
45 49
46 50
46 51
46 52
46 53
46 53
46 54
46 55
46 56
46 57
46 58
46 59
46 60
46 61
46 61
46 62
46 63
46 64
46 65
46 66
46 67
46 68
46 68
46 69
46 70
47 71
47 72
47 73
47 73
47 74
47 75
47 76
47 77
47 78
47 78
47 79
48 80
48 81
48 82
48 82
48 83
48 84
48 85
48 85
49 84
50 83
50 82
51 81
52 80
53 79
54 78
55 77
55 76
56 75
57 74
57 74
57 73
57 72
57 71
57 71
57 70
57 70
56 70
56 70
56 70
56 70
56 70
56 70
56 71
56 71
57 72
57 72
57 73
57 74
57 74
57 75
57 76
57 77
57 78
57 78
57 79
58 80
58 81
58 82
58 82
58 83
58 84
58 85
58 85
58 86
58 87
58 88
58 88
58 89
58 90
58 91
58 91
58 92
58 92
58 93
58 93
58 93
58 93
58 92
58 91
58 90
58 90
58 89
58 88
58 87
58 87
58 86
58 85
58 84
58 83
58 83
58 82
58 81
58 80
58 79
58 79
58 78
59 77
59 76
59 75
59 75
59 74
59 73
59 72
59 71
59 71
59 70
59 69
59 69
60 68
60 68
61 67
61 67
61 67
62 68
62 68
62 69
62 69
63 69
64 69
65 70
66 70
67 70
68 70
69 70
70 71
71 71
72 71
72 71
72 70
72 70
72 69
72 69
72 69
72 69
72 69
72 69
72 70
72 71
72 71
72 72
72 73
72 73
72 74
73 75
73 76
73 76
73 77
73 78
73 79
73 80
73 80
73 81
73 82
73 83
73 84
73 84
73 85
73 86
73 87
73 87
73 88
73 89
73 90
73 91
73 91
73 92
73 93
73 94
73 94
74 95
74 96
74 96
74 96
75 96
75 96
75 95
75 95
76 94
76 93
76 93
76 92
77 91
77 90
77 90
77 89
77 88
77 87
77 87
77 86
78 85
78 84
78 83
78 83
78 82
78 81
78 80
78 79
78 79
78 78
78 77
78 76
78 75
78 74
78 74
79 73
79 72
79 72
79 71
79 70
79 70
79 70
79 70
79 70
79 71
78 72
78 73
78 73
78 74
78 75
78 76
78 77
78 77
78 78
78 79
78 80
78 81
78 81
78 82
78 83
78 84
78 85
78 85
78 86
78 87
78 88
78 89
78 89
78 90
79 91
79 92
79 93
79 93
79 94
79 95
79 96
79 96
80 97
80 98
80 98
81 98
82 98
82 98
82 97
83 96
83 95
83 94
83 93
84 92
84 91
84 90
85 89
85 88
85 87
85 86
86 85
86 84
86 83
87 82
87 81
87 80
87 79
88 78
88 77
88 76
88 75
89 74
89 73
89 72
90 71
90 70
90 69
90 68
91 67
91 66
91 66
91 65
91 64
91 63
91 62
91 61
91 61
91 61
91 61
92 61
92 61
92 62
92 62
92 63
92 64
92 64
92 65
92 66
92 67
92 67
92 68
92 69
92 70
92 71
92 71
92 72
92 73
92 74
92 75
92 75
92 76
92 77
92 78
92 79
92 79
92 80
92 81
92 82
92 83
92 83
92 84
92 85
92 86
92 86
92 87
92 88
92 88
92 89
92 90
92 90
92 90
92 90
92 90
92 89
92 89
92 88
93 87
93 86
93 86
93 85
93 84
93 83
93 83
93 82
94 81
94 80
94 80
94 79
94 78
94 77
94 76
94 76
95 75
95 74
95 74
95 73
95 72
95 72
96 72
96 72
96 72
96 73
96 73
96 74
96 74
96 75
96 76
96 77
96 77
96 78
96 79
96 80
96 80
96 81
96 82
96 83
96 83
96 84
96 85
96 86
96 86
96 87
96 88
96 89
96 89
96 90
97 91
97 92
97 92
97 93
97 94
97 94
97 95
97 96
97 96
98 97
98 98
98 98
99 99
99 99
100 100
