13 13
13 13
13 13
13 13
13 13
13 12
13 12
13 11
13 10
13 10
13 9
13 8
13 8
12 7
12 6
12 6
12 5
12 4
12 4
11 3
11 3
10 2
10 2
9 1
9 1
8 0
8 0
7 1
6 2
6 2
5 3
5 4
5 4
5 5
4 6
4 7
4 7
4 8
4 9
3 10
3 11
3 12
3 12
3 13
3 14
3 15
2 16
2 17
2 18
2 19
2 19
2 20
1 21
1 22
1 23
1 24
0 25
0 26
0 27
0 27
0 28
0 29
0 30
0 31
0 32
0 33
0 34
0 35
0 35
0 36
0 37
0 38
0 39
0 40
0 41
0 42
0 42
0 43
0 44
0 45
0 46
0 47
0 48
0 49
0 50
0 50
0 51
0 52
0 53
0 54
0 55
0 56
0 57
0 58
0 59
0 59
0 60
0 61
0 62
0 63
1 64
1 65
1 66
1 67
1 68
1 68
1 69
1 70
1 71
1 72
2 73
2 74
2 75
2 76
2 77
2 77
2 78
2 79
3 80
3 81
3 82
3 83
3 83
3 84
4 85
4 86
5 87
5 88
5 88
5 89
6 90
6 91
6 91
7 92
8 92
8 92
9 92
9 92
10 91
10 91
11 90
11 89
12 88
12 88
12 87
12 86
13 85
13 84
13 83
13 83
13 82
14 81
14 80
14 79
15 78
15 77
15 77
15 76
15 75
15 74
15 73
15 72
15 71
15 70
15 70
15 69
15 68
16 67
16 66
16 65
16 64
16 64
16 63
16 62
17 61
17 60
17 59
17 59
17 58
17 57
17 56
17 55
17 55
17 54
17 53
17 52
17 52
17 51
17 50
17 50
16 49
16 48
16 48
16 47
16 47
15 47
15 47
15 47
14 47
14 47
14 47
14 47
14 47
14 47
14 47
14 48
14 48
14 48
14 48
14 48
14 48
14 49
14 49
15 50
15 50
15 50
16 50
16 50
17 50
17 50
18 50
18 50
18 51
18 51
19 51
19 51
19 51
19 51
19 51
19 51
19 51
19 51
19 51
19 52
19 53
19 54
19 54
19 55
19 56
19 57
19 58
19 58
19 59
19 60
19 61
19 62
19 63
19 64
19 64
19 65
19 66
19 67
19 68
19 69
19 70
19 71
19 72
19 72
19 73
19 74
19 75
19 76
19 77
19 78
19 79
19 79
19 80
19 81
19 82
19 83
19 84
19 85
19 86
19 86
19 87
19 88
19 89
19 90
19 91
19 92
19 92
19 93
19 94
19 95
19 96
19 97
19 97
19 98
20 99
20 100
20 100
20 99
21 98
21 97
21 96
21 95
22 94
22 93
22 92
23 91
23 90
23 89
23 88
24 87
24 86
24 85
24 84
25 83
25 82
25 81
26 80
26 79
26 78
26 77
27 76
27 75
27 74
28 73
28 72
28 71
28 70
29 69
29 68
29 67
29 66
30 65
30 64
30 64
30 63
30 62
29 61
29 60
29 59
29 59
28 58
28 57
28 57
28 56
28 55
28 55
28 54
28 54
28 54
28 55
28 55
28 56
28 56
28 57
28 58
28 59
28 60
28 61
28 61
28 62
28 63
29 64
29 65
29 66
29 67
29 67
29 68
29 69
29 70
29 71
29 72
29 73
29 74
29 74
29 75
29 76
29 77
29 78
29 79
29 80
29 81
29 82
29 82
29 83
29 84
30 85
30 86
30 87
30 88
30 88
30 89
30 90
30 91
30 92
30 92
31 93
31 94
31 94
32 94
32 94
32 93
32 93
32 92
33 91
33 90
33 90
33 89
33 88
34 87
34 86
34 85
34 85
34 84
34 83
34 82
35 81
35 80
35 79
35 78
35 78
35 77
35 76
35 75
35 74
35 73
35 72
35 71
35 71
35 70
35 69
36 68
36 67
36 66
36 65
36 65
36 64
36 63
36 62
36 61
36 61
36 60
36 59
36 58
36 57
36 57
36 57
36 57
36 57
36 57
36 58
36 59
36 59
36 60
36 61
36 62
36 63
36 63
36 64
36 65
37 66
37 67
37 68
37 68
37 69
37 70
37 71
37 72
37 73
37 73
37 74
37 75
38 76
38 77
38 78
38 79
38 79
38 80
38 81
38 82
38 83
38 84
38 84
38 85
39 86
39 87
39 88
39 88
40 89
40 90
40 90
41 89
41 88
42 87
42 86
43 85
43 84
44 83
44 82
45 81
45 80
46 79
46 78
47 77
47 76
48 75
48 74
49 73
49 72
50 71
50 70
51 69
51 68
52 67
52 66
52 66
52 65
52 64
52 63
52 62
52 62
52 61
52 60
52 60
52 59
52 58
52 58
52 57
52 57
51 56
51 55
51 55
51 55
50 55
50 55
50 55
50 56
50 56
50 57
49 58
49 59
49 59
49 60
49 61
49 62
49 62
49 63
49 64
49 65
49 66
49 67
49 67
49 68
49 69
49 70
49 71
49 71
49 72
49 73
49 74
49 75
49 76
49 76
49 77
49 78
49 79
49 79
50 80
50 81
50 81
50 82
50 82
50 81
50 81
51 80
51 79
51 79
51 78
51 77
52 76
52 75
52 74
52 74
52 73
52 72
53 71
53 70
53 69
53 68
53 68
53 67
53 66
53 65
53 64
53 63
53 62
53 62
53 61
53 60
53 59
54 58
54 57
54 56
54 55
54 54
54 54
54 53
54 52
54 51
54 50
54 49
54 48
54 47
54 46
54 46
54 45
54 44
54 43
54 42
54 41
54 40
54 39
54 38
54 38
54 37
54 36
54 35
55 34
55 33
55 32
55 31
55 31
55 30
55 29
55 28
55 27
55 26
55 25
55 25
55 24
55 23
55 22
55 21
55 20
55 20
55 19
55 18
55 18
55 18
55 18
55 18
55 19
55 20
55 21
55 21
55 22
54 23
54 24
54 25
54 25
54 26
54 27
54 28
54 29
54 30
54 31
54 32
54 32
54 33
54 34
55 35
55 36
55 37
55 38
55 38
55 39
55 40
55 41
55 42
55 43
55 44
55 45
55 45
55 46
55 47
55 48
55 49
55 50
55 51
55 52
55 53
55 53
55 54
55 55
55 56
55 57
55 58
55 59
55 60
55 61
55 61
55 62
55 63
55 64
55 65
55 66
55 67
55 67
55 68
55 69
56 70
56 71
56 72
56 72
56 73
56 74
57 75
57 76
57 77
57 77
57 78
57 79
57 80
57 81
57 81
57 80
57 79
58 78
58 77
58 76
58 75
58 74
58 73
59 72
59 71
59 70
59 69
59 68
60 67
60 66
60 65
60 64
60 63
61 62
61 61
61 60
61 59
61 58
61 57
62 56
62 55
62 54
62 54
62 53
62 52
62 52
62 51
62 51
62 51
62 51
62 52
62 52
62 53
62 54
62 55
62 55
62 56
63 57
63 58
63 59
63 59
63 60
63 61
63 62
63 63
63 64
63 64
63 65
63 66
63 67
63 68
63 68
63 69
63 70
63 71
63 71
63 72
63 73
63 74
63 74
63 75
63 75
63 75
63 75
63 75
63 74
63 73
63 73
63 72
64 71
64 70
64 69
64 69
64 68
64 67
64 66
64 65
64 65
64 64
64 63
64 62
64 61
64 61
64 60
65 59
65 58
65 58
65 57
65 56
65 55
65 55
65 54
66 53
66 52
66 52
66 51
66 51
66 51
67 51
67 51
67 52
67 52
68 53
68 53
68 54
68 54
69 55
69 56
69 56
69 57
69 57
70 57
70 57
70 57
71 58
72 58
73 59
74 59
75 60
76 60
76 60
76 59
76 58
76 57
76 56
76 55
76 55
75 54
75 54
75 54
75 54
75 55
75 55
75 56
75 57
75 58
75 58
75 59
76 60
76 61
76 62
76 62
76 63
76 64
76 65
76 66
76 66
76 67
76 68
76 69
76 69
76 70
77 71
77 72
77 73
77 73
77 74
77 75
77 75
77 76
77 77
77 77
78 77
78 77
78 77
79 76
79 75
79 75
79 74
79 73
79 72
79 71
79 71
79 70
80 69
80 68
80 67
80 67
80 66
81 65
81 64
81 63
81 63
81 62
81 61
81 60
81 59
81 58
81 58
81 57
82 56
82 55
82 54
82 54
82 53
82 52
82 51
82 51
82 50
82 50
82 50
82 51
82 51
82 51
82 52
82 53
82 53
82 54
82 55
82 56
82 56
82 57
82 58
82 59
82 60
82 60
82 61
83 62
83 63
83 64
83 64
83 65
83 66
83 67
83 67
83 68
83 69
83 69
83 70
84 71
84 72
84 72
84 71
85 70
85 69
86 68
86 67
87 66
87 65
88 64
88 63
88 62
89 61
89 60
90 59
90 58
91 57
91 56
92 55
92 54
92 54
92 53
92 53
92 52
92 52
92 51
92 51
92 51
92 51
92 51
92 52
92 52
92 53
92 54
92 55
92 56
92 56
92 57
93 58
93 59
93 59
93 60
93 61
93 62
93 63
93 63
93 64
93 65
93 66
93 67
93 67
93 68
93 69
93 70
93 71
93 71
93 72
93 73
93 74
93 74
93 75
93 76
93 76
93 76
93 76
93 75
93 75
93 74
93 73
93 73
93 72
94 71
94 70
94 69
94 69
94 68
94 67
94 66
94 65
94 64
94 64
94 63
94 62
95 61
95 60
95 59
95 59
95 58
95 57
95 56
95 55
95 54
95 54
95 53
96 52
96 51
96 50
96 50
96 49
96 48
96 48
96 47
96 47
97 47
97 47
97 48
97 49
97 49
97 50
97 51
97 51
97 52
97 53
97 54
97 54
97 55
97 56
97 57
97 57
97 58
97 59
97 60
97 60
97 61
97 62
97 63
97 64
97 64
98 65
98 66
98 66
98 67
98 68
98 69
98 69
98 70
98 71
98 71
98 72
99 73
99 74
99 74
99 75
99 76
99 76
100 77
