7 9
8 8
8 7
8 7
8 6
8 6
8 6
8 6
8 5
8 5
8 5
8 4
8 4
8 4
8 3
8 3
8 2
8 2
8 1
8 1
7 0
7 0
7 1
7 1
6 2
6 2
6 3
6 4
6 4
6 5
5 6
5 7
5 7
5 8
4 9
4 10
4 10
4 11
3 12
3 13
3 14
3 14
3 15
3 16
2 17
2 18
2 19
2 20
2 20
2 21
2 22
2 23
2 24
2 25
2 26
2 26
2 27
2 28
1 29
1 30
1 31
1 32
1 32
1 33
1 34
1 35
0 36
0 37
0 38
0 39
0 40
0 40
0 41
0 42
0 43
0 44
0 45
0 46
0 47
0 48
0 48
0 49
0 50
0 51
0 52
0 53
0 54
0 55
0 56
0 57
0 58
0 58
0 59
0 60
0 61
0 62
0 63
0 64
0 65
0 66
0 66
0 67
0 68
0 69
0 70
0 71
0 72
0 73
0 74
0 74
0 75
0 76
0 77
0 78
0 79
0 80
0 81
0 82
0 82
0 83
0 84
1 85
1 86
1 87
1 88
1 88
1 89
1 90
2 91
2 92
2 93
2 94
2 94
3 95
3 96
4 97
4 97
4 98
5 99
5 100
5 100
6 100
7 100
7 100
8 100
8 100
9 99
10 99
10 99
11 98
11 97
11 97
12 96
12 95
12 95
12 94
12 93
12 92
12 92
12 91
13 90
13 89
13 88
13 88
13 87
13 86
13 85
13 84
13 84
13 83
13 82
13 81
13 80
13 79
13 79
13 78
13 77
13 76
13 75
13 74
13 74
13 73
13 72
12 71
12 70
12 69
12 69
12 68
12 67
12 66
12 66
12 65
11 64
11 63
11 63
11 62
11 61
11 61
11 60
11 60
11 59
11 59
11 59
11 59
11 60
11 60
11 61
11 61
12 62
12 63
12 63
13 64
13 65
13 65
14 66
14 66
15 67
15 67
16 67
16 67
16 66
16 66
17 66
17 66
17 65
17 65
17 64
17 64
17 64
17 64
17 65
17 65
17 66
17 66
17 67
17 68
17 68
17 69
17 70
17 71
17 71
17 72
16 73
16 74
16 74
16 75
16 76
16 77
16 78
16 79
16 79
16 80
16 81
16 82
16 83
16 83
16 84
16 85
16 86
16 86
16 87
17 88
17 89
17 90
17 90
17 91
17 92
17 92
17 91
18 90
18 89
19 88
19 87
19 86
20 85
20 84
21 83
21 82
21 81
22 80
22 79
23 78
23 77
23 76
24 75
24 74
24 73
25 72
25 71
26 70
26 69
26 68
27 67
27 66
28 65
28 64
28 64
28 64
27 63
27 63
27 64
27 64
27 65
27 66
27 67
27 67
27 68
27 69
27 70
27 70
27 71
27 72
27 73
27 74
27 74
27 75
27 76
28 77
28 78
28 79
28 79
28 80
28 81
28 82
28 83
28 84
28 84
28 85
28 86
28 87
28 88
28 89
28 89
28 90
28 91
28 92
28 93
28 93
28 94
29 95
29 96
29 96
29 97
29 98
29 98
30 99
30 99
30 99
31 98
31 97
31 97
31 96
31 95
31 94
31 94
32 93
32 92
32 92
32 91
32 90
32 89
32 88
32 88
32 87
33 86
33 85
33 84
33 84
33 83
33 82
33 81
33 80
33 79
33 79
33 78
33 77
33 76
33 75
33 75
33 74
33 73
33 72
33 72
34 71
34 70
34 70
34 69
34 69
33 69
33 69
33 69
33 69
33 70
33 71
33 72
33 72
33 73
33 74
33 75
33 75
33 76
33 77
33 78
33 79
33 79
33 80
33 81
34 82
34 83
34 84
34 84
34 85
34 86
34 87
34 88
34 88
34 89
34 90
34 91
34 91
34 92
35 93
35 94
35 94
35 95
36 96
36 97
36 97
36 98
36 99
36 99
37 98
38 97
38 96
39 95
40 94
41 93
41 92
42 91
43 90
44 89
45 88
45 87
46 86
47 85
48 84
48 83
49 82
50 81
50 81
50 80
50 79
50 78
50 77
50 76
50 75
50 74
50 74
50 74
51 74
51 74
51 73
51 73
50 73
50 73
50 72
50 72
50 71
50 71
50 70
50 70
49 69
49 68
49 68
49 67
49 67
48 66
48 66
48 66
48 66
47 66
47 66
47 67
47 68
47 68
46 69
46 70
46 70
46 71
46 72
46 73
46 73
46 74
46 75
46 76
46 77
46 78
46 78
46 79
46 80
46 81
46 82
46 83
46 83
46 84
46 85
46 86
46 87
46 87
46 88
46 89
46 90
46 90
46 91
46 92
46 92
47 93
47 93
47 93
48 93
48 93
48 92
49 91
49 90
49 90
49 89
49 88
49 88
49 87
49 86
49 85
49 85
49 84
49 83
50 82
50 81
50 80
50 80
50 79
50 78
50 77
50 76
50 75
50 75
50 74
50 73
50 72
50 71
50 70
50 69
50 69
50 68
50 67
50 66
50 65
50 64
50 63
50 62
50 62
50 61
50 60
50 59
50 58
50 57
50 56
50 55
50 54
50 53
50 53
50 52
50 51
50 50
50 49
50 48
50 47
50 46
50 45
50 44
50 44
50 43
50 42
50 41
50 40
51 39
51 38
51 37
51 36
51 35
51 35
51 34
51 33
51 32
51 31
51 31
51 30
51 30
51 30
51 31
51 32
51 32
51 33
50 34
50 35
50 35
50 36
50 37
50 38
50 39
50 40
50 41
50 42
50 43
50 43
50 44
50 45
50 46
51 47
51 48
51 49
51 50
51 51
51 51
51 52
51 53
51 54
51 55
51 56
51 57
51 58
51 59
51 60
51 60
51 61
51 62
51 63
51 64
51 65
51 66
51 67
51 68
51 68
51 69
51 70
51 71
51 72
51 73
51 74
51 75
51 75
51 76
51 77
51 78
52 79
52 80
52 81
52 82
52 82
52 83
52 84
53 85
53 86
53 87
53 87
54 86
54 85
55 84
55 83
56 82
56 81
57 80
57 79
58 78
58 77
59 76
59 75
60 74
60 73
61 72
61 71
62 70
62 70
62 69
62 68
62 67
62 66
62 66
62 65
62 65
62 64
62 64
62 64
62 64
62 65
62 65
62 66
62 67
62 67
62 68
62 69
62 70
62 71
62 71
62 72
62 73
62 74
62 75
62 76
62 76
62 77
62 78
63 79
63 80
63 81
63 82
63 82
63 83
63 84
63 85
63 86
63 86
63 87
63 88
63 89
63 89
63 90
63 90
63 91
63 91
63 91
63 90
63 89
63 89
63 88
63 87
63 86
63 86
63 85
63 84
63 83
63 82
63 82
63 81
63 80
64 79
64 78
64 77
64 77
64 76
64 75
64 74
64 73
64 72
64 72
64 71
64 70
64 69
64 68
64 67
64 67
65 66
65 65
65 65
65 64
65 63
65 63
65 62
65 62
66 62
66 62
67 63
67 63
68 63
69 64
70 64
71 64
72 65
73 65
74 65
75 65
76 66
77 66
77 66
77 65
77 64
77 63
77 62
77 61
77 61
77 61
77 61
77 62
77 62
77 63
77 63
77 64
77 65
77 66
77 66
77 67
77 68
77 69
77 70
77 70
77 71
77 72
77 73
77 74
77 74
77 75
77 76
77 77
77 78
77 79
77 79
77 80
77 81
77 82
77 83
77 84
77 84
77 85
78 86
78 87
78 88
78 88
78 89
78 90
78 91
78 92
78 92
78 93
78 94
78 94
79 95
79 96
79 96
80 96
80 96
80 95
80 95
81 94
81 94
81 93
81 92
81 92
81 91
82 90
82 89
82 89
82 88
82 87
82 86
82 85
82 85
82 84
82 83
82 82
82 81
82 81
82 80
82 79
82 78
82 77
82 76
82 76
82 75
82 74
82 73
82 72
82 71
82 71
82 70
82 69
82 68
82 67
82 66
82 66
82 65
82 64
82 64
82 63
82 63
82 63
82 64
82 64
82 65
82 66
82 67
82 67
82 68
82 69
82 70
82 71
82 72
82 72
82 73
82 74
83 75
83 76
83 77
83 77
83 78
83 79
83 80
83 81
83 82
83 82
83 83
83 84
83 85
83 86
83 86
83 87
84 88
84 89
84 90
84 90
84 91
85 92
85 93
85 93
85 92
86 91
86 90
86 89
86 88
87 87
87 86
87 85
87 84
88 83
88 82
88 81
88 80
89 79
89 78
89 77
89 76
90 75
90 74
90 73
90 72
91 71
91 70
91 69
91 68
92 67
92 66
92 65
92 64
93 63
93 62
93 62
94 61
94 61
93 61
93 61
93 60
93 60
93 60
93 61
93 62
93 62
94 63
94 64
94 64
94 65
94 66
94 67
94 67
94 68
94 69
94 70
94 71
94 72
94 72
94 73
94 74
94 75
94 76
94 77
94 77
94 78
94 79
94 80
94 81
94 82
94 82
94 83
94 84
94 85
94 86
94 86
94 87
94 88
94 89
94 89
94 90
94 91
94 91
94 91
94 91
94 90
94 90
94 89
94 88
94 88
94 87
94 86
94 85
94 84
94 84
94 83
95 82
95 81
95 81
95 80
95 79
95 78
95 77
95 77
95 76
95 75
96 74
96 73
96 72
96 72
96 71
96 70
96 70
96 69
96 68
96 68
97 68
97 68
97 69
97 69
97 70
97 71
97 71
97 72
97 73
97 73
97 74
97 75
97 76
97 77
97 77
97 78
97 79
97 80
97 81
97 81
97 82
97 83
97 84
97 85
97 85
97 86
97 87
97 88
97 89
97 89
97 90
97 91
97 92
97 92
97 93
97 94
97 94
98 95
98 96
98 96
98 97
98 97
99 97
100 97
