12 10
11 9
11 8
10 7
10 6
10 6
10 5
10 4
9 3
9 2
9 1
9 1
8 0
8 0
7 1
7 2
7 2
7 3
6 4
6 5
6 5
6 6
5 7
5 8
5 9
4 10
4 11
4 11
4 12
4 13
4 14
3 15
3 16
3 17
3 18
3 19
3 19
3 20
3 21
3 22
3 23
2 24
2 25
2 26
2 27
2 28
2 29
2 29
2 30
2 31
2 32
2 33
1 34
1 35
1 36
1 37
1 38
1 38
1 39
1 40
1 41
1 42
1 43
0 44
0 45
0 46
0 47
0 48
0 49
0 49
0 50
0 51
0 52
0 53
0 54
0 55
0 56
0 57
0 58
0 59
0 60
0 60
0 61
0 62
0 63
0 64
0 65
0 66
0 67
0 68
0 68
0 69
0 70
0 71
0 72
0 73
0 74
0 75
0 75
0 76
0 77
1 78
1 79
1 80
1 81
1 81
1 82
2 83
2 84
2 85
2 85
3 86
4 87
4 87
5 88
6 88
6 88
7 87
8 87
8 87
9 86
9 85
9 85
9 84
10 83
10 82
10 82
11 81
11 80
12 79
12 79
12 78
12 77
12 76
12 75
12 74
12 73
12 73
12 72
12 71
13 70
13 69
13 68
13 67
13 67
13 66
13 65
13 64
13 63
13 63
13 62
13 61
13 60
13 59
13 59
13 58
12 57
12 56
12 56
12 55
12 54
12 54
12 53
12 53
12 53
12 53
12 53
12 53
12 53
12 54
12 54
12 54
13 54
13 54
13 54
14 54
14 54
14 54
15 54
15 54
15 53
15 53
16 52
16 52
17 51
17 51
17 50
17 50
18 49
18 49
18 49
18 49
18 49
18 49
18 49
18 50
18 51
18 52
18 52
18 53
18 54
18 55
18 55
18 56
17 57
17 58
17 59
17 59
17 60
17 61
17 62
17 63
17 63
17 64
17 65
17 66
17 67
17 68
17 68
17 69
17 70
17 71
17 72
17 73
17 73
17 74
17 75
17 76
17 77
17 78
17 79
17 79
17 80
17 81
17 82
17 83
17 83
17 82
18 81
18 80
19 79
19 78
20 77
20 76
21 75
21 74
22 73
22 72
22 71
23 70
23 69
24 68
24 67
25 66
25 65
26 64
26 63
27 62
27 61
27 61
27 60
27 59
27 58
27 57
27 56
27 55
27 55
26 54
26 53
26 53
26 52
26 52
26 53
26 53
26 54
26 54
26 55
26 56
26 57
26 58
26 58
26 59
26 60
26 61
26 62
26 63
26 63
26 64
26 65
26 66
27 67
27 68
27 69
27 70
27 70
27 71
27 72
27 73
27 74
27 75
27 76
27 77
27 77
27 78
27 79
27 80
27 81
27 82
27 83
27 84
27 85
27 85
27 86
27 87
27 88
27 89
27 89
28 90
28 91
28 91
29 91
29 91
29 90
30 89
30 88
30 88
30 87
30 86
31 85
31 84
31 83
31 83
31 82
31 81
32 80
32 79
32 78
32 77
32 77
32 76
32 75
32 74
32 73
32 72
32 71
32 71
32 70
32 69
33 68
33 67
33 66
33 65
33 65
33 64
33 63
33 62
33 61
33 61
33 60
33 59
33 58
33 58
33 58
33 58
33 59
33 60
33 60
33 61
33 62
33 63
33 64
33 64
33 65
33 66
33 67
33 68
33 69
33 69
33 70
33 71
33 72
33 73
33 74
33 74
33 75
33 76
34 77
34 78
34 79
34 80
34 80
34 81
34 82
34 83
34 84
34 85
34 85
34 86
35 87
35 88
35 88
35 89
35 89
36 89
37 89
37 89
38 88
38 87
39 86
39 85
40 84
40 83
41 82
41 81
42 80
42 79
43 78
43 77
44 76
44 75
45 74
45 73
46 72
46 71
47 70
47 69
48 68
48 67
49 66
49 65
50 64
50 64
50 63
50 62
50 61
50 60
50 60
50 59
50 58
50 58
50 57
50 56
50 55
50 55
49 55
49 55
48 56
48 56
47 57
47 58
47 58
47 59
47 60
46 61
46 62
46 63
46 63
46 64
46 65
46 66
46 67
46 68
46 68
46 69
46 70
45 71
45 72
45 73
45 74
45 74
45 75
45 76
45 77
45 78
45 79
45 80
45 81
45 81
45 82
45 83
45 84
45 85
45 85
45 86
45 86
46 87
46 87
46 86
46 86
46 85
47 84
47 83
47 83
47 82
48 81
48 80
48 80
48 79
48 78
49 77
49 76
49 75
49 74
49 74
49 73
49 72
50 71
50 70
50 69
50 68
50 68
50 67
50 66
50 65
51 64
51 63
51 62
51 61
51 61
51 60
51 59
51 58
51 57
51 56
51 55
51 54
51 53
51 52
51 52
51 51
51 50
51 49
51 48
52 47
52 46
52 45
52 44
52 43
52 43
52 42
52 41
52 40
52 39
52 38
52 37
52 36
52 35
52 34
52 33
52 32
52 32
52 31
52 30
52 29
52 28
52 27
52 26
52 25
52 24
52 24
52 23
52 22
52 21
52 20
52 19
52 18
52 17
52 17
52 16
52 15
52 14
52 13
52 12
52 12
52 11
52 11
52 12
52 12
52 13
52 14
52 15
52 15
52 16
52 17
51 18
51 19
51 20
51 20
51 21
51 22
51 23
51 24
51 25
51 26
51 27
51 27
51 28
51 29
51 30
51 31
51 32
51 33
51 34
51 35
51 35
51 36
51 37
51 38
50 39
50 40
50 41
50 42
50 43
50 43
50 44
50 45
50 46
50 47
50 48
50 49
50 50
50 51
50 52
50 53
50 53
50 54
50 55
50 56
50 57
50 58
50 59
50 60
50 61
50 62
50 63
50 64
50 64
50 65
50 66
50 67
50 68
50 69
50 70
50 71
50 72
50 73
50 74
50 75
50 75
50 76
50 77
50 78
50 79
50 80
50 81
50 82
50 83
50 84
50 84
50 85
50 86
50 87
51 88
51 89
51 90
51 91
51 91
51 92
51 93
51 94
51 95
51 96
51 96
52 97
52 98
52 98
53 98
53 98
54 97
55 96
55 96
55 95
56 94
56 93
56 93
56 92
56 91
57 90
57 89
57 88
57 87
57 86
57 85
58 84
58 83
58 82
58 81
58 80
58 79
59 78
59 77
59 76
59 75
59 74
59 73
60 72
60 71
60 70
60 69
60 68
60 67
61 66
61 65
61 64
61 63
61 62
61 61
62 60
62 59
62 58
62 58
62 58
61 57
61 56
61 56
62 57
62 57
62 58
62 59
62 60
62 60
62 61
62 62
62 63
62 64
62 64
62 65
62 66
62 67
62 68
62 69
62 70
62 71
62 71
62 72
62 73
61 74
61 75
61 76
61 77
61 77
61 78
61 79
61 80
61 81
61 82
61 82
61 83
61 84
61 85
61 85
61 86
61 86
61 85
61 85
61 85
61 84
61 83
61 82
61 82
61 81
61 80
61 79
61 79
61 78
61 77
62 76
62 75
62 74
62 74
62 73
62 72
62 71
62 70
62 69
62 68
62 68
62 67
62 66
63 65
63 64
63 63
63 62
63 62
63 61
64 60
64 59
64 58
64 58
64 57
65 56
65 55
65 54
65 54
65 53
65 52
66 51
66 50
66 49
66 49
67 48
67 47
67 47
68 47
68 47
68 47
69 48
69 48
69 48
70 49
70 50
71 51
71 52
72 53
73 54
73 55
74 56
74 57
75 58
75 58
75 57
75 56
75 56
75 55
75 55
74 56
74 56
74 57
74 58
74 58
74 59
74 60
74 61
74 61
74 62
74 63
74 64
74 65
74 66
74 66
74 67
74 68
74 69
74 70
74 71
74 72
74 73
74 73
74 74
74 75
74 76
74 77
74 78
74 79
74 79
74 80
74 81
74 82
74 83
74 84
74 85
74 85
74 86
74 87
74 88
74 88
75 89
75 90
75 90
76 89
76 89
76 88
77 87
77 86
77 85
77 85
77 84
77 83
78 82
78 81
78 80
78 79
78 79
78 78
78 77
79 76
79 75
79 74
79 73
79 73
79 72
79 71
80 70
80 69
80 68
80 67
80 67
80 66
80 65
80 64
80 63
80 63
80 62
80 61
80 60
80 60
80 59
80 59
80 60
80 60
80 61
80 62
80 63
80 64
80 64
80 65
80 66
79 67
79 68
79 69
79 70
79 70
79 71
79 72
79 73
79 74
79 75
79 76
79 76
79 77
79 78
79 79
79 80
79 81
79 81
79 82
79 83
79 84
79 85
79 85
79 86
79 87
79 88
79 89
79 90
79 90
79 91
80 92
80 93
80 93
81 94
81 95
81 95
82 96
82 96
82 95
83 94
83 93
83 92
84 91
84 90
84 89
84 88
85 87
85 86
85 85
86 84
86 83
86 82
87 81
87 80
87 79
87 78
88 77
88 76
88 76
88 75
87 74
87 73
87 73
87 72
87 71
87 71
87 70
87 69
87 68
87 68
87 67
87 66
87 65
87 65
87 64
88 63
88 62
88 62
88 61
88 60
88 59
88 59
88 58
89 57
89 56
89 56
90 55
90 54
90 54
90 53
90 52
90 52
91 52
91 52
91 52
92 53
92 54
92 54
92 55
92 56
92 57
92 58
92 58
92 59
92 60
92 61
92 62
92 62
92 63
92 64
91 65
91 66
91 67
91 68
91 68
91 69
91 70
91 71
91 72
91 73
91 74
91 75
91 75
91 76
91 77
91 78
91 79
91 80
91 81
91 81
91 82
91 83
91 84
91 85
91 86
91 87
91 88
91 88
91 89
91 90
90 91
90 92
90 93
90 94
90 94
90 95
90 96
90 97
90 98
90 98
90 99
90 100
90 100
90 100
91 99
91 98
91 98
91 97
91 96
91 95
91 94
91 94
91 93
91 92
92 91
92 90
92 89
92 88
92 88
92 87
92 86
92 85
92 84
92 83
92 82
92 82
92 81
92 80
93 79
93 78
93 77
93 76
93 76
93 75
93 74
93 73
93 72
93 71
93 70
93 69
93 69
93 68
93 67
94 66
94 65
94 64
94 64
94 63
95 62
95 61
95 60
95 60
95 59
95 58
95 58
96 58
96 58
96 59
96 59
96 60
96 61
96 61
96 62
97 63
97 64
97 65
97 65
97 66
97 67
97 68
97 69
97 70
97 70
97 71
97 72
97 73
97 74
97 75
97 75
97 76
97 77
97 78
97 79
97 80
97 81
97 81
97 82
97 83
97 84
97 85
97 86
97 87
97 87
97 88
97 89
98 90
98 91
98 92
98 92
98 93
98 94
98 95
98 96
98 97
98 97
99 97
100 97
