9 12
9 11
10 10
10 9
10 9
10 8
10 8
11 8
11 8
11 7
11 7
11 6
11 6
11 6
11 5
11 5
11 4
11 4
11 3
11 3
10 3
10 3
10 2
10 2
10 1
10 1
10 1
9 0
9 0
9 0
8 1
8 1
8 2
8 2
7 3
7 4
7 4
7 5
6 6
6 7
6 7
6 8
5 9
5 10
5 10
5 11
4 12
4 13
4 14
4 14
4 15
4 16
3 17
3 18
3 19
3 19
3 20
3 21
2 22
2 23
2 24
2 24
2 25
2 26
1 27
1 28
1 29
1 30
1 30
1 31
1 32
1 33
1 34
1 35
1 36
1 36
1 37
1 38
1 39
0 40
0 41
0 42
0 43
0 43
0 44
0 45
0 46
0 47
0 48
0 49
0 50
0 50
0 51
0 52
0 53
0 54
0 55
0 56
0 57
0 57
0 58
0 59
0 60
0 61
0 62
0 63
0 64
0 65
0 65
0 66
0 67
0 68
0 69
0 70
0 71
0 72
0 73
0 73
0 74
0 75
0 76
0 77
0 78
0 79
0 79
0 80
0 81
0 82
0 83
0 84
0 85
0 85
0 86
1 87
1 88
1 89
1 89
1 90
2 91
2 92
2 93
2 93
2 94
3 95
3 96
3 96
4 97
4 98
4 98
5 99
5 99
6 100
6 100
7 99
7 99
8 98
9 98
9 98
10 97
10 96
10 96
11 95
11 94
11 94
11 93
12 92
12 91
12 91
13 90
13 89
13 89
13 88
14 87
14 86
14 86
15 85
15 84
15 84
16 83
16 82
16 82
16 81
16 80
16 79
16 79
17 78
17 77
17 77
17 76
17 76
17 75
17 74
17 74
17 73
17 73
17 72
17 71
17 71
16 70
16 70
16 70
15 69
15 69
14 69
14 69
14 70
14 70
13 71
13 71
12 71
12 71
11 72
11 72
11 73
11 73
10 73
10 73
10 74
10 74
10 74
10 74
10 74
10 74
11 73
11 73
11 72
11 72
12 71
12 71
12 70
12 70
13 69
13 69
14 68
14 68
15 67
15 67
15 66
15 66
16 66
16 66
16 67
16 67
17 68
17 68
17 69
17 70
17 70
17 71
17 72
17 73
17 73
17 74
17 75
17 76
17 76
17 77
18 78
18 79
18 80
18 80
18 81
18 82
18 83
18 84
18 85
18 85
18 86
18 87
18 88
18 89
18 89
18 90
18 91
18 92
18 93
18 93
18 94
18 95
18 96
18 96
18 97
18 98
18 99
18 99
18 100
18 100
18 100
18 100
18 100
18 99
19 98
19 97
19 96
20 95
20 94
20 93
21 92
21 91
21 90
21 89
22 88
22 87
22 86
23 85
23 84
23 83
24 82
24 81
24 80
25 79
25 78
25 77
26 76
26 75
26 74
26 73
27 72
27 71
27 70
28 69
28 68
28 68
28 68
28 67
28 67
28 67
28 67
28 67
28 67
28 67
28 68
28 68
27 68
27 68
27 69
27 70
27 70
27 71
27 71
27 72
27 73
27 74
27 74
27 75
27 76
27 77
27 77
27 78
27 79
27 80
27 81
27 81
27 82
27 83
27 84
27 84
27 85
28 86
28 87
28 87
28 88
28 89
28 90
28 90
28 91
28 92
28 93
28 93
29 94
29 95
29 95
29 96
29 96
30 97
30 97
30 97
31 96
31 96
31 95
31 94
31 94
31 93
32 92
32 91
32 91
32 90
33 89
33 88
33 88
33 87
33 86
33 85
33 84
33 84
33 83
33 82
33 81
33 80
33 80
33 79
34 78
34 77
34 76
34 76
34 75
34 74
34 73
34 72
34 71
34 71
34 70
34 69
34 68
34 68
34 67
34 67
34 66
34 66
34 66
34 66
34 67
34 67
34 68
34 68
34 69
34 70
34 71
34 71
34 72
34 73
34 74
34 75
34 75
34 76
34 77
34 78
34 79
34 79
34 80
35 81
35 82
35 83
35 83
35 84
35 85
35 86
35 87
35 87
35 88
35 89
35 90
35 90
35 91
35 92
35 93
35 93
35 94
35 94
36 95
36 95
37 94
37 93
38 92
39 91
39 90
40 89
41 88
41 87
42 86
43 85
43 84
44 83
45 82
45 81
46 80
47 79
47 78
48 77
49 76
49 75
50 74
50 74
50 74
50 73
50 73
50 72
50 72
49 72
49 72
49 71
49 71
49 71
49 70
49 70
49 69
49 68
49 68
49 68
48 67
48 67
48 67
48 68
48 68
47 69
47 69
47 70
47 71
47 71
47 72
47 73
47 74
47 74
47 75
47 76
47 77
47 78
47 78
47 79
47 80
47 81
47 82
47 82
47 83
47 84
47 85
47 85
47 86
47 87
47 88
47 88
47 89
47 90
47 90
48 91
48 92
48 92
48 92
49 92
49 92
49 91
49 90
49 90
49 89
49 88
49 87
49 87
49 86
50 85
50 84
50 83
50 83
50 82
50 81
50 80
50 79
50 79
50 78
50 77
50 76
50 75
50 74
50 73
50 73
50 72
50 71
50 70
51 69
51 68
51 67
51 66
51 66
51 65
51 64
51 63
51 62
51 61
51 60
51 59
51 59
51 58
51 57
51 56
51 55
51 54
51 53
51 52
51 51
51 51
51 50
51 49
51 48
51 47
51 46
51 45
51 44
51 43
51 43
51 42
51 41
52 40
52 39
52 38
52 37
52 37
52 36
52 35
52 34
52 33
52 32
52 31
52 31
52 30
52 29
52 28
52 28
52 27
52 26
52 26
51 25
51 25
51 24
51 24
51 24
51 24
51 25
51 25
50 26
50 27
50 27
50 28
50 29
50 30
50 30
50 31
50 32
51 33
51 34
51 35
51 35
51 36
51 37
51 38
51 39
51 40
51 40
51 41
51 42
51 43
51 44
51 45
51 46
51 46
51 47
51 48
51 49
51 50
51 51
51 52
51 53
51 53
51 54
51 55
51 56
52 57
52 58
52 59
52 60
52 61
52 61
52 62
52 63
52 64
52 65
52 66
52 67
52 68
52 69
52 69
52 70
52 71
52 72
52 73
52 74
52 75
52 76
52 76
52 77
52 78
53 79
53 80
53 81
53 81
53 82
53 83
53 84
53 85
53 86
53 86
53 87
54 88
54 89
54 90
54 90
54 91
54 92
54 93
54 93
54 94
54 95
54 96
54 96
54 97
54 97
54 98
54 98
54 98
54 97
54 97
54 96
54 95
54 94
54 94
54 93
55 92
55 91
55 90
55 89
56 88
56 87
56 86
57 85
57 84
57 83
58 82
58 81
58 80
58 79
59 78
59 77
59 76
60 75
60 74
60 73
61 72
61 71
61 70
61 69
62 68
62 67
62 67
62 67
62 67
62 66
62 66
62 66
62 66
62 66
62 66
62 66
62 66
62 66
62 66
62 66
62 66
62 66
62 66
62 66
62 66
62 66
62 66
62 66
62 67
62 67
62 68
62 69
62 69
62 70
62 70
62 71
62 72
62 72
62 73
62 74
62 75
62 76
62 76
62 77
63 78
63 79
63 79
63 80
63 81
63 82
63 83
63 83
63 84
63 85
63 86
63 86
63 87
63 88
63 89
63 89
63 90
63 91
63 92
63 92
63 93
63 93
63 94
63 94
63 94
63 94
63 93
63 93
63 92
63 91
63 91
63 90
63 89
63 89
63 88
63 87
63 86
63 85
63 85
63 84
64 83
64 82
64 81
64 81
64 80
64 79
64 78
64 78
64 77
64 76
64 75
64 75
64 74
65 73
65 72
65 72
65 71
65 70
65 70
66 69
66 69
66 68
66 68
67 67
67 67
67 67
68 67
68 67
69 67
69 67
69 67
70 67
70 67
70 67
71 68
72 68
73 69
74 70
75 71
76 71
77 72
77 72
77 71
77 71
77 71
77 71
77 71
77 72
77 72
77 72
77 72
77 72
77 73
77 73
77 74
77 74
77 75
77 76
77 76
77 77
77 78
77 79
77 79
77 80
77 81
77 81
77 82
77 83
77 84
77 84
77 85
77 86
77 87
77 87
77 88
77 89
77 90
77 90
77 91
77 92
77 93
77 93
77 94
77 95
77 95
77 96
77 96
78 96
78 96
78 97
78 97
79 96
79 96
79 96
80 95
80 95
80 94
80 93
80 93
81 92
81 91
81 91
81 90
81 89
81 89
81 88
81 87
81 86
81 86
81 85
81 84
81 83
81 83
81 82
81 81
81 80
81 80
81 79
82 78
82 77
82 76
82 76
82 75
82 74
82 73
82 73
82 72
82 72
82 71
82 71
82 70
82 70
82 70
82 71
82 71
82 72
82 72
82 73
82 73
82 74
82 75
82 76
82 76
82 77
82 78
82 79
82 79
82 80
82 81
82 82
82 83
82 83
82 84
82 85
82 86
82 87
82 87
82 88
82 89
82 90
82 90
82 91
82 92
82 93
82 93
82 94
83 95
83 96
83 96
83 97
83 97
83 98
83 98
84 98
84 98
84 97
84 97
84 96
85 95
85 94
86 93
86 92
87 91
87 90
87 89
88 88
88 87
89 86
89 85
89 84
90 83
90 82
91 81
91 80
92 79
92 78
92 78
92 77
92 76
92 76
92 75
92 75
91 75
91 75
91 74
91 74
91 74
91 73
91 73
91 73
91 73
91 74
91 75
91 75
91 76
91 76
91 77
91 78
91 79
91 79
91 80
91 81
91 82
91 82
91 83
91 84
91 85
91 85
91 86
91 87
91 88
91 88
91 89
91 90
91 91
91 92
91 92
91 93
91 94
91 95
91 95
91 96
91 97
91 97
91 98
91 99
91 99
91 100
91 100
91 100
91 100
92 99
92 99
92 98
92 97
92 97
92 96
92 95
92 94
92 94
92 93
92 92
92 91
92 91
92 90
92 89
92 88
92 88
92 87
93 86
93 85
93 85
93 84
93 83
93 83
93 82
93 82
94 81
94 81
94 80
94 80
95 79
95 79
95 79
95 78
95 78
96 78
96 78
96 79
96 79
96 80
96 80
96 81
96 81
97 82
97 83
97 83
97 84
97 85
97 85
97 86
97 87
97 87
97 88
97 88
98 89
98 90
98 90
98 91
98 92
98 92
98 93
98 94
98 94
98 95
98 96
98 96
99 96
99 96
99 96
99 95
99 95
100 94
100 93
