10 9
10 9
10 9
10 8
10 7
10 6
10 6
10 5
10 5
10 4
10 4
10 3
10 2
10 2
9 1
9 1
9 0
9 0
8 1
8 1
8 2
8 2
7 3
7 4
7 4
6 5
6 6
6 6
6 7
5 8
5 9
5 9
5 10
4 11
4 12
4 13
4 13
4 14
4 15
3 16
3 17
3 18
3 18
3 19
3 20
2 21
2 22
2 23
2 24
2 24
2 25
2 26
2 27
2 28
2 29
2 30
2 31
2 31
2 32
2 33
2 34
2 35
1 36
1 37
1 38
1 39
1 40
1 40
1 41
1 42
1 43
1 44
0 45
0 46
0 47
0 48
0 49
0 50
0 50
0 51
0 52
0 53
0 54
0 55
0 56
0 57
0 58
0 59
0 59
0 60
0 61
0 62
0 63
0 64
0 65
0 66
0 67
0 68
0 69
0 69
0 70
0 71
0 72
0 73
0 74
0 75
0 76
0 77
0 77
0 78
0 79
0 80
0 81
0 82
0 83
0 83
0 84
0 85
1 86
1 87
1 88
1 89
1 89
1 90
2 91
2 92
2 92
3 93
4 94
4 94
5 95
5 95
6 94
7 94
7 94
8 93
8 93
9 92
9 91
9 91
10 90
10 89
10 89
10 88
11 87
11 86
11 86
11 85
11 84
11 83
11 83
11 82
12 81
12 80
12 79
12 79
12 78
11 77
11 76
11 75
11 75
11 74
11 73
11 72
11 71
11 71
11 70
11 69
11 68
11 68
11 67
10 66
10 65
10 65
10 64
10 63
10 63
10 62
10 62
9 61
9 61
9 61
9 61
9 61
10 62
10 62
10 63
10 64
10 64
11 65
11 65
12 66
12 67
12 67
13 68
13 68
13 68
14 68
14 68
15 67
15 67
15 67
15 66
15 66
15 65
15 65
15 65
15 64
15 64
15 64
15 64
15 65
15 66
15 66
15 67
15 68
15 68
15 69
15 70
15 71
15 72
15 72
15 73
14 74
14 75
14 76
14 76
14 77
14 78
14 79
14 80
14 80
14 81
14 82
14 83
14 84
14 84
14 85
14 86
14 87
14 88
14 88
14 89
14 90
14 91
14 91
14 92
14 93
14 93
15 94
15 94
15 93
16 92
16 91
16 90
16 89
17 88
17 87
17 86
18 85
18 84
18 83
18 82
19 81
19 80
19 79
20 78
20 77
20 76
21 75
21 74
21 73
21 72
22 71
22 70
22 69
23 68
23 67
23 66
23 65
24 64
24 63
24 63
24 63
24 63
24 62
24 61
24 61
24 62
24 62
24 63
24 63
24 64
24 65
24 66
24 66
24 67
24 68
24 69
24 70
24 70
24 71
24 72
24 73
24 74
24 74
24 75
24 76
25 77
25 78
25 79
25 79
25 80
25 81
25 82
25 83
25 84
25 84
25 85
25 86
25 87
25 88
25 89
25 89
25 90
26 91
26 92
26 93
26 93
26 94
26 95
26 96
26 96
26 97
26 98
26 98
27 99
27 100
27 100
28 100
28 100
28 99
28 99
29 98
29 97
29 97
29 96
29 95
29 95
29 94
30 93
30 92
30 91
30 91
30 90
30 89
30 88
30 88
30 87
31 86
31 85
31 84
31 84
31 83
31 82
31 81
31 80
31 79
31 79
31 78
31 77
31 76
31 75
31 74
31 74
31 73
31 72
31 71
31 70
31 70
31 69
31 68
31 68
31 67
31 67
31 67
31 67
31 68
30 69
30 70
30 70
30 71
30 72
30 73
30 73
30 74
30 75
30 76
30 77
30 78
30 78
30 79
31 80
31 81
31 82
31 82
31 83
31 84
31 85
31 86
31 87
31 87
31 88
31 89
31 90
31 91
31 91
31 92
32 93
32 94
32 94
32 95
33 96
33 97
33 97
34 98
34 98
35 97
35 96
36 95
36 94
37 93
38 92
38 91
39 90
39 89
40 88
41 87
41 86
42 85
42 84
43 83
44 82
44 81
45 80
45 79
46 78
46 78
46 79
46 80
46 81
46 81
46 80
46 79
46 78
46 77
46 76
46 76
46 75
46 75
46 75
46 74
46 74
46 73
46 73
46 72
46 71
46 71
46 70
46 70
45 69
45 69
45 68
45 68
44 68
44 68
44 68
43 69
43 69
43 70
43 71
43 71
43 72
43 73
43 74
43 74
43 75
42 76
42 77
42 78
42 78
42 79
42 80
42 81
42 82
42 82
42 83
42 84
42 85
42 86
42 86
42 87
43 88
43 89
43 90
43 90
43 91
43 92
43 92
44 93
44 94
44 94
44 95
44 95
45 94
45 94
46 93
46 92
46 92
46 91
46 90
46 90
46 89
47 88
47 87
47 87
47 86
47 85
47 84
47 83
47 83
47 82
47 81
47 80
47 79
47 78
47 78
47 77
47 76
47 75
47 74
47 73
47 72
47 72
47 71
47 70
47 69
47 68
47 67
47 66
47 65
47 65
47 64
47 63
47 62
47 61
47 60
47 59
47 58
47 58
47 57
47 56
47 55
47 54
47 53
47 52
47 51
47 50
47 49
47 49
47 48
47 47
47 46
47 45
47 44
47 43
47 42
47 41
47 40
47 39
47 39
47 38
47 37
47 36
47 35
47 34
47 33
47 33
47 32
47 31
47 30
47 29
47 29
47 28
47 28
47 28
47 28
47 29
47 29
47 30
47 31
47 32
47 33
47 33
47 34
47 35
47 36
47 37
47 38
47 39
47 39
47 40
47 41
47 42
48 43
48 44
48 45
48 46
48 47
48 47
48 48
48 49
48 50
48 51
48 52
48 53
48 54
48 55
48 56
48 56
48 57
48 58
48 59
49 60
49 61
49 62
49 63
49 64
49 64
49 65
49 66
49 67
49 68
49 69
49 70
49 71
49 71
49 72
49 73
49 74
49 75
49 76
49 77
49 78
49 78
49 79
49 80
50 81
50 82
50 83
50 84
50 84
50 85
50 86
50 87
50 88
50 89
50 89
50 88
51 87
51 86
51 85
52 84
52 83
52 82
53 81
53 80
53 79
54 78
54 77
54 76
55 75
55 74
55 73
56 72
56 71
56 70
57 69
57 68
57 68
57 67
57 66
57 66
57 65
57 65
57 65
57 65
57 65
57 65
57 66
57 66
58 67
58 68
58 68
58 69
58 70
58 71
58 71
58 72
58 73
58 74
58 75
58 76
58 76
58 77
58 78
58 79
58 80
58 81
58 81
58 82
58 83
58 84
58 85
58 86
58 86
58 87
58 88
58 89
58 89
58 90
58 91
58 92
58 92
58 93
58 94
58 94
58 94
58 94
58 93
58 93
58 92
58 92
58 91
59 90
59 89
59 89
59 88
59 87
59 86
59 85
59 85
59 84
59 83
59 82
59 81
59 81
59 80
59 79
59 78
59 77
59 76
59 76
59 75
59 74
59 73
59 72
59 72
59 71
60 70
60 69
60 69
60 68
60 67
60 67
61 66
61 65
61 65
61 64
61 64
62 64
62 64
63 64
63 64
64 64
65 64
66 63
67 63
68 63
69 63
70 62
71 62
72 62
72 62
72 61
72 60
72 60
72 60
72 60
72 61
72 61
72 62
72 63
72 63
72 64
72 65
72 65
72 66
72 67
72 68
72 68
72 69
72 70
72 71
72 71
72 72
73 73
73 74
73 75
73 75
73 76
73 77
73 78
73 79
73 79
73 80
73 81
73 82
73 83
73 83
73 84
73 85
73 86
73 86
73 87
74 88
74 89
74 89
74 90
74 91
74 91
74 92
74 92
75 92
75 92
75 92
76 91
76 90
76 90
77 89
77 88
77 88
77 87
77 86
77 85
77 85
77 84
77 83
77 82
77 82
77 81
78 80
78 79
78 79
78 78
78 77
78 76
78 75
78 74
78 74
78 73
77 72
77 71
77 70
77 70
77 69
77 68
77 67
77 67
77 66
77 65
77 65
77 65
77 65
77 66
77 67
77 67
77 68
77 69
77 70
77 70
77 71
77 72
77 73
77 74
77 74
77 75
77 76
77 77
77 78
77 78
77 79
77 80
77 81
77 82
77 83
77 83
77 84
78 85
78 86
78 87
78 87
78 88
78 89
78 90
78 90
79 91
79 92
79 92
80 93
80 94
80 94
81 95
81 95
82 95
82 95
82 94
83 93
83 92
83 91
83 90
84 89
84 88
84 87
84 86
85 85
85 84
85 83
85 82
86 81
86 80
86 79
86 78
87 77
87 76
87 75
87 74
88 73
88 72
88 71
88 70
89 69
89 68
89 67
89 66
90 65
90 64
90 64
90 63
90 62
90 61
90 61
89 60
89 60
89 60
89 60
89 60
89 60
89 61
89 62
89 62
89 63
90 64
90 65
90 65
90 66
90 67
90 68
90 69
90 69
90 70
90 71
90 72
90 73
90 74
90 74
90 75
90 76
90 77
90 78
90 79
90 79
90 80
90 81
91 82
91 83
91 84
91 84
91 85
91 86
91 87
91 87
91 88
91 89
91 90
91 90
91 91
91 91
91 91
91 91
91 91
91 90
91 89
91 89
91 88
91 87
91 86
91 86
91 85
91 84
91 83
91 83
91 82
91 81
91 80
91 79
91 78
91 78
91 77
91 76
91 75
91 74
91 73
91 73
91 72
91 71
91 70
91 69
91 69
91 68
92 67
92 66
92 65
92 65
93 64
93 63
93 63
93 62
93 61
93 61
94 60
94 60
94 60
95 61
95 61
95 62
95 63
95 63
95 64
96 65
96 66
96 66
96 67
96 68
96 69
96 69
96 70
96 71
96 72
96 73
96 73
96 74
96 75
96 76
96 77
96 77
96 78
95 79
95 80
95 80
95 81
95 82
95 83
95 83
95 84
95 85
95 86
95 86
95 87
95 88
95 88
96 89
96 89
96 90
96 90
97 90
98 90
98 90
99 90
100 90
