14 8
14 8
14 8
14 8
14 8
14 7
14 6
14 6
14 6
14 6
14 5
14 5
13 4
13 4
13 4
13 3
13 3
13 2
13 2
12 1
12 1
11 1
11 1
11 0
11 0
10 0
10 0
9 1
9 1
8 2
8 3
8 3
7 4
7 5
7 5
7 6
6 7
6 8
6 9
6 9
6 10
5 11
5 12
5 12
5 13
5 14
4 15
4 16
4 17
4 17
4 18
4 19
3 20
3 21
3 22
3 23
3 23
3 24
3 25
2 26
2 27
2 28
2 29
2 29
2 30
2 31
1 32
1 33
1 34
1 35
1 35
1 36
1 37
0 38
0 39
0 40
0 41
0 41
0 42
0 43
0 44
0 45
0 46
0 47
0 47
0 48
0 49
0 50
0 51
0 52
0 53
0 53
0 54
0 55
0 56
0 57
0 58
0 59
0 60
0 61
0 61
0 62
0 63
0 64
0 65
0 66
0 67
0 68
0 68
0 69
0 70
0 71
0 72
0 73
0 74
0 74
0 75
0 76
1 77
1 78
1 79
1 80
1 80
1 81
1 82
2 83
2 84
2 85
2 85
2 86
2 87
3 88
3 89
3 90
3 90
4 91
4 92
5 93
5 93
6 94
6 95
6 95
7 96
8 96
8 96
9 96
9 96
10 95
11 95
11 95
12 94
12 94
13 93
14 92
14 92
15 91
15 90
15 90
15 89
16 88
16 87
16 87
16 86
17 85
17 84
17 84
17 83
18 82
18 81
18 81
18 80
18 79
18 79
19 78
19 77
19 77
19 76
19 75
19 75
19 74
19 74
19 73
19 72
19 72
18 71
18 70
18 70
18 69
18 69
17 68
17 68
16 67
16 67
15 67
15 67
15 67
14 68
14 68
13 68
13 68
12 69
12 69
12 69
11 69
11 69
11 70
11 70
11 70
11 70
11 70
11 70
11 70
12 69
12 69
13 68
13 68
14 67
14 67
15 66
15 65
15 65
16 64
16 63
16 63
17 62
17 61
17 61
18 60
18 60
19 59
19 59
20 58
20 58
21 58
21 58
21 58
21 58
22 59
22 59
22 60
22 61
22 61
22 62
22 63
22 63
22 64
22 65
22 66
22 66
22 67
22 68
22 69
22 70
22 70
22 71
22 72
22 73
22 74
22 74
22 75
22 76
22 77
22 78
22 79
22 79
22 80
22 81
22 82
22 83
22 84
22 85
22 85
22 86
22 87
22 88
22 89
22 90
22 90
22 91
22 92
22 93
22 94
22 94
22 95
22 96
22 97
22 98
22 98
22 99
22 99
22 100
22 100
22 100
22 100
22 99
22 99
22 98
23 97
23 96
23 95
24 94
24 93
24 92
25 91
25 90
26 89
26 88
26 87
27 86
27 85
27 84
28 83
28 82
28 81
29 80
29 79
29 78
30 77
30 76
31 75
31 74
31 73
32 72
32 71
32 70
33 69
33 68
33 68
33 68
33 67
33 67
33 67
33 66
33 66
33 66
33 66
33 66
33 66
33 66
33 66
33 67
33 67
33 67
33 67
32 67
32 67
32 68
32 68
32 69
32 69
32 69
32 70
32 71
32 71
32 72
32 73
32 74
32 74
32 75
32 76
32 77
32 77
32 78
32 79
32 80
32 80
32 81
33 82
33 83
33 84
33 84
33 85
33 86
33 87
33 87
33 88
33 89
33 90
33 90
34 91
34 92
34 92
34 93
34 94
34 94
34 95
34 95
35 95
35 95
35 95
36 94
36 94
37 93
37 92
37 92
37 91
37 90
37 89
37 89
37 88
37 87
37 86
37 86
38 85
38 84
38 84
38 83
38 82
38 81
38 80
38 80
38 79
38 78
38 77
38 76
38 76
38 75
38 74
38 73
38 73
38 72
39 71
39 70
39 69
39 69
39 68
39 67
39 67
39 66
39 65
39 65
39 64
39 64
39 64
39 64
39 64
39 64
39 65
39 66
39 66
39 67
39 68
39 68
39 69
39 70
39 71
39 72
39 72
39 73
39 74
39 75
39 75
39 76
39 77
39 78
39 79
39 79
39 80
40 81
40 82
40 83
40 83
40 84
40 85
40 86
40 86
40 87
40 88
40 89
40 89
40 90
40 91
40 91
40 92
40 93
40 93
41 94
41 94
41 95
41 95
41 95
42 94
42 93
43 92
43 91
44 90
44 89
45 88
46 87
46 86
47 85
47 84
48 83
48 82
49 81
50 80
50 79
51 78
51 77
52 76
52 75
53 74
53 74
53 73
53 73
53 72
53 72
53 71
53 71
53 70
53 70
53 69
53 69
53 68
53 68
53 67
53 67
52 66
52 66
52 65
52 64
52 64
52 63
52 63
51 62
51 62
51 62
51 62
50 62
50 62
50 63
50 64
50 64
50 65
50 66
50 66
50 67
49 68
49 69
49 69
49 70
49 71
49 72
49 73
49 73
49 74
49 75
49 76
49 77
49 78
49 78
49 79
49 80
49 81
49 82
49 83
49 83
49 84
49 85
49 86
49 87
49 87
49 88
49 89
49 90
49 90
49 91
49 91
50 92
50 92
50 91
50 91
51 90
51 89
51 89
51 88
51 87
51 86
51 86
51 85
51 84
52 83
52 82
52 81
52 81
52 80
52 79
52 78
52 77
52 76
52 76
52 75
52 74
52 73
52 72
52 71
52 70
52 70
52 69
52 68
52 67
53 66
53 65
53 64
53 63
53 63
53 62
53 61
53 60
53 59
53 58
53 57
53 56
53 56
53 55
53 54
54 53
54 52
54 51
54 50
54 50
54 49
54 48
54 47
54 46
54 45
54 44
54 44
54 43
54 42
54 41
54 40
54 39
54 39
54 38
54 37
54 36
54 35
54 34
54 34
54 33
54 32
54 31
54 31
54 30
54 29
54 29
54 28
54 27
54 27
53 26
53 26
53 26
53 26
53 26
53 27
53 28
53 28
53 29
53 30
53 31
53 32
53 32
53 33
53 34
53 35
53 36
53 36
53 37
53 38
53 39
53 40
53 41
53 41
53 42
53 43
53 44
53 45
53 46
53 47
53 47
53 48
53 49
53 50
53 51
53 52
53 53
53 53
53 54
53 55
53 56
54 57
54 58
54 59
54 60
54 60
54 61
54 62
54 63
54 64
54 65
54 66
54 67
54 68
54 68
54 69
54 70
54 71
54 72
54 73
54 74
54 74
54 75
54 76
55 77
55 78
55 79
55 79
55 80
55 81
55 82
55 83
55 84
55 84
55 85
56 86
56 87
56 88
56 88
56 89
56 90
56 90
56 91
56 92
56 92
57 93
57 94
57 94
57 95
57 95
57 96
57 96
58 97
58 97
58 96
58 96
58 95
58 95
58 94
58 93
59 92
59 91
59 90
59 89
60 88
60 87
60 86
60 85
60 84
61 83
61 82
61 81
61 80
61 79
62 78
62 77
62 76
62 75
63 74
63 73
63 72
63 71
63 70
64 69
64 68
64 67
64 67
64 66
65 65
65 64
65 64
65 63
65 63
65 62
65 62
65 61
65 61
65 60
65 60
65 60
65 60
65 60
65 60
65 60
65 60
65 60
65 60
65 60
65 59
65 59
65 58
65 58
65 58
65 58
65 58
65 58
65 58
65 58
65 58
65 58
65 58
65 58
65 58
64 58
64 58
64 58
64 59
64 59
64 59
64 60
64 60
64 61
64 61
64 62
64 63
64 64
64 64
64 65
64 66
64 67
64 67
64 68
64 69
64 70
64 70
64 71
64 72
64 73
64 74
64 74
64 75
65 76
65 77
65 78
65 78
65 79
65 80
65 81
65 82
65 82
65 83
65 84
65 85
65 86
65 86
65 87
65 88
65 89
65 89
66 90
66 91
66 91
66 92
66 93
66 93
66 93
66 93
66 93
66 92
66 91
66 91
66 90
66 89
66 88
66 88
66 87
66 86
66 85
66 84
66 84
66 83
66 82
66 81
66 80
66 79
66 79
66 78
66 77
66 76
66 75
66 74
66 73
66 73
66 72
66 71
66 70
66 69
66 69
66 68
67 67
67 66
67 65
67 65
67 64
67 63
67 63
68 62
68 62
68 61
68 61
68 60
68 60
69 60
69 60
70 61
70 61
70 61
71 61
71 61
71 61
71 61
72 60
72 60
73 60
74 61
75 61
76 62
77 62
78 62
79 63
80 63
81 64
82 64
82 64
81 64
81 64
81 64
81 64
81 64
81 65
81 65
81 66
81 66
80 67
80 67
80 68
80 68
80 69
80 70
80 70
80 71
80 72
80 72
80 73
80 74
80 74
80 75
80 76
80 77
80 78
80 78
80 79
80 80
80 81
80 81
80 82
80 83
80 84
80 85
80 85
81 86
81 87
81 87
81 88
81 89
81 90
81 90
81 91
81 91
81 92
81 92
82 92
82 92
82 92
82 91
82 91
83 90
83 89
83 89
83 88
83 87
83 87
83 86
83 85
83 84
83 84
83 83
84 82
84 81
84 81
84 80
84 79
84 78
84 77
84 77
84 76
84 75
84 74
84 74
84 73
84 72
84 71
84 71
84 70
85 69
85 68
85 68
85 67
85 66
85 66
85 65
85 64
85 64
85 64
84 64
84 64
84 64
84 64
84 65
84 65
84 66
84 67
84 67
84 68
84 69
84 70
84 70
84 71
84 72
84 73
84 73
84 74
84 75
84 76
84 76
84 77
85 78
85 79
85 79
85 80
85 81
85 82
85 82
85 83
85 84
85 85
85 86
85 86
85 87
85 88
85 88
85 89
86 90
86 91
86 91
86 92
86 92
86 93
86 93
86 93
86 93
86 92
87 91
87 90
88 89
88 88
88 87
89 86
89 85
90 84
90 83
90 82
91 81
91 80
91 79
92 78
92 77
93 76
93 75
93 74
94 73
94 72
95 71
95 70
95 70
94 69
94 68
94 68
94 68
94 67
94 67
94 67
94 67
94 67
94 68
94 68
94 69
94 69
94 70
94 71
94 72
94 72
94 73
94 74
94 75
94 75
94 76
94 77
94 78
94 78
94 79
94 80
94 81
94 82
94 82
94 83
94 84
94 85
94 86
94 86
94 87
94 88
94 89
94 89
94 90
94 91
94 91
94 92
94 92
94 93
94 93
95 94
95 94
95 94
95 93
95 93
95 92
95 92
95 91
95 90
95 89
95 89
95 88
95 87
95 87
95 86
95 85
95 84
95 83
95 83
95 82
95 81
95 80
95 79
95 79
95 78
96 77
96 76
96 76
96 75
96 74
96 73
96 73
96 72
96 72
97 71
97 70
97 70
97 70
98 70
98 70
98 70
98 71
98 72
98 72
99 73
99 74
99 74
99 75
99 76
99 77
99 78
99 78
99 79
99 80
99 81
99 81
99 82
99 83
99 84
99 85
99 86
99 86
99 87
99 88
99 89
99 89
99 90
99 91
99 92
99 92
100 93
100 94
100 94
100 95
100 96
100 96
100 96
