8 7
9 6
9 5
9 5
9 4
9 4
8 4
8 4
8 3
8 3
8 2
8 2
8 1
8 1
7 0
7 0
7 0
6 1
6 1
6 2
6 2
5 3
5 3
4 4
4 5
4 5
4 6
4 7
4 8
4 9
4 9
4 10
4 11
3 12
3 13
3 14
3 14
3 15
3 16
3 17
2 18
2 19
2 20
2 21
2 21
2 22
2 23
2 24
2 25
1 26
1 27
1 28
1 29
1 30
1 30
1 31
1 32
1 33
1 34
0 35
0 36
0 37
0 38
0 39
0 39
0 40
0 41
0 42
0 43
0 44
0 45
0 46
0 47
0 48
0 49
0 50
0 51
0 51
0 52
0 53
0 54
0 55
0 56
0 57
0 58
0 59
0 60
0 60
0 61
0 62
0 63
0 64
0 65
0 66
0 67
0 68
0 69
0 69
0 70
0 71
0 72
0 73
0 74
0 75
0 76
0 77
0 77
0 78
0 79
1 80
1 81
1 82
1 82
1 83
1 84
1 85
1 86
1 87
1 87
1 88
2 89
2 90
2 90
3 91
4 92
4 92
5 92
5 92
6 92
6 92
7 91
8 90
8 90
9 89
9 88
9 88
10 87
10 86
10 86
10 85
10 84
10 83
10 83
11 82
11 81
11 81
11 80
11 79
11 78
11 77
11 77
11 76
11 75
11 74
11 73
11 72
11 72
11 71
11 70
11 69
11 68
11 67
11 67
11 66
10 65
10 64
10 63
10 63
10 62
10 61
10 60
10 60
10 59
9 58
9 57
9 57
9 56
9 56
8 56
8 56
8 56
8 56
8 56
8 56
8 57
8 57
8 57
9 58
9 58
9 59
9 59
10 59
10 59
11 60
11 60
12 60
12 60
12 61
12 61
13 60
13 60
13 60
14 59
14 58
14 58
14 58
14 57
14 57
14 57
14 57
14 57
14 58
14 58
14 59
14 60
14 60
14 61
14 62
14 63
14 64
14 64
14 65
14 66
14 67
14 68
14 69
14 69
14 70
14 71
14 72
14 73
14 73
14 74
14 75
14 76
14 77
14 78
14 79
14 79
14 80
14 81
14 82
14 83
14 84
14 84
14 85
14 86
14 87
14 87
14 88
14 89
14 90
14 90
14 91
14 91
14 90
15 89
15 88
15 87
16 86
16 85
16 84
17 83
17 82
17 81
18 80
18 79
19 78
19 77
19 76
20 75
20 74
20 73
21 72
21 71
21 70
22 69
22 68
22 67
23 66
23 65
23 65
23 64
23 63
23 62
23 61
23 61
23 60
23 60
23 60
23 60
23 60
23 60
23 60
23 61
23 62
23 62
23 63
23 64
23 65
23 65
23 66
23 67
23 68
23 69
23 69
23 70
23 71
23 72
23 73
23 74
23 74
23 75
23 76
23 77
23 78
23 79
23 79
23 80
24 81
24 82
24 83
24 83
24 84
24 85
24 86
24 87
24 87
24 88
24 89
24 90
24 91
24 91
25 92
25 93
25 93
25 94
25 95
25 95
26 95
26 95
27 94
27 94
27 93
27 92
27 92
27 91
28 90
28 89
28 88
28 88
28 87
29 86
29 85
29 84
29 84
29 83
29 82
29 81
29 80
29 79
29 79
29 78
29 77
30 76
30 75
30 74
30 74
30 73
30 72
30 71
30 70
30 69
30 69
30 68
30 67
30 67
30 66
30 66
30 66
30 66
30 67
30 68
30 68
30 69
30 70
30 71
30 71
30 72
30 73
30 74
30 75
30 76
30 76
30 77
30 78
30 79
30 80
30 81
30 81
30 82
30 83
30 84
30 84
30 85
30 86
30 87
30 88
30 88
30 89
30 90
30 91
30 91
31 92
31 93
31 93
31 94
31 95
31 95
32 94
33 93
33 92
34 91
35 90
36 89
36 88
37 87
38 86
39 85
39 84
40 83
41 82
42 81
42 80
43 79
44 78
45 77
45 76
46 75
46 75
46 76
46 77
46 78
46 78
46 77
46 76
46 75
46 75
46 75
46 74
46 74
45 73
45 73
45 72
45 72
45 71
45 71
44 70
44 70
43 69
43 68
43 68
42 67
42 67
42 68
42 68
41 69
41 69
40 70
40 71
40 71
40 72
39 73
39 74
39 75
39 75
39 76
39 77
39 78
39 79
39 79
39 80
38 81
38 82
38 83
38 83
38 84
38 85
39 86
39 87
39 88
39 88
39 89
39 90
39 91
39 92
39 92
39 93
40 94
40 95
40 96
40 96
40 97
40 98
40 98
41 99
41 99
42 99
42 99
43 98
43 97
43 97
43 96
44 95
44 94
44 94
44 93
45 92
45 91
45 90
45 90
45 89
45 88
46 87
46 86
46 85
46 84
46 84
46 83
46 82
47 81
47 80
47 79
47 78
47 78
47 77
47 76
47 75
47 74
47 73
47 72
47 71
47 70
47 70
47 69
47 68
47 67
47 66
47 65
47 64
47 63
47 62
47 61
47 61
47 60
47 59
47 58
47 57
47 56
47 55
47 54
47 54
47 53
47 52
47 51
47 50
47 49
47 49
47 48
47 47
47 46
47 45
47 45
47 44
47 43
47 43
46 42
46 41
46 41
46 41
46 41
46 41
46 41
46 42
46 43
46 44
46 44
46 45
46 46
46 47
46 48
46 49
46 49
46 50
46 51
47 52
47 53
47 54
47 55
47 55
47 56
47 57
47 58
47 59
47 60
47 61
47 61
47 62
47 63
47 64
47 65
47 66
47 67
47 67
47 68
47 69
47 70
47 71
47 72
47 73
47 73
47 74
47 75
47 76
47 77
47 78
47 79
47 80
47 80
47 81
47 82
47 83
47 84
47 85
47 85
47 86
47 87
48 88
48 89
48 90
48 90
48 91
48 92
48 93
48 93
49 92
49 91
50 90
50 89
51 88
51 87
52 86
52 85
53 84
54 83
54 82
55 81
55 80
56 79
56 78
57 77
57 76
58 75
58 75
58 75
58 74
58 73
58 72
58 72
58 72
58 72
58 73
58 74
58 75
58 75
58 76
58 77
58 78
58 78
58 79
59 80
59 81
59 82
59 82
59 83
59 84
59 85
59 86
59 87
59 87
59 88
59 89
59 90
59 91
59 91
59 92
59 93
59 94
59 94
59 95
59 96
59 96
59 97
59 97
59 97
59 97
59 96
59 96
59 95
59 94
59 93
59 92
59 92
59 91
59 90
59 89
59 88
59 88
59 87
59 86
60 85
60 84
60 83
60 83
60 82
60 81
60 80
60 79
60 78
60 78
60 77
60 76
60 75
60 74
60 74
60 73
61 72
61 71
61 71
61 70
61 70
61 69
61 69
62 69
62 69
63 70
63 70
63 71
63 71
64 71
65 71
66 71
67 71
68 71
69 71
70 71
71 71
72 71
73 71
73 71
73 71
73 71
73 72
73 72
73 72
73 73
73 74
73 74
73 75
73 76
73 77
73 77
73 78
73 79
73 80
73 81
73 81
73 82
73 83
73 84
73 84
73 85
73 86
73 87
73 87
73 88
74 89
74 90
74 91
74 91
74 92
74 93
74 94
74 94
74 95
74 96
74 96
75 97
75 98
75 98
75 99
75 99
76 100
76 100
76 100
77 99
77 99
78 98
78 97
78 97
78 96
78 95
78 94
78 94
78 93
78 92
78 91
78 90
78 90
78 89
79 88
79 87
79 86
79 86
79 85
79 84
79 83
79 82
79 82
79 81
79 80
79 79
79 78
79 77
79 77
79 76
79 75
79 75
79 74
79 73
79 73
79 73
79 73
79 74
79 75
79 75
79 76
79 77
79 77
79 78
79 79
79 80
79 81
79 81
79 82
79 83
79 84
79 84
79 85
79 86
79 87
79 87
79 88
79 89
79 90
79 90
79 91
80 92
80 93
80 93
80 94
80 95
80 96
80 96
80 97
81 98
81 99
81 99
82 100
82 100
83 100
83 100
83 99
83 98
84 97
84 96
84 95
84 94
84 93
85 92
85 91
85 90
85 89
85 88
86 87
86 86
86 85
86 84
87 83
87 82
87 81
87 80
87 79
88 78
88 77
88 76
88 75
88 74
89 73
89 72
89 71
89 71
90 70
90 69
90 69
90 68
90 67
90 67
90 67
90 66
90 66
90 66
90 66
90 66
90 67
90 68
90 69
90 69
90 70
90 71
90 72
90 72
90 73
90 74
90 75
90 75
90 76
91 77
91 78
91 79
91 79
91 80
91 81
91 82
91 83
91 83
91 84
91 85
91 86
91 87
91 87
91 88
91 89
91 90
91 90
91 91
91 92
91 93
91 93
91 94
91 95
91 95
91 96
91 96
91 96
91 96
91 95
91 94
91 94
92 93
92 92
92 92
92 91
92 90
92 89
92 88
92 88
92 87
92 86
92 85
92 84
92 84
92 83
92 82
92 81
92 80
92 79
92 78
92 78
92 77
92 76
92 75
92 74
92 73
92 72
92 72
92 71
93 70
93 69
93 68
93 68
93 67
93 66
93 65
93 65
94 64
94 63
94 63
95 63
95 63
95 63
95 64
95 64
95 65
95 66
95 66
95 67
96 68
96 69
96 70
96 70
96 71
96 72
96 73
96 74
96 75
96 75
96 76
96 77
96 78
96 79
96 80
96 81
96 81
96 82
96 83
95 84
95 85
95 86
95 86
95 87
96 88
96 89
96 90
96 90
96 91
96 92
96 93
96 94
96 94
96 95
96 96
96 96
96 97
96 98
96 98
97 99
97 100
97 100
98 100
98 100
99 100
100 100
