14 11
14 11
14 10
14 9
14 8
14 8
14 7
14 7
14 6
14 6
14 5
14 5
14 4
14 4
14 3
14 3
13 2
13 2
13 1
13 1
12 0
12 0
12 0
11 1
11 1
10 2
10 2
9 3
9 3
8 4
8 5
8 5
8 6
7 7
7 8
7 8
6 9
6 10
6 10
6 11
5 12
5 13
5 13
5 14
4 15
4 16
4 16
4 17
3 18
3 19
3 20
3 20
3 21
2 22
2 23
2 24
2 24
2 25
1 26
1 27
1 28
1 28
1 29
1 30
1 31
1 32
1 33
1 33
1 34
1 35
0 36
0 37
0 38
0 39
0 39
0 40
0 41
0 42
0 43
0 44
0 45
0 45
0 46
0 47
0 48
0 49
0 49
0 50
0 51
0 52
0 53
0 53
0 54
0 55
0 56
0 57
0 57
0 58
0 59
0 60
0 61
0 62
0 62
0 63
0 64
0 65
0 66
0 66
0 67
0 68
0 69
0 70
0 70
0 71
0 72
0 73
0 73
0 74
1 75
1 76
1 76
1 77
2 78
2 79
2 79
2 80
2 81
2 82
2 82
3 83
3 84
3 84
4 85
4 86
4 86
5 87
5 88
5 88
5 89
5 89
6 90
6 90
7 91
7 91
8 92
8 92
8 92
9 92
9 92
10 91
10 91
11 90
11 89
11 89
12 88
12 87
12 87
13 86
13 85
13 85
13 84
13 84
14 83
14 82
14 82
14 81
14 80
14 80
14 79
14 79
14 78
14 77
14 77
14 76
14 75
14 75
14 74
14 73
14 73
13 72
13 71
13 71
13 70
13 69
13 69
12 68
12 68
12 67
12 66
12 66
11 65
11 65
11 64
11 63
11 63
11 63
11 62
11 62
11 61
11 61
11 61
11 60
11 60
11 60
11 59
11 59
11 59
11 59
12 59
12 59
12 58
12 58
12 58
13 58
13 58
13 58
13 58
14 58
14 58
14 58
14 58
15 58
15 58
15 58
16 58
16 58
16 59
16 59
16 59
16 60
16 61
16 61
16 62
16 62
16 63
16 64
16 64
16 65
16 66
16 67
16 67
16 68
16 69
16 70
16 70
16 71
16 72
16 73
16 73
16 74
16 75
16 76
16 76
16 77
16 78
16 79
16 80
16 80
16 81
16 82
16 83
16 83
16 84
16 85
16 86
16 87
16 87
16 88
16 89
16 90
16 90
16 91
16 92
16 92
16 93
16 94
16 94
16 95
16 96
16 96
16 97
16 97
16 98
16 98
16 99
16 99
16 100
16 100
16 100
16 100
16 100
16 100
16 100
16 100
16 99
17 98
17 97
18 96
18 95
18 94
19 93
19 92
20 91
20 90
20 89
21 88
21 87
22 86
22 85
22 84
23 83
23 82
24 81
24 80
24 79
25 78
25 77
26 76
26 75
26 74
27 73
27 72
28 71
28 70
28 70
28 69
28 69
28 68
28 68
28 67
28 67
28 67
28 67
28 67
28 67
28 67
28 67
28 67
28 68
28 69
28 69
28 70
28 71
28 71
28 72
28 73
28 73
28 74
28 75
28 76
28 76
28 77
28 78
28 78
28 79
28 80
28 81
28 81
28 82
28 82
28 83
28 84
28 84
28 85
28 85
28 86
28 86
29 86
29 86
29 86
29 86
29 86
29 86
29 85
29 85
30 85
30 85
30 84
30 83
30 83
30 82
30 82
31 81
31 80
31 80
31 79
31 79
31 78
31 77
31 77
32 76
32 76
32 75
32 74
32 74
32 73
32 72
32 72
32 71
32 71
32 70
32 70
32 69
32 69
32 69
32 69
32 69
32 69
32 69
32 70
32 70
32 71
32 71
32 72
32 73
32 74
32 74
32 75
32 76
32 77
32 77
32 78
32 79
32 79
32 80
32 80
32 81
32 82
32 82
32 83
32 83
33 84
33 84
33 85
33 85
33 86
33 86
33 87
33 87
33 87
33 88
33 88
34 88
34 88
35 87
35 86
36 85
37 84
37 83
38 82
39 81
39 80
40 79
40 78
41 77
42 76
42 75
43 74
43 74
44 74
44 74
44 73
44 73
44 73
44 72
44 72
44 71
44 71
43 70
43 70
43 69
43 69
42 69
42 69
42 69
42 69
41 70
41 71
41 71
41 72
41 73
41 73
40 74
40 75
40 75
40 76
40 77
40 77
40 78
40 79
40 80
40 80
40 81
40 82
40 82
40 83
40 84
40 84
40 85
40 85
40 86
40 86
41 87
41 87
41 88
41 88
41 88
42 88
42 88
42 88
43 87
43 87
43 86
43 86
44 85
44 84
44 84
44 83
44 82
44 82
44 81
45 80
45 79
45 79
45 78
45 77
45 76
45 75
45 75
45 74
45 73
45 72
45 72
45 71
45 70
46 69
46 68
46 67
46 67
46 66
46 65
46 64
46 63
46 63
46 62
46 61
47 60
47 59
47 58
47 58
47 57
47 56
47 55
47 54
47 54
48 53
48 52
48 52
48 51
48 50
48 50
48 50
48 49
48 49
48 49
48 49
48 49
48 49
48 50
48 50
48 51
48 52
48 52
47 53
47 54
47 54
47 55
47 56
47 57
47 57
47 58
47 59
47 59
47 60
47 61
47 61
47 62
47 63
47 64
47 64
47 65
47 66
47 67
47 67
47 68
47 69
47 70
47 70
47 71
47 72
47 72
47 73
47 74
47 75
47 75
47 76
47 77
47 77
47 78
47 79
47 80
47 80
47 81
47 82
47 82
48 83
48 84
48 84
48 85
48 86
48 86
48 87
48 88
48 88
49 89
49 90
49 90
49 91
49 91
50 92
50 93
50 93
50 94
50 94
50 94
50 94
50 95
50 95
50 95
50 95
50 94
51 93
51 92
52 91
52 90
53 89
53 88
54 87
54 86
55 85
55 84
56 83
56 82
57 81
57 80
58 79
58 78
58 78
58 78
58 78
58 78
59 78
59 78
59 79
59 79
59 80
59 81
59 81
59 82
59 83
59 83
59 84
59 85
59 85
59 86
59 86
59 87
59 87
59 88
59 88
59 88
59 88
59 88
59 88
59 88
59 87
59 87
59 86
59 86
60 85
60 84
60 84
60 83
60 82
60 82
60 81
60 80
60 80
61 79
61 78
61 78
61 77
61 76
61 76
61 75
61 74
61 74
62 73
62 73
62 73
63 72
63 72
64 71
64 71
64 71
65 70
65 70
66 69
66 69
67 69
67 69
68 68
68 68
68 68
69 68
69 68
70 68
70 68
71 68
71 68
71 68
71 68
72 68
72 68
72 68
72 68
72 68
72 68
72 68
71 68
71 68
71 68
71 68
72 68
73 68
74 68
75 69
76 69
77 69
78 69
79 69
79 69
79 69
79 69
79 69
79 69
79 69
79 69
79 70
79 70
79 71
79 71
79 72
79 72
79 73
79 74
79 75
79 75
79 76
79 77
79 77
79 78
79 79
79 79
79 80
79 81
79 81
79 82
79 83
79 83
79 84
79 84
80 85
80 86
80 86
80 86
80 87
80 87
80 87
80 87
80 87
81 87
81 87
81 86
81 86
81 85
81 85
82 84
82 84
82 83
82 82
82 82
83 81
83 80
83 80
83 79
83 78
83 78
83 77
83 76
83 75
83 75
83 74
83 74
83 74
83 74
83 74
83 74
83 74
83 75
83 76
83 76
83 77
83 78
83 78
83 79
83 80
83 80
83 81
83 82
83 82
83 83
83 84
83 84
83 85
83 85
83 86
83 86
83 87
83 88
83 88
84 89
84 89
84 90
84 90
84 90
85 91
85 91
85 91
85 90
86 89
86 88
87 87
87 86
87 85
88 84
88 83
89 82
89 81
90 80
90 79
90 78
91 77
91 76
92 75
92 74
92 74
93 75
93 75
93 75
93 75
93 76
93 76
93 77
93 78
93 78
93 79
93 79
93 80
93 81
93 81
92 82
92 83
92 83
92 84
92 85
92 85
92 86
92 86
92 87
92 87
92 88
92 88
92 88
92 88
92 88
92 88
92 87
92 87
92 86
92 86
92 85
92 85
93 84
93 83
93 83
93 82
93 81
93 81
93 80
94 79
94 78
94 78
94 77
94 76
94 76
95 75
95 74
95 74
95 73
95 73
96 72
96 72
96 72
97 72
97 72
97 72
98 72
98 72
98 73
98 73
98 73
98 74
98 75
98 75
98 76
98 76
98 77
98 78
98 78
97 79
97 80
97 80
97 81
97 82
97 82
97 83
97 83
97 84
97 85
97 85
97 86
97 87
97 87
97 88
97 88
97 89
97 89
97 90
97 90
97 91
97 91
98 92
98 92
98 93
98 93
98 94
98 94
99 95
99 95
99 95
99 96
99 96
99 96
100 96
100 96
100 96
100 96
