9 11
9 10
9 9
9 8
9 8
9 7
9 6
9 6
9 5
9 4
9 4
9 3
9 3
8 2
8 2
8 1
8 1
8 0
8 0
7 0
7 0
7 1
7 1
6 2
6 3
6 3
6 4
5 5
5 6
5 7
5 7
5 8
5 9
4 10
4 11
4 12
4 12
4 13
4 14
3 15
3 16
3 17
3 17
3 18
3 19
3 20
2 21
2 22
2 23
2 24
2 24
2 25
2 26
2 27
1 28
1 29
1 30
1 31
1 32
1 32
1 33
1 34
1 35
0 36
0 37
0 38
0 39
0 40
0 40
0 41
0 42
0 43
0 44
0 45
0 46
0 47
0 48
0 48
0 49
0 50
0 51
0 52
0 53
0 54
0 55
0 56
0 57
0 57
0 58
0 59
0 60
0 61
0 62
0 63
0 64
0 65
0 65
0 66
0 67
0 68
0 69
0 70
0 71
0 72
0 72
0 73
0 74
1 75
1 76
1 77
1 78
1 78
1 79
2 80
2 81
2 82
2 82
2 83
3 84
3 85
3 85
4 86
4 86
5 85
5 85
6 84
6 83
6 83
6 82
7 81
7 80
7 80
7 79
8 78
8 77
8 77
8 76
9 75
9 74
9 73
9 73
9 72
9 71
9 70
9 69
9 68
9 68
9 67
9 66
9 65
9 64
9 63
9 63
9 62
9 61
9 60
9 59
9 58
9 57
9 57
9 56
9 55
9 54
9 53
9 52
9 51
9 51
9 50
9 49
9 48
9 48
8 47
8 46
8 46
8 45
8 45
8 45
8 45
8 45
8 45
8 45
8 46
8 46
9 47
9 47
9 48
9 48
10 49
10 49
11 50
11 50
11 50
12 50
12 50
12 51
12 51
13 51
13 51
13 52
13 52
13 52
13 52
13 53
13 54
13 54
13 55
13 56
13 56
13 57
13 58
13 59
13 60
13 60
13 61
13 62
13 63
13 64
13 64
13 65
13 66
12 67
12 68
12 69
12 69
12 70
12 71
12 72
12 73
12 73
12 74
12 75
12 76
12 77
12 77
12 78
12 79
12 80
12 81
12 81
12 82
12 83
12 84
12 84
12 85
12 85
12 86
12 86
12 85
13 84
13 83
13 82
14 81
14 80
14 79
14 78
15 77
15 76
15 75
16 74
16 73
16 72
17 71
17 70
17 69
17 68
18 67
18 66
18 65
19 64
19 63
19 62
20 61
20 60
20 59
20 58
21 57
21 56
21 55
22 54
22 53
22 53
22 52
22 51
22 51
22 51
22 51
22 52
22 52
22 53
22 54
22 55
22 55
22 56
22 57
22 58
22 59
22 59
22 60
22 61
22 62
22 63
22 63
22 64
22 65
22 66
22 67
22 68
22 68
22 69
23 70
23 71
23 72
23 72
23 73
23 74
23 75
23 76
23 76
23 77
23 78
23 79
23 80
23 80
23 81
23 82
23 83
23 83
23 84
24 85
24 86
24 86
24 87
24 87
25 88
25 88
26 87
26 87
27 86
27 86
27 85
28 84
28 83
28 83
28 82
28 81
28 81
28 80
29 79
29 78
29 77
29 77
29 76
29 75
29 74
29 74
29 73
30 72
30 71
30 70
30 70
30 69
30 68
30 67
30 66
30 66
30 65
30 64
30 63
30 62
30 62
30 61
30 60
30 60
30 59
30 59
30 59
30 60
30 60
30 61
30 62
30 62
30 63
29 64
29 65
29 65
29 66
30 67
30 68
30 69
30 69
30 70
30 71
30 72
30 72
30 73
30 74
30 75
30 75
30 76
31 77
31 78
31 79
31 79
31 80
31 81
31 82
31 82
31 83
31 84
31 85
31 85
32 86
32 87
32 87
32 88
32 88
33 87
33 86
34 85
35 84
35 83
36 82
37 81
37 80
38 79
39 78
39 77
40 76
41 75
41 74
42 73
43 72
43 71
44 70
44 70
44 69
44 68
44 68
44 67
44 66
44 65
44 65
44 64
44 63
44 63
44 62
44 62
43 61
43 61
43 60
43 60
43 59
43 58
43 58
42 57
42 57
42 56
42 56
42 57
42 57
41 58
41 59
41 59
40 60
40 61
40 61
40 62
40 63
40 64
40 65
40 65
40 66
40 67
40 68
40 69
40 70
40 70
40 71
40 72
40 73
40 74
40 74
40 75
40 76
40 77
40 77
40 78
40 79
40 80
40 81
40 81
40 82
40 83
40 83
41 84
41 85
41 85
42 86
42 86
43 85
43 85
43 84
43 83
43 83
44 82
44 81
44 81
44 80
45 79
45 78
45 78
45 77
45 76
45 75
45 74
45 73
45 73
45 72
45 71
45 70
45 69
45 68
45 68
45 67
45 66
45 65
46 64
46 63
46 62
46 61
46 61
46 60
46 59
46 58
46 57
46 56
46 55
46 54
46 53
46 52
46 52
46 51
46 50
46 49
46 48
46 47
46 46
46 45
46 44
46 43
46 42
46 42
46 41
46 40
46 39
46 38
46 37
46 36
46 35
46 34
46 33
46 33
46 32
46 31
46 30
46 29
46 28
46 28
46 27
46 26
46 25
46 24
46 24
46 23
46 23
46 23
46 23
46 24
46 25
46 26
46 26
46 27
46 28
46 29
46 30
46 31
46 31
46 32
46 33
46 34
46 35
46 36
46 37
46 38
46 38
46 39
46 40
46 41
46 42
46 43
46 44
46 45
46 45
46 46
46 47
46 48
46 49
46 50
46 51
46 52
46 53
46 53
46 54
46 55
46 56
46 57
46 58
46 59
46 60
46 61
46 61
46 62
46 63
46 64
46 65
46 66
46 67
46 67
46 68
46 69
46 70
46 71
46 72
46 72
46 73
46 74
46 75
46 76
46 77
46 77
46 78
46 79
46 80
46 81
46 81
46 80
47 79
47 78
48 77
48 76
49 75
49 74
50 73
50 72
51 71
51 70
51 69
52 68
52 67
53 66
53 65
54 64
54 63
55 62
55 61
56 60
56 59
56 59
57 58
57 57
57 57
57 57
57 57
57 58
57 58
57 59
57 59
57 60
57 61
57 61
57 62
57 63
57 64
57 65
57 65
57 66
57 67
57 68
57 69
57 70
57 70
57 71
57 72
57 73
57 74
57 74
57 75
57 76
57 77
57 78
57 78
57 79
57 80
57 81
57 81
57 82
57 83
57 84
57 84
57 85
57 86
57 86
58 87
58 88
58 88
58 88
58 88
58 87
58 87
58 86
58 85
58 85
58 84
58 83
58 82
58 81
58 81
58 80
59 79
59 78
59 77
59 77
59 76
59 75
59 74
59 73
59 73
59 72
59 71
59 70
59 69
59 68
59 68
59 67
59 66
59 65
59 65
60 64
60 63
60 63
60 62
60 62
61 61
61 61
61 61
62 61
62 61
63 61
64 61
65 60
66 60
67 60
68 60
69 60
70 60
71 59
72 59
73 59
73 59
73 58
73 57
74 56
74 55
74 54
74 54
74 55
74 55
74 55
74 56
74 57
74 58
74 58
74 59
74 60
74 61
74 61
74 62
74 63
74 64
74 65
74 66
74 66
74 67
74 68
74 69
74 70
74 70
74 71
74 72
74 73
74 74
74 75
74 75
74 76
74 77
74 78
74 79
74 79
74 80
74 81
74 82
74 82
74 83
74 84
74 85
74 85
74 86
74 87
74 88
74 88
75 89
75 90
75 90
75 91
75 91
76 92
76 92
77 91
77 91
77 90
77 90
78 89
78 89
78 88
78 87
78 87
78 86
79 85
79 84
79 84
79 83
79 82
79 81
79 81
79 80
79 79
79 78
79 77
79 77
79 76
79 75
79 74
79 73
79 73
79 72
79 71
79 70
79 69
79 69
79 68
79 67
79 66
79 66
79 65
79 64
79 63
79 63
79 62
79 62
79 62
79 62
79 63
79 63
79 64
79 64
79 65
79 66
79 67
79 67
79 68
79 69
79 70
79 70
79 71
79 72
79 73
79 74
79 74
79 75
79 76
79 77
79 78
79 78
79 79
79 80
79 81
79 82
79 82
79 83
80 84
80 85
80 85
80 86
80 87
80 88
80 88
80 89
81 90
81 91
81 91
81 92
81 93
81 93
82 94
82 94
82 93
83 92
83 91
83 90
84 89
84 88
84 87
84 86
85 85
85 84
85 83
86 82
86 81
86 80
87 79
87 78
87 77
87 76
88 75
88 74
88 73
89 72
89 71
89 70
90 69
90 68
90 67
90 66
91 65
91 64
91 64
91 63
91 62
91 61
91 61
91 61
91 61
91 61
91 62
91 62
92 63
92 64
92 64
92 65
92 66
92 67
92 67
92 68
92 69
92 70
92 70
92 71
92 72
92 73
92 74
92 74
92 75
92 76
92 77
92 78
92 79
92 79
92 80
92 81
92 82
92 83
92 83
92 84
92 85
92 86
92 87
92 87
92 88
91 89
91 90
91 90
91 91
91 92
91 92
91 93
91 93
91 94
91 94
91 94
91 93
91 93
91 92
91 91
91 90
91 90
91 89
92 88
92 87
92 87
92 86
92 85
92 84
92 83
92 83
92 82
92 81
92 80
92 79
92 78
92 78
92 77
92 76
93 75
93 74
93 73
93 73
93 72
93 71
93 70
93 70
93 69
94 68
94 67
94 67
94 66
94 66
95 65
95 65
95 65
95 66
95 67
95 67
96 68
96 69
96 69
96 70
96 71
96 72
96 72
96 73
96 74
96 75
96 76
96 76
96 77
96 78
96 79
96 80
96 80
96 81
96 82
96 83
96 84
96 84
96 85
95 86
95 87
95 87
95 88
95 89
95 90
95 91
95 91
95 92
96 93
96 94
96 95
96 95
96 96
96 97
96 97
97 98
97 99
97 99
98 100
98 100
99 100
100 100
