12 15
12 14
12 13
12 12
12 11
12 11
12 10
12 10
12 9
12 9
12 8
12 8
12 7
12 7
12 6
12 6
11 5
11 4
11 4
11 3
11 3
10 2
10 1
10 1
9 0
9 0
8 0
8 0
7 1
7 2
7 2
6 3
6 4
5 5
5 6
5 6
5 7
5 8
4 9
4 10
4 11
4 11
4 12
4 13
3 14
3 15
3 16
3 16
3 17
3 18
2 19
2 20
2 21
2 22
2 22
2 23
2 24
1 25
1 26
1 27
1 27
1 28
1 29
0 30
0 31
0 32
0 33
0 33
0 34
0 35
0 36
0 37
0 38
0 38
0 39
0 40
0 41
0 42
0 43
0 44
0 45
0 45
0 46
0 47
0 48
0 49
0 50
0 51
0 52
0 52
0 53
0 54
0 55
0 56
0 57
0 58
0 59
0 60
0 60
0 61
0 62
0 63
0 64
0 65
0 66
0 67
0 67
0 68
0 69
0 70
1 71
1 72
1 73
1 74
1 74
1 75
1 76
1 77
2 78
2 79
2 80
2 81
2 82
2 82
2 83
2 84
2 85
3 86
3 87
3 88
3 89
3 90
3 90
3 91
3 92
4 93
4 94
4 95
4 95
4 96
5 97
5 98
5 99
5 99
6 100
7 100
7 100
8 99
9 99
9 99
9 98
10 97
10 96
10 95
10 95
10 94
11 93
11 92
12 91
12 90
12 90
12 89
12 88
13 87
13 86
13 85
13 85
13 84
13 83
14 82
14 81
14 80
14 79
14 79
14 78
14 77
14 76
15 75
15 74
15 73
15 72
15 72
15 71
15 70
15 69
15 68
15 67
15 66
15 66
15 65
15 64
16 63
16 62
16 61
16 61
16 60
16 59
16 58
16 57
16 56
16 55
16 55
16 54
16 53
16 52
16 51
16 50
16 49
16 49
16 48
15 47
15 46
15 46
15 45
15 44
15 43
15 43
15 42
15 42
14 42
14 42
14 42
13 43
13 43
13 44
13 45
13 45
12 45
12 45
12 45
12 45
13 45
13 45
13 45
13 46
13 46
13 47
13 47
14 48
14 48
15 49
15 50
15 50
15 50
16 50
16 50
17 50
17 50
18 50
18 50
19 50
19 50
20 49
20 48
20 48
20 47
20 47
20 47
20 47
20 47
20 47
20 48
20 49
20 50
20 50
20 51
20 52
20 53
20 54
20 55
20 55
20 56
20 57
20 58
20 59
20 60
20 61
20 61
20 62
20 63
20 64
20 65
20 66
20 66
20 67
20 68
20 69
20 70
20 71
20 72
20 73
20 73
20 74
20 75
20 76
20 77
20 78
20 79
20 80
20 81
20 81
20 82
20 83
20 84
20 85
20 86
20 86
20 87
20 88
20 89
20 90
20 90
20 91
20 92
20 93
20 94
20 94
20 93
21 92
21 91
21 90
21 89
22 88
22 87
22 86
22 85
23 84
23 83
23 82
23 81
24 80
24 79
24 78
24 77
25 76
25 75
25 74
26 73
26 72
26 71
26 70
27 69
27 68
27 67
27 66
28 65
28 64
28 63
28 62
29 61
29 60
29 59
29 58
30 57
30 56
30 56
29 55
29 54
29 54
29 53
29 53
29 53
29 53
29 53
29 53
29 54
29 55
29 56
29 56
29 57
29 58
29 59
29 60
29 61
29 62
29 62
29 63
29 64
29 65
29 66
29 67
29 68
29 68
29 69
29 70
29 71
30 72
30 73
30 74
30 75
30 75
30 76
30 77
30 78
30 79
30 80
30 81
30 82
30 82
30 83
30 84
30 85
30 86
30 87
30 87
30 88
31 89
31 90
31 90
32 91
32 92
32 92
32 91
32 91
33 90
33 89
33 89
33 88
34 87
34 86
34 85
34 85
34 84
34 83
35 82
35 81
35 80
35 79
35 79
35 78
35 77
36 76
36 75
36 74
36 73
36 73
36 72
36 71
36 70
37 69
37 68
37 67
37 66
37 66
37 65
37 64
37 63
37 62
37 61
37 61
37 60
37 59
37 58
37 58
37 57
37 56
37 56
37 55
37 54
37 54
37 54
37 55
37 55
37 55
37 56
37 57
37 57
37 58
37 59
37 60
37 60
37 61
37 62
37 63
37 64
37 65
37 66
37 66
37 67
37 68
37 69
37 70
37 71
37 71
37 72
38 73
38 74
38 75
38 75
38 76
38 77
38 78
38 79
38 80
38 81
38 81
38 82
38 83
38 84
38 84
39 85
39 86
39 86
40 85
40 84
41 83
41 82
42 81
42 80
43 79
43 78
44 77
44 76
45 75
45 74
46 73
46 72
47 71
47 70
48 69
48 68
49 67
49 66
50 65
50 64
51 63
51 62
52 61
52 60
53 59
53 59
52 58
52 57
52 57
51 56
51 56
51 55
51 54
51 54
50 53
50 52
50 52
50 51
50 51
49 52
49 52
49 53
49 53
49 54
49 55
49 55
49 56
49 57
49 58
49 59
49 59
49 60
49 61
49 62
49 63
49 64
49 65
49 65
49 66
49 67
49 68
49 69
49 70
49 70
49 71
49 72
49 73
49 73
49 74
49 75
49 75
50 76
50 76
50 75
50 75
50 74
51 73
51 72
51 72
51 71
51 70
52 69
52 68
52 67
52 66
52 66
52 65
52 64
52 63
53 62
53 61
53 60
53 59
53 59
53 58
53 57
53 56
53 55
53 54
53 53
53 52
53 51
53 51
53 50
53 49
53 48
53 47
54 46
54 45
54 44
54 43
54 42
54 41
54 41
54 40
54 39
54 38
54 37
54 36
54 35
54 34
54 33
54 33
54 32
54 31
54 30
54 29
54 28
54 27
54 26
54 25
54 24
54 23
54 23
54 22
54 21
54 20
54 19
55 18
55 17
55 16
55 15
55 14
55 14
55 13
55 12
54 11
54 10
54 9
54 8
54 8
54 7
54 7
54 7
54 8
54 8
54 9
54 10
54 11
54 12
54 13
54 13
54 14
54 15
54 16
54 17
54 18
54 19
54 20
54 20
54 21
54 22
54 23
54 24
54 25
54 26
54 27
54 28
54 28
54 29
54 30
54 31
54 32
54 33
54 34
54 35
54 36
54 36
54 37
54 38
54 39
54 40
54 41
54 42
54 42
54 43
54 44
54 45
54 46
54 47
54 48
54 49
54 50
54 51
54 52
54 52
54 53
54 54
54 55
54 56
54 57
54 58
54 59
54 60
54 60
54 61
54 62
54 63
54 64
54 65
54 66
54 67
54 68
54 68
54 69
54 70
55 71
55 72
55 73
55 74
55 74
55 75
55 76
55 77
55 78
55 79
55 79
55 78
55 77
56 76
56 75
56 74
56 73
57 72
57 71
57 70
57 69
58 68
58 67
58 66
58 65
59 64
59 63
59 62
59 61
60 60
60 59
60 58
60 57
61 56
61 55
61 54
61 53
62 52
62 51
62 50
62 49
63 48
63 47
63 46
63 46
62 45
62 44
62 44
62 43
62 43
62 43
62 43
62 44
62 45
62 45
62 46
62 47
62 48
62 48
62 49
63 50
63 51
63 52
63 52
63 53
63 54
63 55
63 56
63 57
63 57
63 58
63 59
63 60
63 61
63 62
63 62
63 63
63 64
63 65
63 66
63 66
63 67
63 68
63 68
63 69
63 69
63 70
63 70
63 69
63 69
63 69
63 68
63 68
63 67
63 66
63 66
63 65
63 64
63 63
63 63
64 62
64 61
64 61
64 60
64 59
64 58
64 58
64 57
64 56
64 55
64 55
64 54
65 53
65 52
65 52
65 51
66 50
66 49
66 49
66 48
66 48
67 47
67 46
67 46
68 46
68 46
68 46
69 47
69 47
69 48
69 48
70 49
70 49
70 50
70 50
71 51
71 51
71 51
72 51
72 51
72 52
72 52
73 52
73 52
74 52
74 52
75 52
76 52
77 52
77 52
76 51
76 51
76 51
76 51
76 51
76 52
76 52
76 53
76 54
76 55
76 55
76 56
76 57
76 58
76 59
76 59
76 60
77 61
77 62
77 63
77 63
77 64
77 65
77 66
77 67
77 67
77 68
77 69
77 70
77 71
77 71
78 72
78 73
78 73
78 74
78 74
79 74
79 74
79 73
79 72
79 72
79 71
80 70
80 69
80 69
80 68
80 67
81 66
81 65
81 64
81 64
81 63
81 62
82 61
82 60
82 59
82 59
82 58
82 57
82 56
82 55
82 55
82 54
82 53
82 52
82 51
82 51
82 50
82 49
82 49
82 48
82 48
82 48
82 49
82 49
82 49
82 50
82 51
82 52
82 52
82 53
82 54
82 55
82 56
82 56
82 57
82 58
82 59
82 60
82 61
82 61
82 62
82 63
82 64
82 65
82 65
82 66
82 67
82 68
82 68
82 69
83 70
83 71
83 71
83 72
83 73
83 73
83 72
84 71
84 70
85 69
85 68
85 67
86 66
86 65
87 64
87 63
88 62
88 61
88 60
89 59
89 58
90 57
90 56
90 55
91 54
91 53
92 52
92 51
92 51
91 50
91 50
91 49
91 49
91 50
91 50
91 50
91 50
91 50
92 51
92 52
92 52
92 53
92 54
92 54
92 55
92 56
92 57
92 58
92 58
92 59
92 60
92 61
92 62
92 62
92 63
92 64
92 65
92 66
92 67
92 67
92 68
92 69
92 70
92 71
92 71
92 72
92 73
92 73
93 74
93 75
93 75
93 75
93 74
93 74
93 73
94 72
94 71
94 71
94 70
94 69
94 68
94 67
94 67
94 66
94 65
95 64
95 63
95 62
95 62
95 61
95 60
95 59
95 58
95 57
95 57
95 56
96 55
96 54
96 53
96 53
96 52
96 51
96 50
96 49
96 49
97 48
97 47
97 47
97 47
97 47
97 48
97 49
97 49
97 50
97 51
97 51
97 52
97 53
97 54
97 54
97 55
97 56
97 57
97 58
97 58
97 59
97 60
97 61
97 62
97 62
97 63
97 64
97 65
97 66
97 66
97 67
97 68
97 69
97 70
97 71
97 71
97 72
98 73
98 74
98 74
98 75
98 76
98 77
98 78
98 78
99 79
99 80
99 80
100 81
