8 8
8 9
8 9
8 8
8 7
8 6
8 5
8 5
8 4
8 4
8 3
8 3
7 2
7 2
7 1
7 0
7 0
7 0
6 0
6 0
6 1
6 2
6 2
5 3
5 4
5 4
5 5
4 6
4 7
4 7
4 8
4 9
3 10
3 11
3 12
3 12
3 13
3 14
2 15
2 16
2 17
2 17
2 18
2 19
2 20
1 21
1 22
1 23
1 24
1 24
1 25
1 26
1 27
0 28
0 29
0 30
0 31
0 32
0 32
0 33
0 34
0 35
0 36
0 37
0 38
0 39
0 40
0 41
0 41
0 42
0 43
0 44
0 45
0 46
0 47
0 48
0 49
0 50
0 51
0 52
0 52
0 53
0 54
0 55
0 56
0 57
0 58
0 59
0 60
0 61
0 62
0 62
0 63
0 64
0 65
0 66
0 67
0 68
0 69
0 70
0 71
0 72
0 72
0 73
0 74
0 75
0 76
1 77
1 78
1 79
1 80
1 81
1 81
1 82
1 83
1 84
2 85
2 86
2 87
2 88
2 88
2 89
2 90
3 91
3 92
3 93
3 93
3 94
4 95
4 96
4 97
4 97
5 98
5 98
6 97
7 97
7 97
8 96
8 96
8 95
9 94
9 93
9 93
9 92
10 91
10 90
10 90
10 89
11 88
11 87
11 86
11 86
11 85
11 84
11 83
11 82
11 82
11 81
11 80
11 79
11 78
11 78
11 77
11 76
11 75
11 74
11 73
11 73
11 72
11 71
11 70
11 69
11 68
11 68
11 67
10 66
10 65
10 65
10 64
10 63
10 62
10 62
10 61
10 60
10 60
10 59
10 59
10 59
10 59
10 59
10 59
10 60
10 60
11 60
11 60
11 61
11 61
12 62
12 62
13 62
13 62
14 62
14 62
15 62
15 62
16 62
16 62
16 62
17 62
17 62
17 62
17 62
17 62
17 63
17 64
17 64
17 65
17 66
17 66
17 67
16 68
16 69
16 70
16 70
16 71
16 72
16 73
16 74
16 74
16 75
16 76
16 77
16 78
16 78
16 79
16 80
16 81
16 81
16 82
16 83
16 84
16 84
16 85
16 86
16 87
16 87
16 88
16 89
16 89
16 90
16 91
16 91
16 92
16 93
16 93
16 92
17 91
17 90
18 89
18 88
19 87
19 86
20 85
20 84
21 83
21 82
22 81
22 80
22 79
23 78
23 77
24 76
24 75
25 74
25 73
26 72
26 71
27 70
27 69
27 69
28 68
28 67
28 67
28 67
28 67
28 67
28 68
28 68
28 69
28 70
28 70
28 71
28 72
28 73
28 74
28 74
28 75
28 76
28 77
28 78
28 78
28 79
28 80
28 81
28 82
28 82
28 83
28 84
28 85
28 86
28 86
28 87
29 88
29 89
29 90
29 90
29 91
29 92
29 93
29 93
29 94
29 95
29 95
30 96
30 97
30 97
30 97
31 96
31 96
31 95
31 94
31 94
31 93
32 92
32 91
32 91
32 90
32 89
32 88
32 88
32 87
32 86
32 85
32 84
32 84
32 83
32 82
32 81
32 80
32 80
32 79
32 78
32 77
32 76
32 76
32 75
32 74
32 74
32 74
32 74
32 74
32 75
32 76
32 77
32 77
32 78
32 79
32 80
32 80
32 81
32 82
32 83
32 84
32 84
32 85
32 86
32 87
32 88
32 88
32 89
33 90
33 91
33 91
33 92
33 93
33 93
34 94
34 95
34 95
35 96
35 97
35 97
35 97
36 96
36 95
37 94
38 93
38 92
39 91
39 90
40 89
41 88
41 87
42 86
43 85
43 84
44 83
44 82
45 81
46 80
46 79
47 78
47 78
47 79
47 79
47 78
48 77
48 76
48 76
47 75
47 75
47 74
47 74
47 73
47 72
47 72
46 71
46 71
46 70
46 69
46 69
45 69
45 69
44 69
44 69
43 70
43 71
43 71
43 72
42 73
42 74
42 74
42 75
42 76
42 77
42 78
42 78
42 79
41 80
41 81
41 82
41 82
41 83
41 84
41 85
41 86
41 86
41 87
41 88
41 89
41 89
41 90
41 91
41 92
41 92
42 93
42 94
42 94
43 95
43 95
44 95
44 95
45 94
45 93
45 93
46 92
46 92
46 91
47 90
47 89
47 89
47 88
47 87
47 86
47 86
47 85
48 84
48 83
48 83
48 82
48 81
48 80
48 79
48 78
48 78
48 77
48 76
49 75
49 74
49 73
49 72
49 72
49 71
49 70
49 69
49 68
49 67
49 66
49 65
49 64
49 63
49 63
49 62
49 61
49 60
49 59
49 58
49 57
49 56
49 55
49 54
49 54
49 53
49 52
49 51
49 50
49 49
49 48
49 47
49 46
49 45
49 45
49 44
49 43
49 42
49 41
49 40
49 39
49 39
49 38
49 37
49 36
49 35
49 35
49 34
49 34
49 33
49 33
48 34
48 34
48 35
48 36
48 36
48 37
48 38
48 39
48 40
48 41
48 41
48 42
48 43
48 44
48 45
48 46
48 47
48 48
48 49
48 49
48 50
48 51
48 52
48 53
48 54
48 55
48 56
48 56
48 57
48 58
48 59
48 60
48 61
48 62
48 63
48 64
48 64
48 65
48 66
48 67
49 68
49 69
49 70
49 71
49 72
49 72
49 73
49 74
49 75
49 76
49 77
49 78
49 78
49 79
49 80
49 81
49 82
49 83
49 84
49 84
49 85
49 86
49 87
49 88
49 88
49 89
50 90
50 91
50 91
50 90
51 89
51 88
52 87
52 86
53 85
53 84
53 83
54 82
54 81
55 80
55 79
56 78
56 77
56 76
57 75
57 74
58 73
58 72
59 71
59 70
59 70
59 71
59 72
59 72
59 71
59 70
59 69
59 69
59 69
60 69
60 69
60 69
60 69
60 70
60 70
60 71
60 72
60 73
60 73
60 74
60 75
61 76
61 77
61 78
61 78
61 79
61 80
61 81
61 82
61 83
61 83
61 84
61 85
60 86
60 87
60 88
60 88
60 89
60 90
60 91
60 91
60 92
60 93
60 94
60 94
60 95
60 95
60 96
60 96
60 96
60 95
60 94
60 94
61 93
61 93
61 92
61 91
61 90
61 89
61 89
61 88
62 87
62 86
62 85
62 85
62 84
62 83
62 82
62 81
62 81
62 80
62 79
62 78
62 77
62 77
62 76
63 75
63 74
63 73
63 73
63 72
63 71
63 71
64 70
64 69
64 69
64 68
64 68
65 69
65 69
65 70
65 70
66 71
66 72
66 72
67 72
68 73
69 73
70 74
71 74
72 75
73 75
73 75
74 74
74 73
74 73
74 72
74 71
74 70
74 70
74 70
74 70
74 71
74 71
74 72
74 72
74 73
74 74
74 74
74 75
74 76
74 77
74 77
74 78
74 79
74 80
74 81
74 81
74 82
74 83
74 84
74 84
74 85
74 86
74 87
74 87
74 88
74 89
74 90
74 90
74 91
74 92
74 92
74 93
75 94
75 95
75 95
75 96
75 96
76 97
76 97
77 97
77 97
77 96
77 96
78 95
78 94
78 94
78 93
78 92
78 92
78 91
79 90
79 89
79 89
79 88
79 87
79 86
79 85
79 85
79 84
79 83
79 82
79 81
79 81
79 80
79 79
79 78
79 77
79 76
79 76
79 75
79 74
79 73
79 73
79 72
79 71
79 71
79 71
79 71
79 72
79 73
79 74
79 74
79 75
79 76
79 77
79 78
79 78
79 79
79 80
79 81
79 81
79 82
80 83
80 84
80 85
80 85
80 86
80 87
80 88
80 88
80 89
80 90
80 91
80 91
80 92
80 93
80 93
80 94
81 95
81 96
81 96
81 97
81 98
81 98
82 99
82 100
82 100
83 100
83 100
83 99
83 98
84 97
84 96
84 95
84 94
85 93
85 92
85 91
85 90
85 89
86 88
86 87
86 86
86 85
87 84
87 83
87 82
87 81
88 80
88 79
88 78
88 77
88 76
89 75
89 74
89 73
89 72
90 71
90 70
90 69
90 69
90 69
90 69
90 70
90 71
90 71
90 72
90 72
90 73
91 74
91 75
91 75
91 76
91 77
91 78
91 78
91 79
91 80
91 81
91 81
91 82
91 83
91 84
91 85
91 85
91 86
91 87
91 88
91 88
91 89
91 90
91 91
91 91
91 92
91 93
91 94
91 94
91 95
91 96
91 96
91 97
91 97
91 97
91 97
91 96
91 96
91 95
91 94
91 94
91 93
92 92
92 91
92 91
92 90
92 89
92 88
92 88
92 87
92 86
92 85
92 84
92 84
92 83
92 82
92 81
92 80
92 80
92 79
93 78
93 77
93 76
93 76
93 75
93 74
93 73
93 73
93 72
93 72
94 72
94 72
94 72
94 73
94 73
95 74
95 75
95 75
95 76
95 77
95 77
95 78
95 79
95 80
95 80
95 81
95 82
95 83
95 83
95 84
95 85
95 86
95 86
95 87
95 88
95 89
95 89
95 90
95 91
95 92
95 92
95 93
95 94
95 94
95 95
95 96
95 96
95 97
95 97
96 98
96 98
97 98
97 98
98 98
98 98
99 97
100 97
