1 27
1 26
1 26
1 25
1 24
1 24
1 24
0 24
0 24
0 25
0 26
0 26
0 27
0 28
0 28
0 29
0 30
0 31
0 32
0 32
0 33
0 34
0 35
0 36
0 36
0 37
0 38
0 39
0 40
0 41
0 41
0 42
0 43
0 44
0 45
0 46
0 47
0 47
0 48
0 49
0 50
0 51
0 52
0 53
0 53
0 54
0 55
0 56
0 57
0 57
0 58
1 59
1 60
1 60
1 61
1 62
1 62
2 63
2 63
2 64
2 64
3 64
3 64
3 63
3 62
3 62
4 61
4 60
4 60
4 59
5 58
5 57
5 56
5 56
5 55
5 54
6 53
6 52
6 51
6 51
6 50
6 49
6 48
6 47
6 46
6 46
6 45
7 44
7 43
7 43
7 42
7 41
7 41
7 41
7 41
7 41
7 42
7 43
7 43
7 44
7 45
7 45
7 46
7 47
7 48
7 48
7 49
7 50
7 51
7 52
7 52
7 53
7 54
7 55
7 56
7 56
7 57
7 58
7 59
7 60
7 60
7 61
7 62
7 63
7 64
7 64
7 65
8 66
8 67
8 67
8 68
8 69
8 69
9 69
9 69
10 69
10 69
11 68
11 67
11 67
12 66
12 65
12 65
12 64
13 63
13 62
13 62
14 61
14 60
14 60
14 59
15 58
15 57
15 57
15 56
15 55
15 54
15 54
15 53
16 52
16 51
16 50
16 50
16 49
16 48
16 47
16 46
16 46
16 45
16 44
16 43
16 42
16 41
16 40
16 40
16 39
16 38
16 37
16 36
16 35
16 34
16 34
16 33
16 32
16 31
16 30
16 29
16 28
16 27
16 27
16 26
16 25
15 24
15 23
15 22
15 21
15 21
15 20
15 19
15 18
15 17
15 16
15 15
15 15
15 14
15 13
15 12
15 11
15 11
15 10
14 9
14 8
14 8
14 7
14 7
14 7
14 7
14 8
15 9
15 10
15 11
16 12
16 13
16 14
16 15
17 16
17 17
17 18
18 19
18 20
18 21
19 22
19 23
19 24
20 25
20 26
20 27
20 28
21 29
21 30
21 31
22 32
22 33
22 34
23 35
23 36
23 37
23 38
24 39
24 40
24 41
25 42
25 43
25 43
25 42
25 41
25 41
25 41
25 40
25 40
25 41
25 41
24 42
24 42
23 43
23 44
23 44
23 45
22 46
22 47
22 47
22 48
21 49
21 50
21 50
21 51
21 52
21 53
21 53
21 54
21 55
21 56
21 57
21 57
21 58
21 59
21 60
21 60
21 61
21 62
21 63
21 63
21 64
21 64
22 65
22 65
22 64
22 64
23 63
23 62
23 62
23 61
24 60
24 59
24 59
24 58
24 57
24 56
24 55
24 55
24 54
25 53
25 52
25 51
25 51
25 50
25 49
25 48
25 48
25 47
25 46
25 46
25 45
25 45
25 45
24 46
24 46
24 47
24 47
24 48
24 49
24 49
24 50
24 51
24 52
24 52
24 53
24 54
24 55
24 55
24 56
24 57
24 58
24 58
24 59
24 60
24 60
24 61
24 62
24 62
24 63
24 63
25 64
25 65
25 65
25 65
25 66
25 66
26 66
26 66
26 66
26 66
27 66
27 66
27 65
27 65
27 64
27 63
27 63
28 62
28 61
28 61
28 60
28 59
28 58
28 58
29 57
29 56
29 56
29 55
29 55
30 54
30 53
30 53
30 52
30 52
30 51
30 51
31 51
31 51
31 51
31 51
31 52
31 52
31 53
31 54
31 55
31 55
30 56
30 57
30 57
30 58
30 59
30 60
30 60
30 61
30 62
30 62
30 63
30 64
30 64
30 64
30 64
30 64
30 63
30 63
30 62
31 61
31 60
31 60
31 59
31 58
31 57
31 57
31 56
31 55
31 54
31 54
32 53
32 52
32 52
32 51
32 50
32 50
32 49
32 48
32 48
33 47
33 47
33 46
33 46
33 47
33 47
33 47
33 48
33 49
33 49
33 50
33 50
33 51
33 52
33 52
33 53
33 54
33 54
33 55
33 56
33 56
33 57
33 58
33 58
33 59
33 59
34 60
34 61
34 61
34 62
34 62
34 63
34 64
34 64
34 64
34 65
34 65
34 66
34 66
34 66
34 66
34 67
34 67
34 67
34 67
35 67
35 67
35 67
35 67
35 67
35 67
35 67
35 67
35 67
36 67
36 67
36 66
36 66
36 66
36 66
37 65
37 65
37 65
38 64
38 64
38 63
38 63
39 62
39 61
39 61
40 60
40 60
40 59
40 58
40 58
41 57
41 56
41 56
42 55
42 54
42 54
43 53
43 52
43 52
43 51
43 50
43 49
43 49
43 48
44 47
44 46
44 46
44 45
44 44
44 44
44 43
44 42
44 42
44 41
44 40
44 40
44 39
44 38
44 38
44 37
44 36
44 36
43 35
43 35
43 34
43 34
43 34
43 34
42 35
42 35
42 36
42 36
42 37
42 38
42 38
41 39
41 40
41 40
41 41
41 42
41 42
40 43
40 44
40 44
40 45
40 45
40 46
40 46
39 47
39 48
39 48
39 49
39 50
39 50
39 51
39 52
39 52
39 53
39 53
39 54
39 54
39 55
39 55
39 56
39 56
39 57
39 57
39 58
39 58
39 58
40 59
40 59
40 59
40 59
40 59
41 58
41 58
41 57
41 57
42 56
42 56
42 55
42 54
42 54
42 54
43 53
43 53
43 53
43 53
43 53
43 53
43 53
43 53
43 54
43 54
43 54
43 55
43 55
42 56
42 56
42 57
42 58
42 58
42 59
42 60
42 61
42 61
42 62
42 63
42 64
42 64
42 65
42 66
42 67
42 67
42 68
42 69
42 70
42 71
42 71
42 72
42 73
42 74
42 75
42 75
42 76
42 77
41 78
41 79
41 80
41 80
41 81
41 82
41 83
41 84
41 85
41 86
41 86
41 87
41 88
40 89
40 90
40 91
40 91
40 92
39 93
39 94
39 95
39 95
39 96
38 97
38 98
38 98
38 99
38 100
38 100
38 100
37 100
37 100
37 100
37 99
37 98
37 98
37 97
37 96
37 95
37 95
37 94
37 93
38 92
38 91
38 90
38 90
38 89
38 88
38 87
39 86
39 85
39 84
39 83
39 83
39 82
40 81
40 80
40 79
40 78
41 77
41 76
41 75
41 75
41 74
41 73
42 72
42 71
42 70
42 69
42 69
42 68
42 67
43 66
43 65
43 64
43 63
43 63
43 62
43 61
44 60
44 59
44 58
44 58
45 57
45 56
45 56
46 55
46 54
47 53
47 52
48 51
48 50
49 49
49 48
50 47
50 46
51 45
51 44
52 43
52 42
53 41
53 40
54 39
54 38
55 37
55 36
56 35
56 34
57 33
58 32
58 31
59 30
59 29
60 28
60 27
61 26
61 25
62 24
62 23
63 22
63 21
64 20
64 19
65 18
65 17
66 16
66 15
67 14
67 13
68 12
68 11
69 10
69 10
68 9
68 8
68 8
68 7
68 6
68 6
68 5
68 4
68 4
67 3
67 2
67 2
67 1
67 0
67 0
66 1
66 1
65 1
65 1
64 1
64 1
63 2
62 3
62 3
62 4
61 5
61 6
61 7
61 7
61 8
60 9
60 10
60 11
60 11
60 12
59 13
59 14
59 15
59 16
58 17
58 18
58 18
58 19
58 20
57 21
57 22
57 23
57 24
57 24
57 25
57 26
57 27
56 28
56 29
56 30
56 31
56 31
56 32
56 33
56 34
55 35
55 36
55 37
55 38
55 39
55 39
55 40
55 41
55 42
55 43
55 44
55 45
55 45
55 46
55 47
55 48
55 49
55 49
55 50
56 51
56 52
56 53
56 53
57 54
57 55
57 55
58 55
59 55
59 55
60 54
60 54
61 53
61 53
62 52
62 51
63 50
63 50
63 49
64 48
64 47
64 46
64 46
64 45
65 44
65 43
65 43
66 42
66 41
66 41
66 40
66 39
66 39
66 38
65 37
65 36
64 35
64 34
64 34
64 35
64 36
64 36
63 37
63 37
63 37
63 37
64 38
64 38
64 38
65 37
65 37
66 36
66 36
67 35
67 35
67 34
67 34
68 33
68 33
68 33
68 34
68 34
68 34
68 35
68 36
68 36
68 37
68 38
68 39
68 39
68 40
68 41
68 42
68 43
68 43
68 44
68 45
68 46
68 47
68 47
68 48
68 49
67 50
67 51
67 52
67 52
67 53
67 54
67 55
67 56
67 56
67 57
67 58
67 59
67 59
67 60
67 61
67 62
67 62
67 63
67 64
67 64
67 65
67 65
67 65
67 65
68 64
68 63
69 62
69 61
70 60
71 59
71 58
72 57
72 56
73 55
74 54
74 53
75 52
75 51
76 50
77 49
77 48
78 47
78 46
79 45
79 45
78 44
78 44
78 43
78 42
78 42
78 41
78 40
78 40
77 39
77 38
77 38
77 37
77 37
77 37
76 38
76 38
75 39
75 40
75 40
75 41
74 42
74 43
74 44
74 44
74 45
74 46
74 47
74 48
74 48
74 49
73 50
73 51
73 52
73 52
73 53
73 54
73 55
73 56
73 56
73 57
73 58
73 59
73 60
73 60
73 61
73 62
73 62
74 63
74 63
74 63
75 62
75 62
75 61
76 60
76 59
76 58
76 58
76 57
77 56
77 55
77 54
77 54
77 53
78 52
78 51
78 50
78 50
78 49
78 48
78 47
78 47
78 46
78 45
78 44
78 44
78 43
78 43
78 43
78 43
78 44
78 44
78 45
78 46
78 46
77 47
77 48
77 48
77 49
77 50
77 51
77 51
77 52
77 53
77 54
77 54
77 55
77 56
77 56
77 57
78 58
78 59
78 59
78 60
78 61
78 62
78 62
78 63
78 64
78 64
78 65
78 65
78 66
78 66
79 67
79 67
79 67
79 66
79 65
79 65
80 64
80 63
80 63
80 62
81 61
81 60
81 60
81 59
82 58
82 57
82 57
82 56
83 55
83 54
83 54
83 53
83 52
83 51
83 51
84 50
84 49
84 49
84 48
84 48
84 47
84 47
84 46
84 46
84 46
84 46
84 46
84 47
84 47
84 48
84 49
84 49
84 50
84 51
84 52
84 52
84 53
84 54
84 55
84 56
84 56
84 57
83 58
83 59
83 59
83 60
83 61
83 62
83 62
83 63
83 64
83 64
83 65
83 65
83 66
83 66
83 66
83 65
83 65
83 64
83 63
83 63
83 62
83 61
83 60
83 60
84 59
84 58
84 58
84 57
84 56
84 55
84 55
84 54
85 53
85 52
85 52
85 51
85 50
85 49
85 49
85 48
85 47
85 46
85 46
85 45
86 44
86 43
86 43
87 42
87 42
87 41
87 41
87 41
88 41
88 41
88 42
88 42
88 43
88 44
88 44
88 45
88 46
88 46
88 47
87 48
87 49
87 49
87 50
87 51
87 52
87 52
87 53
87 54
87 55
87 55
87 56
87 57
87 57
87 58
87 59
87 59
87 60
87 61
87 61
88 62
88 62
88 62
88 62
88 62
88 62
89 62
89 62
89 61
89 61
89 60
89 60
90 60
90 60
90 59
90 59
90 58
90 58
90 57
90 56
90 56
91 55
91 55
92 54
92 53
92 53
92 52
92 51
92 51
93 50
93 50
93 49
93 49
94 48
94 48
94 47
94 47
94 46
94 46
94 45
94 45
95 44
95 44
95 44
95 43
95 43
95 43
95 43
95 43
95 43
95 43
95 43
95 43
95 43
95 43
95 42
95 42
95 42
95 41
95 41
95 41
95 41
95 40
95 39
95 39
95 38
95 38
95 38
95 37
95 36
95 36
95 35
95 35
95 34
95 33
95 33
95 32
95 32
95 31
95 31
94 30
94 30
94 30
94 30
94 30
93 31
93 31
93 32
93 32
92 33
92 34
92 34
92 35
92 35
91 36
91 37
91 37
91 38
91 39
91 39
91 40
91 40
91 41
91 41
91 42
91 43
91 43
91 44
91 44
91 45
91 45
91 46
91 46
91 47
91 47
91 48
91 48
91 48
91 49
91 49
91 49
91 50
91 50
91 50
91 50
91 51
91 51
91 51
92 51
92 51
92 51
92 51
93 50
93 50
93 50
93 49
93 49
94 48
94 48
94 47
94 47
94 46
94 45
94 45
95 44
95 44
95 44
95 44
95 44
95 44
95 44
95 45
95 45
95 45
95 46
95 46
95 46
95 47
95 47
94 48
94 48
94 49
94 50
94 50
94 51
94 52
94 52
94 53
94 54
94 54
94 55
94 56
94 56
94 57
94 58
94 59
94 59
94 60
94 61
94 62
94 62
94 63
94 64
94 65
94 66
94 66
94 67
94 68
94 69
94 70
94 71
94 71
94 72
94 73
93 74
93 75
93 76
93 76
93 77
93 78
93 79
93 80
93 80
93 81
92 82
92 83
92 84
92 84
92 85
92 86
92 87
92 87
91 88
91 89
91 89
91 89
91 89
90 89
90 89
90 88
90 88
90 87
90 86
90 86
90 85
90 84
90 84
90 83
90 82
90 81
90 81
90 80
90 79
90 78
90 78
90 77
90 76
91 75
91 74
91 73
91 72
91 72
91 71
92 70
92 69
92 68
93 67
93 66
93 66
93 65
93 64
93 63
94 62
94 61
94 60
94 59
94 59
95 58
95 57
96 56
96 55
96 55
96 54
97 53
97 52
97 52
97 51
98 50
98 49
98 49
99 48
99 48
99 47
99 47
100 46
