0 12
0 11
0 10
0 10
0 10
0 9
0 9
0 9
0 9
0 9
0 9
0 9
0 10
0 11
0 11
0 12
0 13
0 13
0 14
0 15
0 16
0 16
0 17
0 18
0 19
0 20
0 21
0 21
0 22
0 23
0 24
0 25
0 25
0 26
0 27
0 28
0 29
0 30
0 30
0 31
1 32
1 33
1 34
1 34
1 35
1 36
1 37
1 38
1 38
1 39
1 40
1 40
2 41
2 42
2 42
2 42
2 42
3 41
3 41
3 40
3 39
3 39
4 38
4 37
4 37
4 36
4 35
4 34
4 33
4 33
4 32
5 31
5 30
5 30
5 29
5 28
5 27
5 27
5 26
5 25
5 24
5 24
5 23
5 22
5 22
5 22
5 22
5 22
5 23
5 23
5 24
5 25
5 25
5 26
6 27
6 28
6 28
6 29
6 30
6 31
6 32
6 32
6 33
6 34
6 35
6 36
6 36
6 37
7 38
7 39
7 40
7 40
7 41
7 42
7 43
7 43
8 44
8 45
8 45
9 46
9 47
9 47
9 48
9 48
10 48
10 48
11 47
11 47
12 46
12 45
12 45
12 44
13 43
13 42
13 42
13 41
13 40
14 39
14 38
14 37
14 37
14 36
14 35
15 34
15 33
15 32
15 32
15 31
15 30
16 29
16 28
16 27
16 27
16 26
16 25
16 24
16 23
16 22
16 22
16 21
17 20
17 19
17 18
17 18
17 17
17 16
17 15
17 14
17 14
17 13
16 12
16 11
16 11
16 10
16 9
16 8
16 8
16 7
16 6
16 6
15 5
15 5
15 4
15 4
14 3
14 3
14 2
14 2
13 2
13 2
13 1
13 1
13 1
13 0
13 0
13 0
13 0
13 0
13 1
14 2
14 3
15 4
15 5
16 6
16 7
16 8
17 9
17 10
18 11
18 12
19 13
19 14
19 15
20 16
20 17
21 18
21 19
21 20
22 21
22 22
23 23
23 24
24 25
24 26
24 27
25 28
25 29
26 30
26 31
27 32
27 33
27 33
27 32
28 31
28 30
28 30
28 29
28 29
28 28
28 27
28 27
28 26
28 26
28 25
28 24
28 24
28 23
28 22
28 22
27 21
27 20
27 20
27 19
27 18
27 18
27 17
27 17
26 16
26 16
26 16
25 16
25 16
25 17
25 18
25 18
24 19
24 20
24 20
24 21
24 22
24 23
24 23
24 24
24 25
24 26
24 26
24 27
24 28
24 29
24 30
24 30
24 31
24 32
24 33
24 33
24 34
24 35
24 36
24 36
24 37
24 38
24 38
24 39
24 40
24 40
24 41
24 41
25 41
25 41
25 41
25 40
25 40
26 39
26 38
26 38
26 37
26 36
26 36
26 35
26 34
26 33
26 33
27 32
27 31
27 31
27 30
27 29
27 29
27 28
27 27
27 27
27 27
27 27
27 27
27 28
27 28
27 29
27 30
27 30
27 31
27 32
27 32
27 33
27 34
27 35
27 35
27 36
27 37
27 37
28 38
28 39
28 39
28 40
28 41
28 41
29 42
29 42
30 42
30 42
30 42
31 41
31 41
31 40
31 39
31 39
32 38
32 38
32 37
32 37
32 36
32 35
32 34
33 33
33 32
33 31
33 30
33 29
33 28
33 27
34 26
34 25
34 24
34 23
34 23
35 22
35 22
35 22
35 21
35 21
35 21
35 21
35 22
35 22
35 23
35 24
35 24
35 25
35 26
35 27
35 27
35 28
36 29
36 30
36 30
36 31
36 32
36 33
36 34
36 34
36 35
36 36
36 37
36 37
36 38
36 39
36 40
36 41
36 41
36 42
36 43
36 43
36 44
36 44
36 44
36 44
36 44
36 43
36 43
36 42
36 41
36 41
36 40
37 39
37 38
37 37
37 37
37 36
37 35
37 34
37 33
37 33
37 32
37 31
37 30
37 29
37 29
37 28
37 27
37 26
37 26
38 25
38 24
38 24
38 23
38 22
38 22
38 21
38 21
38 20
38 20
39 21
39 21
39 22
39 22
39 23
39 23
39 24
40 25
40 26
40 26
40 27
40 28
40 28
40 29
40 30
40 31
40 31
41 32
41 33
41 33
41 34
41 35
41 36
41 36
41 37
41 38
41 39
41 39
42 40
42 41
42 41
42 42
42 43
42 43
43 44
43 44
43 44
43 44
44 43
44 43
45 42
45 41
45 41
46 40
46 39
46 39
46 38
46 37
46 36
46 35
46 35
46 34
47 33
47 32
47 32
47 31
48 30
48 29
48 29
48 28
48 27
48 26
48 25
48 25
48 24
48 23
48 22
48 22
48 21
48 20
48 19
48 19
48 18
48 18
48 18
48 18
47 19
47 19
47 20
47 20
47 21
46 22
46 23
46 23
46 24
46 25
46 25
46 26
46 27
46 28
46 28
46 29
46 30
46 31
46 31
46 32
46 33
46 34
46 34
46 35
46 36
46 36
46 37
46 38
46 38
47 39
47 39
48 39
48 39
48 39
49 38
49 38
49 37
50 36
50 35
50 35
51 34
51 33
51 33
51 32
51 31
51 30
51 30
51 29
52 28
52 27
52 27
52 26
52 25
52 24
52 24
52 23
52 22
52 22
52 21
52 20
52 20
52 20
52 19
52 19
52 20
52 20
52 20
51 21
51 21
51 22
51 23
51 23
51 24
51 25
51 26
51 26
51 27
51 28
51 29
51 29
51 30
51 31
51 32
51 33
51 33
51 34
51 35
51 36
51 37
51 38
51 39
51 39
51 40
51 41
52 42
52 43
52 44
52 45
52 45
52 46
52 47
52 48
52 49
52 50
52 51
52 51
52 52
52 53
52 54
52 55
52 56
52 57
52 58
52 58
52 59
52 60
52 61
53 62
53 63
53 64
53 65
53 65
53 66
53 67
53 68
53 69
53 70
53 71
53 72
53 72
53 73
53 74
53 75
53 76
53 77
53 78
53 78
53 79
53 80
54 81
54 82
54 83
54 83
54 84
54 85
54 86
54 87
54 87
54 88
54 89
54 89
54 90
54 91
54 92
54 92
54 93
54 93
54 94
54 95
54 95
53 95
53 95
53 95
52 94
52 94
51 93
51 93
50 92
50 92
49 91
49 90
49 90
48 89
48 89
48 88
48 87
48 87
47 86
47 85
47 85
47 84
47 83
47 83
47 82
47 81
47 81
47 80
47 80
46 79
46 78
46 78
46 77
46 76
46 76
46 75
46 74
46 74
46 73
46 72
46 72
46 71
46 71
46 70
46 69
46 69
47 68
47 68
47 68
47 68
47 68
47 67
47 67
47 67
47 67
47 67
47 67
48 66
48 65
49 64
49 63
50 62
50 61
51 60
52 59
52 58
53 57
53 56
54 55
55 54
55 53
56 52
56 51
57 50
57 49
58 48
59 47
59 46
60 45
60 44
61 43
61 42
62 41
63 40
63 39
64 38
64 37
65 36
66 35
66 34
67 33
67 32
68 31
68 30
69 29
69 29
69 28
69 27
69 26
69 25
69 24
69 24
69 23
69 23
69 22
69 21
69 20
69 20
69 19
69 18
69 18
69 17
69 16
69 16
69 15
69 14
69 14
68 13
68 12
68 12
68 11
68 11
67 10
67 10
67 10
66 10
66 10
65 11
65 11
65 12
64 13
64 14
64 14
64 15
63 16
63 17
63 17
63 18
62 19
62 20
62 21
62 21
62 22
62 23
62 24
62 25
62 26
62 26
62 27
62 28
61 29
61 30
61 31
61 31
61 32
61 33
61 34
61 35
61 36
61 37
61 37
61 38
61 39
61 40
62 41
62 42
62 43
62 44
62 44
62 45
62 46
62 47
62 48
62 48
62 49
63 50
63 51
63 52
63 52
63 53
64 54
64 55
64 56
64 56
65 57
65 58
65 58
66 58
66 58
67 58
67 58
68 57
68 56
68 56
68 55
69 54
69 53
69 53
69 52
70 51
70 50
70 50
70 49
71 48
71 47
71 47
71 46
71 45
71 44
71 44
72 43
72 42
72 42
72 42
72 42
72 42
72 42
72 42
72 42
72 43
72 43
72 43
71 42
71 41
70 40
70 39
69 38
69 38
68 37
68 37
68 36
68 36
68 36
68 36
68 36
68 35
68 35
69 35
69 35
69 34
69 34
70 34
70 34
71 34
71 34
72 34
72 34
72 34
73 35
73 35
74 36
74 36
74 37
74 37
74 38
74 39
74 39
74 40
74 41
74 41
75 42
75 43
75 43
75 44
74 45
74 46
74 46
74 47
74 48
74 49
74 49
74 50
74 51
74 52
74 53
74 53
74 54
74 55
74 56
74 56
74 57
74 58
74 59
74 60
74 60
74 61
74 62
74 63
74 63
74 64
74 65
74 66
74 66
74 67
74 68
74 68
74 69
74 69
74 70
74 70
74 70
74 70
74 69
74 69
74 68
74 67
74 67
74 66
75 65
75 64
75 63
76 62
76 61
76 60
76 59
77 58
77 57
77 56
78 55
78 54
78 53
79 52
79 51
79 50
79 49
80 48
80 47
80 46
81 45
81 44
81 44
82 45
82 45
82 44
82 44
82 43
82 43
82 43
82 42
82 42
82 41
82 41
82 40
82 39
82 39
82 38
82 38
82 37
82 37
82 36
82 35
82 35
81 34
81 34
81 33
81 33
80 33
80 33
80 33
80 33
79 34
79 34
79 35
79 36
79 37
79 37
79 38
78 39
78 40
78 40
78 41
78 42
78 43
78 43
78 44
78 45
78 46
78 46
78 47
78 48
78 49
78 50
78 50
78 51
78 52
78 53
78 53
78 54
78 55
78 56
78 56
78 57
78 58
78 58
78 59
78 60
78 60
79 60
79 60
79 60
79 59
79 59
80 58
80 58
80 57
80 56
80 55
80 55
80 54
81 53
81 52
81 52
81 51
81 50
81 49
81 49
81 48
82 47
82 46
82 46
82 45
82 44
82 44
82 43
82 43
82 43
82 43
82 43
82 44
82 44
82 45
82 46
82 46
82 47
82 48
82 48
82 49
82 50
82 50
82 51
82 52
82 52
83 53
83 54
83 54
83 55
83 56
83 56
83 57
83 57
84 57
84 57
84 57
85 56
85 56
85 55
85 54
85 54
85 53
86 52
86 51
86 51
86 50
86 49
86 49
86 48
86 47
86 46
86 46
87 45
87 44
87 44
87 43
87 42
87 42
87 41
87 41
87 40
87 40
87 40
87 40
87 40
88 41
88 42
88 42
88 43
88 44
88 44
88 45
88 46
88 46
88 47
88 48
88 49
88 49
88 50
88 51
88 51
88 52
88 53
88 53
88 54
88 55
88 55
88 56
88 56
88 57
88 57
88 57
88 57
88 56
88 56
88 55
88 54
88 54
89 53
89 52
89 52
89 51
89 50
89 49
89 49
90 48
90 47
90 47
90 46
90 45
90 45
90 44
90 44
90 43
90 43
91 43
91 43
91 43
91 44
91 44
91 45
91 45
91 46
91 46
91 47
91 48
91 48
91 49
91 50
91 50
91 51
91 52
91 52
91 53
91 54
91 54
91 55
91 55
92 56
92 56
92 57
92 57
92 58
92 58
92 58
93 57
93 57
94 56
94 56
94 55
94 55
95 54
95 53
95 53
96 52
96 51
96 51
96 50
97 49
97 48
97 48
97 47
97 46
97 46
97 45
98 44
98 43
98 43
98 42
98 41
98 40
98 40
98 39
98 38
98 37
98 37
98 36
98 35
98 35
97 34
97 34
97 34
97 34
97 34
97 34
96 35
96 35
96 36
96 36
96 37
96 38
96 38
96 39
96 40
96 41
96 41
95 42
95 43
95 43
95 44
95 45
95 45
95 46
95 47
95 47
96 48
96 48
96 49
96 50
96 50
96 50
97 51
97 51
97 51
98 51
98 51
98 50
98 50
99 49
99 48
99 48
99 47
99 47
99 46
99 45
99 45
100 44
100 43
100 43
100 42
100 42
100 41
100 41
99 40
99 40
99 39
99 39
99 39
99 39
99 39
99 40
99 40
99 41
99 41
99 42
99 42
99 43
99 44
99 44
99 45
99 46
99 46
99 47
99 48
99 48
99 49
99 50
99 50
99 51
99 52
99 53
99 53
99 54
99 55
99 56
99 56
99 57
99 58
99 59
99 59
99 60
99 61
99 62
99 63
99 63
99 64
99 65
99 66
99 67
99 67
99 68
99 69
99 70
99 71
99 72
99 72
99 73
99 74
99 75
99 76
99 77
99 77
99 78
99 79
99 80
99 81
99 82
99 82
99 83
99 84
99 85
99 86
99 86
99 87
99 88
99 89
99 89
99 90
99 91
99 91
99 92
99 93
99 94
99 94
98 95
98 96
98 96
98 97
98 98
98 98
98 99
98 99
97 100
97 100
97 100
96 100
96 100
96 100
95 99
95 99
94 98
94 97
94 97
93 96
93 95
93 95
92 94
92 93
92 93
92 92
92 91
92 91
91 90
91 90
91 89
91 88
91 88
91 87
91 86
91 85
91 85
92 84
92 83
92 83
92 82
92 81
92 80
92 80
92 79
92 78
92 77
92 77
92 76
93 75
93 74
93 73
93 73
93 72
93 71
93 70
93 70
93 69
93 68
93 68
93 67
93 67
93 66
