0 19
0 18
0 17
0 16
0 15
0 15
0 15
0 15
0 15
0 15
0 15
0 16
0 17
0 17
0 18
0 19
0 19
0 20
0 21
0 22
0 22
0 23
0 24
0 25
0 26
0 26
0 27
0 28
0 29
0 30
0 31
0 31
0 32
0 33
1 34
1 35
1 36
1 36
1 37
1 38
1 39
1 40
1 41
1 41
1 42
1 43
1 44
1 45
1 45
1 46
2 47
2 48
2 48
2 49
2 50
2 50
3 51
3 51
3 51
4 50
4 49
4 49
5 48
5 47
5 47
5 46
6 45
6 44
6 43
6 43
6 42
6 41
6 40
6 39
6 38
6 38
6 37
6 36
7 35
7 34
7 33
7 33
7 32
7 31
7 30
7 29
7 28
7 28
7 27
7 26
7 25
7 25
7 24
7 23
7 23
7 22
7 22
7 22
7 23
7 23
7 23
7 24
7 25
7 26
7 26
7 27
7 28
7 28
7 29
7 30
7 31
7 32
7 32
7 33
7 34
7 35
7 35
7 36
8 37
8 38
8 38
8 39
8 40
8 41
8 42
8 42
8 43
9 44
9 45
9 45
9 46
9 47
9 47
10 48
10 49
10 49
11 50
11 50
12 51
12 51
12 50
12 50
13 49
13 49
14 48
14 47
14 47
14 46
14 45
14 44
14 44
14 43
15 42
15 41
15 40
15 40
15 39
15 38
15 37
15 36
15 35
15 35
15 34
15 33
16 32
16 31
16 30
16 30
16 29
16 28
16 27
16 26
16 25
16 25
16 24
16 23
16 22
16 21
16 20
16 20
16 19
15 18
15 17
15 16
15 16
15 15
15 14
15 13
15 12
15 12
15 11
15 10
15 9
15 9
15 8
14 7
14 6
14 6
14 5
14 5
13 4
13 4
13 3
13 3
13 2
13 2
13 1
13 1
12 1
12 1
12 1
12 0
12 0
12 0
12 0
13 1
13 1
13 2
14 3
14 4
14 5
15 6
15 7
15 8
16 9
16 10
17 11
17 12
17 13
18 14
18 15
18 16
19 17
19 18
19 19
20 20
20 21
20 22
21 23
21 24
21 25
22 26
22 27
22 28
23 29
23 30
24 31
24 32
24 33
25 34
25 35
25 36
26 37
26 38
26 38
27 37
27 36
27 36
26 35
26 35
26 34
27 33
27 32
27 31
27 31
27 30
27 29
27 28
27 28
27 27
27 26
27 25
27 24
27 24
27 23
27 22
27 21
27 21
27 20
27 19
27 18
27 17
27 17
27 16
26 15
26 14
26 14
26 13
26 12
26 11
26 11
26 10
26 10
25 9
25 9
25 9
24 10
24 11
24 11
23 12
23 13
23 13
23 14
23 15
23 16
23 17
23 17
23 18
22 19
22 20
22 21
22 21
22 22
22 23
22 24
22 25
22 26
22 26
22 27
22 28
22 29
22 30
22 31
22 31
22 32
22 33
22 34
22 35
22 35
22 36
22 37
22 38
22 39
22 40
22 40
22 41
22 42
22 42
23 43
23 44
23 44
23 45
23 45
24 45
24 45
24 44
24 44
25 43
25 42
25 42
26 41
26 40
26 40
26 39
26 38
26 37
26 37
26 36
26 35
26 34
26 33
26 33
26 32
26 31
26 31
26 30
26 30
26 29
26 29
26 29
26 29
26 30
26 30
26 31
26 32
26 32
26 33
26 34
26 35
26 35
26 36
27 37
27 38
27 38
27 39
27 40
27 41
27 41
27 42
27 42
28 43
28 43
29 44
29 44
29 43
29 43
30 42
30 42
31 41
31 40
31 40
31 39
31 38
31 38
31 37
31 36
31 35
32 34
32 33
32 32
32 31
32 30
32 29
32 28
32 27
33 26
33 25
33 24
33 23
33 22
33 22
34 21
34 21
33 20
33 19
33 19
33 18
33 18
33 18
33 18
33 18
34 19
34 20
34 20
34 21
34 22
34 23
34 23
34 24
34 25
34 26
34 27
34 27
34 28
34 29
34 30
34 31
34 31
34 32
34 33
34 34
34 35
34 35
34 36
34 37
34 38
34 39
34 39
34 40
34 41
34 42
34 42
34 43
34 44
34 44
34 45
34 45
34 46
34 46
34 46
34 45
34 45
34 44
34 43
34 42
34 42
34 41
35 40
35 39
35 39
35 38
35 37
35 36
35 35
35 35
35 34
35 33
35 32
35 31
35 31
35 30
35 29
35 28
35 27
35 27
35 26
36 25
36 24
36 24
36 23
36 23
36 22
36 22
37 21
37 21
37 22
37 22
37 23
37 23
38 24
38 25
38 25
38 26
38 27
38 28
38 28
38 29
38 30
38 31
38 31
38 32
39 33
39 34
39 35
39 35
39 36
39 37
39 38
39 38
39 39
39 40
39 41
39 41
39 42
40 43
40 44
40 44
40 45
40 45
40 46
40 46
41 46
41 46
41 46
42 45
42 45
42 44
42 43
42 42
42 42
42 41
43 40
43 39
43 39
43 38
44 37
44 36
44 35
44 35
44 34
44 33
44 32
44 31
44 31
44 30
44 29
44 28
44 27
44 27
44 26
44 25
44 24
44 23
44 23
44 22
45 21
45 20
45 20
45 19
45 18
45 17
45 17
45 16
45 16
45 15
45 15
45 15
44 16
44 16
44 17
44 18
44 18
44 19
44 20
44 21
44 21
44 22
44 23
44 24
44 25
44 25
44 26
44 27
44 28
44 28
44 29
44 30
44 31
44 32
44 32
44 33
44 34
44 35
44 35
44 36
45 37
45 38
45 39
45 39
45 40
45 41
45 41
46 41
46 41
46 41
47 40
47 39
47 39
47 38
48 37
48 36
48 36
48 35
49 34
49 33
49 33
49 32
50 31
50 30
50 29
50 29
50 28
50 27
50 26
50 25
50 25
50 24
51 23
51 22
51 22
51 21
51 20
51 19
51 19
50 18
50 18
50 17
50 17
50 16
50 16
50 16
50 17
50 17
49 18
49 18
49 19
49 20
49 20
49 21
49 22
49 22
49 23
49 24
49 25
49 25
49 26
49 27
49 28
49 29
49 29
49 30
49 31
50 32
50 33
50 34
50 34
50 35
50 36
50 37
50 38
50 39
50 40
50 40
50 41
50 42
51 43
51 44
51 45
51 46
51 46
51 47
51 48
51 49
51 50
51 51
51 52
51 53
51 53
51 54
51 55
51 56
52 57
52 58
52 59
52 60
52 60
52 61
52 62
52 63
52 64
52 65
52 66
52 66
52 67
52 68
52 69
53 70
53 71
53 72
53 73
53 73
53 74
53 75
53 76
53 77
53 78
53 78
53 79
53 80
53 81
53 82
53 83
53 84
53 84
53 85
53 86
53 87
53 88
53 88
53 89
53 90
53 91
53 92
53 92
53 93
53 94
53 95
53 95
52 96
52 97
52 97
52 98
52 99
52 99
52 100
52 100
51 100
51 100
50 100
50 100
49 100
49 100
48 99
48 99
48 98
48 97
48 97
48 96
47 95
47 94
47 94
47 93
47 92
47 91
47 91
47 90
47 89
47 88
47 88
47 87
47 86
47 85
47 84
47 83
47 83
47 82
47 81
47 80
47 79
47 79
47 78
48 77
48 76
48 75
48 75
48 74
48 73
48 72
48 71
48 71
48 70
48 69
49 68
49 67
49 66
49 66
49 65
49 64
50 63
50 62
50 61
50 61
50 60
51 59
51 58
51 57
51 57
51 56
51 55
51 54
51 53
51 53
52 52
52 51
52 51
52 50
52 49
52 49
53 48
53 47
53 47
53 47
53 47
53 46
53 46
54 45
54 44
55 43
55 42
56 41
56 40
57 39
57 38
58 37
58 36
59 35
59 34
60 33
60 32
61 31
61 30
62 29
62 28
63 27
63 26
64 25
64 24
64 24
64 23
64 22
65 21
65 20
65 19
65 19
65 18
65 17
65 16
65 16
65 15
65 14
65 14
65 13
65 12
65 12
65 11
65 10
65 10
65 9
65 9
64 8
64 8
64 7
64 6
64 6
63 6
63 6
63 5
63 5
62 5
62 5
62 5
61 6
61 6
60 7
60 7
60 8
60 9
60 9
60 10
59 11
59 12
59 13
59 13
59 14
58 15
58 16
58 17
58 17
58 18
58 19
58 20
58 21
58 22
58 22
58 23
58 24
58 25
58 26
58 27
58 27
58 28
58 29
58 30
58 31
58 32
58 33
58 33
58 34
58 35
58 36
58 37
58 38
58 39
58 39
58 40
58 41
59 42
59 43
59 44
59 44
59 45
59 46
59 47
59 48
59 48
59 49
60 50
60 51
60 51
60 52
61 53
61 54
61 54
62 55
62 55
63 54
63 54
64 53
64 53
65 52
65 51
65 51
66 50
66 49
66 49
66 48
66 47
66 46
66 46
67 45
67 44
67 44
67 43
68 42
68 41
68 41
68 40
68 40
68 40
68 40
68 40
68 40
68 40
68 39
67 38
67 37
67 36
67 35
66 34
66 33
66 33
66 34
66 34
66 33
66 33
65 32
65 32
65 32
65 31
65 31
65 31
65 31
65 31
66 31
66 31
67 31
67 31
67 31
68 31
68 31
69 31
69 31
69 31
70 31
70 31
71 32
71 33
71 33
71 34
71 34
71 35
71 36
71 36
71 37
71 38
71 39
71 39
71 40
71 41
71 42
71 42
71 43
71 44
71 45
71 45
71 46
71 47
71 48
71 49
71 49
71 50
71 51
71 52
71 53
71 53
71 54
71 55
71 56
71 57
71 57
71 58
71 59
71 60
71 60
71 61
70 62
70 63
70 63
70 64
70 65
70 66
70 66
70 67
70 67
70 68
70 68
70 68
70 68
70 67
70 67
70 66
70 66
70 65
70 64
70 64
70 63
71 62
71 61
71 60
72 59
72 58
72 57
73 56
73 55
73 54
74 53
74 52
74 51
75 50
75 49
75 48
75 47
76 46
76 45
76 44
77 43
77 42
77 41
78 40
78 39
78 38
79 37
79 36
79 36
80 36
80 36
80 35
80 34
80 34
80 33
80 33
80 32
80 31
80 31
80 30
80 29
80 29
80 28
80 27
80 27
80 26
80 25
80 25
80 24
80 24
79 23
79 23
79 23
78 23
78 23
78 23
77 24
77 25
77 25
76 26
76 27
76 27
76 28
76 29
76 30
76 30
76 31
76 32
76 33
76 34
76 34
76 35
75 36
75 37
75 38
75 38
75 39
75 40
75 41
75 42
75 43
75 43
75 44
75 45
75 46
75 47
75 47
75 48
75 49
75 50
75 50
75 51
75 52
75 53
75 53
76 54
76 54
76 55
76 55
77 55
77 55
77 54
77 53
77 53
78 52
78 51
78 51
78 50
79 49
79 48
79 48
79 47
79 46
79 45
79 45
79 44
80 43
80 42
80 41
80 41
80 40
80 39
80 38
80 38
80 37
80 36
80 35
80 35
80 34
80 34
80 34
80 34
80 34
80 35
80 36
80 36
80 37
80 38
80 38
80 39
80 40
80 41
80 41
80 42
80 43
80 44
80 44
80 45
80 46
80 46
80 47
80 48
80 48
81 49
81 50
81 50
81 51
81 51
82 51
82 51
82 50
82 50
83 49
83 49
84 48
84 47
84 47
84 46
84 45
84 45
84 44
85 43
85 42
85 42
85 41
85 40
85 39
85 38
85 38
85 37
85 36
85 35
85 34
85 34
85 33
86 32
86 31
86 31
86 30
86 30
86 29
86 29
86 29
86 30
86 30
86 31
86 31
86 32
86 33
86 33
86 34
86 35
86 36
86 36
86 37
86 38
86 39
86 39
86 40
86 41
86 42
86 42
86 43
86 44
86 45
86 45
86 46
86 47
86 48
86 48
86 49
86 49
86 50
86 50
86 51
86 51
86 51
87 51
87 51
87 50
87 50
87 49
87 48
87 47
87 47
87 46
87 45
87 44
87 44
87 43
88 42
88 41
88 41
88 40
88 39
88 38
88 38
88 37
88 36
88 35
88 35
88 34
88 34
89 33
89 33
89 33
89 33
89 34
89 34
90 35
90 36
90 36
90 37
90 38
90 39
90 39
90 40
90 41
90 41
90 42
90 43
90 44
90 44
90 45
90 46
90 46
90 47
90 48
90 48
90 49
90 50
90 50
91 51
91 51
91 52
91 52
91 52
91 52
92 51
92 51
92 50
92 50
93 49
93 48
93 48
93 47
94 46
94 45
94 45
94 44
95 43
95 42
95 42
95 41
96 40
96 39
96 38
96 38
96 37
96 36
96 35
96 34
96 34
96 33
97 32
97 31
97 30
97 30
97 29
97 28
97 27
97 27
97 26
98 25
98 24
98 24
97 23
97 22
97 22
97 21
97 20
97 20
97 19
97 19
96 19
96 19
96 20
96 20
96 21
96 21
95 22
95 22
95 23
95 24
95 25
95 25
95 26
95 27
95 28
95 28
95 29
95 30
95 31
95 31
95 32
95 33
95 34
95 34
95 35
95 36
95 37
95 37
95 38
95 39
95 40
95 40
96 41
96 42
96 42
96 43
96 43
96 43
97 44
97 44
97 43
97 43
98 43
98 43
99 42
99 42
99 41
99 40
99 40
99 39
99 38
99 38
99 37
99 36
99 36
100 35
100 34
100 34
100 33
100 32
100 31
100 31
100 30
100 30
100 29
100 29
100 29
100 29
99 29
99 29
99 30
99 30
99 31
99 32
99 32
99 33
99 34
99 34
99 35
99 36
99 36
99 37
99 38
99 39
99 39
99 40
99 41
99 42
99 42
99 43
99 44
99 45
99 45
99 46
99 47
99 48
99 48
99 49
99 50
99 51
99 52
99 52
99 53
99 54
99 55
99 56
99 56
99 57
99 58
99 59
99 60
99 60
99 61
99 62
99 63
99 64
99 65
99 65
99 66
99 67
99 68
99 69
99 70
99 70
99 71
99 72
99 73
99 74
99 74
99 75
99 76
99 77
99 78
99 78
99 79
99 80
99 81
99 82
99 83
99 83
99 84
99 85
99 86
99 87
99 87
99 88
98 89
98 90
98 90
98 91
98 92
98 92
98 93
98 93
97 94
97 94
97 95
97 95
96 95
96 95
95 95
95 95
94 95
94 95
93 95
93 95
92 94
92 94
92 93
92 93
91 92
91 92
91 91
91 91
90 90
90 90
90 89
90 88
90 87
90 87
90 86
90 85
90 85
90 84
90 83
90 82
90 82
90 81
90 80
90 80
90 79
90 78
90 78
91 77
91 77
91 76
91 75
91 75
91 74
91 73
91 73
91 72
91 72
91 71
91 71
90 70
90 70
