1 23
1 23
1 22
1 21
1 21
1 20
1 20
1 20
1 19
1 19
1 19
1 19
1 19
1 19
0 20
0 20
0 21
0 21
0 22
0 22
0 23
0 24
0 24
0 25
0 26
0 27
0 27
0 28
0 29
0 30
0 30
0 31
0 32
0 33
0 34
0 34
0 35
0 36
0 37
0 37
0 38
0 39
0 40
0 41
0 41
0 42
0 43
0 44
0 45
0 45
0 46
0 47
0 48
0 48
0 49
1 50
1 51
1 51
1 52
1 53
1 53
2 54
2 54
2 54
3 53
3 52
3 52
3 51
4 50
4 49
4 49
4 48
5 47
5 46
5 45
5 45
5 44
6 43
6 42
6 41
6 41
6 40
7 39
7 38
7 37
7 37
7 36
7 35
7 34
7 33
7 33
7 32
7 31
8 30
8 29
8 28
8 28
8 27
8 26
8 25
8 24
8 24
8 23
8 22
8 21
8 21
9 20
9 19
9 19
9 19
9 19
9 19
9 19
8 20
8 21
8 21
8 22
8 23
8 23
8 24
8 25
8 26
8 26
8 27
8 28
8 29
8 30
8 30
8 31
8 32
9 33
9 34
9 35
9 35
9 36
9 37
9 38
9 39
9 39
9 40
9 41
9 42
9 43
9 43
9 44
10 45
10 46
10 47
10 47
10 48
11 49
11 50
11 51
11 51
11 52
12 53
12 54
12 54
13 55
13 56
13 56
14 57
14 57
15 57
15 57
16 56
16 56
17 55
17 54
17 54
17 53
18 52
18 51
18 50
18 50
18 49
19 48
19 47
19 46
19 46
19 45
19 44
20 43
20 42
20 41
20 41
20 40
20 39
21 38
21 37
21 36
21 36
21 35
21 34
21 33
21 32
21 31
21 30
21 29
21 29
21 28
21 27
21 26
22 25
22 24
22 23
22 22
22 22
22 21
22 20
22 19
23 18
23 17
23 16
23 15
23 15
23 14
23 13
23 12
23 11
23 10
23 10
23 9
23 8
23 7
23 6
23 6
22 5
22 4
22 4
22 3
22 2
22 2
21 2
21 2
20 1
20 1
20 1
19 0
19 0
19 0
19 0
19 0
19 0
19 0
19 1
19 1
20 2
20 2
20 2
21 3
22 3
22 3
22 4
23 5
23 6
24 7
24 8
24 9
25 10
25 11
25 12
26 13
26 14
27 15
27 16
27 17
28 18
28 19
29 20
29 21
29 22
30 23
30 24
31 25
31 26
31 27
32 28
32 29
32 30
33 31
33 32
34 33
34 34
34 34
34 35
34 36
34 37
34 37
34 37
34 37
34 37
34 37
33 37
33 37
33 36
33 36
33 35
33 35
33 34
33 34
32 33
32 32
32 32
32 31
32 31
31 30
31 29
31 29
30 28
30 28
30 27
30 27
29 27
29 27
28 27
28 27
28 28
28 28
27 29
27 30
27 30
27 31
27 32
27 33
27 33
27 34
26 35
26 36
26 37
26 37
26 38
26 39
26 40
26 41
26 41
26 42
26 43
26 44
26 45
26 45
26 46
26 47
26 48
26 49
26 49
26 50
26 51
26 52
26 53
26 54
26 54
26 55
26 56
26 56
27 57
27 58
27 58
27 58
28 57
28 57
29 56
29 55
29 55
29 54
30 53
30 52
30 52
30 51
30 50
30 49
30 49
30 48
30 47
31 46
31 45
31 44
31 44
31 43
31 42
31 41
31 40
31 40
31 39
31 38
32 37
32 36
32 35
32 35
32 34
32 33
32 33
32 32
32 31
32 31
32 31
32 30
32 30
32 30
31 31
31 31
31 32
31 33
31 33
31 34
31 35
31 35
31 36
31 37
31 38
31 38
31 39
31 40
31 41
31 42
31 42
31 43
31 44
31 45
31 46
31 46
31 47
31 48
31 49
31 49
31 50
32 51
32 52
32 53
32 53
33 54
33 55
33 55
33 56
33 56
34 55
34 55
35 54
35 53
35 53
35 52
36 51
36 50
36 50
36 49
37 48
37 47
37 47
37 46
38 45
38 44
38 44
38 43
38 42
38 41
38 41
38 40
38 39
38 39
38 38
38 37
38 36
38 36
38 35
38 35
38 34
38 34
37 34
37 34
37 34
37 35
37 35
37 36
37 37
37 37
37 38
37 39
37 40
37 40
37 41
37 42
37 43
37 43
37 44
37 45
37 46
37 47
37 47
37 48
37 49
37 50
37 50
37 51
37 52
37 52
37 53
37 53
37 54
37 54
37 54
37 53
37 52
37 52
38 51
38 50
38 50
38 49
38 48
38 47
38 47
38 46
38 45
38 44
38 44
38 43
39 42
39 41
39 41
39 40
39 39
39 39
40 38
40 37
40 37
40 37
40 37
41 38
41 38
41 39
41 40
41 40
41 41
41 42
41 42
42 43
42 44
42 44
42 45
42 46
42 47
42 47
43 48
43 49
43 49
43 50
43 51
43 51
44 52
44 52
44 51
44 51
45 50
45 50
46 49
46 49
46 48
46 47
46 47
46 46
47 45
47 44
47 44
47 43
47 42
47 41
47 41
47 40
47 39
47 38
47 38
47 37
48 36
48 35
48 35
48 34
48 33
48 32
48 32
48 31
48 30
48 30
48 29
48 29
47 29
47 29
47 28
47 28
47 29
47 29
46 30
46 30
46 31
46 32
46 33
46 33
46 34
45 35
45 36
45 36
45 37
45 38
45 39
45 40
45 41
45 41
45 42
44 43
44 44
44 45
44 45
44 46
44 47
44 48
44 49
44 49
44 50
44 51
44 52
44 52
44 53
45 54
45 55
45 55
45 56
45 56
46 56
46 56
46 56
47 55
47 54
47 54
47 53
47 52
47 51
47 51
47 50
47 49
47 48
47 48
47 47
47 46
47 45
47 45
47 44
48 43
48 42
48 42
48 41
48 40
48 40
48 40
48 40
48 41
48 42
48 42
48 43
48 44
48 44
48 45
48 46
47 47
47 48
47 49
47 49
47 50
47 51
47 52
47 53
47 54
47 54
47 55
47 56
47 57
47 58
47 59
47 60
47 60
47 61
47 62
47 63
47 64
47 65
47 66
47 67
47 67
47 68
47 69
47 70
47 71
47 72
47 73
47 74
47 74
47 75
47 76
47 77
46 78
46 79
46 80
46 81
46 82
46 82
46 83
46 84
46 85
46 86
46 87
46 88
46 88
46 89
46 90
46 91
46 92
46 93
46 93
46 94
46 95
46 96
46 97
46 97
45 98
45 99
45 99
44 100
44 100
44 100
43 99
42 99
42 99
41 98
41 98
40 97
40 96
40 96
39 95
39 94
39 94
39 93
38 92
38 91
38 91
38 90
38 89
38 88
38 88
38 87
39 86
39 85
39 84
39 84
39 83
40 82
40 81
40 80
40 80
40 79
40 78
41 77
41 76
41 75
41 75
41 74
41 73
42 72
42 71
42 70
42 69
42 69
42 68
43 67
43 66
44 65
44 64
44 64
44 63
45 62
45 61
46 60
46 59
46 59
46 58
47 57
47 56
48 55
48 54
48 54
48 53
49 52
49 51
49 50
49 50
49 49
50 48
50 47
51 46
51 45
52 44
52 43
53 42
53 41
54 40
54 39
55 38
55 37
56 36
56 35
57 34
57 33
57 32
58 31
58 30
59 29
59 28
60 27
60 26
61 25
61 24
62 23
62 22
63 21
63 20
64 19
64 18
64 18
65 18
65 18
65 17
65 17
65 16
65 16
65 15
65 15
66 14
66 14
66 13
66 13
66 12
66 12
66 11
66 11
66 10
66 10
65 9
65 8
65 8
65 7
65 7
65 6
65 5
65 5
64 5
64 5
64 5
63 5
63 5
62 6
62 6
62 7
62 8
62 8
62 9
61 10
61 11
61 12
61 12
61 13
60 14
60 15
60 16
60 16
60 17
60 18
59 19
59 20
59 21
59 21
59 22
59 23
59 24
58 25
58 26
58 27
58 28
58 28
58 29
58 30
58 31
58 32
58 33
58 34
58 35
58 35
58 36
58 37
57 38
57 39
57 40
57 41
57 41
57 42
57 43
57 44
57 45
57 46
57 47
57 47
57 48
57 49
58 50
58 51
58 52
58 53
58 53
58 54
59 55
59 56
59 56
60 57
60 58
60 58
61 58
61 58
62 57
63 57
63 57
64 56
65 55
65 55
66 54
66 53
66 53
67 52
67 51
68 50
68 50
69 49
69 48
69 48
70 47
70 46
70 46
70 45
70 44
70 44
71 43
71 43
70 43
70 43
70 42
70 42
69 41
69 41
69 41
68 40
67 40
67 40
66 40
66 40
65 40
65 40
64 40
64 40
64 40
63 40
63 40
63 40
63 40
64 39
64 39
64 38
64 38
65 37
65 37
66 36
66 36
67 35
67 35
68 34
68 33
68 33
69 33
69 33
70 33
70 33
70 33
70 34
70 34
70 35
70 36
70 36
70 37
70 38
70 39
70 39
70 40
70 41
70 42
70 43
70 43
70 44
70 45
70 46
70 47
70 48
70 48
70 49
70 50
70 51
70 52
70 53
70 53
70 54
70 55
69 56
69 57
69 58
69 58
69 59
69 60
69 61
69 62
69 62
69 63
69 64
69 65
69 65
69 66
69 67
69 67
69 68
69 68
69 69
69 69
70 68
70 68
70 67
70 66
70 66
70 65
71 64
71 63
71 63
71 62
71 61
71 60
71 60
71 59
72 58
72 57
72 57
73 56
73 55
73 55
74 54
74 53
74 53
75 52
75 51
75 51
75 50
75 50
76 49
76 49
76 48
76 48
77 47
77 47
77 46
77 46
77 45
77 44
77 44
77 43
77 42
77 42
76 41
76 40
76 40
76 39
76 38
76 38
76 37
76 37
76 36
76 36
75 36
75 36
75 36
75 36
74 37
74 37
74 38
74 39
74 39
74 40
73 41
73 42
73 42
73 43
73 44
73 45
73 46
73 46
73 47
73 48
73 49
73 50
73 50
73 51
72 52
72 53
72 53
72 54
72 55
72 56
72 57
72 57
73 58
73 59
73 59
73 60
73 61
73 61
73 61
74 61
74 61
75 60
75 59
75 59
75 58
75 57
75 56
75 56
75 55
76 54
76 53
76 53
76 52
76 51
76 50
76 50
76 49
77 48
77 47
77 47
77 46
77 45
77 44
77 44
77 43
77 43
77 43
77 43
77 43
77 44
77 45
77 45
77 46
77 47
77 47
77 48
77 49
77 49
77 50
78 51
78 52
78 52
78 53
78 54
78 54
79 55
79 55
79 55
80 55
80 55
81 54
81 54
82 53
82 52
82 52
83 51
83 50
83 50
84 49
84 48
84 48
84 47
84 46
84 46
84 45
85 44
85 43
85 43
85 42
85 41
85 41
86 40
86 39
86 39
86 39
85 38
85 38
85 38
85 39
85 39
85 40
85 40
85 41
85 42
85 42
85 43
84 44
84 45
84 45
84 46
84 47
84 48
84 48
84 49
84 50
84 51
84 52
84 52
84 53
84 54
84 55
84 55
84 56
84 56
84 57
84 57
84 58
84 58
84 57
84 57
85 56
85 56
85 55
85 54
85 54
85 53
86 52
86 51
86 51
86 50
86 49
86 48
86 47
86 47
86 46
87 45
87 44
87 44
87 43
87 42
87 42
88 41
88 41
89 40
89 40
89 41
89 41
89 42
89 43
89 43
90 44
90 45
90 45
90 46
90 47
90 47
90 48
91 49
91 50
91 50
91 51
91 52
91 53
91 53
92 54
92 55
92 55
92 56
92 56
93 57
93 57
94 56
94 56
95 55
95 55
96 54
96 53
96 53
96 52
97 51
97 50
97 50
97 49
98 48
98 47
98 47
98 46
99 45
99 44
99 44
99 43
99 42
99 41
99 41
99 40
100 39
100 38
100 37
100 37
99 36
99 36
99 35
99 34
99 34
98 34
98 34
98 35
98 35
97 34
97 34
96 35
96 36
96 36
96 37
95 38
95 39
95 39
95 40
95 41
95 42
95 42
95 43
95 44
94 45
94 46
94 47
94 47
94 48
94 49
94 50
94 51
94 51
94 52
94 53
94 54
94 55
94 55
94 56
93 57
93 58
93 58
94 59
94 60
94 60
94 60
94 60
95 59
95 59
95 58
95 57
95 57
95 56
95 55
95 55
95 54
96 53
96 52
96 52
96 51
96 51
96 51
96 52
96 52
96 53
96 54
96 55
96 55
96 56
95 57
95 58
95 59
95 59
95 60
95 61
95 62
95 63
95 64
95 64
95 65
95 66
95 67
95 68
95 69
95 70
95 70
95 71
95 72
95 73
95 74
95 75
95 76
95 77
95 77
95 78
95 79
94 80
94 81
94 82
94 83
94 83
94 84
94 85
94 86
94 87
94 88
94 88
94 89
93 90
93 91
93 92
93 92
93 93
93 94
93 95
93 96
93 96
92 97
92 98
92 98
91 99
90 99
90 99
89 100
89 100
88 100
88 100
87 100
87 100
86 99
85 98
85 98
85 97
85 96
85 95
85 95
85 94
85 93
84 92
84 91
84 90
84 90
84 89
84 88
85 87
85 86
85 85
85 85
85 84
85 83
85 82
85 81
85 80
85 80
85 79
86 78
86 77
87 76
87 75
87 75
87 74
87 73
88 72
88 71
88 70
88 70
89 69
89 68
90 67
90 66
90 66
91 65
92 64
92 63
93 62
93 62
94 61
94 60
95 59
95 58
95 58
96 57
97 56
98 55
