0 31
0 31
0 30
0 29
0 29
0 29
0 29
0 29
0 30
0 30
0 31
0 31
0 32
0 33
0 33
0 34
0 35
0 36
0 36
0 37
0 38
0 39
0 39
0 40
0 41
0 42
0 43
0 43
0 44
0 45
0 46
0 47
0 47
0 48
0 49
0 50
0 51
0 52
0 52
0 53
0 54
0 55
0 56
0 56
1 57
1 58
1 58
1 59
1 60
1 60
1 61
1 61
1 62
1 62
1 62
1 62
1 61
1 60
1 60
2 59
2 58
2 58
2 57
2 56
2 56
2 55
2 54
2 53
2 53
2 52
2 51
2 50
2 50
2 49
2 48
2 47
2 47
3 46
3 46
3 45
3 44
3 44
3 44
3 45
3 45
3 45
4 46
4 47
4 47
4 48
4 49
4 50
4 50
5 51
5 52
5 52
6 53
6 54
6 54
6 55
6 56
6 57
6 57
7 58
8 59
8 59
9 60
9 60
10 61
10 61
11 61
11 61
12 61
12 61
13 60
13 60
13 59
13 59
14 58
14 57
14 57
14 56
14 55
14 54
14 54
14 53
14 52
14 51
14 51
14 50
14 49
14 48
14 47
14 47
14 46
14 45
14 44
14 43
14 42
14 42
14 41
14 40
14 39
14 38
14 37
14 36
14 36
14 35
14 34
14 33
14 32
14 31
14 30
14 30
14 29
14 28
14 27
14 26
14 25
14 24
14 24
14 23
14 22
14 21
14 21
13 20
13 19
13 19
13 18
13 17
13 17
12 17
12 17
11 17
11 17
11 18
11 18
11 18
11 18
11 18
11 19
11 19
12 20
12 21
13 22
14 23
14 24
15 25
15 26
16 27
17 28
17 29
18 30
19 31
19 32
20 33
20 34
21 35
22 36
22 37
23 38
23 38
23 38
23 38
23 38
23 37
23 37
23 36
23 36
23 35
23 35
22 34
22 34
22 33
22 33
22 32
22 32
22 31
22 31
21 30
21 30
21 30
20 30
20 30
19 31
19 31
19 32
19 32
18 33
18 33
18 34
18 35
18 35
18 36
17 37
17 38
17 38
17 39
17 40
17 41
17 42
17 42
17 43
17 44
17 45
17 46
17 47
17 47
17 48
17 49
17 50
17 51
17 51
17 52
18 53
18 54
18 54
18 55
18 56
18 56
19 57
19 57
19 58
19 58
20 58
20 58
20 58
21 57
21 57
21 56
21 56
21 55
22 54
22 53
22 53
22 52
22 51
22 50
22 50
22 49
23 48
23 47
23 46
23 46
23 45
23 44
23 43
23 42
23 42
23 41
23 40
23 39
23 38
23 38
23 37
23 36
23 36
23 35
23 34
23 34
23 33
23 32
23 32
23 31
23 31
22 31
22 31
22 31
22 31
22 31
22 32
22 33
22 33
22 34
22 35
22 36
22 36
22 37
22 38
22 39
22 40
22 41
22 41
22 42
22 43
22 44
22 45
22 45
22 46
22 47
22 48
22 49
22 49
22 50
23 51
23 52
23 52
23 53
23 54
23 55
23 55
24 56
24 56
25 57
25 58
25 58
25 59
25 59
26 59
26 59
26 59
27 58
27 58
27 57
27 57
27 56
28 55
28 54
28 54
28 53
28 52
28 51
28 51
28 50
29 49
29 48
29 47
29 47
29 46
29 45
29 44
29 43
29 42
29 42
29 41
29 40
29 39
29 39
29 38
30 37
30 36
30 36
30 35
30 34
30 34
30 33
30 32
30 32
30 31
30 31
30 30
30 30
30 30
30 30
30 31
30 31
30 32
30 33
30 33
30 34
30 35
30 36
30 37
30 38
30 38
30 39
30 40
30 41
30 42
30 42
30 43
30 44
30 45
30 46
30 46
30 47
29 48
29 49
29 50
29 50
29 51
29 52
29 53
29 53
29 54
29 55
29 55
30 56
30 57
30 57
30 58
30 58
30 58
30 58
30 58
30 57
30 57
30 56
30 55
30 55
30 54
30 53
30 52
30 52
30 51
30 50
30 49
30 48
30 48
30 47
30 46
31 45
31 44
31 43
31 43
31 42
31 41
31 40
31 39
31 38
31 38
31 37
32 36
32 35
32 35
32 34
32 33
32 32
32 32
32 31
32 30
32 30
33 29
33 29
33 28
33 27
33 27
33 26
33 26
33 26
34 26
34 26
34 26
34 27
34 27
34 28
34 29
34 29
34 30
34 31
34 32
34 33
34 33
34 34
34 35
34 35
34 36
34 37
34 37
34 38
34 39
34 40
34 40
34 41
34 42
34 43
34 44
34 44
34 45
35 46
35 47
35 47
35 48
35 49
35 50
35 51
35 51
35 52
35 53
35 54
35 54
35 55
35 56
35 57
35 57
35 58
35 59
35 59
35 60
35 60
36 61
36 61
36 61
36 61
36 60
36 60
37 59
37 59
37 58
37 57
37 56
37 56
37 55
38 54
38 53
38 53
38 52
38 51
38 50
38 49
38 49
38 48
39 47
39 46
39 46
40 45
40 44
40 44
40 43
40 42
40 42
40 41
41 40
41 39
41 39
41 38
41 37
41 37
41 36
41 35
41 35
41 34
42 33
42 32
42 32
42 31
43 30
43 29
43 29
43 28
43 27
43 27
43 26
43 26
43 25
43 25
43 24
43 24
43 24
43 23
43 23
43 22
43 22
43 22
42 21
42 21
42 21
41 21
41 21
41 21
40 21
40 21
40 22
40 22
39 23
39 24
39 24
39 25
39 26
39 27
39 27
39 28
38 29
38 30
38 30
38 31
38 32
38 33
38 34
38 34
38 35
38 36
38 37
38 38
38 38
38 39
38 40
38 41
38 42
38 42
38 43
38 44
38 45
38 45
38 46
38 47
38 47
38 48
38 49
38 49
39 49
39 49
39 49
40 49
40 49
40 48
40 47
40 47
41 46
41 45
41 45
41 44
41 43
41 43
41 42
42 41
42 40
42 40
42 39
42 38
42 37
42 37
42 36
43 35
43 34
43 33
43 33
43 32
43 31
43 30
43 30
43 29
43 28
43 28
43 27
43 26
43 26
43 26
43 25
43 25
43 24
43 24
43 24
43 24
43 24
43 24
43 25
43 25
43 26
43 27
43 27
43 28
43 29
43 29
43 30
43 31
43 32
43 32
43 33
43 34
43 35
43 36
43 36
43 37
43 38
43 39
43 40
43 40
43 41
43 42
43 43
43 44
43 45
43 45
43 46
43 47
44 48
44 49
44 50
44 50
44 51
44 52
44 53
44 54
44 55
44 55
44 56
44 57
44 58
44 59
44 60
44 60
44 61
44 62
45 63
45 64
45 65
45 66
45 66
45 67
45 68
45 69
45 70
45 71
45 72
45 72
45 73
45 74
45 75
45 76
45 77
45 77
45 78
45 79
45 80
45 81
45 82
45 82
45 83
45 84
45 85
45 86
45 86
45 87
45 88
45 89
45 89
45 90
45 91
45 92
45 92
45 93
45 94
45 94
45 95
45 96
45 97
45 97
44 98
44 98
43 99
43 100
43 100
43 100
42 100
42 100
41 100
41 100
41 99
41 98
41 98
41 97
40 96
40 95
40 95
40 94
39 93
39 92
39 91
39 91
39 90
39 89
39 88
39 87
39 86
39 86
39 85
39 84
39 83
39 82
39 81
39 80
39 80
39 79
38 78
38 77
38 77
38 76
38 75
38 74
38 74
38 73
38 73
38 72
38 72
38 71
38 71
38 70
38 70
38 70
38 70
38 70
38 70
38 69
39 68
39 67
40 66
40 65
40 64
41 63
41 62
42 61
42 60
42 59
43 58
43 57
44 56
44 55
44 54
45 53
45 52
45 51
46 50
46 49
47 48
47 47
47 46
48 45
48 44
49 43
49 42
49 41
50 40
50 39
51 38
51 37
51 36
52 35
52 34
53 33
53 32
53 31
54 30
54 29
55 28
55 27
55 26
56 25
56 24
56 23
57 22
57 21
58 20
58 19
58 18
59 17
59 16
60 15
60 14
60 14
60 14
60 14
60 14
60 14
61 13
61 13
61 13
61 13
61 12
61 12
61 11
61 11
61 10
61 10
61 9
61 9
62 8
62 8
62 7
62 7
62 6
62 6
61 5
61 4
61 4
61 3
61 3
61 2
61 2
60 1
60 1
60 1
59 0
59 0
58 0
58 0
58 1
58 1
57 2
57 2
56 3
56 3
56 4
55 5
55 6
55 6
55 7
55 8
55 9
55 9
55 10
54 11
54 12
54 13
54 13
54 14
54 15
53 16
53 17
53 18
53 19
53 19
53 20
53 21
53 22
53 23
53 24
53 24
53 25
53 26
53 27
53 28
53 29
53 29
53 30
53 31
53 32
53 33
53 34
53 35
53 35
53 36
53 37
53 38
53 39
53 40
53 41
53 41
53 42
53 43
53 44
53 45
53 46
53 46
53 47
54 48
54 49
54 50
54 50
54 51
55 52
55 53
55 53
55 54
55 55
55 55
56 56
56 56
57 57
58 57
58 57
59 57
59 57
60 56
60 56
60 56
61 55
61 54
61 54
61 53
61 52
61 52
62 51
62 50
62 50
62 49
62 48
62 47
62 46
62 46
62 45
62 44
62 43
62 43
62 42
62 41
62 41
62 40
62 39
62 39
62 38
62 37
62 37
61 36
61 36
60 35
60 34
60 34
60 33
60 33
59 33
59 33
58 33
58 33
57 33
57 33
57 34
57 34
56 35
56 35
56 36
56 37
56 37
56 38
56 38
57 38
57 38
57 39
57 39
58 39
58 39
59 38
59 38
60 37
61 37
61 37
62 36
62 36
63 35
63 35
64 35
64 35
65 34
65 34
65 34
65 34
65 34
65 35
65 35
65 36
65 36
65 37
65 37
65 38
65 39
65 40
65 40
65 41
64 42
64 43
64 44
64 44
64 45
64 46
64 47
64 47
64 48
64 49
64 50
64 51
64 51
64 52
64 53
64 53
64 54
64 55
64 55
64 56
64 56
64 57
64 57
64 57
64 57
64 57
64 56
64 56
64 55
64 55
64 54
64 53
64 53
64 52
65 51
65 50
65 49
65 48
66 47
66 46
66 45
67 44
67 43
67 42
68 41
68 40
68 39
68 38
69 37
69 36
69 35
70 34
70 33
70 32
71 31
71 30
71 29
71 28
72 27
72 26
72 26
72 26
72 25
72 24
72 24
71 24
71 24
71 23
71 23
71 22
71 22
71 22
71 22
71 21
71 21
71 21
71 21
70 21
70 21
70 21
69 21
69 21
69 22
69 22
68 23
68 23
68 24
68 24
68 25
67 26
67 27
67 27
67 28
67 29
67 30
67 30
67 31
67 32
67 33
67 34
67 34
67 35
66 36
66 37
66 38
66 38
66 39
66 40
66 41
66 41
66 42
66 43
66 44
66 44
66 45
66 46
66 46
67 47
67 47
67 48
67 48
68 48
68 48
68 47
68 46
68 46
69 45
69 45
69 44
70 43
70 42
70 42
71 41
71 40
71 40
71 39
71 38
71 37
71 36
71 36
71 35
72 34
72 33
72 32
72 32
72 31
73 30
73 29
73 28
73 28
73 27
73 26
73 25
73 25
73 24
73 23
73 22
73 22
73 21
73 21
73 20
73 20
73 20
73 20
73 20
73 21
73 21
73 22
73 23
73 23
73 24
73 25
73 26
73 26
73 27
73 28
73 29
73 30
73 30
73 31
73 32
72 33
72 34
72 35
72 35
72 36
72 37
72 38
72 39
72 39
72 40
72 41
72 42
72 43
72 43
73 44
73 45
73 45
73 46
73 47
73 47
73 48
73 48
74 49
74 49
74 49
75 48
75 48
76 47
76 46
76 46
76 45
76 44
76 44
76 43
77 42
77 41
77 40
77 40
77 39
78 38
78 37
78 37
78 36
78 35
78 34
78 33
78 33
78 32
79 31
79 30
79 29
79 29
79 28
79 27
79 27
79 26
79 25
79 25
79 24
79 24
79 23
79 23
79 23
79 23
79 23
79 24
79 25
79 25
79 26
79 27
79 28
79 28
79 29
79 30
79 31
79 32
79 32
79 33
78 34
78 35
78 36
78 36
78 37
78 38
78 39
78 40
78 40
78 41
78 42
78 43
78 43
78 44
78 45
78 45
78 46
78 47
78 47
78 48
78 48
78 48
78 48
78 47
78 47
79 46
79 45
79 45
79 44
79 43
79 42
79 42
79 41
79 40
79 39
79 38
79 38
79 37
80 36
80 35
80 34
80 34
80 33
80 32
81 31
81 30
81 29
81 29
81 28
81 27
81 26
81 26
82 25
82 24
82 24
82 23
82 23
83 22
83 22
83 21
83 21
83 21
84 21
84 21
84 22
84 22
84 23
84 24
84 24
84 25
84 26
84 26
84 27
84 28
84 29
84 30
84 30
84 31
84 32
84 33
84 33
84 34
84 35
84 36
84 36
84 37
84 38
84 39
84 39
84 40
84 41
84 42
84 42
84 43
84 44
84 44
84 45
84 45
85 46
85 46
85 46
85 46
86 45
86 45
86 44
86 43
86 43
86 42
86 41
86 41
86 40
87 39
87 38
87 37
87 37
87 36
87 35
87 34
87 33
87 33
87 32
88 31
88 30
88 29
88 29
88 28
88 27
88 26
88 26
89 25
89 24
89 24
90 23
90 22
90 22
90 21
90 21
91 21
91 21
92 20
92 20
93 20
93 20
94 21
94 21
94 21
95 22
95 22
95 22
95 23
95 23
95 23
95 23
95 23
94 22
94 22
94 22
93 21
93 21
92 21
92 21
92 21
91 22
91 22
90 23
90 23
90 24
90 25
90 25
90 26
89 27
89 28
89 28
89 29
88 30
88 31
88 32
88 32
88 33
88 34
88 35
88 36
88 36
87 37
87 38
87 38
87 39
87 40
87 41
87 41
88 42
88 42
88 43
88 43
88 44
88 44
89 44
89 44
90 43
90 43
90 42
90 41
90 41
91 40
91 39
91 39
92 38
92 37
92 37
92 36
92 35
92 34
92 33
92 33
92 32
93 31
93 30
93 29
93 29
93 28
93 27
93 27
93 26
93 25
93 25
94 24
94 23
94 23
94 23
94 22
94 22
94 22
94 22
94 22
93 23
93 23
93 24
93 25
93 25
93 26
93 27
93 27
93 28
93 29
93 30
93 31
93 31
93 32
92 33
92 34
92 35
92 35
92 36
92 37
92 38
92 39
92 40
92 40
92 41
92 42
92 43
92 44
92 45
92 46
92 46
92 47
92 48
92 49
92 50
92 51
92 52
92 52
92 53
92 54
92 55
92 56
92 57
92 57
92 58
92 59
92 60
92 61
92 62
92 63
92 63
92 64
92 65
92 66
92 67
92 68
92 69
92 69
92 70
92 71
92 72
92 73
92 74
92 74
92 75
92 76
91 77
91 78
91 79
91 79
91 80
91 81
91 82
91 83
91 83
91 84
91 85
91 86
91 86
91 87
91 88
91 88
90 89
90 90
90 90
90 91
90 91
90 91
89 90
89 90
89 89
89 89
88 88
88 87
88 87
88 86
88 85
88 84
88 84
88 83
88 82
88 81
88 80
88 79
88 79
88 78
88 77
88 76
88 75
88 74
88 73
88 72
88 72
88 71
88 70
88 69
88 68
88 67
88 66
88 65
88 64
88 64
88 63
89 62
89 61
89 60
90 59
90 58
90 58
90 57
90 56
91 55
91 54
91 53
91 52
91 52
92 51
92 50
93 49
93 48
93 48
94 47
94 46
95 45
95 45
96 44
96 43
96 43
97 42
98 41
98 41
99 41
99 41
99 41
99 41
99 41
100 41
100 41
99 41
99 41
99 41
