0 34
0 33
0 32
0 32
0 31
0 31
0 31
0 31
0 31
0 31
0 32
0 32
0 33
0 34
0 34
0 35
0 36
0 37
0 37
0 38
0 39
0 39
0 40
0 41
0 42
0 42
0 43
0 44
0 45
0 45
0 46
0 47
0 48
0 49
0 49
0 50
0 51
0 52
0 53
0 53
0 54
0 55
0 56
0 57
0 57
0 58
0 59
0 59
1 60
1 61
1 61
1 62
1 62
2 62
2 62
2 61
2 61
3 60
3 59
3 59
3 58
3 57
3 57
3 56
4 55
4 54
4 54
4 53
4 52
4 52
4 51
5 50
5 49
5 49
5 48
5 47
5 47
5 46
5 45
5 45
6 44
6 44
6 43
6 43
5 43
5 43
5 43
5 43
5 43
5 44
5 44
5 45
5 45
5 46
5 46
5 47
5 48
5 49
5 49
6 50
6 51
6 51
6 52
6 53
6 54
6 55
6 55
6 56
7 57
7 58
7 58
7 59
7 60
7 60
8 61
8 62
8 62
9 63
9 63
10 64
10 64
11 64
11 64
12 63
12 63
13 62
14 62
14 62
15 61
15 60
15 60
16 59
17 58
17 58
17 57
18 56
18 55
18 55
18 54
19 53
19 52
19 52
19 51
19 50
19 49
19 48
19 48
19 47
20 46
20 45
20 45
20 44
20 43
20 43
20 42
20 41
20 40
20 40
20 39
20 38
20 38
20 37
19 36
19 35
19 34
19 34
19 33
19 32
19 31
19 30
19 30
19 29
18 28
18 27
18 27
18 26
17 25
17 24
17 24
16 23
16 22
16 22
15 21
15 20
15 20
15 19
15 19
14 18
14 18
14 18
14 18
14 19
14 19
14 19
14 19
14 20
14 20
14 21
15 22
15 23
16 24
16 25
17 26
17 27
18 28
18 29
19 30
19 31
19 32
20 33
20 34
21 35
21 36
22 37
22 38
23 39
23 40
24 41
24 42
24 43
25 44
25 45
26 46
26 47
27 48
27 49
28 50
28 51
29 52
29 53
29 53
30 52
30 52
30 51
30 51
30 50
30 50
30 49
30 49
30 48
30 48
30 48
29 47
29 47
29 46
29 46
29 45
29 45
28 44
28 44
28 43
28 43
27 43
27 43
27 42
27 42
27 42
26 43
26 43
26 44
26 44
25 45
25 46
25 46
25 47
25 48
25 48
25 49
24 50
24 51
24 51
24 52
24 53
24 53
24 54
24 55
24 55
24 56
24 57
24 58
24 58
24 59
24 60
24 60
24 61
24 62
24 62
24 63
24 64
24 64
25 65
25 65
26 65
26 65
27 64
27 64
27 63
27 63
28 62
28 61
28 61
29 60
29 59
29 59
29 58
29 57
29 56
29 56
29 55
29 54
29 54
29 53
29 53
29 52
29 52
29 51
29 51
29 50
29 50
29 50
29 50
29 51
29 51
29 51
29 52
29 52
28 53
28 54
28 54
28 55
28 56
28 56
28 57
28 58
28 58
28 59
28 60
28 60
28 61
28 61
29 62
29 63
29 63
29 64
29 64
29 64
30 64
30 64
31 63
31 63
32 62
32 62
32 61
32 60
32 60
33 59
33 58
33 58
34 57
34 56
34 56
34 55
34 54
34 54
35 53
35 52
35 52
35 51
35 50
35 50
35 49
35 49
35 48
35 48
35 48
35 47
35 47
35 47
35 47
35 47
34 47
34 47
34 47
34 47
34 47
34 47
34 47
34 48
34 48
34 49
34 49
34 50
34 51
34 51
34 52
34 53
34 53
34 54
34 55
34 56
34 56
34 57
34 58
34 58
34 59
34 60
34 60
34 61
34 62
34 62
33 63
33 63
33 63
33 63
33 63
33 62
33 62
34 61
34 61
34 60
34 59
34 59
34 58
34 57
34 57
34 56
34 55
34 55
35 54
35 53
35 53
35 52
35 51
35 51
36 50
36 50
36 49
36 49
37 49
37 49
37 49
37 49
38 50
38 51
38 51
38 52
38 53
38 53
38 54
38 55
38 55
39 56
39 57
39 57
39 58
39 59
39 59
40 60
40 60
40 60
41 60
41 60
42 59
42 59
42 58
42 57
42 57
43 56
43 55
43 55
43 54
44 53
44 52
44 52
44 51
44 50
44 49
44 49
45 48
45 47
45 47
45 46
45 45
45 44
45 44
45 43
45 42
45 42
44 41
44 40
44 40
44 39
44 38
44 38
43 37
43 37
43 37
42 37
42 37
41 38
41 38
41 39
41 40
41 40
40 41
40 41
40 42
40 43
40 43
40 44
40 45
40 45
40 46
40 47
40 47
40 48
40 49
40 50
40 50
41 51
41 52
41 52
42 53
42 53
42 54
42 54
43 54
43 54
44 53
44 53
44 52
44 52
45 51
45 50
45 50
45 49
45 49
45 48
45 48
45 47
45 47
45 46
45 46
45 46
45 45
45 45
45 45
45 46
45 46
44 47
44 48
44 48
44 49
44 50
44 50
44 51
44 52
44 53
44 54
44 54
44 55
44 56
44 57
44 58
44 58
44 59
44 60
44 61
44 62
44 63
44 63
44 64
44 65
44 66
44 67
44 68
44 68
44 69
44 70
44 71
44 72
44 72
44 73
44 74
44 75
44 76
44 77
44 77
44 78
43 79
43 80
43 81
43 81
43 82
43 83
43 84
43 85
43 85
43 86
42 87
42 88
42 88
42 89
42 90
42 91
42 92
42 92
42 93
41 94
41 95
41 95
41 96
40 97
40 98
40 98
40 99
40 100
40 100
39 100
39 100
39 100
38 99
38 99
38 98
38 97
38 96
38 95
38 95
38 94
37 93
37 92
37 91
37 91
37 90
37 89
37 88
37 87
37 86
37 86
37 85
37 84
37 83
37 82
37 81
37 81
37 80
37 79
38 78
38 77
38 76
38 75
38 75
38 74
38 73
38 72
38 71
38 71
38 70
39 69
39 68
39 68
40 67
40 66
40 66
40 65
40 64
40 64
41 63
41 63
42 63
43 63
43 63
44 63
44 63
45 62
45 61
46 60
46 59
47 58
47 57
48 56
48 55
49 54
49 53
50 52
50 51
51 50
51 49
52 48
52 47
53 46
53 45
54 44
54 43
55 42
55 41
56 40
56 39
57 38
57 37
58 36
58 35
59 34
59 33
60 32
60 31
61 30
61 29
62 28
62 27
63 26
63 25
64 24
64 23
65 22
65 21
66 20
66 19
67 18
67 17
68 16
68 15
69 14
69 14
70 14
70 14
70 13
70 13
70 12
70 11
70 11
71 10
71 9
71 9
71 8
71 7
71 7
71 6
71 6
70 5
70 5
70 4
70 4
70 3
70 3
69 2
69 2
69 1
69 1
68 0
68 0
67 1
67 1
67 2
67 2
66 3
66 4
66 4
66 5
66 6
65 7
65 8
65 9
65 9
65 10
65 11
64 12
64 13
64 14
64 14
64 15
64 16
63 17
63 18
63 19
63 20
63 20
63 21
63 22
63 23
62 24
62 25
62 26
62 27
62 27
62 28
62 29
61 30
61 31
61 32
61 33
61 33
61 34
61 35
61 36
61 37
61 38
61 39
61 39
61 40
62 41
62 42
62 43
62 43
62 44
63 45
63 46
63 46
63 47
63 47
64 48
65 48
65 48
66 48
66 48
67 47
67 47
68 47
68 47
68 46
68 46
69 45
69 44
69 44
70 43
70 42
70 42
69 41
69 40
68 39
68 38
67 37
67 36
66 35
66 34
65 33
65 32
65 32
66 31
66 30
66 30
66 30
66 29
66 29
66 28
66 28
66 28
67 29
67 29
68 29
68 29
68 30
68 30
69 30
69 30
70 31
70 31
70 31
71 31
71 31
71 31
72 31
72 31
72 31
72 31
72 30
72 30
72 30
72 30
72 30
72 30
72 30
71 30
71 30
71 31
71 31
71 32
71 32
71 33
71 34
71 34
71 35
71 36
71 37
71 37
71 38
71 39
71 39
71 40
70 41
70 42
70 42
70 43
70 44
70 44
70 45
70 46
70 46
70 47
70 48
70 48
70 49
70 49
70 49
70 49
71 49
71 49
72 48
73 48
74 47
75 46
76 45
77 45
78 44
78 44
78 43
79 42
79 41
79 41
79 40
79 39
79 39
79 38
79 38
79 37
79 37
79 36
79 36
79 35
79 35
79 34
79 33
79 33
79 32
79 32
78 31
78 31
77 31
77 31
77 31
76 32
76 32
76 33
76 33
75 34
75 35
75 35
75 36
75 37
75 37
75 38
75 39
75 39
75 40
75 41
75 41
75 42
75 43
75 44
75 44
75 45
75 46
75 46
75 47
75 47
76 48
76 49
76 49
77 49
77 49
77 48
77 48
78 47
78 47
79 46
79 45
79 45
80 44
80 44
81 43
81 42
81 42
81 41
81 40
81 40
82 39
82 39
82 38
82 38
82 38
82 37
82 37
82 37
81 37
81 37
81 37
81 38
81 38
81 39
81 39
81 40
81 40
81 41
81 42
81 42
81 43
81 43
81 44
81 45
81 45
81 46
81 46
82 47
82 47
82 47
83 47
83 47
84 47
84 47
84 46
84 46
85 45
85 44
85 44
86 43
86 42
86 42
87 41
87 41
87 40
87 39
87 39
88 38
88 38
88 37
88 36
88 36
88 35
88 35
88 35
88 34
88 34
88 34
88 34
88 34
87 34
87 34
87 35
87 35
87 36
87 36
87 37
87 38
87 38
87 39
87 40
87 40
87 41
87 42
87 42
86 43
86 43
86 44
86 45
86 45
86 46
86 46
86 47
86 47
87 47
87 47
87 47
87 46
87 46
87 45
87 44
87 44
87 43
87 42
87 42
88 41
88 40
88 40
88 39
88 38
88 38
89 37
89 37
89 37
89 36
89 36
89 36
90 36
90 36
90 37
90 37
90 38
90 38
90 39
90 39
91 40
91 41
91 41
91 42
91 42
92 43
92 43
93 43
93 43
94 43
94 43
95 42
95 41
95 41
96 40
96 40
96 39
96 38
96 37
96 37
97 36
97 35
97 35
97 34
98 33
98 32
98 32
99 31
99 30
99 30
99 29
99 28
99 28
98 27
98 26
98 26
98 25
98 24
98 24
97 23
97 23
96 22
96 22
96 22
96 22
95 22
95 22
95 23
95 23
95 24
95 24
95 25
95 26
95 26
95 27
95 27
95 28
95 29
95 29
95 30
95 30
95 31
95 32
95 32
96 33
96 33
97 33
97 33
98 33
98 33
98 32
98 32
99 31
99 31
99 30
99 30
99 29
99 29
100 28
100 28
100 27
100 27
99 27
99 27
99 27
99 27
99 28
99 29
99 29
99 30
99 31
99 32
99 32
99 33
99 34
99 35
99 36
99 37
99 37
99 38
99 39
99 40
99 41
99 42
99 43
99 43
99 44
99 45
99 46
99 47
99 48
99 49
99 50
99 50
99 51
99 52
99 53
99 54
99 55
99 56
99 57
99 58
99 59
99 59
99 60
99 61
99 62
99 63
99 64
99 65
99 66
99 66
99 67
99 68
98 69
98 70
98 71
98 72
98 72
98 73
98 74
98 75
98 76
98 77
98 77
98 78
98 79
98 80
98 81
98 82
98 82
98 83
97 84
97 85
97 85
97 86
97 87
97 88
97 88
96 89
96 90
96 90
95 91
95 92
95 92
94 93
94 94
94 94
93 95
92 95
92 95
91 96
91 96
90 95
90 95
89 94
89 93
89 93
89 92
88 91
88 90
88 90
88 89
88 88
88 87
88 87
88 86
88 85
88 84
88 83
88 82
88 82
88 81
88 80
88 79
88 78
88 78
88 77
88 76
88 75
88 74
88 73
88 72
88 72
88 71
88 70
89 69
89 68
89 67
89 67
89 66
90 65
90 64
90 63
90 63
91 62
91 61
92 60
92 59
92 59
93 58
93 57
94 56
94 55
94 55
95 54
95 53
96 52
96 52
97 51
98 50
