1 23
1 22
1 21
1 21
1 20
1 20
1 19
1 19
1 19
1 19
1 19
1 19
1 19
1 19
0 20
0 20
0 21
0 21
0 22
0 23
0 23
0 24
0 25
0 25
0 26
0 27
0 28
0 28
0 29
0 30
0 31
0 31
0 32
0 33
0 34
0 35
0 35
0 36
0 37
0 38
0 39
0 39
0 40
0 41
0 42
0 43
0 43
0 44
0 45
0 46
0 47
0 47
0 48
0 49
0 50
0 50
0 51
0 52
0 53
0 53
1 54
1 55
1 55
2 55
2 55
2 54
2 54
3 53
3 52
3 52
3 51
4 50
4 49
4 48
4 48
4 47
5 46
5 45
5 44
5 44
5 43
6 42
6 41
6 40
6 40
6 39
6 38
7 37
7 36
7 35
7 35
7 34
7 33
7 32
7 31
7 31
7 30
8 29
8 28
8 28
8 27
8 26
8 26
8 25
8 25
8 25
8 25
8 25
8 26
8 26
8 27
8 28
8 29
8 29
8 30
8 31
8 32
8 32
8 33
8 34
8 35
8 36
8 36
8 37
8 38
9 39
9 40
9 41
9 41
9 42
9 43
9 44
9 45
9 45
9 46
10 47
10 48
10 49
10 49
10 50
10 51
10 52
10 53
10 53
10 54
11 55
11 56
11 56
12 57
12 58
12 58
12 58
13 58
13 58
14 58
14 58
15 57
15 56
15 56
15 55
16 54
16 53
16 53
16 52
17 51
17 50
17 50
17 49
17 48
18 47
18 46
18 45
18 45
18 44
18 43
19 42
19 41
19 40
19 40
19 39
19 38
19 37
19 36
19 35
19 34
19 33
19 33
19 32
19 31
19 30
19 29
20 28
20 27
20 26
20 25
20 24
20 24
20 23
20 22
20 21
20 20
20 19
20 18
20 17
20 16
20 16
20 15
20 14
21 13
21 12
21 11
21 10
21 10
21 9
21 8
21 7
21 6
21 5
21 5
21 4
20 3
20 2
20 2
19 1
19 1
18 0
18 0
18 0
17 0
17 0
16 1
16 1
15 2
15 2
14 3
14 3
14 4
14 4
14 5
14 5
14 6
14 7
14 7
14 8
14 8
15 9
15 10
15 10
16 11
16 12
17 13
17 14
18 15
18 16
19 17
19 18
20 19
20 20
21 21
21 22
22 23
22 24
23 25
23 26
24 27
24 28
25 29
25 30
26 31
26 32
27 33
27 34
28 35
28 36
29 37
29 38
30 39
30 40
31 41
31 42
32 43
32 44
33 45
33 45
33 45
33 46
33 46
32 46
32 46
32 45
32 45
32 44
32 44
32 43
32 43
31 42
31 42
31 41
31 41
31 40
31 40
30 39
30 39
30 38
30 38
30 37
30 37
29 37
29 37
29 37
28 38
28 38
27 39
27 39
27 40
27 41
27 41
26 42
26 43
26 43
26 44
26 45
26 46
26 46
26 47
26 48
26 49
26 49
26 50
26 51
26 52
26 53
26 53
26 54
26 55
26 56
26 57
26 57
26 58
26 59
26 59
26 60
26 60
26 61
26 61
27 61
27 61
27 60
27 60
27 59
28 58
28 57
28 57
28 56
29 55
29 54
29 54
29 53
29 52
29 51
29 51
29 50
30 49
30 48
30 47
30 47
30 46
31 45
31 44
31 44
31 43
31 42
31 42
32 41
32 40
32 40
32 39
32 39
32 39
32 39
32 40
32 41
32 41
31 42
31 42
31 43
31 44
31 45
31 45
31 46
31 47
31 47
31 48
31 49
31 50
31 50
31 51
32 52
32 53
32 53
32 54
32 55
32 55
33 56
33 57
33 57
34 57
34 57
35 57
35 57
36 56
36 56
36 55
37 54
37 53
37 53
38 52
38 51
38 51
38 50
38 49
38 49
39 48
39 47
39 47
39 46
39 45
39 45
40 44
40 43
40 43
40 42
40 42
40 41
40 41
39 41
39 41
39 42
39 42
39 42
38 43
38 44
38 44
38 45
38 46
38 46
38 47
37 48
37 49
37 49
37 50
37 51
37 52
37 52
37 53
37 54
37 55
37 55
37 56
37 57
37 57
37 58
37 58
37 59
37 59
37 59
37 58
37 58
38 57
38 57
38 56
38 55
38 54
38 54
38 53
39 52
39 51
39 51
39 50
39 49
39 48
39 48
40 47
40 46
40 46
41 45
41 44
41 44
42 43
42 43
42 42
42 42
43 42
43 42
43 43
43 43
43 44
43 44
44 45
44 45
44 46
44 47
44 47
44 48
44 49
44 50
44 50
45 51
45 52
45 52
45 53
45 54
45 54
45 55
45 56
45 56
46 57
46 57
47 57
47 57
47 57
48 56
48 56
49 55
49 54
49 54
50 53
50 52
50 52
50 51
50 50
50 49
50 49
51 48
51 47
51 47
51 46
51 45
51 44
51 44
51 43
51 42
51 42
51 41
51 40
51 40
51 39
51 39
50 38
50 38
50 37
50 37
49 37
49 37
49 38
49 38
48 39
48 39
48 40
48 41
48 41
47 42
47 43
47 43
47 44
47 45
47 46
47 47
47 47
47 48
46 49
46 50
46 50
46 51
46 52
46 53
46 53
46 54
46 55
46 56
46 56
46 57
46 58
46 58
47 58
47 58
47 59
47 59
47 58
47 58
48 57
48 57
48 56
48 56
48 55
48 54
48 54
48 53
48 52
48 52
49 51
49 50
49 50
49 49
49 49
49 49
49 49
49 50
49 50
49 51
49 52
49 52
49 53
49 54
49 55
49 55
49 56
49 57
49 58
49 59
49 59
49 60
49 61
49 62
49 63
49 63
49 64
49 65
49 66
49 67
49 67
49 68
49 69
49 70
49 71
49 72
49 72
49 73
48 74
48 75
48 76
48 76
48 77
48 78
48 79
48 80
48 80
48 81
48 82
48 83
48 83
47 84
47 85
47 85
47 86
47 87
47 87
46 88
46 88
45 89
45 89
44 89
44 89
44 89
43 88
43 88
42 87
42 86
42 86
42 85
42 85
42 84
42 84
42 83
42 82
42 82
42 81
42 80
42 80
42 79
43 78
43 77
43 76
43 76
43 75
44 74
44 73
44 73
44 72
45 71
45 70
45 69
45 69
46 68
46 67
47 66
47 66
47 65
48 64
48 63
48 63
49 62
49 61
50 60
50 60
51 59
51 58
52 57
52 56
53 55
53 54
54 53
54 52
55 51
55 50
56 49
56 48
57 47
57 46
58 45
58 44
59 43
59 42
60 41
60 40
61 39
61 38
62 37
62 36
63 35
63 34
64 33
64 33
65 34
65 34
65 33
65 32
65 32
66 31
66 31
66 31
66 30
66 30
66 29
66 29
66 28
66 28
66 27
66 27
66 26
66 26
66 26
66 25
66 25
65 25
65 25
65 25
64 25
64 25
64 26
64 26
63 27
63 27
63 28
62 29
62 30
62 30
62 31
61 32
61 33
61 33
61 34
61 35
61 36
61 37
61 37
61 38
61 39
60 40
60 41
60 42
60 42
60 43
59 44
59 45
59 46
59 46
59 47
59 48
59 49
59 50
59 51
59 51
59 52
59 53
59 54
59 55
59 56
59 57
59 57
59 58
59 59
59 60
59 61
59 61
60 62
60 63
60 63
61 64
61 65
61 65
62 66
62 66
63 65
64 65
64 65
65 64
65 64
66 63
67 63
67 63
68 62
68 61
68 61
69 60
69 59
70 58
70 58
70 57
70 57
71 56
71 55
71 55
71 54
71 54
71 53
71 53
70 52
70 52
69 52
69 52
68 52
68 52
67 52
67 52
66 52
66 52
65 52
65 52
64 52
64 52
63 52
63 52
63 52
63 52
63 51
63 51
64 50
64 50
64 49
64 49
65 48
66 48
66 48
67 47
67 47
68 46
68 45
68 45
69 44
69 44
70 44
70 44
71 43
71 43
71 43
72 44
72 44
72 45
72 45
72 46
72 47
72 48
72 48
72 49
72 50
72 51
72 51
72 52
71 53
71 54
71 55
71 55
71 56
71 57
71 58
71 58
71 59
71 60
71 61
71 61
71 62
71 63
71 64
71 65
71 65
71 66
71 67
71 67
71 68
71 69
71 70
71 70
71 71
71 71
71 72
71 72
71 72
72 72
72 72
72 71
72 71
72 70
72 69
72 69
73 68
73 67
73 67
74 66
74 65
74 65
74 64
74 63
74 63
75 62
75 61
75 61
76 60
76 60
76 59
76 59
77 58
77 57
77 57
77 56
77 56
77 55
77 55
77 54
77 54
77 53
77 53
77 53
77 52
77 52
77 51
77 51
77 51
77 50
77 50
77 49
77 49
77 49
77 48
77 48
76 48
76 48
76 48
76 49
76 49
75 50
75 50
75 51
75 52
75 52
75 53
74 54
74 55
74 55
74 56
74 57
74 58
74 58
74 59
74 60
74 60
74 61
74 62
74 62
74 63
74 64
74 64
74 65
74 65
75 65
75 65
75 64
75 64
76 63
76 62
76 62
77 61
77 60
77 60
77 59
77 58
77 58
77 57
77 56
77 56
78 55
78 54
78 54
78 53
78 53
78 52
78 52
77 51
77 51
77 51
77 51
77 51
77 51
77 51
77 51
77 51
77 51
77 51
77 51
77 51
77 51
77 51
77 51
77 51
77 51
77 51
77 51
77 52
77 52
77 53
77 53
77 53
77 54
77 54
77 55
77 55
77 56
77 56
77 57
77 57
77 58
77 59
77 59
78 60
78 60
78 61
78 61
79 62
79 62
80 63
80 63
81 62
81 62
82 62
82 62
83 61
83 61
84 60
84 60
85 59
85 58
85 58
85 57
85 57
86 56
86 55
86 55
86 54
86 54
87 53
87 52
87 52
87 51
87 51
87 50
87 50
86 49
86 49
86 49
86 50
86 50
85 50
85 50
85 51
85 51
85 52
85 53
85 53
85 54
84 55
84 56
84 56
84 57
84 58
84 58
84 59
84 60
84 60
84 61
84 62
84 62
84 63
84 64
84 64
84 65
84 65
84 65
84 65
85 65
85 65
85 64
85 64
85 63
85 62
85 62
86 61
86 60
86 60
86 59
86 58
86 58
87 57
87 56
87 56
87 55
87 54
87 54
88 53
88 53
88 53
89 53
89 53
89 54
89 54
89 55
89 55
89 56
89 57
89 57
90 58
90 59
90 59
90 60
90 61
90 61
90 62
90 62
91 63
91 64
91 64
92 65
92 65
93 66
93 66
94 66
94 66
95 65
95 64
95 64
95 63
95 63
96 62
96 61
96 61
97 60
97 60
98 59
98 58
98 58
98 57
98 56
98 55
98 55
98 54
98 53
98 53
98 52
98 51
98 50
98 50
97 49
97 49
97 48
97 48
96 48
96 48
96 48
95 49
95 49
94 50
94 50
94 51
94 52
94 52
94 53
93 54
93 55
93 55
93 56
93 57
93 58
93 58
93 59
93 60
93 60
93 61
93 62
93 62
93 63
93 64
93 64
93 64
94 65
94 65
94 64
94 64
95 63
95 63
95 62
95 62
95 61
95 61
96 60
96 59
96 59
96 59
96 60
96 60
96 61
96 61
96 62
96 63
96 64
96 64
96 65
96 66
96 67
96 67
96 68
96 69
96 70
96 71
96 72
96 72
96 73
96 74
95 75
95 76
95 77
95 77
95 78
95 79
95 80
95 81
95 81
95 82
95 83
95 84
95 85
95 86
95 86
95 87
95 88
95 89
95 90
95 90
95 91
94 92
94 93
94 93
94 94
94 95
94 95
93 96
93 97
93 97
93 98
93 99
93 99
92 100
92 100
91 100
91 100
90 100
90 100
89 100
88 100
88 100
87 99
87 98
87 98
87 97
87 96
87 96
86 95
86 94
86 94
86 93
85 92
85 91
85 90
85 90
85 89
86 88
86 87
86 86
86 86
86 85
86 84
86 83
86 82
86 82
86 81
87 80
87 79
87 78
87 78
87 77
88 76
88 75
88 74
88 74
89 73
89 72
90 71
90 70
91 69
91 69
92 68
92 67
93 66
93 66
94 65
94 64
95 63
95 63
96 62
97 61
98 60
98 60
99 59
100 59
