0 16
0 15
0 14
0 14
0 13
0 13
0 12
0 12
0 12
0 12
0 12
0 12
0 13
0 14
0 15
0 16
0 16
0 17
0 18
0 19
0 20
0 20
0 21
0 22
0 23
0 24
0 25
0 26
0 26
0 27
0 28
0 29
0 30
0 31
0 31
0 32
0 33
0 34
0 35
0 36
0 37
0 37
0 38
0 39
0 40
0 41
0 41
0 42
1 43
1 44
1 44
1 45
1 45
2 45
2 45
3 44
3 44
3 43
3 42
3 42
3 41
4 40
4 39
4 39
4 38
4 37
4 36
4 35
4 35
4 34
5 33
5 32
5 31
5 31
5 30
5 29
5 28
5 27
5 27
6 26
6 25
6 25
6 24
6 24
6 24
6 24
6 24
6 25
6 26
6 26
6 27
6 28
6 29
6 30
6 30
6 31
7 32
7 33
7 34
7 34
7 35
7 36
7 37
7 38
7 38
8 39
9 40
9 40
10 41
10 42
10 42
10 43
10 43
11 42
12 42
12 42
13 41
13 40
13 40
13 39
14 38
14 37
14 37
14 36
15 35
15 34
15 33
15 33
15 32
15 31
16 30
16 29
16 28
16 28
16 27
16 26
17 25
17 24
17 23
17 23
17 22
17 21
17 20
17 19
17 19
17 18
17 17
17 16
17 15
17 15
17 14
17 13
17 12
17 11
17 11
17 10
17 9
17 8
17 8
17 7
16 6
16 5
16 5
15 4
15 3
15 3
14 2
14 1
14 1
13 0
13 0
13 0
12 1
12 1
12 2
12 3
12 3
12 4
13 5
13 6
14 7
14 8
14 9
15 10
15 11
16 12
16 13
16 14
17 15
17 16
17 17
18 18
18 19
19 20
19 21
19 22
20 23
20 24
21 25
21 26
21 27
22 28
22 29
23 30
23 31
23 32
24 33
24 34
24 35
25 36
25 37
26 38
26 39
26 39
27 38
27 37
27 37
27 36
27 35
27 35
26 34
26 33
26 33
26 32
26 31
26 30
26 30
26 29
26 28
26 28
26 27
26 27
25 26
25 25
25 25
25 24
25 24
24 23
24 22
24 22
24 22
23 23
23 23
23 24
23 25
23 25
23 26
22 27
22 28
22 29
22 29
22 30
22 31
22 32
22 33
22 33
22 34
22 35
22 36
22 37
22 37
22 38
22 39
22 40
22 40
22 41
22 42
22 42
23 43
23 43
23 43
24 43
24 43
25 42
25 41
25 41
26 40
26 39
26 39
26 38
26 37
26 36
26 36
26 35
27 34
27 33
27 32
27 32
27 31
27 30
27 30
27 29
27 29
27 28
27 28
27 28
27 28
26 29
26 29
26 30
26 31
26 31
26 32
26 33
26 33
26 34
26 35
26 36
26 36
26 37
26 38
26 38
26 39
26 40
26 40
26 41
26 42
26 42
27 43
27 44
27 44
28 44
28 44
29 44
29 44
30 44
30 44
31 43
31 43
31 42
31 41
31 41
32 40
32 39
32 39
33 38
33 38
33 37
33 36
33 36
33 35
33 34
33 34
33 33
33 32
33 32
33 31
33 31
33 30
33 30
33 30
32 29
32 29
32 29
32 30
32 30
32 31
32 31
32 32
32 33
32 34
32 34
32 35
32 36
32 37
32 37
32 38
31 39
31 40
31 40
31 41
31 42
31 43
31 43
31 44
31 45
31 45
31 46
31 46
31 46
32 46
32 46
32 45
32 45
32 44
32 43
32 43
32 42
33 41
33 40
33 40
33 39
33 38
33 37
33 37
33 36
33 35
33 34
33 34
34 33
34 33
34 32
34 31
34 31
34 31
34 31
34 31
34 31
34 32
34 32
35 33
35 33
35 34
35 35
35 35
35 36
35 37
35 37
35 38
35 39
35 40
35 40
36 41
36 42
36 42
36 43
36 43
37 44
37 44
38 45
38 45
39 44
39 44
40 44
40 44
41 43
41 43
42 42
42 42
43 41
43 40
43 40
43 39
43 38
43 38
44 37
44 37
44 36
44 35
44 35
44 34
44 34
43 33
43 32
43 32
43 31
43 30
43 30
42 29
42 28
42 28
42 27
42 27
41 27
41 27
41 27
40 28
40 28
40 29
40 30
40 30
40 31
39 32
39 33
39 34
39 34
39 35
39 36
39 37
39 37
39 38
39 39
39 39
40 40
40 41
40 41
41 42
41 42
41 42
42 42
42 42
43 41
43 41
44 40
44 39
44 39
44 38
44 37
44 37
44 36
44 36
44 35
44 35
44 34
44 34
44 34
43 34
43 34
43 35
43 35
43 36
43 36
43 37
43 38
43 39
43 40
43 40
43 41
43 42
43 43
43 44
43 45
43 45
43 46
43 47
43 48
43 49
43 50
43 51
43 51
43 52
43 53
43 54
43 55
43 56
43 57
43 58
43 58
43 59
43 60
43 61
43 62
43 63
43 64
43 65
43 65
43 66
43 67
43 68
42 69
42 70
42 71
42 72
42 73
42 73
42 74
42 75
42 76
42 77
42 78
42 79
42 79
42 80
42 81
41 82
41 83
41 84
41 84
41 85
41 86
41 87
41 88
41 88
41 89
40 90
40 91
40 91
40 92
40 92
39 93
39 93
39 92
39 92
39 91
38 90
38 89
38 89
38 88
38 87
38 86
38 85
38 84
38 84
38 83
38 82
38 81
37 80
37 79
37 78
37 77
37 77
37 76
37 75
37 74
37 73
37 72
37 71
37 71
37 70
37 69
38 68
38 67
38 66
38 65
38 65
38 64
38 63
38 62
38 61
38 61
38 60
39 59
39 58
39 57
39 57
39 56
40 55
40 54
40 53
40 53
41 52
41 51
41 51
42 51
43 51
43 51
44 50
45 49
46 49
47 48
48 47
49 46
50 45
51 44
52 44
53 43
54 42
55 41
56 40
57 39
58 39
59 38
60 37
61 36
62 35
63 35
64 34
65 33
66 32
67 31
68 30
69 30
70 29
71 28
71 28
72 27
72 26
73 25
73 25
73 24
73 23
73 23
74 22
74 21
74 21
74 20
74 19
74 18
74 18
74 17
74 16
74 16
74 15
74 14
74 14
74 13
74 12
74 12
73 11
73 11
72 10
72 9
72 9
72 9
71 10
71 10
70 11
69 12
69 12
69 13
68 14
68 15
68 16
68 16
68 17
68 18
67 19
67 20
67 21
67 21
67 22
67 23
66 24
66 25
66 26
66 27
66 27
66 28
66 29
66 30
65 31
65 32
65 33
65 34
65 34
65 35
65 36
65 37
65 38
65 39
65 40
65 41
65 41
65 42
65 43
65 44
65 45
65 46
65 46
65 47
65 48
65 49
65 50
65 50
65 51
66 52
66 53
66 53
67 54
67 54
68 54
69 54
69 54
70 53
70 53
70 52
71 51
71 50
71 50
72 49
72 48
72 48
72 47
73 46
73 45
73 45
73 44
73 43
73 43
73 42
73 41
73 41
73 40
73 39
73 39
73 38
72 37
72 36
71 35
71 34
70 33
70 32
70 32
69 31
68 31
68 31
68 32
68 32
68 33
68 33
68 33
68 33
68 33
68 32
68 32
69 32
69 32
70 32
70 32
71 31
71 31
71 31
72 30
72 30
72 30
73 30
73 30
73 30
73 30
73 31
73 32
73 32
73 33
73 34
73 34
73 35
73 36
73 37
73 37
73 38
73 39
73 40
73 40
73 41
73 42
73 42
73 43
73 44
73 45
73 45
73 46
73 47
73 48
73 48
73 49
73 50
73 50
73 51
73 51
73 51
73 51
73 51
73 51
74 51
74 51
74 50
74 50
75 50
75 50
76 51
76 51
77 50
77 50
78 49
78 49
79 48
80 47
80 47
81 46
81 45
81 45
81 44
81 43
81 43
81 42
82 41
82 40
82 40
82 39
82 38
82 38
82 37
82 36
82 36
82 35
82 35
82 34
82 33
82 33
82 32
82 32
81 31
81 30
81 30
80 30
80 30
79 30
79 30
79 31
79 31
79 32
78 33
78 34
78 34
78 35
77 36
77 37
77 37
77 38
77 39
77 40
77 40
77 41
77 42
77 43
77 43
77 44
77 45
77 45
77 46
77 47
77 47
78 48
78 48
78 48
79 47
80 47
80 47
80 46
80 45
80 45
81 44
81 43
81 43
81 42
82 41
82 40
82 40
83 39
83 38
83 38
83 37
83 36
83 36
83 35
83 35
83 34
83 34
83 34
82 34
82 34
82 35
82 35
82 36
82 37
82 37
82 38
82 39
82 39
82 40
82 41
82 41
82 42
82 43
82 43
82 44
82 45
82 45
83 46
83 46
83 46
84 46
84 46
85 46
85 46
86 45
86 45
86 44
86 43
86 43
87 42
87 42
88 41
88 40
88 40
88 39
88 38
88 38
88 37
88 36
88 36
88 35
88 34
88 34
88 33
88 32
88 32
88 31
88 31
88 30
88 30
88 30
87 30
87 30
87 31
87 31
87 32
87 32
87 33
87 34
87 34
86 35
86 36
86 36
86 37
86 38
86 38
86 39
86 40
86 40
86 41
86 41
86 42
86 42
86 42
86 42
86 42
87 41
87 41
87 40
87 39
87 39
87 38
87 37
87 37
87 36
88 35
88 34
88 34
88 33
88 32
88 32
89 31
89 31
89 30
89 30
89 30
89 30
89 30
89 31
89 31
89 32
89 32
90 33
90 34
90 34
90 35
90 36
90 36
90 37
90 38
90 38
91 39
91 40
91 40
91 41
91 41
92 42
92 42
93 42
93 42
94 42
94 42
95 42
96 42
96 42
97 41
97 41
98 40
98 39
98 39
98 38
99 37
99 36
99 36
99 35
99 34
99 33
99 33
99 32
99 31
99 30
99 30
99 29
99 28
99 28
99 27
99 26
99 25
99 25
99 24
99 23
99 23
98 22
98 22
98 21
98 21
97 22
97 22
96 23
96 23
96 24
96 25
96 25
95 26
95 27
95 27
95 28
95 29
95 30
95 30
95 31
95 32
95 32
95 33
95 33
96 34
96 34
96 34
97 34
97 34
98 33
98 32
98 32
98 31
98 30
98 30
99 29
99 28
99 28
99 27
99 27
99 26
99 26
99 25
99 25
99 25
99 25
99 26
99 26
98 27
98 28
98 28
98 29
98 30
98 30
98 31
98 32
98 33
98 33
98 34
98 35
98 36
98 37
98 37
98 38
98 39
98 40
98 41
98 42
98 42
98 43
98 44
98 45
98 46
98 47
98 48
98 48
98 49
98 50
98 51
98 52
98 53
98 54
98 55
98 55
98 56
98 57
98 58
98 59
98 60
98 61
98 62
98 62
98 63
98 64
98 65
97 66
97 67
97 68
97 69
97 69
97 70
97 71
97 72
97 73
97 74
97 75
97 76
97 77
97 78
97 78
97 79
97 80
96 81
96 82
96 83
96 84
96 84
96 85
96 86
95 87
95 88
95 89
95 90
95 90
95 91
95 92
94 93
94 94
94 95
94 95
94 96
93 97
93 98
93 98
92 99
92 100
92 100
91 100
91 100
90 99
90 99
90 98
90 97
90 96
90 95
90 95
90 94
90 93
90 92
89 91
89 90
89 89
89 88
89 88
89 87
89 86
89 85
89 84
89 83
89 82
89 81
89 81
89 80
89 79
89 78
89 77
89 76
89 75
89 74
89 73
89 72
89 72
89 71
89 70
89 69
89 68
90 67
90 66
90 65
90 64
90 63
90 63
90 62
91 61
91 60
91 59
92 58
92 57
92 57
92 56
93 55
93 54
93 53
94 52
94 51
94 51
95 50
95 49
96 48
96 47
96 47
97 46
98 46
98 46
99 46
100 46
