2 3
2 3
2 3
2 2
2 1
2 1
1 1
1 1
1 0
1 0
1 0
1 0
1 1
1 1
1 2
1 2
0 3
0 4
0 4
0 5
0 6
0 6
0 7
0 8
0 9
0 10
0 10
0 11
0 12
0 13
0 14
0 15
0 15
0 16
0 17
0 18
0 19
0 20
0 21
0 21
0 22
0 23
0 24
0 25
0 26
0 26
0 27
0 28
0 29
0 30
0 31
0 32
0 32
0 33
0 34
0 35
0 36
0 37
0 37
0 38
0 39
0 40
0 41
0 42
0 42
0 43
1 44
1 45
1 46
1 46
1 47
1 48
1 49
1 49
2 50
2 50
3 50
3 50
4 49
4 48
4 48
4 47
4 46
4 46
4 45
5 44
5 43
5 43
5 42
6 41
6 40
6 40
6 39
6 38
6 37
6 37
6 36
7 35
7 34
7 34
7 33
7 33
7 32
7 32
7 32
7 32
7 32
7 33
7 33
7 34
7 34
6 35
6 36
6 36
6 37
6 38
6 39
6 39
6 40
7 41
7 42
7 42
7 43
7 44
7 45
7 46
7 46
7 47
7 48
7 49
7 49
7 50
8 51
8 52
8 52
9 53
9 54
9 54
10 55
10 55
11 55
11 55
12 54
12 54
13 53
13 52
13 52
13 51
14 50
14 49
14 49
14 48
15 47
15 46
15 45
15 45
15 44
15 43
15 42
15 41
15 41
15 40
15 39
15 38
15 38
15 37
16 36
16 35
16 35
15 34
15 33
15 33
15 32
15 31
15 31
14 30
14 29
14 29
13 28
13 27
13 27
13 26
13 26
12 25
12 24
12 24
11 24
11 24
11 23
11 23
12 24
13 25
13 26
14 27
15 28
16 29
16 30
17 31
18 32
19 33
19 34
20 35
21 36
22 37
22 38
23 39
24 40
25 41
25 42
26 43
27 44
27 44
27 43
27 42
27 41
27 41
27 40
27 40
27 40
27 39
27 38
27 38
27 37
27 36
27 36
27 35
27 35
27 34
27 33
27 33
27 32
27 32
27 31
27 30
27 30
27 29
27 29
26 29
26 29
26 28
26 28
25 28
25 28
25 28
24 29
24 30
24 30
24 31
24 32
24 32
24 33
23 34
23 35
23 35
23 36
23 37
23 38
23 38
23 39
22 40
22 41
22 41
22 42
22 43
22 44
22 45
22 45
22 46
23 47
23 48
23 48
23 49
23 50
23 50
24 51
24 51
24 51
25 50
25 50
25 49
25 48
25 48
26 47
26 46
26 46
26 45
26 44
26 44
27 43
27 42
27 42
27 41
27 40
27 40
27 39
27 39
27 39
27 38
27 38
27 38
27 38
26 39
26 39
26 40
26 41
26 41
26 42
26 43
26 44
26 44
26 45
26 46
26 47
26 47
26 48
26 49
26 49
27 50
27 51
27 51
27 52
27 53
27 53
28 54
28 54
29 54
29 54
30 53
30 53
30 52
30 52
31 51
31 50
31 50
31 49
32 48
32 47
32 47
32 46
32 45
32 45
33 44
33 43
33 43
33 42
33 41
33 41
33 40
33 39
33 39
33 38
33 38
33 37
33 37
32 37
32 37
32 37
32 37
32 38
32 38
32 39
32 39
32 40
32 41
32 41
31 42
31 43
31 43
31 44
31 45
31 46
31 46
31 47
31 48
31 48
31 49
31 50
31 50
31 51
31 51
31 52
31 52
31 52
31 52
32 51
32 51
32 50
32 49
32 49
32 48
32 47
32 47
32 46
32 45
32 44
32 44
33 43
33 42
33 42
33 41
33 40
33 39
33 39
33 38
33 38
33 37
33 37
34 36
34 36
34 36
34 36
34 37
34 37
34 38
34 39
34 39
35 40
35 40
35 41
35 42
35 42
35 43
35 44
35 45
35 45
35 46
35 47
35 47
36 48
36 49
36 49
37 50
37 50
37 51
37 51
38 52
38 52
39 51
39 51
40 50
41 50
41 50
41 49
42 48
42 47
42 47
42 46
43 45
43 44
43 44
43 43
43 42
44 41
44 40
44 39
44 39
44 38
45 37
45 36
45 36
45 35
45 34
45 33
45 33
45 32
45 31
45 30
45 30
45 29
45 29
45 28
45 27
45 27
44 26
44 25
44 25
44 24
44 24
43 24
43 24
42 24
42 24
42 25
42 25
41 26
41 26
41 27
41 28
41 29
41 29
41 30
40 31
40 32
40 32
40 33
40 34
40 35
40 35
40 36
40 37
40 38
40 39
40 39
40 40
40 41
40 42
40 42
41 43
41 44
41 44
41 45
41 45
42 45
42 45
42 44
42 44
43 43
43 42
43 42
43 41
44 40
44 39
44 39
44 38
44 37
44 36
44 36
45 35
45 34
45 34
45 33
45 32
45 32
45 31
45 31
45 30
45 30
45 30
45 30
45 30
45 31
45 31
44 32
44 32
44 33
44 34
44 34
44 35
44 36
44 37
44 37
44 38
44 39
44 40
44 40
44 41
44 42
44 43
44 44
44 45
44 45
44 46
44 47
44 48
44 49
44 50
44 51
44 51
44 52
44 53
43 54
43 55
43 56
43 57
43 57
43 58
43 59
43 60
43 61
43 62
43 63
43 63
43 64
43 65
43 66
43 67
43 68
43 69
43 70
43 70
43 71
43 72
43 73
43 74
43 75
43 76
43 77
43 77
43 78
42 79
42 80
42 81
42 81
42 82
42 83
42 84
42 85
42 85
42 86
41 87
41 88
41 88
41 89
41 90
41 90
40 91
40 91
40 92
40 92
39 92
39 92
39 91
39 91
38 90
38 90
38 89
37 88
37 87
37 87
37 86
36 85
36 84
36 84
36 83
36 82
36 81
36 80
36 80
36 79
35 78
35 77
35 77
35 76
36 75
36 74
36 74
36 73
36 72
36 71
36 70
36 70
36 69
37 68
37 67
37 66
37 66
37 65
38 64
38 63
38 62
38 62
39 61
39 60
40 59
40 58
40 58
41 57
41 56
42 55
42 54
42 54
43 53
43 52
44 51
44 51
45 50
46 49
47 48
48 47
49 46
50 46
51 45
52 44
53 43
54 42
55 41
56 40
57 39
58 38
59 37
60 36
61 35
62 35
63 34
64 33
65 32
66 31
67 30
67 30
68 29
68 28
68 28
68 27
68 27
68 26
68 25
68 25
68 24
68 23
68 23
68 22
68 21
68 21
68 20
68 19
68 19
68 18
68 17
68 17
68 16
68 15
68 15
68 14
68 14
67 13
67 13
67 13
66 12
66 12
65 13
65 13
65 14
65 14
65 15
64 16
64 17
64 17
64 18
63 19
63 20
63 21
63 21
63 22
62 23
62 24
61 25
61 26
61 26
61 27
61 28
60 29
60 30
60 31
60 32
60 32
60 33
60 34
60 35
59 36
59 37
59 38
59 39
59 39
59 40
59 41
59 42
59 43
59 44
59 45
59 46
59 47
59 47
59 48
59 49
59 50
59 51
59 52
59 53
59 54
59 54
59 55
59 56
59 57
59 58
59 59
59 59
59 60
60 61
60 62
60 62
61 63
61 64
61 64
62 64
62 64
63 63
64 63
64 63
64 62
65 61
65 60
65 60
66 59
66 58
66 58
66 57
67 56
67 55
67 55
67 54
68 53
68 52
68 52
68 51
68 50
68 49
68 49
68 48
67 47
67 46
67 45
67 44
66 43
66 42
66 41
66 40
65 39
65 38
65 37
65 37
64 38
64 38
64 39
64 39
64 39
64 39
64 39
64 39
65 38
65 38
66 38
66 38
66 37
66 37
67 37
67 37
67 37
67 37
68 37
68 37
68 37
68 37
68 37
68 38
68 38
67 39
67 39
67 40
67 41
67 42
67 42
67 43
67 44
67 44
67 45
67 46
67 47
67 47
67 48
67 49
67 50
67 51
67 51
67 52
66 53
66 54
66 54
66 55
66 56
66 56
66 57
66 58
66 58
66 59
66 60
66 60
66 61
66 61
66 61
67 61
67 61
67 61
68 61
68 61
69 60
69 59
70 58
71 57
71 56
72 55
73 54
73 53
74 52
74 52
75 51
75 50
76 49
76 49
76 48
76 47
76 47
76 46
76 45
76 45
76 44
76 44
76 43
76 42
76 42
76 41
76 41
76 40
76 39
76 39
76 38
76 38
76 37
76 37
75 36
75 36
75 36
74 36
74 36
73 37
73 37
73 38
73 39
73 39
73 40
72 41
72 42
72 42
72 43
72 44
72 45
72 45
72 46
71 47
71 48
71 48
71 49
71 50
71 51
71 51
71 52
71 53
71 54
71 55
71 55
71 56
71 57
71 58
71 58
72 59
72 60
72 60
73 61
73 61
74 60
74 60
75 59
75 59
75 58
75 57
75 56
75 56
75 55
76 54
76 53
76 53
76 52
77 51
77 50
77 50
77 49
78 48
78 47
78 47
78 46
78 45
78 44
78 44
79 43
79 42
79 42
79 41
79 41
79 40
79 40
79 39
79 39
78 40
78 40
78 41
78 41
78 42
78 42
77 43
77 44
77 44
77 45
77 46
77 46
77 47
77 48
77 49
77 49
77 50
77 51
77 52
77 52
77 53
77 54
77 54
78 55
78 56
78 56
79 57
79 58
79 58
79 58
80 58
80 58
81 57
81 56
81 56
82 55
82 54
82 54
82 53
83 52
83 51
83 51
83 50
84 49
84 48
84 47
84 47
84 46
85 45
85 44
85 44
85 43
85 42
85 41
85 40
85 40
86 39
86 38
86 38
86 37
86 36
86 36
86 35
86 34
86 34
86 34
85 33
85 33
85 33
85 33
85 33
85 34
85 34
85 35
85 35
84 36
84 37
84 37
84 38
84 39
84 40
84 40
84 41
84 42
84 43
84 43
84 44
83 45
83 46
83 47
83 47
83 48
83 49
83 49
83 50
83 51
83 51
83 52
83 53
83 53
83 53
84 53
84 53
84 53
84 52
84 51
84 51
84 50
84 49
84 49
85 48
85 47
85 47
85 46
85 45
85 44
85 44
85 43
86 42
86 41
86 41
86 40
86 39
86 38
86 38
87 37
87 36
87 36
87 35
87 35
87 34
87 34
88 34
88 34
88 34
88 34
88 35
88 35
88 36
88 36
88 37
88 38
88 38
88 39
88 39
88 40
88 41
88 42
88 42
89 43
89 44
89 44
89 45
89 46
89 46
89 47
89 48
89 48
89 49
89 50
89 50
90 51
90 51
90 51
90 51
91 50
91 50
91 49
91 49
92 48
92 48
93 47
93 46
93 46
94 45
94 44
94 44
94 43
95 42
95 41
95 41
96 40
96 39
96 39
97 38
97 37
97 37
97 36
98 35
98 34
98 34
98 33
98 32
98 32
99 31
99 30
99 30
99 29
99 28
99 28
100 27
100 27
100 26
100 25
100 25
99 24
99 23
99 23
99 22
99 21
99 21
99 20
99 20
98 19
98 18
98 18
98 18
97 18
97 18
96 19
96 20
96 20
95 21
95 22
95 22
95 23
94 24
94 25
94 25
94 26
94 27
94 28
94 28
94 29
93 30
93 31
93 31
93 32
93 33
93 34
93 34
93 35
93 36
93 37
93 37
93 38
93 39
93 39
94 40
94 41
94 41
94 41
95 41
95 41
96 40
96 40
97 39
97 39
98 38
98 37
98 37
98 36
98 35
98 35
99 34
99 33
99 33
99 32
99 31
99 31
99 30
99 30
99 29
99 28
99 28
99 27
99 27
99 26
99 26
99 26
99 26
98 27
98 27
98 28
98 28
98 29
98 30
98 30
98 31
98 32
98 33
98 33
98 34
97 35
97 36
97 37
97 37
97 38
97 39
97 40
97 41
97 42
97 42
97 43
97 44
97 45
97 46
97 47
97 48
97 48
97 49
97 50
97 51
97 52
97 53
97 54
97 54
97 55
97 56
97 57
97 58
97 59
97 60
97 61
97 62
97 62
97 63
97 64
97 65
96 66
96 67
96 68
96 69
96 69
96 70
96 71
96 72
96 73
96 74
96 75
96 76
96 76
96 77
96 78
95 79
95 80
95 81
95 82
95 82
95 83
95 84
94 85
94 86
94 87
94 87
94 88
94 89
94 90
94 91
94 91
94 92
93 93
93 94
93 95
93 95
92 96
92 97
91 98
91 98
90 99
90 100
90 100
89 100
89 100
88 100
88 100
88 99
87 98
87 97
87 97
87 96
87 95
87 94
87 93
87 92
87 92
87 91
87 90
87 89
87 88
87 87
87 86
87 86
87 85
87 84
87 83
87 82
87 81
87 80
87 79
87 79
87 78
87 77
87 76
88 75
88 74
88 73
88 72
88 71
88 71
88 70
88 69
88 68
89 67
89 66
89 65
89 64
89 64
89 63
89 62
89 61
90 60
90 59
90 58
90 57
90 57
90 56
91 55
91 54
91 53
92 52
92 51
92 51
92 50
93 49
93 48
94 47
94 46
95 45
95 44
95 44
96 43
96 42
97 41
97 40
97 40
98 39
98 38
99 37
