1 4
1 3
1 2
1 2
1 1
1 1
1 1
1 0
1 0
1 0
0 1
0 1
0 2
0 3
0 3
0 4
0 5
0 6
0 7
0 7
0 8
0 9
0 10
0 11
0 12
0 12
0 13
0 14
0 15
0 16
0 17
0 17
0 18
0 19
0 20
0 21
0 22
0 23
0 24
0 24
0 25
0 26
0 27
0 28
0 29
0 30
0 30
0 31
0 32
0 33
0 34
0 35
0 35
0 36
0 37
0 38
0 39
0 39
0 40
0 41
0 42
0 42
0 43
0 44
0 44
1 45
1 46
1 46
1 46
2 46
2 46
3 45
3 44
3 44
3 43
4 42
4 41
4 41
4 40
5 39
5 38
5 37
5 37
5 36
5 35
5 34
5 34
5 33
6 32
6 31
6 31
6 30
6 29
6 29
6 28
6 27
6 27
6 26
6 26
6 25
6 25
6 25
6 25
6 26
6 26
5 27
5 28
5 28
5 29
5 30
5 31
5 31
5 32
5 33
5 34
5 34
5 35
5 36
5 37
5 37
5 38
6 39
6 40
6 41
6 41
6 42
6 43
6 44
6 45
6 45
6 46
7 47
7 48
7 48
8 49
8 50
8 50
9 50
9 50
10 49
11 48
11 48
12 47
12 46
12 46
12 45
13 44
13 43
13 42
13 42
13 41
13 40
13 39
13 38
13 38
13 37
14 36
14 35
14 34
14 34
14 33
15 32
15 31
15 31
15 30
15 29
15 28
15 28
15 27
15 26
15 25
15 25
15 24
15 23
15 22
15 22
15 21
14 20
14 19
14 18
14 18
14 17
14 16
14 15
14 15
14 14
13 13
13 12
13 12
13 11
12 10
12 9
12 9
11 8
11 7
11 7
11 6
11 6
10 6
10 6
10 7
10 8
10 8
10 9
10 10
10 10
10 11
11 12
11 13
12 14
12 15
13 16
13 17
14 18
14 19
15 20
15 21
16 22
16 23
16 24
17 25
17 26
18 27
18 28
19 29
19 30
20 31
20 32
21 33
21 34
22 35
22 36
22 36
22 36
22 35
22 35
22 34
22 33
22 33
22 32
22 31
22 31
21 30
21 29
21 29
21 28
21 27
21 27
21 26
21 25
21 25
21 24
21 24
20 23
20 23
20 22
20 22
20 22
19 22
19 22
19 23
19 24
19 24
18 25
18 26
18 26
18 27
17 28
17 29
17 30
17 30
17 31
17 32
17 33
17 33
17 34
16 35
16 36
16 37
16 37
16 38
16 39
16 40
16 41
16 41
16 42
16 43
16 44
16 44
16 45
16 46
16 46
17 47
17 47
17 48
17 48
18 48
18 48
19 47
19 46
19 46
20 45
20 45
20 44
20 43
20 42
20 42
20 41
21 40
21 39
21 39
21 38
21 37
21 37
21 36
21 35
21 35
21 34
21 34
21 33
21 33
21 32
21 32
21 32
21 33
21 33
20 34
20 34
20 35
20 35
20 36
20 37
20 37
20 38
20 39
20 39
20 40
20 41
20 41
20 42
20 43
20 43
21 44
21 45
21 45
21 46
21 47
21 47
22 48
22 48
23 49
23 49
24 49
24 49
25 48
25 47
25 47
25 46
25 46
25 45
26 44
26 43
26 43
26 42
27 41
27 40
27 40
27 39
27 38
27 38
27 37
27 36
27 36
28 35
28 34
28 34
28 33
28 32
28 32
27 31
27 31
27 30
27 30
27 29
27 29
27 29
27 28
27 27
27 27
27 27
26 28
26 28
26 29
26 29
26 30
26 31
26 31
26 32
26 33
26 33
26 34
26 35
26 36
26 36
26 37
26 38
26 39
26 40
26 40
26 41
25 42
25 43
25 43
25 44
25 45
25 45
25 46
25 47
25 47
25 47
25 47
25 47
25 46
25 45
25 45
26 44
26 43
26 43
26 42
26 41
26 40
26 40
26 39
26 38
26 38
26 37
27 36
27 35
27 35
27 34
27 33
27 33
27 32
27 32
28 31
28 31
28 30
28 30
28 30
28 31
28 31
29 32
29 32
29 33
29 33
29 34
29 35
29 36
29 36
29 37
29 38
29 38
29 39
29 40
29 41
29 41
29 42
29 43
29 44
29 44
29 45
30 46
30 47
30 47
30 48
30 48
31 49
31 49
32 50
32 50
33 49
33 49
34 48
34 47
34 47
35 46
35 45
36 44
36 43
36 43
36 42
37 41
37 40
37 40
37 39
38 38
38 37
38 36
38 36
38 35
39 34
39 33
39 32
39 32
39 31
40 30
40 29
40 29
40 28
40 27
40 26
40 26
40 25
40 24
40 24
40 23
40 22
40 22
39 21
39 21
39 21
38 21
38 21
37 22
37 23
37 23
36 24
36 25
36 25
36 26
36 27
36 27
36 28
35 29
35 30
35 30
35 31
35 32
35 33
35 33
35 34
35 35
35 36
35 36
35 37
35 38
35 39
35 39
35 40
35 41
35 41
35 42
35 42
36 42
36 42
36 42
37 41
37 40
37 40
38 39
38 38
38 38
38 37
38 36
38 36
39 35
39 34
39 34
39 33
39 32
39 32
40 31
40 31
40 30
40 30
40 29
40 29
40 29
39 29
39 29
39 29
39 30
39 31
39 31
39 32
39 33
39 33
39 34
38 35
38 36
38 36
38 37
38 38
38 39
38 40
38 41
38 41
38 42
38 43
38 44
38 45
38 46
38 46
38 47
38 48
38 49
38 50
38 51
38 52
38 52
38 53
38 54
37 55
37 56
37 57
37 58
37 58
37 59
37 60
37 61
37 62
37 63
37 64
37 65
37 65
37 66
37 67
37 68
37 69
37 70
37 71
37 71
37 72
37 73
36 74
36 75
36 76
36 76
36 77
36 78
36 79
36 80
36 80
36 81
35 82
35 83
35 83
35 84
35 85
35 85
34 86
34 87
34 87
34 87
33 86
33 86
32 85
32 84
32 84
32 83
31 82
31 81
31 80
31 80
31 79
31 78
31 77
31 76
31 75
31 75
31 74
31 73
30 72
30 71
30 70
30 69
30 69
30 68
30 67
31 66
31 65
31 64
31 63
31 63
31 62
31 61
31 60
31 59
31 58
31 58
31 57
32 56
32 55
32 55
32 54
33 53
33 52
33 52
34 51
34 50
35 49
35 49
36 48
36 47
36 47
37 46
38 45
38 45
39 44
40 44
41 43
42 42
43 41
44 41
45 40
46 39
47 39
48 38
49 37
50 37
51 36
52 35
53 34
54 34
55 33
56 32
57 32
58 31
59 30
60 30
61 29
62 28
63 27
64 27
65 26
65 26
66 25
66 24
66 24
66 23
66 22
66 21
66 21
66 20
66 19
66 19
67 18
67 17
67 17
67 16
67 15
67 15
67 14
67 13
67 13
68 12
68 11
68 11
68 10
68 9
68 9
67 8
67 8
67 7
67 7
66 6
66 6
66 5
66 5
65 4
65 4
64 5
64 5
63 6
63 7
63 7
62 8
62 9
62 9
62 10
61 11
61 12
61 13
61 13
61 14
60 15
60 16
59 17
59 18
59 18
59 19
59 20
59 21
58 22
58 23
58 24
58 25
58 25
58 26
58 27
58 28
57 29
57 30
57 31
57 32
57 32
57 33
57 34
57 35
57 36
57 37
57 38
57 39
57 39
57 40
57 41
56 42
56 43
56 44
56 45
56 45
56 46
56 47
56 48
57 49
57 50
57 51
57 52
57 52
57 53
57 54
57 55
57 55
58 56
59 57
59 57
60 58
60 58
61 58
61 58
62 57
63 56
63 56
64 55
64 55
65 54
65 53
65 53
65 52
66 51
66 50
66 50
67 49
67 48
67 48
67 47
67 46
67 45
67 45
67 44
66 43
66 42
65 41
65 40
64 39
64 38
64 37
63 36
63 35
62 34
62 33
61 32
61 31
61 31
61 32
61 33
61 33
61 33
60 32
60 32
61 32
61 32
61 32
61 31
61 31
62 31
62 31
63 31
63 31
63 31
64 31
64 31
64 31
65 31
65 31
65 30
65 30
65 30
65 30
65 30
65 30
65 30
65 31
65 31
65 32
65 32
65 33
65 33
64 34
64 35
64 35
64 36
64 37
64 37
64 38
64 39
64 40
64 40
64 41
64 42
64 43
64 44
64 44
64 45
64 46
64 47
64 47
64 48
64 49
64 50
64 50
64 51
64 52
64 52
64 53
64 53
64 54
64 55
64 55
64 55
64 55
64 55
64 54
64 54
65 54
65 54
66 53
67 52
68 51
69 50
70 49
71 48
72 47
72 47
73 46
73 45
74 44
74 43
74 43
74 42
74 41
74 41
75 40
75 39
75 39
75 38
75 37
75 37
75 36
75 36
74 35
74 35
74 34
74 34
73 33
73 33
73 33
72 33
72 33
71 34
71 34
71 35
71 35
70 36
70 36
69 37
69 38
69 38
69 39
69 40
69 41
69 41
69 42
69 43
69 43
69 44
69 45
69 46
69 46
69 47
69 48
69 48
69 49
69 49
70 50
70 50
71 50
71 50
72 50
72 50
72 49
72 49
72 48
73 47
73 46
73 46
73 45
74 44
74 43
74 43
75 42
75 41
75 41
75 40
75 40
76 39
76 38
76 38
76 38
76 38
75 38
75 38
75 39
75 39
75 40
75 40
74 41
74 42
74 42
74 43
74 43
74 44
74 45
74 45
74 46
74 47
74 48
74 48
75 49
75 50
75 50
75 51
75 51
76 52
76 53
76 53
76 53
77 54
77 54
78 53
78 53
79 52
79 52
80 51
80 50
80 50
80 49
80 48
80 47
80 47
80 46
81 45
81 44
81 44
81 43
82 42
82 41
82 41
83 40
83 39
83 39
83 38
83 37
83 36
83 36
83 35
83 35
83 34
83 34
83 33
83 33
83 33
83 33
83 34
83 34
83 35
83 36
83 36
82 37
82 38
82 38
82 39
82 40
82 41
82 41
82 42
82 43
82 44
82 44
82 45
81 46
81 47
81 47
81 48
81 49
81 49
81 50
81 51
81 51
81 52
81 52
81 52
81 52
81 51
81 51
82 50
82 49
82 49
82 48
82 47
82 47
82 46
83 45
83 44
83 44
83 43
83 42
83 42
84 41
84 40
84 40
84 39
84 39
84 38
84 38
85 37
85 37
85 37
85 38
85 38
85 39
85 39
85 40
85 41
85 41
86 42
86 43
86 43
86 44
86 45
86 45
87 46
87 47
87 47
87 48
87 49
87 49
88 50
88 50
89 50
89 50
90 50
90 50
91 49
91 48
91 48
92 47
92 46
92 46
93 45
93 44
93 44
93 43
94 42
94 41
94 40
94 40
94 39
95 38
95 37
95 37
95 36
95 35
95 35
95 34
95 33
95 32
95 32
95 31
95 30
95 30
94 29
94 28
94 28
94 28
93 28
93 28
93 28
92 29
92 30
92 30
91 31
91 31
91 32
91 33
91 33
91 34
90 35
90 36
90 36
90 37
90 38
90 38
90 39
90 40
90 40
90 41
90 42
90 42
91 43
91 44
91 44
92 45
92 45
93 45
93 45
94 44
94 44
94 43
94 43
95 42
95 41
95 41
95 40
95 39
95 39
96 38
96 37
96 37
96 36
96 36
96 35
96 35
96 34
96 34
95 33
95 33
95 33
95 33
95 34
95 34
94 35
94 36
94 36
94 37
94 38
94 39
94 39
94 40
94 41
94 42
94 43
94 43
94 44
94 45
94 46
94 47
94 48
94 48
94 49
94 50
94 51
94 52
94 53
94 54
94 54
94 55
94 56
93 57
93 58
93 59
93 60
93 60
93 61
93 62
93 63
93 64
93 65
93 66
93 67
93 67
93 68
93 69
93 70
93 71
93 72
93 73
93 74
93 74
93 75
93 76
93 77
93 78
93 79
93 80
93 80
93 81
93 82
92 83
92 84
92 85
92 86
92 86
92 87
92 88
92 89
92 90
92 91
92 91
92 92
91 93
91 94
91 95
91 95
91 96
90 97
90 98
90 98
89 99
89 100
89 100
88 100
88 100
87 100
87 100
86 99
86 98
86 98
86 97
85 96
85 95
85 95
85 94
85 93
85 92
85 91
85 90
85 90
85 89
85 88
85 87
85 86
85 85
85 84
85 84
85 83
85 82
86 81
86 80
86 79
86 78
86 78
86 77
86 76
87 75
87 74
87 73
87 73
87 72
88 71
88 70
89 69
89 68
89 68
89 67
90 66
90 65
90 64
91 63
91 62
91 62
92 61
92 60
93 59
93 58
93 58
94 57
94 56
95 55
95 54
95 54
96 53
97 52
97 52
98 52
98 52
99 53
100 53
