1 2
1 3
1 4
1 4
0 5
0 5
0 6
0 7
0 7
0 8
0 9
0 10
0 10
0 11
0 12
0 13
0 14
0 15
0 15
0 16
0 17
0 18
0 19
0 20
0 20
0 21
0 22
0 23
0 24
0 25
0 26
0 26
0 27
0 28
0 29
0 30
0 31
0 32
0 32
0 33
0 34
0 35
0 36
0 37
0 38
0 38
0 39
0 40
0 41
0 42
0 43
0 44
0 45
0 45
0 46
0 47
1 48
1 49
1 50
1 50
1 51
2 52
2 53
2 53
2 54
2 55
2 56
2 56
3 56
3 56
4 56
4 56
5 55
5 55
5 54
5 53
5 52
5 51
5 51
5 50
6 49
6 48
6 47
6 47
6 46
6 45
7 44
7 43
7 42
7 42
7 41
7 40
7 39
7 38
7 37
7 37
7 36
8 35
8 34
8 33
8 33
8 32
8 31
8 30
8 29
8 29
8 28
8 27
8 27
8 26
8 26
8 26
8 26
8 26
8 26
8 26
8 26
8 27
8 28
8 28
8 29
8 30
8 30
8 31
8 32
8 33
8 33
8 34
8 35
8 36
8 36
8 37
9 38
9 39
9 39
9 40
9 41
9 42
9 43
9 43
9 44
10 45
10 46
10 47
10 47
11 48
11 49
11 49
11 50
11 51
11 51
12 51
12 51
13 51
13 51
14 50
14 49
14 49
14 48
15 47
15 46
15 45
15 45
15 44
16 43
16 42
16 41
16 41
16 40
16 39
17 38
17 37
17 36
17 35
17 35
17 34
17 33
17 32
17 31
17 31
17 30
17 29
17 28
17 27
17 26
17 26
17 25
17 24
17 23
17 22
17 21
17 21
17 20
17 19
17 18
17 17
17 16
17 16
17 15
17 14
17 13
17 12
17 12
17 11
17 10
16 9
16 8
16 7
16 7
16 6
16 5
16 4
16 4
15 3
15 2
15 2
15 1
15 0
15 0
15 0
14 0
14 0
14 1
14 2
14 2
14 3
15 4
15 5
16 6
16 7
16 8
17 9
17 10
18 11
18 12
18 13
19 14
19 15
20 16
20 17
20 18
21 19
21 20
21 21
22 22
22 23
23 24
23 25
23 26
24 27
24 28
25 29
25 30
25 30
24 29
24 28
24 28
24 27
24 27
23 26
23 26
23 25
23 25
22 25
22 25
22 24
22 24
21 23
21 23
21 23
21 24
21 24
21 25
20 26
20 27
20 27
20 28
20 29
20 30
20 31
20 31
20 32
20 33
20 34
20 35
20 36
20 36
20 37
20 38
19 39
19 40
19 41
19 41
19 42
19 43
19 44
19 45
19 45
19 46
20 47
20 48
20 49
20 49
20 50
20 51
20 51
20 52
20 52
21 52
21 52
22 51
22 50
22 50
22 49
22 48
22 47
22 47
22 46
23 45
23 44
23 43
23 43
23 42
24 41
24 40
24 39
24 39
24 38
24 37
24 36
24 35
24 34
24 34
24 33
25 32
25 31
25 31
25 30
25 29
25 29
25 28
25 28
25 28
24 29
24 29
24 30
24 30
24 31
24 32
24 33
24 33
24 34
25 35
25 36
25 36
25 37
25 38
25 39
25 40
25 40
25 41
25 42
25 43
25 44
25 44
25 45
26 46
26 47
26 47
26 48
26 49
26 49
27 50
27 51
27 51
28 51
28 51
29 50
29 49
29 49
29 48
30 47
30 46
30 46
30 45
31 44
31 43
31 42
31 42
31 41
32 40
32 39
32 38
32 38
32 37
33 36
33 35
33 35
33 34
33 33
33 33
33 32
33 31
33 31
33 30
33 30
33 29
33 29
33 28
33 28
33 27
33 27
32 26
32 26
32 25
32 25
32 25
32 25
32 26
32 26
32 27
32 27
32 28
32 29
32 30
32 30
32 31
32 32
32 33
32 33
32 34
32 35
32 36
32 37
32 37
32 38
31 39
31 40
31 41
31 41
31 42
31 43
31 44
31 44
31 45
31 46
31 46
31 47
31 48
31 48
31 48
31 48
31 48
31 47
31 46
31 46
31 45
32 44
32 43
32 43
32 42
32 41
32 40
32 40
32 39
32 38
32 37
32 37
32 36
33 35
33 34
33 34
33 33
33 32
33 32
34 31
34 30
34 30
35 29
35 29
35 28
35 28
35 28
36 29
36 29
36 30
36 31
36 31
36 32
36 33
36 33
36 34
36 35
36 36
36 36
36 37
36 38
36 39
36 39
36 40
36 41
36 41
36 42
36 43
36 43
37 44
37 45
37 45
37 46
37 46
37 46
38 45
38 44
38 44
39 43
39 42
39 42
39 41
39 40
39 39
39 39
39 38
40 37
40 36
40 36
41 35
41 34
41 34
42 33
42 32
42 32
42 31
42 30
42 30
42 29
43 28
43 27
43 27
43 26
43 25
43 25
43 24
43 23
43 23
43 22
43 21
43 21
43 20
43 20
42 19
42 19
42 18
42 18
42 18
41 19
41 19
41 20
41 21
41 21
40 22
40 23
40 23
40 24
40 25
40 25
40 26
39 27
39 28
39 29
39 29
39 30
39 31
39 32
39 32
39 33
39 34
39 35
39 35
39 36
39 37
39 37
39 38
39 39
39 39
39 40
39 40
39 40
40 39
40 39
41 38
41 37
41 37
41 36
41 35
41 34
41 34
41 33
42 32
42 31
42 31
42 30
42 29
42 29
43 28
43 27
43 27
43 26
43 26
43 26
43 26
43 27
43 27
43 27
42 28
42 29
42 29
42 30
42 31
42 32
42 32
42 33
42 34
42 35
42 35
42 36
42 37
42 38
42 39
42 39
42 40
42 41
42 42
42 42
42 43
42 44
42 45
42 46
42 47
42 47
42 48
42 49
41 50
41 51
41 52
41 52
41 53
41 54
41 55
41 56
41 57
41 57
41 58
41 59
41 60
41 61
41 62
41 62
41 63
41 64
41 65
41 66
41 67
41 67
41 68
41 69
41 70
41 71
41 72
41 73
41 73
41 74
41 75
41 76
41 77
41 78
41 78
41 79
41 80
41 81
41 82
41 82
41 83
41 84
40 85
40 86
40 87
40 87
40 88
40 89
40 90
40 90
39 91
39 92
39 92
39 93
39 93
38 94
38 94
38 94
37 93
37 93
36 92
36 91
36 91
35 90
35 89
35 89
35 88
35 87
35 86
35 86
35 85
34 84
34 83
34 83
34 82
34 81
34 81
34 80
33 79
33 78
33 78
33 77
33 76
33 75
33 75
33 74
33 73
33 72
33 72
33 71
34 70
34 69
34 69
34 68
34 67
34 66
34 65
34 65
34 64
35 63
35 62
35 62
35 61
36 60
36 59
36 59
36 58
37 57
37 56
37 56
38 55
39 54
39 54
40 53
40 53
41 52
42 52
42 52
43 52
43 52
44 53
44 53
45 53
45 53
45 54
45 54
46 54
46 54
47 53
47 53
48 52
48 51
49 50
49 49
50 48
50 47
51 46
51 45
52 44
52 43
53 42
54 41
54 40
55 39
55 38
56 37
56 36
57 35
57 34
58 33
58 32
59 31
59 30
60 29
60 29
60 30
60 31
60 31
60 31
60 30
60 30
60 30
60 30
60 29
60 29
61 28
61 28
61 27
61 26
61 25
61 25
61 24
62 23
62 22
62 22
62 21
62 20
62 19
62 19
62 18
62 17
62 16
62 16
62 15
62 14
62 13
62 13
62 12
62 12
62 11
62 10
62 10
62 9
62 9
62 9
61 9
61 9
60 10
60 10
60 11
60 11
59 12
59 13
59 13
59 14
58 15
58 16
58 16
58 17
58 18
58 19
58 19
58 20
57 21
57 22
57 22
57 23
56 24
56 25
56 26
56 26
56 27
56 28
56 29
56 29
56 30
56 31
55 32
55 33
55 34
55 34
55 35
55 36
55 37
55 38
55 39
55 39
55 40
55 41
54 42
54 43
54 44
54 44
54 45
54 46
54 47
54 48
54 49
54 50
54 50
54 51
54 52
54 53
54 54
54 54
54 55
54 56
54 56
55 57
55 58
55 58
56 59
56 59
56 59
57 59
57 59
58 58
58 57
58 57
59 56
59 55
60 54
60 54
60 53
60 52
60 51
60 51
60 50
61 49
61 48
61 48
61 47
62 46
62 45
62 45
62 44
62 43
62 42
62 42
62 41
62 40
62 39
62 39
62 38
62 37
62 37
62 36
62 36
62 35
62 35
62 34
62 34
61 33
61 33
60 33
60 33
60 33
60 33
59 34
59 34
59 34
59 34
59 34
59 34
59 34
59 34
60 34
60 34
60 34
61 34
61 34
62 34
62 34
62 34
63 34
63 34
64 34
64 34
64 34
64 34
64 34
64 34
64 34
64 34
64 34
64 35
64 36
64 36
64 37
64 38
64 39
64 40
64 40
64 41
64 42
63 43
63 44
63 45
63 45
63 46
63 47
63 48
63 49
63 50
63 50
63 51
63 52
63 53
63 54
63 55
63 55
63 56
63 57
63 58
63 59
63 59
63 60
62 61
62 62
62 63
62 63
62 64
62 65
62 65
63 66
63 67
63 67
63 67
63 67
63 66
64 65
64 64
64 63
65 62
65 61
65 60
66 59
66 58
66 57
67 56
67 55
67 54
68 53
68 52
68 51
69 50
69 49
69 48
70 47
70 46
70 45
71 44
71 43
71 42
72 41
72 40
72 39
73 38
73 37
73 37
73 36
73 35
73 35
72 34
72 34
72 33
72 33
71 32
71 32
71 32
70 32
70 32
70 33
70 33
69 34
69 35
69 35
69 36
68 37
68 38
68 38
68 39
68 40
68 41
68 42
68 42
68 43
68 44
67 45
67 46
67 47
67 47
67 48
67 49
67 50
67 51
67 51
67 52
67 53
67 54
67 54
67 55
67 56
67 57
67 57
67 58
67 58
68 58
68 58
68 58
69 57
69 57
69 56
70 55
70 54
70 54
70 53
71 52
71 51
71 50
71 50
71 49
72 48
72 47
72 46
72 46
72 45
72 44
72 43
72 43
73 42
73 41
73 41
73 40
73 39
73 39
73 39
73 39
73 39
73 39
73 40
73 41
73 41
73 42
73 43
73 44
73 45
73 45
73 46
73 47
73 48
73 48
73 49
73 50
73 51
73 51
73 52
73 53
73 53
73 54
73 55
73 55
74 56
74 56
74 57
74 57
75 57
75 57
76 56
76 55
76 55
77 54
77 53
77 53
77 52
77 51
77 50
77 50
78 49
78 48
78 48
78 47
79 46
79 45
79 45
79 44
79 43
79 43
79 42
79 41
79 41
79 40
79 39
79 39
79 38
79 37
79 37
80 36
80 35
80 35
80 34
80 34
80 34
80 34
80 34
80 34
80 35
80 36
80 36
80 37
80 38
80 39
80 39
80 40
79 41
79 42
79 42
79 43
79 44
79 45
79 45
79 46
79 47
79 48
79 48
79 49
79 50
79 51
79 51
79 52
79 53
79 53
78 54
78 55
78 55
78 56
78 56
78 57
78 57
78 57
79 57
79 57
79 56
79 55
79 55
79 54
79 53
79 53
79 52
80 51
80 50
80 49
80 49
80 48
80 47
80 46
80 45
80 45
80 44
81 43
81 42
81 42
81 41
82 40
82 39
82 39
82 38
82 37
82 37
83 36
83 36
84 35
84 35
84 35
84 36
84 36
84 37
84 38
84 38
84 39
84 39
84 40
84 41
84 42
84 42
84 43
84 44
84 45
84 45
84 46
84 47
84 47
84 48
84 49
84 50
84 50
84 51
84 52
84 52
84 53
84 53
85 54
85 55
85 55
85 56
85 56
85 57
85 58
85 58
85 59
85 59
86 59
86 59
86 60
86 60
87 59
87 59
88 58
88 58
88 57
88 56
88 56
89 55
89 54
89 54
90 53
90 52
90 52
91 51
91 50
91 50
91 49
91 48
91 48
91 47
92 46
92 45
92 45
92 44
93 43
93 42
93 42
93 41
93 40
93 39
93 38
93 38
93 37
94 36
94 35
94 35
94 34
94 33
94 32
94 31
94 31
94 30
94 29
94 28
94 28
94 27
94 26
94 26
94 25
94 25
94 24
94 23
94 23
93 23
93 23
93 22
93 22
92 22
92 22
92 22
92 22
92 22
91 23
91 23
91 23
91 24
91 24
90 25
90 25
90 26
90 26
90 27
90 27
90 28
90 28
90 29
90 30
90 30
90 31
90 32
90 32
90 33
90 34
90 34
90 35
90 36
90 36
90 37
90 38
90 38
90 39
90 39
90 40
90 40
90 40
91 40
91 40
92 39
92 39
92 38
92 38
93 37
93 37
93 36
93 36
94 35
94 35
94 34
94 34
94 33
94 33
94 33
94 32
94 32
94 31
94 31
94 30
94 30
94 30
94 30
94 30
94 30
94 31
94 32
94 32
94 33
94 34
94 34
94 35
93 36
93 37
93 37
93 38
93 39
93 40
93 40
93 41
93 42
93 43
93 43
93 44
93 45
93 46
93 46
93 47
93 48
93 49
93 50
93 50
93 51
93 52
93 53
93 54
93 54
93 55
93 56
93 57
93 58
93 58
93 59
93 60
93 61
93 62
93 62
93 63
93 64
93 65
93 66
93 67
93 67
93 68
93 69
93 70
93 71
93 71
93 72
93 73
93 74
93 75
93 76
93 76
93 77
93 78
93 79
93 80
93 80
93 81
93 82
93 83
93 83
93 84
93 85
93 86
93 87
93 87
93 88
93 89
93 90
93 91
93 91
93 92
93 93
93 94
93 94
93 95
93 96
93 97
93 97
92 98
92 98
92 99
92 100
92 100
91 100
91 100
91 100
91 99
91 99
91 98
91 97
91 97
91 96
90 95
90 94
90 94
90 93
90 92
90 91
90 91
90 90
89 89
89 88
89 88
89 87
89 86
89 86
89 85
88 84
88 83
88 83
88 82
88 81
88 81
88 80
88 79
88 79
88 78
88 77
88 77
88 76
88 75
88 74
88 74
88 73
88 72
88 71
88 70
88 69
88 68
88 68
88 67
89 66
89 65
89 64
89 64
89 63
90 62
90 61
90 61
90 60
91 59
91 58
91 57
91 57
91 56
92 55
92 54
92 54
93 53
93 52
93 52
94 51
94 51
95 50
95 50
96 49
96 49
97 49
97 49
98 48
98 48
99 47
99 47
99 46
99 46
100 46
100 46
99 46
