0 17
0 16
0 16
0 15
0 15
0 15
0 14
0 14
0 14
0 14
0 15
0 15
0 16
0 17
0 17
0 18
0 19
0 20
0 20
0 21
0 22
0 23
0 24
0 24
0 25
0 26
0 27
0 28
0 28
0 29
0 30
0 31
0 32
0 33
0 34
0 34
0 35
0 36
0 37
0 38
0 39
0 40
0 41
0 41
0 42
0 43
0 44
0 45
0 46
0 47
0 47
0 48
0 49
0 50
0 51
0 52
0 52
0 53
0 54
0 55
0 56
0 56
1 57
1 58
1 58
1 59
1 60
1 60
2 60
2 60
2 60
3 59
3 58
3 58
3 57
4 56
4 55
4 55
4 54
4 53
4 52
4 51
4 51
4 50
4 49
4 48
4 47
4 46
4 46
4 45
5 44
5 43
5 42
5 42
5 41
5 40
5 39
5 38
5 38
5 37
5 36
5 35
5 35
5 34
5 34
5 34
5 34
5 34
5 35
5 36
5 36
5 37
5 38
5 39
5 39
5 40
5 41
5 42
5 43
5 43
5 44
5 45
5 46
5 47
5 47
5 48
6 49
6 50
6 51
6 51
6 52
7 53
7 54
7 55
7 55
8 56
8 57
8 57
8 58
8 59
8 59
9 59
10 59
10 59
11 58
11 58
11 57
12 56
12 55
12 55
12 54
13 53
13 52
13 52
13 51
13 50
14 49
14 48
14 47
14 47
14 46
14 45
15 44
15 43
15 42
15 41
15 41
15 40
15 39
16 38
16 37
16 36
16 35
16 35
16 34
16 33
16 32
16 31
16 30
16 30
16 29
16 28
16 27
16 26
16 25
16 25
16 24
16 23
16 22
16 21
16 20
16 20
16 19
16 18
16 17
16 17
16 16
15 15
15 14
15 14
14 13
14 12
14 12
13 11
13 10
13 10
12 9
12 8
12 8
11 7
11 7
10 7
10 7
9 6
9 6
9 6
8 6
8 6
8 6
8 7
9 8
9 9
10 10
10 11
11 12
11 13
12 14
12 15
13 16
13 17
14 18
14 19
15 20
15 21
16 22
16 23
17 24
17 25
18 26
18 27
19 28
19 29
20 30
20 31
21 32
21 33
22 34
22 35
23 36
23 37
24 38
24 39
24 39
24 38
24 38
24 37
24 37
24 36
24 35
24 35
24 34
24 33
24 33
24 32
24 31
24 31
24 30
24 29
24 29
23 28
23 27
23 27
23 26
23 25
23 25
23 24
23 23
23 23
22 23
22 23
22 23
21 24
21 24
21 25
21 26
21 26
21 27
20 28
20 29
20 29
20 30
20 31
20 32
20 32
20 33
19 34
19 35
19 35
19 36
19 37
19 38
19 39
19 39
19 40
19 41
19 42
19 43
19 44
19 44
19 45
19 46
19 47
19 47
19 48
19 49
19 50
19 50
20 51
20 51
20 51
21 50
21 50
22 49
22 49
22 48
22 47
22 47
23 46
23 45
23 45
23 44
23 43
23 43
24 42
24 41
24 41
24 40
24 39
24 39
24 38
24 37
24 36
24 36
25 35
25 35
25 34
25 34
25 34
24 34
24 34
24 34
24 35
24 35
24 36
24 37
24 37
24 38
24 39
24 40
24 40
24 41
24 42
24 43
24 43
24 44
24 45
24 46
24 46
24 47
24 48
24 49
24 49
25 50
25 51
25 51
25 52
25 52
26 53
26 53
27 52
27 52
28 51
28 51
29 50
29 49
29 49
29 48
29 47
29 47
29 46
30 45
30 44
30 44
30 43
31 42
31 41
31 41
31 40
31 39
31 38
31 38
31 37
31 36
31 36
32 35
32 35
32 34
32 34
31 33
31 33
31 32
31 32
31 32
31 31
31 31
31 30
31 30
30 29
30 29
30 29
30 29
30 29
30 29
30 29
30 30
30 30
30 31
30 31
30 32
30 32
30 33
30 33
30 34
30 35
30 35
30 36
30 37
30 37
30 38
30 39
30 39
30 40
30 41
30 41
30 42
30 43
30 44
30 44
30 45
30 45
30 46
30 46
30 46
30 46
30 46
30 46
30 46
30 46
30 46
30 46
30 45
30 45
30 45
30 44
30 44
30 44
30 43
30 43
30 43
31 42
31 41
31 41
31 40
31 40
31 39
31 39
31 38
31 38
31 38
31 37
31 37
31 36
31 36
32 35
32 35
32 34
32 33
32 33
32 32
32 32
32 32
32 31
32 31
32 31
32 31
32 31
33 31
33 31
33 32
33 32
33 32
33 32
33 33
33 33
34 34
34 35
34 35
34 36
34 36
34 37
34 38
34 38
34 39
34 40
34 40
34 41
34 42
34 42
34 43
34 43
34 44
34 44
34 45
34 45
35 46
35 46
35 47
35 47
36 47
36 47
37 47
37 47
38 46
38 46
39 45
39 44
39 44
40 43
40 42
40 42
40 41
41 40
41 39
41 39
41 38
41 37
41 37
41 36
42 35
42 34
42 34
42 33
42 32
42 32
43 31
43 31
43 30
43 29
43 29
43 28
42 27
42 26
42 26
42 25
42 24
42 24
42 23
41 22
41 21
41 21
40 20
40 19
40 19
40 18
40 18
39 19
39 19
39 20
39 20
39 21
39 22
39 22
39 23
38 24
38 25
38 25
38 26
38 27
38 28
38 28
38 29
38 30
38 30
38 31
38 32
38 33
38 33
38 34
38 35
38 35
38 36
39 37
39 38
39 38
40 38
40 38
40 38
41 37
41 37
42 36
42 35
42 35
43 34
43 33
43 33
43 32
43 31
43 31
43 30
43 29
43 29
43 28
43 28
43 27
43 26
43 26
43 25
43 25
43 24
43 24
43 23
43 23
43 23
43 23
43 23
42 23
42 23
42 24
42 24
42 25
42 26
42 26
42 27
42 28
42 29
42 29
42 30
42 31
42 32
42 32
42 33
42 34
42 35
42 36
42 37
42 37
42 38
42 39
42 40
42 41
42 42
42 42
42 43
42 44
42 45
42 46
42 47
42 48
42 48
42 49
42 50
42 51
42 52
42 53
42 53
42 54
42 55
42 56
42 57
42 58
42 59
42 59
42 60
42 61
42 62
42 63
42 64
42 64
42 65
42 66
42 67
42 68
42 69
42 69
42 70
42 71
42 72
42 73
42 73
42 74
41 75
41 76
41 77
41 77
41 78
41 79
41 80
41 80
41 81
40 82
40 83
40 83
39 84
39 85
39 85
39 86
39 86
38 86
38 86
38 86
38 85
37 84
37 83
37 83
37 82
36 81
36 80
36 80
36 79
36 78
36 77
36 76
36 75
36 75
36 74
36 73
36 72
36 71
36 70
36 70
36 69
36 68
36 67
36 66
36 65
36 65
36 64
36 63
36 62
36 62
36 61
36 60
36 59
36 59
37 58
37 57
37 57
37 56
38 55
38 54
38 54
39 53
40 52
41 51
42 50
43 49
44 48
45 47
46 46
47 46
48 45
49 44
50 43
51 42
52 41
53 40
54 39
55 38
56 37
57 36
58 35
59 34
60 33
61 32
62 31
63 30
64 29
65 29
66 28
67 27
68 26
69 25
70 24
71 23
72 22
73 21
73 21
73 20
73 19
74 18
74 17
74 16
74 16
74 15
74 14
74 14
74 13
74 12
74 12
74 11
74 10
74 10
74 9
74 8
74 8
74 7
74 6
74 6
73 5
73 4
73 4
72 3
72 3
71 2
71 1
71 1
70 0
70 0
69 1
69 1
68 2
68 3
68 3
67 4
67 5
66 6
66 7
66 7
66 8
65 9
65 10
65 11
65 11
65 12
64 13
64 14
64 15
63 16
63 17
63 17
63 18
63 19
62 20
62 21
62 22
62 23
62 23
62 24
62 25
62 26
61 27
61 28
61 29
61 30
61 31
61 31
61 32
61 33
61 34
61 35
61 36
61 37
61 38
61 39
61 39
61 40
61 41
61 42
61 43
61 44
61 45
61 45
61 46
61 47
62 48
62 49
62 50
62 51
62 51
62 52
63 53
63 54
63 54
64 55
65 56
65 56
66 57
66 57
67 56
68 56
68 56
69 55
69 55
70 54
70 53
70 53
70 52
70 51
70 51
71 50
71 49
71 49
71 48
71 47
71 47
71 46
70 45
70 44
69 43
69 42
68 41
68 40
68 39
67 38
67 37
66 36
66 35
66 35
66 35
66 34
66 33
66 33
66 33
66 33
67 32
67 32
68 32
68 32
68 32
69 32
69 32
70 32
70 32
70 33
70 33
71 33
71 33
71 33
71 33
71 33
71 33
71 32
71 32
71 32
71 32
71 32
71 33
71 33
71 34
71 34
71 35
71 36
71 36
70 37
70 37
70 38
70 39
70 39
70 40
70 41
70 42
70 42
70 43
70 44
70 44
70 45
70 46
70 47
70 47
70 48
70 49
70 49
70 50
70 51
70 51
70 52
70 53
70 53
70 53
70 54
70 54
70 54
70 53
70 53
71 53
71 53
72 52
72 51
73 50
74 49
75 48
75 47
76 46
77 45
78 44
78 43
79 42
79 42
79 41
80 40
80 39
80 38
80 38
80 37
80 36
80 36
80 35
80 35
80 34
80 34
80 33
80 33
80 32
80 31
80 31
79 30
79 30
79 29
79 29
78 28
78 28
78 28
77 29
77 29
76 30
76 30
76 31
76 32
76 33
76 33
75 34
75 35
75 35
75 36
75 37
75 38
75 39
75 39
75 40
74 41
74 42
74 42
74 43
74 44
74 45
74 46
74 46
74 47
74 48
74 49
74 49
75 50
75 51
75 51
75 52
75 52
76 52
76 52
77 52
77 52
77 51
77 51
78 50
78 49
78 49
79 48
79 47
79 47
80 46
80 45
80 45
81 44
81 43
81 43
81 42
81 41
81 41
81 40
81 39
81 39
82 38
82 38
82 37
82 37
81 36
81 36
81 35
81 35
81 36
81 36
80 37
80 37
80 38
80 38
80 39
80 39
80 40
80 41
80 41
80 42
80 43
80 43
80 44
80 45
80 45
80 46
80 47
80 47
80 48
80 49
80 49
80 50
80 50
80 51
80 52
80 52
81 52
81 52
82 52
82 52
83 52
83 52
84 51
84 51
85 50
85 50
85 49
85 48
85 48
86 47
86 46
86 46
87 45
87 44
87 44
87 43
87 42
87 42
87 41
87 41
88 40
88 39
88 39
88 38
88 38
88 37
88 36
88 36
88 35
88 35
88 34
88 34
87 33
87 33
87 33
87 32
87 32
87 32
87 32
87 33
87 33
87 33
87 34
87 35
87 35
87 36
87 36
87 37
87 38
87 39
87 39
87 40
86 41
86 42
86 42
86 43
86 44
86 44
86 45
86 46
86 46
86 47
86 48
86 48
86 49
86 49
86 50
86 50
86 50
86 50
87 49
87 49
87 48
87 47
87 47
87 46
87 45
87 44
87 44
88 43
88 42
88 42
88 41
88 40
88 39
88 39
88 38
88 37
88 37
89 36
89 36
89 35
89 35
89 34
89 34
90 33
90 32
90 32
90 32
90 31
90 31
90 31
91 32
91 32
91 33
91 34
91 34
91 35
91 36
91 36
91 37
91 38
91 38
91 39
91 40
91 40
91 41
91 42
91 42
91 43
91 43
91 44
91 44
92 45
92 46
92 46
92 47
92 47
93 47
93 47
93 48
93 48
94 48
94 48
94 48
95 47
95 46
95 46
96 45
96 45
96 44
97 43
97 42
97 42
97 41
97 40
97 40
97 39
98 38
98 37
98 37
99 36
99 35
99 35
99 34
99 33
99 33
100 32
100 32
100 31
100 31
99 30
99 29
99 29
99 28
99 27
99 27
99 26
99 25
99 25
98 24
98 24
98 23
98 23
97 22
97 22
97 21
97 21
96 22
96 22
96 23
96 23
95 24
95 24
95 25
94 26
94 27
94 27
94 28
94 29
94 30
94 30
94 31
94 32
94 33
94 33
94 34
93 35
93 36
93 36
93 37
94 38
94 39
94 39
94 40
94 41
94 41
95 42
95 42
96 42
96 42
97 42
97 42
98 41
98 41
98 40
98 39
98 39
99 38
99 38
99 37
99 36
99 36
99 35
99 34
99 34
99 33
99 32
99 32
99 31
99 31
99 30
99 29
99 29
99 28
99 28
98 28
98 28
98 28
98 28
98 29
98 29
98 30
98 31
98 31
98 32
98 33
98 33
98 34
98 35
98 36
98 37
98 37
98 38
98 39
98 40
98 41
98 41
98 42
98 43
97 44
97 45
97 46
97 47
97 47
97 48
97 49
98 50
98 51
98 52
98 53
98 53
98 54
98 55
98 56
98 57
98 58
98 59
98 59
98 60
98 61
98 62
98 63
98 64
98 65
98 66
98 66
98 67
98 68
98 69
98 70
98 71
98 72
98 73
98 73
98 74
98 75
98 76
98 77
98 78
98 79
98 79
98 80
98 81
97 82
97 83
97 84
97 84
97 85
97 86
97 87
97 88
97 89
97 89
97 90
96 91
96 92
96 93
96 93
96 94
95 95
95 96
95 96
94 97
94 98
94 98
93 99
93 100
93 100
92 100
92 100
91 100
91 100
90 99
90 98
90 98
90 97
90 96
90 95
90 95
90 94
89 93
89 92
89 92
89 91
89 90
89 89
89 88
89 87
89 87
89 86
89 85
89 84
89 83
89 82
89 81
89 81
89 80
90 79
90 78
90 77
90 77
90 76
90 75
91 74
91 73
91 72
91 72
91 71
91 70
92 69
92 68
92 67
92 67
92 66
93 65
93 64
93 63
93 63
94 62
94 61
95 60
95 60
96 59
96 58
