3 35
3 34
3 33
3 32
3 32
3 31
3 30
3 30
3 29
3 28
3 28
3 27
3 27
3 27
3 26
3 26
3 26
2 27
2 27
2 28
2 29
2 29
2 30
2 31
2 32
2 33
2 34
2 34
2 35
2 36
1 37
1 38
1 39
1 39
1 40
1 41
1 42
0 43
0 44
0 45
0 46
0 46
0 47
0 48
0 49
0 50
0 51
0 52
0 52
0 53
0 54
0 55
0 56
0 57
0 58
0 58
0 59
0 60
0 61
0 62
0 62
0 63
0 64
0 65
0 65
0 66
0 67
0 67
1 67
1 67
2 66
2 66
3 65
3 64
3 64
3 63
4 62
4 61
4 60
4 60
5 59
5 58
5 58
5 57
5 56
5 55
5 55
6 54
6 53
6 53
6 52
6 52
6 52
6 52
6 52
6 53
6 53
6 54
6 55
6 55
6 56
7 57
7 58
7 58
7 59
7 60
7 61
7 61
7 62
8 63
8 64
8 64
8 65
8 66
8 67
8 68
8 68
9 69
9 70
9 70
10 71
10 72
10 72
11 72
11 72
12 71
13 71
13 71
14 70
14 69
14 69
14 68
15 67
15 66
15 66
15 65
15 64
16 63
16 62
16 61
16 61
16 60
16 59
17 58
17 57
17 56
17 56
17 55
17 54
18 53
18 52
18 51
18 51
18 50
18 49
18 48
18 47
18 47
18 46
18 45
18 44
18 43
18 43
18 42
18 41
17 40
17 39
17 38
17 38
17 37
16 36
16 35
16 34
16 34
16 33
16 32
16 31
16 30
16 29
16 29
16 28
15 27
15 26
15 25
15 25
15 24
15 23
15 23
15 22
15 21
15 21
15 20
15 20
14 20
14 20
14 21
15 22
15 23
16 24
16 25
16 26
17 27
17 28
18 29
18 30
18 31
19 32
19 33
20 34
20 35
21 36
21 37
21 38
22 39
22 40
23 41
23 42
23 43
24 44
24 45
25 46
25 47
25 47
25 46
25 45
25 44
25 43
25 43
25 42
25 41
25 41
25 40
25 40
25 40
24 41
24 41
23 42
23 42
23 43
22 44
22 45
22 45
22 46
22 47
22 48
22 49
22 49
22 50
21 51
21 52
21 53
21 53
21 54
21 55
21 56
21 57
21 57
21 58
21 59
21 60
21 61
21 62
21 62
21 63
21 64
21 65
21 65
21 66
21 66
21 67
21 67
22 66
22 66
23 65
23 65
23 64
23 63
23 62
23 62
23 61
24 60
24 59
24 58
24 58
24 57
25 56
25 55
25 54
25 54
25 53
25 52
25 51
25 51
25 50
25 49
25 48
25 48
25 47
25 46
25 45
25 45
25 44
25 44
25 43
25 43
25 43
25 43
25 44
25 45
25 45
24 46
24 47
24 47
24 48
24 49
24 50
24 50
24 51
24 52
24 52
24 53
24 54
24 55
24 55
24 56
24 57
24 57
24 58
24 59
24 59
24 60
24 61
24 61
25 62
25 63
25 63
25 64
25 64
25 65
25 65
26 66
26 66
26 66
27 66
27 66
27 65
27 65
28 64
28 63
28 63
28 62
28 61
28 60
28 60
29 59
29 58
29 58
30 57
30 56
30 56
30 55
30 54
30 54
30 53
31 52
31 51
31 51
31 50
31 49
31 49
31 48
31 48
32 47
32 46
32 46
32 45
32 45
32 45
32 44
32 44
32 44
32 44
32 44
32 44
32 45
32 46
32 46
32 47
32 48
32 48
32 49
32 50
32 50
32 51
31 52
31 53
31 53
31 54
31 55
31 56
31 56
31 57
31 58
31 58
31 59
31 60
31 60
31 61
31 61
31 62
31 62
31 62
31 61
31 61
31 60
31 59
31 59
31 58
32 57
32 56
32 56
32 55
32 54
32 53
32 53
32 52
33 51
33 50
33 49
33 49
33 48
33 47
33 46
33 46
33 45
34 44
34 43
34 43
35 42
35 41
35 41
35 40
35 40
35 39
35 39
35 39
36 40
36 40
36 41
36 42
36 42
36 43
36 44
36 44
36 45
36 46
36 47
36 47
36 48
36 49
36 50
36 50
36 51
36 52
36 52
36 53
36 54
36 54
36 55
36 56
36 56
36 57
36 58
36 58
36 59
36 60
36 60
36 61
36 62
36 62
36 63
36 63
37 64
37 64
37 64
37 64
37 63
37 63
38 62
38 61
38 61
38 60
38 59
38 59
38 58
39 57
39 56
39 56
39 55
39 54
39 54
40 53
40 52
40 52
41 51
41 50
41 50
41 49
41 48
41 48
42 47
42 47
42 46
42 45
42 45
43 44
43 43
43 43
43 42
43 42
44 41
44 41
44 40
44 40
45 39
45 39
45 39
45 38
45 38
45 38
45 37
45 37
45 37
45 36
45 36
45 36
45 36
45 35
45 35
45 35
45 35
44 35
44 35
44 36
44 36
44 36
43 37
43 38
43 38
43 39
43 39
42 40
42 41
42 41
41 42
41 43
41 43
41 44
41 45
41 45
40 46
40 47
40 47
40 48
40 49
40 49
39 50
39 51
39 51
39 52
39 53
39 53
39 54
39 55
39 55
39 56
39 57
39 58
39 58
40 59
40 59
40 60
40 60
41 61
41 61
41 61
42 61
42 61
43 60
43 60
43 59
43 58
43 58
44 57
44 56
44 56
44 55
44 54
44 54
44 53
44 52
44 52
44 51
44 50
44 49
44 49
45 48
45 47
45 47
45 46
45 45
45 44
45 44
45 43
45 42
45 42
45 41
45 40
45 40
45 40
45 39
45 39
45 39
45 39
45 39
45 39
45 39
45 39
45 39
45 39
45 39
45 40
45 40
45 41
45 42
45 42
45 43
45 44
45 45
45 45
45 46
45 47
45 48
45 49
45 49
45 50
45 51
45 52
45 53
45 53
45 54
45 55
45 56
45 57
45 57
45 58
45 59
45 60
45 61
45 61
45 62
45 63
45 64
45 65
45 66
45 66
45 67
45 68
45 69
45 70
45 71
45 71
45 72
45 73
44 74
44 75
44 76
44 77
44 77
44 78
44 79
44 80
44 81
44 82
44 82
44 83
44 84
44 85
44 86
44 87
44 87
44 88
43 89
43 90
43 91
43 91
43 92
43 93
43 94
43 94
42 95
42 96
42 96
41 97
41 98
41 98
41 99
41 100
41 100
40 100
40 100
40 100
40 100
40 99
40 98
40 98
40 97
41 96
41 95
41 94
41 94
41 93
41 92
41 91
41 90
41 89
41 89
41 88
41 87
42 86
42 85
42 84
42 83
42 83
42 82
42 81
43 80
43 79
43 78
43 77
43 77
43 76
43 75
43 74
44 73
44 72
44 71
44 70
44 70
44 69
44 68
45 67
45 66
45 65
45 65
45 64
46 63
46 62
46 61
46 61
46 60
46 59
46 58
46 57
46 57
47 56
47 55
47 55
47 54
47 53
47 53
48 52
48 52
48 51
49 50
49 49
50 48
50 47
51 46
51 45
52 44
52 43
52 42
53 41
53 40
54 39
54 38
55 37
55 36
56 35
56 34
56 33
57 32
57 31
58 30
58 29
59 28
59 27
59 26
60 25
60 24
61 23
61 22
62 21
62 20
63 19
63 18
63 17
64 16
64 15
65 14
65 13
66 12
66 11
67 10
67 9
67 9
67 8
67 8
67 7
67 7
67 6
66 5
66 4
66 4
66 3
66 3
66 2
66 2
65 1
65 1
64 0
64 0
63 0
63 0
62 1
62 2
62 2
62 3
61 4
61 5
61 5
61 6
60 7
60 8
60 8
60 9
60 10
59 11
59 12
59 13
59 14
59 14
59 15
59 16
58 17
58 18
58 19
58 20
58 20
58 21
58 22
58 23
58 24
58 25
58 26
58 27
58 27
58 28
58 29
58 30
57 31
57 32
57 33
57 34
57 35
57 35
57 36
57 37
57 38
57 39
57 40
57 40
57 41
57 42
57 43
57 44
57 44
57 45
58 46
58 47
58 47
59 47
59 47
60 47
60 47
61 46
61 46
61 45
62 44
62 43
62 43
63 42
63 41
63 41
63 40
64 39
64 38
64 38
65 37
65 36
65 36
65 35
66 34
66 33
66 33
66 32
66 31
66 31
66 30
65 29
65 28
65 27
65 26
64 25
64 24
64 24
64 25
64 26
64 26
64 25
64 25
64 25
64 25
64 25
64 24
64 24
64 23
64 23
64 22
64 22
65 21
65 21
66 21
66 21
66 21
67 21
67 21
67 22
67 22
68 23
68 23
68 24
68 25
68 25
68 26
68 27
68 27
68 28
68 29
68 30
68 31
68 31
68 32
67 33
67 34
67 34
67 35
67 36
67 37
67 37
67 38
67 39
67 40
67 41
67 41
67 42
67 43
67 44
67 45
67 45
67 46
67 47
67 48
67 49
67 49
67 50
67 51
67 52
67 53
67 54
67 54
67 55
67 56
67 57
67 58
67 58
67 59
67 60
67 61
67 62
67 62
67 63
67 64
67 64
68 65
68 65
68 65
68 65
68 64
68 63
68 63
68 62
68 61
68 61
68 60
69 59
69 58
69 57
69 56
70 55
70 54
70 53
71 52
71 51
71 50
71 49
72 48
72 47
72 46
73 45
73 44
73 43
74 42
74 41
74 40
74 39
75 38
75 37
75 36
76 35
76 34
76 33
76 32
77 31
77 30
77 30
77 29
77 29
77 28
77 28
77 27
77 27
76 26
76 26
76 26
75 26
75 26
74 27
74 28
74 28
74 29
74 30
74 31
74 31
74 32
73 33
73 34
73 35
73 35
73 36
72 37
72 38
72 39
72 39
72 40
72 41
72 42
72 43
72 44
72 44
72 45
72 46
72 47
72 48
72 49
72 49
72 50
72 51
72 51
72 52
72 52
73 52
73 52
73 51
73 51
73 50
74 49
74 48
74 47
74 47
74 46
75 45
75 44
75 43
75 43
75 42
75 41
76 40
76 39
76 38
76 38
76 37
76 36
76 35
76 35
76 34
77 33
77 32
77 32
77 31
77 31
77 30
77 30
77 30
76 31
76 31
76 32
76 32
76 33
76 33
76 34
76 35
76 35
76 36
76 37
76 38
76 38
76 39
75 40
75 41
75 41
75 42
75 43
75 44
75 44
75 45
75 46
75 47
75 47
75 48
75 49
75 50
75 50
75 51
75 52
75 52
76 53
76 53
76 53
77 52
77 52
77 51
77 51
78 50
78 49
78 49
79 48
79 47
79 47
79 46
79 45
79 44
79 44
80 43
80 42
80 42
80 41
80 40
80 39
80 39
80 38
80 37
80 37
81 36
81 35
81 35
81 34
81 33
81 33
82 32
82 32
82 31
82 31
83 31
83 31
83 30
83 30
84 29
84 29
84 29
84 29
84 30
84 30
84 31
84 31
84 32
84 32
84 33
84 34
84 35
84 35
83 36
83 37
83 37
83 38
83 39
83 40
83 40
83 41
82 42
82 43
82 43
82 44
82 45
82 46
82 46
82 47
82 47
82 48
82 48
82 48
82 48
82 47
82 47
83 46
83 45
83 45
83 44
83 43
83 42
83 41
83 41
83 40
84 39
84 38
84 38
84 37
84 36
84 35
84 35
84 34
85 33
85 32
85 31
85 31
85 30
86 29
86 28
86 28
86 27
86 26
86 25
86 25
87 24
87 24
87 23
87 23
87 23
87 24
87 24
87 25
87 26
87 26
88 27
88 28
88 28
88 29
88 30
88 31
88 31
88 32
88 33
88 34
88 34
88 35
88 36
88 36
88 37
87 38
87 39
87 39
87 40
87 41
87 42
87 42
87 43
87 44
87 44
87 45
87 46
87 46
88 47
88 48
88 48
88 49
88 49
88 49
88 49
89 48
89 47
89 47
89 46
89 46
90 45
90 44
90 44
90 43
90 42
90 42
91 41
91 40
91 40
92 39
92 38
92 38
92 37
92 37
93 36
93 35
93 35
94 34
94 34
94 33
94 33
95 32
95 32
95 31
95 31
95 30
95 30
96 29
96 29
96 29
96 28
96 28
97 28
97 28
97 28
97 27
97 27
97 27
97 26
97 26
97 25
97 25
97 25
97 25
97 24
97 24
96 24
96 24
96 24
96 23
96 23
96 23
95 24
95 24
95 24
94 25
94 25
94 26
94 26
93 27
93 28
93 28
93 29
93 29
93 30
93 31
93 31
92 32
92 33
92 33
92 34
92 35
92 35
91 36
91 37
91 37
91 38
91 39
91 39
90 40
90 41
90 41
90 42
90 43
90 43
91 44
91 45
91 45
91 46
91 46
91 47
91 48
91 48
92 48
92 48
92 48
93 47
93 47
93 46
93 45
93 45
94 44
94 43
94 43
95 42
95 41
95 41
95 40
95 39
95 39
95 38
95 37
95 37
96 36
96 35
96 35
96 34
96 33
96 33
96 32
96 31
96 31
96 30
96 30
96 29
96 29
97 29
97 29
97 28
97 28
97 28
97 27
97 27
97 27
97 27
97 27
97 27
97 27
97 27
97 27
97 28
97 28
97 29
97 29
96 30
96 31
96 31
96 32
96 33
96 34
96 34
96 35
96 36
96 37
96 37
96 38
96 39
96 40
96 41
96 41
96 42
96 43
96 44
96 45
96 46
96 46
96 47
96 48
96 49
96 50
96 51
96 51
96 52
95 53
95 54
95 55
95 55
95 56
95 57
95 58
95 59
95 59
95 60
94 61
94 62
94 63
94 63
94 64
93 65
93 66
93 67
93 67
93 68
93 69
93 70
93 70
93 71
92 72
92 73
92 73
92 74
92 75
92 76
92 76
91 77
91 78
91 78
91 79
91 79
91 80
91 80
91 80
90 80
90 80
90 79
90 79
90 78
90 77
90 77
90 76
90 75
90 74
90 73
90 73
90 72
90 71
91 70
91 69
91 68
91 68
91 67
91 66
91 65
91 64
91 63
91 63
91 62
91 61
92 60
92 59
92 58
92 57
92 57
92 56
93 55
93 54
93 53
94 52
94 51
94 51
94 50
95 49
95 48
95 47
96 46
96 45
96 45
96 44
97 43
97 42
97 41
97 41
97 40
98 39
98 38
98 38
99 37
99 37
