0 6
0 5
0 4
0 3
0 3
0 2
0 2
0 2
0 2
0 2
0 3
0 3
0 4
0 5
0 6
0 6
0 7
0 8
0 9
0 10
0 10
0 11
0 12
0 13
0 14
0 15
0 16
0 16
0 17
0 18
0 19
0 20
0 21
0 22
0 23
0 23
0 24
0 25
0 26
0 27
0 28
0 29
0 30
0 30
0 31
0 32
0 33
0 34
0 35
0 36
0 37
0 37
0 38
0 39
0 40
0 41
0 42
0 43
0 44
0 44
0 45
0 46
1 47
1 48
1 49
1 49
1 50
1 51
1 51
2 52
2 52
3 51
3 51
3 50
4 49
4 48
4 48
4 47
5 46
5 45
5 44
5 44
5 43
5 42
5 41
5 40
5 40
5 39
5 38
6 37
6 36
6 35
6 35
6 34
6 33
6 32
6 31
6 31
6 30
7 29
7 28
7 28
7 27
7 26
7 26
7 25
7 24
7 24
7 24
6 25
6 25
6 26
6 26
6 27
6 28
6 29
6 30
6 30
6 31
6 32
6 33
6 34
6 34
6 35
6 36
6 37
6 38
6 39
6 39
6 40
6 41
7 42
7 43
7 44
7 44
7 45
7 46
7 47
7 48
7 49
7 49
7 50
8 51
8 52
8 52
8 53
9 54
9 55
9 55
10 55
11 55
11 55
12 54
12 54
13 53
13 52
13 52
13 51
14 50
14 49
14 48
14 48
15 47
15 46
16 45
16 44
16 44
16 43
16 42
17 41
17 40
17 39
17 39
17 38
17 37
17 36
17 35
17 34
17 34
17 33
18 32
18 31
18 30
18 30
18 29
18 28
18 27
18 26
18 26
18 25
18 24
18 23
18 22
18 22
18 21
18 20
18 19
18 18
18 18
18 17
17 16
17 15
17 14
17 14
16 13
16 12
15 11
15 10
15 10
15 9
14 8
14 7
14 6
14 6
14 5
13 4
13 3
13 3
13 2
13 1
13 1
12 1
12 1
12 2
12 3
12 3
11 4
11 5
11 5
11 6
12 7
12 8
12 9
13 10
13 11
14 12
14 13
14 14
15 15
15 16
15 17
16 18
16 19
17 20
17 21
17 22
18 23
18 24
18 25
19 26
19 27
20 28
20 29
20 30
21 31
21 32
21 33
22 34
22 35
23 36
23 37
23 38
24 39
24 40
24 40
25 41
26 42
26 42
26 41
26 41
26 40
26 39
26 39
26 38
26 37
26 37
26 36
26 35
26 35
26 34
26 33
26 33
26 32
25 31
25 30
25 30
25 29
25 28
25 28
25 27
25 26
25 26
24 25
24 24
24 24
23 23
23 23
23 23
22 24
22 24
22 25
22 26
22 26
22 27
21 28
21 29
21 29
21 30
21 31
21 32
21 32
21 33
21 34
21 35
21 36
21 36
21 37
20 38
20 39
20 40
20 40
20 41
20 42
20 43
20 44
20 44
20 45
20 46
20 47
20 47
20 48
21 49
21 50
21 50
21 51
21 52
21 52
22 52
22 52
22 52
23 51
23 50
23 50
23 49
24 48
24 47
24 47
24 46
25 45
25 44
25 43
25 43
25 42
25 41
25 41
25 40
26 39
26 38
26 38
26 37
26 36
26 36
26 35
26 35
26 34
26 34
26 33
26 33
26 34
26 34
25 35
25 35
25 36
25 37
25 37
25 38
25 39
25 39
25 40
25 41
25 42
25 42
25 43
25 44
25 45
25 45
25 46
25 47
25 47
25 48
25 49
25 50
25 50
26 51
26 52
26 52
27 52
27 52
27 52
28 51
28 51
29 50
30 49
30 49
30 48
31 47
31 46
31 46
31 45
32 44
32 43
32 43
32 42
32 41
32 40
32 40
32 39
33 38
33 37
33 37
34 36
34 35
34 35
34 34
34 34
34 33
34 33
34 32
34 32
33 31
33 31
33 30
33 30
33 30
33 30
33 30
33 30
32 31
32 31
32 32
32 32
32 33
32 33
32 34
32 35
32 35
32 36
32 37
32 38
32 38
32 39
32 40
32 41
32 41
32 42
32 43
32 44
32 44
32 45
32 46
32 46
32 47
32 47
32 48
32 48
32 48
32 48
32 47
32 47
32 46
32 45
32 45
32 44
33 43
33 42
33 42
33 41
33 40
33 39
33 39
33 38
33 37
33 36
33 36
33 35
34 34
34 33
34 33
34 32
34 31
34 31
35 30
35 30
35 30
35 30
36 30
36 30
36 31
36 31
36 32
36 32
36 33
36 34
36 34
36 35
36 36
36 37
36 37
36 38
37 39
37 40
37 40
37 41
37 42
37 43
37 43
37 44
37 45
37 45
38 46
38 47
38 47
39 48
39 48
40 48
40 48
41 47
41 46
41 46
41 45
42 44
42 43
42 43
42 42
43 41
43 40
43 40
43 39
44 38
44 37
44 36
44 36
44 35
44 34
44 33
44 33
44 32
45 31
45 30
45 29
45 29
45 28
45 27
45 27
45 26
44 25
44 24
44 24
44 23
44 22
44 22
43 21
43 21
43 21
42 22
42 22
41 23
41 24
41 24
41 25
41 26
41 26
40 27
40 28
40 28
40 29
40 30
40 30
40 31
40 32
40 33
40 33
40 34
40 35
40 35
41 36
41 36
42 37
42 37
42 37
43 36
43 36
44 35
44 35
45 34
45 33
45 33
46 32
46 31
46 31
46 30
46 29
46 29
46 28
46 27
46 27
46 26
46 26
46 25
46 25
46 24
46 24
46 24
45 24
45 24
45 25
45 25
45 26
45 26
45 27
44 28
44 29
44 29
44 30
44 31
44 32
44 33
44 33
44 34
44 35
44 36
44 37
44 38
44 38
44 39
44 40
44 41
44 42
44 43
44 44
44 45
44 46
44 46
44 47
44 48
44 49
43 50
43 51
43 52
43 53
43 54
43 54
43 55
43 56
43 57
43 58
43 59
43 60
43 61
43 62
43 62
43 63
43 64
43 65
43 66
43 67
43 68
43 69
43 70
43 71
43 71
43 72
43 73
43 74
43 75
43 76
43 77
43 78
43 78
43 79
43 80
43 81
43 82
43 83
43 84
43 84
43 85
43 86
42 87
42 88
42 89
42 89
42 90
42 91
42 92
42 92
41 93
41 93
41 94
41 94
40 93
40 92
40 92
40 91
39 90
39 89
39 89
39 88
38 87
38 86
38 85
38 85
38 84
38 83
37 82
37 81
37 80
37 79
37 79
37 78
37 77
36 76
36 75
36 74
36 73
36 73
36 72
36 71
36 70
36 69
36 68
36 67
36 67
36 66
37 65
37 64
37 63
37 63
37 62
37 61
37 61
37 60
38 59
38 58
38 58
39 57
39 56
39 56
40 55
41 54
41 54
42 53
42 52
42 52
43 51
44 51
44 51
45 50
46 49
46 48
47 47
48 46
49 45
50 44
51 43
51 42
52 41
53 40
54 39
55 38
55 37
56 36
57 35
58 34
59 33
59 32
60 31
61 30
62 29
63 28
64 27
64 26
65 25
66 24
67 23
68 22
68 21
69 20
70 19
70 19
71 18
71 18
71 17
72 16
72 15
72 15
72 14
72 13
72 13
72 12
72 11
72 11
72 10
72 9
72 9
72 8
72 7
72 7
72 6
72 5
72 5
72 4
72 3
72 3
71 2
71 2
71 1
71 0
71 0
70 0
70 0
69 1
69 1
69 2
68 3
68 4
68 4
67 5
67 6
66 7
66 8
66 8
66 9
66 10
65 11
65 12
65 13
65 13
65 14
64 15
64 16
64 17
63 18
63 19
63 19
63 20
63 21
63 22
63 23
63 24
63 25
63 26
63 27
63 27
63 28
63 29
63 30
63 31
62 32
62 33
62 34
62 35
62 36
62 36
62 37
62 38
62 39
62 40
62 41
62 42
62 43
62 44
62 44
62 45
62 46
62 47
62 48
62 49
62 49
62 50
63 51
63 52
63 53
63 53
64 54
65 54
65 54
66 54
66 54
67 53
68 53
68 53
69 52
69 51
69 51
69 50
70 49
70 48
70 48
70 47
71 46
71 45
71 44
71 44
71 43
72 42
72 41
72 41
72 40
71 39
71 38
71 37
70 36
70 35
69 34
69 33
69 32
68 31
68 30
68 29
67 28
67 27
67 27
67 28
66 29
66 30
66 30
66 31
66 31
66 31
66 30
66 29
66 29
66 29
67 28
67 28
67 28
68 27
68 27
69 26
69 26
70 25
70 25
70 25
70 24
70 24
71 24
71 24
71 24
71 24
71 25
71 25
70 26
70 27
70 27
70 28
70 29
70 30
70 30
70 31
70 32
70 33
70 33
70 34
70 35
70 36
70 36
70 37
70 38
70 39
70 40
70 40
70 41
70 42
70 43
70 43
70 44
70 45
70 46
70 46
70 47
70 48
70 48
70 49
70 49
70 50
70 50
70 50
70 50
71 50
71 50
72 49
72 48
73 47
74 46
74 45
75 44
76 43
76 42
77 41
77 41
77 40
78 39
78 38
79 37
79 36
79 36
79 35
79 34
79 34
79 33
79 32
79 32
79 31
79 30
79 30
79 29
79 28
79 28
78 27
78 26
78 26
78 25
78 24
78 24
77 24
77 24
76 24
76 24
76 25
76 25
76 26
75 27
75 28
75 28
74 29
74 30
74 30
74 31
73 32
73 33
73 33
73 34
73 35
73 36
73 37
73 37
73 38
73 39
73 40
73 40
73 41
73 42
73 43
73 43
73 44
73 45
73 45
74 46
74 46
75 46
75 46
76 45
76 45
76 44
77 43
77 42
77 42
77 41
78 40
78 39
78 39
79 38
79 37
79 37
79 36
79 35
79 34
79 34
80 33
80 32
80 32
80 31
80 30
80 30
80 30
80 30
80 30
79 31
79 31
79 32
79 32
79 33
79 34
79 35
79 35
79 36
79 37
79 37
79 38
79 39
79 40
79 41
79 41
79 42
79 43
79 44
79 44
79 45
79 46
79 46
79 47
79 48
79 48
80 49
80 49
81 49
81 49
82 48
82 48
83 47
83 46
83 46
83 45
84 44
84 43
84 43
84 42
85 41
85 40
85 40
85 39
85 38
85 38
85 37
86 36
86 35
86 35
87 34
87 33
87 33
87 32
87 31
87 31
87 30
87 30
87 29
87 29
87 29
86 29
86 29
86 28
86 28
86 28
86 28
86 28
86 29
86 29
86 30
86 31
86 31
85 32
85 33
85 33
85 34
85 35
85 36
85 36
85 37
85 38
85 39
85 39
85 40
84 41
84 42
84 42
84 43
84 44
84 45
84 45
84 46
84 46
84 47
84 47
84 47
85 47
85 47
85 46
85 46
85 45
85 44
85 43
85 43
85 42
86 41
86 40
86 40
86 39
86 38
86 37
86 37
87 36
87 35
87 35
87 34
87 33
87 33
87 32
87 31
87 31
88 30
88 30
88 30
88 30
88 31
88 31
89 32
89 33
89 33
89 34
89 35
89 35
89 36
89 37
89 38
89 38
90 39
90 40
90 40
90 41
90 41
91 42
92 43
92 43
93 44
93 44
94 43
94 43
95 42
95 41
95 41
95 40
96 39
96 38
96 38
96 37
97 36
97 35
97 34
97 34
97 33
97 32
97 31
97 31
97 30
98 29
98 28
98 27
98 27
98 26
98 25
98 24
98 24
98 23
97 22
97 21
97 20
97 20
97 19
97 18
97 17
97 17
96 17
96 17
95 17
95 17
94 18
94 19
94 19
94 20
94 21
94 21
94 22
93 23
93 24
93 24
93 25
93 26
93 27
93 28
93 29
93 29
93 30
93 31
93 32
93 32
93 33
93 33
93 34
93 35
93 36
93 36
94 37
94 37
94 38
94 38
95 38
95 38
96 37
96 36
96 36
97 35
97 35
97 34
97 33
97 32
97 32
97 31
97 30
97 30
97 29
98 28
98 27
98 27
98 26
98 25
98 25
98 24
98 23
98 23
98 22
98 22
98 22
98 22
98 23
98 23
97 24
97 25
97 25
97 26
97 27
97 28
97 29
97 29
97 30
97 31
97 32
97 33
97 34
97 34
97 35
97 36
97 37
97 38
97 39
97 40
97 40
97 41
97 42
97 43
96 44
96 45
96 46
96 47
96 47
96 48
96 49
96 50
96 51
96 52
96 53
96 54
96 55
96 56
96 56
96 57
96 58
96 59
96 60
96 61
96 62
96 63
96 64
96 65
96 66
96 66
96 67
96 68
96 69
96 70
96 71
96 72
96 73
96 74
96 74
96 75
96 76
96 77
95 78
95 79
95 80
95 81
95 81
95 82
95 83
95 84
94 85
94 86
94 87
94 88
94 88
94 89
94 90
93 91
93 92
93 93
93 93
93 94
92 95
92 96
92 97
92 97
91 98
91 99
91 99
90 100
90 100
89 100
89 100
88 99
88 98
88 98
88 97
87 96
87 95
87 95
87 94
87 93
86 92
86 91
86 90
86 90
86 89
86 88
86 87
86 86
86 85
86 84
86 83
86 83
86 82
86 81
86 80
86 79
86 78
86 78
86 77
86 76
86 75
86 74
86 73
86 73
86 72
86 71
87 70
87 69
87 68
87 67
87 67
87 66
87 65
88 64
88 63
88 62
88 62
88 61
89 60
89 59
90 58
90 57
90 57
91 56
91 55
92 54
92 53
92 53
93 52
93 51
94 50
94 50
95 49
96 48
96 48
97 47
98 47
98 47
99 46
100 46
