0 2
0 2
0 2
0 2
0 1
0 1
0 1
0 1
0 1
0 0
0 0
0 0
0 0
0 0
0 0
0 0
0 0
0 1
0 1
0 2
0 2
0 3
0 3
0 4
0 5
0 5
0 6
0 7
0 7
0 8
0 9
0 9
0 10
0 11
0 12
0 12
0 13
0 14
0 15
0 15
0 16
0 17
0 18
0 18
0 19
0 20
0 21
0 21
0 22
0 23
0 24
0 24
0 25
0 26
0 26
0 27
0 28
0 28
0 29
0 29
1 30
1 31
1 31
1 32
1 32
1 33
1 33
1 34
1 35
1 35
2 36
2 36
2 36
2 37
2 37
2 37
2 38
2 38
3 38
3 38
3 38
3 39
3 39
3 39
3 39
3 39
4 39
4 39
4 39
4 39
4 39
4 38
4 38
4 38
4 38
5 37
5 37
5 36
5 36
5 35
5 35
5 34
5 34
6 33
6 32
6 32
6 31
6 31
6 30
6 29
6 29
6 28
6 27
6 27
6 26
6 26
6 25
6 25
6 24
6 24
6 23
6 23
6 22
6 22
6 21
6 21
6 21
6 20
6 20
6 20
6 19
6 19
6 19
6 19
6 19
6 19
6 19
6 19
6 19
6 19
6 19
6 19
6 19
6 20
6 20
6 21
6 22
6 22
6 23
6 23
6 24
6 24
6 25
6 25
6 26
6 27
6 27
6 28
6 28
6 29
6 29
7 30
7 30
7 31
7 32
7 32
7 32
8 33
8 33
8 34
8 34
8 34
9 35
9 35
9 35
9 35
10 36
10 36
10 36
11 36
11 36
11 35
11 35
11 35
12 34
12 34
12 33
12 33
12 32
12 31
12 31
12 30
12 30
12 29
12 28
12 28
12 27
12 26
12 26
13 25
13 24
13 24
13 23
13 22
13 22
13 21
13 20
13 19
13 19
13 18
13 17
13 17
12 16
12 15
12 15
12 14
12 13
12 13
12 12
12 11
12 11
11 10
11 10
11 9
11 8
11 8
11 7
11 7
10 6
10 6
10 5
10 5
10 5
10 5
10 5
10 5
10 5
10 5
9 5
9 5
9 5
9 4
9 4
9 4
9 4
10 5
10 6
11 7
12 8
13 9
13 10
14 11
15 12
15 13
16 14
17 15
18 16
18 17
19 18
20 19
21 20
21 21
22 22
23 23
23 24
24 25
25 26
26 27
26 28
27 29
27 29
27 29
27 29
27 28
27 28
27 27
27 27
27 27
27 27
27 26
27 26
26 26
26 26
26 25
26 25
26 24
26 24
26 23
26 23
25 22
25 22
25 21
25 21
24 20
24 20
24 19
24 19
23 19
23 19
23 19
22 19
22 19
21 19
21 19
21 20
21 20
20 20
20 20
20 21
20 21
19 22
19 22
19 23
19 24
19 24
19 25
19 26
19 26
19 27
19 28
19 29
19 29
19 30
19 31
19 32
19 32
19 33
19 34
19 34
19 35
19 36
19 37
19 37
19 38
19 38
20 39
20 39
20 40
20 40
20 40
21 40
21 40
21 40
22 39
22 39
22 38
22 38
23 37
23 36
23 36
23 35
23 35
23 34
23 34
23 33
23 33
23 32
23 32
23 31
23 31
23 31
23 31
23 31
23 31
23 31
23 31
23 31
23 31
23 31
23 32
23 32
23 33
23 33
23 33
23 34
23 34
23 35
23 35
24 36
24 36
24 37
24 37
24 37
25 37
25 37
25 37
26 36
26 36
26 36
27 35
27 35
27 34
27 33
27 33
28 32
28 32
28 31
28 31
29 30
29 30
29 29
29 29
29 28
29 28
29 27
29 27
29 26
29 26
29 26
29 25
29 25
29 25
29 25
29 25
29 24
29 24
29 24
29 24
29 24
29 24
29 24
29 24
29 24
29 24
29 24
29 24
29 24
29 24
29 24
28 24
28 24
28 25
28 25
28 25
29 24
30 23
30 23
30 23
30 23
30 23
30 23
30 23
30 23
30 24
30 25
30 25
30 26
30 26
30 27
30 28
30 28
30 29
30 30
30 30
30 31
30 31
30 32
30 33
30 33
30 34
30 35
30 35
30 36
30 36
30 36
30 37
30 37
30 37
30 37
30 36
30 36
30 35
30 35
30 34
30 33
30 33
30 32
30 32
30 31
30 31
30 30
30 30
31 29
31 29
31 28
31 28
31 27
31 27
31 26
31 26
32 26
32 26
32 25
32 25
32 25
32 25
33 25
33 25
33 25
33 25
33 26
33 26
33 26
33 27
33 28
33 28
33 29
33 29
33 29
34 30
34 30
34 31
34 31
34 31
34 32
34 32
35 32
35 32
35 32
35 32
36 32
36 32
36 32
36 32
36 32
37 32
37 32
37 32
37 32
37 32
37 32
37 32
37 33
37 33
37 33
38 33
38 33
38 34
38 34
38 34
38 34
38 34
38 34
38 34
38 34
38 34
38 34
38 34
38 34
38 34
38 34
38 33
38 33
38 32
38 32
38 32
38 31
38 31
39 30
39 30
39 29
39 29
39 29
39 28
39 28
39 27
39 27
39 26
39 26
40 25
41 25
42 24
43 24
43 24
43 24
43 23
43 23
44 23
44 23
44 22
44 22
44 22
44 21
44 21
44 21
44 20
44 20
44 19
44 19
44 19
43 18
43 18
43 17
43 17
43 17
42 17
42 17
41 17
41 17
41 17
40 18
40 19
40 19
39 20
39 20
39 21
39 22
39 22
38 23
38 24
38 24
38 25
38 26
38 26
38 27
38 28
38 28
38 29
38 30
38 30
39 31
39 31
39 32
39 32
40 33
40 33
41 33
41 33
41 32
41 32
42 32
42 32
42 31
42 31
43 30
43 29
43 29
43 28
43 28
43 27
43 27
43 26
43 26
43 25
43 25
44 24
44 24
44 24
44 24
43 24
43 24
43 24
43 24
43 25
43 25
43 26
43 26
43 27
43 27
42 28
42 29
42 29
42 30
42 31
42 32
42 32
42 33
42 34
42 35
42 35
42 36
42 37
42 38
42 38
42 39
42 40
42 41
42 42
42 42
42 43
42 44
42 45
42 46
42 46
42 47
42 48
42 49
42 49
42 50
43 51
43 52
43 52
43 53
43 54
43 55
43 55
43 56
43 57
43 58
43 59
43 59
43 60
43 61
43 62
43 62
43 63
43 64
43 64
43 65
43 66
43 66
42 67
42 68
42 68
42 69
42 70
42 70
42 71
42 71
41 72
41 72
40 73
40 73
40 73
39 72
39 72
39 71
39 71
38 70
38 69
38 69
37 68
37 67
37 67
37 66
37 65
37 65
37 64
37 63
37 62
37 62
37 61
37 60
37 60
37 59
37 58
37 57
37 57
37 56
37 55
37 55
37 54
37 54
37 53
37 52
37 52
38 51
38 51
39 50
39 50
40 49
40 49
41 48
41 48
42 48
42 48
43 48
43 48
44 48
44 48
44 47
44 47
44 47
44 47
44 47
44 46
44 46
44 45
44 45
45 44
45 43
46 42
47 41
48 40
48 39
49 38
50 37
51 36
51 35
52 34
53 33
54 32
54 31
55 30
56 29
56 28
57 27
58 26
59 25
59 24
60 23
61 22
62 21
62 20
63 19
63 19
64 18
64 17
64 17
64 16
64 15
64 15
64 14
64 14
64 13
64 13
64 12
64 12
64 11
64 11
64 10
64 9
64 9
64 8
64 8
64 7
64 7
63 6
63 6
63 5
63 5
62 4
62 4
61 5
61 5
60 6
59 7
59 7
58 8
58 9
58 9
57 10
57 11
56 12
56 13
56 13
56 14
55 15
55 16
55 17
55 17
55 18
54 19
54 20
54 21
54 21
54 22
54 23
53 24
53 25
53 26
53 26
53 27
53 28
52 29
52 30
52 31
52 31
52 32
52 33
51 34
51 35
51 36
51 37
51 37
51 38
51 39
51 40
51 41
51 42
51 42
51 43
51 44
51 45
51 46
51 46
51 47
52 48
52 49
52 49
53 50
53 51
53 51
54 52
54 53
54 53
55 54
55 54
56 54
56 54
57 54
57 54
58 53
59 53
59 53
60 52
60 52
61 51
61 51
62 50
62 50
63 49
63 49
63 48
63 48
64 47
64 47
64 47
64 46
64 46
63 45
63 45
62 44
62 43
61 42
61 41
60 40
59 39
59 38
58 37
58 36
57 35
57 35
57 35
57 35
57 35
57 35
57 35
57 35
58 34
58 34
59 34
59 34
59 34
60 33
60 33
61 33
61 33
62 33
62 33
63 33
63 33
64 32
64 32
64 32
64 32
64 31
64 31
64 31
64 31
64 31
64 31
64 31
64 31
64 31
64 32
64 32
64 33
64 33
64 34
64 35
64 35
64 36
64 37
64 38
64 38
63 39
63 40
63 40
63 41
63 42
63 43
63 43
63 44
63 45
63 46
63 46
63 47
63 48
63 48
63 49
63 50
63 50
63 51
63 51
63 52
63 52
63 52
63 52
63 52
63 52
63 52
63 51
63 51
63 50
63 50
64 49
65 48
66 47
67 47
68 46
69 45
70 44
71 43
72 42
73 42
74 41
75 40
75 40
75 39
75 38
75 38
75 37
75 37
75 36
75 35
75 35
75 34
75 34
75 33
75 32
75 32
75 31
75 31
75 30
75 29
75 29
75 28
75 28
74 27
74 27
74 27
74 27
73 27
73 27
73 28
73 28
72 28
72 28
72 29
72 29
71 30
71 31
71 31
71 32
71 32
70 33
70 34
70 34
70 35
70 36
70 37
70 37
70 38
69 39
69 40
69 40
69 41
69 42
69 43
69 43
69 44
69 45
69 45
70 46
70 47
70 47
70 48
70 48
70 49
70 49
71 50
71 50
71 50
72 50
72 50
72 49
72 49
73 48
73 48
73 47
73 47
73 46
73 45
73 45
74 44
74 43
74 43
74 42
74 41
74 41
74 40
74 39
74 39
75 38
75 38
75 38
75 37
75 37
75 37
75 37
75 37
74 37
74 37
74 37
74 38
74 38
74 38
74 39
74 39
74 40
74 41
74 41
74 42
74 42
74 43
74 43
74 44
74 44
74 45
74 46
74 46
74 47
74 47
75 47
75 47
75 48
75 48
75 49
75 49
76 50
76 50
77 50
77 50
77 50
78 49
78 49
79 48
79 48
80 47
80 47
80 46
80 45
80 45
81 44
81 44
81 43
81 42
81 42
81 41
81 41
81 41
81 40
81 40
81 40
81 40
81 40
81 40
81 40
81 40
81 39
81 39
81 39
81 39
81 38
81 38
81 37
81 37
81 36
81 36
81 35
81 35
81 34
81 34
81 33
81 33
81 32
81 32
81 31
81 31
81 30
81 30
81 29
81 29
81 29
81 29
81 29
81 29
81 29
81 29
81 29
81 30
81 30
81 30
81 31
81 32
81 32
81 33
81 34
81 34
81 35
81 36
81 37
81 37
81 38
81 39
81 40
81 40
81 41
81 42
81 42
81 43
81 44
81 44
81 45
81 46
81 46
81 47
81 47
81 47
81 48
81 48
81 48
81 48
81 48
81 47
81 47
81 46
81 46
81 45
81 44
81 44
81 43
81 42
81 42
82 41
82 40
82 40
82 39
82 39
82 38
82 38
82 37
82 36
82 36
82 36
82 35
82 35
82 34
82 34
83 34
83 34
83 34
83 34
83 34
83 35
83 35
84 35
84 35
84 35
84 36
84 36
84 36
84 37
84 37
85 37
85 37
85 38
85 38
85 38
85 39
85 39
85 39
85 40
85 40
85 41
85 41
85 42
85 42
85 43
85 43
85 44
85 44
85 45
85 45
85 46
85 46
85 47
85 47
86 47
86 47
86 48
86 48
86 48
86 48
86 48
86 47
86 47
87 46
87 46
87 45
87 45
88 44
88 44
88 43
88 43
88 42
88 42
89 41
89 41
89 41
89 41
90 40
91 39
92 38
92 37
93 36
94 35
95 34
95 34
96 33
96 32
96 32
96 32
96 31
96 30
96 30
96 29
96 29
96 28
96 27
96 27
96 26
96 25
96 25
96 24
96 23
96 23
96 22
96 22
96 21
96 20
96 20
95 19
95 19
95 19
94 19
94 19
94 20
94 20
93 21
93 22
93 22
93 23
93 24
93 24
92 25
92 25
92 26
92 27
92 28
92 28
91 29
91 30
91 30
91 31
91 32
91 33
91 33
91 34
91 35
91 35
92 36
92 37
92 37
92 38
92 39
92 39
93 40
93 40
94 40
94 40
94 40
95 40
95 40
96 39
96 39
97 38
97 38
98 37
98 36
98 36
98 35
98 35
99 34
99 33
99 33
99 32
99 32
99 31
99 30
99 30
100 29
100 29
100 28
100 27
100 27
99 26
99 26
99 26
99 25
99 25
99 25
98 26
98 26
98 26
98 27
98 27
97 28
97 28
97 29
97 30
97 30
97 31
97 32
97 32
97 33
97 34
97 34
97 35
97 36
97 37
97 37
97 38
96 39
96 40
96 41
96 41
96 42
96 43
96 44
96 45
96 45
96 46
96 47
96 48
96 49
96 50
96 50
96 51
96 52
96 53
96 54
96 55
96 56
96 56
96 57
96 58
96 59
96 60
96 61
96 62
96 62
96 63
96 64
96 65
96 66
96 67
96 67
96 68
96 69
96 70
96 71
96 72
96 73
96 73
96 74
96 75
96 76
96 77
96 77
96 78
95 79
95 80
95 81
95 81
95 82
95 83
95 84
95 85
95 85
95 86
95 87
95 88
95 89
95 89
95 90
94 91
94 92
94 92
94 93
93 94
93 95
93 95
92 96
92 97
92 97
91 98
91 99
91 99
90 100
90 100
89 100
89 100
88 100
88 100
87 99
87 98
87 98
87 97
86 96
86 95
86 95
86 94
85 93
85 92
85 92
85 91
85 90
85 89
85 89
85 88
84 87
84 86
84 85
84 85
84 84
84 83
84 82
84 82
84 81
84 80
84 80
84 79
84 78
84 77
84 76
84 76
84 75
85 74
85 73
85 73
85 72
85 71
85 70
85 69
85 69
86 68
86 67
87 66
87 66
88 65
88 64
89 63
89 63
90 62
90 61
91 60
91 60
92 59
93 58
93 58
94 57
94 57
95 56
96 56
96 56
97 55
97 55
98 55
98 55
98 55
99 54
