2 3
2 3
1 2
1 2
1 2
1 3
1 3
0 4
0 5
0 5
0 6
0 7
0 8
0 8
0 9
0 10
0 11
0 12
0 12
0 13
0 14
0 15
0 16
0 16
0 17
0 18
0 19
0 20
0 21
0 22
0 22
0 23
0 24
0 25
0 26
0 27
0 28
0 28
0 29
0 30
0 31
0 32
0 33
0 33
0 34
0 35
0 36
0 37
0 38
0 39
0 39
0 40
0 41
1 42
1 43
1 44
1 44
1 45
1 46
1 47
1 48
1 48
2 49
2 49
3 49
3 49
4 49
4 49
4 48
5 47
5 46
5 46
5 45
6 44
6 43
7 42
7 41
7 41
7 40
7 39
7 38
7 37
7 36
7 36
7 35
8 34
8 33
8 32
8 32
8 31
9 30
9 29
9 28
9 28
9 27
9 26
9 26
9 25
9 24
9 24
8 23
8 23
8 23
8 23
8 23
8 23
8 24
8 25
8 25
8 26
8 26
8 27
8 28
8 28
8 29
8 30
8 30
8 31
8 32
8 33
8 33
8 34
8 35
8 36
8 36
8 37
8 38
8 39
8 39
9 40
9 41
9 41
9 42
9 43
9 44
9 44
10 45
10 45
11 46
11 46
12 47
12 47
13 46
13 46
13 45
14 44
14 43
14 43
14 42
15 41
15 40
15 40
16 39
16 38
17 37
17 36
17 36
17 35
18 34
18 33
18 32
18 32
18 31
19 30
19 29
19 28
19 28
19 27
19 26
19 25
19 24
19 24
19 23
19 22
19 21
19 20
19 19
19 19
19 18
19 17
19 16
19 15
19 15
19 14
18 13
18 12
18 11
18 11
18 10
18 9
18 8
18 7
18 7
17 6
17 5
17 5
16 4
16 3
16 3
15 2
15 1
15 1
15 0
15 0
15 0
15 1
15 1
15 2
15 3
15 3
15 4
16 5
16 6
16 7
17 8
17 9
17 10
17 11
18 12
18 13
18 14
19 15
19 16
19 17
20 18
20 19
20 20
21 21
21 22
21 23
21 24
22 25
22 26
22 27
23 28
23 29
23 29
23 28
23 27
23 26
23 26
23 25
23 24
23 24
23 23
23 23
23 22
23 22
22 21
22 21
22 21
21 21
21 21
21 21
20 22
20 23
20 23
20 24
20 25
20 26
20 26
20 27
19 28
19 29
19 30
19 30
19 31
19 32
19 33
19 34
19 35
19 35
19 36
19 37
19 38
19 39
19 39
19 40
19 41
19 42
19 42
19 43
19 44
19 44
19 45
19 46
19 46
20 46
20 46
21 46
21 46
21 45
21 44
21 44
21 43
22 42
22 41
22 40
22 40
22 39
23 38
23 37
23 36
23 36
23 35
24 34
24 33
24 33
24 32
24 31
24 31
24 30
24 29
24 29
24 29
24 29
24 29
24 30
24 30
24 31
24 32
24 32
24 33
24 34
24 34
24 35
24 36
24 37
24 37
24 38
25 39
25 40
25 40
25 41
25 42
25 43
25 43
26 44
26 45
26 45
27 46
27 46
27 46
28 45
28 45
29 44
29 43
29 43
29 42
30 41
30 40
30 39
30 38
31 37
31 36
31 35
32 34
32 33
32 32
32 31
33 30
33 29
33 29
33 28
32 27
32 26
32 26
32 26
32 26
32 25
32 25
32 25
32 25
32 25
32 26
32 26
32 27
32 28
32 28
32 29
32 30
32 31
32 31
32 32
31 33
31 34
31 34
31 35
31 36
31 37
31 38
31 38
31 39
31 40
31 41
31 41
31 42
31 43
31 44
31 44
31 45
31 46
31 46
31 46
31 46
31 46
31 45
31 45
31 44
31 43
31 43
31 42
32 41
32 40
32 39
32 39
32 38
32 37
32 36
32 36
32 35
33 34
33 33
33 33
34 32
34 31
34 31
34 30
34 29
34 29
35 28
35 28
35 28
36 28
36 28
36 29
36 29
36 30
36 31
36 31
36 32
36 33
36 34
36 34
36 35
36 36
36 37
36 37
36 38
36 39
36 40
36 40
36 41
36 42
36 42
36 43
36 44
36 44
37 45
37 45
37 46
37 46
38 46
38 46
38 45
39 44
39 43
39 43
39 42
40 41
40 40
40 39
40 39
40 38
41 37
41 36
41 35
41 35
41 34
42 33
42 32
42 32
42 31
43 30
43 29
43 29
43 28
43 27
43 26
43 26
44 25
44 24
44 24
44 23
44 22
44 22
44 21
44 21
43 20
43 20
43 19
43 19
43 18
43 18
42 17
42 17
42 17
41 18
41 18
41 19
41 19
40 20
40 21
40 21
40 22
40 23
40 24
40 24
40 25
40 26
40 27
40 27
40 28
39 29
39 30
39 30
39 31
39 32
39 32
39 33
39 34
39 34
40 35
40 36
40 36
40 36
40 36
41 35
41 35
41 34
42 33
42 32
42 32
42 31
43 30
43 29
43 29
43 28
43 27
43 27
43 26
43 26
44 25
44 25
44 25
43 25
43 25
43 26
43 26
43 26
43 27
43 28
43 29
43 29
43 30
42 31
42 32
42 32
42 33
42 34
42 35
42 35
42 36
42 37
42 38
42 39
42 39
42 40
42 41
42 42
42 43
42 44
42 44
42 45
42 46
42 47
42 48
42 49
42 49
42 50
42 51
42 52
42 53
42 54
42 54
42 55
42 56
42 57
42 58
42 58
42 59
42 60
42 61
42 62
42 63
42 63
42 64
42 65
42 66
42 67
42 68
42 68
42 69
42 70
41 71
41 72
41 73
41 73
41 74
41 75
41 76
41 77
41 77
41 78
40 79
40 80
40 80
40 81
40 82
40 83
40 83
39 84
39 85
39 85
39 86
39 86
38 87
38 87
37 87
37 87
37 87
36 86
36 85
36 85
35 84
35 83
35 83
35 82
35 81
35 80
35 80
35 79
34 78
34 77
34 76
34 76
34 75
34 74
34 73
34 72
34 72
34 71
34 70
34 69
34 68
34 68
34 67
34 66
35 65
35 64
35 63
35 63
35 62
36 61
36 60
36 59
36 59
36 58
36 57
36 57
37 56
37 55
37 55
38 54
38 53
38 53
39 52
40 52
40 52
41 51
41 50
41 50
42 49
42 49
43 48
44 48
44 48
45 48
45 48
46 48
46 48
46 48
47 48
47 48
47 48
48 48
48 48
49 47
49 46
50 45
50 44
51 43
51 42
52 41
53 40
53 39
54 38
54 37
55 36
55 35
56 34
56 33
57 32
58 31
58 30
59 29
59 28
60 27
60 26
61 25
61 25
62 25
62 25
62 25
61 25
61 25
61 24
61 24
61 24
61 23
61 23
61 22
61 22
62 21
62 20
62 20
62 19
62 18
62 17
62 17
62 16
62 15
62 15
62 14
62 13
62 13
62 12
62 12
61 11
61 10
61 10
61 9
61 8
61 8
60 8
60 8
60 8
59 8
59 8
59 9
59 10
59 10
58 11
58 11
58 12
58 13
58 14
58 14
58 15
57 16
57 17
57 17
57 18
56 19
56 20
56 21
56 21
56 22
56 23
56 24
56 25
56 25
56 26
55 27
55 28
55 29
55 29
55 30
55 31
55 32
55 33
55 34
55 34
55 35
55 36
55 37
55 38
55 39
55 39
55 40
55 41
55 42
55 43
55 44
55 44
55 45
55 46
55 47
55 48
55 48
55 49
56 50
56 51
56 52
56 52
56 53
56 54
56 55
56 55
57 56
57 57
57 57
58 58
58 58
58 58
59 57
59 56
59 56
59 55
60 54
60 53
60 53
60 52
60 51
61 50
61 49
61 48
61 48
61 47
62 46
62 45
62 44
62 44
62 43
63 42
63 41
63 40
63 40
63 39
63 38
63 37
63 37
63 36
63 35
63 35
62 34
62 33
62 33
62 33
62 32
62 32
61 32
61 32
61 32
60 33
60 33
60 33
60 33
60 33
60 33
60 33
60 34
60 34
61 34
61 34
61 35
61 35
62 35
62 35
63 34
63 34
64 34
64 34
64 34
65 34
65 34
65 34
65 34
65 34
65 35
65 35
65 36
65 37
65 37
65 38
65 39
65 40
65 41
65 41
65 42
65 43
65 44
65 45
65 45
65 46
65 47
65 48
65 49
65 49
65 50
65 51
65 52
65 53
65 53
65 54
65 55
65 56
65 57
65 57
65 58
65 59
65 60
65 60
65 61
65 62
65 63
65 63
65 64
65 65
65 65
65 65
65 65
65 64
66 63
66 62
66 61
67 60
67 59
67 58
68 57
68 56
68 55
69 54
69 53
69 52
70 51
70 50
70 49
70 48
71 47
71 46
71 45
72 44
72 43
72 42
73 41
73 40
73 39
74 38
74 37
74 37
74 36
74 35
74 35
74 34
74 34
74 33
74 33
73 32
73 32
73 31
73 31
73 30
73 30
72 30
72 30
72 29
72 29
71 30
71 30
71 31
71 31
70 32
70 33
70 33
70 34
70 35
70 36
70 36
70 37
69 38
69 39
69 39
69 40
69 41
69 42
69 43
69 43
69 44
69 45
69 46
69 47
69 47
69 48
69 49
69 50
69 50
69 51
69 52
69 53
69 53
69 54
69 55
69 55
69 55
70 55
70 55
71 54
71 54
71 53
72 52
72 51
72 51
72 50
73 49
73 48
73 47
73 47
73 46
73 45
73 44
73 44
73 43
74 42
74 41
74 40
74 40
74 39
75 38
75 37
75 37
75 36
75 36
75 36
75 36
75 36
75 36
75 37
75 38
75 38
75 39
75 40
75 41
75 41
75 42
75 43
75 44
75 45
75 45
75 46
75 47
75 48
75 48
75 49
75 50
75 51
75 51
76 52
76 53
76 53
76 54
76 54
77 54
77 54
78 53
78 52
78 52
78 51
79 50
79 49
79 49
79 48
79 47
80 46
80 45
80 44
80 44
80 43
81 42
81 41
81 41
81 40
82 39
82 38
82 38
82 37
82 36
82 36
82 35
82 35
82 34
82 34
82 35
82 35
82 35
82 35
82 35
82 35
82 36
82 36
82 37
82 38
82 38
82 39
81 40
81 41
81 42
81 42
81 43
81 44
81 45
81 46
81 46
81 47
80 48
80 49
80 49
80 50
80 51
80 51
80 52
80 53
80 53
80 53
80 53
80 53
80 52
80 51
80 51
80 50
81 49
81 48
81 48
81 47
81 46
81 45
81 44
81 44
81 43
82 42
82 41
82 41
82 40
83 39
83 38
83 37
83 37
84 36
84 35
84 35
85 34
85 33
85 33
85 32
85 32
86 32
86 32
86 33
86 33
86 34
86 34
86 35
86 36
86 36
86 37
85 38
85 39
85 39
85 40
85 41
85 42
85 42
85 43
85 44
85 45
85 45
85 46
85 47
85 47
85 48
86 49
86 50
86 50
86 51
86 52
86 52
86 53
86 53
86 54
86 55
86 55
87 55
87 55
88 56
88 56
88 55
88 55
89 55
89 55
90 54
90 54
91 53
91 52
91 52
92 51
92 50
92 50
92 49
93 48
93 47
93 47
93 46
94 45
94 44
94 44
94 43
94 42
94 41
94 41
94 40
95 39
95 38
95 37
95 37
95 36
96 35
96 34
96 33
96 33
96 32
96 31
96 30
96 30
96 29
96 28
96 27
96 27
96 26
96 25
96 25
96 24
96 24
96 23
96 23
96 22
96 22
95 21
95 21
95 21
95 21
95 21
94 21
94 21
94 22
94 22
94 23
94 23
93 24
93 24
93 24
93 25
93 25
93 26
93 26
92 27
92 28
92 28
92 29
92 30
92 30
92 31
92 32
92 33
92 33
92 34
92 35
92 35
92 36
92 37
92 37
92 38
92 38
92 39
92 39
93 40
93 40
93 40
94 39
94 38
94 38
94 37
94 36
94 36
95 35
95 34
95 34
95 33
96 32
96 31
96 31
96 30
96 29
96 29
96 28
96 28
96 27
96 27
96 27
96 27
96 27
96 27
96 27
96 28
96 29
96 29
95 30
95 31
95 31
95 32
95 33
95 34
95 34
95 35
95 36
95 36
95 37
94 38
94 39
94 39
94 40
94 41
94 42
94 42
94 43
94 44
94 45
94 45
94 46
94 47
94 48
94 49
94 49
94 50
94 51
94 52
94 53
94 53
94 54
94 55
94 56
94 57
94 57
94 58
94 59
94 60
94 61
94 61
94 62
94 63
93 64
93 65
93 66
93 66
93 67
93 68
93 69
93 70
93 70
93 71
93 72
93 73
93 73
93 74
93 75
93 76
93 77
93 77
93 78
93 79
93 80
93 81
93 81
93 82
93 83
93 84
93 84
93 85
93 86
93 87
93 88
93 88
93 89
93 90
93 91
93 92
93 92
93 93
92 94
92 95
92 96
92 96
92 97
92 98
92 98
92 99
92 100
92 100
92 100
91 100
91 100
91 99
91 99
91 98
91 97
91 97
91 96
90 95
90 94
90 93
90 93
90 92
90 91
90 90
90 89
90 88
90 88
90 87
89 86
89 85
89 85
89 84
89 83
89 82
89 82
89 81
89 80
89 80
88 79
88 78
88 78
88 77
88 76
88 76
88 75
88 74
88 74
88 73
88 72
88 71
88 71
88 70
88 69
88 68
88 67
88 67
88 66
89 65
89 64
89 63
89 63
89 62
89 61
89 60
89 60
89 59
90 58
90 57
90 57
91 56
91 55
91 55
91 54
91 53
91 53
92 52
92 52
93 51
94 50
94 50
95 49
95 48
95 48
96 47
96 46
96 46
97 45
97 44
97 44
98 43
98 42
98 42
99 41
99 40
99 40
100 40
100 40
100 40
100 40
100 41
100 41
