0 7
0 6
0 6
0 5
0 5
0 5
0 4
0 4
0 4
0 5
0 5
0 6
0 7
0 7
0 8
0 9
0 9
0 10
0 11
0 12
0 13
0 13
0 14
0 15
0 16
0 17
0 18
0 18
0 19
0 20
0 21
0 22
0 23
0 24
0 24
0 25
0 26
0 27
0 28
0 29
0 30
0 30
0 31
0 32
0 33
0 34
0 35
0 35
0 36
0 37
0 38
0 39
0 39
0 40
0 41
0 42
0 43
0 43
0 44
0 45
0 46
0 46
1 47
1 48
1 48
1 48
2 47
2 47
3 46
3 45
3 45
3 44
4 43
4 42
4 41
4 41
4 40
4 39
4 38
4 37
4 37
4 36
5 35
5 34
5 34
5 33
6 32
6 31
6 30
6 30
6 29
6 28
6 28
6 27
6 26
6 26
6 25
6 25
6 25
6 26
6 26
6 27
6 27
6 28
6 29
6 29
5 30
5 31
5 31
5 32
5 33
5 34
5 34
5 35
5 36
5 37
5 38
5 38
5 39
5 40
6 41
6 42
6 43
6 43
6 44
6 45
6 46
6 47
6 48
6 48
6 49
7 50
7 51
7 51
8 52
8 53
8 53
9 53
9 53
10 52
10 51
10 51
11 50
11 49
11 49
11 48
12 47
12 46
12 46
12 45
13 44
13 43
13 42
13 42
13 41
13 40
14 39
14 38
14 37
14 37
14 36
15 35
15 34
15 33
15 33
15 32
15 31
15 30
15 29
15 29
15 28
15 27
16 26
16 25
16 24
16 24
16 23
16 22
16 21
16 20
16 20
16 19
16 18
16 17
16 16
16 16
16 15
15 14
15 13
15 12
15 12
15 11
14 10
14 9
14 8
14 8
14 7
14 6
14 5
14 4
14 4
13 3
13 2
13 2
12 1
12 0
12 0
12 0
11 1
11 1
11 2
11 2
11 3
12 4
12 5
13 6
13 7
14 8
14 9
14 10
15 11
15 12
16 13
16 14
17 15
17 16
17 17
18 18
18 19
19 20
19 21
20 22
20 23
20 24
21 25
21 26
22 27
22 28
23 29
23 30
23 31
24 32
24 33
25 34
25 35
26 36
26 37
26 37
26 37
26 36
26 36
26 35
26 34
26 34
26 33
26 33
26 32
26 31
26 31
26 30
26 29
26 29
26 28
26 28
26 27
26 26
26 26
25 25
25 25
25 24
25 24
24 24
24 24
24 24
24 25
24 25
23 26
23 27
23 27
23 28
23 29
23 30
23 30
23 31
22 32
22 33
22 34
22 34
22 35
22 36
22 37
22 37
22 38
21 39
21 40
21 41
21 41
21 42
21 43
21 43
22 44
22 45
22 45
22 46
22 47
22 47
22 47
23 47
23 47
24 46
24 46
24 45
24 44
24 44
25 43
25 42
25 42
25 41
25 40
25 40
26 39
26 38
26 38
26 37
26 37
26 36
26 36
26 36
26 36
26 36
26 37
26 37
25 38
25 39
25 39
25 40
25 41
25 41
25 42
25 43
25 43
25 44
25 45
25 45
26 46
26 47
26 47
26 48
26 49
26 49
26 50
26 50
27 51
27 51
28 50
28 50
29 50
29 50
29 49
29 48
29 48
29 47
30 46
30 45
30 45
30 44
31 43
31 42
31 42
32 41
32 40
32 40
32 39
32 38
32 37
32 37
33 36
33 35
33 35
33 34
33 33
33 33
33 32
33 32
33 31
33 31
33 31
32 30
32 30
32 30
32 30
32 30
32 30
32 30
32 31
32 31
31 32
31 32
31 33
31 33
31 34
31 35
31 35
31 36
31 37
31 37
31 38
31 39
31 40
31 40
31 41
31 42
31 42
31 43
31 44
31 45
31 45
31 46
31 47
31 47
31 48
31 48
31 48
31 48
31 48
31 48
31 48
31 47
31 46
31 46
31 45
31 44
31 44
31 43
32 42
32 41
32 41
32 40
32 39
32 39
32 38
32 37
32 36
32 36
33 35
33 35
33 34
33 33
33 33
34 32
34 32
34 31
34 31
34 31
35 31
35 31
35 31
35 32
35 32
35 32
35 33
35 33
36 34
36 35
36 35
36 36
36 36
36 37
36 38
36 38
36 39
36 40
36 40
36 41
36 42
36 42
36 43
36 43
36 44
36 45
36 45
36 46
36 47
36 47
36 48
36 48
36 48
37 49
37 49
37 49
38 48
38 48
39 47
39 46
39 46
40 45
40 44
40 44
41 43
41 42
41 42
41 41
42 40
42 39
42 39
43 38
43 37
43 37
43 36
44 35
44 34
44 34
45 33
45 32
45 32
45 31
45 30
45 30
45 29
45 29
46 28
46 28
45 27
45 27
45 26
45 26
45 25
45 24
45 24
44 23
44 23
44 22
44 22
43 22
43 22
43 22
42 23
42 23
42 24
42 24
41 25
41 26
41 26
41 27
41 28
41 29
41 29
41 30
41 31
41 32
41 32
41 33
41 34
41 35
41 35
41 36
41 37
41 37
41 38
41 39
41 39
42 40
42 40
42 41
42 41
43 41
43 41
43 40
43 40
44 39
44 38
44 38
45 37
45 37
45 36
45 35
45 35
45 34
45 33
45 33
45 32
45 32
45 32
45 31
45 31
45 30
45 30
45 30
45 30
45 31
45 31
44 32
44 32
44 33
44 34
44 34
44 35
44 36
44 36
44 37
44 38
44 39
44 40
44 40
44 41
44 42
44 43
44 44
44 44
44 45
44 46
44 47
44 48
44 48
44 49
44 50
43 51
43 52
43 53
43 53
43 54
43 55
43 56
43 57
43 58
43 59
43 59
43 60
43 61
43 62
43 63
43 64
43 64
43 65
43 66
42 67
42 68
42 69
42 69
42 70
42 71
42 72
42 73
42 73
42 74
42 75
42 76
42 76
42 77
41 78
41 79
41 79
41 80
41 81
41 82
41 82
40 83
40 84
40 84
39 85
39 85
39 86
39 86
38 86
38 86
37 85
37 85
36 84
36 83
36 83
36 82
36 81
36 80
36 79
36 79
36 78
35 77
35 76
35 75
35 75
35 74
35 73
35 72
35 71
35 71
35 70
35 69
36 68
36 67
36 66
36 66
36 65
36 64
36 63
36 62
36 62
36 61
37 60
37 59
37 58
37 58
37 57
38 56
38 55
38 55
39 54
39 53
39 53
40 52
41 51
41 51
42 50
42 50
43 49
43 49
44 50
44 50
45 49
46 48
47 47
48 47
49 46
50 45
51 44
52 43
53 42
54 41
55 41
56 40
57 39
58 38
59 37
60 36
61 36
62 35
63 34
64 33
65 32
66 31
67 30
68 30
69 29
70 28
71 27
71 27
71 26
72 25
72 24
72 24
72 23
73 22
73 21
73 21
73 20
73 19
73 19
73 18
73 18
73 17
73 16
73 16
73 15
73 15
72 14
72 13
72 13
72 12
72 12
71 12
71 12
71 11
71 11
70 11
70 11
69 12
69 12
68 13
68 14
68 14
68 15
67 16
67 17
67 17
67 18
67 19
66 20
66 21
66 22
66 22
66 23
66 24
65 25
65 26
65 27
65 28
65 28
65 29
65 30
65 31
65 32
65 33
65 34
65 34
65 35
65 36
64 37
64 38
64 39
64 40
64 40
64 41
64 42
64 43
64 44
64 45
64 46
64 46
64 47
64 48
64 49
64 50
64 50
64 51
64 52
64 53
64 53
65 54
65 55
65 55
66 55
66 55
67 55
67 55
68 54
68 54
69 53
69 52
69 52
70 51
70 50
70 50
70 49
70 48
70 48
71 47
71 46
71 46
71 45
70 44
70 43
69 42
69 41
69 40
68 39
68 38
67 37
67 36
67 36
67 36
67 36
67 36
67 36
67 37
67 37
68 37
68 37
69 37
69 37
69 36
69 36
70 36
70 36
70 36
71 35
71 35
71 35
71 35
71 35
71 35
71 35
71 36
71 36
71 37
71 37
70 38
70 39
70 39
70 40
70 41
70 41
70 42
70 43
70 44
70 44
70 45
70 46
70 47
70 47
70 48
70 49
70 50
70 50
70 51
70 52
70 52
70 53
70 54
70 54
70 55
70 55
70 56
70 56
70 57
70 57
70 57
70 57
70 57
71 57
71 57
72 56
72 55
73 54
74 53
74 52
75 51
75 50
76 49
77 48
77 47
78 46
78 46
78 45
79 44
79 43
79 42
79 42
79 41
79 41
79 40
79 40
78 39
78 39
78 38
78 37
78 37
78 36
78 36
78 35
78 35
77 34
77 34
77 34
77 34
76 35
76 35
76 36
76 36
75 37
75 38
75 38
75 39
75 40
75 40
74 41
74 42
74 42
74 43
74 44
74 45
74 45
74 46
74 47
74 48
74 48
75 49
75 50
75 50
75 51
75 51
76 52
76 52
76 52
77 51
77 50
77 50
78 49
78 48
78 48
78 47
78 46
78 46
79 45
79 44
79 44
79 43
79 42
79 42
80 41
80 40
80 40
80 39
80 38
80 38
80 38
80 38
80 38
79 39
79 39
79 40
79 40
79 41
79 42
79 42
79 43
79 44
79 44
79 45
79 46
79 46
79 47
79 48
79 49
79 49
79 50
79 51
79 51
79 52
79 53
79 53
80 54
80 54
80 54
81 54
81 54
82 53
82 53
82 52
82 52
83 51
83 50
83 50
84 49
84 48
84 48
84 47
85 46
85 45
85 45
85 44
85 43
85 43
86 42
86 41
86 41
86 40
86 39
86 39
86 38
86 38
86 37
86 37
86 36
86 36
85 36
85 36
85 35
85 35
85 35
85 35
85 35
85 35
85 36
85 36
85 37
85 37
84 38
84 39
84 39
84 40
84 41
84 41
84 42
84 43
84 44
84 44
84 45
84 46
84 46
84 47
84 48
84 48
84 49
84 49
84 50
84 50
84 50
84 50
84 50
84 49
84 49
84 48
84 48
85 47
85 46
85 46
85 45
85 44
85 44
85 43
85 42
85 42
85 41
86 40
86 39
86 39
86 38
86 37
86 37
87 36
87 35
87 35
87 34
87 34
87 33
87 33
88 32
88 32
88 32
88 32
88 33
88 33
88 34
88 34
88 35
88 36
88 36
88 37
88 37
88 38
88 39
88 39
88 40
88 41
88 41
88 42
88 43
88 43
88 44
88 45
88 45
89 46
89 46
89 47
89 47
90 47
90 47
91 46
91 46
92 45
92 45
92 44
92 44
92 43
93 42
93 41
93 41
93 40
94 39
94 38
94 38
94 37
95 36
95 35
95 35
96 34
96 33
96 33
96 32
97 31
97 30
97 30
97 29
97 28
97 28
97 27
97 26
97 26
97 25
97 24
97 24
97 23
97 23
96 22
96 22
95 21
95 21
95 22
95 22
94 23
94 23
93 24
93 24
93 25
93 26
93 26
93 27
93 27
93 28
92 29
92 30
92 30
92 31
92 32
92 33
92 33
92 34
92 35
92 36
92 36
92 37
92 38
92 38
93 39
93 40
93 40
93 41
93 41
94 41
94 41
95 40
95 40
95 39
95 39
96 38
96 38
96 37
96 36
96 36
97 35
97 34
97 34
97 33
97 33
97 32
97 32
97 31
97 31
97 30
97 30
97 29
97 29
96 29
96 29
96 29
96 29
96 29
96 30
96 31
96 31
96 32
96 32
96 33
95 34
95 35
95 35
95 36
95 37
95 38
95 39
95 39
95 40
95 41
95 42
95 43
95 43
95 44
95 45
94 46
94 47
94 48
94 49
94 49
94 50
94 51
94 52
94 53
94 54
94 55
94 55
94 56
94 57
94 58
94 59
94 60
94 61
94 62
94 62
94 63
94 64
94 65
94 66
94 67
94 68
94 69
94 69
94 70
94 71
94 72
94 73
94 74
94 75
94 76
94 76
94 77
94 78
94 79
94 80
94 81
94 82
94 82
94 83
94 84
94 85
94 86
94 87
94 88
94 88
94 89
94 90
93 91
93 92
93 93
93 93
93 94
93 95
93 96
93 97
93 97
92 98
92 99
92 99
92 100
92 100
91 100
91 100
90 100
90 100
89 99
89 98
89 98
89 97
88 96
88 95
88 94
88 94
88 93
88 92
87 91
87 90
87 89
87 89
87 88
87 87
87 86
87 85
87 84
87 83
87 83
87 82
87 81
87 80
87 79
87 78
87 78
87 77
87 76
87 75
87 74
87 74
87 73
87 72
87 71
87 70
87 70
87 69
88 68
88 67
88 67
88 66
89 65
89 64
89 64
90 63
90 62
91 61
91 61
92 60
92 59
93 58
93 58
94 57
94 56
94 56
95 56
96 56
96 56
97 56
97 56
98 57
98 57
99 57
99 57
100 58
