0 23
0 22
0 21
0 20
0 20
0 19
0 18
0 17
0 17
0 16
0 15
0 15
0 14
0 14
0 14
0 14
0 15
0 16
0 16
0 17
0 18
0 19
0 19
0 20
0 21
0 22
0 23
0 24
0 25
0 26
0 26
0 27
0 28
0 29
0 30
0 31
0 32
0 33
0 33
0 34
0 35
0 36
0 37
0 38
0 39
0 40
0 40
0 41
0 42
0 43
0 44
0 45
0 46
0 46
0 47
0 48
0 49
0 49
0 50
0 51
0 51
1 52
1 52
2 52
2 52
3 51
3 51
3 50
4 49
4 48
4 47
4 47
4 46
5 45
5 44
5 43
5 43
5 42
5 41
6 40
6 39
6 38
6 37
6 37
6 36
7 35
7 34
7 33
7 33
7 32
7 31
7 30
7 30
7 29
7 28
7 28
7 28
7 28
7 29
7 29
7 30
8 31
8 32
8 32
8 33
8 34
8 35
8 36
8 37
8 38
8 38
8 39
8 40
8 41
8 42
8 43
8 43
8 44
9 45
9 46
9 47
9 47
9 48
9 49
9 50
9 51
9 51
10 52
10 52
11 52
12 52
12 52
13 51
13 51
13 50
14 49
14 48
14 48
14 47
15 46
15 45
16 44
16 43
16 43
16 42
16 41
17 40
17 39
17 38
17 38
17 37
17 36
18 35
18 34
18 33
18 32
18 32
18 31
18 30
19 29
19 28
19 27
19 27
19 26
19 25
19 24
19 23
19 23
19 22
19 21
19 20
19 19
19 19
19 18
19 17
19 16
19 15
19 15
19 14
18 13
18 12
18 12
18 11
17 10
17 9
17 8
17 8
17 7
16 6
16 5
16 5
15 4
14 3
14 3
13 2
13 1
13 1
12 0
12 0
12 1
12 1
11 2
11 2
11 3
12 4
12 5
13 6
13 7
13 8
14 9
14 10
15 11
15 12
15 13
16 14
16 15
16 16
17 17
17 18
18 19
18 20
18 21
19 22
19 23
20 24
20 25
20 26
21 27
21 28
22 29
22 30
22 31
23 32
23 33
23 34
24 35
24 36
25 37
25 38
25 38
26 37
27 37
27 37
27 36
27 35
27 35
27 34
27 33
27 33
27 32
27 31
27 30
27 30
27 29
27 28
27 27
27 27
26 26
26 25
26 25
26 24
26 23
26 23
25 22
25 21
25 21
25 21
24 20
24 20
24 21
24 21
23 22
23 22
23 23
23 24
23 25
23 25
23 26
22 27
22 28
22 28
22 29
21 30
21 31
21 31
21 32
21 33
21 34
21 35
21 36
21 36
21 37
21 38
21 39
21 40
21 40
21 41
21 42
21 43
21 43
22 44
22 45
22 45
23 45
23 45
24 45
24 45
24 44
24 44
25 43
25 42
25 42
26 41
26 40
26 40
26 39
27 38
27 37
27 36
27 36
27 35
27 34
27 34
28 33
28 33
28 32
28 32
27 32
27 32
27 32
27 33
27 33
26 34
26 35
26 35
26 36
26 37
26 37
26 38
26 39
26 40
26 40
27 41
27 42
27 42
27 43
27 44
27 44
28 45
28 45
28 45
29 45
29 45
30 44
30 44
31 43
31 42
31 42
31 41
32 40
32 39
32 39
33 38
33 37
33 37
33 36
33 35
33 34
33 34
34 33
34 32
34 32
34 31
34 31
34 30
34 30
34 29
34 29
34 28
34 28
33 28
33 28
33 28
33 28
33 28
33 29
33 30
33 30
32 31
32 32
32 32
32 33
32 34
32 34
32 35
32 36
32 37
32 37
32 38
32 39
32 39
32 40
32 40
32 41
32 42
32 42
32 42
32 42
32 42
32 41
32 41
32 40
33 39
33 38
33 38
33 37
33 36
33 36
33 35
33 34
33 33
33 33
34 32
34 32
34 31
34 30
34 30
34 30
34 30
34 31
34 31
35 32
35 32
35 33
35 34
35 34
36 35
36 36
36 36
36 37
36 38
36 38
37 39
37 40
37 40
38 41
38 42
38 42
39 43
40 43
40 43
40 43
41 42
41 42
42 41
42 41
43 40
43 39
43 39
43 38
44 37
44 36
44 36
44 35
44 34
44 34
44 33
44 32
44 31
44 31
44 30
45 29
45 28
45 28
44 27
44 26
44 26
44 25
44 24
44 24
43 23
43 22
43 22
43 21
43 21
42 21
42 21
41 22
41 22
41 23
41 24
41 24
40 25
40 26
40 26
40 27
40 28
40 28
40 29
39 30
39 31
39 31
39 32
39 33
39 34
39 34
40 35
40 36
40 36
40 37
40 38
40 38
41 39
41 39
42 39
42 39
42 39
43 38
43 38
43 37
43 36
43 36
44 35
44 34
44 34
44 33
44 32
44 32
44 31
44 31
44 30
44 30
43 30
43 30
43 30
43 30
43 31
43 32
43 32
43 33
43 34
43 35
43 35
43 36
42 37
42 38
42 39
42 39
42 40
42 41
42 42
42 43
42 44
42 44
42 45
42 46
42 47
42 48
42 49
42 49
42 50
42 51
42 52
42 53
42 54
42 55
42 55
42 56
42 57
42 58
42 59
42 60
42 60
42 61
42 62
41 63
41 64
41 65
41 65
41 66
41 67
41 68
41 69
41 70
41 70
41 71
41 72
41 73
41 74
41 74
41 75
40 76
40 77
40 78
40 78
40 79
39 80
39 81
39 81
38 82
38 83
38 83
38 84
38 85
38 85
37 85
37 85
36 84
36 84
36 83
35 82
35 81
35 81
35 80
35 79
35 78
35 77
35 76
35 76
35 75
35 74
35 73
34 72
34 71
34 70
34 69
34 69
34 68
34 67
34 66
34 65
34 64
34 63
34 62
34 61
34 60
34 60
34 59
34 58
34 57
35 56
35 55
35 54
35 53
35 52
35 52
35 51
35 50
35 49
35 48
35 47
35 46
35 46
35 45
35 44
36 43
36 42
36 41
36 41
37 41
38 40
39 40
40 40
41 40
42 39
43 39
44 39
45 39
46 38
47 38
48 38
49 37
50 37
51 37
52 37
53 36
54 36
55 36
56 36
57 35
58 35
59 35
60 34
61 34
62 34
63 34
64 33
65 33
66 33
67 33
68 32
69 32
69 32
69 31
69 30
69 30
70 29
70 29
70 28
70 27
70 27
70 26
70 25
70 25
70 24
70 23
70 22
70 22
70 21
71 20
71 19
71 19
71 18
71 17
71 16
71 16
70 15
70 14
70 14
70 13
70 12
70 12
70 11
70 10
70 10
69 9
69 9
68 8
68 8
67 8
67 8
67 9
66 10
66 11
66 11
65 12
65 13
64 14
64 14
64 15
64 16
64 17
63 18
63 19
63 20
63 21
63 21
63 22
63 23
63 24
62 25
62 26
62 27
62 28
62 29
62 29
62 30
62 31
62 32
62 33
61 34
61 35
61 36
61 37
61 38
61 38
61 39
61 40
61 41
60 42
60 43
60 44
60 45
60 46
60 46
60 47
60 48
60 49
60 50
60 51
60 52
60 52
60 53
61 54
61 55
61 56
61 56
62 57
62 58
62 58
63 59
63 59
64 58
64 58
65 57
65 56
66 55
66 55
67 54
67 53
67 53
68 52
68 51
69 50
69 50
69 49
69 48
69 47
69 47
70 46
70 45
70 45
69 44
69 44
68 43
67 42
66 41
65 40
64 39
64 39
63 40
63 40
62 40
62 40
62 39
62 39
62 39
63 38
63 38
63 37
63 37
64 36
64 36
65 35
65 35
65 34
65 34
66 34
66 34
67 33
67 33
68 33
68 33
68 33
69 34
69 34
69 35
69 35
69 36
69 37
69 37
69 38
68 39
68 40
68 41
68 41
68 42
68 43
68 44
68 44
68 45
68 46
68 47
68 47
67 48
67 49
67 49
67 50
67 51
67 52
67 52
67 53
67 54
67 54
67 55
67 55
68 56
68 56
68 56
68 56
68 56
69 56
69 56
69 55
69 55
70 54
70 54
71 53
72 52
73 51
74 50
74 50
75 49
76 48
76 47
77 46
77 46
77 45
77 44
77 44
77 43
78 42
78 41
78 41
78 40
78 39
78 39
78 38
78 37
78 36
78 36
78 35
78 34
78 34
78 33
78 32
78 32
78 31
78 31
77 30
77 30
76 30
76 30
75 31
75 31
75 32
75 33
75 33
74 34
74 35
74 35
74 36
73 37
73 38
73 38
73 39
72 40
72 41
72 41
72 42
72 43
72 44
72 45
72 45
72 46
72 47
72 48
72 48
72 49
72 50
72 51
72 51
73 52
73 52
74 53
74 53
75 52
75 52
76 51
76 51
76 50
77 49
77 48
77 48
77 47
78 46
78 45
78 45
78 44
78 43
78 43
78 42
79 41
79 40
79 40
79 39
79 39
79 38
79 38
79 37
79 37
79 37
78 37
78 37
78 37
78 38
78 39
78 39
78 40
78 41
78 41
77 42
77 43
77 43
77 44
77 45
77 46
77 46
77 47
77 48
77 48
78 49
78 50
78 50
78 51
78 51
79 51
79 51
80 50
80 50
81 50
81 50
82 49
82 48
82 48
82 47
82 46
82 46
83 45
83 44
83 44
84 43
84 42
84 42
84 41
84 40
84 39
84 39
84 38
84 37
84 37
84 36
84 35
84 35
84 34
84 34
84 33
84 33
84 33
84 33
84 34
84 34
83 35
83 36
83 36
83 37
83 38
83 38
83 39
82 40
82 41
82 41
82 42
82 43
82 44
82 44
82 45
82 45
82 46
82 46
82 47
82 47
82 47
82 47
83 46
83 46
83 45
83 44
83 44
83 43
84 42
84 41
84 41
84 40
84 39
84 38
84 38
84 37
85 36
85 35
85 35
85 34
85 34
85 33
85 33
86 33
86 33
86 33
86 34
86 34
86 35
86 35
86 36
86 36
86 37
86 38
86 38
87 39
87 40
87 40
87 41
87 42
87 42
88 43
88 44
88 44
89 45
89 45
90 46
90 46
91 47
92 47
92 47
93 46
93 46
94 45
95 45
95 45
95 44
96 43
96 42
96 42
97 41
97 40
98 39
98 38
98 38
98 37
99 36
99 35
99 34
99 34
99 33
100 32
100 31
100 31
100 30
100 29
100 28
100 27
100 27
99 26
99 25
99 25
98 24
98 23
98 23
97 22
97 22
96 22
96 22
95 23
95 23
94 24
94 24
94 25
94 25
93 26
93 27
93 27
93 28
93 28
93 29
93 30
93 30
93 31
93 32
93 32
94 33
94 33
94 34
94 35
94 35
95 35
95 35
95 35
96 35
96 35
96 34
96 34
97 33
97 32
97 32
97 31
97 30
97 30
97 29
97 29
97 28
97 28
97 27
97 27
97 27
97 27
96 28
96 29
96 29
96 30
96 31
96 31
96 32
96 33
96 34
96 35
96 35
96 36
96 37
96 38
96 39
96 40
96 41
96 41
96 42
96 43
96 44
96 45
96 46
96 47
96 48
96 48
96 49
96 50
96 51
96 52
96 53
96 54
96 55
96 55
96 56
96 57
96 58
96 59
95 60
95 61
95 62
95 63
95 64
95 64
95 65
95 66
95 67
95 68
94 69
94 70
94 71
94 72
94 73
94 73
94 74
94 75
94 76
94 77
94 78
94 79
94 80
94 80
94 81
94 82
94 83
93 84
93 85
93 86
93 87
93 87
93 88
93 89
92 90
92 91
92 92
92 93
92 93
91 94
91 95
90 96
90 97
90 97
89 98
89 99
89 99
89 100
89 100
88 100
88 100
87 99
87 98
87 98
87 97
86 96
86 95
86 95
86 94
86 93
86 92
86 91
86 90
86 90
86 89
86 88
85 87
85 86
85 85
85 84
85 84
85 83
85 82
85 81
86 80
86 79
86 78
86 77
86 77
86 76
86 75
87 74
87 73
87 72
87 71
87 71
87 70
87 69
88 68
88 67
88 66
88 65
88 65
88 64
89 63
89 62
89 61
90 60
90 59
90 59
91 58
91 57
92 56
92 55
93 54
93 54
93 53
94 52
94 51
95 50
95 49
95 49
96 48
96 47
97 46
97 46
98 45
98 45
99 45
99 45
