5 21
4 20
3 20
2 19
2 19
1 18
1 18
1 17
0 16
0 15
0 14
0 14
0 13
0 12
0 12
0 11
0 10
0 10
0 9
0 8
0 8
0 7
0 6
0 6
1 5
1 4
1 4
2 3
3 3
3 3
4 2
5 1
5 1
6 1
7 1
7 1
8 1
9 1
10 1
10 1
11 2
12 2
12 2
13 3
14 3
14 3
15 4
15 4
16 5
17 5
17 5
17 6
17 6
18 7
18 7
18 8
18 9
18 9
18 9
18 10
18 10
18 10
18 11
18 11
18 11
18 12
18 12
17 13
17 14
17 14
17 15
17 16
17 16
17 17
17 18
17 19
17 19
17 20
17 21
17 22
17 23
17 24
17 24
17 25
17 26
17 27
17 28
17 29
17 30
17 30
17 31
17 32
17 33
17 34
17 35
17 36
17 37
17 38
17 39
17 39
17 40
17 41
17 42
17 43
17 44
17 45
17 46
17 46
17 47
17 48
17 49
17 50
17 51
17 52
17 53
17 53
17 54
17 55
17 56
17 57
17 58
17 59
17 59
17 60
17 61
17 62
17 63
17 64
17 64
17 65
17 66
17 67
17 68
17 69
17 69
17 70
17 71
17 72
17 72
17 73
17 74
17 74
17 75
17 75
17 75
17 75
17 75
17 75
16 74
16 73
16 73
15 72
15 71
15 71
14 70
14 69
13 68
13 67
13 67
13 66
12 65
12 64
12 63
12 63
12 62
11 61
11 60
11 59
10 58
10 57
10 57
9 56
9 55
8 54
8 53
8 53
8 52
7 51
7 50
7 50
6 49
6 48
6 48
5 47
5 47
5 46
5 46
5 45
5 45
6 44
6 43
6 43
7 42
7 42
8 41
8 40
8 40
9 40
10 40
11 40
11 40
12 41
13 41
13 41
14 42
15 43
15 43
16 44
17 44
17 44
18 45
19 46
19 46
20 47
20 48
20 48
21 49
21 50
21 50
21 51
21 52
21 53
21 54
21 54
21 55
21 56
21 57
21 58
21 58
21 59
21 60
21 61
20 62
20 63
20 64
20 65
20 65
20 66
19 67
19 68
19 69
19 70
18 71
18 72
18 72
18 73
17 74
17 75
17 76
16 77
16 78
16 78
16 79
15 80
15 81
14 82
14 83
14 83
13 84
13 85
12 86
12 86
11 87
11 87
11 87
11 87
11 86
11 85
11 85
11 84
12 83
12 82
12 82
13 81
13 80
14 79
14 78
14 78
15 77
15 76
16 75
16 74
16 74
17 73
18 72
18 71
19 70
19 70
20 69
21 68
21 67
22 66
22 66
23 65
23 64
24 63
24 62
25 61
25 61
26 60
27 59
28 58
29 57
30 56
31 55
32 54
33 53
34 52
35 51
36 50
37 49
38 48
39 48
40 47
41 46
42 45
43 44
44 43
45 42
46 41
47 40
48 39
49 38
50 37
51 36
52 35
52 35
53 34
53 34
53 33
53 32
53 32
53 32
53 32
53 33
53 34
53 34
53 35
52 36
52 37
52 37
52 38
52 39
52 40
52 41
52 42
52 43
52 43
52 44
52 45
52 46
52 47
52 48
52 49
52 49
52 50
52 51
51 52
51 53
51 54
51 54
51 55
51 56
51 57
51 58
51 59
51 59
51 60
51 61
51 62
51 63
51 63
51 64
51 65
51 66
51 66
51 67
51 67
52 67
52 67
52 67
52 66
53 65
53 64
53 64
53 63
53 62
53 61
53 60
53 60
53 59
53 58
54 57
54 56
54 55
54 55
54 54
54 53
54 52
54 51
54 50
54 49
54 48
54 47
54 46
54 45
54 44
54 43
54 42
54 41
54 40
54 39
54 38
54 37
54 36
54 35
54 34
54 33
54 32
54 31
54 30
54 29
54 28
54 27
54 26
54 25
54 24
54 23
54 22
54 21
54 21
54 20
54 19
55 18
55 17
55 16
55 16
55 15
56 14
56 13
56 13
57 12
57 12
58 11
58 10
58 10
59 10
59 10
60 10
60 10
61 10
61 10
62 11
62 11
63 11
63 11
64 11
65 11
65 11
66 11
66 11
67 11
67 11
67 11
68 11
68 11
68 12
68 12
68 13
68 13
69 14
69 15
69 15
69 16
69 16
69 17
69 18
69 19
69 19
70 20
70 21
70 21
70 22
70 23
70 24
70 25
70 25
70 26
70 27
70 28
70 29
70 29
70 30
70 31
71 32
71 33
71 34
71 34
71 35
71 36
71 37
71 38
71 39
71 40
71 40
71 41
71 42
72 43
72 44
72 45
72 46
72 46
72 47
72 48
72 49
72 50
72 51
72 52
72 52
72 53
72 54
73 55
73 56
73 57
73 58
73 58
73 59
73 60
73 61
73 62
73 63
73 64
73 65
73 65
73 66
73 67
74 68
74 69
74 70
74 71
74 71
74 72
74 73
74 74
74 75
74 75
74 76
74 77
74 78
74 79
74 79
74 80
74 81
74 81
74 82
74 83
74 83
74 84
74 85
74 85
74 85
73 85
73 85
72 84
72 83
72 83
72 82
71 81
71 80
71 80
71 79
71 78
70 77
70 76
70 75
70 75
70 74
69 73
69 72
69 71
68 70
68 69
68 69
68 68
68 67
68 66
67 65
67 64
67 63
67 62
67 62
67 61
67 60
67 59
66 58
66 57
66 56
66 55
66 55
66 54
66 53
66 52
66 51
66 50
66 49
66 49
66 48
66 47
66 46
66 45
66 45
66 44
66 43
66 42
66 41
66 40
66 40
66 39
66 38
66 37
66 37
66 36
66 36
66 35
66 35
66 36
66 36
66 37
66 38
66 39
66 39
66 40
66 41
66 42
66 43
66 43
66 44
65 45
65 46
65 47
65 47
65 48
64 49
64 50
64 50
64 51
64 52
64 53
64 53
64 54
63 55
63 56
63 56
62 57
62 58
62 58
61 59
61 59
60 59
60 59
59 58
59 58
58 57
58 57
58 56
58 55
58 55
58 54
57 53
57 52
57 51
57 51
57 50
56 49
56 48
56 48
56 47
55 46
55 45
55 45
55 44
55 43
55 43
55 43
55 43
56 43
56 43
57 43
57 43
58 44
58 44
59 45
60 46
60 46
61 47
62 47
62 47
63 48
64 48
65 49
65 49
66 50
67 50
67 50
68 50
69 50
69 50
70 50
71 50
71 50
72 49
73 49
73 49
73 48
74 47
74 46
74 46
75 45
75 44
76 43
76 42
76 42
76 41
76 40
77 39
77 38
77 37
77 37
77 36
77 35
78 34
78 33
78 32
78 32
78 31
78 30
78 29
78 28
78 28
78 27
78 26
78 26
78 25
78 25
78 25
79 26
79 26
79 27
79 28
79 29
79 30
79 30
79 31
79 32
79 33
79 34
79 34
79 35
79 36
80 37
80 38
80 39
80 39
80 40
80 41
80 42
80 43
80 43
80 44
81 45
81 46
81 46
82 47
82 48
82 48
82 49
82 50
82 50
83 50
83 50
84 49
84 49
85 48
85 47
86 46
86 46
86 45
86 44
86 43
86 42
87 41
87 40
87 39
87 38
87 37
87 36
87 35
87 34
88 33
88 32
88 31
88 30
88 29
88 28
88 27
88 26
89 25
89 24
89 23
89 22
89 21
89 20
89 19
89 18
90 17
90 16
90 15
90 14
90 13
90 12
90 11
90 10
91 9
91 8
91 7
91 6
91 5
91 5
91 4
91 3
92 2
92 1
92 0
92 0
91 0
91 0
91 1
91 1
91 2
91 2
91 3
91 4
91 5
91 5
91 6
91 7
91 8
91 9
91 9
91 10
91 11
92 12
92 13
92 14
92 14
92 15
92 16
93 17
93 18
93 19
93 20
93 20
93 21
93 22
93 23
94 24
94 25
94 26
94 27
94 27
94 28
94 29
94 30
94 31
94 32
94 33
94 34
94 34
94 35
94 36
94 37
95 38
95 39
95 40
95 41
95 42
95 42
95 43
95 44
95 45
95 46
95 47
95 48
95 49
95 50
95 51
95 51
95 52
95 53
95 54
95 55
96 56
96 57
96 58
96 59
96 60
96 61
96 61
96 62
96 63
96 64
96 65
97 66
97 67
97 68
97 69
97 70
97 71
97 71
97 72
97 73
97 74
97 75
97 76
97 77
97 78
97 79
97 80
97 80
97 81
97 82
97 83
98 84
98 85
98 86
98 87
98 87
98 88
98 89
99 90
99 91
99 92
99 93
99 93
99 94
99 95
99 96
99 97
99 97
100 98
100 99
100 99
100 100
100 100
99 100
99 100
99 100
99 100
98 99
98 99
98 98
98 98
98 97
97 96
97 95
97 95
96 94
96 93
95 92
95 91
95 91
95 90
94 89
94 88
93 87
93 86
93 86
92 85
92 84
91 83
91 82
90 81
90 80
90 80
89 79
88 78
87 77
87 76
86 75
85 74
85 74
84 73
83 72
82 71
81 70
80 69
79 68
