2 16
2 16
1 16
1 16
1 16
0 16
0 16
0 16
0 16
0 15
0 15
0 15
0 14
0 14
0 14
0 13
0 13
1 12
1 12
2 11
2 10
2 10
3 9
3 8
3 8
4 7
5 6
5 6
6 5
7 5
7 5
8 4
8 3
8 3
9 3
10 3
10 3
11 3
11 3
12 3
12 3
13 3
13 3
13 4
13 4
14 5
14 5
14 6
14 6
14 6
15 7
15 8
15 8
15 9
15 10
15 10
15 11
15 12
15 13
15 14
15 14
15 15
15 16
15 17
15 18
15 19
15 20
15 20
15 21
15 22
15 23
15 24
15 25
15 26
15 27
15 27
15 28
15 29
15 30
14 31
14 32
14 33
14 34
14 34
14 35
14 36
14 37
14 38
14 39
14 40
14 41
14 41
14 42
14 43
14 44
14 45
14 46
14 47
14 48
14 48
14 49
14 50
14 51
14 52
14 53
14 54
14 55
14 55
14 56
14 57
14 58
14 59
14 60
14 60
14 61
14 62
14 63
14 64
14 64
14 65
14 66
14 67
14 68
14 69
14 69
14 70
15 71
15 72
15 72
15 73
15 74
15 74
15 75
15 76
15 76
15 77
15 78
15 78
15 78
15 78
15 79
15 79
15 79
15 79
15 79
14 78
14 77
14 77
14 76
13 75
13 74
13 73
13 73
13 72
12 71
12 70
12 70
12 69
12 68
11 67
11 66
11 65
11 65
11 64
10 63
10 62
10 61
10 61
10 60
9 59
9 58
9 58
8 57
8 56
7 55
7 55
6 54
6 53
6 53
5 52
5 52
4 51
4 51
3 50
3 50
3 49
3 49
3 49
3 49
3 49
3 49
3 49
3 49
3 49
3 49
4 48
4 48
5 47
5 47
6 46
6 46
7 46
8 46
8 46
9 46
9 46
10 46
10 46
11 47
12 47
12 47
13 47
13 47
14 48
14 48
14 49
14 49
15 50
15 51
15 51
15 52
15 53
15 53
15 54
15 55
15 56
15 56
15 57
15 58
15 59
15 60
15 60
15 61
15 62
15 63
15 64
15 64
15 65
15 66
15 67
15 68
15 68
15 69
15 70
15 71
15 72
15 72
15 73
15 74
15 75
15 75
15 76
14 77
14 78
14 78
14 79
14 80
14 81
14 81
14 82
14 83
14 84
14 84
14 85
13 86
13 87
13 87
13 88
13 89
13 89
12 90
12 90
12 91
12 91
11 92
11 92
11 92
10 91
10 91
9 90
9 90
8 90
8 90
8 90
7 89
7 89
7 89
7 89
7 89
8 89
8 89
9 89
9 89
10 88
10 87
10 87
11 86
11 85
12 84
12 84
13 83
14 82
14 82
15 81
15 80
16 79
16 79
17 78
18 77
18 77
19 76
20 75
20 75
21 74
22 74
22 74
23 73
23 73
23 73
23 73
24 72
24 71
25 70
25 69
26 68
27 67
27 66
28 65
28 64
29 63
30 62
30 61
31 60
32 59
32 58
33 57
33 56
34 55
35 54
35 53
36 52
36 51
37 50
38 49
38 48
39 47
39 46
40 45
41 44
41 43
42 42
42 41
43 40
44 39
44 38
45 37
46 36
46 35
47 34
47 33
48 32
49 31
49 30
50 29
50 28
51 27
51 27
51 28
51 29
51 29
51 28
51 28
51 28
52 29
52 30
52 30
52 31
52 32
52 33
52 34
52 34
52 35
52 36
52 37
52 38
52 39
52 39
52 40
52 41
52 42
52 43
52 44
52 44
52 45
52 46
52 47
52 48
52 49
52 50
52 51
52 51
52 52
52 53
52 54
52 55
52 56
52 56
52 57
52 58
52 59
52 59
52 60
53 61
53 62
53 62
53 63
53 63
53 63
53 63
53 62
53 61
53 60
53 59
53 58
53 57
53 56
53 55
54 54
54 53
54 52
54 51
54 50
54 49
54 48
54 47
54 46
54 45
54 44
54 43
54 42
54 41
54 40
54 39
54 38
55 37
55 36
55 35
55 34
55 33
55 32
55 31
55 30
55 29
55 28
55 27
55 26
55 25
55 24
55 23
55 22
55 21
55 20
56 19
56 18
56 17
56 16
56 15
56 14
56 13
56 12
56 11
56 11
57 10
57 9
57 9
58 8
58 7
58 7
59 6
59 6
60 5
60 4
60 4
61 3
62 3
62 3
63 3
63 3
64 2
65 2
65 2
66 3
66 3
67 4
67 4
67 5
68 6
68 7
68 7
69 8
69 9
69 9
69 10
69 11
69 12
69 13
69 13
69 14
69 15
70 16
70 17
70 18
70 18
70 19
70 20
70 21
70 22
70 23
70 23
70 24
71 25
71 26
71 27
71 27
71 28
71 29
71 30
71 31
71 31
71 32
72 33
72 34
72 35
72 35
72 36
72 37
72 38
72 39
72 39
72 40
72 41
73 42
73 43
73 44
73 44
73 45
73 46
73 47
73 48
73 49
73 50
73 50
73 51
73 52
73 53
73 54
73 55
73 55
73 56
73 57
73 58
73 59
73 60
73 61
73 61
73 62
73 63
74 64
74 65
74 66
74 67
74 67
74 68
74 69
74 70
74 71
74 72
74 72
74 73
74 74
74 75
74 76
74 77
74 78
74 78
74 79
74 80
74 81
74 81
74 82
74 83
74 83
74 84
74 84
74 85
74 85
74 85
74 85
73 84
73 84
73 84
72 83
72 83
71 82
71 82
71 81
71 80
71 79
70 78
70 77
70 76
70 75
70 74
70 73
70 72
70 71
69 70
69 69
69 68
69 67
69 66
69 65
69 64
69 63
68 62
68 61
68 60
68 59
68 58
68 57
68 56
68 55
67 54
67 53
67 52
67 51
67 50
67 49
67 48
67 47
66 46
66 45
66 44
66 43
66 42
66 41
66 40
66 39
65 38
65 37
65 36
65 35
65 34
65 33
65 32
65 31
64 30
64 29
64 28
64 27
64 27
64 27
64 28
64 29
64 30
64 30
64 31
64 32
64 32
64 33
63 34
63 35
63 36
63 36
63 37
63 38
63 39
63 40
63 41
63 41
63 42
63 43
63 44
63 45
63 46
63 46
63 47
63 48
62 49
62 50
62 51
62 52
62 52
62 53
61 54
61 55
61 55
61 56
61 57
61 58
61 59
61 59
60 60
60 61
60 61
59 62
59 62
59 62
58 61
58 61
57 60
57 60
57 59
57 58
57 57
57 57
57 56
56 55
56 54
56 54
56 53
56 52
56 51
56 51
56 50
56 49
56 48
56 48
56 47
56 46
56 46
57 45
57 44
57 44
57 43
57 42
57 42
58 41
58 41
59 40
59 40
60 40
60 40
61 41
61 41
62 42
62 43
62 43
63 44
63 45
63 45
64 46
64 47
65 48
65 48
65 49
66 50
66 51
66 51
67 52
67 52
68 53
69 53
69 53
69 52
70 51
70 50
70 49
71 48
71 47
71 46
72 45
72 44
72 43
73 42
73 41
73 40
74 39
74 38
74 37
75 36
75 35
75 34
76 33
76 32
76 31
77 30
77 29
77 28
78 27
78 26
78 25
79 24
79 23
79 23
79 22
79 21
79 21
78 21
78 21
78 21
78 21
79 21
79 21
79 22
79 23
79 23
79 24
80 25
80 26
80 26
80 27
81 28
81 29
81 30
81 30
81 31
81 32
81 33
81 34
81 34
81 35
81 36
82 37
82 38
82 39
82 39
82 40
82 41
82 42
82 43
82 44
82 45
82 45
82 46
82 47
83 48
83 49
83 50
83 51
83 51
83 52
83 53
83 54
83 55
83 55
83 56
83 57
83 57
83 58
83 59
83 59
83 59
83 59
83 59
83 58
83 57
83 56
83 55
84 54
84 53
84 52
84 51
84 50
84 49
84 48
84 47
84 46
84 45
85 44
85 43
85 42
85 41
85 40
85 39
85 38
85 37
85 36
86 35
86 34
86 33
86 32
86 31
86 30
86 29
86 28
86 27
86 26
87 25
87 24
87 23
87 22
87 21
87 20
87 19
87 18
87 17
88 16
88 15
88 14
88 13
88 12
88 11
88 10
88 9
88 8
88 7
89 6
89 5
89 4
89 3
89 2
89 2
89 2
89 2
89 2
89 2
90 1
90 0
90 0
90 0
91 1
91 2
91 2
91 3
91 4
91 5
91 5
91 6
92 7
92 8
92 9
92 9
92 10
92 11
92 12
92 13
92 14
92 15
92 15
92 16
92 17
92 18
92 19
92 20
92 21
92 21
92 22
92 23
92 24
93 25
93 26
93 27
93 28
93 28
93 29
93 30
93 31
93 32
93 33
93 34
93 35
93 35
93 36
93 37
93 38
94 39
94 40
94 41
94 42
94 42
94 43
94 44
94 45
94 46
94 47
94 48
94 48
94 49
94 50
95 51
95 52
95 53
95 53
95 54
95 55
95 56
95 57
95 58
95 59
95 59
95 60
96 61
96 62
96 63
96 63
96 64
96 65
96 66
96 67
96 68
96 69
96 69
96 70
96 71
97 72
97 73
97 74
97 74
97 75
97 76
97 77
97 78
97 79
97 80
97 80
97 81
97 82
97 83
98 84
98 85
98 86
98 87
98 87
98 88
98 89
99 90
99 91
99 92
99 92
99 93
99 94
99 95
99 96
99 96
99 97
99 98
99 98
100 99
100 100
100 100
100 100
100 100
100 100
99 100
99 100
98 99
98 99
97 98
97 98
96 97
96 96
95 95
95 95
94 94
94 93
94 93
93 92
93 91
92 90
92 90
91 89
91 88
90 87
90 87
89 86
88 85
88 85
87 84
86 83
86 83
85 82
84 81
84 81
83 80
82 80
82 80
81 79
80 79
80 79
79 78
79 77
