0 23
0 23
1 22
1 22
2 21
2 21
3 20
3 20
4 20
4 20
5 19
5 19
6 20
6 20
7 21
7 21
7 22
7 22
7 23
8 24
8 25
8 25
8 26
8 27
8 27
8 28
8 29
8 30
8 30
8 31
8 32
8 33
8 34
8 34
8 35
8 36
8 37
8 37
8 38
8 39
8 40
8 41
8 42
8 42
8 43
8 44
8 45
8 46
8 47
8 47
8 48
9 49
9 50
9 51
9 51
9 52
9 53
9 54
9 55
9 56
9 56
9 57
9 58
9 59
9 60
9 61
9 62
9 62
9 63
9 64
9 65
9 66
9 67
9 67
9 68
9 69
9 70
9 71
9 72
9 73
9 73
9 74
9 75
9 76
9 76
9 77
9 78
9 79
9 79
10 80
10 81
10 81
10 81
10 82
10 82
10 82
9 81
9 81
8 81
8 81
7 80
7 80
6 79
6 78
6 78
5 77
5 77
4 76
4 75
4 75
3 74
3 73
3 73
3 72
2 71
2 70
2 70
2 69
1 68
1 67
1 67
1 66
1 65
1 65
2 64
2 63
2 63
2 62
2 61
2 61
3 60
3 59
3 59
4 58
5 58
5 58
6 57
6 57
7 57
8 57
8 57
9 57
9 57
10 58
10 58
10 59
11 60
11 61
11 61
11 62
11 63
11 64
11 65
11 65
11 66
11 67
11 68
11 69
11 70
11 70
11 71
11 72
10 73
10 74
10 75
10 75
10 76
10 77
9 78
9 79
9 80
9 80
9 81
9 82
9 83
9 84
9 85
9 86
9 86
9 87
9 88
8 89
8 90
8 91
8 91
8 92
7 93
7 94
7 95
7 95
7 96
6 97
6 98
6 98
5 99
5 100
5 100
5 100
5 100
6 99
6 99
7 98
8 98
8 98
9 97
9 96
10 95
10 95
11 94
12 93
12 93
13 92
14 91
14 91
15 90
15 89
15 89
15 88
16 87
16 86
16 86
17 85
18 84
18 84
18 83
19 82
19 81
19 81
20 80
20 79
21 78
21 77
22 76
23 75
23 74
24 73
24 72
25 71
26 70
26 69
27 68
27 67
28 66
29 65
29 64
30 63
30 62
31 61
32 60
32 59
33 58
33 57
34 56
34 55
35 54
36 53
36 52
37 51
37 50
38 49
39 48
39 47
40 46
40 45
41 44
42 43
42 42
43 41
43 40
44 39
45 38
45 37
46 36
46 35
47 34
47 34
47 33
47 32
47 32
47 32
47 32
47 33
47 33
47 34
47 35
47 35
47 36
47 37
47 38
47 39
47 39
47 40
47 41
47 42
47 43
47 43
47 44
47 45
46 46
46 47
46 48
46 48
46 49
46 50
46 51
46 52
46 53
46 53
46 54
46 55
46 56
46 57
46 58
46 58
46 59
46 60
46 61
46 62
46 62
46 63
46 64
46 65
46 66
46 67
46 67
46 68
45 69
45 70
45 71
45 71
45 72
45 73
45 74
45 74
45 75
45 75
46 75
46 75
46 74
46 73
46 72
46 71
46 70
46 69
46 68
46 67
46 66
46 65
46 64
46 63
46 62
46 61
46 60
46 59
46 58
47 57
47 56
47 55
47 54
47 53
47 52
47 51
47 50
47 49
47 48
47 47
47 46
47 45
47 44
47 43
47 42
47 41
47 40
47 39
47 39
47 38
47 37
47 36
47 35
47 34
47 33
47 32
47 31
47 31
47 30
47 29
47 28
47 28
47 27
47 26
47 26
48 25
48 25
49 24
49 23
49 23
50 22
51 21
51 21
52 20
52 19
52 19
53 18
53 17
54 16
54 16
55 15
56 15
57 14
57 14
58 13
59 13
59 13
60 12
61 12
61 12
62 12
63 12
63 12
64 13
64 13
65 14
65 15
65 15
66 16
66 17
66 17
66 18
67 19
67 20
67 21
67 21
67 22
67 23
67 24
67 25
67 25
67 26
68 27
68 28
68 29
68 29
68 30
68 31
68 32
68 33
68 34
68 34
68 35
69 36
69 37
69 38
69 38
69 39
69 40
69 41
69 42
69 43
69 44
69 44
69 45
69 46
70 47
70 48
70 49
70 49
70 50
70 51
71 52
71 53
71 54
71 54
71 55
71 56
71 57
71 58
71 58
71 59
71 60
72 61
72 62
72 63
72 63
72 64
72 65
72 66
72 67
72 68
72 68
72 69
72 70
73 71
73 72
73 73
73 73
73 74
73 75
73 76
73 77
73 77
73 78
74 79
74 80
74 80
74 81
74 82
74 82
74 83
74 84
74 84
74 85
74 85
74 85
73 84
73 84
72 83
72 82
72 82
72 81
72 80
72 80
71 79
71 78
70 77
70 76
70 76
70 75
69 74
69 73
69 72
69 72
69 71
69 70
68 69
68 68
68 67
68 67
68 66
68 65
67 64
67 63
67 62
67 62
67 61
66 60
66 59
66 58
65 57
65 56
65 56
65 55
64 54
64 53
64 52
64 52
64 51
64 50
64 49
64 48
64 47
64 47
64 46
64 45
63 44
63 43
63 42
63 42
63 41
63 40
63 39
63 39
62 38
62 37
62 37
62 36
62 35
62 35
62 34
62 33
62 33
62 33
62 32
62 32
62 33
62 33
62 34
62 35
62 35
62 36
61 37
61 38
61 38
61 39
61 40
60 41
60 42
60 43
60 43
60 44
60 45
59 46
59 47
59 48
59 49
59 49
59 50
58 51
58 52
58 53
58 53
58 54
57 55
57 56
57 56
57 57
56 58
56 59
56 59
55 60
55 61
54 62
54 62
53 63
53 64
53 64
52 65
51 65
51 65
50 65
50 65
49 64
49 64
49 63
49 62
49 61
49 61
49 60
49 59
49 58
49 58
49 57
49 56
49 55
49 54
49 54
49 53
50 52
50 51
50 51
51 50
52 49
52 49
53 48
53 47
53 47
54 46
55 46
55 46
56 47
57 47
57 47
58 48
59 48
59 48
60 49
61 49
61 49
62 50
63 51
63 51
64 52
64 53
64 53
65 54
66 55
66 55
67 56
67 57
67 57
68 58
69 58
69 58
70 59
70 59
71 59
71 59
72 58
72 58
73 57
74 57
74 57
74 56
75 55
75 54
75 54
75 53
76 52
76 51
76 51
76 50
77 49
77 48
77 47
77 47
77 46
77 45
77 44
77 43
77 42
77 42
77 41
77 40
78 39
78 38
78 37
78 37
78 36
79 35
79 34
79 33
79 33
79 32
80 31
80 30
80 30
80 29
81 28
81 27
81 27
81 26
82 25
82 24
82 24
83 23
83 22
83 22
83 21
83 20
83 20
84 19
84 19
84 19
84 20
84 20
85 21
85 22
85 22
85 23
85 24
85 25
85 26
85 26
85 27
85 28
85 29
85 30
85 30
85 31
85 32
85 33
85 33
85 34
85 35
85 36
85 37
85 37
85 38
85 39
85 40
85 41
85 41
85 42
85 43
85 44
85 44
85 45
85 46
85 47
85 47
85 48
85 48
85 48
85 48
85 47
85 47
85 46
85 45
85 45
85 44
86 43
86 42
86 41
86 41
86 40
86 39
87 38
87 37
87 36
87 36
87 35
87 34
88 33
88 32
88 31
88 31
88 30
88 29
88 28
88 27
88 26
88 26
88 25
88 24
88 23
88 22
88 21
88 21
88 20
88 19
89 18
89 17
89 16
89 15
89 15
89 14
89 13
89 12
89 11
89 10
89 10
89 9
89 8
90 7
90 6
90 5
90 5
90 4
91 3
91 2
91 2
91 1
91 0
91 0
91 0
91 1
91 1
91 2
91 2
91 3
91 3
91 4
91 5
91 5
92 6
92 6
92 7
92 8
92 8
92 9
92 10
92 10
92 11
93 12
93 13
93 14
93 14
93 15
93 16
93 17
93 18
93 19
93 19
93 20
93 21
94 22
94 23
94 24
94 24
94 25
94 26
94 27
94 28
94 29
94 30
94 30
94 31
94 32
94 33
94 34
94 35
94 36
94 36
94 37
94 38
94 39
94 40
94 41
94 42
94 42
94 43
94 44
95 45
95 46
95 47
95 48
95 48
95 49
95 50
95 51
95 52
95 53
95 53
95 54
95 55
95 56
95 57
95 57
95 58
95 59
96 60
96 61
96 62
96 63
96 63
96 64
96 65
96 66
96 67
96 68
96 68
96 69
96 70
97 71
97 72
97 73
97 74
97 74
97 75
98 76
98 77
98 78
98 78
98 79
98 80
98 81
98 82
98 83
98 83
99 84
99 85
99 85
99 86
99 87
99 87
100 88
100 88
100 89
100 89
100 89
100 89
100 89
99 89
99 89
99 89
99 88
99 88
98 88
98 88
97 87
97 87
97 86
97 85
97 85
96 84
95 83
95 83
94 82
94 81
94 81
93 80
92 79
92 79
92 78
91 77
91 76
91 76
90 75
89 74
89 74
88 73
87 73
