0 7
1 8
1 8
1 7
1 6
1 6
2 5
2 5
3 5
3 5
4 5
4 5
5 4
5 4
6 4
7 4
7 4
8 4
9 4
9 4
10 4
11 4
11 4
12 4
12 4
13 4
13 4
14 5
14 5
14 6
14 6
15 7
15 7
15 8
15 8
15 9
15 10
15 10
15 11
15 11
16 12
16 13
16 13
16 14
16 15
16 16
16 16
16 17
16 18
16 19
16 19
16 20
16 21
16 22
16 23
16 23
16 24
16 25
16 26
16 27
16 27
16 28
15 29
15 30
15 31
15 31
15 32
15 33
15 34
15 35
15 35
15 36
15 37
15 38
15 39
15 40
15 40
15 41
15 42
15 43
15 44
15 45
15 45
15 46
15 47
15 48
15 49
15 50
15 51
15 51
15 52
15 53
14 54
14 55
14 56
14 56
14 57
14 58
14 59
14 60
14 61
14 61
14 62
14 63
14 64
14 65
14 66
14 66
14 67
14 68
14 69
14 69
14 70
14 71
14 72
14 72
14 73
14 74
14 74
14 75
14 76
14 76
14 77
14 77
14 77
14 78
14 78
13 78
13 78
13 78
13 79
13 79
13 79
13 78
13 78
12 78
12 78
12 77
12 77
11 76
11 76
11 75
11 74
11 74
10 73
10 73
9 72
9 72
8 71
8 70
8 70
7 69
7 69
7 68
7 68
6 67
6 67
5 66
5 66
5 65
5 65
5 64
5 64
5 63
5 63
5 63
5 62
5 62
5 61
5 61
6 60
6 60
7 60
7 60
8 59
8 59
9 58
9 58
10 58
11 58
11 58
12 57
13 57
13 57
14 57
14 57
15 57
15 57
16 58
16 58
17 59
17 59
18 60
18 60
18 61
18 61
18 62
18 63
18 63
18 64
18 65
18 66
18 66
18 67
18 68
18 69
18 70
18 70
18 71
17 72
17 73
17 73
16 74
16 75
15 76
15 77
15 77
15 78
14 79
14 80
14 81
14 81
13 82
13 83
12 84
12 85
12 85
11 86
11 87
10 88
10 89
10 89
9 90
9 91
8 92
8 92
7 93
6 94
6 94
6 95
6 95
5 96
5 96
5 96
5 97
5 97
6 97
6 97
7 97
7 97
8 96
9 96
10 95
10 95
11 94
12 94
13 93
13 93
14 92
15 91
16 90
16 90
17 89
18 89
19 88
20 88
20 88
21 87
22 87
23 86
23 86
24 85
25 84
25 84
26 83
27 83
27 83
28 82
28 82
29 82
29 82
29 82
29 82
29 82
29 82
29 81
29 81
29 80
29 80
29 79
30 78
30 77
31 76
31 75
31 74
32 73
32 72
32 71
33 70
33 69
34 68
34 67
34 66
35 65
35 64
36 63
36 62
36 61
37 60
37 59
38 58
38 57
38 56
39 55
39 54
39 53
40 52
40 51
41 50
41 49
41 48
42 47
42 46
43 45
43 44
43 43
44 42
44 41
44 40
45 39
45 38
46 37
46 36
46 35
47 34
47 33
48 32
48 31
48 30
49 29
49 28
50 27
50 26
50 25
51 24
51 23
51 22
52 21
52 20
53 19
53 18
53 18
53 18
53 18
53 18
53 18
53 18
53 18
53 18
54 19
54 19
55 20
55 20
55 21
55 22
55 22
55 23
55 24
55 25
55 26
55 26
55 27
55 28
55 29
55 30
55 30
55 31
55 32
55 33
55 33
55 34
55 35
55 36
55 37
55 38
55 38
55 39
55 40
55 41
55 42
55 42
55 43
55 44
55 45
55 46
55 46
55 47
55 48
56 49
56 50
56 51
56 51
56 52
56 53
56 54
56 55
56 56
56 56
56 57
56 58
56 59
56 60
56 60
56 61
56 62
56 63
56 64
56 64
56 65
56 66
56 66
56 67
56 68
56 69
56 69
56 70
56 71
56 71
57 72
57 72
57 72
57 72
57 71
57 71
57 70
57 69
57 69
57 68
57 67
57 66
57 66
57 65
57 64
57 63
57 62
57 61
57 60
57 59
57 58
57 57
57 56
57 55
57 54
57 53
57 52
57 51
57 50
57 49
57 48
57 47
57 46
57 45
57 44
57 43
57 42
57 41
57 40
57 39
57 38
57 37
57 36
57 35
57 34
57 33
57 32
57 31
57 30
57 29
57 28
57 27
57 26
57 25
57 24
57 24
57 23
57 22
58 21
58 20
58 19
58 19
59 18
59 17
59 17
60 16
60 15
60 15
61 14
61 13
61 13
62 12
62 11
62 11
63 10
64 10
64 10
65 9
66 9
66 9
67 8
68 8
68 8
69 8
70 8
70 8
71 8
72 8
72 8
73 9
73 9
74 10
74 10
75 11
75 11
75 12
75 13
75 13
76 14
76 15
76 15
76 16
76 17
76 18
76 18
76 19
76 20
76 21
76 21
76 22
77 23
77 24
77 24
77 25
77 26
77 27
77 28
77 28
77 29
77 30
77 31
77 32
77 32
77 33
77 34
78 35
78 36
78 37
78 37
78 38
78 39
78 40
78 41
78 42
78 43
78 43
78 44
78 45
78 46
78 47
78 48
78 49
78 49
78 50
78 51
79 52
79 53
79 54
79 55
79 55
79 56
79 57
80 58
80 59
80 60
80 61
80 61
80 62
80 63
80 64
81 65
81 66
81 67
81 68
81 68
81 69
81 70
81 71
81 72
81 73
81 74
81 74
81 75
81 76
81 77
82 78
82 79
82 80
82 81
82 81
82 82
82 83
82 84
82 85
82 86
82 87
82 87
82 88
82 89
82 90
82 91
82 91
82 92
82 93
82 94
82 94
82 95
82 96
82 96
81 96
81 96
81 96
80 95
80 94
80 94
79 93
79 92
78 91
78 91
78 90
78 89
77 88
77 87
77 86
77 86
77 85
76 84
76 83
76 82
76 81
75 80
75 79
75 79
75 78
75 77
75 76
74 75
74 74
74 73
74 72
74 72
74 71
74 70
74 69
73 68
73 67
73 66
73 65
73 65
73 64
73 63
72 62
72 61
72 60
72 59
72 59
72 58
72 57
72 56
72 55
72 54
72 54
72 53
72 52
72 51
72 50
72 50
72 49
72 48
72 47
72 46
72 45
72 44
72 44
72 43
72 42
73 41
73 40
73 39
73 39
73 38
73 37
73 36
73 36
73 35
73 34
73 33
73 33
73 32
73 31
73 31
73 30
73 30
73 30
73 30
73 30
73 30
73 30
73 30
73 31
73 31
73 32
73 32
73 33
73 34
73 34
72 35
72 36
72 36
72 37
71 38
71 39
71 40
71 40
71 41
70 42
70 43
69 44
69 45
69 45
69 46
69 47
68 48
68 49
68 50
68 50
68 51
67 52
67 53
66 54
66 55
66 55
66 56
65 57
65 58
65 59
65 59
65 60
64 61
64 62
64 62
63 63
63 64
63 64
63 65
63 65
62 65
62 65
62 64
62 64
62 63
62 62
62 61
62 61
62 60
62 59
62 58
62 57
62 56
63 55
63 54
63 53
63 52
63 51
63 50
63 49
63 49
63 48
63 47
63 46
63 46
63 45
63 45
63 45
63 46
63 46
64 46
64 46
65 47
65 47
66 48
67 49
67 49
68 50
69 51
69 51
70 52
71 53
71 53
72 54
73 55
73 55
74 56
74 56
75 57
76 57
76 57
77 57
77 57
78 57
78 57
79 57
79 57
79 56
80 55
80 54
81 53
81 52
81 51
82 50
82 49
83 48
83 47
83 46
84 45
84 44
84 43
85 42
85 41
86 40
86 39
86 38
87 37
87 36
88 35
88 34
88 34
88 34
88 34
88 34
88 34
88 34
88 34
89 35
89 36
89 36
89 37
89 38
89 39
89 40
89 40
89 41
89 42
89 43
89 43
89 44
89 45
89 46
89 47
89 47
89 48
89 49
89 50
89 50
89 51
89 52
89 53
89 53
89 54
89 54
90 55
90 56
90 56
90 56
90 56
90 56
90 55
90 54
90 54
90 53
90 52
90 51
90 50
90 50
90 49
90 48
91 47
91 46
91 45
91 45
91 44
91 43
91 42
91 41
91 40
91 39
91 38
91 37
91 36
92 35
92 34
92 33
92 32
92 31
92 30
92 29
92 28
92 27
92 26
92 25
92 24
92 23
92 22
92 21
92 20
92 19
92 18
92 17
92 16
93 15
93 14
93 13
93 12
93 11
93 10
93 9
93 8
93 7
93 6
93 6
93 5
93 4
93 3
93 3
92 2
92 2
92 1
92 1
92 0
92 0
92 0
92 1
92 1
93 1
93 1
93 2
93 2
93 3
93 4
93 4
94 5
94 6
94 6
94 7
94 8
94 8
94 9
94 10
94 10
94 11
94 12
94 12
94 13
95 14
95 15
95 16
95 16
95 17
95 18
95 19
95 19
95 20
95 21
95 22
95 23
95 24
95 24
95 25
95 26
95 27
95 28
95 29
95 29
95 30
95 31
95 32
95 33
95 33
95 34
95 35
95 36
95 37
95 38
95 38
95 39
95 40
95 41
95 42
95 42
95 43
95 44
95 45
95 46
95 47
95 47
95 48
95 49
95 50
95 51
95 52
95 52
95 53
96 54
96 55
96 56
96 56
96 57
96 58
96 59
96 60
96 60
96 61
97 62
97 63
97 64
97 64
97 65
97 66
97 67
97 67
97 68
98 69
98 70
98 71
98 71
98 72
98 73
98 74
98 74
98 75
99 76
99 77
99 78
99 78
99 79
99 80
99 81
99 82
99 82
99 83
99 84
99 85
99 85
99 86
99 87
99 87
99 88
99 89
99 89
99 90
99 91
99 91
100 92
100 93
100 93
100 94
100 95
100 95
100 96
100 96
99 97
99 97
99 98
99 98
99 99
99 99
99 100
99 100
98 100
98 100
98 100
97 100
97 100
96 100
96 100
95 100
95 100
94 99
93 98
93 98
92 97
92 96
91 95
91 94
