1 12
1 12
0 11
0 11
0 10
0 10
0 10
1 9
1 9
2 8
2 7
2 7
3 6
4 5
4 5
5 4
6 4
6 4
7 4
8 4
8 4
9 3
10 3
10 3
11 3
12 3
12 3
13 4
14 4
14 4
15 4
15 4
16 5
16 5
16 6
16 6
16 7
16 7
17 8
17 9
17 9
17 10
17 11
17 11
17 12
17 13
17 13
17 14
17 15
17 16
17 16
17 17
17 18
17 19
17 19
17 20
17 21
17 22
17 23
17 23
17 24
17 25
17 26
17 27
17 28
17 28
17 29
17 30
17 31
17 32
17 33
17 34
17 34
17 35
17 36
17 37
17 38
17 39
17 40
17 41
17 41
17 42
17 43
17 44
17 45
17 46
17 47
17 47
17 48
17 49
17 50
17 51
17 52
17 53
17 54
17 54
17 55
17 56
17 57
17 58
17 59
17 60
17 60
17 61
17 62
17 63
17 64
17 65
17 65
17 66
17 67
17 68
17 68
17 69
17 70
17 70
17 70
17 70
17 70
17 69
17 69
16 68
16 68
16 67
15 66
15 65
15 65
14 64
14 63
13 62
13 61
13 61
12 60
12 59
11 58
11 57
11 57
11 56
10 55
10 54
10 53
10 53
9 52
9 51
8 50
8 50
8 49
7 48
7 47
7 47
7 46
7 46
7 45
7 45
7 45
7 45
7 44
7 44
8 44
8 44
9 43
9 43
10 43
11 43
11 43
12 43
13 43
14 43
14 43
15 43
16 43
16 43
17 44
18 44
18 44
19 44
19 44
19 45
19 46
19 46
20 47
20 48
20 48
20 49
19 50
19 51
19 52
19 52
19 53
18 54
18 55
18 56
18 56
18 57
18 58
17 59
17 60
17 61
17 62
17 62
17 63
16 64
16 65
16 66
15 67
15 68
15 68
14 69
14 70
13 71
13 72
13 72
12 73
12 74
11 75
11 76
11 76
11 77
11 78
11 78
11 79
11 79
11 79
12 78
12 77
12 77
12 76
13 75
13 74
13 74
14 73
15 72
15 71
16 70
16 70
17 69
17 68
18 67
18 66
18 66
19 65
20 64
20 63
21 62
21 62
22 61
22 60
23 59
23 58
24 57
24 57
25 56
26 55
27 54
27 53
28 52
29 51
30 50
31 49
32 48
33 47
34 46
34 45
35 44
36 43
37 42
38 41
39 40
40 39
40 38
41 37
42 36
43 35
43 35
44 34
44 33
45 32
45 32
45 31
45 31
45 30
45 30
45 30
45 30
45 30
45 30
45 31
45 32
45 32
45 33
45 34
45 35
45 35
45 36
45 37
45 38
45 39
45 39
45 40
45 41
44 42
44 43
44 44
44 44
44 45
44 46
44 47
44 48
44 49
44 49
44 50
44 51
44 52
44 53
44 53
44 54
43 55
43 56
43 56
43 57
43 58
43 59
43 59
43 60
43 60
43 60
43 60
44 59
45 58
45 58
45 57
45 56
45 55
45 54
45 54
45 53
45 52
45 51
45 50
45 49
45 48
46 47
46 46
46 45
46 44
46 43
46 42
46 41
46 40
46 39
46 38
46 37
46 36
47 35
47 34
47 33
47 32
47 31
47 30
47 29
47 28
47 27
47 26
47 25
47 24
47 23
48 22
48 21
48 20
48 19
48 18
48 17
48 16
48 16
48 15
49 14
49 13
50 12
50 11
50 11
51 10
51 9
51 9
51 8
51 7
51 7
52 6
52 5
52 5
53 5
53 5
54 4
54 4
55 4
55 4
56 4
56 4
57 4
58 4
58 4
59 4
59 4
60 4
60 4
60 4
61 5
61 5
61 5
62 6
62 6
62 7
62 8
62 8
63 9
63 9
63 10
63 11
63 11
63 12
63 13
63 13
63 14
64 15
64 16
64 16
64 17
64 18
64 18
64 19
64 20
64 21
64 21
64 22
65 23
65 24
65 25
65 25
65 26
65 27
65 28
65 29
65 29
65 30
65 31
66 32
66 33
66 34
66 34
66 35
66 36
66 37
66 38
66 38
66 39
66 40
66 41
66 42
66 43
66 43
66 44
67 45
67 46
67 47
67 47
67 48
67 49
67 50
67 51
67 52
67 52
67 53
68 54
68 55
68 56
68 56
68 57
68 58
68 59
68 60
68 60
68 61
69 62
69 63
69 64
69 64
69 65
69 66
69 67
69 67
69 68
69 69
69 69
69 70
69 71
69 71
69 72
69 72
69 72
69 72
69 72
69 72
68 71
68 71
67 70
67 69
67 69
66 68
66 67
66 67
65 66
65 65
64 64
64 63
64 63
64 62
63 61
63 60
63 59
62 58
62 57
62 57
62 56
62 55
61 54
61 53
61 52
61 51
61 50
60 49
60 48
60 47
60 46
60 45
60 44
59 43
59 42
59 41
59 40
59 39
58 38
58 37
58 36
58 35
58 34
57 33
57 32
57 31
57 30
57 29
57 28
56 27
56 26
56 25
56 25
57 25
58 25
58 25
58 25
58 26
58 26
58 26
59 27
59 27
59 27
59 28
59 29
59 30
59 30
59 31
58 32
58 33
58 33
58 34
58 35
58 36
58 36
57 37
57 38
56 39
56 40
56 40
56 41
55 42
55 43
55 44
55 44
55 45
54 46
54 47
54 47
53 48
53 48
52 49
52 49
52 49
51 49
51 49
51 48
51 47
51 46
51 45
51 44
51 43
51 42
51 41
50 40
50 39
50 38
50 37
50 36
50 35
50 34
50 33
50 32
50 32
51 31
51 31
51 30
51 30
52 30
52 30
53 30
53 30
54 31
55 31
55 31
56 32
57 33
57 33
58 34
59 35
59 35
60 36
61 37
61 37
62 38
63 39
63 39
64 40
65 41
65 41
66 42
66 43
66 43
67 44
68 44
68 44
69 44
69 44
69 43
70 42
70 41
70 40
70 39
71 38
71 37
71 36
72 35
72 34
72 33
73 32
73 31
73 30
73 29
74 28
74 27
74 26
75 25
75 24
75 23
76 22
76 21
76 20
76 19
77 18
77 17
77 17
77 17
78 18
78 19
78 19
78 20
78 21
78 21
78 22
78 23
78 23
78 24
79 25
79 26
79 26
79 27
79 28
79 29
79 30
79 30
79 31
80 32
80 33
80 33
80 34
80 35
80 36
80 36
81 37
81 38
81 38
81 39
81 39
82 40
82 40
82 40
82 40
82 39
83 38
83 37
83 37
83 36
83 35
83 34
84 33
84 32
84 31
84 30
84 29
84 28
84 27
84 26
85 25
85 24
85 23
85 22
85 21
85 20
85 19
85 18
86 17
86 16
86 15
86 14
86 13
86 12
86 11
86 10
87 9
87 8
87 7
87 6
87 5
87 5
88 4
88 3
89 2
89 2
89 1
89 1
89 1
89 0
89 0
89 0
89 1
89 2
89 2
90 3
90 4
90 4
91 5
91 6
91 6
91 7
91 8
91 9
91 9
91 10
92 11
92 12
92 13
92 13
92 14
92 15
92 16
92 16
92 17
93 18
93 19
93 20
93 20
93 21
93 22
93 23
93 24
93 25
93 25
93 26
93 27
94 28
94 29
94 30
94 31
94 31
94 32
94 33
94 34
95 35
95 36
95 37
95 38
95 38
95 39
95 40
95 41
95 42
95 43
95 44
95 44
95 45
95 46
95 47
96 48
96 49
96 50
96 51
96 51
96 52
96 53
96 54
96 55
96 56
96 57
96 57
96 58
96 59
96 60
96 61
96 62
96 62
96 63
96 64
97 65
97 66
97 67
97 67
97 68
97 69
97 70
97 71
97 71
97 72
97 73
97 74
97 75
97 76
97 76
97 77
98 78
98 79
98 80
98 80
98 81
98 82
98 83
98 84
98 84
98 85
98 86
98 87
98 88
98 88
98 89
98 90
99 91
99 92
99 93
99 93
99 94
99 95
99 96
99 96
99 97
99 98
99 98
99 99
99 100
99 100
100 100
100 100
100 100
100 100
99 100
99 100
98 99
98 98
98 98
97 97
97 96
97 96
96 95
96 94
95 93
95 93
94 92
93 91
93 90
92 89
92 89
91 88
91 87
90 86
90 85
89 84
89 83
88 82
88 82
87 81
86 80
85 79
85 78
84 77
83 76
