0 14
0 14
0 13
0 13
0 12
0 11
0 11
0 10
0 10
0 9
0 9
0 8
0 8
1 7
1 6
1 6
2 5
2 4
2 4
3 3
4 3
4 3
5 2
6 2
6 2
7 1
8 1
8 1
9 1
10 0
11 0
11 0
12 0
12 0
13 1
14 1
14 1
15 2
16 2
16 2
17 2
17 2
18 3
18 3
19 3
19 3
20 3
20 3
21 4
21 4
21 4
21 4
21 5
21 5
21 5
21 6
21 6
21 7
21 7
21 8
21 8
21 9
21 9
20 10
20 11
20 11
20 12
20 13
20 13
20 14
20 15
20 16
20 16
20 17
20 18
19 19
19 20
19 21
19 21
19 22
19 23
19 24
19 25
19 26
19 27
19 28
19 28
19 29
19 30
19 31
19 32
19 33
19 34
19 35
19 35
19 36
19 37
19 38
19 39
19 40
19 41
19 42
19 42
19 43
19 44
19 45
19 46
19 47
19 48
19 49
19 49
19 50
19 51
19 52
20 53
20 54
20 55
20 56
20 56
20 57
20 58
20 59
20 60
20 61
20 62
20 62
20 63
20 64
20 65
20 66
20 67
20 67
20 68
20 69
20 70
20 70
20 71
20 72
20 73
20 73
20 74
20 75
20 75
20 76
20 76
20 76
20 76
20 75
20 75
19 74
19 74
18 73
18 72
17 71
17 70
17 70
17 69
16 68
16 67
16 66
16 66
15 65
15 64
14 63
14 62
14 62
14 61
13 60
13 59
12 58
12 57
12 57
11 56
11 55
11 55
10 54
10 53
10 53
10 52
10 52
10 51
10 51
9 50
9 50
9 49
9 49
10 48
10 48
11 47
11 47
12 46
12 46
13 46
14 46
14 46
15 46
16 46
16 46
17 47
18 47
18 47
19 47
20 47
20 47
21 48
22 48
22 48
23 48
23 48
24 49
24 49
24 50
24 51
24 51
24 52
24 53
24 54
24 54
24 55
24 56
23 57
23 58
23 59
23 59
23 60
23 61
22 62
22 63
22 64
22 65
22 65
22 66
21 67
21 68
21 69
21 70
20 71
20 72
20 72
20 73
20 74
19 75
19 76
19 77
19 78
19 78
19 79
18 80
18 81
18 82
18 83
17 84
17 85
17 85
17 86
16 87
16 88
16 89
16 89
16 90
15 91
15 92
15 93
15 93
15 93
15 93
16 92
16 92
16 91
17 90
17 89
17 88
17 88
17 87
18 86
18 85
18 84
19 83
19 82
19 82
20 81
20 80
21 79
21 78
22 77
22 76
22 76
23 75
23 74
24 73
24 72
25 71
25 71
26 70
26 69
27 68
27 67
28 66
28 66
29 65
30 64
31 63
32 62
32 61
33 60
34 59
35 58
36 57
37 56
38 55
39 54
39 53
40 52
41 51
42 50
43 49
44 48
45 47
46 46
46 45
47 44
48 43
49 42
50 41
51 40
52 39
53 38
53 37
54 36
55 35
56 34
56 34
56 33
56 32
56 32
56 31
56 31
56 31
56 31
56 31
56 32
56 33
56 33
56 34
56 35
56 36
56 36
56 37
56 38
56 39
56 40
56 41
56 41
56 42
56 43
56 44
56 45
56 46
56 46
56 47
56 48
56 49
56 50
56 51
56 51
56 52
56 53
56 54
56 55
56 56
56 56
56 57
55 58
55 59
55 60
55 60
55 61
55 62
55 63
55 63
55 64
55 64
55 65
55 66
55 66
55 66
56 65
56 65
56 64
56 64
56 63
56 62
56 61
56 60
56 59
56 59
56 58
56 57
56 56
56 55
56 54
56 53
56 52
56 51
56 50
57 49
57 48
57 47
57 46
57 45
57 44
57 43
57 42
57 41
57 40
57 39
57 38
57 37
57 36
57 35
57 34
57 33
57 32
57 31
58 30
58 29
58 28
58 27
58 26
58 25
58 24
58 23
58 22
58 21
58 21
58 20
58 19
59 18
59 17
59 16
59 15
59 15
59 14
59 13
59 13
60 12
60 11
60 11
60 10
60 9
60 9
61 8
61 8
61 7
61 7
62 7
63 7
63 7
64 7
64 7
65 7
65 7
66 7
66 7
67 7
67 7
68 7
68 7
68 7
69 7
69 7
70 7
70 7
71 8
71 8
71 8
72 9
72 9
72 10
72 10
72 11
72 12
72 12
73 13
73 14
73 14
73 15
73 16
73 16
73 17
73 18
73 18
73 19
73 20
73 21
73 21
73 22
74 23
74 24
74 24
74 25
74 26
74 27
74 28
74 29
74 29
74 30
74 31
74 32
74 33
74 33
74 34
74 35
75 36
75 37
75 38
75 39
75 39
75 40
75 41
75 42
75 43
75 44
75 44
75 45
75 46
75 47
75 48
75 49
75 50
75 50
75 51
75 52
76 53
76 54
76 55
76 55
76 56
76 57
76 58
76 59
76 60
76 61
76 61
76 62
76 63
76 64
76 65
76 66
76 66
76 67
77 68
77 69
77 70
77 70
77 71
77 72
77 73
77 74
77 74
77 75
77 76
77 76
78 77
78 78
78 78
78 79
78 80
78 80
78 80
78 80
78 80
77 80
77 80
77 79
77 79
77 78
76 77
76 76
76 76
75 75
75 74
74 73
74 72
74 72
74 71
73 70
73 69
72 68
72 67
72 67
72 66
71 65
71 64
71 63
71 62
70 61
70 60
70 60
70 59
70 58
69 57
69 56
69 55
69 54
68 53
68 52
68 51
68 50
67 49
67 48
67 47
67 46
66 45
66 44
66 43
66 42
66 41
65 40
65 39
65 38
65 37
64 36
64 35
64 34
64 33
63 32
63 31
63 30
63 30
64 29
65 28
65 28
66 28
66 28
66 28
66 29
66 29
67 30
67 30
67 31
67 31
67 32
67 33
67 33
67 34
67 35
67 36
67 36
67 37
66 38
66 39
66 39
66 40
66 41
66 42
66 42
66 43
65 44
65 45
65 45
65 46
64 47
64 48
64 48
63 49
63 50
63 50
62 51
62 52
62 52
61 53
61 53
60 53
60 53
59 52
59 52
59 51
59 50
59 50
59 49
58 48
58 47
58 47
58 46
58 45
58 44
58 44
58 43
58 42
58 42
58 41
58 40
58 40
58 39
58 38
58 38
59 37
59 37
59 36
59 36
60 35
60 35
60 34
60 34
61 34
61 34
62 35
63 35
63 35
63 36
64 37
64 38
64 38
65 39
65 40
66 41
66 41
67 42
68 43
68 43
69 44
69 45
69 45
70 46
71 47
71 47
72 48
72 48
73 48
74 48
74 48
75 48
75 48
76 47
76 47
76 46
77 45
77 44
77 43
77 42
78 41
78 40
78 39
78 38
79 37
79 36
79 35
79 34
80 33
80 32
80 31
80 30
81 29
81 28
81 27
81 27
81 26
81 25
81 25
81 25
81 25
81 26
81 26
81 27
81 28
81 28
81 29
82 30
82 31
82 31
82 32
82 33
82 34
82 35
82 35
82 36
82 37
82 38
82 38
82 39
83 40
83 41
83 41
83 42
83 43
83 43
83 44
83 45
83 45
84 46
84 46
84 46
84 45
84 45
85 44
85 43
85 43
85 42
85 41
85 40
86 39
86 38
86 37
86 36
86 35
86 34
86 33
86 32
87 31
87 30
87 29
87 28
87 27
87 26
87 25
88 24
88 23
88 22
88 21
88 20
88 19
88 18
89 17
89 16
89 15
89 14
89 13
89 12
89 11
89 10
90 9
90 8
90 7
90 6
90 6
91 5
91 5
91 4
91 4
91 4
91 5
91 5
91 6
91 6
91 7
92 8
92 9
92 9
92 10
92 11
92 12
92 12
92 13
93 14
93 15
93 15
93 16
94 17
94 18
94 19
94 19
94 20
94 21
94 22
94 23
94 23
94 24
94 25
94 26
94 27
94 27
94 28
94 29
95 30
95 31
95 32
95 33
95 33
95 34
95 35
96 36
96 37
96 38
96 38
96 39
96 40
96 41
96 42
96 43
96 44
96 45
96 45
96 46
96 47
96 48
97 49
97 50
97 51
97 52
97 52
97 53
97 54
97 55
97 56
97 57
97 58
97 59
97 59
97 60
97 61
97 62
98 63
98 64
98 65
98 66
98 66
98 67
98 68
98 69
98 70
98 71
98 72
98 72
98 73
98 74
98 75
98 76
98 76
98 77
98 78
99 79
99 80
99 81
99 81
99 82
99 83
99 84
99 85
99 85
99 86
99 87
99 88
99 89
99 89
99 90
99 91
99 92
99 93
99 93
99 94
99 95
99 96
99 96
99 97
99 98
99 98
99 99
99 99
99 100
99 100
100 100
100 100
100 100
99 100
99 100
99 99
99 99
98 98
98 97
97 96
97 96
96 95
96 94
95 93
95 92
95 92
94 91
94 90
93 89
93 88
92 87
92 86
92 86
91 85
91 84
90 83
90 82
89 81
89 80
88 79
