2 30
2 30
2 29
1 28
1 27
1 26
1 26
1 25
0 24
0 23
0 23
0 22
0 21
0 20
0 20
1 19
1 18
2 17
2 17
3 16
4 16
4 16
5 15
6 15
6 15
7 15
8 15
8 15
9 15
10 16
11 16
11 16
12 16
13 16
13 16
14 17
15 17
15 17
16 18
16 18
17 19
18 19
18 19
19 20
19 20
20 21
20 21
20 22
20 22
20 22
21 23
21 23
21 23
21 23
21 23
21 23
21 24
21 25
21 25
20 25
20 25
20 26
20 27
20 27
20 28
19 29
19 30
19 30
19 31
19 32
19 33
19 33
19 34
19 35
18 36
18 37
18 38
18 39
18 39
18 40
18 41
18 42
18 43
18 44
18 45
18 45
18 46
18 47
18 48
18 49
18 50
18 51
18 52
18 52
18 53
18 54
18 55
18 56
18 57
18 58
18 59
18 60
18 60
18 61
18 62
18 63
18 64
18 65
18 66
18 67
18 67
18 68
18 69
18 70
18 71
18 72
18 72
18 73
18 74
18 75
18 76
18 76
18 77
18 78
18 78
18 79
18 79
18 79
18 79
18 79
18 78
18 78
17 77
17 77
16 76
16 75
16 75
16 74
15 73
15 72
15 72
14 71
14 70
13 69
13 69
12 68
12 67
11 66
11 66
10 65
10 64
9 63
9 63
8 62
7 61
7 61
6 60
6 59
6 59
5 58
5 57
5 57
4 57
4 57
4 56
4 56
4 56
5 55
5 55
6 54
6 54
7 53
8 53
8 53
9 53
10 52
11 52
11 52
12 52
13 52
13 52
14 53
15 53
15 53
16 54
17 54
17 54
18 55
19 55
19 55
20 56
21 57
21 57
21 58
21 59
21 59
21 60
21 61
21 62
21 62
21 63
20 64
20 65
20 66
20 66
19 67
19 68
18 69
18 70
18 70
18 71
17 72
17 73
16 74
16 75
16 75
15 76
15 77
14 78
14 79
14 79
13 80
13 81
12 82
12 83
12 83
12 84
11 85
11 86
11 86
10 87
10 87
10 88
10 88
10 87
10 87
11 87
11 87
12 86
12 85
12 85
12 84
13 83
13 82
13 81
13 81
14 80
15 79
16 78
16 78
17 77
18 76
18 75
19 74
19 74
20 73
21 72
22 71
22 71
23 70
24 69
25 68
26 67
26 67
27 66
28 65
29 64
30 63
31 62
32 61
33 60
33 59
34 58
35 57
36 56
37 55
38 54
39 53
40 52
41 51
42 50
43 49
44 48
45 47
46 46
46 45
47 44
48 43
49 42
50 41
51 40
52 39
52 39
53 39
53 39
53 39
53 39
53 40
53 41
53 41
53 42
53 43
53 44
53 44
53 45
52 46
52 47
52 47
52 48
52 49
52 50
52 51
52 51
52 52
52 53
52 54
52 55
52 55
52 56
52 57
51 58
51 59
51 60
51 60
51 61
51 62
51 63
51 63
51 64
51 65
51 65
52 66
52 66
52 66
52 66
52 65
53 64
53 63
53 63
53 62
54 61
54 60
54 59
54 59
54 58
54 57
54 56
54 55
54 54
54 53
54 52
54 51
54 50
54 49
54 48
54 47
54 46
55 45
55 44
55 43
55 42
55 41
55 40
55 39
55 38
55 37
55 36
55 35
55 34
55 33
55 32
55 32
55 31
56 30
56 29
56 28
56 27
57 26
57 25
57 25
58 24
58 23
58 23
59 22
59 21
59 21
59 20
60 19
60 18
60 18
61 18
61 18
61 17
61 17
62 17
62 17
63 18
63 18
64 18
64 18
65 19
65 19
66 19
66 19
67 20
67 20
68 21
68 21
69 22
69 22
69 23
69 23
70 24
70 25
70 25
70 26
70 26
70 27
70 28
70 28
71 29
71 30
71 30
71 31
71 32
71 32
71 33
72 34
72 35
72 35
72 36
72 37
72 38
72 39
72 39
72 40
72 41
72 42
72 43
72 43
72 44
73 45
73 46
73 47
73 47
73 48
73 49
73 50
73 51
73 52
73 52
73 53
73 54
74 55
74 56
74 57
74 57
74 58
74 59
74 60
74 61
74 62
74 62
74 63
75 64
75 65
75 66
75 66
75 67
76 68
76 69
76 69
76 70
76 71
76 72
76 72
76 73
76 74
76 74
76 75
76 75
76 76
76 76
76 76
75 76
75 76
74 76
74 76
73 75
73 75
72 74
71 74
71 74
71 73
70 72
70 71
70 70
70 70
70 69
69 68
69 67
68 66
68 65
68 65
68 64
68 63
68 62
67 61
67 60
67 59
67 58
67 58
67 57
66 56
66 55
66 54
66 53
65 52
65 51
65 50
65 50
65 49
65 48
65 47
65 46
65 45
65 45
65 44
65 43
65 42
65 42
65 41
65 40
65 40
65 39
65 38
65 38
65 37
65 37
65 37
65 37
65 38
65 39
65 39
65 40
65 41
65 41
65 42
64 43
64 44
64 45
64 45
64 46
63 47
63 48
63 48
63 49
62 50
62 51
62 51
61 52
61 53
61 53
60 54
60 55
60 55
59 56
58 56
58 56
57 57
57 57
56 56
56 56
55 55
55 55
55 54
55 53
55 52
55 52
55 51
54 50
54 49
54 48
54 48
54 47
54 46
53 45
53 44
53 43
53 43
53 42
53 41
53 40
53 40
54 39
54 38
54 38
54 37
54 37
55 37
55 37
56 37
56 37
57 38
57 39
57 39
58 40
59 41
59 41
60 42
61 43
61 43
62 44
63 44
63 44
64 45
65 46
65 46
66 47
66 47
67 47
68 47
68 47
69 47
69 47
70 47
70 47
71 46
71 45
71 45
72 44
72 43
73 42
73 42
73 41
74 40
74 39
74 39
75 38
75 37
76 36
76 35
76 35
76 34
77 33
77 32
77 31
77 31
78 30
79 29
79 29
79 29
80 30
80 30
80 31
80 32
80 32
80 33
81 34
81 35
81 36
81 36
81 37
81 38
81 39
81 39
81 40
81 41
81 41
82 42
82 43
82 43
82 44
82 44
83 45
83 45
84 45
84 45
85 44
85 44
86 43
87 42
87 42
87 41
88 40
88 39
88 38
88 38
89 37
89 36
90 35
90 34
90 34
90 33
91 32
91 31
91 30
91 30
91 29
91 28
92 27
92 26
92 25
92 24
92 23
92 22
93 21
93 20
93 19
93 18
93 17
93 16
94 15
94 14
94 13
94 12
94 12
94 11
94 10
94 9
94 8
95 7
95 6
95 5
95 4
95 3
95 3
95 2
95 1
95 1
95 0
95 0
95 0
95 0
95 1
95 2
95 2
95 3
95 4
95 5
95 5
95 6
95 7
95 8
95 9
95 10
95 10
95 11
95 12
95 13
95 14
95 15
95 16
95 17
95 17
95 18
95 19
95 20
95 21
95 22
95 23
95 24
95 25
95 25
95 26
95 27
95 28
95 29
95 30
95 31
95 32
95 33
95 34
95 35
95 35
95 36
95 37
95 38
95 39
95 40
96 41
96 42
96 43
96 44
96 45
96 46
96 47
96 47
96 48
96 49
96 50
96 51
96 52
97 53
97 54
97 55
97 56
97 57
97 58
97 59
97 59
97 60
97 61
97 62
97 63
97 64
98 65
98 66
98 67
98 68
98 69
98 70
98 70
98 71
98 72
98 73
99 74
99 75
99 76
99 77
99 78
99 78
99 79
99 80
99 81
99 82
99 83
99 84
99 85
99 86
99 86
99 87
99 88
100 89
100 90
100 91
100 91
100 92
100 93
100 94
100 95
100 95
100 96
100 97
100 98
100 98
99 99
99 99
99 100
99 100
99 100
98 100
98 100
97 99
97 99
96 98
96 97
96 97
95 96
94 95
94 94
93 93
93 93
92 92
92 91
91 90
91 89
90 88
90 88
89 87
88 86
87 85
86 84
85 83
84 82
