0 19
0 19
0 19
0 18
0 17
0 17
0 16
0 16
0 15
0 14
0 14
0 13
1 12
1 11
1 11
2 10
2 9
2 9
3 8
3 7
3 7
4 6
4 6
5 5
5 5
6 5
6 5
7 5
7 5
8 5
9 5
9 5
10 5
10 5
11 6
12 6
12 6
13 7
13 8
13 8
14 9
14 9
15 10
15 10
16 11
16 12
16 12
16 13
16 13
17 14
17 14
17 15
17 15
17 16
17 16
17 17
17 17
17 17
17 17
17 18
17 18
17 18
17 19
17 19
16 20
16 20
16 21
16 21
16 22
16 23
16 23
15 24
15 24
15 25
15 26
15 26
15 27
15 28
15 29
15 29
15 30
15 31
15 32
15 32
15 33
15 34
15 35
15 36
15 36
15 37
15 38
15 39
15 40
15 41
15 42
15 42
15 43
15 44
15 45
15 46
15 47
15 48
15 49
15 50
15 50
15 51
15 52
15 53
15 54
15 55
15 56
15 57
15 57
15 58
15 59
15 60
15 61
15 62
15 63
15 63
15 64
15 65
15 66
15 67
15 68
15 68
15 69
15 70
15 71
15 72
15 72
15 73
15 74
15 75
15 75
15 76
15 77
15 77
15 78
15 78
15 78
15 78
15 77
15 77
14 76
14 75
14 75
14 74
14 73
14 72
14 72
14 71
13 70
13 69
13 69
12 68
12 67
11 66
11 65
11 65
11 64
10 63
10 62
9 61
9 60
9 60
8 59
8 58
7 57
7 56
7 56
7 55
6 54
6 53
6 53
5 52
5 52
5 51
5 51
5 50
5 50
4 49
4 49
4 49
4 49
5 49
5 49
6 48
7 48
7 48
8 48
9 48
9 48
10 47
11 47
11 47
12 47
13 47
13 47
14 47
15 47
15 47
16 48
16 48
17 49
17 49
17 50
17 51
17 51
17 52
17 53
17 53
17 54
17 55
17 56
17 57
17 58
17 58
17 59
16 60
16 61
16 62
16 62
16 63
16 64
15 65
15 66
15 67
15 67
15 68
15 69
14 70
14 71
14 72
14 73
14 73
14 74
13 75
13 76
13 77
12 78
12 79
12 79
12 80
11 81
11 82
11 83
11 83
10 84
10 85
10 85
10 85
10 85
11 84
11 84
12 83
12 82
12 82
12 81
13 80
13 79
13 79
13 78
14 77
14 76
15 75
15 74
15 74
15 73
16 72
16 71
17 70
17 69
17 69
18 68
19 67
19 66
20 65
20 65
21 64
22 63
22 62
23 61
24 60
24 60
25 59
25 58
26 57
27 56
28 55
28 54
29 53
30 52
30 51
31 50
32 49
33 48
33 47
34 46
35 45
35 44
36 43
37 42
37 41
38 40
39 39
40 38
40 37
41 36
42 35
42 34
43 33
44 32
45 31
45 30
46 29
46 29
47 29
47 29
47 28
47 28
47 28
48 28
48 28
48 28
48 28
48 29
48 30
48 30
48 31
48 32
48 32
48 33
48 34
48 35
48 35
48 36
48 37
48 38
48 39
48 39
48 40
48 41
48 42
48 43
48 44
48 44
48 45
48 46
48 47
48 48
48 48
48 49
47 50
47 51
47 52
47 52
47 53
47 54
47 55
47 56
47 56
47 57
47 58
47 58
48 59
48 60
48 60
48 61
48 61
48 61
48 60
48 60
49 59
49 58
49 58
49 57
49 56
49 55
49 54
49 54
49 53
49 52
49 51
49 50
49 49
50 48
50 47
50 46
50 45
50 44
50 43
50 42
50 41
50 40
50 39
50 38
50 37
51 36
51 35
51 34
51 33
51 32
51 31
51 30
51 29
51 28
51 27
51 26
51 25
52 24
52 23
52 22
52 21
52 20
52 19
52 19
52 18
53 17
53 16
53 16
53 15
53 14
53 14
54 13
54 12
54 12
54 11
54 11
55 10
55 9
55 9
56 9
56 9
57 8
57 8
58 8
58 8
59 8
59 8
60 8
60 8
61 8
61 8
62 8
62 8
62 8
63 9
63 9
63 10
63 10
64 11
64 11
64 12
64 12
65 13
65 13
65 14
65 14
65 15
65 16
65 16
65 17
65 18
65 18
65 19
66 20
66 21
66 21
66 22
66 23
66 24
66 24
66 25
66 26
66 27
66 27
66 28
67 29
67 30
67 30
67 31
67 32
67 33
67 34
67 34
67 35
68 36
68 37
68 38
68 38
68 39
68 40
68 41
68 42
68 43
68 43
68 44
69 45
69 46
69 46
69 47
69 48
69 49
69 50
69 50
69 51
69 52
69 53
69 54
69 54
69 55
70 56
70 57
70 57
70 58
70 59
70 60
70 61
70 61
70 62
70 63
70 64
70 64
70 65
70 66
70 67
70 67
70 68
71 69
71 70
71 70
71 71
71 72
71 72
71 73
71 73
71 73
71 73
71 73
71 73
70 72
70 72
70 71
69 70
69 69
69 69
69 68
68 67
68 66
68 66
68 65
67 64
67 63
66 62
66 61
66 61
66 60
65 59
65 58
65 57
64 56
64 55
64 55
64 54
63 53
63 52
63 51
62 50
62 49
62 49
62 48
62 47
61 46
61 45
61 44
61 43
61 43
61 42
61 41
60 40
60 39
60 38
60 37
60 37
60 36
59 35
59 34
59 34
59 33
59 32
59 32
59 31
59 30
59 30
59 29
59 29
59 28
59 28
60 28
60 28
60 28
60 28
61 29
61 30
61 30
61 31
61 32
61 32
61 33
61 34
61 35
61 35
61 36
60 37
60 38
60 39
60 39
60 40
59 41
59 42
59 43
59 43
59 44
58 45
58 46
58 46
58 47
58 48
58 49
58 49
57 50
57 51
57 51
56 51
56 51
56 51
55 50
55 50
55 49
54 48
54 47
54 46
54 46
54 45
53 44
53 43
53 42
53 42
53 41
53 40
53 39
53 38
53 37
53 37
52 36
52 35
52 35
52 34
52 34
52 34
52 34
53 34
53 34
54 34
54 34
55 35
56 35
56 35
57 36
58 36
58 36
59 37
59 37
60 38
61 38
61 38
62 39
63 39
63 39
64 39
64 39
65 39
66 39
66 39
67 39
67 39
68 38
68 37
68 37
68 36
69 35
69 34
69 33
70 32
70 31
71 30
71 29
71 28
72 27
72 26
72 25
73 24
73 23
73 23
74 22
74 21
75 20
75 20
75 20
75 21
75 21
75 22
75 23
75 23
76 24
76 25
76 25
76 26
76 27
76 28
76 29
76 29
76 30
77 31
77 32
77 32
77 33
77 34
77 35
77 35
77 36
78 37
78 38
78 38
79 39
79 40
79 40
80 41
80 42
80 42
80 43
80 43
81 43
81 43
81 42
81 41
81 41
81 40
82 39
82 38
82 37
82 37
82 36
82 35
82 34
82 33
83 32
83 31
83 30
83 29
83 28
83 27
83 26
83 25
83 24
84 23
84 22
84 21
84 20
84 19
84 18
84 17
84 16
85 15
85 14
85 13
85 12
85 11
85 10
85 9
85 8
85 7
86 6
86 5
86 4
86 3
86 2
86 2
87 1
87 1
87 0
87 0
88 0
88 0
88 1
88 1
88 2
88 2
89 3
89 3
89 4
89 5
89 6
89 6
90 7
90 8
90 8
90 9
91 10
91 11
91 12
91 12
91 13
91 14
92 15
92 16
92 17
92 17
92 18
92 19
92 20
92 21
92 22
92 22
92 23
92 24
93 25
93 26
93 27
93 28
93 28
93 29
93 30
94 31
94 32
94 33
94 33
94 34
94 35
94 36
94 37
94 38
94 39
94 40
94 40
94 41
94 42
95 43
95 44
95 45
95 46
95 46
95 47
95 48
96 49
96 50
96 51
96 52
96 52
96 53
96 54
96 55
96 56
96 57
96 58
96 59
96 59
96 60
96 61
97 62
97 63
97 64
97 65
97 65
97 66
97 67
98 68
98 69
98 70
98 71
98 71
98 72
98 73
98 74
98 75
98 76
98 76
98 77
98 78
98 79
98 80
98 81
98 82
98 82
98 83
99 84
99 85
99 86
99 86
99 87
99 88
99 89
99 90
99 90
99 91
99 92
99 93
99 94
99 94
99 95
99 96
99 97
99 97
99 98
99 98
100 99
100 100
100 100
100 100
100 100
100 100
100 100
99 100
99 100
98 99
98 99
97 98
96 97
96 97
95 96
94 95
93 95
92 94
92 94
91 93
90 92
89 91
88 90
88 90
87 89
86 89
85 88
84 88
83 87
82 87
81 86
80 86
