0 39
0 38
0 37
0 36
0 35
0 35
0 34
0 33
0 32
0 32
0 31
0 30
0 29
0 28
0 28
0 27
0 26
0 25
0 25
0 24
0 23
0 23
1 22
1 22
2 22
3 22
3 22
4 21
4 21
5 21
6 21
7 21
7 21
8 21
9 21
9 21
10 22
11 22
11 22
12 23
13 23
13 23
14 23
14 23
15 24
16 24
16 24
17 25
17 25
17 25
17 25
17 25
18 25
18 25
18 25
18 25
18 25
18 25
18 25
18 26
17 27
17 28
17 28
17 29
17 30
17 30
17 31
17 32
17 33
17 33
17 34
17 35
17 36
17 37
17 38
17 38
17 39
17 40
17 41
17 42
17 43
17 43
17 44
17 45
17 46
17 47
17 48
17 49
17 50
17 50
17 51
17 52
17 53
17 54
17 55
17 56
17 57
17 58
17 58
17 59
17 60
17 61
17 62
17 63
17 64
17 65
17 66
17 66
17 67
17 68
17 69
17 70
17 71
17 72
17 72
17 73
17 74
17 75
17 76
17 76
17 77
17 78
17 79
17 80
17 80
17 81
18 82
18 83
18 83
18 84
18 84
18 84
18 84
18 83
18 83
17 82
17 82
17 81
16 80
16 79
16 79
16 78
15 77
15 76
15 76
15 75
14 74
14 73
14 73
13 72
13 71
12 70
12 69
12 69
11 68
11 67
10 66
10 65
10 65
9 64
8 63
8 63
7 62
7 61
7 61
6 61
6 61
6 60
6 60
6 59
6 58
6 58
7 57
7 57
8 56
8 56
9 55
10 54
10 54
11 54
12 54
12 54
13 54
14 54
14 54
15 55
16 55
16 55
17 56
17 56
18 57
18 58
19 59
19 59
20 60
20 61
20 61
20 62
20 63
20 64
20 65
20 65
20 66
20 67
19 68
19 69
19 70
19 70
19 71
19 72
18 73
18 74
18 75
18 76
18 76
18 77
17 78
17 79
17 80
16 81
16 82
16 82
16 83
16 84
15 85
15 86
15 87
15 87
14 88
14 89
13 90
13 91
13 91
12 92
12 93
12 93
12 93
12 93
12 93
13 92
13 91
13 91
14 90
14 89
15 88
15 88
15 87
16 86
16 85
17 84
17 83
17 83
17 82
18 81
18 80
19 79
19 78
19 78
20 77
20 76
21 75
21 74
22 73
22 73
23 72
24 71
24 70
25 69
25 69
26 68
27 67
28 67
29 66
30 65
31 64
32 63
33 62
34 62
35 61
36 60
37 59
38 58
39 58
40 57
41 56
42 55
43 54
44 54
45 53
46 52
47 51
48 50
49 49
50 49
51 48
52 47
52 47
52 46
52 45
52 44
52 43
52 43
52 42
52 41
52 41
52 40
52 40
52 40
52 40
52 41
52 42
52 42
52 43
52 44
52 45
52 45
52 46
52 47
52 48
52 49
52 49
52 50
52 51
52 52
52 53
52 54
52 54
52 55
52 56
51 57
51 58
51 59
51 59
51 60
51 61
51 62
51 63
51 63
51 64
51 65
51 66
51 66
51 67
51 68
51 68
51 69
51 69
51 69
52 69
52 69
52 68
52 67
52 67
52 66
53 65
53 64
53 63
53 63
53 62
53 61
53 60
53 59
53 58
53 57
53 56
53 55
53 54
53 53
53 52
53 51
53 50
53 49
53 48
53 47
53 46
53 45
53 44
53 43
53 42
53 41
53 40
53 39
53 38
53 37
53 36
53 35
53 34
53 33
53 32
53 31
53 31
53 30
54 29
54 28
54 27
54 26
55 25
55 24
55 23
55 23
56 22
56 21
56 21
57 20
57 20
57 19
57 18
57 18
58 17
58 17
59 17
59 17
60 17
60 17
61 17
61 17
62 17
62 17
63 17
63 17
64 16
64 16
65 16
65 16
65 16
66 16
66 16
66 17
66 17
66 17
67 18
67 18
67 18
67 19
67 20
67 20
68 21
68 21
68 22
68 23
68 23
68 24
68 25
68 26
68 26
68 27
69 28
69 29
69 29
69 30
69 31
69 32
69 33
69 33
69 34
69 35
69 36
69 37
69 37
69 38
69 39
70 40
70 41
70 42
70 42
70 43
70 44
70 45
70 46
70 47
70 47
70 48
70 49
71 50
71 51
71 52
71 53
71 53
71 54
71 55
71 56
71 57
71 58
71 59
71 60
71 60
71 61
71 62
72 63
72 64
72 65
72 65
72 66
72 67
72 68
72 69
72 69
72 70
73 71
73 72
73 73
73 73
73 74
73 75
73 75
73 76
73 77
73 77
73 77
73 78
73 78
72 78
72 78
71 77
71 77
70 76
70 75
70 75
69 74
69 73
69 73
69 72
69 71
68 70
68 69
68 68
68 68
68 67
67 66
67 65
66 64
66 63
66 63
66 62
66 61
66 60
65 59
65 58
65 57
65 56
65 56
65 55
65 54
65 53
64 52
64 51
64 50
64 49
64 49
64 48
64 47
63 46
63 45
63 44
63 43
63 43
63 42
63 41
62 40
62 39
62 38
62 37
62 37
62 36
62 35
62 34
62 33
62 33
62 32
62 31
62 31
62 31
62 31
62 31
62 32
62 33
62 34
62 34
62 35
62 36
62 37
62 37
62 38
62 39
62 40
62 40
62 41
62 42
62 43
62 43
62 44
61 45
61 46
61 46
61 47
61 48
61 48
61 49
61 49
60 50
60 50
60 51
60 51
59 50
59 50
59 49
59 49
58 48
58 47
58 47
58 46
57 45
57 44
57 43
57 43
57 42
56 41
56 40
56 39
56 39
56 38
56 37
56 36
56 36
56 35
56 35
56 35
56 35
56 35
57 36
57 36
58 37
58 37
59 38
60 39
60 39
61 40
62 41
62 41
63 42
63 42
64 43
65 44
65 44
66 44
67 44
67 44
68 45
68 45
69 44
70 44
70 44
71 43
72 43
72 43
72 42
73 41
73 40
73 40
73 39
74 38
74 37
74 36
74 36
74 35
75 34
75 33
75 32
75 32
75 31
76 30
76 29
76 28
76 28
77 27
77 27
77 26
77 26
77 27
77 27
77 28
77 28
77 29
77 30
77 30
77 31
78 32
78 33
78 33
78 34
78 35
78 36
78 36
78 37
79 38
79 39
79 39
79 40
79 40
80 41
80 41
81 42
81 42
82 42
82 42
83 41
83 40
83 40
83 39
84 38
84 37
84 37
84 36
85 35
85 34
85 33
85 33
85 32
85 31
85 30
85 29
86 28
86 27
86 26
86 25
86 24
86 23
86 22
86 21
86 20
87 19
87 18
87 17
87 16
87 15
87 15
87 14
87 13
87 12
87 11
87 10
88 9
88 8
88 7
88 6
88 5
88 4
88 3
88 3
88 2
88 1
88 1
88 1
88 0
88 0
88 1
88 1
88 2
88 3
88 3
88 4
88 5
88 6
88 6
88 7
88 8
88 9
88 10
88 11
88 11
88 12
88 13
89 14
89 15
89 16
89 17
89 17
89 18
89 19
89 20
89 21
89 22
89 23
89 24
89 24
89 25
89 26
89 27
89 28
90 29
90 30
90 31
90 32
90 33
90 33
90 34
90 35
91 36
91 37
91 38
91 39
91 40
91 41
92 42
92 43
92 44
92 44
92 45
92 46
93 47
93 48
93 49
93 50
93 51
93 52
94 53
94 54
94 55
94 55
94 56
94 57
94 58
94 59
94 60
95 61
95 62
95 63
95 64
95 65
95 66
95 66
95 67
95 68
96 69
96 70
96 71
96 72
97 73
97 74
97 75
97 75
97 76
97 77
97 78
98 79
98 80
98 81
98 82
98 83
98 83
98 84
98 85
99 86
99 87
99 88
99 88
99 89
99 90
99 91
99 92
99 93
99 93
99 94
100 95
100 96
100 96
100 97
100 98
100 98
99 99
99 100
99 100
99 100
99 100
98 100
98 100
98 100
97 99
97 99
96 98
96 97
95 96
95 96
94 95
94 94
93 93
93 92
93 92
92 91
91 90
91 89
90 88
89 87
89 87
88 86
88 85
87 84
87 83
86 82
86 81
85 80
85 80
84 79
83 78
82 77
82 76
81 75
80 74
79 73
