3 12
2 11
1 11
1 11
2 11
2 11
2 11
2 10
2 10
3 9
3 9
4 9
4 9
5 8
6 8
6 8
7 9
7 9
8 9
8 9
9 10
9 11
9 11
9 12
9 13
9 14
9 15
9 15
9 16
10 17
10 18
10 19
10 19
10 20
10 21
10 22
10 23
10 24
10 25
10 25
10 26
10 27
10 28
10 29
10 30
10 31
10 31
10 32
10 33
10 34
10 35
10 36
10 37
10 37
10 38
10 39
10 40
10 41
10 42
10 43
10 44
10 44
10 45
10 46
10 47
10 48
10 49
10 50
10 50
10 51
10 52
10 53
11 54
11 55
11 56
11 57
11 57
11 58
11 59
11 60
11 61
11 62
11 63
11 63
11 64
11 65
11 66
11 67
11 68
11 69
11 70
11 70
11 71
11 72
11 73
11 74
11 75
11 75
11 76
11 77
11 78
11 79
11 79
11 80
11 81
11 82
11 82
11 83
11 83
11 83
11 82
11 82
10 81
10 81
10 80
9 79
9 78
9 78
9 77
8 76
8 75
8 75
8 74
7 73
7 72
6 71
6 70
6 70
6 69
6 68
5 67
5 66
5 65
5 65
4 64
4 63
3 62
3 61
3 61
2 60
2 59
1 58
1 58
0 57
0 57
0 56
0 56
0 55
0 55
0 54
0 54
0 53
0 52
0 52
1 51
2 51
2 51
3 50
3 49
3 49
4 48
5 48
5 48
6 47
7 47
7 47
8 47
9 47
9 47
10 47
11 47
11 47
11 48
12 49
12 50
12 50
12 51
13 52
13 53
13 53
13 54
13 55
13 56
13 57
13 57
13 58
13 59
13 60
13 61
13 61
13 62
13 63
13 64
13 65
13 66
13 66
13 67
13 68
12 69
12 70
12 71
12 71
12 72
12 73
11 74
11 75
11 76
11 77
11 77
11 78
10 79
10 80
9 81
9 82
9 82
9 83
9 84
8 85
8 86
8 87
8 87
8 88
7 89
7 90
6 91
6 92
6 92
6 93
5 94
5 95
5 96
5 96
5 97
5 98
5 99
5 99
5 100
5 100
6 100
6 100
7 100
8 100
8 100
9 99
9 99
10 98
10 97
11 96
11 96
12 95
12 94
13 93
13 92
13 92
13 91
14 90
14 89
15 88
15 87
15 87
16 86
17 85
18 84
18 84
19 83
19 82
20 81
20 81
21 80
21 79
22 78
22 78
22 77
23 76
23 75
24 74
24 73
25 72
25 71
26 70
26 69
27 68
27 67
28 66
28 65
29 64
29 63
30 62
30 61
31 60
31 59
31 58
32 57
32 56
33 55
33 54
34 53
34 52
35 51
35 50
36 49
36 48
37 47
37 46
38 45
38 44
39 43
39 42
39 41
40 40
40 39
41 38
41 37
42 36
42 35
43 34
43 33
44 32
44 31
45 30
45 29
46 28
46 27
47 26
47 25
48 24
48 23
48 23
49 22
49 22
49 23
49 23
49 24
49 25
49 25
49 26
49 27
49 28
49 29
49 30
49 30
49 31
49 32
49 33
49 34
49 35
49 35
49 36
49 37
49 38
48 39
48 40
48 41
48 42
48 42
48 43
48 44
48 45
48 46
48 47
48 48
48 49
48 50
48 50
48 51
48 52
48 53
48 54
48 55
48 56
48 56
48 57
48 58
47 59
47 60
47 61
47 61
47 62
47 63
47 64
47 65
47 65
47 66
47 67
47 68
47 68
47 69
47 70
47 70
47 70
47 70
47 69
47 68
47 68
47 67
47 66
47 65
47 64
47 63
47 62
47 61
48 60
48 59
48 58
48 57
48 56
48 55
48 54
48 53
48 52
48 51
48 50
48 49
48 48
48 47
49 46
49 45
49 44
49 43
49 42
49 41
49 40
49 39
49 39
49 38
49 37
49 36
49 35
48 34
48 33
48 32
48 31
48 30
48 29
48 29
48 28
48 27
48 26
48 25
48 25
48 24
48 23
48 22
48 22
49 21
49 20
49 20
50 19
50 18
50 18
51 17
51 17
52 16
52 15
52 15
53 14
54 14
54 14
55 13
56 13
56 13
57 12
58 11
58 11
59 10
59 10
60 9
61 9
61 9
62 9
63 9
63 9
64 10
64 10
65 11
65 12
65 12
65 13
66 14
66 15
66 16
66 16
66 17
66 18
67 19
67 20
67 21
67 21
67 22
67 23
67 24
67 25
67 26
67 26
67 27
68 28
68 29
68 30
68 30
68 31
68 32
68 33
68 34
68 35
68 35
68 36
68 37
69 38
69 39
69 40
69 40
69 41
69 42
70 43
70 44
70 45
70 45
70 46
70 47
71 48
71 49
71 50
71 51
71 51
71 52
71 53
71 54
71 55
71 56
71 57
71 57
71 58
71 59
72 60
72 61
72 62
72 63
72 63
72 64
72 65
72 66
72 67
72 68
72 69
72 69
72 70
72 71
72 72
72 73
72 74
72 74
72 75
73 76
73 77
73 78
73 78
73 79
73 80
73 81
73 81
73 82
73 83
73 83
73 84
73 85
73 85
73 85
73 85
72 84
72 84
72 83
72 82
72 82
71 81
71 80
71 80
70 79
70 78
69 77
69 77
69 76
69 75
68 74
68 73
68 72
68 72
68 71
67 70
67 69
66 68
66 67
66 67
66 66
66 65
65 64
65 63
65 62
65 61
65 61
65 60
64 59
64 58
64 57
64 56
63 55
63 54
63 54
63 53
63 52
63 51
63 50
63 49
63 48
63 48
63 47
63 46
62 45
62 44
62 43
62 42
62 42
62 41
62 40
62 39
62 38
62 38
62 37
62 36
62 36
61 35
61 34
61 34
61 34
61 34
61 35
61 35
61 36
61 37
61 38
61 39
61 39
61 40
60 41
60 42
60 43
60 43
60 44
60 45
59 46
59 47
59 48
59 49
59 49
59 50
59 51
58 52
58 53
58 54
58 54
58 55
57 56
57 57
57 58
57 58
57 59
56 60
56 61
56 61
55 62
55 63
55 63
54 64
54 65
54 65
53 65
53 65
53 65
52 64
52 63
52 63
52 62
52 61
52 60
52 59
52 59
52 58
52 57
52 56
52 55
52 54
52 54
52 53
52 52
53 51
53 50
53 49
53 49
53 48
54 47
54 46
55 45
55 44
55 44
56 43
56 42
57 41
57 41
58 40
58 40
59 40
60 40
60 40
61 41
61 41
62 42
63 42
63 42
63 43
64 44
64 45
64 45
65 46
66 47
66 47
66 48
67 49
67 50
67 50
68 51
69 52
69 52
70 53
71 54
71 54
72 55
72 55
73 56
73 56
74 56
75 56
75 56
75 55
76 54
76 53
77 52
77 51
77 50
78 49
78 48
78 47
79 46
79 45
80 44
80 43
80 42
81 41
81 40
81 39
82 38
82 37
83 36
83 35
83 34
84 33
84 32
84 32
84 31
85 30
85 29
85 28
85 27
86 26
86 25
86 24
86 24
86 23
86 22
86 22
86 21
86 20
86 20
87 20
87 20
87 20
87 20
87 21
87 22
87 22
87 23
88 24
88 25
88 25
88 26
88 27
88 28
88 29
88 29
88 30
88 31
88 32
88 33
88 33
88 34
88 35
88 36
88 37
88 38
88 38
88 39
88 40
88 41
88 42
88 42
88 43
88 44
88 45
88 46
88 47
88 47
88 48
88 49
88 50
88 50
88 51
88 52
88 53
88 54
88 54
89 55
89 55
89 56
89 56
89 56
89 55
89 54
89 54
89 53
90 52
90 51
90 51
90 50
90 49
90 48
90 47
90 46
90 45
90 45
90 44
90 43
91 42
91 41
91 40
91 39
91 39
91 38
91 37
91 36
91 35
91 34
91 33
91 33
91 32
91 31
91 30
91 29
91 28
91 27
91 27
91 26
91 25
91 24
91 23
91 22
91 21
91 20
91 20
91 19
91 18
91 17
91 16
91 15
91 14
91 14
91 13
91 12
92 11
92 10
92 9
92 9
92 8
92 7
92 6
92 5
92 5
92 4
92 3
92 3
93 2
93 1
93 1
93 1
93 0
93 0
93 0
94 1
94 1
94 2
94 2
94 3
94 4
94 5
94 5
94 6
95 7
95 8
95 8
95 9
95 10
95 11
95 12
95 12
95 13
95 14
95 15
95 16
95 17
95 18
95 18
95 19
95 20
96 21
96 22
96 23
96 24
96 24
96 25
96 26
96 27
96 28
96 29
96 30
96 31
96 31
96 32
96 33
96 34
96 35
96 36
96 37
96 37
96 38
96 39
96 40
96 41
96 42
96 43
96 44
96 44
96 45
96 46
96 47
97 48
97 49
97 50
97 51
97 51
97 52
97 53
97 54
97 55
97 56
97 57
97 58
97 58
97 59
97 60
97 61
97 62
97 63
97 64
97 65
97 65
97 66
97 67
97 68
98 69
98 70
98 71
98 72
98 72
98 73
98 74
98 75
98 76
98 77
98 78
98 78
98 79
98 80
98 81
98 82
98 83
98 84
98 84
98 85
98 86
99 87
99 88
99 89
99 89
99 90
99 91
99 92
99 92
99 93
99 94
99 94
99 95
99 95
99 95
99 96
99 96
99 96
99 97
99 97
99 98
99 98
99 98
98 97
98 97
97 96
97 96
96 95
95 94
95 94
94 93
94 92
93 91
93 90
93 90
92 89
92 88
91 87
91 86
91 86
90 85
90 84
89 83
89 82
88 81
