1 14
1 14
0 13
0 13
0 13
0 12
0 12
0 11
0 11
0 10
0 10
1 9
1 8
1 8
2 7
2 6
2 6
3 5
3 4
3 4
4 3
5 3
5 3
6 2
6 2
7 2
7 2
8 2
9 2
9 2
10 3
10 3
11 4
11 4
12 5
13 5
13 5
14 6
14 7
14 7
15 8
15 9
15 9
16 10
16 11
16 11
16 12
16 12
17 13
17 13
17 14
17 14
17 15
17 15
17 15
17 16
17 16
17 16
17 17
17 17
17 18
17 18
16 19
16 19
16 20
16 20
16 21
16 22
16 22
16 23
16 24
16 25
16 25
15 26
15 27
15 27
15 28
15 29
15 30
15 31
15 31
15 32
15 33
15 34
15 35
15 35
15 36
15 37
15 38
15 39
15 39
15 40
15 41
15 42
15 43
15 43
15 44
15 45
16 46
16 47
16 48
16 48
16 49
16 50
16 51
16 52
16 52
16 53
16 54
16 55
16 56
16 57
16 57
16 58
16 59
16 60
16 61
16 61
16 62
16 63
16 64
16 65
16 65
16 66
16 67
16 68
16 68
16 69
16 70
16 70
16 71
16 71
16 71
16 71
16 71
15 70
15 70
14 69
14 69
13 68
13 67
13 67
12 66
12 65
12 65
12 64
11 63
11 62
11 61
11 61
11 60
10 59
10 58
10 58
10 57
9 56
9 55
9 55
9 54
8 53
8 52
8 52
8 51
8 50
8 50
8 49
8 49
8 48
8 48
8 47
8 47
8 46
8 46
9 45
9 45
10 44
10 44
11 43
12 43
12 43
13 42
14 42
14 42
15 42
16 42
16 42
17 42
18 42
18 42
19 43
19 43
20 44
20 44
21 45
21 46
21 46
21 47
21 48
21 49
21 49
21 50
20 51
20 52
20 53
20 53
20 54
20 55
19 56
19 57
19 58
19 58
19 59
19 60
18 61
18 62
18 63
18 64
18 64
18 65
17 66
17 67
17 68
16 69
16 70
16 70
16 71
15 72
15 73
14 74
14 75
14 75
14 76
13 77
13 78
13 79
13 79
13 80
12 81
12 82
12 82
12 83
12 83
12 83
12 83
12 82
13 81
13 80
13 80
14 79
14 78
15 77
15 76
15 76
16 75
16 74
17 73
17 72
18 71
18 71
18 70
19 69
19 68
20 67
20 66
20 66
21 65
21 64
22 63
22 62
23 61
23 60
23 60
24 59
25 58
26 57
27 56
27 56
28 55
29 54
29 53
30 52
31 51
32 50
33 49
33 48
34 47
35 46
36 45
37 44
38 43
38 42
39 41
40 40
41 39
42 38
42 37
43 36
44 35
45 34
46 33
46 32
47 31
48 30
48 30
49 30
49 30
49 29
49 29
49 29
49 29
49 29
49 30
49 30
49 31
49 32
49 32
49 33
49 34
49 35
49 35
49 36
49 37
49 38
49 39
49 40
49 40
49 41
49 42
49 43
49 44
49 45
49 45
49 46
49 47
48 48
48 49
48 50
48 50
48 51
48 52
48 53
48 54
48 54
48 55
48 56
48 57
48 58
48 58
48 59
48 60
48 61
48 61
48 62
48 62
48 63
48 63
48 64
48 64
48 63
48 63
49 63
49 63
49 62
50 61
50 60
50 60
50 59
50 58
50 57
50 56
50 56
50 55
50 54
50 53
50 52
50 51
50 50
51 49
51 48
51 47
51 46
51 45
51 44
51 43
51 42
51 41
51 40
51 39
51 38
51 37
52 36
52 35
52 34
52 33
52 32
52 31
52 30
52 29
52 28
52 27
52 26
52 25
52 24
52 23
53 22
53 21
53 20
53 19
53 18
53 17
53 16
53 16
54 15
54 14
55 13
55 12
55 12
55 11
55 10
55 9
55 9
56 8
56 7
56 7
57 6
57 6
58 5
58 5
59 5
59 5
60 5
60 5
61 5
61 5
62 5
62 5
63 6
63 6
63 6
64 7
64 7
64 8
64 8
65 9
65 9
65 10
65 10
65 11
65 12
65 12
65 13
65 13
66 14
66 15
66 15
66 16
66 17
66 17
66 18
66 19
66 19
66 20
66 21
66 21
66 22
66 23
66 24
66 24
66 25
67 26
67 27
67 28
67 28
67 29
67 30
67 31
67 32
67 33
67 33
67 34
67 35
67 36
67 37
67 37
67 38
67 39
68 40
68 41
68 42
68 43
68 43
68 44
68 45
68 46
68 47
68 48
68 48
68 49
68 50
69 51
69 52
69 53
69 53
69 54
69 55
69 56
69 57
69 57
69 58
70 59
70 60
70 61
70 61
70 62
70 63
70 64
70 65
70 65
70 66
70 67
70 68
70 68
70 69
70 70
70 71
70 71
70 72
70 73
70 73
70 74
70 74
70 75
70 75
70 75
70 75
70 75
69 75
69 75
69 74
69 74
68 73
68 72
68 72
68 71
67 70
67 69
67 68
67 68
67 67
66 66
66 65
65 64
65 63
65 63
65 62
64 61
64 60
64 59
63 58
63 57
63 57
63 56
62 55
62 54
62 53
61 52
61 51
61 51
61 50
61 49
61 48
61 47
61 46
61 45
61 44
61 44
61 43
60 42
60 41
60 41
60 40
60 39
60 38
60 38
61 37
61 36
61 36
61 35
61 35
61 35
61 35
61 35
61 36
61 36
61 37
61 37
61 38
61 39
61 39
61 40
61 41
61 41
61 42
60 43
60 44
60 44
60 45
59 46
59 47
59 47
59 48
58 49
58 50
58 50
57 51
57 52
57 52
57 53
57 54
57 54
56 54
56 54
55 54
55 54
54 53
54 53
54 52
54 51
54 51
54 50
53 49
53 48
53 48
53 47
52 46
52 45
52 44
52 44
52 43
52 42
52 41
52 41
52 40
52 39
52 39
52 38
52 37
52 37
52 36
52 35
52 35
53 34
53 33
53 33
54 33
54 33
55 32
55 32
56 33
57 33
57 33
58 34
59 34
59 34
60 35
61 35
61 35
62 36
63 36
63 36
64 37
65 37
65 37
66 38
67 38
67 38
68 39
68 39
69 39
70 39
70 39
71 38
72 38
72 38
73 37
73 37
74 36
74 35
74 35
75 34
75 33
75 33
76 32
76 31
76 31
77 30
77 29
77 29
77 28
77 28
78 27
78 27
78 26
78 26
79 27
79 27
79 28
79 29
79 29
79 30
80 31
80 32
80 32
80 33
80 34
80 35
80 36
80 36
80 37
80 38
80 39
80 40
80 40
81 41
81 42
81 42
81 43
81 44
81 45
81 45
82 46
82 46
82 46
83 46
83 46
83 45
84 44
84 43
84 43
84 42
85 41
85 40
85 39
85 39
85 38
86 37
86 36
86 35
86 35
86 34
86 33
86 32
86 31
86 30
86 29
86 29
86 28
86 27
86 26
86 25
86 24
87 23
87 22
87 21
87 20
87 19
87 18
87 17
87 17
87 16
87 15
87 14
87 13
87 12
88 11
88 10
88 9
88 8
88 7
88 6
88 5
88 5
88 4
89 3
89 2
89 2
89 1
89 1
89 0
89 0
89 0
89 0
90 1
90 2
90 2
90 3
90 4
90 4
90 5
91 6
91 7
91 8
91 8
91 9
91 10
91 11
91 11
91 12
92 13
92 14
92 15
92 15
92 16
92 17
92 18
92 19
92 20
92 20
92 21
92 22
93 23
93 24
93 25
93 25
93 26
93 27
93 28
94 29
94 30
94 31
94 32
94 32
94 33
94 34
94 35
95 36
95 37
95 38
95 39
95 40
95 40
95 41
95 42
95 43
96 44
96 45
96 46
96 47
96 48
96 48
96 49
96 50
96 51
96 52
97 53
97 54
97 55
97 56
97 57
97 57
97 58
97 59
97 60
97 61
97 62
97 63
97 63
97 64
97 65
98 66
98 67
98 68
98 69
98 69
98 70
98 71
99 72
99 73
99 74
99 75
99 75
99 76
99 77
99 78
99 79
99 79
99 80
99 81
100 82
100 83
100 84
100 84
100 85
100 86
100 87
100 88
100 88
100 89
100 90
100 91
100 91
100 92
100 93
100 94
100 94
100 95
100 96
100 97
100 97
99 98
99 98
99 99
99 100
99 100
99 100
99 100
99 100
99 100
98 100
98 100
98 100
97 99
97 98
97 98
96 97
96 96
95 95
95 95
95 94
94 93
94 92
94 91
93 90
93 89
93 89
92 88
92 87
91 86
90 85
90 84
89 83
89 83
88 82
88 81
87 80
86 79
86 78
85 77
85 76
84 75
84 75
83 74
82 73
81 72
80 71
79 71
78 70
77 69
76 68
