4 46
5 47
6 47
6 47
5 48
5 49
5 49
5 48
5 47
5 47
5 46
5 46
5 47
5 47
4 46
4 46
4 46
4 45
4 45
3 45
3 45
3 44
3 44
3 44
2 43
2 43
1 43
1 43
1 42
1 42
0 42
0 42
0 41
0 41
0 41
0 41
0 41
0 41
0 40
0 40
1 39
1 39
2 38
2 37
2 37
3 36
3 35
4 34
4 34
5 33
6 32
6 31
7 30
7 30
8 29
9 28
10 27
10 27
11 26
12 26
13 25
13 25
14 24
15 23
15 23
16 22
17 22
17 22
18 22
18 22
19 22
20 22
20 22
21 22
21 22
21 23
21 23
22 24
22 24
22 25
22 26
22 26
22 27
23 28
23 29
23 30
23 30
23 31
23 32
23 33
23 34
23 35
23 36
23 36
23 37
23 38
22 39
22 40
22 41
22 42
22 42
22 43
22 44
22 45
22 46
22 47
22 48
22 48
22 49
22 50
22 51
22 52
22 53
22 54
22 55
22 55
22 56
22 57
22 58
22 59
22 60
22 61
22 62
22 63
22 63
22 64
22 65
22 66
21 67
21 68
21 69
21 70
21 70
21 71
21 72
21 73
21 74
21 75
21 76
21 77
21 77
21 78
21 79
21 80
21 81
21 82
21 83
21 83
21 84
21 85
21 86
21 86
22 87
22 87
22 88
22 88
22 88
21 87
21 86
21 86
20 85
20 84
19 83
19 82
18 81
18 80
17 79
17 78
16 77
16 77
15 77
15 77
14 76
14 76
14 76
13 75
13 75
13 74
13 74
13 73
13 73
13 73
13 72
13 72
13 71
13 71
13 70
13 70
14 69
15 68
15 68
16 67
16 66
16 66
17 65
18 64
18 64
19 63
20 62
20 62
21 61
22 60
22 60
23 59
24 59
24 59
25 58
26 58
26 58
27 58
27 58
28 59
28 59
29 60
29 61
29 61
29 62
29 63
29 64
29 64
29 65
29 66
29 67
29 68
29 68
29 69
28 70
28 71
28 72
28 72
28 73
27 74
27 75
27 76
26 77
26 78
26 78
26 79
26 80
25 81
25 82
25 83
25 83
25 84
24 85
24 86
23 87
23 88
23 88
23 89
22 90
22 91
21 92
21 93
21 93
20 94
20 95
19 96
19 96
19 97
19 98
19 99
19 99
18 100
18 100
18 100
18 100
18 100
18 100
17 100
17 100
17 100
17 100
17 100
17 100
17 100
18 100
18 100
18 100
19 100
19 100
19 100
20 100
20 100
21 99
21 99
22 98
22 97
23 96
23 96
23 95
24 94
24 93
25 92
25 91
25 91
26 90
26 89
27 88
28 87
28 86
29 85
29 85
30 84
30 83
31 82
31 81
32 80
32 79
32 79
33 78
33 77
34 76
35 75
35 74
36 73
36 73
37 72
38 71
39 70
39 70
39 69
40 68
40 67
41 66
41 65
42 64
42 63
43 62
43 61
44 60
44 59
45 58
45 57
46 56
46 55
47 54
47 53
48 52
48 51
49 50
49 49
50 48
50 47
50 46
51 45
51 44
52 43
52 42
53 41
53 40
54 39
54 38
55 37
55 36
56 35
56 34
57 33
57 32
58 31
58 30
59 29
59 28
60 27
60 26
61 25
61 24
61 24
60 25
60 25
60 25
60 26
60 26
60 27
60 28
60 28
60 29
60 30
60 30
60 31
60 32
60 33
60 34
60 35
60 35
60 36
60 37
60 38
60 39
60 40
60 40
60 41
60 42
60 43
60 44
60 45
60 46
60 46
60 47
60 48
60 49
61 50
61 51
61 52
61 53
61 53
61 54
61 55
61 56
61 57
61 58
61 59
61 60
61 60
61 61
61 62
61 63
61 64
61 65
61 66
61 66
61 67
61 68
61 69
61 70
61 71
61 71
61 72
61 73
61 74
61 75
61 75
61 76
61 77
61 78
61 78
62 79
62 79
62 79
62 78
62 78
61 77
61 76
61 76
61 75
61 74
61 73
61 72
61 72
61 71
61 70
61 69
61 68
61 67
61 67
61 66
61 65
61 64
61 63
61 62
61 62
61 61
61 60
60 59
60 58
60 57
60 56
60 56
60 55
60 54
60 53
60 52
60 51
60 50
60 50
60 49
60 48
60 47
60 46
60 45
60 44
60 44
60 43
60 42
61 41
61 40
61 39
61 39
61 38
61 37
61 36
61 36
61 35
62 34
62 33
62 33
62 32
62 31
62 31
62 30
63 29
63 28
63 28
64 27
64 26
64 26
65 25
65 24
65 24
66 23
66 23
67 23
68 23
68 23
69 23
69 23
70 24
71 24
71 24
72 25
72 25
72 26
73 27
73 28
73 28
73 29
74 30
74 31
75 32
75 33
75 33
75 34
75 35
76 36
76 37
76 38
76 39
76 39
76 40
76 41
76 42
76 43
76 44
76 45
76 46
76 46
76 47
76 48
76 49
77 50
77 51
77 52
77 53
77 53
77 54
77 55
77 56
77 57
77 58
77 59
77 60
77 61
77 61
77 62
77 63
77 64
77 65
77 66
77 66
77 67
77 68
77 69
77 70
77 71
77 72
77 72
77 73
76 74
76 75
76 76
76 76
76 77
76 78
76 79
76 79
76 80
76 81
76 81
75 81
75 81
75 81
74 80
74 79
74 79
74 78
73 77
73 76
73 76
73 75
73 74
72 73
72 72
72 71
72 71
72 70
71 69
71 68
71 67
71 67
71 66
71 65
70 64
70 63
70 62
70 62
70 61
70 60
70 59
70 58
70 57
70 56
70 55
70 54
70 53
70 52
70 51
70 50
70 49
70 48
70 48
70 47
70 46
70 45
70 44
70 43
70 42
70 41
70 41
70 40
70 39
70 39
70 38
70 38
70 38
70 39
70 39
70 40
70 41
70 41
70 42
70 43
70 44
70 45
70 45
70 46
70 47
69 48
69 49
69 50
69 50
69 51
69 52
68 53
68 54
68 55
68 56
68 56
68 57
68 58
67 59
67 60
67 61
67 61
67 62
66 63
66 64
66 65
66 65
66 66
65 67
65 68
65 68
65 69
65 70
65 70
64 70
64 70
64 69
64 68
64 67
64 66
63 65
63 64
63 63
63 62
63 61
63 60
63 59
63 58
63 57
63 56
62 55
62 54
62 53
62 52
62 51
62 51
63 50
63 49
64 48
64 48
64 48
65 49
65 49
66 50
67 50
67 50
68 51
68 52
68 52
69 53
70 54
70 54
71 55
72 55
72 55
73 56
74 57
74 57
75 57
76 57
76 57
76 56
77 55
77 54
78 53
78 52
79 51
79 50
79 49
80 48
80 47
81 46
81 45
81 44
82 43
82 42
83 41
83 40
84 39
84 38
84 38
84 38
84 38
84 39
84 40
84 40
84 41
84 42
84 42
84 43
84 44
84 45
84 45
84 46
84 47
84 48
84 49
84 49
84 50
84 51
84 52
84 52
84 53
85 54
85 55
85 56
85 56
85 57
85 58
85 58
85 59
85 59
85 59
86 58
86 57
86 57
86 56
86 55
86 54
86 53
86 52
86 51
87 50
87 49
87 48
87 47
87 46
87 45
87 44
87 43
87 42
87 41
87 40
87 39
87 38
87 37
88 36
88 35
88 34
88 33
88 32
88 31
88 30
88 29
88 28
88 27
88 26
88 25
88 24
88 23
89 22
89 21
89 20
89 19
89 18
89 17
89 16
89 15
89 14
89 13
89 12
89 11
89 10
89 9
90 8
90 7
90 6
90 5
90 4
90 3
90 2
90 2
90 1
90 0
90 0
90 0
91 1
91 1
91 2
91 2
91 3
91 4
91 4
91 5
91 6
91 7
91 7
91 8
92 9
92 10
92 11
92 11
92 12
92 13
92 14
92 15
92 16
92 16
92 17
92 18
93 19
93 20
93 21
93 22
93 22
93 23
93 24
93 25
94 26
94 27
94 28
94 29
94 30
94 30
94 31
94 32
94 33
94 34
94 35
94 36
94 37
94 38
94 38
94 39
94 40
94 41
94 42
95 43
95 44
95 45
95 46
95 47
95 47
95 48
95 49
95 50
95 51
96 52
96 53
96 54
96 55
96 56
96 56
96 57
96 58
96 59
96 60
96 61
97 62
97 63
97 64
97 65
97 66
97 67
97 67
97 68
97 69
97 70
98 71
98 72
98 73
98 74
98 75
98 75
98 76
98 77
98 78
99 79
99 80
99 81
99 82
99 82
99 83
99 84
100 85
100 86
100 87
100 87
100 88
99 89
99 90
99 91
99 91
99 92
99 92
98 92
98 92
97 92
96 92
96 92
95 91
94 91
93 90
93 90
92 89
91 88
91 87
90 86
90 86
89 85
88 84
87 83
86 82
