0 19
0 19
0 19
0 19
1 19
1 19
2 18
2 18
3 17
3 17
4 16
4 16
5 15
5 15
6 15
7 15
7 15
8 15
8 15
8 15
9 16
9 16
9 17
9 18
9 18
9 19
9 19
9 20
10 21
10 22
10 22
10 23
10 24
10 25
10 25
10 26
10 27
10 28
10 29
10 29
10 30
10 31
10 32
10 33
10 34
10 34
10 35
10 36
10 37
10 38
10 39
10 39
10 40
10 41
10 42
10 43
10 43
10 44
10 45
10 46
10 47
10 48
10 48
10 49
10 50
11 51
11 52
11 53
11 53
11 54
11 55
11 56
11 57
11 58
11 59
11 59
11 60
11 61
11 62
11 63
11 64
11 65
11 65
11 66
11 67
11 68
11 69
11 70
11 70
11 71
11 72
11 73
11 74
11 75
11 76
11 76
11 77
11 78
11 79
11 80
11 80
11 81
11 82
11 83
11 83
11 84
11 85
11 86
11 86
11 87
11 88
11 88
11 89
11 89
11 89
11 89
11 88
11 88
11 87
11 87
10 86
10 86
10 85
10 84
10 83
10 83
10 82
9 81
9 80
9 79
9 79
9 78
8 77
8 76
8 76
8 75
7 74
7 73
7 73
6 72
6 72
6 71
6 70
6 70
5 69
5 69
5 69
4 68
4 68
4 67
4 67
5 66
5 66
6 65
6 65
7 64
7 64
8 63
8 63
9 62
10 62
10 62
11 62
11 62
11 63
11 63
12 64
12 64
12 65
12 66
12 67
12 67
12 68
12 69
12 70
12 70
12 71
12 72
12 73
12 74
12 74
12 75
12 76
12 77
12 78
12 79
12 79
12 80
12 81
11 82
11 83
11 84
11 84
11 85
10 86
10 87
10 88
10 88
10 89
9 90
9 91
9 92
9 92
9 93
8 94
8 95
8 95
7 96
7 97
7 97
6 98
6 99
6 99
5 100
5 100
5 100
5 100
6 100
6 100
6 100
7 99
8 99
8 99
9 98
9 97
9 97
10 96
11 95
11 95
11 94
12 93
12 92
12 92
13 91
14 90
14 90
15 89
15 88
15 88
16 87
17 86
17 86
18 85
18 84
19 83
19 83
20 82
20 81
20 81
21 80
21 79
22 78
22 77
23 76
23 75
24 74
24 73
25 72
25 71
26 70
26 69
27 68
27 67
28 66
28 65
29 64
29 63
30 62
30 61
31 60
31 59
32 58
32 57
33 56
34 55
34 54
35 53
35 52
36 51
36 50
37 49
37 48
38 47
38 46
39 45
39 44
40 43
40 42
41 41
41 40
42 39
42 38
43 37
43 36
44 35
44 34
45 33
45 32
46 31
46 30
47 29
47 29
47 30
47 31
47 32
47 33
47 33
47 34
47 35
47 36
47 36
47 37
47 38
47 39
47 40
47 40
47 41
47 42
48 43
48 44
48 45
48 45
48 46
48 47
48 48
48 49
48 50
48 51
48 51
48 52
48 53
48 54
48 55
48 56
48 56
48 57
48 58
48 59
48 60
48 61
48 61
48 62
48 63
48 64
48 65
48 65
48 66
48 67
48 68
48 68
48 69
48 70
48 70
48 71
48 72
48 72
48 72
48 71
48 70
48 69
48 68
48 67
48 66
48 65
48 64
48 63
48 62
48 61
48 60
48 59
48 58
48 57
48 56
48 55
48 54
48 53
47 52
47 51
47 50
47 49
47 48
47 47
47 46
47 45
47 44
47 43
47 42
47 41
47 40
47 39
47 38
47 37
47 36
47 35
47 34
47 33
47 32
47 32
47 31
47 30
48 29
48 28
48 27
48 26
48 26
48 25
48 24
48 24
48 23
48 22
48 22
49 21
49 21
50 20
50 19
50 19
51 18
52 17
52 17
52 16
53 15
53 14
53 14
54 13
55 12
55 12
56 11
57 11
57 11
58 10
59 9
59 9
60 9
61 9
61 9
62 10
62 10
63 11
64 11
64 11
65 12
65 13
65 13
66 14
66 14
67 15
67 16
67 16
68 17
68 18
68 18
68 19
69 20
69 21
69 21
69 22
70 23
70 24
70 25
70 25
70 26
70 27
71 28
71 29
71 30
71 30
71 31
71 32
71 33
71 34
71 35
71 35
71 36
71 37
72 38
72 39
72 40
72 40
72 41
72 42
72 43
72 44
72 45
72 45
72 46
72 47
72 48
72 49
72 50
72 50
72 51
72 52
73 53
73 54
73 55
73 55
73 56
73 57
73 58
73 59
73 60
73 60
73 61
73 62
73 63
73 64
73 64
73 65
73 66
73 67
73 68
73 68
73 69
73 70
73 71
73 71
73 72
73 73
73 74
73 74
73 75
73 76
73 76
73 77
73 77
73 78
73 78
73 78
73 78
72 78
72 78
72 77
72 76
72 76
71 75
71 74
71 74
71 73
71 72
71 71
70 70
70 69
70 68
70 67
70 66
70 65
70 64
69 63
69 62
69 61
69 60
69 59
69 58
69 57
68 56
68 55
68 54
68 53
68 52
68 51
67 50
67 49
67 48
67 47
67 46
67 45
67 44
66 43
66 42
66 41
66 40
66 39
66 38
66 37
65 36
65 35
65 34
65 33
65 33
65 32
64 31
64 30
64 29
64 29
64 29
64 30
64 31
64 31
63 32
63 33
63 33
63 34
63 35
63 36
63 37
63 37
63 38
63 39
62 40
62 41
62 42
62 42
62 43
61 44
61 45
61 46
61 46
61 47
61 48
60 49
60 50
60 51
60 51
60 52
59 53
59 54
59 55
59 55
59 56
58 57
58 58
58 59
58 59
57 60
57 61
57 61
56 62
56 62
55 63
55 63
55 62
55 62
55 61
54 60
54 59
54 59
54 58
54 57
54 56
54 56
54 55
54 54
54 53
54 52
54 51
54 50
54 50
54 49
54 48
54 47
54 46
54 46
54 45
55 44
55 43
55 43
55 43
56 43
56 43
57 44
57 44
58 45
58 45
59 46
60 46
60 46
61 47
61 48
61 48
62 49
63 49
63 49
64 50
64 51
64 51
65 52
66 52
66 52
67 53
67 53
68 53
69 53
69 53
70 53
70 53
71 52
71 51
72 50
72 49
73 48
73 47
74 46
74 45
75 44
75 43
76 42
76 41
77 40
78 39
78 38
79 37
79 36
80 35
80 34
81 33
81 32
82 31
82 30
83 29
83 28
84 27
84 27
84 26
84 25
85 24
85 23
85 22
85 21
85 21
85 20
85 19
85 19
85 18
85 18
85 18
85 19
85 19
85 20
85 20
85 21
85 22
85 23
85 23
85 24
86 25
86 26
86 27
86 27
86 28
86 29
86 30
86 31
86 31
86 32
86 33
86 34
86 35
86 36
86 36
86 37
86 38
86 39
86 39
86 40
86 41
86 42
86 42
86 43
86 44
86 45
86 45
87 46
87 47
87 47
87 48
87 48
87 48
87 47
87 47
88 46
88 46
88 45
88 44
88 43
88 42
88 41
88 41
88 40
88 39
89 38
89 37
89 36
89 36
89 35
89 34
89 33
90 32
90 31
90 30
90 29
90 29
90 28
90 27
91 26
91 25
91 24
91 23
91 23
91 22
91 21
92 20
92 19
92 18
92 18
92 17
92 16
93 15
93 14
93 13
93 13
93 12
94 11
94 10
94 9
94 9
94 8
94 7
94 6
94 6
94 5
94 4
94 3
94 3
94 2
94 2
95 1
95 1
95 0
95 0
95 0
95 1
95 1
96 2
96 2
96 3
96 3
96 4
96 5
96 6
96 6
96 7
97 8
97 9
97 9
97 10
97 11
97 12
97 13
97 13
97 14
97 15
97 16
97 16
97 17
97 18
97 19
97 20
97 20
97 21
97 22
97 23
97 24
97 25
97 25
97 26
97 27
97 28
97 29
97 30
97 30
97 31
97 32
96 33
96 34
96 35
96 36
96 36
96 37
96 38
96 39
96 40
96 41
96 42
96 42
96 43
96 44
96 45
96 46
96 47
96 48
96 48
96 49
96 50
96 51
96 52
96 53
96 53
96 54
96 55
96 56
97 57
97 58
97 59
97 60
97 60
97 61
97 62
97 63
97 64
97 65
97 66
97 67
97 67
97 68
97 69
97 70
97 71
97 72
97 73
97 73
97 74
98 75
98 76
98 77
98 77
98 78
98 79
98 80
98 81
98 81
98 82
99 83
99 84
99 85
99 85
99 86
99 87
99 88
99 88
99 89
100 90
100 91
100 92
100 92
100 93
100 94
100 94
100 95
100 95
100 96
100 96
99 97
99 97
99 97
98 97
98 97
98 96
98 96
97 95
97 95
96 94
96 93
96 93
96 92
96 92
95 91
95 90
95 90
94 89
93 88
93 88
92 87
92 87
91 86
90 85
90 85
89 84
88 83
88 83
87 82
87 81
86 80
