4 55
4 55
4 55
4 55
4 55
3 55
3 55
3 54
3 54
3 54
3 54
3 54
2 54
2 54
2 53
2 53
1 53
1 53
1 53
1 53
0 52
0 52
0 52
0 52
0 51
0 51
0 51
0 50
0 50
0 49
0 48
0 48
0 47
0 46
0 45
0 45
1 44
1 43
1 43
1 42
2 41
2 40
2 40
3 39
3 38
4 37
4 37
5 36
5 35
6 34
6 34
7 33
8 33
9 32
9 32
10 31
10 30
11 29
11 29
12 28
13 27
13 27
14 26
15 25
15 25
16 25
16 25
17 25
18 25
18 25
19 25
19 25
20 26
20 26
21 27
21 28
21 28
21 29
22 30
22 31
22 31
22 32
22 33
22 34
22 35
22 35
22 36
22 37
22 38
22 39
22 40
22 41
22 41
22 42
22 43
22 44
22 45
22 46
22 47
22 47
22 48
22 49
22 50
22 51
22 52
22 53
22 53
22 54
22 55
22 56
22 57
22 58
22 59
22 60
22 61
22 61
22 62
22 63
22 64
22 65
22 66
22 66
22 67
22 68
22 69
22 70
22 71
22 72
22 72
22 73
22 74
22 75
22 76
22 77
22 77
22 78
22 79
22 80
22 81
22 81
22 82
22 83
22 84
22 85
22 85
22 86
22 87
22 87
21 87
20 86
19 86
18 85
17 85
16 84
15 84
15 84
14 84
13 84
13 84
12 83
12 83
12 82
12 82
11 81
11 81
11 80
11 80
11 79
11 79
12 78
12 77
12 77
13 76
13 75
13 75
14 74
14 73
15 72
15 72
16 71
17 70
17 70
18 69
19 69
20 68
20 68
21 67
22 66
22 66
23 65
24 65
24 65
25 65
26 65
26 65
27 66
28 66
28 66
29 67
29 67
29 68
30 69
30 70
30 70
30 71
30 72
30 73
30 73
30 74
30 75
30 76
30 77
30 78
30 78
30 79
30 80
29 81
29 82
29 83
29 83
29 84
29 85
28 86
28 87
28 88
28 88
28 89
27 90
27 91
27 92
27 92
27 93
26 94
26 95
26 95
26 96
25 97
25 98
25 98
25 99
25 99
24 100
24 100
24 100
24 100
24 100
24 100
24 100
24 100
24 100
24 100
24 100
24 100
24 100
24 100
24 100
24 100
24 100
24 100
25 99
25 99
26 98
26 97
26 97
26 96
26 95
27 94
27 93
27 92
27 92
27 91
28 90
28 89
29 88
29 87
29 86
30 85
30 84
30 84
30 83
31 82
31 81
31 80
32 79
32 78
32 77
33 76
33 75
33 75
34 74
34 73
35 72
35 71
36 70
36 69
37 68
37 68
38 67
38 66
39 65
39 64
40 63
40 62
41 61
41 60
42 59
42 58
43 57
43 56
44 55
44 54
45 53
45 52
46 51
46 50
47 49
47 48
48 47
48 46
49 45
49 44
50 43
50 42
51 41
51 40
52 39
52 38
53 37
53 36
54 35
54 34
55 33
55 32
56 31
56 30
57 29
57 28
58 27
58 26
59 25
59 24
60 23
60 22
60 22
61 23
61 23
61 23
61 24
61 24
61 25
61 26
61 26
61 27
61 28
61 29
61 29
61 30
61 31
61 32
61 33
61 33
61 34
61 35
61 36
61 37
61 38
61 38
61 39
61 40
61 41
61 42
61 43
61 44
61 45
61 45
61 46
61 47
61 48
61 49
61 50
61 51
61 52
61 52
61 53
61 54
61 55
61 56
61 57
61 58
61 59
61 60
61 60
61 61
61 62
62 63
62 64
62 65
62 66
62 66
62 67
62 68
62 69
62 70
62 71
62 71
62 72
62 73
62 74
62 74
63 75
63 76
63 76
63 77
63 77
63 77
63 77
63 76
63 75
63 75
63 74
62 73
62 72
62 72
62 71
62 70
62 69
62 68
62 67
62 67
62 66
62 65
61 64
61 63
61 62
61 61
61 61
61 60
61 59
61 58
61 57
61 56
61 55
61 55
61 54
61 53
61 52
61 51
61 50
61 49
61 48
61 48
61 47
61 46
62 45
62 44
62 43
62 43
62 42
63 41
63 40
63 39
63 39
63 38
63 37
63 36
63 35
63 35
63 34
64 33
64 32
64 32
65 31
65 30
66 29
66 29
67 28
67 27
67 27
68 26
69 25
69 25
70 24
70 23
70 23
71 23
72 23
72 23
73 24
73 24
74 25
75 25
75 25
75 26
76 27
76 28
76 28
76 29
77 30
77 31
77 32
77 32
77 33
77 34
78 35
78 36
78 37
78 37
78 38
78 39
79 40
79 41
79 42
79 43
79 43
79 44
79 45
79 46
79 47
79 48
79 49
79 49
79 50
79 51
79 52
79 53
79 54
79 55
79 56
79 57
79 57
79 58
79 59
79 60
80 61
80 62
80 63
80 64
80 64
80 65
80 66
80 67
80 68
80 69
80 70
80 70
80 71
80 72
79 73
79 74
79 75
79 75
79 76
79 77
79 78
79 78
79 79
79 80
79 80
78 80
78 80
77 79
77 79
76 78
76 77
76 77
76 76
76 75
76 74
75 73
75 72
75 71
75 70
75 69
75 68
75 67
75 66
74 65
74 64
74 63
74 62
74 61
74 60
74 59
74 58
73 57
73 56
73 55
73 54
73 53
73 52
73 51
73 50
72 49
72 48
72 47
72 46
72 45
72 45
73 44
73 43
73 43
73 42
73 42
73 42
73 42
72 43
72 44
72 44
72 45
72 46
72 47
72 47
72 48
71 49
71 50
71 51
71 51
71 52
70 53
70 54
70 55
70 55
70 56
70 57
69 58
69 59
69 60
69 61
69 61
69 62
68 63
68 64
68 64
67 65
67 66
67 66
66 67
66 67
66 67
66 66
66 65
66 65
66 64
66 63
66 62
66 61
66 60
65 59
65 58
65 57
65 56
65 55
65 54
65 53
65 53
65 52
65 51
66 50
66 49
66 48
66 48
67 48
67 48
68 49
68 49
69 50
70 51
70 51
71 52
72 53
72 53
73 54
74 55
74 55
75 56
76 57
76 57
77 58
78 58
78 58
79 59
79 59
80 59
81 59
81 59
81 58
82 57
82 56
82 55
83 54
83 53
83 52
84 51
84 50
84 49
85 48
85 47
86 46
86 45
86 44
87 43
87 42
87 41
88 40
88 39
88 38
89 37
89 36
89 36
89 36
89 36
89 37
89 37
89 38
89 39
89 39
89 40
89 41
89 42
89 42
89 43
89 44
89 45
89 46
89 46
89 47
89 48
89 49
89 50
89 50
89 51
90 52
90 53
90 54
90 54
90 55
90 56
90 57
90 57
90 58
90 59
90 59
91 59
91 59
91 58
91 58
91 57
91 56
91 55
91 54
91 53
91 52
91 51
91 50
91 49
91 48
91 47
91 46
91 45
91 44
91 43
91 42
91 41
91 40
91 39
91 38
91 37
91 36
91 35
91 34
91 33
91 32
91 31
91 30
91 29
91 28
91 27
91 26
91 25
91 24
91 23
91 22
91 21
91 20
91 19
91 18
91 17
91 16
91 15
91 14
91 13
91 12
91 11
91 10
91 9
91 8
91 7
91 6
91 5
91 4
91 3
91 3
92 2
92 1
93 0
93 0
93 1
93 1
93 1
93 1
93 2
94 3
94 4
94 4
94 5
94 6
94 7
94 7
94 8
94 9
95 10
95 11
95 12
95 13
95 13
95 14
95 15
95 16
95 17
95 18
95 19
95 20
95 21
95 21
95 22
95 23
95 24
96 25
96 26
96 27
96 28
96 29
96 29
96 30
96 31
96 32
96 33
96 34
97 35
97 36
97 37
97 38
97 39
97 40
97 40
97 41
97 42
97 43
97 44
97 45
98 46
98 47
98 48
98 49
98 50
98 51
98 52
98 52
98 53
98 54
98 55
98 56
98 57
98 58
98 59
98 60
98 61
98 62
98 63
98 64
98 64
98 65
98 66
98 67
98 68
98 69
99 70
99 71
99 72
99 73
99 74
99 75
99 75
99 76
99 77
99 78
100 79
100 80
100 81
100 82
100 83
100 83
100 84
100 85
100 86
100 87
100 88
100 89
100 90
100 90
100 91
100 92
99 93
99 94
99 95
99 95
99 96
98 97
98 98
98 98
97 99
97 99
96 99
95 100
94 100
94 100
93 100
92 100
91 100
90 100
90 100
89 100
88 100
87 99
86 99
85 99
