0 28
0 27
0 26
0 25
0 24
0 24
0 23
0 23
1 22
1 22
2 21
2 21
3 21
3 21
4 20
5 20
5 20
6 19
7 19
7 19
8 19
8 19
9 20
9 20
10 21
10 21
10 22
10 23
10 24
10 24
10 25
11 26
11 27
11 28
11 28
11 29
11 30
11 31
11 32
11 32
11 33
11 34
11 35
11 36
11 37
11 37
11 38
11 39
11 40
11 41
11 42
11 43
11 43
11 44
11 45
11 46
11 47
11 48
11 49
11 49
11 50
11 51
11 52
11 53
11 54
11 55
11 55
11 56
11 57
11 58
11 59
11 60
11 61
11 61
11 62
11 63
11 64
11 65
11 66
11 67
11 67
11 68
11 69
11 70
11 71
11 72
11 73
11 73
11 74
11 75
11 76
11 77
11 77
11 78
11 79
11 80
11 81
11 81
11 82
11 83
11 84
11 84
11 85
11 86
11 86
11 86
11 86
11 85
11 85
10 84
9 83
9 83
8 82
8 81
8 81
8 80
7 79
7 78
7 77
7 77
6 76
6 75
5 74
5 74
5 73
4 72
4 71
4 71
3 70
3 69
2 68
2 68
2 67
1 66
1 65
1 65
1 64
1 63
1 63
1 62
1 62
1 61
1 60
1 60
1 59
2 58
2 57
2 57
3 56
3 55
3 55
4 54
5 53
5 53
6 52
7 52
8 51
8 51
9 50
10 50
10 50
11 49
11 49
12 49
13 49
13 49
14 50
14 51
14 51
14 52
14 53
14 54
14 54
14 55
14 56
14 57
14 57
14 58
14 59
14 60
14 61
14 62
14 63
14 63
14 64
14 65
13 66
13 67
13 68
13 68
13 69
13 70
12 71
12 72
12 73
12 73
12 74
12 75
11 76
11 77
11 78
11 78
11 79
11 80
10 81
10 82
10 83
10 84
10 84
10 85
9 86
9 87
9 88
8 89
8 90
8 90
8 91
7 92
7 93
7 94
7 94
7 95
6 96
6 97
6 97
6 98
6 99
6 100
6 100
6 100
7 100
7 100
8 100
8 100
9 99
10 98
10 98
11 97
11 96
12 95
12 95
13 94
13 93
14 92
14 92
15 91
16 90
16 90
17 89
17 88
18 87
18 87
19 86
20 86
21 85
21 85
22 84
23 83
23 83
24 82
24 81
24 81
25 80
25 79
26 78
26 77
27 76
27 75
28 74
28 73
29 72
29 71
30 70
30 69
31 68
31 67
32 66
32 65
33 64
34 63
34 62
35 61
35 60
36 59
36 58
37 57
37 56
38 55
38 54
39 53
39 52
40 51
40 50
41 49
41 48
42 47
43 46
43 45
44 44
44 43
45 42
45 41
46 40
46 39
47 38
47 37
48 36
48 35
49 34
49 33
50 32
50 31
51 30
51 30
51 29
51 28
51 27
51 27
51 28
51 28
50 29
50 29
50 30
50 31
50 31
50 32
51 33
51 34
51 35
51 35
51 36
51 37
51 38
51 38
51 39
51 40
51 41
51 42
51 43
51 43
51 44
51 45
51 46
51 47
51 47
51 48
51 49
51 50
51 51
51 52
51 52
51 53
51 54
51 55
51 56
51 57
51 57
51 58
51 59
51 60
51 61
51 62
51 62
51 63
51 64
51 65
51 66
51 66
51 67
52 68
52 69
52 70
52 70
52 71
52 72
52 72
52 73
52 73
52 73
52 72
52 71
52 70
52 69
52 68
52 67
52 66
52 65
52 64
52 63
52 62
52 61
52 60
52 59
52 58
52 57
52 56
52 55
52 54
52 53
52 52
52 51
52 50
52 49
52 48
52 47
52 46
52 45
52 44
52 43
52 42
52 41
52 40
52 39
52 38
52 37
52 36
52 35
52 34
52 33
52 32
52 31
52 30
52 29
52 28
52 27
52 26
52 26
52 25
52 24
53 23
53 22
53 21
53 21
53 20
53 19
53 19
54 18
54 17
54 17
55 16
56 15
56 15
57 14
57 14
58 13
59 12
59 12
60 11
61 10
61 10
62 9
63 9
63 9
64 9
65 8
66 8
66 8
67 8
68 8
68 8
69 9
69 9
70 10
71 11
71 11
71 12
71 13
71 14
71 14
71 15
72 16
72 17
72 18
72 18
72 19
73 20
73 21
73 22
73 22
73 23
73 24
73 25
73 26
73 27
73 28
73 28
73 29
73 30
73 31
73 32
73 33
73 33
73 34
73 35
74 36
74 37
74 38
74 39
74 39
74 40
74 41
74 42
74 43
74 44
74 45
74 45
74 46
74 47
75 48
75 49
75 50
75 50
75 51
75 52
75 53
75 54
75 55
75 56
75 56
75 57
75 58
75 59
75 60
75 61
75 62
75 62
75 63
75 64
76 65
76 66
76 67
76 67
76 68
76 69
76 70
76 71
76 72
76 72
76 73
76 74
76 75
76 76
76 76
76 77
75 78
75 79
75 79
75 80
75 81
75 81
75 82
75 83
75 83
74 83
74 83
73 83
73 83
73 82
73 82
72 81
72 80
72 80
72 79
71 78
71 77
71 77
71 76
70 75
70 74
70 74
70 73
70 72
69 71
69 70
69 69
69 69
69 68
69 67
69 66
69 65
69 64
69 63
69 62
69 61
69 60
68 59
68 58
68 57
68 56
68 55
68 54
68 53
68 52
68 51
68 50
68 49
68 48
68 47
68 46
68 45
68 44
68 43
68 42
67 41
67 40
67 39
67 38
67 37
67 36
67 35
67 34
67 33
67 32
67 32
67 31
67 30
67 29
67 29
67 29
67 29
66 30
66 31
66 31
66 32
66 33
66 34
66 34
66 35
66 36
65 37
65 38
65 39
65 39
65 40
65 41
64 42
64 43
64 44
64 44
64 45
64 46
64 47
64 48
64 49
64 49
64 50
63 51
63 52
63 53
63 53
63 54
62 55
62 56
62 56
61 57
61 58
60 59
60 60
60 60
59 61
59 62
59 62
58 63
58 63
58 63
57 62
57 61
57 61
57 60
57 59
57 58
57 57
57 57
57 56
57 55
57 54
57 53
57 53
57 52
57 51
57 50
57 49
57 49
57 48
58 47
58 46
58 46
58 45
59 44
59 43
59 43
60 42
60 42
61 42
61 42
62 43
62 43
63 44
64 45
64 45
65 46
65 47
65 47
66 48
67 49
67 49
68 50
69 51
69 51
70 52
70 53
70 53
71 54
72 55
72 55
73 56
73 57
73 57
74 58
74 58
75 58
76 58
76 58
76 57
76 56
77 55
77 54
77 53
77 52
78 51
78 50
78 49
78 48
79 47
79 46
79 45
79 44
80 43
80 42
80 41
80 40
81 39
81 38
81 37
81 36
82 35
82 34
82 33
82 32
83 31
83 30
83 29
83 29
83 28
84 27
84 26
84 25
84 25
84 24
84 24
84 24
84 24
84 25
84 25
84 26
84 27
84 28
84 28
84 29
84 30
84 31
84 31
84 32
84 33
84 34
84 35
84 35
84 36
84 37
84 38
84 39
84 39
84 40
84 41
84 42
84 43
84 44
84 44
84 45
84 46
84 47
84 47
84 48
84 49
84 50
84 50
84 51
84 52
84 52
84 53
84 53
84 53
85 53
85 53
85 52
85 51
85 50
86 49
86 48
86 47
86 46
86 45
86 44
87 43
87 42
87 41
87 40
87 39
87 38
87 37
88 36
88 35
88 34
88 33
88 32
88 31
88 30
89 29
89 28
89 27
89 26
89 25
89 24
90 23
90 22
90 21
90 20
90 19
90 18
90 17
91 16
91 15
91 14
91 13
91 12
91 11
91 10
92 9
92 8
92 7
92 6
92 5
92 4
93 3
93 2
93 1
93 0
93 0
93 1
93 2
93 3
93 4
93 4
93 5
93 6
93 6
93 7
93 8
93 9
93 10
93 10
93 11
93 12
94 13
94 14
94 15
94 15
94 16
94 17
94 18
94 19
94 20
94 20
94 21
94 22
94 23
94 24
94 25
94 26
94 26
94 27
94 28
95 29
95 30
95 31
95 32
95 32
95 33
95 34
95 35
95 36
95 37
95 38
95 38
95 39
95 40
96 41
96 42
96 43
96 44
96 44
96 45
96 46
96 47
96 48
96 49
96 50
96 50
96 51
96 52
96 53
96 54
96 55
96 55
96 56
96 57
96 58
97 59
97 60
97 61
97 62
97 62
97 63
97 64
97 65
97 66
97 67
97 68
97 69
97 69
97 70
97 71
97 72
97 73
97 74
97 75
97 76
97 76
97 77
97 78
97 79
97 80
97 81
97 82
97 83
97 83
97 84
97 85
98 86
98 87
98 88
98 88
98 89
98 90
98 91
98 92
98 92
98 93
99 94
99 95
99 95
99 96
99 97
99 97
100 98
100 98
100 98
99 97
99 97
99 96
99 96
98 95
98 95
97 94
96 93
96 93
96 92
95 91
95 90
95 90
94 89
93 88
93 88
92 87
92 86
91 85
91 84
91 84
90 83
89 82
88 81
88 81
87 80
87 79
86 78
86 77
86 77
85 76
84 75
