0 22
0 22
0 22
0 22
0 22
0 22
0 22
0 22
0 22
0 21
0 21
0 21
0 20
0 20
0 19
0 18
0 18
0 17
0 16
0 16
0 15
0 15
0 14
0 13
0 13
1 12
1 11
1 11
2 10
3 10
3 10
4 9
4 9
5 8
6 8
6 8
7 8
7 8
8 7
9 7
9 7
10 8
10 8
11 9
11 9
12 10
12 10
12 11
13 12
13 13
13 13
13 14
13 15
13 15
13 16
14 17
14 18
14 19
14 19
14 20
14 21
14 22
14 23
14 24
14 24
14 25
14 26
14 27
14 28
14 29
14 29
14 30
14 31
15 32
15 33
15 34
15 34
15 35
15 36
15 37
15 38
15 39
15 39
15 40
15 41
15 42
15 43
15 44
15 45
15 46
15 46
15 47
15 48
15 49
15 50
15 51
15 52
15 53
15 53
15 54
15 55
15 56
15 57
15 58
15 59
15 60
15 60
15 61
15 62
15 63
15 64
15 65
15 66
15 66
15 67
15 68
15 69
15 70
15 71
15 72
15 72
15 73
15 74
15 75
15 76
15 77
15 78
15 78
15 79
15 80
15 81
15 82
15 83
15 83
15 84
15 85
15 86
15 87
15 87
15 88
15 88
15 89
15 89
15 89
15 89
16 89
16 89
16 89
15 88
15 88
15 87
15 86
15 86
14 85
14 84
14 84
13 83
13 82
13 82
13 81
12 80
12 79
12 78
12 78
11 77
11 76
10 75
10 75
9 74
9 73
9 73
8 72
7 72
7 72
6 71
5 71
5 71
4 70
3 70
3 70
2 69
2 69
1 68
1 67
1 67
1 66
1 66
1 65
1 65
1 65
1 64
1 64
2 63
2 63
3 62
3 62
4 61
5 61
5 61
6 60
7 59
7 59
8 58
9 57
9 57
10 56
11 56
11 56
12 55
13 54
13 54
14 53
14 53
15 54
15 54
16 55
16 56
16 56
16 57
16 58
16 59
16 59
16 60
17 61
17 62
17 63
17 63
17 64
16 65
16 66
16 67
16 67
16 68
16 69
16 70
16 71
16 72
16 72
16 73
15 74
15 75
15 76
15 76
15 77
15 78
14 79
14 80
14 81
14 81
14 82
14 83
13 84
13 85
13 86
13 86
13 87
12 88
12 89
12 90
12 90
12 91
11 92
11 93
11 93
11 94
11 95
11 95
11 96
11 96
11 96
11 96
11 96
11 95
11 95
12 94
12 93
12 93
13 92
13 91
14 90
14 89
14 89
15 88
15 87
16 86
16 85
16 85
17 84
17 83
18 82
18 81
18 81
19 80
20 79
21 78
21 78
22 77
23 76
24 75
24 75
25 74
26 73
26 72
27 71
27 71
28 70
29 69
29 68
30 67
31 66
32 65
32 64
33 63
34 62
35 61
35 60
36 59
37 58
38 57
38 56
39 55
40 54
41 53
41 52
42 51
43 50
44 49
44 48
45 47
46 46
47 45
47 44
48 43
49 42
50 41
50 40
51 39
52 38
53 37
53 36
54 35
54 35
54 35
53 34
53 33
53 33
53 33
53 33
53 34
53 34
53 35
53 36
53 37
53 37
53 38
53 39
53 40
53 41
53 42
53 43
53 43
53 44
53 45
53 46
53 47
53 48
53 49
53 50
53 50
53 51
53 52
53 53
53 54
53 55
53 56
53 57
53 57
53 58
53 59
53 60
53 61
53 62
53 63
53 63
53 64
53 65
53 66
53 67
53 67
53 68
53 69
53 70
53 70
53 71
53 71
53 71
53 71
53 70
54 69
54 68
54 67
54 67
54 66
54 65
54 64
54 63
54 62
54 61
54 61
54 60
54 59
54 58
54 57
54 56
54 55
54 54
54 54
54 53
54 52
54 51
54 50
54 49
54 48
54 47
54 46
54 45
54 45
54 44
54 43
54 42
54 41
55 40
55 39
55 38
55 37
55 36
55 36
55 35
55 34
55 33
55 32
55 31
55 30
55 30
55 29
55 28
55 27
55 26
55 25
55 24
55 24
55 23
56 22
56 21
56 20
56 20
56 19
56 18
56 17
56 17
56 16
57 15
57 14
57 14
58 13
58 12
58 12
59 11
59 10
60 9
60 9
61 8
61 7
61 7
62 6
62 5
63 4
63 4
64 3
65 2
65 2
66 1
67 1
67 1
68 0
68 0
69 0
69 0
70 1
70 2
70 2
71 3
71 3
72 4
72 5
72 5
72 6
72 7
72 8
72 9
72 9
72 10
73 11
73 12
73 12
73 13
74 14
74 15
74 16
74 16
74 17
74 18
74 19
74 20
74 21
74 21
74 22
75 23
75 24
75 25
75 25
75 26
75 27
75 28
75 29
75 30
75 30
75 31
75 32
75 33
75 34
75 35
75 36
75 36
75 37
75 38
76 39
76 40
76 41
76 42
76 42
76 43
76 44
76 45
76 46
76 47
76 48
76 48
76 49
76 50
76 51
76 52
76 53
76 54
76 55
76 55
76 56
76 57
76 58
76 59
76 60
76 61
76 62
76 62
76 63
76 64
76 65
76 66
76 67
76 68
76 69
76 70
76 70
76 71
76 72
76 73
77 74
77 75
77 76
77 77
77 77
77 78
77 79
77 80
77 81
77 82
77 83
77 84
77 84
77 85
77 86
77 87
77 88
77 88
77 89
78 90
78 91
78 91
78 92
78 93
78 94
78 94
78 94
78 94
78 94
77 93
77 93
76 92
76 91
76 91
75 90
75 89
75 89
75 88
74 87
74 86
74 86
73 85
73 84
72 83
72 82
72 82
72 81
72 80
72 79
72 78
72 77
71 76
71 75
71 74
71 73
71 72
71 71
71 70
71 69
71 68
71 67
70 66
70 65
70 64
70 63
70 62
70 61
70 60
70 59
70 58
70 57
69 56
69 55
69 54
69 53
69 52
69 51
69 50
69 49
69 48
69 47
68 46
68 45
68 44
68 43
68 42
68 41
68 40
68 39
68 38
68 37
67 36
67 35
67 34
67 33
67 32
67 31
67 31
67 31
67 31
67 31
67 31
67 32
67 33
67 34
67 35
67 35
67 36
66 37
66 38
66 39
66 39
66 40
66 41
66 42
66 43
66 44
66 44
66 45
65 46
65 47
65 48
65 48
65 49
64 50
64 51
64 52
64 52
64 53
64 54
64 55
64 55
63 56
63 57
63 57
62 57
62 57
61 57
61 57
60 56
60 56
59 55
59 54
59 54
59 53
58 52
58 51
58 51
58 50
57 49
57 48
57 47
57 47
57 46
57 45
57 44
57 44
57 43
57 42
57 41
57 41
57 40
57 39
57 39
57 39
57 39
57 39
58 40
58 40
59 41
59 41
60 42
61 43
61 43
62 44
63 45
63 45
64 46
64 47
64 47
65 48
66 49
66 49
67 50
68 51
68 51
69 52
70 52
70 52
70 51
71 50
71 49
72 48
72 47
73 46
73 45
74 44
74 43
74 42
75 41
75 40
76 39
76 38
77 37
77 36
77 35
78 34
78 33
79 32
79 31
80 30
80 29
81 28
81 27
81 27
81 26
81 25
81 24
81 24
81 24
81 24
81 24
81 24
81 25
82 26
82 27
82 27
82 28
82 29
82 30
82 31
82 32
82 32
82 33
82 34
82 35
82 36
82 37
82 38
82 38
82 39
82 40
83 41
83 42
83 43
83 43
83 44
83 45
83 46
83 47
83 48
83 48
83 49
83 50
83 51
83 52
83 53
83 53
83 54
84 55
84 56
84 57
84 57
84 58
84 59
84 59
84 60
84 61
84 61
84 62
84 62
84 62
84 61
84 60
84 59
84 58
85 57
85 56
85 55
85 54
85 53
85 52
85 51
85 50
86 49
86 48
86 47
86 46
86 45
86 44
86 43
86 42
87 41
87 40
87 39
87 38
87 37
87 36
87 35
87 34
88 33
88 32
88 31
88 30
88 29
88 28
88 27
88 26
89 25
89 24
89 23
89 22
89 21
89 20
89 19
89 18
90 17
90 16
90 15
90 14
90 13
90 12
90 11
90 10
91 9
91 8
91 7
91 6
91 5
91 5
91 4
92 3
92 2
92 2
92 2
92 2
92 2
92 2
92 2
92 3
92 3
92 4
92 5
92 5
92 6
93 7
93 8
93 8
93 9
93 10
93 11
93 12
93 13
93 13
93 14
93 15
93 16
93 17
93 18
93 19
93 19
93 20
93 21
93 22
93 23
93 24
93 25
93 26
93 27
93 27
93 28
93 29
94 30
94 31
94 32
94 33
94 33
94 34
94 35
94 36
94 37
94 38
94 39
94 40
94 40
94 41
94 42
94 43
94 44
94 45
94 46
94 47
94 47
94 48
94 49
94 50
95 51
95 52
95 53
95 54
95 54
95 55
95 56
95 57
95 58
95 59
95 60
95 60
95 61
95 62
96 63
96 64
96 65
96 65
96 66
96 67
96 68
96 69
96 70
96 71
96 71
96 72
96 73
97 74
97 75
97 76
97 76
97 77
97 78
98 79
98 80
98 81
98 81
98 82
98 83
98 84
98 85
98 86
98 86
98 87
99 88
99 89
99 90
99 90
99 91
99 92
99 93
99 94
99 94
99 95
100 96
100 97
100 97
100 98
100 99
100 99
100 100
100 100
100 100
100 100
100 100
100 100
100 100
100 100
99 100
99 100
99 100
98 99
98 99
97 98
97 97
97 97
96 96
96 96
95 95
95 95
94 94
93 94
93 94
92 93
92 92
92 92
91 91
90 91
90 91
89 91
