0 7
0 7
0 7
0 7
0 6
0 5
0 5
0 5
1 5
1 5
1 5
2 6
3 6
3 6
4 6
4 6
5 6
6 6
6 6
7 6
8 6
8 6
9 6
10 6
10 6
11 6
12 6
12 6
13 6
14 6
14 6
15 7
15 7
16 8
16 8
17 9
17 9
17 10
17 11
17 12
17 12
17 13
17 14
17 15
17 15
17 16
17 17
17 18
17 19
17 19
17 20
17 21
17 22
17 23
17 23
17 24
17 25
17 26
17 27
17 28
17 28
17 29
17 30
17 31
17 32
17 33
17 33
17 34
17 35
17 36
17 37
17 38
17 38
17 39
17 40
17 41
17 42
17 42
17 43
17 44
16 45
16 46
16 47
16 48
16 48
16 49
16 50
16 51
16 52
16 53
16 54
16 54
16 55
16 56
16 57
16 58
16 59
16 59
16 60
16 61
16 62
16 63
16 64
16 64
16 65
16 66
16 67
16 68
16 68
16 69
16 70
16 71
16 71
16 72
16 73
16 73
16 74
16 75
16 75
16 76
16 76
16 76
15 76
15 76
15 75
15 75
14 74
14 74
14 73
14 72
14 71
14 71
13 70
13 69
13 69
13 68
13 67
12 66
12 65
12 64
12 63
11 62
11 61
11 60
11 60
10 59
9 58
9 57
8 56
8 56
7 55
7 55
6 54
6 54
5 53
5 53
5 53
5 52
5 52
5 52
6 51
6 51
7 50
7 50
8 49
9 49
9 49
10 49
11 48
12 48
12 48
13 48
14 48
14 48
15 48
16 47
17 47
17 47
18 47
19 47
19 47
20 47
20 47
21 48
21 48
21 49
21 50
21 50
21 51
21 52
21 52
21 53
21 54
21 55
21 55
21 56
20 57
20 58
20 58
19 59
19 60
18 61
18 62
18 62
18 63
17 64
17 65
16 66
16 67
16 67
15 68
15 69
14 70
14 71
13 72
13 72
13 73
12 74
12 75
11 76
11 77
11 77
10 78
10 79
9 80
9 81
9 81
8 82
8 83
8 83
7 84
7 85
7 85
8 85
8 85
8 85
9 85
9 85
10 84
11 84
12 83
12 83
13 82
14 82
15 81
15 81
16 80
17 79
17 78
18 77
18 77
19 76
20 75
21 74
22 73
22 73
23 72
24 71
25 71
26 70
26 70
27 69
28 69
29 68
29 68
30 67
31 67
31 67
32 67
32 67
33 67
33 67
33 66
34 65
34 64
35 63
35 62
36 61
36 60
37 59
37 58
37 57
38 56
38 55
39 54
39 53
40 52
40 51
41 50
41 49
41 48
42 47
42 46
43 45
43 44
44 43
44 42
45 41
45 40
46 39
46 38
46 37
47 36
47 35
48 34
48 33
49 32
49 31
50 30
50 29
50 28
51 27
51 26
52 25
52 24
53 23
53 22
54 21
54 20
54 20
53 19
53 19
53 18
53 18
53 18
53 18
54 19
54 19
54 20
54 21
54 21
54 22
54 23
54 24
54 24
54 25
54 26
54 27
54 28
54 28
54 29
54 30
55 31
55 32
55 33
55 33
55 34
55 35
55 36
55 37
55 38
55 38
55 39
55 40
55 41
55 42
55 43
55 44
55 44
55 45
55 46
55 47
55 48
55 49
55 50
55 50
55 51
55 52
55 53
55 54
55 55
55 56
55 56
55 57
55 58
56 59
56 60
56 61
56 61
56 62
56 63
56 64
56 65
56 65
56 66
56 67
56 68
56 69
56 69
56 70
57 71
57 72
57 72
57 73
57 74
57 74
57 75
57 75
57 76
57 76
57 76
57 75
57 75
57 74
57 73
57 72
57 72
57 71
57 70
57 69
57 68
57 68
57 67
57 66
57 65
57 64
57 64
57 63
57 62
57 61
57 60
57 59
57 58
57 57
57 56
57 55
57 54
57 53
57 52
57 51
56 50
56 49
56 48
56 47
56 46
56 45
56 44
56 43
56 42
56 41
56 40
56 39
56 38
56 37
56 37
56 36
56 35
55 34
55 33
55 32
55 32
55 31
55 30
55 29
55 29
55 28
55 28
55 27
55 26
55 26
56 25
56 24
56 24
57 23
57 22
57 22
58 21
59 20
59 20
60 19
60 19
61 18
62 17
62 17
63 16
64 16
64 16
65 15
66 15
66 15
67 15
67 15
68 15
69 15
69 15
70 16
70 16
71 17
71 18
71 18
71 19
72 20
72 21
72 21
73 22
73 23
74 24
74 24
74 25
74 26
75 27
75 28
75 29
75 30
75 30
75 31
75 32
76 33
76 34
76 35
76 35
76 36
77 37
77 38
77 39
78 40
78 41
78 41
78 42
78 43
78 44
79 45
79 46
79 47
79 48
79 48
79 49
79 50
79 51
80 52
80 53
80 54
80 55
80 55
80 56
80 57
80 58
80 59
80 60
80 60
80 61
81 62
81 63
81 64
81 64
81 65
81 66
81 67
81 68
81 68
81 69
81 70
81 71
81 71
81 72
81 73
81 74
81 74
80 75
80 76
80 76
80 76
79 76
79 76
78 75
78 74
78 74
78 73
77 72
77 71
77 71
77 70
76 69
76 68
76 67
76 67
76 66
76 65
76 64
75 63
75 62
75 61
75 60
75 59
75 58
75 57
75 56
74 55
74 54
74 53
74 52
74 51
74 50
74 49
74 48
73 47
73 46
73 45
73 44
73 43
73 42
73 41
73 40
72 39
72 38
72 37
72 36
72 36
72 35
72 34
72 33
72 32
72 32
72 31
72 31
72 31
72 30
72 30
72 30
72 31
72 31
72 32
72 33
72 33
72 34
71 35
71 36
71 36
71 37
70 38
70 39
70 40
70 40
70 41
70 42
69 43
69 44
69 45
69 45
69 46
69 47
68 48
68 49
68 50
68 50
68 51
67 52
67 53
66 54
66 55
66 55
66 56
65 57
65 58
65 58
64 59
64 60
64 60
63 61
63 61
63 62
63 62
62 61
62 61
62 60
62 60
62 59
61 58
61 57
61 57
61 56
61 55
61 54
61 53
61 52
61 52
61 51
62 50
62 49
62 48
62 48
62 47
62 46
62 45
62 45
62 44
62 44
62 44
62 44
63 44
63 44
64 45
64 45
65 46
66 46
66 46
67 47
68 47
69 48
69 48
70 49
71 49
71 49
72 50
73 50
74 51
74 51
75 52
76 52
76 52
77 53
78 53
78 53
79 54
79 54
80 55
80 55
81 55
81 55
81 54
82 53
82 52
82 51
82 50
83 49
83 48
83 47
84 46
84 45
84 44
85 43
85 42
85 41
85 40
86 39
86 38
86 38
87 37
88 37
88 37
87 37
87 37
87 36
87 35
87 35
87 35
87 35
87 36
87 37
87 37
87 38
87 39
87 39
87 40
87 41
87 42
87 42
87 43
88 44
88 45
88 45
88 46
88 47
88 48
88 48
88 49
88 50
88 51
88 52
88 52
88 53
88 54
88 54
88 55
88 56
88 56
88 57
88 57
88 57
88 57
88 56
88 55
88 55
88 54
89 53
89 52
89 52
89 51
89 50
89 49
89 48
89 48
89 47
89 46
89 45
90 44
90 43
90 42
90 41
90 41
90 40
90 39
90 38
90 37
90 36
90 35
91 34
91 33
91 32
91 31
91 30
91 29
91 28
91 27
91 26
91 25
91 24
91 23
92 22
92 21
92 20
92 19
92 18
92 17
92 16
92 16
92 15
92 14
92 13
92 12
92 11
93 10
93 9
93 8
93 7
93 6
93 5
93 5
93 4
93 3
93 3
93 2
93 1
93 1
93 1
93 1
93 0
93 0
93 1
93 1
93 2
93 2
93 3
93 3
93 4
93 4
94 5
94 6
94 6
94 7
94 7
94 8
94 9
94 9
95 10
95 11
95 11
95 12
95 13
95 13
96 14
96 15
96 15
96 16
96 17
96 17
96 18
97 19
97 20
97 20
97 21
97 22
97 23
97 24
97 24
97 25
98 26
98 27
98 28
98 28
98 29
98 30
98 31
98 32
98 32
98 33
98 34
98 35
98 35
98 36
98 37
98 38
98 39
98 39
98 40
98 41
98 42
98 43
98 44
98 44
98 45
98 46
98 47
98 48
98 48
98 49
98 50
98 51
98 52
98 53
98 53
98 54
98 55
98 56
98 57
98 57
98 58
98 59
98 60
98 61
98 61
98 62
98 63
98 64
98 65
98 65
98 66
99 67
99 68
99 69
99 69
99 70
99 71
99 72
99 73
99 74
99 74
99 75
99 76
99 77
99 78
99 78
99 79
99 80
99 81
99 82
99 83
99 83
99 84
99 85
99 86
99 86
99 87
100 88
100 89
100 89
100 90
100 91
100 92
100 92
100 93
100 94
100 94
100 95
100 96
100 96
99 97
99 97
99 98
99 98
99 99
99 99
98 99
98 99
97 100
97 100
96 100
95 100
95 100
94 100
93 100
93 100
92 100
91 100
90 100
89 100
89 100
88 100
87 100
86 100
85 100
85 100
84 99
83 99
82 98
81 98
