11 14
12 15
12 15
12 14
12 14
12 13
12 13
12 12
12 12
12 11
12 11
12 10
12 9
12 9
13 8
13 8
13 7
13 6
13 6
13 5
13 5
13 4
13 3
13 3
12 2
12 2
11 1
11 1
10 0
10 0
9 1
8 2
8 2
7 3
7 4
7 4
6 5
6 6
5 7
5 7
5 8
4 9
4 10
3 11
3 12
3 12
3 13
3 14
2 15
2 16
2 17
2 17
2 18
1 19
1 20
1 21
1 22
0 23
0 24
0 24
0 25
0 26
0 27
0 28
0 29
0 30
0 30
0 31
0 32
0 33
0 34
0 35
0 36
0 36
0 37
0 38
0 39
0 40
0 41
0 41
0 42
0 43
0 44
0 44
0 45
1 46
1 47
1 47
2 48
2 49
2 49
3 50
4 50
4 50
5 50
5 50
6 49
7 49
7 49
7 48
8 47
8 46
8 46
9 45
9 44
10 43
10 42
10 42
11 41
11 40
12 39
12 38
13 37
13 36
13 36
13 35
14 34
14 33
14 32
15 31
15 30
15 30
16 29
16 28
17 27
17 26
18 25
18 24
18 24
19 23
19 22
20 21
20 20
20 20
21 19
21 18
21 18
21 18
21 19
21 19
21 20
21 21
21 22
21 23
21 23
20 24
20 25
19 26
19 27
19 27
19 28
19 29
18 30
18 31
18 32
18 33
18 33
18 34
18 35
17 36
17 37
17 38
17 39
17 39
17 40
17 41
16 42
16 43
16 44
16 44
16 45
16 46
16 47
16 47
16 48
16 48
17 48
17 48
18 47
18 47
19 46
19 45
20 44
20 43
20 43
20 42
21 41
21 40
22 39
22 38
22 38
23 37
23 36
24 35
24 34
25 33
25 32
25 32
25 31
26 30
26 29
27 28
27 27
27 27
28 26
28 25
29 24
29 24
29 24
29 25
29 26
29 26
29 27
29 28
29 28
29 29
29 30
28 31
28 32
28 33
28 33
28 34
28 35
27 36
27 37
27 38
27 38
27 39
27 40
27 41
27 42
27 43
27 43
27 44
27 45
27 46
27 47
27 48
27 49
27 49
27 50
27 51
27 51
28 51
28 51
29 51
30 51
30 51
31 50
32 49
32 48
33 47
33 47
34 46
34 45
35 44
35 43
35 43
35 42
36 41
36 40
36 39
37 38
37 37
37 37
37 36
38 35
38 34
38 33
39 32
39 31
39 31
39 30
39 29
40 28
40 27
40 26
40 26
40 25
40 24
40 23
40 22
40 21
40 20
40 20
40 19
40 18
40 17
40 17
39 16
39 16
39 16
40 17
41 18
42 19
43 20
44 21
45 21
46 22
47 23
48 24
49 25
49 25
49 25
50 25
50 25
50 26
50 26
50 26
51 25
51 25
52 24
53 24
53 24
54 23
54 23
55 22
56 22
56 22
56 21
57 20
57 19
58 18
58 17
58 17
58 16
59 15
59 14
59 14
60 13
60 12
60 12
60 11
60 10
60 10
60 9
60 8
60 8
59 7
59 7
59 6
59 6
58 7
58 7
58 8
58 8
58 9
57 10
57 11
57 11
57 12
56 13
56 14
56 15
56 15
56 16
56 17
55 18
55 19
55 20
55 21
55 21
55 22
55 23
54 24
54 25
54 26
54 27
54 27
54 28
54 29
53 30
53 31
53 32
53 33
53 33
53 34
53 35
53 36
53 37
53 38
53 38
53 39
52 40
52 41
52 42
52 42
52 43
51 44
51 45
51 46
51 46
51 47
50 48
50 49
50 49
49 50
49 51
49 51
49 52
49 52
49 52
48 52
48 52
48 51
48 51
48 50
48 49
48 48
48 48
48 47
47 46
47 45
47 45
47 44
47 43
47 42
47 41
47 41
47 40
47 39
47 38
47 38
48 37
48 36
48 36
48 36
48 35
48 35
49 36
49 36
49 37
49 37
50 38
50 39
50 39
50 40
51 41
51 42
51 43
51 43
51 44
52 45
52 46
52 46
53 47
53 48
53 48
54 49
54 49
55 49
55 49
56 49
56 49
57 48
58 47
58 47
59 46
60 45
60 45
60 44
61 43
61 42
61 41
61 41
62 40
62 39
63 38
63 37
63 37
63 36
64 35
64 34
64 33
64 33
65 32
65 32
65 32
65 32
65 33
65 33
64 34
64 35
64 35
64 36
63 37
63 38
63 38
63 39
63 40
63 41
63 41
63 42
63 43
63 43
63 44
63 45
63 45
63 46
63 46
64 47
64 47
65 47
65 47
66 46
67 46
67 46
67 45
68 44
68 43
68 43
69 42
69 41
70 40
70 40
70 39
71 38
71 37
71 37
72 36
72 35
72 35
72 34
72 34
72 34
72 35
72 36
72 36
71 37
71 37
71 38
71 39
71 40
71 40
70 41
70 42
70 42
70 43
70 44
70 45
70 45
70 46
70 46
70 47
70 47
71 47
71 47
72 47
72 47
73 46
73 45
73 45
74 44
75 43
75 43
75 42
76 41
76 40
76 40
77 39
78 38
78 38
79 37
79 37
79 37
79 38
79 38
79 39
79 39
79 40
78 41
78 42
78 42
77 43
77 44
77 44
76 45
76 46
76 46
76 47
76 47
77 47
77 47
77 47
78 46
78 46
79 45
80 44
80 44
81 43
81 43
82 42
82 42
83 42
83 42
84 42
84 42
84 43
84 43
84 44
84 44
85 45
85 45
85 46
85 46
86 46
87 46
87 46
88 45
88 44
88 44
89 43
90 43
90 43
91 42
92 41
92 41
93 40
93 39
93 39
93 38
93 37
93 37
93 36
93 36
93 36
92 36
92 36
92 37
92 38
92 38
91 39
91 40
91 40
91 41
90 42
90 43
90 43
90 44
90 45
90 46
90 47
90 48
90 48
90 49
90 50
90 51
90 52
90 53
90 53
90 54
90 55
90 56
89 57
89 58
89 59
89 60
89 60
89 61
89 62
89 63
88 64
88 65
88 66
88 67
88 68
88 68
88 69
88 70
88 71
87 72
87 73
87 74
87 75
87 76
87 76
87 77
87 78
87 79
86 80
86 81
86 82
86 83
86 83
86 84
85 85
85 86
85 87
84 88
84 89
84 89
84 90
83 91
83 92
82 93
82 94
82 94
81 95
81 96
80 97
80 98
80 98
79 99
78 100
78 100
78 100
77 100
77 100
76 100
76 100
76 99
76 98
76 98
76 97
76 96
76 95
76 95
76 94
77 93
77 92
77 92
77 91
78 90
78 89
78 88
78 88
78 87
79 86
79 85
79 84
80 83
80 82
80 82
80 81
81 80
81 79
81 78
81 77
82 76
82 75
82 75
82 74
83 73
83 72
84 71
84 70
84 69
85 68
85 67
85 67
86 66
86 65
87 64
88 63
88 62
89 61
89 61
90 60
91 59
91 58
92 57
92 57
93 56
94 56
95 55
95 55
96 54
97 53
97 53
98 52
98 52
99 52
99 52
100 51
