12 25
12 25
12 24
12 23
12 22
12 22
12 21
12 20
12 19
12 18
12 18
12 17
13 16
13 15
13 15
13 14
13 13
13 12
13 12
13 11
13 10
13 10
13 9
13 8
13 7
13 7
13 6
13 5
13 4
13 4
12 3
12 2
12 2
11 1
11 1
11 0
11 0
10 1
9 1
9 1
8 2
8 2
7 3
7 4
6 5
6 5
6 6
6 7
5 8
5 9
5 10
5 10
5 11
4 12
4 13
4 14
3 15
3 16
3 16
3 17
2 18
2 19
2 20
2 21
1 22
1 23
1 24
1 24
1 25
1 26
1 27
1 28
0 29
0 30
0 31
0 32
0 33
0 33
0 34
0 35
0 36
0 37
0 38
0 39
0 40
0 41
0 42
0 43
0 43
0 44
0 45
0 46
0 47
0 48
0 49
0 50
0 51
0 51
0 52
0 53
0 54
0 55
0 56
0 57
0 57
0 58
0 59
1 60
1 61
1 62
1 62
1 63
2 64
2 65
2 65
2 66
3 67
3 68
3 69
3 69
3 70
4 71
4 72
4 72
5 73
6 74
6 74
7 75
7 75
8 75
9 75
9 75
10 74
10 73
11 72
11 72
12 71
12 70
13 69
13 69
13 68
14 67
14 66
15 65
15 64
15 64
15 63
16 62
16 61
17 60
17 59
17 59
17 58
17 57
18 56
18 55
18 54
18 54
19 53
19 52
20 51
20 51
20 50
20 49
20 49
21 48
21 48
21 47
21 47
21 47
21 47
21 47
21 47
21 47
21 48
21 48
21 49
21 50
21 50
20 51
20 52
20 52
20 53
20 54
20 55
20 56
20 56
20 57
19 58
19 59
19 59
19 60
19 61
19 62
19 63
19 64
19 64
19 65
19 66
19 67
19 68
19 68
19 69
19 70
19 71
19 71
19 72
19 73
19 73
20 74
20 74
20 75
20 75
21 75
21 75
22 74
22 74
23 73
23 72
23 72
23 71
24 70
24 69
24 68
24 68
25 67
25 66
26 65
26 64
26 64
26 63
27 62
27 61
27 60
27 60
27 59
28 58
28 57
28 56
28 56
28 55
29 54
29 53
29 53
30 52
30 52
30 51
30 51
30 51
30 51
30 51
30 51
30 50
30 50
31 50
31 50
31 50
31 50
31 50
31 50
31 50
31 50
31 50
31 50
31 50
31 50
30 51
30 51
30 51
30 52
30 53
30 53
30 54
30 55
30 55
29 56
29 56
29 57
29 58
29 58
29 59
29 60
29 60
29 61
29 62
29 62
29 63
29 64
29 64
30 65
30 66
30 66
30 67
30 68
30 68
31 69
31 70
31 70
31 71
31 71
32 71
32 71
33 71
33 71
34 70
34 70
34 69
35 68
35 67
35 67
35 66
36 65
36 64
36 64
36 63
37 62
37 61
37 60
37 60
37 59
37 58
38 57
38 56
38 55
38 55
38 54
39 53
39 52
39 51
39 51
39 50
40 49
40 48
40 47
40 47
40 46
40 45
40 45
40 44
40 44
40 43
40 43
39 42
39 42
39 42
39 42
39 42
39 42
39 42
39 42
39 42
39 42
39 42
40 43
41 43
42 44
43 44
44 45
45 45
46 46
46 46
46 47
46 48
46 49
46 50
46 51
46 51
46 50
46 50
46 50
47 50
47 50
47 49
48 48
48 47
48 47
48 46
49 45
49 44
49 43
49 43
49 42
50 41
50 40
50 39
50 38
51 37
51 36
51 36
51 35
52 34
52 33
52 32
52 31
53 30
53 29
53 29
53 28
54 27
54 26
54 25
54 24
55 23
55 22
55 22
55 21
56 20
56 19
56 18
57 17
57 16
57 16
57 15
58 14
58 13
58 12
58 12
58 11
59 10
59 9
59 9
59 8
59 8
59 7
59 6
59 6
58 5
58 5
58 4
58 4
58 3
58 3
58 2
58 2
58 1
58 1
57 1
57 1
57 1
57 1
57 1
56 1
56 1
56 2
56 2
56 3
56 3
56 4
56 4
56 5
56 6
56 6
55 7
55 8
55 8
55 9
55 10
55 10
55 11
55 12
55 12
55 13
55 14
55 14
55 15
55 16
55 17
55 17
55 18
55 19
55 19
55 20
55 21
55 22
55 23
55 23
55 24
55 25
55 26
55 26
55 27
55 28
55 29
55 29
55 30
55 31
54 32
54 33
54 34
54 34
54 35
54 36
54 37
54 38
54 39
54 39
54 40
54 41
53 42
53 43
53 44
53 44
53 45
53 46
52 47
52 48
52 49
52 50
52 50
52 51
52 52
51 53
51 54
51 55
51 55
51 56
51 57
50 58
50 59
50 60
50 60
50 61
49 62
49 63
49 64
49 64
49 65
48 66
48 67
48 68
48 68
47 69
47 70
46 71
46 71
46 72
46 72
45 73
45 73
45 73
45 73
45 72
45 71
45 71
45 70
45 70
46 69
46 68
46 68
47 67
47 66
47 66
48 65
48 65
49 64
50 64
50 64
51 64
51 64
52 65
53 65
53 65
54 66
54 66
55 67
56 67
56 67
57 66
57 66
58 65
59 65
59 65
60 64
61 63
61 63
61 62
62 61
62 60
62 60
63 59
63 58
64 57
64 56
64 56
65 55
65 54
66 53
66 52
66 52
66 51
67 50
67 49
67 48
67 48
67 47
68 46
68 45
68 45
69 44
69 43
69 43
69 42
69 42
69 42
69 42
69 42
69 43
69 43
69 43
70 43
70 43
70 44
70 44
70 45
70 45
69 46
69 47
69 47
69 48
69 49
69 50
69 50
69 51
69 52
69 53
69 54
69 54
69 55
68 56
68 57
68 57
68 58
68 59
68 60
68 60
69 61
69 61
70 61
70 61
71 61
71 61
72 60
72 59
72 59
73 58
73 57
73 57
73 56
74 55
74 54
74 54
75 53
75 52
75 52
76 51
76 50
76 50
76 49
76 49
76 49
76 50
76 50
76 51
76 51
76 52
76 53
76 53
76 54
76 55
76 55
76 56
76 57
76 58
76 58
76 59
76 60
76 60
76 61
76 61
76 62
76 62
76 62
77 61
77 61
78 60
78 59
78 59
79 58
79 57
79 57
80 56
80 55
81 54
81 54
82 53
82 52
82 52
83 51
83 50
83 50
84 49
84 49
84 49
84 50
84 50
84 51
84 51
84 52
84 53
84 53
83 54
83 55
83 55
83 56
83 57
83 58
83 58
83 59
83 60
83 60
82 61
82 62
82 62
82 62
82 62
82 62
83 61
83 61
83 60
83 59
83 58
83 58
84 57
84 56
84 56
84 55
85 54
85 53
85 53
85 52
85 52
86 52
86 52
86 53
86 53
86 54
86 54
86 55
86 56
86 56
86 57
86 58
86 59
86 59
86 60
86 61
86 61
86 62
86 63
86 63
87 64
87 64
88 64
88 64
89 63
89 63
90 62
91 61
91 61
91 60
92 59
92 58
92 58
93 57
93 56
94 55
94 55
94 54
95 53
95 52
95 52
95 51
96 50
96 49
96 49
96 48
96 47
96 47
96 46
96 45
96 45
95 44
95 44
95 44
94 44
94 44
93 45
93 46
93 46
92 47
92 48
92 48
92 49
92 50
92 51
92 51
92 52
91 53
91 54
91 55
91 55
91 56
91 57
91 58
91 59
91 60
91 60
91 61
91 62
92 63
92 64
92 65
92 65
92 66
92 67
92 68
92 69
92 70
92 70
92 71
92 72
93 73
93 74
93 75
93 75
93 76
94 77
94 78
94 79
94 79
94 80
94 81
94 82
94 82
94 83
94 84
94 85
94 86
94 86
94 87
94 88
94 89
94 90
94 90
94 91
93 92
93 93
93 93
92 94
92 95
91 96
91 96
90 97
89 98
89 98
88 99
88 100
88 100
87 100
86 100
86 100
85 100
85 100
85 99
85 98
85 98
85 97
85 96
85 95
85 95
85 94
85 93
86 92
86 91
86 90
86 89
86 89
86 88
87 87
87 86
87 85
88 84
88 83
88 83
89 82
89 81
90 80
90 79
91 78
91 77
91 77
92 76
92 75
93 74
93 73
94 72
94 71
94 71
95 70
95 69
96 68
96 67
97 66
97 66
98 65
99 64
99 63
100 62
