14 13
14 14
14 14
14 14
14 14
14 13
14 13
14 12
14 11
14 11
14 10
14 10
14 9
14 8
14 8
14 7
14 7
14 6
14 6
14 5
14 5
13 4
13 3
13 3
12 3
12 3
11 2
11 2
10 3
9 3
9 3
8 4
8 4
7 5
6 6
6 6
6 7
5 8
5 9
5 10
5 10
4 11
4 12
3 13
3 14
3 14
3 15
3 16
2 17
2 18
2 19
2 19
2 20
2 21
2 22
1 23
1 24
1 25
1 26
1 26
1 27
1 28
1 29
0 30
0 31
0 32
0 33
0 33
0 34
0 35
0 36
0 37
0 38
0 39
0 39
0 40
0 41
0 42
0 43
0 44
0 44
0 45
1 46
1 47
1 48
1 48
2 49
2 50
2 50
3 51
3 51
4 51
5 51
5 51
6 50
7 50
7 50
8 49
9 49
10 48
10 48
11 47
11 46
12 45
12 44
12 44
13 43
13 42
14 41
14 40
15 39
15 39
15 38
16 37
16 36
16 35
17 34
17 33
17 33
17 32
18 31
18 30
19 29
19 28
20 27
20 26
20 26
20 25
21 24
21 23
22 22
22 21
22 21
22 20
22 19
23 18
23 17
23 16
23 16
23 15
23 15
23 16
23 16
23 17
23 18
23 18
23 19
22 20
22 21
22 22
22 22
22 23
22 24
21 25
21 26
21 27
21 28
21 28
21 29
21 30
21 31
20 32
20 33
20 34
20 35
20 35
20 36
20 37
20 38
20 39
20 40
20 41
20 41
20 42
20 43
20 44
20 44
21 45
21 46
21 46
22 46
22 46
23 45
23 45
23 44
24 43
24 42
24 42
25 41
25 40
26 39
26 38
26 38
27 37
27 36
28 35
28 35
28 34
29 33
29 32
29 32
29 31
29 30
29 30
29 31
29 31
29 32
29 33
29 33
29 34
29 35
29 36
29 37
29 37
29 38
29 39
29 40
29 41
29 42
29 43
29 43
29 44
29 45
29 46
29 47
29 47
29 48
30 49
30 50
30 50
31 51
31 51
32 50
33 50
33 50
34 49
35 48
35 48
36 47
36 46
37 45
37 44
38 43
38 43
38 42
39 41
39 40
40 39
40 38
40 38
40 37
41 36
41 35
42 34
42 33
42 33
42 32
42 31
42 30
42 29
42 28
42 27
42 27
42 26
42 25
42 24
42 23
42 22
42 22
42 21
42 20
42 19
41 18
41 17
41 16
41 15
41 15
41 14
40 13
40 12
40 12
39 12
39 12
40 13
41 14
42 15
42 16
43 17
44 18
45 19
46 20
47 21
48 22
49 23
49 24
50 25
51 26
52 27
52 27
52 28
53 29
53 30
53 31
53 31
53 30
53 29
53 28
53 27
53 27
52 26
52 26
53 27
53 27
54 26
54 26
55 25
55 24
56 23
56 23
57 22
57 21
58 20
58 20
58 19
59 18
59 17
59 17
60 16
60 15
61 14
61 13
61 13
61 12
62 11
62 10
62 10
62 9
63 8
63 7
63 7
63 6
63 5
63 4
63 4
62 3
62 2
62 2
62 1
62 1
61 0
61 0
60 1
60 1
60 2
60 3
60 3
60 4
59 5
59 6
59 6
59 7
59 8
58 9
58 10
58 11
58 11
58 12
58 13
57 14
57 15
57 16
57 17
57 17
57 18
57 19
57 20
56 21
56 22
56 23
56 24
56 24
56 25
56 26
56 27
55 28
55 29
55 30
55 31
55 31
55 32
55 33
55 34
54 35
54 36
54 37
54 38
54 38
54 39
53 40
53 41
53 42
52 43
52 44
52 44
52 45
52 46
51 47
51 48
51 49
51 49
51 50
50 51
50 52
50 52
50 53
50 54
50 55
50 55
49 56
49 56
49 57
49 57
49 57
49 56
49 56
49 55
49 54
49 54
49 53
49 52
49 51
49 51
49 50
49 49
49 48
49 47
49 47
49 46
49 45
49 44
49 43
49 42
49 42
49 41
50 40
50 39
50 39
50 38
50 37
50 37
51 36
51 35
51 35
52 36
52 36
52 37
52 37
52 38
53 39
53 40
53 40
53 41
53 42
54 43
54 44
54 45
54 45
54 46
54 47
54 48
54 49
54 49
54 50
55 51
55 52
55 52
56 53
56 54
56 54
56 55
56 55
57 56
58 56
58 56
59 55
59 55
60 54
60 53
61 52
61 52
61 51
62 50
62 49
62 49
62 48
63 47
63 46
63 45
63 45
64 44
64 43
65 42
65 41
65 41
65 40
65 39
66 38
66 37
66 36
66 36
66 35
66 34
66 33
66 33
66 32
66 32
66 33
66 33
66 34
66 35
66 35
66 36
66 37
66 38
66 38
66 39
65 40
65 41
65 41
65 42
65 43
65 44
65 44
65 45
65 46
65 46
65 47
65 47
65 48
65 48
66 48
66 48
67 47
67 47
68 46
68 45
68 45
69 44
69 43
69 43
69 42
70 41
70 40
70 39
70 39
70 38
70 37
70 37
70 36
70 36
70 36
70 37
70 37
70 38
70 39
70 39
70 40
70 41
70 41
70 42
70 43
70 44
70 44
70 45
70 46
70 46
70 47
70 47
70 47
71 47
71 47
71 46
71 46
72 45
73 45
73 45
73 44
74 43
74 42
74 42
74 41
75 40
75 39
75 39
76 38
76 38
76 37
76 37
76 38
76 38
76 39
76 39
76 40
76 41
76 41
76 42
76 43
76 43
75 44
75 45
75 45
75 46
75 46
75 47
75 47
75 47
76 46
76 46
77 45
77 45
78 44
78 43
78 43
79 42
79 41
79 41
80 40
80 40
81 40
81 40
81 41
81 41
82 42
82 42
82 43
82 44
82 44
82 45
82 45
83 46
83 46
84 46
84 46
85 46
85 46
86 45
87 44
87 44
88 43
89 43
90 42
90 42
90 41
91 40
91 39
91 39
92 38
92 37
92 37
92 36
92 35
92 34
92 34
92 33
92 32
92 32
91 31
91 31
91 32
91 32
90 33
90 34
90 34
90 35
89 36
89 37
89 37
89 38
88 39
88 40
88 41
88 41
88 42
88 43
88 44
88 45
88 46
88 47
88 47
88 48
88 49
88 50
88 51
88 52
88 53
88 54
88 55
88 55
88 56
88 57
88 58
87 59
87 60
87 61
87 62
87 63
87 63
87 64
87 65
87 66
87 67
87 68
87 69
87 70
87 71
87 71
87 72
87 73
87 74
86 75
86 76
86 77
86 78
86 79
86 79
86 80
86 81
86 82
85 83
85 84
85 85
85 86
85 87
85 87
85 88
84 89
84 90
84 91
84 92
83 93
83 94
83 94
83 95
82 96
82 97
81 98
81 99
81 99
80 100
79 100
79 100
78 100
78 100
77 99
77 99
77 98
76 97
76 96
76 96
76 95
76 94
76 93
76 92
76 91
76 91
76 90
76 89
76 88
76 87
76 86
76 85
76 85
76 84
76 83
77 82
77 81
77 80
77 80
77 79
78 78
78 77
79 76
79 75
79 75
79 74
80 73
80 72
80 71
80 70
81 69
81 68
81 68
82 67
82 66
83 65
83 64
84 63
84 62
84 62
85 61
85 60
86 59
86 58
87 57
87 56
87 56
88 55
89 54
89 53
90 52
91 51
91 51
92 50
92 49
93 48
93 48
94 47
95 47
96 46
96 46
97 45
98 44
98 44
99 44
100 44
