12 20
13 19
13 19
13 18
13 18
14 17
14 16
14 16
14 15
14 15
15 14
15 13
15 13
15 12
15 11
15 11
15 10
15 9
15 9
15 8
15 7
15 7
15 6
15 5
15 5
14 4
14 3
14 3
13 2
13 1
13 1
12 0
12 0
11 1
10 2
10 2
9 3
8 4
8 4
7 5
7 6
6 7
6 7
6 8
5 9
5 10
4 11
4 12
4 12
4 13
3 14
3 15
3 16
2 17
2 18
2 18
2 19
2 20
2 21
1 22
1 23
1 24
1 25
1 25
1 26
1 27
1 28
0 29
0 30
0 31
0 32
0 33
0 33
0 34
0 35
0 36
0 37
0 38
0 39
0 40
0 41
0 41
0 42
0 43
0 44
0 45
0 46
0 47
0 47
0 48
1 49
1 50
1 50
2 51
2 52
2 52
3 53
4 53
4 53
5 52
6 52
6 52
7 51
8 51
8 51
9 50
10 49
10 48
11 47
11 47
12 46
12 45
13 44
13 43
13 43
14 42
14 41
15 40
15 39
16 38
16 37
16 37
16 36
17 35
17 34
17 33
18 32
18 31
18 31
18 30
19 29
19 28
20 27
20 26
20 26
20 25
21 24
21 23
21 22
21 22
22 22
22 22
21 23
21 24
21 24
21 25
20 26
20 27
20 28
20 28
20 29
20 30
19 31
19 32
19 33
19 34
19 34
19 35
19 36
18 37
18 38
18 39
18 40
18 40
18 41
18 42
17 43
17 44
17 45
17 46
17 46
17 47
17 48
17 49
17 50
17 51
17 52
17 52
17 53
17 54
17 54
18 55
18 55
19 54
20 54
20 54
20 53
21 52
21 51
21 51
22 50
22 49
23 48
23 48
23 47
24 46
24 45
25 44
25 43
25 43
26 42
26 41
27 40
27 39
27 39
28 38
28 38
28 39
28 39
28 40
28 41
28 42
28 42
28 43
28 44
28 45
28 45
28 46
28 47
28 48
28 49
28 49
28 50
29 51
29 52
29 52
29 53
29 53
30 53
30 53
31 52
31 52
32 51
32 50
33 49
33 49
33 48
33 47
34 46
34 45
34 44
34 44
34 43
34 42
35 41
35 40
35 39
35 39
35 38
35 37
36 36
36 35
36 34
36 34
36 33
36 32
37 31
37 30
37 29
37 29
37 28
37 27
37 26
37 25
37 24
37 23
37 23
37 22
36 21
36 20
36 20
37 21
38 21
39 22
40 23
41 24
42 24
43 25
44 26
45 27
46 27
47 28
47 28
48 29
48 29
48 29
48 29
49 30
49 30
50 30
50 30
51 29
51 29
52 28
53 27
53 27
54 26
55 25
55 25
56 24
57 23
57 23
58 22
58 21
58 21
58 20
58 19
59 18
59 17
59 16
59 16
59 15
60 14
60 13
60 12
60 12
60 11
60 10
60 10
60 9
60 8
60 7
60 7
59 6
59 5
59 5
58 4
58 3
58 3
58 2
58 2
57 3
57 3
57 4
57 4
57 5
56 6
56 7
56 7
56 8
55 9
55 10
55 10
55 11
55 12
55 13
55 14
55 15
55 15
55 16
55 17
55 18
54 19
54 20
54 21
54 22
54 22
54 23
54 24
53 25
53 26
53 27
53 28
53 28
53 29
53 30
53 31
53 32
53 33
53 34
53 35
53 35
53 36
53 37
52 38
52 39
52 40
52 41
52 41
52 42
52 43
52 44
52 45
52 46
52 46
52 47
51 48
51 49
51 50
51 50
51 51
50 52
50 53
50 53
50 54
49 55
49 56
49 56
49 57
49 58
49 58
48 59
48 60
48 60
48 60
47 60
47 60
47 59
47 59
47 58
47 57
47 57
47 56
46 55
46 54
46 53
46 53
46 52
46 51
46 50
46 50
46 49
46 48
46 47
46 46
46 46
47 45
47 44
47 44
47 43
47 43
47 43
48 44
48 45
48 45
48 46
48 47
48 47
48 48
49 49
49 50
49 50
49 51
50 52
50 53
50 53
50 54
51 55
51 56
51 56
51 57
51 58
51 58
52 59
52 59
53 58
53 58
54 57
55 57
55 57
56 56
56 55
56 55
57 54
57 53
58 52
58 51
58 51
58 50
59 49
59 48
59 48
60 47
60 46
61 45
61 44
61 44
61 43
61 42
61 41
61 41
62 40
62 40
62 40
62 41
62 41
62 42
61 43
61 44
61 44
61 45
61 46
61 47
61 47
61 48
61 49
61 49
61 50
61 51
61 51
61 52
61 53
61 53
62 54
62 54
62 53
62 53
63 53
63 53
64 52
64 51
64 51
65 50
65 49
65 49
66 48
66 47
66 47
67 46
67 45
67 45
67 45
67 45
67 46
67 47
67 47
66 48
66 49
66 49
66 50
66 51
66 51
66 52
66 53
66 53
66 54
66 54
67 55
67 55
67 55
68 54
68 54
69 53
69 53
70 52
71 51
71 51
72 50
72 49
72 49
72 48
73 47
73 46
73 46
74 45
74 44
74 44
75 44
75 44
75 45
75 45
75 46
75 46
75 47
74 48
74 49
74 49
74 50
74 51
74 51
74 52
73 53
73 54
73 54
73 55
73 55
73 56
73 56
73 56
73 56
74 55
74 54
74 54
75 53
75 52
75 52
76 51
77 50
77 50
78 49
78 48
78 48
79 48
79 48
79 48
79 49
79 49
79 50
79 50
79 51
79 52
79 52
80 53
80 53
80 54
80 54
81 54
81 54
82 53
82 53
83 53
84 52
85 52
85 52
86 51
87 50
87 50
88 49
88 48
88 48
89 47
89 46
90 45
90 45
90 44
90 43
90 43
90 42
90 41
90 41
90 41
89 42
89 42
88 43
88 44
88 44
88 45
87 46
87 47
87 47
87 48
87 49
87 50
87 50
87 51
87 52
86 53
86 54
86 55
86 55
86 56
86 57
86 58
86 59
86 60
86 61
86 62
86 62
86 63
86 64
86 65
85 66
85 67
85 68
85 69
85 69
85 70
85 71
85 72
85 73
85 74
85 75
85 76
85 76
85 77
85 78
85 79
84 80
84 81
84 82
84 83
84 84
84 84
84 85
84 86
84 87
84 88
84 89
84 89
84 90
84 91
84 92
84 93
84 94
84 94
84 95
83 96
83 97
83 97
82 98
82 99
81 100
81 100
80 100
79 100
79 100
78 100
78 100
77 99
77 98
77 98
77 97
76 96
76 95
76 95
76 94
76 93
76 92
76 91
76 91
76 90
77 89
77 88
77 87
77 87
77 86
78 85
78 84
78 83
78 83
79 82
79 81
80 80
80 79
80 79
81 78
82 77
82 76
83 75
83 75
84 74
85 73
85 72
86 71
86 71
87 70
88 69
89 69
90 68
90 68
91 67
92 66
93 65
93 65
94 64
95 64
96 63
96 63
97 62
98 62
98 62
99 61
100 60
