12 16
13 15
13 15
13 15
13 15
13 15
14 14
14 14
14 13
14 13
14 12
14 11
14 11
15 10
15 10
15 9
15 9
15 8
15 7
15 7
15 6
15 6
14 5
14 4
14 4
14 3
14 3
13 2
13 1
13 1
12 1
12 1
11 0
11 0
10 1
10 1
9 2
8 3
8 3
7 4
7 5
6 6
6 6
6 7
5 8
5 9
5 10
5 10
4 11
4 12
3 13
3 14
3 14
3 15
2 16
2 17
2 18
1 19
1 20
1 20
1 21
1 22
0 23
0 24
0 25
0 26
0 26
0 27
0 28
0 29
0 30
0 31
0 32
0 33
0 33
0 34
0 35
0 36
0 37
0 38
0 38
0 39
0 40
0 41
0 42
0 43
0 43
0 44
0 45
0 46
0 47
0 47
1 48
1 49
2 50
2 50
3 51
3 52
3 52
4 53
4 54
4 54
5 55
5 55
6 54
7 54
7 54
8 53
9 53
9 53
10 52
10 51
10 51
11 50
12 49
12 49
13 48
13 47
14 46
14 45
14 45
14 44
15 43
15 42
16 41
16 40
16 40
17 39
17 38
18 37
18 36
19 35
19 35
19 34
20 33
20 32
21 31
21 30
21 30
21 29
22 28
22 27
23 26
23 25
23 25
23 24
24 23
24 22
24 22
24 21
24 20
24 20
24 20
24 21
24 21
23 22
23 23
23 23
23 24
23 25
22 26
22 27
22 28
22 28
22 29
21 30
21 31
20 32
20 33
20 33
20 34
20 35
19 36
19 37
19 38
19 38
19 39
19 40
19 41
19 42
19 43
19 43
19 44
19 45
19 46
19 46
19 47
19 48
19 49
19 49
20 50
20 50
20 50
21 49
22 49
22 49
23 48
23 47
24 46
24 45
24 45
25 44
25 43
26 42
26 41
26 41
26 40
27 39
27 38
27 37
28 36
28 35
28 35
28 34
29 33
29 32
29 31
30 30
30 29
30 29
31 28
31 27
32 26
32 26
32 25
32 25
32 26
32 26
32 27
32 28
32 28
32 29
31 30
31 31
31 31
31 32
31 33
31 34
31 35
31 36
31 36
31 37
31 38
30 39
30 40
30 41
30 42
30 42
30 43
30 44
30 45
30 46
30 47
30 47
30 48
30 49
30 50
30 51
30 51
31 52
31 53
31 53
32 53
33 53
33 53
34 52
35 52
35 52
36 51
36 50
37 49
37 48
37 48
37 47
38 46
38 45
39 44
39 43
39 43
40 42
40 41
41 40
41 39
42 38
42 38
42 37
42 36
43 35
43 34
43 33
43 32
43 32
43 31
43 30
44 29
44 28
44 27
44 26
44 26
44 25
44 24
44 23
44 22
44 22
44 21
44 20
44 20
44 19
44 19
43 19
43 19
43 20
43 20
44 21
45 21
46 22
47 22
48 23
49 23
50 24
51 24
52 25
52 25
53 25
53 25
53 26
53 27
53 27
52 26
52 26
53 25
53 25
54 25
54 25
55 24
56 23
56 23
57 22
57 21
58 20
58 20
59 19
59 18
60 17
60 17
60 16
61 15
61 14
61 14
62 13
62 12
62 12
62 11
62 10
62 9
62 9
62 8
62 7
62 7
62 6
61 5
61 4
61 4
61 3
61 3
60 3
60 3
59 4
59 4
59 5
59 6
59 6
59 7
58 8
58 9
58 9
58 10
57 11
57 12
57 13
57 13
57 14
57 15
57 16
57 17
57 18
57 18
57 19
57 20
56 21
56 22
56 23
56 24
56 24
56 25
56 26
56 27
56 28
56 29
56 30
56 31
56 31
56 32
56 33
55 34
55 35
55 36
55 37
55 37
55 38
54 39
54 40
54 41
54 41
54 42
53 43
53 44
53 45
53 45
53 46
52 47
52 48
52 48
52 49
52 50
52 51
52 51
51 52
51 53
51 53
51 54
51 54
51 54
50 54
50 54
50 53
50 53
50 52
50 51
50 50
50 50
50 49
50 48
49 47
49 46
49 45
49 45
49 44
49 43
49 42
49 41
49 41
49 40
50 39
50 38
50 37
50 37
50 36
50 35
50 34
50 34
51 33
51 32
51 32
52 32
52 32
53 33
53 33
54 34
54 35
54 35
54 36
55 37
55 38
55 38
55 39
55 40
55 41
55 42
55 42
55 43
56 44
56 45
56 45
56 46
56 47
56 48
56 48
57 49
57 50
57 50
58 51
58 51
59 51
59 51
60 50
60 50
61 49
62 48
62 48
62 47
63 46
63 45
63 45
63 44
64 43
64 42
64 41
64 41
64 40
65 39
65 38
66 37
66 36
66 36
66 35
67 34
67 33
67 32
67 32
68 31
68 30
68 30
68 30
68 31
68 31
68 32
68 33
68 33
67 34
67 35
67 35
67 36
66 37
66 38
66 39
66 39
66 40
66 41
66 42
66 42
66 43
66 44
66 44
66 45
66 46
66 46
66 47
66 47
67 48
67 48
67 47
67 47
68 46
68 46
69 45
70 44
70 44
70 43
71 42
71 41
71 41
71 40
72 39
72 38
72 38
72 37
73 36
73 35
73 35
73 34
73 34
73 35
73 35
73 36
73 37
73 37
72 38
72 39
72 39
72 40
72 41
72 41
72 42
72 43
72 43
72 44
72 45
72 45
72 46
72 46
73 47
73 47
73 47
74 46
75 45
75 45
76 44
76 43
76 43
77 42
77 41
77 41
78 40
79 39
79 39
80 38
80 37
80 37
81 37
81 37
81 37
80 38
80 39
80 39
80 40
80 40
79 41
79 42
79 42
79 43
79 43
78 44
78 44
79 44
79 44
79 44
80 43
80 43
81 42
81 42
82 41
83 40
83 40
84 39
84 38
84 38
85 38
85 38
86 38
86 38
86 39
86 39
86 40
86 40
86 41
86 42
86 42
86 43
86 43
87 43
87 43
88 43
88 43
89 43
89 43
90 42
91 41
91 41
92 40
92 40
93 39
93 38
93 38
93 37
93 36
93 35
93 35
92 34
92 33
92 33
92 32
92 32
91 32
91 32
90 33
90 34
90 34
90 35
89 36
89 37
89 37
89 38
89 39
89 40
89 41
89 41
89 42
89 43
89 44
89 45
89 46
89 47
89 47
89 48
89 49
89 50
89 51
89 52
89 53
89 54
89 54
89 55
89 56
89 57
89 58
88 59
88 60
88 61
88 62
88 63
88 63
88 64
88 65
88 66
88 67
88 68
88 69
88 70
88 71
88 71
88 72
88 73
88 74
88 75
87 76
87 77
87 78
87 79
87 80
87 80
87 81
87 82
87 83
86 84
86 85
86 86
86 87
86 88
86 88
86 89
85 90
85 91
85 92
84 93
84 94
84 94
83 95
83 96
82 97
82 98
82 98
81 99
80 100
80 100
79 100
79 100
78 99
78 99
77 98
77 97
77 97
77 96
76 95
76 94
76 94
76 93
76 92
76 91
76 90
76 89
76 89
76 88
76 87
77 86
77 85
77 84
77 84
77 83
77 82
78 81
78 80
78 79
78 79
78 78
79 77
79 76
79 75
80 74
80 73
80 73
80 72
81 71
81 70
82 69
82 68
83 67
83 66
83 66
83 65
84 64
84 63
85 62
85 61
86 60
86 59
86 59
87 58
87 57
88 56
88 55
89 54
89 54
90 53
91 52
91 51
92 50
92 50
93 49
94 48
94 47
95 46
95 46
96 45
97 44
97 44
98 43
99 43
99 43
100 42
