11 18
12 18
12 18
12 18
12 17
12 17
12 17
12 16
12 16
13 15
13 14
13 14
13 13
13 13
14 12
14 11
14 11
14 10
14 9
14 9
15 8
15 7
15 7
15 6
15 5
15 5
15 4
15 3
15 3
14 2
14 1
14 1
13 0
13 0
12 1
12 1
11 2
10 3
10 3
9 4
9 5
8 6
8 7
8 7
8 8
7 9
7 10
6 11
6 12
6 12
6 13
5 14
5 15
4 16
4 17
3 18
3 19
3 19
3 20
2 21
2 22
2 23
2 24
1 25
1 26
1 27
1 27
1 28
1 29
1 30
1 31
0 32
0 33
0 34
0 35
0 36
0 36
0 37
0 38
0 39
0 40
0 41
0 42
0 43
0 44
0 44
0 45
0 46
0 47
0 48
0 49
0 50
0 51
0 51
0 52
1 53
1 54
1 55
1 55
2 56
2 57
2 57
3 58
4 58
4 58
5 57
6 57
6 57
7 56
8 55
8 55
9 54
10 53
10 52
11 51
11 51
11 50
12 49
12 48
13 47
13 46
13 46
14 45
14 44
15 43
15 42
16 41
16 40
16 40
16 39
17 38
17 37
17 36
18 35
18 34
18 34
18 33
19 32
19 31
19 30
20 29
20 28
20 28
21 27
21 26
22 25
22 25
22 24
22 24
22 25
22 25
22 26
21 27
21 28
21 28
21 29
21 30
20 31
20 32
20 33
20 33
20 34
19 35
19 36
18 37
18 38
18 38
18 39
18 40
17 41
17 42
17 43
17 43
17 44
17 45
17 46
17 47
17 47
17 48
17 49
17 49
18 49
18 49
19 48
19 48
20 47
21 46
21 46
22 45
22 44
23 43
23 42
23 42
24 41
24 40
25 39
25 39
26 38
26 37
26 37
26 37
26 38
26 39
26 39
26 40
26 41
26 42
26 42
26 43
26 44
26 45
26 45
26 46
27 47
27 48
27 48
27 49
27 50
27 50
28 51
28 51
29 50
30 50
30 50
31 49
31 48
31 48
32 47
32 46
33 45
33 45
34 44
34 43
35 42
35 41
35 41
35 40
35 39
36 38
36 37
36 36
36 36
36 35
37 34
37 33
37 32
37 32
37 31
37 30
37 29
37 28
37 27
37 27
37 26
37 25
37 24
37 24
37 23
36 22
36 21
36 21
35 20
35 20
34 21
34 21
35 22
36 22
37 23
38 23
39 24
40 25
41 25
42 26
43 27
44 27
45 28
46 28
47 29
47 29
46 29
46 29
46 29
46 29
47 30
47 30
47 30
48 30
49 30
49 30
50 29
51 29
51 29
52 28
53 27
53 27
54 26
54 25
55 24
55 24
56 23
57 22
58 21
58 21
58 20
59 19
59 18
59 18
60 17
60 16
61 15
61 14
61 14
61 13
62 12
62 11
62 11
62 10
62 9
62 8
62 8
62 7
61 6
61 5
61 5
61 4
61 4
60 3
60 3
59 4
59 4
58 5
58 5
57 6
57 7
57 7
57 8
56 9
56 10
56 10
56 11
56 12
56 13
56 14
56 14
56 15
56 16
55 17
55 18
55 19
55 20
55 20
55 21
55 22
54 23
54 24
54 25
54 26
54 26
54 27
54 28
54 29
54 30
54 31
54 31
54 32
54 33
53 34
53 35
53 36
53 36
53 37
53 38
53 39
53 40
53 41
53 41
53 42
52 43
52 44
52 45
52 45
52 46
51 47
51 48
51 48
50 49
50 50
49 51
49 51
49 52
49 53
49 54
49 54
48 55
48 56
48 56
47 57
47 57
47 58
47 58
47 58
46 57
46 56
46 56
46 55
46 54
46 54
46 53
46 52
46 51
46 50
46 50
46 49
46 48
47 47
47 46
47 45
47 45
47 44
47 43
47 42
47 41
47 40
47 40
47 39
48 38
48 37
48 36
48 36
48 35
48 35
49 35
49 35
49 36
49 36
50 37
50 38
50 38
50 39
50 40
50 41
50 41
50 42
50 43
50 44
50 45
50 45
50 46
51 47
51 48
51 49
51 49
51 50
52 51
52 52
52 52
53 53
53 53
54 54
54 54
55 55
55 55
56 54
57 54
57 54
58 53
58 52
58 52
59 51
59 50
60 49
60 49
61 48
61 47
62 46
62 46
62 45
63 44
63 43
63 42
63 42
64 41
64 40
65 39
65 38
65 38
66 37
66 36
66 36
66 36
65 37
65 37
65 38
65 39
65 39
65 40
64 41
64 42
64 42
64 43
63 44
63 45
63 45
63 46
63 47
63 48
63 48
62 49
62 50
62 50
62 51
62 52
62 52
63 53
63 53
63 53
64 53
64 53
65 52
65 52
66 51
66 50
66 50
67 49
68 48
68 48
68 47
69 46
69 45
69 45
70 44
70 43
70 43
71 42
71 41
71 41
71 41
70 42
70 42
70 43
70 44
70 44
70 45
69 46
69 47
69 47
68 48
68 49
68 49
68 50
68 51
68 51
68 52
68 52
69 53
69 53
69 53
70 52
70 52
71 51
72 50
72 50
73 49
73 48
73 48
74 47
75 46
75 46
76 45
77 44
77 44
78 43
78 43
78 44
78 44
78 45
78 45
77 46
77 47
77 47
77 48
77 48
76 49
76 49
76 50
76 50
76 50
77 50
77 50
78 49
78 49
79 48
79 48
80 48
80 48
81 47
81 47
82 47
82 47
83 47
83 47
83 47
84 47
84 47
85 47
85 47
86 47
87 47
87 47
88 46
88 45
88 45
89 44
90 44
90 44
91 43
91 42
91 42
91 41
91 40
91 40
91 39
91 38
91 38
90 37
90 36
90 36
89 36
89 36
88 37
88 37
87 38
87 39
87 39
87 40
87 41
87 42
87 42
87 43
87 44
87 45
87 46
87 47
87 47
87 48
87 49
87 50
87 51
87 52
87 53
87 53
87 54
87 55
87 56
87 57
87 58
87 59
87 59
87 60
87 61
87 62
87 63
86 64
86 65
86 66
86 67
86 68
86 68
86 69
86 70
86 71
86 72
85 73
85 74
85 75
85 76
85 77
85 77
85 78
85 79
85 80
85 81
84 82
84 83
84 84
84 85
84 86
84 86
84 87
84 88
83 89
83 90
83 91
83 92
83 92
82 93
82 94
81 95
81 96
81 96
80 97
80 98
79 99
79 100
79 100
78 100
77 100
77 100
76 100
76 100
75 99
75 98
75 98
75 97
75 96
75 95
75 94
75 94
75 93
75 92
74 91
74 90
74 89
74 89
74 88
74 87
75 86
75 85
75 84
75 83
75 83
75 82
75 81
76 80
76 79
76 78
76 78
77 77
77 76
78 75
78 74
78 74
79 73
80 72
80 71
81 70
81 70
82 69
82 68
83 67
83 66
84 65
84 65
85 64
86 63
87 63
88 62
88 62
89 61
90 60
90 59
91 58
91 58
92 57
93 56
94 55
94 55
95 54
96 53
97 52
97 52
98 51
98 51
99 51
99 51
100 51
100 51
99 51
