17 20
17 21
17 21
17 20
17 20
18 19
18 19
18 18
18 18
18 17
18 17
19 16
19 15
19 15
19 14
19 13
19 13
20 12
20 11
20 11
20 10
20 9
20 9
20 8
20 8
20 7
20 6
20 6
20 5
20 5
19 4
19 3
19 3
18 2
18 2
17 1
17 0
17 0
16 1
16 1
15 2
15 2
14 1
13 1
13 1
12 2
11 2
11 2
10 3
10 4
9 5
9 5
8 6
8 7
7 8
7 8
6 9
6 10
5 11
5 12
5 12
5 13
4 14
4 15
3 16
3 17
3 17
3 18
2 19
2 20
2 21
2 22
1 23
1 24
1 24
1 25
1 26
1 27
0 28
0 29
0 30
0 31
0 31
0 32
0 33
0 34
0 35
0 36
0 37
0 38
0 39
0 39
0 40
0 41
0 42
0 43
0 44
0 45
0 46
0 46
0 47
0 48
1 49
1 50
1 51
1 51
1 52
2 53
2 54
2 55
2 55
3 56
3 57
3 57
4 58
5 59
5 59
6 60
7 60
7 60
8 60
9 60
9 60
10 59
11 59
11 59
12 58
13 57
13 57
14 56
15 55
16 54
16 54
16 53
17 52
17 51
18 50
18 49
18 49
19 48
19 47
20 46
20 45
21 44
21 43
21 43
22 42
22 41
23 40
23 39
24 38
24 37
24 37
24 36
25 35
25 34
25 33
25 32
26 31
26 30
26 30
27 29
27 28
28 27
28 27
28 26
28 25
28 25
28 25
28 26
28 27
28 27
27 28
27 29
27 29
27 30
26 31
26 32
26 33
26 33
26 34
25 35
25 36
25 37
24 38
24 39
24 39
24 40
23 41
23 42
23 43
22 44
22 45
22 45
22 46
22 47
21 48
21 49
21 50
21 50
21 51
21 52
21 53
21 54
21 54
21 55
21 56
21 57
21 57
22 58
22 58
23 58
23 58
24 57
25 56
25 56
26 55
26 54
27 53
27 53
28 52
28 51
29 50
29 49
30 48
30 48
30 47
31 46
31 45
31 44
32 43
32 42
32 42
32 41
33 40
33 39
33 38
34 37
34 36
34 36
35 35
35 34
35 34
35 33
35 33
35 34
35 34
35 35
35 36
35 36
35 37
34 38
34 39
34 40
34 40
34 41
33 42
33 43
33 43
33 44
33 45
33 46
33 47
33 47
33 48
33 49
33 50
33 51
33 51
33 52
33 53
33 54
33 55
33 56
33 56
33 57
33 57
34 58
35 58
35 58
36 57
37 57
37 57
38 56
38 55
39 54
39 53
39 53
40 52
41 51
41 50
42 49
42 49
42 48
43 47
43 46
44 45
44 44
44 44
44 43
44 42
45 41
45 40
45 39
45 38
45 38
45 37
45 36
46 35
46 34
46 33
46 33
46 32
46 31
46 30
46 29
46 28
46 27
46 27
46 26
46 25
45 24
45 23
45 22
45 22
46 23
47 24
48 25
49 25
50 26
51 27
52 28
52 28
52 29
53 30
53 31
53 31
53 31
53 31
54 30
54 30
55 29
55 29
56 28
56 27
57 26
57 26
58 25
59 24
59 24
60 23
60 22
61 21
61 21
61 20
62 19
62 18
62 18
63 17
63 16
63 16
63 15
63 14
63 14
63 13
63 12
63 11
63 11
63 10
63 9
63 9
62 8
62 8
62 8
61 8
61 8
60 9
60 10
60 10
60 11
60 12
60 13
60 13
60 14
59 15
59 16
59 17
59 17
59 18
59 19
58 20
58 21
58 22
58 22
58 23
57 24
57 25
57 26
56 27
56 28
56 28
56 29
56 30
55 31
55 32
55 33
55 34
55 34
55 35
55 36
54 37
54 38
54 39
54 40
54 40
54 41
54 42
53 43
53 44
53 45
53 45
53 46
52 47
52 48
52 49
52 49
52 50
51 51
51 52
51 53
51 53
51 54
50 55
50 56
50 56
50 57
49 58
49 59
49 59
48 60
48 60
48 61
48 61
47 62
47 62
47 62
47 61
47 61
47 60
47 59
47 58
47 58
47 57
47 56
47 55
47 54
47 54
47 53
47 52
48 51
48 50
48 49
48 49
48 48
48 47
48 46
48 45
48 45
48 44
49 43
49 42
49 42
50 41
50 41
51 41
51 41
51 42
51 42
52 43
52 44
52 44
52 45
52 46
52 46
52 47
52 48
52 49
52 49
52 50
53 51
53 52
53 52
53 53
53 54
53 54
54 55
54 56
54 56
55 56
55 56
56 56
56 56
57 55
58 55
58 55
59 54
59 53
59 53
60 52
60 51
61 50
61 50
62 49
62 48
63 47
63 46
63 46
64 45
64 44
65 43
65 42
65 42
66 41
66 40
66 40
67 39
67 38
67 38
67 39
67 39
67 39
66 40
66 40
66 41
66 42
66 42
66 43
65 44
65 45
65 45
65 46
65 47
65 47
64 48
64 49
64 49
64 50
64 51
64 51
64 52
64 53
64 53
65 54
65 54
65 54
66 54
66 54
67 53
67 53
68 52
68 51
68 51
69 50
69 49
69 49
69 48
70 47
70 46
70 46
70 45
70 45
71 44
71 44
70 44
70 44
70 44
70 45
70 45
70 46
70 47
70 47
69 48
69 49
69 49
69 50
69 51
69 51
70 52
70 52
70 53
70 53
70 53
71 52
71 52
72 51
72 51
73 50
74 49
74 49
75 48
75 47
75 47
76 46
76 45
76 45
77 44
77 44
77 44
77 45
77 45
77 46
77 46
76 47
76 48
76 48
76 49
76 50
76 50
75 51
75 51
75 52
75 52
75 52
75 53
75 53
76 52
76 52
77 51
77 51
78 50
78 50
79 49
79 49
79 48
79 48
80 48
80 48
80 49
80 49
80 50
80 50
81 50
81 50
82 51
82 51
83 51
83 51
84 51
85 51
85 51
86 50
87 49
87 49
88 48
88 48
89 47
89 46
89 46
90 45
90 45
90 44
90 43
90 43
89 42
89 41
89 41
89 40
89 40
88 40
88 40
87 41
87 41
86 42
86 43
86 43
86 44
86 45
86 46
86 46
86 47
85 48
85 49
85 49
85 50
85 51
85 52
85 53
85 53
85 54
85 55
85 56
85 57
85 58
85 58
85 59
85 60
84 61
84 62
84 63
84 64
84 64
84 65
84 66
84 67
84 68
84 69
84 69
84 70
84 71
83 72
83 73
83 74
83 75
83 75
83 76
83 77
82 78
82 79
82 80
82 81
82 81
82 82
81 83
81 84
80 85
80 86
80 86
80 87
79 88
79 89
78 90
78 91
78 91
78 92
77 93
77 94
76 95
76 96
76 96
75 97
74 98
74 98
73 99
73 100
73 100
72 100
72 100
72 100
71 99
71 99
71 98
71 98
71 97
72 96
72 95
72 94
72 94
72 93
73 92
73 91
73 91
73 90
73 89
74 88
74 87
74 86
74 86
75 85
75 84
76 83
76 82
77 81
77 81
77 80
78 79
78 78
78 77
79 76
79 75
79 75
80 74
80 73
81 72
81 71
82 70
82 70
83 69
84 68
84 67
85 66
85 66
86 65
87 64
87 63
88 62
88 62
89 61
90 61
91 60
91 60
92 59
93 58
93 58
94 57
95 57
95 57
96 56
96 56
97 55
97 55
98 55
98 55
99 54
99 54
99 54
100 53
100 53
99 53
