17 28
17 28
17 28
17 28
17 28
17 28
17 27
17 27
17 27
18 26
18 25
18 25
18 24
18 23
18 23
18 22
19 21
19 20
19 20
19 19
19 19
19 18
20 17
20 16
20 15
20 15
20 14
20 13
20 12
20 11
20 10
20 9
20 9
20 8
20 7
20 7
20 6
20 5
20 5
19 4
19 3
19 3
19 2
19 2
18 1
18 1
17 1
16 1
16 1
15 0
15 0
14 0
14 0
13 1
12 1
12 1
11 2
11 2
10 3
9 4
9 4
8 5
8 6
8 6
7 7
7 8
6 9
6 10
6 10
6 11
5 12
5 13
5 14
5 14
4 15
4 16
3 17
3 17
3 18
2 19
2 20
2 20
2 21
1 22
1 23
1 23
1 24
1 25
1 26
1 26
1 27
0 28
0 29
0 29
0 30
0 31
0 32
0 33
0 34
0 34
0 35
0 36
0 37
0 38
0 38
0 39
0 40
0 41
0 42
0 43
0 43
0 44
0 45
0 46
0 47
0 48
0 48
0 49
0 50
1 51
1 52
1 53
1 53
1 54
2 55
2 56
2 56
2 57
3 58
3 59
3 59
3 60
4 61
4 62
4 62
5 63
6 63
6 63
7 64
7 64
8 64
9 64
9 64
10 63
11 63
11 63
12 62
13 61
13 61
14 60
15 59
15 59
16 58
16 57
17 56
17 56
18 55
18 54
19 53
19 53
19 52
20 51
20 50
20 49
20 49
21 48
21 47
22 46
22 46
22 45
23 44
23 43
23 42
23 42
23 41
24 40
24 39
24 38
24 38
24 37
25 36
25 35
25 34
25 34
25 33
26 32
26 31
26 30
26 30
27 29
27 28
27 28
27 27
27 26
27 26
28 25
28 25
28 25
28 25
28 25
28 25
28 25
27 26
27 26
27 26
27 26
27 27
27 27
26 28
26 28
25 29
25 30
25 30
25 31
25 32
25 32
24 33
24 34
24 34
24 35
24 36
24 37
24 37
24 38
23 39
23 40
23 40
23 41
23 42
23 43
23 44
23 44
23 45
22 46
22 47
22 47
22 48
22 49
22 50
22 51
22 51
22 52
22 53
22 54
22 55
22 55
22 56
22 57
22 58
22 59
22 60
22 60
22 61
22 62
22 63
22 63
22 64
22 65
22 65
23 66
23 66
23 66
24 65
24 65
25 64
25 63
25 63
26 62
26 61
27 60
27 59
27 59
27 58
28 57
28 56
28 55
28 55
28 54
29 53
29 52
29 52
29 51
30 50
30 49
30 49
30 48
30 47
30 47
31 46
31 46
31 45
31 45
31 44
31 44
31 43
31 42
31 42
31 42
31 42
31 42
31 43
31 43
31 44
31 44
31 45
31 46
31 47
31 48
31 48
31 49
31 50
31 51
31 52
31 52
31 53
31 54
31 55
31 56
31 57
31 57
31 58
31 59
31 60
31 61
31 61
31 62
32 63
32 64
32 64
32 65
32 66
32 66
33 67
33 68
33 68
34 69
34 69
35 69
35 69
36 68
36 68
37 67
37 67
37 66
38 65
38 64
38 64
39 63
39 62
40 61
40 61
40 60
41 59
41 58
41 58
41 57
41 56
42 55
42 54
42 53
42 53
42 52
43 51
43 50
43 49
43 49
43 48
43 47
44 46
44 45
44 44
44 44
44 43
44 42
45 41
45 40
45 39
45 39
45 38
45 37
46 36
46 35
46 34
46 34
46 33
46 32
47 31
47 30
47 29
47 29
47 28
47 27
47 26
47 25
47 24
47 24
47 23
48 22
48 21
48 20
48 20
48 19
48 18
48 17
48 16
48 16
49 17
49 18
50 19
50 20
51 21
51 22
52 23
52 24
53 25
53 26
53 26
53 26
53 26
53 26
52 27
52 27
52 28
52 28
53 29
53 29
53 30
53 31
53 31
54 32
54 32
55 33
55 33
56 33
56 33
57 33
57 33
58 32
58 32
59 31
60 30
60 30
61 29
61 29
61 28
61 27
61 27
61 26
62 25
62 24
62 24
63 23
63 22
63 22
63 21
63 20
63 19
63 19
63 18
63 17
63 16
63 16
63 15
63 14
63 13
63 13
62 12
62 11
62 11
62 10
62 9
62 8
62 8
61 7
61 7
61 6
61 6
60 6
60 6
60 7
60 7
60 8
59 9
59 10
59 10
59 11
58 12
58 13
58 13
58 14
57 15
57 16
57 17
57 17
57 18
57 19
57 20
57 20
57 21
56 22
56 23
56 23
56 24
55 25
55 26
55 27
55 27
55 28
55 29
55 30
55 31
55 31
55 32
54 33
54 34
54 35
54 35
54 36
54 37
54 38
54 39
54 39
54 40
53 41
53 42
53 43
53 43
53 44
53 45
53 46
53 47
53 47
53 48
52 49
52 50
52 51
52 51
52 52
52 53
52 54
52 55
52 56
52 56
52 57
51 58
51 59
51 59
51 60
51 61
51 62
51 62
50 63
50 64
50 64
49 65
49 65
49 65
48 64
48 64
48 63
48 63
48 62
48 61
48 61
48 60
48 59
48 59
48 58
48 57
48 56
48 56
49 55
49 54
49 54
49 53
49 52
49 52
50 51
50 51
51 50
51 50
51 50
52 50
52 50
53 50
53 50
54 50
55 50
55 50
56 51
56 51
56 52
56 53
56 53
57 54
57 54
58 55
58 55
59 56
59 56
60 56
60 56
60 56
61 56
61 56
62 55
62 54
62 54
63 53
63 52
64 51
64 51
64 50
64 49
64 48
64 48
64 47
65 46
65 45
65 45
66 44
66 43
66 43
66 42
66 41
66 41
66 41
66 40
66 40
66 40
66 40
66 40
66 40
65 40
65 40
65 40
65 41
65 42
65 42
65 43
65 43
64 44
64 45
64 45
64 46
64 47
64 47
64 48
64 49
64 50
64 50
64 51
64 52
64 53
64 53
64 54
64 55
64 55
64 56
64 57
64 57
64 58
64 58
65 58
65 58
65 58
66 57
66 57
67 56
67 55
67 55
68 54
68 53
68 53
68 52
69 51
69 50
69 50
69 49
69 48
69 48
70 47
70 46
70 46
70 45
70 45
71 44
71 44
71 44
70 44
70 44
70 44
70 44
70 45
70 46
70 46
70 47
70 48
70 48
71 49
71 50
71 50
71 51
71 52
71 52
71 53
71 54
71 55
71 55
71 56
71 56
72 57
72 57
72 58
72 58
73 57
73 57
74 56
74 56
74 55
74 54
74 54
75 53
75 52
75 52
75 51
76 50
76 49
76 49
76 48
76 47
76 47
76 46
76 46
76 45
76 45
76 45
76 45
76 45
76 45
76 45
76 46
76 46
76 47
76 48
76 48
76 49
76 50
76 50
76 51
76 52
76 52
76 53
76 54
76 55
76 55
76 56
76 57
76 57
76 58
76 58
77 59
77 59
77 59
78 59
78 59
78 58
78 58
79 57
79 56
79 56
79 55
79 54
79 53
79 53
79 52
79 51
79 51
80 50
80 49
80 49
80 48
80 48
80 47
80 47
80 47
80 47
80 47
80 47
80 47
80 48
80 49
80 49
80 50
80 51
80 52
80 52
80 53
80 54
80 54
81 55
81 55
82 56
82 56
83 56
83 56
84 55
84 55
85 54
85 53
85 53
86 52
86 51
86 51
87 50
87 49
87 49
88 48
88 47
88 47
88 46
88 45
88 45
89 44
89 44
88 43
88 43
88 42
88 42
88 41
88 41
88 40
88 40
87 39
87 39
87 38
87 38
87 38
87 38
87 38
86 39
86 39
86 40
86 40
86 41
85 42
85 43
85 43
85 44
85 45
85 45
85 46
85 47
85 47
85 48
85 48
84 49
84 50
84 50
84 51
84 52
84 53
84 53
84 54
84 55
84 56
84 56
85 57
85 58
85 58
85 59
85 60
85 60
85 61
85 61
85 62
85 62
86 62
86 62
86 63
86 63
86 63
86 64
85 65
85 66
85 66
85 67
85 68
85 69
85 69
85 70
85 71
84 72
84 73
84 74
84 74
84 75
84 76
83 77
83 78
83 79
83 79
83 80
83 81
82 82
82 83
82 84
82 84
82 85
81 86
81 87
81 88
81 88
81 89
80 90
80 91
80 92
80 92
80 93
79 94
79 95
79 96
79 96
78 97
78 98
78 98
78 99
78 100
78 100
77 100
77 100
76 100
76 100
76 100
76 99
76 99
76 98
76 97
76 96
76 96
76 95
76 94
76 93
76 92
76 91
76 91
76 90
76 89
77 88
77 87
77 86
77 85
77 85
77 84
78 83
78 82
78 81
78 81
78 80
79 79
79 78
79 77
79 77
79 76
80 75
80 74
80 74
80 73
81 72
81 71
81 71
82 70
83 69
83 69
84 68
84 67
84 67
85 66
85 65
86 64
86 64
87 63
87 62
88 61
88 60
88 60
89 59
89 58
90 57
90 56
91 55
91 55
92 54
92 53
93 52
93 51
93 51
94 50
95 49
95 48
96 47
96 47
97 46
98 45
98 45
99 44
100 44
