13 13
13 13
13 13
13 12
13 12
14 12
14 12
14 11
14 11
14 10
14 10
14 9
14 9
13 8
13 8
13 7
13 6
13 6
13 5
13 5
12 4
12 3
12 3
12 2
12 2
11 1
11 1
10 1
10 1
9 1
9 1
8 2
8 2
8 3
7 4
7 5
7 5
7 6
6 7
6 8
6 8
6 9
5 10
5 11
5 11
5 12
4 13
4 14
4 15
4 15
4 16
3 17
3 18
3 19
3 19
3 20
3 21
2 22
2 23
2 24
2 25
2 25
2 26
2 27
1 28
1 29
1 30
1 30
1 31
1 32
0 33
0 34
0 35
0 36
0 36
0 37
0 38
0 39
0 40
0 41
0 41
0 42
0 43
0 44
0 45
0 46
0 47
0 47
0 48
0 49
0 50
0 51
0 52
0 53
0 53
0 54
0 55
0 56
0 57
0 57
0 58
1 59
1 60
1 61
1 61
1 62
2 63
2 64
2 64
3 65
3 65
4 66
5 66
5 66
6 65
6 65
7 64
8 63
8 63
8 62
9 61
9 60
9 60
10 59
10 58
11 57
11 56
11 56
11 55
11 54
12 53
12 52
12 51
12 50
12 50
12 49
13 48
13 47
14 46
14 45
14 45
14 44
15 43
15 42
15 41
16 40
16 39
16 39
16 38
16 37
17 36
17 35
17 34
17 34
17 33
17 32
18 31
18 30
18 29
18 28
18 28
18 27
19 26
19 25
19 25
19 24
20 23
20 22
20 22
20 21
20 20
20 20
20 19
20 19
20 19
20 19
20 19
19 20
19 21
19 21
19 22
19 23
19 23
19 24
18 25
18 26
18 26
18 27
18 28
18 29
18 29
18 30
17 31
17 32
17 32
17 33
17 34
17 35
17 36
17 37
17 37
17 38
17 39
17 40
17 41
17 41
17 42
17 43
17 44
17 45
17 45
17 46
16 47
16 48
16 49
16 49
16 50
17 51
17 52
17 52
17 53
17 54
17 54
18 55
18 55
18 55
19 54
19 54
20 53
20 52
20 52
20 51
21 50
21 49
21 49
21 48
22 47
22 46
22 45
22 45
22 44
23 43
23 42
23 41
23 41
23 40
23 39
24 38
24 37
24 36
24 36
24 35
24 34
25 33
25 32
25 31
25 31
25 30
25 29
26 28
26 27
26 26
26 26
26 25
26 24
26 23
26 23
26 22
27 21
27 20
27 20
28 19
28 19
28 18
28 18
28 18
28 19
28 19
28 20
28 21
28 21
27 22
27 23
27 23
27 24
27 25
27 26
27 27
27 27
27 28
27 29
27 30
27 31
27 31
27 32
27 33
27 34
27 35
27 36
27 36
27 37
27 38
26 39
26 40
26 41
26 41
26 42
26 43
26 44
26 45
26 45
26 46
27 47
27 48
27 49
27 49
27 50
28 51
28 52
28 52
28 53
28 53
29 53
30 53
30 53
31 53
31 53
32 52
32 51
32 51
32 50
33 49
33 48
33 47
33 47
34 46
34 45
35 44
35 43
35 43
35 42
35 41
36 40
36 39
36 38
36 38
36 37
36 36
37 35
37 34
37 33
37 32
37 32
37 31
37 30
38 29
38 28
38 27
38 26
38 26
38 25
38 24
39 23
39 22
39 21
39 20
39 20
39 19
39 18
40 17
40 16
40 15
40 15
40 14
40 13
40 12
40 12
40 11
40 11
40 10
40 10
39 9
39 9
39 8
39 8
39 8
39 8
39 8
38 8
38 8
38 9
38 9
39 10
40 11
40 12
41 13
42 14
43 15
43 16
44 17
45 18
46 19
46 20
47 21
48 22
49 23
49 24
50 25
51 26
51 26
50 27
50 28
50 28
50 28
50 28
50 28
50 28
50 28
51 28
51 28
52 27
52 26
52 26
53 25
53 25
54 24
54 23
54 23
54 22
55 21
55 20
55 20
56 19
56 18
56 18
57 17
57 16
57 16
57 15
57 14
57 14
58 13
58 12
58 12
58 11
58 10
58 9
58 8
58 8
58 7
58 6
58 5
58 5
58 4
58 3
58 3
58 2
58 1
58 1
57 1
57 1
57 0
57 0
56 1
56 1
56 2
56 2
56 3
56 3
56 4
56 4
56 5
55 6
55 7
55 7
55 8
55 9
55 10
55 10
55 11
55 12
55 13
55 13
55 14
55 15
55 16
55 17
55 17
55 18
55 19
55 20
55 21
55 21
55 22
55 23
55 24
55 25
55 26
55 26
55 27
55 28
55 29
55 30
55 30
55 31
56 32
56 33
56 33
56 34
56 35
56 36
56 37
56 37
56 38
56 39
56 40
56 41
56 41
56 42
56 43
56 44
56 45
56 45
56 46
56 47
56 48
56 48
56 49
55 50
55 51
55 52
55 52
55 53
55 54
55 54
55 55
54 56
54 57
54 57
54 58
54 58
53 59
53 59
52 59
52 59
52 58
52 58
51 58
51 58
51 57
51 57
50 56
50 56
50 55
50 55
50 54
50 54
50 53
50 52
50 52
50 51
50 51
51 50
51 49
51 49
51 48
51 48
52 47
52 47
52 46
52 46
53 46
53 46
54 45
55 45
55 45
56 44
56 44
57 44
57 44
58 43
59 43
59 43
60 43
61 43
61 43
62 42
62 42
63 41
64 41
64 41
65 40
66 40
66 40
67 39
67 39
68 38
69 37
69 37
70 36
70 35
70 35
71 34
71 34
71 33
71 33
72 32
72 31
72 31
72 31
72 31
72 31
71 31
71 31
71 31
70 32
70 32
70 32
70 33
70 33
69 34
69 34
69 35
69 35
69 36
69 36
68 37
68 37
68 38
68 39
68 39
68 40
68 40
68 41
68 42
68 42
68 43
68 44
68 44
68 45
68 46
68 46
68 47
68 48
68 48
68 49
68 50
68 50
68 51
68 52
68 52
69 53
69 53
69 54
69 54
70 54
70 54
71 54
71 54
71 53
71 52
71 52
72 51
72 51
72 50
73 49
73 48
73 48
74 47
74 46
74 46
74 45
75 44
75 43
75 43
76 42
76 41
76 41
76 40
76 39
76 39
76 38
76 38
76 38
76 38
76 38
76 39
76 39
76 40
76 40
76 41
76 42
76 42
76 43
76 44
76 44
77 45
77 46
77 46
77 47
77 47
77 48
77 48
78 49
78 49
79 49
79 49
80 49
80 49
81 48
81 48
82 47
82 46
82 46
82 45
82 45
83 44
83 43
83 43
84 42
84 42
84 41
84 40
84 40
84 39
84 39
84 38
84 38
84 37
84 37
84 37
84 37
84 38
84 38
83 39
83 39
83 40
83 41
83 41
83 42
83 43
83 43
83 44
83 45
83 46
83 46
82 47
82 48
82 48
82 49
82 50
82 50
82 51
82 52
82 52
83 52
83 52
83 52
83 51
83 51
83 50
83 50
84 49
84 48
84 48
84 47
84 46
84 45
84 45
85 44
85 43
85 43
85 42
85 41
85 41
86 40
86 39
86 39
86 39
87 39
87 39
87 40
87 40
87 41
87 41
87 42
87 43
87 43
87 44
87 45
87 45
88 46
88 47
88 47
88 48
88 48
89 49
89 49
89 49
90 48
90 48
91 47
91 47
92 46
92 45
92 45
92 44
93 43
93 42
93 42
93 41
94 40
94 39
94 39
94 38
95 37
95 36
95 36
95 35
96 34
96 33
96 32
96 32
96 31
96 30
96 30
96 29
96 28
96 28
96 28
96 27
96 27
96 28
96 28
95 28
95 28
94 29
94 30
94 30
94 31
94 32
94 33
94 33
94 34
93 35
93 36
93 36
93 37
92 38
92 39
92 39
92 40
92 41
92 42
92 43
92 43
92 44
91 45
91 46
91 47
91 47
91 48
91 49
91 50
91 51
91 51
91 52
91 53
91 54
91 55
91 55
91 56
91 57
91 58
91 59
91 59
91 60
91 61
91 62
91 63
91 63
91 64
91 65
91 66
91 67
91 68
91 68
91 69
91 70
91 71
91 72
91 73
91 73
91 74
91 75
91 76
91 77
91 78
91 78
91 79
91 80
91 81
91 82
91 82
91 83
91 84
91 85
91 86
91 87
91 87
91 88
91 89
91 90
91 90
91 91
90 92
90 93
90 93
90 94
90 95
90 96
90 96
89 97
89 97
88 98
88 99
88 99
87 100
87 100
86 100
86 100
85 100
84 100
84 100
83 100
82 100
82 100
81 100
81 100
80 99
80 99
79 98
79 97
79 97
78 96
78 95
78 95
78 94
78 93
78 92
78 91
78 91
78 90
78 89
78 88
78 87
78 87
78 86
78 85
79 84
79 83
79 82
79 82
79 81
80 80
80 79
81 78
81 77
81 77
81 76
82 75
82 74
83 73
83 72
83 72
84 71
84 70
85 69
85 68
86 67
86 66
86 66
87 65
87 64
88 63
89 62
89 61
90 60
90 60
91 59
91 58
92 57
93 56
94 55
94 54
95 53
95 53
96 52
96 51
97 50
98 49
99 48
99 47
100 46
