15 14
15 13
15 12
15 11
15 11
15 10
14 9
14 8
14 8
14 7
14 6
14 5
14 4
14 4
14 3
14 3
13 2
13 2
13 1
13 1
12 0
12 0
11 1
11 1
10 2
9 2
9 2
8 3
8 4
8 4
8 5
7 6
7 7
6 8
6 9
6 9
6 10
5 11
5 12
5 13
4 14
4 15
4 15
4 16
3 17
3 18
3 19
3 20
2 21
2 22
2 23
2 23
2 24
2 25
2 26
1 27
1 28
1 29
1 30
1 31
1 31
1 32
1 33
1 34
1 35
0 36
0 37
0 38
0 39
0 40
0 41
0 41
0 42
0 43
0 44
0 45
0 46
0 47
0 47
0 48
0 49
0 50
0 51
0 52
0 53
0 54
0 54
0 55
1 56
1 57
1 58
1 58
2 59
2 60
2 60
3 61
4 62
4 62
5 62
6 62
6 62
7 62
8 62
9 62
9 62
10 61
11 60
11 60
12 59
12 58
13 57
13 57
13 56
14 55
14 54
15 53
15 52
15 52
15 51
16 50
16 49
16 48
17 47
17 46
17 46
18 45
18 44
19 43
19 42
19 42
19 41
20 40
20 39
20 39
20 38
20 37
20 37
20 37
20 38
20 38
20 39
20 39
20 40
20 41
20 42
20 42
20 43
19 44
19 45
19 46
19 46
19 47
19 48
19 49
19 50
19 51
19 51
19 52
19 53
19 54
19 55
19 55
19 56
19 57
19 58
19 59
19 59
19 60
19 61
19 62
19 62
19 63
19 64
19 64
20 64
20 64
20 64
21 63
21 63
21 62
22 61
22 60
22 60
22 59
23 58
23 57
23 56
23 56
24 55
24 54
25 53
25 52
25 52
25 51
25 50
26 49
26 48
26 47
26 47
26 46
26 45
26 44
26 44
27 43
27 43
27 43
27 44
27 44
27 45
27 46
27 47
27 47
27 48
27 49
27 50
27 50
27 51
27 52
27 53
27 54
27 54
27 55
27 56
27 57
27 57
27 58
27 59
27 60
27 61
27 61
28 62
28 63
28 63
29 64
29 64
29 64
30 63
30 63
31 62
31 61
31 61
32 60
32 59
33 58
33 58
33 57
34 56
34 55
34 54
34 54
34 53
35 52
35 51
36 50
36 49
36 49
36 48
37 47
37 46
37 45
38 44
38 43
38 43
38 42
38 41
39 40
39 39
39 38
39 38
39 37
39 36
39 35
39 35
39 34
40 33
40 32
40 32
40 31
40 31
39 30
39 30
39 29
39 29
39 29
39 28
39 28
38 28
38 28
38 28
38 28
38 28
38 28
39 28
39 28
40 28
41 29
42 29
43 30
44 30
45 30
46 31
47 31
48 31
49 32
50 32
51 33
52 33
52 33
52 33
52 32
52 32
52 32
52 32
53 31
53 31
53 30
53 30
54 29
54 29
55 28
55 27
55 27
56 26
56 25
56 25
57 24
57 23
57 23
58 22
58 21
58 21
59 20
59 20
59 19
59 19
59 18
59 17
59 17
60 16
60 16
60 15
60 14
60 14
60 13
60 12
60 12
61 11
61 10
61 10
61 9
61 9
61 8
61 8
60 8
60 8
60 8
60 9
60 9
59 10
59 10
59 11
59 12
59 12
59 13
58 14
58 15
58 15
58 16
58 17
58 18
58 19
58 19
58 20
58 21
57 22
57 23
57 24
57 24
57 25
57 26
56 27
56 28
56 29
56 29
56 30
56 31
56 32
56 33
56 34
56 35
56 35
56 36
56 37
55 38
55 39
55 40
55 40
55 41
55 42
55 43
55 44
55 45
55 46
55 46
55 47
54 48
54 49
54 50
54 50
54 51
54 52
54 53
54 54
54 54
54 55
53 56
53 57
53 58
53 58
52 59
52 60
51 61
51 61
50 62
50 63
49 64
49 64
48 65
48 65
47 66
46 66
46 66
45 66
45 66
44 65
44 65
43 64
43 64
43 63
43 62
43 61
43 61
43 60
44 59
44 58
44 58
44 57
44 56
44 55
44 55
45 54
45 53
45 53
46 52
47 51
47 51
48 50
48 50
49 50
49 50
50 51
50 51
50 52
50 53
50 53
51 54
51 54
52 55
52 56
52 56
53 57
53 57
54 58
54 59
54 59
55 60
55 60
56 61
56 61
57 62
57 62
58 62
58 62
59 62
59 62
60 62
60 62
61 61
61 61
62 60
62 60
63 59
63 58
63 58
64 57
65 56
65 56
66 55
66 54
66 54
66 53
67 52
67 51
67 51
68 50
69 49
69 49
69 48
69 48
70 47
70 47
70 46
70 45
70 45
71 44
71 44
71 43
71 43
72 42
72 42
72 42
72 42
72 42
71 42
71 42
71 43
71 43
70 44
70 45
70 45
70 46
70 47
70 47
70 48
69 49
69 50
69 50
69 51
69 52
69 53
69 53
69 54
69 55
69 56
69 56
69 57
69 58
69 58
69 59
69 59
70 60
70 60
70 60
71 59
71 59
72 58
72 57
72 57
73 56
73 55
73 55
73 54
74 53
74 52
74 52
75 51
75 50
75 50
76 49
76 49
76 48
76 48
76 48
76 49
76 49
76 50
76 51
76 51
76 52
75 53
75 54
75 54
75 55
75 56
75 56
75 57
75 58
75 58
75 59
75 59
75 59
76 59
76 59
76 59
77 58
77 57
77 57
78 56
78 55
79 54
79 54
79 53
80 52
80 51
80 51
81 50
81 49
81 49
82 48
82 47
82 47
83 47
83 47
83 47
83 48
83 48
82 49
82 49
82 50
82 51
82 52
82 52
82 53
82 54
82 54
82 55
81 56
81 57
81 57
81 58
81 58
81 59
81 59
80 59
80 59
80 59
81 59
81 59
81 58
81 58
82 57
82 57
83 56
83 55
83 55
84 54
84 54
84 53
84 53
85 52
85 52
85 52
85 53
85 53
85 54
85 54
85 55
85 56
85 56
85 57
85 58
85 58
86 59
86 59
86 60
86 60
87 61
87 61
88 60
88 60
89 60
89 60
90 59
90 58
90 58
91 57
91 56
91 56
92 55
92 54
93 53
93 53
93 52
94 51
94 50
94 50
94 49
95 48
95 47
95 47
96 46
96 45
96 45
96 44
96 43
96 43
96 42
96 42
96 42
95 42
95 42
94 43
94 43
94 44
94 44
93 45
93 46
93 46
93 47
92 48
92 49
92 49
92 50
92 51
92 52
92 53
92 53
92 54
92 55
92 56
92 57
92 57
92 58
92 59
92 60
92 61
92 61
92 62
92 63
93 64
93 65
93 66
93 66
93 67
94 68
94 69
94 70
94 70
94 71
94 72
94 73
94 74
94 74
94 75
94 76
94 77
94 78
94 78
94 79
94 80
94 81
94 82
94 82
94 83
94 84
94 85
94 86
94 86
94 87
93 88
93 89
93 90
93 90
93 91
92 92
92 93
92 93
91 94
90 95
90 95
89 96
89 97
88 98
88 98
87 99
86 100
86 100
85 100
85 100
84 100
84 100
84 99
84 99
84 98
84 98
84 97
84 96
84 95
84 94
84 94
84 93
84 92
85 91
85 90
85 89
85 89
85 88
86 87
86 86
86 85
87 84
87 83
87 83
87 82
88 81
88 80
88 79
89 78
89 77
89 77
90 76
90 75
91 74
91 73
92 72
92 72
93 71
93 70
94 69
94 68
94 68
95 67
95 66
96 65
96 65
97 64
97 63
98 62
98 62
99 61
100 60
