13 13
13 12
13 11
12 10
12 9
12 8
12 8
12 7
11 6
11 5
11 5
11 4
10 3
10 2
10 2
9 1
9 0
9 0
8 1
8 1
7 2
6 2
6 2
5 3
5 4
5 4
5 5
5 6
4 7
4 8
4 9
4 9
4 10
4 11
3 12
3 13
3 14
3 14
3 15
2 16
2 17
2 18
2 19
1 20
1 21
1 21
1 22
1 23
1 24
0 25
0 26
0 27
0 28
0 28
0 29
0 30
0 31
0 32
0 33
0 33
0 34
0 35
0 36
0 37
0 38
0 39
0 39
0 40
0 41
0 42
0 43
0 44
0 44
0 45
0 46
0 47
0 48
0 49
0 49
0 50
1 51
1 52
1 52
1 53
2 54
2 55
2 55
3 56
3 57
3 57
4 57
5 57
5 57
6 56
6 56
7 55
8 54
8 54
9 53
10 52
10 52
11 51
11 50
12 49
12 49
12 48
13 47
13 46
13 46
14 45
14 44
15 43
15 43
15 42
15 41
15 41
15 40
16 39
16 38
16 38
16 37
16 36
16 36
16 35
16 35
17 34
17 33
17 33
17 32
17 32
17 32
17 32
17 33
17 33
16 34
16 35
16 35
16 36
16 37
16 38
16 38
16 39
16 40
16 41
16 42
16 43
16 43
16 44
16 45
16 46
16 47
16 47
16 48
16 49
16 50
16 51
16 52
16 52
16 53
17 54
17 55
17 56
17 56
17 57
17 58
17 58
18 59
18 59
19 59
19 59
20 58
20 57
20 57
21 56
21 55
21 55
21 54
21 53
21 52
21 51
21 51
21 50
22 49
22 48
22 48
22 47
22 46
22 46
22 45
22 44
22 44
23 43
23 43
23 43
23 44
23 44
23 45
23 46
23 47
23 47
23 48
23 49
23 50
23 51
23 52
23 52
23 53
23 54
24 55
24 56
24 57
24 58
24 58
24 59
24 60
25 61
25 62
25 63
25 63
26 64
27 65
27 65
28 65
28 65
29 64
30 63
30 63
31 62
32 61
32 61
32 60
33 59
33 58
33 57
33 57
33 56
33 55
33 54
33 53
33 52
33 52
33 51
34 50
34 49
34 48
34 48
34 47
34 46
34 45
34 44
34 43
34 43
34 42
34 41
34 40
34 39
34 38
34 38
34 37
34 36
34 35
34 34
34 33
34 32
34 32
34 31
33 30
33 29
33 28
33 28
33 27
33 26
33 25
33 25
33 24
32 23
32 22
32 22
32 21
32 21
31 20
31 19
31 19
32 19
33 20
34 20
35 20
36 21
37 21
38 21
39 21
40 22
41 22
42 22
43 23
44 23
45 23
46 24
47 24
48 24
49 25
50 25
51 25
52 25
53 26
54 26
55 26
56 27
57 27
57 27
56 28
56 28
56 27
56 26
56 26
55 26
55 26
55 26
56 27
56 28
56 28
57 28
58 28
58 28
59 28
59 28
60 27
61 26
61 26
62 25
62 24
63 23
63 23
64 22
64 21
65 20
65 19
65 19
65 18
66 17
66 16
67 15
67 14
67 14
67 13
68 12
68 11
68 11
68 10
68 9
68 9
68 8
68 7
68 7
68 6
68 6
68 6
67 7
67 7
66 8
66 9
65 10
65 10
65 11
64 12
64 13
64 13
64 14
63 15
63 16
62 17
62 18
62 18
62 19
61 20
61 21
61 22
60 23
60 24
60 24
60 25
60 26
60 27
59 28
59 29
59 30
59 31
59 31
59 32
58 33
58 34
58 35
58 36
57 37
57 38
57 39
57 39
57 40
56 41
56 42
56 43
56 44
55 45
55 46
55 46
55 47
55 48
54 49
54 50
54 51
54 52
54 52
54 53
53 54
53 55
53 56
53 56
53 57
53 57
52 57
52 57
52 56
52 55
52 55
52 54
52 53
52 52
52 52
52 51
53 50
53 49
53 48
53 48
53 47
53 46
53 45
53 45
53 44
54 43
54 42
54 42
55 41
55 41
55 40
55 40
56 41
56 41
56 42
56 42
57 43
57 44
57 44
57 45
57 46
57 47
57 48
57 48
57 49
58 50
58 51
58 52
58 52
58 53
59 54
59 55
59 55
60 56
60 57
60 57
61 58
61 59
61 59
62 59
62 59
63 58
63 58
64 57
64 57
65 56
65 55
66 54
66 54
67 53
67 52
67 52
67 51
68 50
68 49
68 49
68 48
69 47
69 46
69 46
70 45
70 44
70 44
71 43
71 43
71 42
71 42
71 43
71 43
71 43
71 44
71 44
71 45
70 46
70 47
70 47
70 48
70 49
70 50
70 50
70 51
69 52
69 53
69 53
69 54
69 55
69 56
69 56
69 57
69 58
69 58
69 59
69 59
70 60
70 60
70 60
71 59
71 59
72 58
72 57
72 57
73 56
73 55
73 55
73 54
73 53
73 52
73 52
74 51
74 51
74 50
74 50
75 49
75 49
75 49
75 50
75 50
75 51
75 51
75 52
75 53
75 53
75 54
75 54
75 55
75 56
75 56
75 57
75 57
75 58
75 58
76 59
76 59
76 59
76 59
77 58
77 58
77 57
77 56
77 55
77 55
78 54
78 53
78 53
79 52
79 51
79 51
80 50
80 49
80 49
80 48
80 48
81 47
81 47
81 47
81 47
81 48
81 48
81 48
81 49
81 49
81 50
81 50
81 51
81 52
81 52
81 53
81 54
81 54
81 55
81 56
81 56
81 57
80 58
80 59
80 59
80 60
80 61
80 62
80 62
80 63
80 63
80 64
80 64
80 64
80 64
80 64
80 63
80 63
80 62
80 61
80 61
80 60
80 60
80 59
81 58
81 57
81 57
81 56
81 55
81 55
81 54
82 53
82 52
82 51
82 51
82 50
83 49
83 48
83 48
84 47
84 46
84 46
85 45
85 45
85 44
85 44
85 45
85 45
85 45
85 46
85 47
85 47
85 48
85 49
85 49
85 50
85 51
85 52
85 52
85 53
85 54
85 54
85 55
85 56
85 57
85 57
85 58
85 58
85 59
85 59
86 60
86 60
87 59
87 59
87 59
88 58
88 57
88 57
89 56
89 55
89 55
89 54
90 53
90 52
90 52
91 51
91 50
91 50
92 49
92 48
92 48
92 47
92 46
92 46
93 45
93 45
93 44
93 44
94 44
94 44
94 44
94 45
94 45
94 45
94 45
94 45
94 44
94 44
95 44
95 44
95 44
95 43
95 43
95 43
95 42
95 42
95 41
95 41
95 40
95 39
95 39
95 38
95 38
96 37
96 36
96 36
96 35
96 34
96 33
96 33
96 32
95 31
95 30
95 30
95 29
95 28
95 27
95 27
95 26
95 25
95 25
95 24
95 24
95 24
94 24
94 24
94 25
94 25
94 26
94 26
93 27
93 27
93 28
93 29
93 30
93 30
93 31
92 32
92 33
92 33
92 34
92 35
92 36
92 37
92 38
92 38
92 39
92 40
91 41
91 42
91 43
91 43
91 44
91 45
91 46
91 47
91 48
91 48
91 49
91 50
91 51
91 52
91 52
91 53
91 54
92 55
92 56
92 57
92 57
92 58
92 59
92 60
92 60
92 61
92 62
92 63
92 63
92 64
92 65
92 66
92 66
92 67
92 68
92 69
92 70
92 70
92 71
92 72
92 73
92 74
92 74
92 75
92 76
92 77
92 78
92 78
92 79
92 80
91 81
91 82
91 83
91 83
91 84
91 85
91 86
91 87
91 87
91 88
90 89
90 90
90 90
90 91
90 92
90 93
90 93
90 94
90 95
90 95
89 96
89 97
89 97
89 98
89 98
89 99
89 99
88 100
88 100
88 100
87 100
87 100
86 100
86 100
85 99
85 98
85 98
85 97
85 96
85 95
85 94
85 94
85 93
85 92
86 91
86 90
86 89
86 88
86 88
86 87
86 86
86 85
87 84
87 83
87 82
87 81
87 81
87 80
88 79
88 78
89 77
89 76
89 75
90 74
90 73
90 73
90 72
91 71
91 70
92 69
92 68
92 67
93 66
93 65
93 65
93 64
94 63
94 62
95 61
95 60
95 59
96 58
96 57
96 57
97 56
98 55
98 54
99 53
100 52
