16 28
16 28
16 28
16 27
16 27
16 26
16 26
16 25
16 25
17 24
17 24
17 23
17 22
17 22
17 21
17 20
17 20
17 19
17 18
17 18
18 17
18 16
18 16
18 15
18 14
18 13
18 13
18 12
17 11
17 10
17 10
17 9
17 8
17 7
17 7
17 6
17 5
17 5
16 4
16 3
16 3
15 2
15 2
14 1
14 1
13 0
12 0
12 0
11 0
11 0
10 1
9 2
9 2
8 3
8 3
7 4
6 4
6 4
5 5
5 6
5 6
4 7
4 7
4 8
3 9
3 10
3 10
3 11
2 12
2 13
2 13
2 14
1 15
1 16
1 16
1 17
1 18
0 19
0 20
0 21
0 21
0 22
0 23
0 24
0 25
0 25
0 26
0 27
0 28
0 29
0 30
0 31
0 31
0 32
0 33
0 34
0 35
0 36
0 36
0 37
0 38
0 39
0 40
0 41
0 42
0 42
0 43
0 44
0 45
0 46
0 47
0 47
0 48
0 49
0 50
0 51
0 52
0 52
0 53
0 54
1 55
1 56
1 57
1 57
1 58
2 59
2 60
2 61
2 61
2 62
3 63
3 64
3 64
4 65
5 66
5 66
6 67
7 68
7 68
8 67
8 67
9 66
10 66
10 66
11 65
12 64
13 63
13 63
14 62
14 61
15 60
15 60
16 59
16 58
17 57
17 56
17 56
18 55
18 54
19 53
19 52
19 52
20 51
20 50
21 49
21 48
21 48
21 47
22 46
22 45
22 44
22 44
23 43
23 42
24 41
24 41
24 40
24 39
24 39
25 38
25 37
25 37
25 36
25 35
25 35
25 34
26 33
26 32
26 32
26 31
26 30
26 29
26 29
26 28
26 27
26 27
26 26
26 26
26 26
26 26
26 26
26 26
25 27
25 27
25 28
25 29
25 29
25 30
24 31
24 32
24 32
24 33
24 34
24 35
24 36
24 36
24 37
23 38
23 39
23 39
23 40
22 41
22 42
22 43
22 43
22 44
22 45
22 46
22 46
22 47
21 48
21 49
21 50
21 50
21 51
21 52
21 53
21 54
21 54
21 55
21 56
21 57
21 57
21 58
21 59
21 59
21 60
22 61
22 62
22 62
23 63
23 63
23 64
23 64
24 64
25 64
25 64
26 63
26 63
26 62
27 61
27 60
27 60
27 59
28 58
28 57
28 56
28 56
29 55
29 54
30 53
30 52
30 52
30 51
31 50
31 49
31 48
31 48
31 47
32 46
32 45
32 44
32 44
32 43
32 42
32 41
32 41
33 40
33 39
33 39
33 38
33 38
33 37
33 37
32 37
32 37
32 37
32 37
32 37
32 38
32 39
32 40
32 40
32 41
32 42
32 43
32 44
32 44
32 45
32 46
32 47
32 47
32 48
32 49
32 50
32 51
32 51
32 52
32 53
32 54
32 55
32 56
32 56
32 57
33 58
33 59
33 59
33 60
33 61
33 62
33 62
33 63
34 64
34 65
34 65
34 66
34 67
34 67
35 67
35 67
36 68
36 68
37 67
37 67
38 66
38 66
39 65
39 64
39 64
40 63
41 62
41 62
41 61
42 60
42 59
42 59
42 58
43 57
43 56
43 56
43 55
43 54
44 53
44 52
44 51
44 51
45 50
45 49
46 48
46 47
46 47
46 46
46 45
47 44
47 43
47 42
47 42
47 41
47 40
47 39
47 38
47 37
47 36
47 36
47 35
47 34
48 33
48 32
48 31
48 30
48 30
48 29
48 28
48 27
48 26
48 25
48 24
48 23
48 23
48 22
48 21
49 20
49 19
49 18
49 18
50 18
51 19
52 19
52 19
52 19
52 19
52 19
52 19
52 20
52 21
52 22
52 22
53 23
53 24
53 24
53 25
53 26
53 26
54 27
54 28
54 28
55 29
55 30
55 30
55 31
55 31
56 30
57 30
57 30
58 29
58 29
59 28
59 27
59 27
60 26
60 25
60 25
61 24
61 23
61 23
61 22
62 21
62 20
62 20
62 19
63 18
63 17
63 17
63 16
63 15
63 14
63 14
63 13
63 12
63 11
63 11
63 10
63 9
63 8
63 8
62 7
62 6
62 6
62 5
62 5
61 4
61 4
60 4
60 4
59 5
59 5
58 6
58 7
58 7
58 8
57 9
57 10
57 10
57 11
56 12
56 13
56 14
56 14
56 15
56 16
56 17
56 17
56 18
55 19
55 20
55 21
55 21
55 22
55 23
55 24
55 25
55 26
55 26
55 27
55 28
54 29
54 30
54 31
54 31
54 32
54 33
54 34
54 35
54 36
54 37
54 37
54 38
54 39
53 40
53 41
53 42
53 43
53 43
53 44
53 45
52 46
52 47
52 48
52 48
52 49
52 50
51 51
51 52
51 53
51 54
51 54
51 55
50 56
50 57
50 58
50 58
50 59
49 60
49 61
49 62
49 62
48 63
48 64
48 64
47 65
47 66
47 66
46 67
46 67
46 66
46 66
45 65
45 65
45 64
44 63
44 62
44 62
44 61
44 60
44 60
44 59
44 58
44 57
44 57
44 56
45 55
45 54
45 54
45 53
45 52
45 52
46 51
46 51
47 50
47 50
48 49
48 49
49 49
49 49
50 49
50 49
51 50
51 51
51 51
52 52
52 52
53 53
53 53
54 54
54 55
54 55
55 56
55 56
56 56
56 56
57 57
57 57
58 57
58 57
59 57
59 57
60 56
60 56
61 55
62 54
62 54
62 53
63 52
63 51
63 51
64 50
64 49
64 49
64 48
64 47
64 47
65 46
65 45
65 45
65 44
65 43
65 43
65 42
65 41
65 41
64 40
64 40
64 39
64 39
64 39
63 38
63 38
63 38
63 39
63 39
63 40
63 40
62 41
62 42
62 42
62 43
62 44
62 44
62 45
62 46
62 47
62 47
62 48
62 49
62 50
62 51
62 51
62 52
62 53
62 53
63 54
63 55
63 55
63 56
63 57
63 57
63 57
64 57
64 57
65 56
65 56
66 55
66 54
66 54
67 53
67 52
67 52
67 51
68 50
68 49
68 49
68 48
69 47
69 46
69 46
69 45
69 44
69 44
70 43
70 42
70 42
70 42
70 41
70 41
70 41
70 42
70 42
70 42
70 42
70 43
70 43
70 44
70 45
70 45
70 46
70 47
70 47
70 48
70 49
70 49
70 50
70 50
71 51
71 52
71 52
71 52
72 52
72 52
73 51
73 51
74 50
74 50
75 49
75 48
75 48
75 47
75 46
75 46
76 45
76 44
76 44
76 43
76 42
76 42
76 41
76 41
76 41
76 41
76 40
76 40
76 40
76 40
76 40
76 40
76 41
76 41
76 42
76 42
76 43
76 44
76 45
76 45
76 46
76 47
76 47
76 48
76 49
76 49
77 50
77 51
77 51
77 52
77 52
77 53
77 53
78 53
78 53
78 52
78 52
79 51
79 50
79 50
80 49
80 48
80 48
80 47
80 46
80 45
80 45
81 44
81 43
81 43
81 42
81 42
81 41
81 41
81 42
81 42
81 42
81 42
81 43
81 43
81 44
81 45
81 45
81 46
81 47
81 47
81 48
81 49
81 49
82 50
82 51
82 51
83 52
83 52
84 52
84 52
85 51
85 51
86 50
86 49
86 49
87 48
87 47
87 47
88 46
88 45
88 45
88 44
88 43
88 43
89 42
89 41
89 41
89 40
89 39
89 39
89 38
89 38
88 37
88 36
88 36
88 35
88 35
87 34
87 34
87 33
87 33
86 33
86 33
86 34
86 34
85 35
85 35
84 36
84 36
84 37
84 38
84 39
84 39
83 40
83 41
83 41
83 42
83 43
83 44
83 44
83 45
82 46
82 47
82 47
82 48
82 49
82 49
82 50
82 51
82 51
82 52
82 53
82 53
82 54
82 54
81 55
81 55
81 56
81 56
81 57
81 58
81 58
81 59
81 60
81 61
81 61
81 62
81 63
81 64
81 64
81 65
81 66
81 67
81 68
81 68
81 69
80 70
80 71
80 72
80 72
80 73
80 74
80 75
80 76
80 77
80 77
80 78
79 79
79 80
79 81
79 81
79 82
79 83
79 84
79 85
79 85
79 86
79 87
78 88
78 89
78 90
78 90
78 91
77 92
77 93
77 93
77 94
77 95
77 96
77 97
77 97
76 98
76 99
76 99
75 100
75 100
75 100
74 100
74 100
73 99
73 98
73 98
72 97
72 96
72 96
72 95
72 94
72 93
72 93
72 92
72 91
72 90
72 90
72 89
72 88
72 87
72 86
72 86
72 85
72 84
72 83
72 83
73 82
73 81
74 80
74 80
74 79
75 78
75 77
75 76
75 76
76 75
76 74
77 73
77 72
77 72
77 71
78 70
78 69
79 68
79 67
79 67
80 66
80 65
81 64
81 63
82 62
82 62
83 61
84 60
84 59
85 58
85 58
86 57
86 56
87 55
87 54
87 54
88 53
89 52
90 51
91 50
91 50
92 49
93 48
94 47
94 47
95 46
96 45
97 44
97 44
98 43
99 42
100 41
