14 23
15 23
16 23
16 23
16 22
16 22
16 21
16 21
17 20
17 19
17 19
17 18
17 18
18 17
18 16
18 16
18 15
18 14
18 13
18 13
19 12
19 11
19 11
19 10
19 9
19 9
18 8
18 7
18 7
18 6
18 5
18 5
17 4
17 4
17 3
17 2
17 2
16 1
16 1
15 0
14 0
14 0
13 1
13 1
12 2
11 3
11 3
10 4
10 5
9 6
9 6
8 7
8 8
7 9
7 10
7 10
7 11
6 12
6 13
5 14
5 15
5 15
5 16
4 17
4 18
4 19
3 20
3 21
3 21
3 22
2 23
2 24
2 25
2 26
1 27
1 28
1 28
1 29
1 30
1 31
0 32
0 33
0 34
0 35
0 36
0 36
0 37
0 38
0 39
0 40
0 41
0 42
0 43
0 44
0 44
0 45
0 46
0 47
0 48
0 49
0 50
0 51
0 51
0 52
0 53
1 54
1 55
1 56
1 56
2 57
2 58
3 59
3 60
3 60
4 61
5 62
5 62
6 63
7 63
7 63
8 64
9 64
9 64
10 63
11 63
11 63
12 62
13 62
14 61
14 61
15 60
16 59
16 59
17 58
17 57
18 56
18 55
18 55
19 54
20 53
20 52
21 51
21 51
21 50
22 49
22 48
22 47
23 46
23 45
23 45
23 44
24 43
24 42
25 41
25 40
25 40
26 39
26 38
27 37
27 36
27 36
28 35
28 34
29 33
29 33
29 32
29 32
29 33
29 33
29 34
29 34
29 35
28 36
28 37
28 38
28 38
27 39
27 40
26 41
26 42
26 42
26 43
26 44
25 45
25 46
25 47
25 47
25 48
24 49
24 50
24 51
24 51
24 52
24 53
24 54
24 54
24 55
24 55
25 55
25 55
26 54
26 53
26 53
27 52
28 51
28 51
29 50
29 49
30 48
30 48
31 47
31 46
32 45
32 45
33 45
33 45
33 46
33 46
34 47
34 48
34 48
34 49
34 50
34 51
34 51
34 52
34 53
34 54
34 55
34 55
34 56
34 57
34 58
34 58
35 59
35 59
36 60
36 60
37 59
37 59
38 58
39 57
39 57
40 56
41 55
41 55
41 54
42 53
42 52
42 51
42 51
42 50
43 49
43 48
43 47
43 47
43 46
44 45
44 44
44 43
44 43
44 42
44 41
44 40
44 39
44 39
44 38
43 37
43 36
43 36
43 35
43 34
43 33
43 33
42 32
42 32
41 31
41 30
41 30
40 30
40 30
39 30
39 30
40 31
41 31
42 32
43 32
44 33
45 33
46 34
47 34
48 35
49 35
50 36
51 36
52 37
53 37
54 38
54 38
54 38
54 38
54 38
55 37
55 37
56 37
56 37
57 36
57 36
58 35
59 34
59 34
60 33
60 32
61 31
61 31
62 30
63 29
63 29
63 28
64 27
64 26
64 26
65 25
65 24
66 23
66 23
66 22
66 21
66 20
66 20
66 19
66 18
66 18
66 17
66 16
66 15
66 15
65 14
65 13
65 13
64 12
64 12
63 11
63 11
62 11
62 11
61 12
61 12
60 13
60 14
60 14
60 15
60 16
60 16
60 17
59 18
59 19
59 19
59 20
59 21
59 22
59 22
59 23
59 24
59 25
59 26
59 26
59 27
58 28
58 29
58 30
58 30
58 31
58 32
58 33
58 33
58 34
57 35
57 36
57 37
57 37
57 38
56 39
56 40
56 40
56 41
55 42
55 43
55 44
55 44
55 45
54 46
54 47
54 48
54 48
54 49
53 50
53 51
53 52
53 52
53 53
52 54
52 55
52 56
52 56
51 57
51 58
50 59
50 60
50 60
50 61
50 62
50 62
50 63
49 64
49 65
49 65
49 66
49 66
48 66
48 66
48 66
48 65
48 64
48 64
48 63
48 62
48 62
48 61
48 60
48 59
48 58
48 58
48 57
48 56
48 55
48 54
48 53
48 53
48 52
48 51
49 50
49 49
49 48
49 48
49 47
49 46
49 46
50 45
50 45
50 45
51 46
51 46
51 47
51 47
51 48
52 49
52 50
52 51
52 51
52 52
52 53
52 54
52 54
52 55
53 56
53 57
53 57
54 58
54 59
54 59
55 60
55 60
56 61
56 61
57 61
58 61
58 61
59 60
59 60
60 59
60 59
61 58
62 57
62 57
63 56
63 55
64 54
64 54
65 53
65 52
66 51
66 50
66 50
67 49
67 48
67 48
67 47
68 46
68 45
68 45
68 45
68 45
68 45
68 46
68 47
68 47
67 48
67 49
67 49
66 50
66 51
66 51
66 52
65 53
65 54
65 54
65 55
65 56
65 56
65 57
65 57
65 58
65 58
66 59
66 59
66 59
67 59
67 59
68 58
68 58
69 57
69 57
70 56
71 55
71 55
72 54
72 53
72 53
72 52
72 51
72 51
73 50
73 49
73 49
73 49
73 49
73 50
73 50
73 51
73 52
73 52
72 53
72 54
72 54
72 55
72 56
72 56
72 57
72 57
72 58
72 58
72 58
73 58
73 58
74 58
74 58
75 57
75 57
76 56
76 55
76 55
77 54
78 53
78 53
79 52
79 51
79 51
80 50
80 50
81 50
81 50
81 51
81 51
81 52
81 52
80 53
80 54
80 54
79 55
79 56
79 56
78 57
78 58
78 58
78 59
78 59
78 59
78 59
79 59
79 59
80 58
80 58
81 57
81 57
82 56
82 55
82 55
83 55
84 55
84 55
85 55
85 55
85 55
86 56
86 56
86 57
86 57
87 58
87 59
87 59
88 59
88 59
89 60
89 60
90 59
90 59
91 58
92 58
92 58
93 57
93 57
94 56
94 55
94 55
94 54
94 53
94 53
94 52
94 51
94 50
94 50
94 49
94 48
94 48
93 47
93 47
92 47
92 47
91 48
91 48
90 49
90 50
90 50
90 51
90 52
90 52
90 53
89 54
89 55
89 55
89 56
89 57
89 58
89 58
89 59
89 60
89 61
89 62
89 62
89 63
89 64
88 65
88 66
88 67
88 67
88 68
88 69
88 70
88 71
88 72
88 72
88 73
88 74
87 75
87 76
87 77
87 78
87 78
87 79
87 80
87 81
87 82
87 83
87 83
87 84
87 85
86 86
86 87
86 88
86 88
86 89
85 90
85 91
84 92
84 93
84 93
84 94
83 95
83 96
83 96
82 97
81 97
80 98
80 98
79 99
78 100
78 100
77 100
77 100
76 100
76 100
75 99
75 98
75 98
75 97
75 96
75 95
75 95
75 94
75 93
75 92
75 92
76 91
76 90
77 89
77 88
77 88
77 87
78 86
78 85
78 84
78 84
79 83
80 82
80 81
81 80
81 80
82 79
83 78
83 77
84 76
84 76
85 75
86 74
87 73
88 72
88 72
89 71
90 71
91 70
91 70
92 69
93 69
94 68
94 68
95 67
96 67
96 67
97 66
98 65
98 65
99 64
99 64
100 63
100 63
100 63
99 63
99 63
99 62
99 62
98 62
98 62
97 62
