15 19
15 19
15 18
15 18
15 17
15 16
15 16
15 15
15 14
15 14
15 13
16 12
16 11
16 11
16 10
16 9
16 8
16 8
16 7
16 7
16 6
15 5
15 4
15 4
14 3
14 2
14 2
13 1
13 0
13 0
12 0
12 0
11 1
11 1
10 2
9 2
9 2
8 3
8 4
7 5
7 5
7 6
6 7
6 8
6 8
6 9
5 10
5 11
5 12
4 13
4 14
4 14
4 15
3 16
3 17
2 18
2 19
2 19
2 20
2 21
2 22
1 23
1 24
1 25
1 26
1 27
1 27
1 28
1 29
1 30
0 31
0 32
0 33
0 34
0 35
0 35
0 36
0 37
0 38
0 39
0 40
0 41
0 42
0 43
0 43
0 44
0 45
0 46
0 47
0 48
0 49
0 49
0 50
0 51
1 52
1 53
1 54
1 55
1 55
1 56
2 57
2 58
2 58
3 59
3 60
3 60
4 61
5 61
5 61
6 61
7 61
7 61
8 60
9 59
9 59
10 58
10 57
11 56
11 56
12 55
12 54
13 53
13 52
13 52
14 51
14 50
15 49
15 48
16 47
16 46
16 46
17 45
17 44
18 43
18 42
19 41
19 40
19 40
19 39
20 38
20 37
21 36
21 35
22 34
22 33
22 33
22 32
23 31
23 30
23 29
24 28
24 27
24 27
24 26
25 25
25 24
25 23
25 23
26 22
26 22
26 22
25 23
25 24
25 24
25 25
24 26
24 27
24 28
24 28
24 29
24 30
23 31
23 32
23 33
23 34
23 34
23 35
22 36
22 37
22 38
22 39
21 40
21 41
21 41
21 42
21 43
21 44
20 45
20 46
20 47
20 48
20 49
20 49
20 50
20 51
19 52
19 53
19 54
19 55
19 55
19 56
19 57
19 58
19 59
19 59
19 60
19 61
19 61
20 61
20 61
21 60
21 60
22 59
22 58
23 57
23 56
23 56
23 55
24 54
24 53
25 52
25 51
25 51
25 50
26 49
26 48
27 47
27 46
28 45
28 44
28 44
28 43
29 42
29 41
30 40
30 39
30 39
31 38
31 37
32 36
32 35
32 35
33 34
33 33
33 33
33 33
33 34
32 35
32 36
32 36
32 37
32 38
32 39
32 40
32 40
32 41
31 42
31 43
31 44
31 44
31 45
30 46
30 47
30 48
30 48
30 49
30 50
30 51
30 52
30 53
30 53
30 54
31 55
31 56
31 56
32 56
32 56
33 56
33 56
34 55
34 54
35 53
35 53
36 52
36 51
37 50
37 49
37 49
37 48
38 47
38 46
39 45
39 44
39 44
39 43
40 42
40 41
41 40
41 39
41 39
41 38
41 37
42 36
42 35
42 34
42 34
42 33
42 32
42 31
42 30
42 29
42 29
42 28
42 27
42 26
42 25
42 25
42 24
42 23
42 23
43 24
44 25
44 26
45 27
46 28
47 29
47 30
48 31
49 32
50 33
50 34
51 35
51 35
51 36
51 36
51 36
51 36
52 35
52 35
53 35
53 35
54 34
54 33
54 33
55 32
55 31
56 30
56 30
57 29
57 28
58 27
58 27
59 26
59 25
60 24
60 24
60 23
61 22
61 21
61 21
61 20
62 19
62 18
62 18
63 17
63 16
63 16
63 15
62 14
62 13
62 13
62 12
62 11
62 11
61 10
61 10
60 10
60 10
59 10
59 10
58 11
58 12
58 12
57 13
57 14
57 14
57 15
56 16
56 17
56 17
56 18
56 19
55 20
55 21
55 22
55 22
55 23
55 24
54 25
54 26
54 27
54 27
54 28
54 29
54 30
54 31
54 32
54 33
54 33
54 34
54 35
53 36
53 37
53 38
53 39
53 39
53 40
53 41
52 42
52 43
52 44
52 44
52 45
52 46
52 47
52 48
52 48
52 49
52 50
51 51
51 52
51 53
51 53
51 54
50 55
50 56
50 56
50 57
50 58
50 59
50 59
50 60
49 61
49 62
49 62
49 63
49 64
49 64
48 65
48 65
48 66
48 66
48 66
47 66
47 66
47 65
47 65
47 64
47 63
47 63
47 62
47 61
47 61
47 60
47 59
47 58
47 58
47 57
48 56
48 55
48 54
48 54
48 53
49 52
49 51
49 51
49 50
50 49
50 48
50 48
51 47
51 47
52 46
52 46
53 47
53 47
53 48
53 49
53 50
53 50
53 51
53 52
53 53
53 53
53 54
54 55
54 56
54 56
54 57
54 58
54 58
54 59
54 60
54 60
55 61
55 61
56 61
56 61
57 60
57 60
58 59
58 58
58 58
59 57
60 56
60 56
60 55
61 54
61 53
61 52
61 52
62 51
62 50
63 49
63 48
63 48
63 47
63 46
64 45
64 44
64 43
64 43
65 42
65 41
65 41
65 41
65 41
64 42
64 43
64 43
64 44
64 45
64 46
64 46
64 47
63 48
63 49
63 49
63 50
63 51
63 52
63 53
63 53
63 54
63 55
63 56
63 56
64 57
64 58
64 58
64 59
64 59
65 60
65 60
65 60
66 59
66 59
67 58
67 57
67 57
68 56
69 55
69 55
69 54
70 53
70 52
70 52
70 51
71 50
71 49
71 48
71 48
71 47
72 46
72 45
72 44
72 44
72 43
72 43
72 43
72 43
72 44
72 45
72 45
72 46
71 47
71 48
71 48
71 49
71 50
71 51
71 51
71 52
70 53
70 54
70 54
70 55
70 56
70 56
70 57
70 57
71 58
71 58
71 58
72 58
72 58
73 57
73 56
73 56
74 55
75 54
75 54
75 53
76 52
76 51
76 51
76 50
77 49
77 48
77 47
77 47
78 46
79 45
79 45
80 44
80 43
80 43
80 44
80 44
80 45
80 45
80 46
80 46
80 47
79 48
79 49
79 49
79 50
78 51
78 52
78 52
77 53
77 54
77 54
77 55
77 56
77 56
77 57
77 57
77 57
77 57
78 56
78 55
78 55
79 54
80 54
80 54
81 53
81 52
81 52
82 51
82 50
82 50
83 49
83 49
84 49
84 49
84 50
84 50
84 51
84 51
84 52
84 53
84 53
84 54
84 54
84 54
85 54
85 54
86 54
87 54
87 54
88 53
88 52
88 52
89 51
90 51
90 51
91 50
92 49
92 49
93 48
93 47
93 47
93 46
93 45
93 44
93 44
93 43
93 43
93 43
92 43
92 43
92 44
92 44
91 45
91 46
91 46
91 47
90 48
90 49
90 49
90 50
90 51
90 52
90 52
90 53
90 54
90 55
90 56
90 57
90 57
90 58
90 59
90 60
90 61
90 62
90 63
90 63
90 64
90 65
90 66
90 67
90 68
90 68
90 69
90 70
90 71
89 72
89 73
89 74
89 75
89 75
89 76
89 77
89 78
88 79
88 80
88 81
88 82
88 82
88 83
88 84
88 85
88 86
88 87
88 88
88 88
88 89
87 90
87 91
87 92
87 92
86 93
86 94
85 95
85 96
85 96
84 97
83 98
83 98
82 99
81 100
81 100
80 100
80 100
79 100
79 100
78 100
78 100
77 99
77 99
77 98
77 97
77 97
77 96
78 95
78 94
78 93
78 93
78 92
79 91
79 90
79 90
79 89
79 88
80 87
80 86
80 85
80 85
80 84
81 83
81 82
82 81
82 80
82 80
83 79
83 78
84 77
84 76
85 75
85 75
86 74
86 73
87 72
87 71
88 70
88 69
88 69
89 68
90 67
90 66
91 65
91 65
92 64
93 63
94 62
94 62
95 61
96 60
96 60
97 59
97 58
97 58
98 57
99 57
99 57
99 56
99 56
100 56
100 56
99 56
99 56
