13 12
14 12
14 12
14 11
14 11
14 11
14 10
14 10
14 10
14 9
14 9
14 9
14 8
14 8
14 8
15 7
15 7
15 6
15 6
15 5
15 5
14 4
14 4
14 3
14 3
13 2
13 1
13 1
13 0
13 0
12 0
12 0
11 1
11 1
10 2
9 2
9 2
8 3
8 3
7 4
7 4
6 5
5 6
5 6
5 7
4 8
4 9
4 9
4 10
3 11
3 12
3 12
3 13
2 14
2 15
2 16
2 16
2 17
2 18
1 19
1 20
1 21
1 22
1 22
1 23
1 24
0 25
0 26
0 27
0 27
0 28
0 29
0 30
0 31
0 32
0 33
0 33
0 34
0 35
0 36
0 37
0 38
0 39
0 40
0 40
0 41
0 42
0 43
0 44
0 45
0 46
0 47
0 47
0 48
0 49
0 50
0 51
0 52
0 53
0 54
0 54
0 55
0 56
1 57
1 58
1 59
1 59
1 60
2 61
2 62
2 63
2 63
3 64
3 65
4 66
4 66
5 67
5 67
6 67
7 67
7 67
8 66
9 66
9 66
10 65
11 64
11 64
11 63
12 62
12 61
13 60
13 59
13 59
13 58
14 57
14 56
14 55
15 54
15 53
15 53
16 52
16 51
17 50
17 49
18 48
18 47
18 47
18 46
18 45
19 44
19 43
19 42
19 41
19 41
20 40
20 39
21 38
21 37
21 37
21 36
22 35
22 34
22 34
22 33
22 32
22 32
22 31
22 30
22 30
22 29
22 29
22 28
22 28
22 28
22 28
21 29
21 29
21 30
21 31
21 31
21 32
21 33
20 34
20 35
20 36
20 36
20 37
20 38
20 39
20 40
20 41
20 41
20 42
20 43
20 44
20 45
20 46
20 46
20 47
20 48
19 49
19 50
19 51
19 51
19 52
20 53
20 54
20 55
20 55
20 56
20 57
20 57
20 58
20 59
20 60
20 60
20 61
20 61
21 62
21 62
21 62
22 61
22 61
22 60
22 59
22 58
22 58
22 57
23 56
23 55
23 54
23 54
23 53
24 52
24 51
24 50
25 49
25 48
25 48
25 47
25 46
26 45
26 44
26 43
26 43
26 42
26 41
26 40
26 40
27 40
27 40
27 40
27 41
27 42
27 42
27 43
28 44
28 45
28 45
28 46
29 47
29 48
29 48
29 49
29 50
29 50
29 51
30 52
30 53
30 53
31 54
32 54
32 54
33 55
33 55
34 55
34 55
35 55
35 55
36 54
36 54
36 53
37 52
37 51
37 51
37 50
38 49
38 48
38 48
38 47
38 46
39 45
39 44
39 43
39 43
39 42
39 41
40 40
40 39
40 38
40 37
40 37
40 36
40 35
39 34
39 33
39 32
39 32
39 31
39 30
39 29
39 28
39 28
39 27
38 26
38 25
38 24
38 24
37 23
37 22
37 22
36 21
35 21
35 21
34 20
34 20
33 19
33 19
34 19
35 19
36 19
37 20
38 20
39 20
40 20
41 20
41 20
42 20
42 20
42 20
42 21
42 21
42 22
42 23
42 23
42 24
43 25
43 26
43 26
44 27
44 28
44 28
45 29
45 30
45 30
46 31
46 31
47 31
48 31
48 31
49 31
50 31
50 31
51 30
52 29
52 29
53 28
54 27
54 27
55 26
55 25
56 24
56 24
57 23
57 22
58 21
58 20
58 20
58 19
59 18
59 17
59 16
59 16
60 15
60 14
61 13
61 12
61 12
61 11
61 10
61 9
61 9
61 8
61 8
61 7
61 7
60 6
60 6
59 7
59 7
59 8
59 9
59 9
58 10
58 11
57 12
57 13
57 13
57 14
57 15
56 16
56 17
56 18
56 18
56 19
55 20
55 21
55 22
55 23
54 24
54 25
54 25
54 26
54 27
54 28
53 29
53 30
53 31
53 32
53 32
53 33
52 34
52 35
52 36
51 37
51 38
51 38
51 39
51 40
50 41
50 42
50 43
50 43
50 44
49 45
49 46
49 47
49 47
49 48
48 49
48 50
48 50
48 51
47 52
47 53
47 53
46 54
45 55
45 55
45 56
45 56
44 57
44 57
43 56
43 56
42 55
42 54
42 54
42 53
42 52
42 51
42 51
42 50
42 49
42 48
42 47
42 47
42 46
42 45
42 44
42 43
42 43
43 42
43 41
43 41
43 40
43 40
44 40
44 40
44 40
45 41
45 41
45 42
46 43
46 44
46 44
47 45
47 46
47 46
47 47
48 48
48 49
48 50
48 50
49 51
49 52
49 52
50 53
50 54
50 54
51 55
51 55
52 55
52 55
53 55
53 55
54 54
55 54
55 54
56 53
56 52
56 52
56 51
57 50
57 49
57 49
57 48
58 47
58 46
58 45
58 45
58 44
59 43
59 42
59 42
59 41
59 40
59 40
59 39
59 39
59 38
59 38
59 37
59 37
59 38
59 38
59 38
59 39
59 40
59 40
59 41
58 42
58 43
58 43
58 44
58 45
58 46
58 46
58 47
57 48
57 49
57 49
57 50
57 51
57 51
58 52
58 53
58 53
58 53
59 53
59 53
60 53
60 53
61 52
61 51
61 51
62 50
62 49
62 49
62 48
63 47
63 46
63 46
63 45
64 44
64 43
64 43
64 42
64 41
64 40
64 39
64 39
65 38
65 38
65 37
65 36
65 36
65 36
65 36
65 37
65 37
64 38
64 38
64 39
64 40
64 40
64 41
64 42
64 43
64 43
64 44
63 45
63 46
63 47
63 47
63 48
63 49
63 49
64 50
64 51
64 51
64 52
64 53
64 53
65 53
65 53
66 53
66 53
67 52
67 52
68 51
68 50
68 50
69 49
69 48
69 48
69 47
70 46
70 45
70 45
70 44
71 43
71 42
71 42
71 41
71 40
71 40
72 39
72 38
72 38
72 37
72 37
72 36
72 36
72 36
72 37
72 37
72 38
72 38
72 39
71 40
71 41
71 41
71 42
71 43
71 44
71 44
71 45
70 46
70 47
70 47
70 48
70 49
70 49
70 50
70 51
70 51
70 51
70 52
70 52
70 52
70 52
70 51
70 50
70 50
71 49
71 49
71 48
71 47
71 46
71 46
71 45
72 44
72 43
72 42
72 42
72 41
72 40
73 39
73 38
73 37
73 37
73 36
74 35
74 34
74 34
75 33
75 33
75 33
75 32
75 32
76 33
76 33
76 34
76 35
76 35
76 36
76 37
76 38
76 38
76 39
75 40
75 41
75 42
75 42
75 43
75 44
75 45
75 46
75 47
75 47
75 48
75 49
75 49
75 50
75 51
75 51
76 52
76 53
76 53
76 53
77 53
77 53
78 52
78 52
79 51
79 50
79 50
79 49
80 48
80 47
80 47
80 46
81 45
81 44
81 43
81 43
81 42
82 41
82 40
82 39
82 39
83 38
83 37
83 37
84 36
84 36
85 35
86 35
86 35
87 35
87 35
88 35
88 35
89 35
89 35
90 35
90 35
90 36
90 36
90 36
90 36
90 36
89 35
89 35
88 35
88 35
87 34
86 34
86 34
85 35
84 35
84 35
83 36
83 36
82 37
81 38
81 38
81 39
80 40
80 41
80 41
80 42
79 43
79 44
79 45
79 45
78 46
78 47
77 48
77 49
77 49
77 50
76 51
76 52
76 52
76 53
76 54
76 55
76 55
76 56
76 56
77 56
77 56
78 56
78 56
79 55
79 54
79 54
80 53
80 52
81 51
81 51
82 50
82 49
83 48
83 48
83 47
84 46
84 45
85 44
85 43
85 43
85 42
86 41
86 40
86 39
86 39
86 38
87 37
87 36
87 35
87 35
88 34
88 34
88 34
88 34
87 35
87 35
87 36
87 37
87 37
87 38
86 39
86 40
86 41
86 41
86 42
86 43
86 44
86 45
86 46
86 46
86 47
86 48
85 49
85 50
85 51
85 52
85 52
85 53
85 54
85 55
84 56
84 57
84 58
84 59
84 60
84 60
84 61
84 62
84 63
83 64
83 65
83 66
83 67
83 67
83 68
83 69
83 70
82 71
82 72
82 73
82 74
82 75
82 75
82 76
82 77
82 78
81 79
81 80
81 81
81 82
81 82
81 83
81 84
80 85
80 86
80 87
80 87
80 88
80 89
80 90
80 91
80 91
80 92
79 93
79 94
79 95
79 95
79 96
78 97
78 98
78 98
77 99
77 100
77 100
76 100
75 100
75 100
74 100
74 100
73 99
72 99
72 99
72 98
71 97
71 96
71 95
71 95
71 94
71 93
71 92
71 91
71 90
71 89
71 89
71 88
71 87
71 86
72 85
72 84
72 83
72 82
72 81
72 81
72 80
73 79
73 78
73 77
73 76
74 75
74 74
74 73
74 73
74 72
75 71
75 70
75 69
76 68
76 67
76 66
77 65
77 64
77 64
78 63
78 62
79 61
80 60
81 59
81 58
82 57
82 57
83 56
83 55
84 54
85 53
86 52
86 51
87 50
87 50
88 49
89 48
89 47
90 46
91 45
91 45
92 44
93 43
94 42
95 41
96 40
96 40
97 39
98 38
99 38
100 37
