11 20
11 19
11 18
11 17
11 17
11 16
11 16
11 15
11 15
11 14
11 14
11 13
11 13
10 12
10 11
10 11
10 10
10 10
9 9
9 9
9 9
8 9
8 9
7 9
7 9
6 10
6 11
6 11
5 12
5 13
5 13
5 14
5 15
5 15
5 16
4 17
4 18
4 19
4 19
4 20
4 21
3 22
3 23
3 24
3 24
3 25
3 26
2 27
2 28
2 29
2 30
2 30
2 31
2 32
1 33
1 34
1 35
1 36
1 36
1 37
1 38
0 39
0 40
0 41
0 42
0 42
0 43
0 44
0 45
0 46
0 47
0 48
0 49
0 49
0 50
0 51
0 52
0 53
0 54
0 55
0 55
0 56
0 57
0 58
0 59
0 60
0 60
0 61
0 62
0 63
0 63
1 64
1 65
1 65
2 66
2 66
3 66
3 66
4 66
4 66
5 65
5 65
6 64
6 64
7 63
7 62
8 61
8 61
8 60
9 59
9 58
9 58
10 57
10 56
11 55
11 54
11 54
11 53
12 52
12 51
12 50
12 50
12 49
13 48
13 47
13 46
13 46
13 45
14 44
14 43
15 42
15 41
15 41
15 40
15 39
16 38
16 37
16 36
16 36
16 35
16 34
17 33
17 32
17 31
17 31
17 30
18 29
18 28
18 27
18 27
18 26
18 25
18 24
18 24
19 23
19 22
19 22
19 21
19 21
19 20
19 20
19 19
19 19
19 19
18 19
18 19
18 20
18 20
18 21
18 21
17 22
17 22
17 23
17 24
17 25
17 25
17 26
17 27
17 27
17 28
16 29
16 30
16 31
16 31
16 32
16 33
16 34
16 34
16 35
16 36
16 37
16 38
16 38
16 39
16 40
16 41
16 42
16 42
16 43
16 44
16 45
16 45
16 46
16 47
16 48
16 49
16 49
16 50
16 51
16 52
16 52
17 53
17 54
17 54
17 55
17 55
18 55
18 55
19 54
19 54
19 53
19 52
19 52
20 51
20 50
20 50
20 49
21 48
21 47
21 47
21 46
22 45
22 44
22 43
22 43
22 42
22 41
23 40
23 39
23 38
23 38
23 37
24 36
24 35
24 34
24 34
24 33
24 32
25 31
25 30
25 29
25 29
25 28
26 27
26 26
26 25
26 25
26 24
26 23
26 23
26 22
26 22
27 22
27 22
26 22
26 22
26 23
26 23
26 24
26 25
26 25
26 26
26 27
26 28
26 28
26 29
26 30
26 31
26 32
26 32
26 33
26 34
26 35
26 36
26 37
26 37
26 38
26 39
26 40
26 41
26 41
26 42
26 43
26 44
26 45
26 45
26 46
26 47
26 48
26 49
26 49
26 50
27 51
27 52
27 52
27 53
27 54
27 54
28 55
28 55
29 54
29 54
30 53
30 53
31 52
31 51
31 51
31 50
32 49
32 48
32 47
32 47
32 46
33 45
33 44
33 43
33 43
33 42
33 41
34 40
34 39
34 38
34 38
34 37
34 36
35 35
35 34
35 33
35 33
35 32
35 31
36 30
36 29
36 28
36 27
36 27
36 26
37 25
37 24
37 23
37 23
37 22
37 21
37 20
37 19
37 19
37 18
37 17
37 17
37 16
37 15
37 15
36 15
36 15
36 14
36 14
36 14
37 15
37 16
38 17
39 18
39 19
40 20
41 21
41 22
42 23
42 24
43 25
44 26
44 27
45 28
46 29
46 30
47 31
47 31
46 32
46 33
46 33
46 33
46 33
46 34
46 34
47 34
47 34
47 33
47 33
48 33
48 33
48 32
48 31
48 31
48 30
49 29
49 28
49 28
50 27
50 26
50 26
51 25
51 24
51 24
51 23
52 22
52 21
52 21
52 20
53 19
53 18
53 17
53 17
53 16
54 15
54 14
54 13
54 13
54 12
54 11
54 10
54 9
54 9
54 8
55 7
55 6
55 6
55 5
55 4
55 3
55 3
55 2
55 1
55 1
55 1
54 0
54 0
54 1
54 1
54 2
54 2
53 3
53 3
53 4
53 5
53 5
53 6
53 7
53 7
53 8
52 9
52 10
52 10
52 11
52 12
52 13
52 13
52 14
52 15
52 16
52 17
52 17
52 18
52 19
52 20
52 21
52 21
52 22
52 23
52 24
52 25
52 26
52 26
52 27
52 28
52 29
52 30
52 30
52 31
52 32
52 33
52 34
52 35
52 35
52 36
52 37
52 38
52 39
52 39
52 40
52 41
52 42
52 43
52 43
52 44
52 45
52 46
52 47
52 47
52 48
52 49
52 50
52 51
52 51
52 52
52 53
52 54
52 55
52 55
52 56
52 57
52 58
52 59
52 59
52 60
51 61
51 62
51 62
51 63
51 64
51 65
51 65
50 66
50 67
50 67
49 68
49 69
49 69
49 70
49 70
48 70
48 70
48 70
47 69
47 69
47 68
47 68
46 67
46 66
46 66
46 65
46 64
46 64
46 63
46 62
46 62
47 61
47 60
47 60
47 59
47 59
48 58
48 57
48 57
48 56
48 56
49 55
49 55
49 54
49 54
50 53
50 53
51 53
52 53
52 53
53 52
53 52
54 51
54 51
55 51
55 51
56 50
56 50
57 50
58 50
58 50
59 49
59 49
60 48
60 48
61 47
61 47
62 46
62 46
63 45
63 44
64 43
64 43
64 42
64 41
64 41
65 40
65 40
66 39
66 39
66 38
66 38
66 38
66 37
66 37
66 37
66 37
66 37
66 38
66 38
66 38
65 39
65 39
65 39
65 40
65 40
65 41
65 42
65 42
64 43
64 43
64 44
64 45
64 45
64 46
64 47
64 47
64 48
64 49
64 49
64 50
64 51
64 51
64 52
64 53
64 53
65 54
65 54
65 55
65 56
65 56
65 56
66 56
66 56
66 56
67 55
67 55
68 54
68 53
68 53
69 52
69 51
69 51
69 50
69 49
69 49
69 48
70 47
70 46
70 46
71 45
71 44
71 44
71 43
71 42
71 42
71 42
71 41
71 41
71 41
71 42
71 42
71 43
71 43
71 44
71 44
71 45
71 46
71 46
71 47
71 48
71 48
71 49
71 50
71 50
71 51
71 52
71 52
71 53
71 53
72 54
72 54
72 54
73 54
73 54
74 53
74 53
75 52
75 51
75 51
76 50
76 50
76 49
76 48
76 48
77 47
77 46
77 46
77 45
77 44
77 43
77 43
78 42
78 41
78 41
78 41
78 40
78 40
77 41
77 41
77 41
77 42
77 43
77 43
77 44
77 45
77 45
76 46
76 47
76 47
76 48
76 49
76 49
76 50
76 51
76 51
75 52
75 53
75 53
75 54
75 54
75 55
75 55
75 55
76 55
76 55
76 54
76 54
76 53
76 53
76 52
76 51
76 51
77 50
77 49
77 49
78 48
78 47
78 47
78 46
78 45
78 45
79 44
79 43
79 43
80 42
80 42
80 42
81 42
81 42
81 43
81 43
81 44
81 45
81 45
81 46
81 47
81 47
82 48
82 49
82 49
82 50
82 51
82 51
82 52
82 53
82 53
83 54
83 54
83 54
84 54
84 54
85 53
85 53
86 52
86 52
87 51
87 50
87 50
87 49
88 48
88 47
88 47
88 46
89 45
89 44
89 44
89 43
90 42
90 41
90 40
90 40
90 39
91 38
91 37
91 37
92 36
92 35
92 35
92 34
92 33
92 33
92 32
92 32
92 32
91 32
91 32
91 32
90 33
90 34
90 34
90 35
90 36
90 36
90 37
89 38
89 39
89 39
89 40
88 41
88 42
88 43
88 43
88 44
88 45
88 46
88 47
88 47
88 48
88 49
88 50
88 51
88 51
88 52
87 53
87 54
87 55
87 55
87 56
87 57
87 58
87 59
87 59
87 60
87 61
87 62
87 63
87 63
87 64
87 65
87 66
87 67
87 68
87 68
87 69
87 70
87 71
87 72
87 72
87 73
87 74
87 75
87 76
87 77
87 77
87 78
87 79
87 80
87 81
87 81
87 82
87 83
87 84
87 85
87 86
87 86
87 87
87 88
87 89
87 90
87 90
87 91
87 92
87 93
87 93
87 94
86 95
86 96
86 96
86 97
86 98
86 98
85 99
85 100
85 100
84 100
84 100
83 100
83 100
82 99
82 99
81 98
81 98
81 97
80 96
80 95
80 95
79 94
79 93
79 93
79 92
79 91
79 91
79 90
79 89
79 88
79 87
79 87
79 86
80 85
80 84
80 84
80 83
80 82
81 81
81 80
81 79
81 79
81 78
82 77
82 76
83 75
83 74
83 74
84 73
84 72
85 71
85 70
86 69
86 68
86 68
87 67
87 66
88 65
88 64
89 63
89 62
89 62
90 61
90 60
91 59
91 58
92 57
92 56
92 56
93 55
93 54
94 53
95 52
95 51
96 50
96 50
97 49
97 48
98 47
99 46
99 45
100 44
