15 25
16 26
16 26
15 25
15 24
15 24
15 23
15 22
15 22
15 21
15 20
15 20
16 19
16 18
16 18
16 17
16 16
16 16
16 15
16 14
16 13
16 13
16 12
16 11
16 10
16 10
16 9
16 8
16 7
16 7
15 6
15 5
15 5
14 4
14 3
14 3
13 2
13 1
13 1
12 0
12 0
11 1
11 1
10 2
9 2
9 2
8 3
8 4
7 5
7 5
7 6
6 7
6 8
5 9
5 10
5 10
5 11
4 12
4 13
3 14
3 15
3 15
3 16
3 17
3 18
2 19
2 20
2 21
2 22
2 22
2 23
2 24
2 25
2 26
1 27
1 28
1 29
1 30
1 31
1 31
1 32
1 33
1 34
1 35
0 36
0 37
0 38
0 39
0 40
0 41
0 41
0 42
0 43
0 44
0 45
0 46
0 47
0 48
0 49
0 49
0 50
0 51
0 52
0 53
0 54
0 55
0 56
0 56
0 57
0 58
1 59
1 60
1 61
1 62
1 62
1 63
2 64
2 65
2 65
3 66
3 66
4 67
5 67
5 67
6 66
7 66
7 66
8 65
9 65
10 64
10 64
11 63
11 62
12 61
12 60
12 60
13 59
13 58
14 57
14 56
15 55
15 54
15 54
15 53
16 52
16 51
17 50
17 49
17 48
18 47
18 46
18 46
18 45
19 44
19 43
20 42
20 41
20 40
21 39
21 38
21 38
21 37
22 36
22 35
22 34
22 33
23 32
23 31
23 31
24 30
24 29
25 28
25 28
26 27
26 27
25 28
25 28
25 29
25 30
25 31
25 32
25 32
25 33
24 34
24 35
23 36
23 37
23 37
23 38
23 39
22 40
22 41
22 42
22 43
22 43
22 44
22 45
21 46
21 47
21 48
21 49
21 49
21 50
21 51
20 52
20 53
20 54
20 54
20 55
20 56
20 57
20 57
20 57
21 57
22 57
22 57
23 56
23 55
24 54
24 54
25 53
25 52
26 51
26 50
26 50
26 49
27 48
27 47
28 46
28 45
28 45
29 44
29 43
30 42
30 41
30 41
31 40
31 40
32 41
32 42
32 42
32 43
32 44
32 44
32 45
31 46
31 47
31 48
31 48
31 49
31 50
31 51
31 52
31 52
31 53
31 54
31 55
31 55
32 56
32 56
33 57
33 57
34 56
34 55
34 55
35 54
36 53
36 53
36 52
36 51
37 50
37 49
37 48
37 48
37 47
38 46
38 45
38 44
38 44
38 43
38 42
39 41
39 40
39 39
39 39
39 38
39 37
40 36
40 35
40 34
40 33
40 33
40 32
40 31
40 30
40 29
40 29
40 28
40 27
40 26
40 25
40 25
40 24
40 23
40 23
39 23
39 23
40 23
41 24
42 24
43 24
44 25
45 25
46 26
47 26
48 26
49 27
50 27
50 27
50 27
50 27
49 27
49 27
49 27
50 27
50 27
50 27
51 27
51 27
52 26
53 26
53 26
54 25
55 24
55 24
55 23
56 22
56 21
56 21
57 20
57 19
58 18
58 18
58 17
59 16
59 15
59 15
60 14
60 13
60 13
60 12
61 11
61 10
61 10
61 9
61 8
61 7
61 7
60 6
60 5
60 5
59 4
59 4
58 4
58 4
58 5
58 5
57 6
57 7
57 7
57 8
56 9
56 10
56 11
56 11
56 12
56 13
55 14
55 15
55 16
55 16
55 17
55 18
55 19
55 20
55 21
55 22
55 22
55 23
55 24
55 25
54 26
54 27
54 28
54 29
54 29
54 30
54 31
54 32
53 33
53 34
53 35
53 36
53 37
53 37
53 38
53 39
52 40
52 41
52 42
52 43
52 43
52 44
52 45
51 46
51 47
51 48
51 48
51 49
51 50
50 51
50 52
50 53
50 53
50 54
50 55
50 56
50 56
49 57
49 58
49 58
48 59
48 60
48 60
48 61
48 61
47 62
47 62
47 61
47 61
46 60
46 60
46 59
46 58
46 58
46 57
46 56
46 55
46 54
46 54
46 53
46 52
46 51
46 50
46 49
46 49
46 48
46 47
47 46
47 45
47 44
47 44
47 43
47 42
47 42
48 41
48 40
48 40
49 40
49 40
49 41
49 41
49 42
50 43
50 44
50 44
50 45
51 46
51 47
51 47
51 48
51 49
51 50
51 51
51 51
51 52
52 53
52 54
52 54
52 55
52 56
52 57
52 58
52 58
53 59
53 59
54 60
54 60
55 59
55 59
56 58
57 57
57 57
58 56
58 55
58 55
59 54
59 53
60 52
60 51
60 51
60 50
61 49
61 48
62 47
62 46
62 46
62 45
63 44
63 43
63 42
63 42
64 41
64 40
65 39
65 39
65 38
65 37
65 37
65 38
65 38
65 39
65 40
65 40
64 41
64 42
64 42
64 43
64 44
64 45
64 45
64 46
63 47
63 48
63 48
63 49
63 50
63 51
63 51
63 52
63 53
63 53
64 54
64 55
64 55
64 55
65 55
65 55
66 54
66 53
66 53
67 52
67 51
67 51
67 50
68 49
68 48
68 48
69 47
69 46
69 46
69 45
70 44
70 43
70 43
70 42
70 42
70 42
70 43
70 43
69 44
69 45
69 45
69 46
69 47
69 48
69 48
69 49
68 50
68 51
68 51
68 52
68 53
68 53
68 54
68 55
68 55
69 55
69 55
69 55
70 55
70 55
71 54
71 53
71 53
72 52
73 51
73 51
73 50
74 49
74 48
74 48
75 47
75 46
75 46
76 45
76 45
76 45
76 45
76 46
76 47
76 47
76 48
76 49
76 49
75 50
75 51
75 51
74 52
74 53
74 53
74 54
74 54
74 54
74 54
75 53
75 53
76 52
76 51
76 51
77 50
78 49
78 49
79 48
79 48
80 47
81 47
81 47
81 47
82 48
82 48
82 49
82 49
82 50
82 51
82 51
81 52
81 52
82 53
82 53
82 53
83 53
83 53
84 52
85 52
85 52
86 51
87 50
87 50
88 49
89 48
89 48
89 47
90 46
90 45
90 45
90 44
91 43
91 42
91 42
92 41
92 40
92 40
92 39
92 39
91 40
91 40
91 41
91 41
91 42
90 43
90 44
90 44
89 45
89 46
89 46
89 47
89 48
88 49
88 50
88 51
88 51
88 52
88 53
88 54
88 55
88 56
88 56
88 57
88 58
87 59
87 60
87 61
87 61
87 62
87 63
87 64
87 65
87 66
87 67
87 67
87 68
87 69
87 70
86 71
86 72
86 73
86 74
86 74
86 75
86 76
86 77
85 78
85 79
85 80
85 81
85 81
85 82
85 83
84 84
84 85
84 86
84 87
84 87
84 88
84 89
83 90
83 91
83 92
83 93
83 93
83 94
82 95
82 96
82 97
82 97
81 98
81 99
80 100
80 100
79 100
78 100
78 100
77 100
77 100
76 99
76 99
76 98
76 97
76 96
76 96
76 95
76 94
76 93
76 92
76 92
76 91
76 90
77 89
77 88
77 87
77 87
77 86
78 85
78 84
78 83
78 83
78 82
79 81
79 80
80 79
80 78
80 78
81 77
81 76
82 75
82 74
83 73
83 72
83 72
84 71
85 70
85 69
86 68
87 67
87 67
88 66
89 65
89 64
90 63
90 63
91 62
91 61
92 60
92 59
93 58
93 58
94 57
95 57
96 56
96 56
97 55
98 54
98 54
99 53
99 53
100 53
100 53
99 53
99 53
99 53
98 54
