11 24
11 24
11 23
11 23
11 22
11 22
11 22
10 21
10 21
10 20
10 20
10 19
10 18
10 18
10 17
10 17
9 16
9 16
9 15
9 15
8 14
8 14
7 14
7 14
6 14
6 14
5 15
5 15
5 16
5 17
5 17
5 18
4 19
4 20
4 20
4 21
3 22
3 23
3 23
3 24
2 25
2 26
2 27
2 27
2 28
1 29
1 30
1 30
1 31
0 32
0 33
0 34
0 34
0 35
0 36
0 37
0 38
0 38
0 39
0 40
0 41
0 42
0 43
0 43
0 44
0 45
0 46
0 47
0 47
0 48
0 49
0 50
0 51
0 52
0 52
0 53
0 54
0 55
0 56
0 57
0 57
0 58
0 59
1 60
1 61
1 62
1 62
1 63
2 64
2 65
2 65
3 66
3 67
3 67
4 68
5 69
5 69
6 69
6 69
7 68
7 67
8 66
8 66
9 65
9 64
10 63
10 63
11 62
11 61
12 60
12 59
12 59
12 58
13 57
13 56
13 55
14 54
14 53
14 53
14 52
14 51
14 50
15 49
15 48
15 47
15 46
15 46
15 45
16 44
16 43
16 42
16 41
17 40
17 39
17 39
17 38
17 37
18 36
18 35
18 34
18 33
18 33
18 32
18 31
19 30
19 29
19 28
19 28
19 27
20 26
20 25
20 25
20 24
21 23
21 22
21 22
21 21
21 21
21 20
21 20
20 20
20 20
20 20
19 21
19 21
19 22
19 23
19 24
19 24
18 25
18 26
18 26
18 27
18 28
18 29
18 30
18 30
18 31
17 32
17 33
17 34
17 34
17 35
17 36
17 37
17 38
17 39
17 39
17 40
17 41
17 42
17 43
17 44
17 44
17 45
17 46
17 47
17 48
17 49
17 49
17 50
17 51
17 52
17 53
17 53
17 54
17 55
17 56
17 56
18 57
18 58
18 58
19 58
19 58
19 58
20 57
20 56
20 56
20 55
21 54
21 53
21 53
21 52
22 51
22 50
22 49
22 49
22 48
23 47
23 46
23 45
23 45
23 44
23 43
23 42
23 41
23 40
23 39
23 39
23 38
23 37
24 36
24 35
24 34
24 34
24 33
24 32
25 31
25 30
25 29
25 29
25 28
26 27
26 26
26 26
27 25
27 24
27 24
27 23
27 23
27 23
27 24
27 24
27 25
27 26
27 26
27 27
27 28
27 29
27 29
27 30
27 31
27 32
27 33
27 34
27 34
27 35
27 36
27 37
27 38
27 39
27 39
27 40
27 41
27 42
27 43
27 44
27 45
27 45
27 46
27 47
27 48
27 49
27 50
27 50
27 51
27 52
27 53
27 54
27 55
27 55
27 56
28 57
28 58
28 58
28 59
28 59
29 59
29 59
30 58
30 57
31 56
31 56
31 55
32 54
32 53
32 53
32 52
32 51
33 50
33 49
33 48
33 48
33 47
34 46
34 45
34 44
34 43
35 42
35 41
35 41
35 40
35 39
35 38
36 37
36 36
36 35
36 34
36 33
36 33
36 32
36 31
36 30
37 29
37 28
37 27
37 26
37 26
37 25
37 24
37 23
38 22
38 21
38 20
38 19
38 19
38 18
38 17
39 16
39 15
39 14
39 14
39 13
39 12
39 12
38 11
38 10
38 10
38 9
38 9
37 9
37 9
37 9
37 9
36 9
36 9
37 10
37 11
38 12
38 13
39 14
39 15
40 16
41 17
41 18
42 19
42 20
43 21
43 22
44 23
44 24
45 25
46 26
46 27
47 28
47 29
48 30
48 31
49 32
49 32
49 33
49 33
49 34
49 34
49 34
50 34
50 34
50 34
51 34
51 34
52 33
52 32
52 32
53 31
53 30
53 30
54 29
54 28
54 28
54 27
55 26
55 25
55 25
56 24
56 23
57 22
57 22
57 21
58 20
58 19
58 18
58 18
58 17
58 16
58 15
58 15
58 14
59 13
59 12
59 12
59 11
60 10
60 9
60 9
60 8
60 7
60 6
60 6
60 5
60 4
60 4
59 3
59 2
59 2
59 1
59 1
58 0
58 0
58 0
57 1
57 1
57 2
57 2
56 3
56 4
56 4
56 5
56 6
56 7
56 7
56 8
56 9
56 10
56 10
56 11
56 12
56 13
56 14
56 14
56 15
56 16
56 17
56 18
56 18
56 19
56 20
56 21
56 22
56 23
56 23
56 24
56 25
56 26
56 27
56 27
56 28
56 29
56 30
56 31
56 32
56 32
56 33
56 34
56 35
56 36
56 37
56 37
56 38
56 39
56 40
56 41
56 41
56 42
56 43
56 44
56 45
56 46
56 46
56 47
56 48
56 49
56 50
56 50
56 51
55 52
55 53
55 54
55 54
55 55
55 56
55 57
55 57
55 58
54 59
54 60
54 60
54 61
54 62
54 63
54 63
53 64
53 64
52 65
52 65
52 65
51 64
51 64
51 63
51 63
50 62
50 61
50 61
50 60
50 59
50 59
51 58
51 57
51 57
51 56
51 55
51 55
51 54
51 53
51 53
52 52
52 51
52 51
53 50
53 50
53 49
53 49
54 48
54 48
55 47
55 47
56 47
56 47
57 47
58 47
58 47
59 46
59 46
60 46
61 46
61 46
62 46
62 46
63 45
64 45
64 45
65 44
65 44
66 43
67 42
67 42
68 41
69 40
69 40
70 39
70 38
70 38
71 37
71 36
71 36
71 35
72 34
72 33
72 33
73 32
73 31
73 31
74 30
74 29
74 29
74 28
74 27
74 27
74 27
74 27
74 27
73 28
73 28
73 29
73 29
72 30
72 30
72 31
72 31
71 32
71 33
71 33
71 34
71 34
70 35
70 36
70 36
70 37
70 38
70 38
70 39
70 40
70 41
70 41
70 42
70 42
70 43
70 44
70 44
71 45
71 45
71 46
71 46
71 47
71 47
72 47
72 47
72 47
73 46
73 46
74 45
74 45
74 44
74 43
74 43
75 42
75 41
75 41
76 40
76 39
76 39
76 38
76 37
76 36
76 36
76 35
76 35
77 34
77 34
77 34
77 34
77 35
77 35
77 36
77 36
77 37
77 38
77 38
77 39
77 39
78 40
78 41
78 41
78 42
78 42
78 43
78 43
79 43
79 43
80 43
80 43
80 42
80 42
81 41
81 41
82 40
82 39
82 39
83 38
83 37
83 37
83 36
83 36
84 35
84 34
84 34
84 33
84 33
84 32
84 32
83 32
83 32
83 32
83 33
83 33
83 34
83 34
83 35
83 36
83 36
82 37
82 38
82 38
82 39
82 40
82 41
82 41
82 42
82 43
82 43
82 44
82 45
82 45
82 46
82 46
82 46
82 46
82 45
82 45
82 44
82 43
82 43
83 42
83 41
83 41
83 40
83 39
83 38
83 38
84 37
84 37
84 36
84 36
84 36
85 36
85 36
85 37
85 37
86 38
86 38
86 39
86 39
87 40
87 41
87 41
87 42
87 42
88 43
88 43
89 44
89 44
90 44
90 44
91 44
91 44
92 43
92 42
92 42
93 41
94 40
94 40
94 39
95 38
95 37
95 37
95 36
96 35
96 34
96 34
96 33
97 32
97 31
97 31
97 30
97 29
97 28
97 27
97 27
98 26
98 25
98 25
98 24
98 23
98 23
98 22
98 22
97 22
97 22
97 22
96 23
96 24
96 24
95 25
95 26
95 26
95 27
94 28
94 29
94 29
94 30
93 31
93 32
93 33
93 33
93 34
93 35
93 36
93 37
93 38
93 38
93 39
93 40
92 41
92 42
92 43
92 43
92 44
92 45
92 46
92 47
92 48
92 49
92 49
92 50
92 51
91 52
91 53
91 54
91 55
91 55
91 56
91 57
91 58
91 59
91 60
91 61
91 61
91 62
91 63
92 64
92 65
92 66
92 66
92 67
92 68
92 69
92 70
92 71
92 72
92 72
92 73
92 74
92 75
92 76
92 77
92 78
92 78
92 79
92 80
92 81
92 82
92 83
92 84
92 84
92 85
92 86
92 87
92 88
92 89
92 90
92 90
92 91
92 92
92 93
92 94
92 94
92 95
92 96
92 97
92 97
92 98
92 99
92 99
91 100
91 100
90 100
90 100
89 100
88 100
88 100
88 99
87 98
87 97
87 97
86 96
85 95
85 95
85 94
84 93
84 92
84 92
84 91
83 90
83 89
83 89
83 88
83 87
83 87
82 86
82 85
82 85
82 84
82 83
82 82
82 82
82 81
82 80
82 79
82 79
82 78
83 77
83 76
83 76
83 75
83 74
83 73
83 72
83 71
83 71
84 70
84 69
85 68
85 67
85 67
86 66
86 65
87 64
87 63
88 62
88 62
89 61
89 60
90 59
90 58
91 57
91 56
91 56
92 55
93 54
93 53
94 52
95 51
95 51
96 50
97 49
98 49
99 48
100 47
