12 19
12 20
12 21
12 21
12 20
12 20
12 19
12 18
12 18
12 17
12 16
12 16
13 15
13 14
13 14
13 13
13 12
13 11
13 11
13 10
13 9
13 9
13 8
13 7
13 7
13 6
13 5
13 5
13 4
13 3
13 3
12 2
12 2
11 1
11 0
11 0
10 0
10 0
9 1
8 2
8 2
8 3
7 4
7 5
7 5
7 6
6 7
6 8
5 9
5 10
5 10
5 11
4 12
4 13
4 14
3 15
3 16
3 16
3 17
2 18
2 19
2 20
2 21
1 22
1 23
1 24
1 24
1 25
1 26
1 27
1 28
0 29
0 30
0 31
0 32
0 33
0 33
0 34
0 35
0 36
0 37
0 38
0 39
0 40
0 41
0 41
0 42
0 43
0 44
0 45
0 46
0 47
0 48
0 49
0 49
0 50
0 51
1 52
1 53
1 54
1 54
1 55
2 56
2 57
2 58
2 58
2 59
3 60
3 61
3 61
4 62
5 62
5 62
6 62
7 62
7 62
8 61
9 60
9 60
10 59
10 58
11 57
11 57
12 56
12 55
13 54
13 53
14 52
14 52
14 51
15 50
15 49
16 48
16 47
16 47
16 46
17 45
17 44
17 43
17 42
18 41
18 40
18 40
19 39
19 38
20 37
20 36
21 35
21 34
21 34
21 33
22 32
22 31
22 30
23 29
23 28
23 28
23 27
24 26
24 25
24 24
24 24
24 23
24 23
24 24
24 24
24 25
23 26
23 27
23 28
23 28
23 29
23 30
22 31
22 32
22 33
22 34
22 34
22 35
22 36
21 37
21 38
21 39
21 40
21 40
21 41
21 42
21 43
20 44
20 45
20 46
20 47
20 47
20 48
20 49
20 50
20 51
20 52
20 52
20 53
20 54
20 55
20 56
20 56
20 57
20 57
21 57
22 57
22 57
23 56
23 55
23 55
24 54
24 53
25 52
25 51
25 51
25 50
26 49
26 48
27 47
27 46
27 46
28 45
28 44
29 43
29 42
30 41
30 41
30 40
30 39
31 38
31 37
31 36
31 36
32 35
32 34
32 34
33 34
33 34
33 35
33 36
33 36
33 37
32 38
32 39
32 39
32 40
32 41
32 42
32 43
32 44
32 44
32 45
32 46
32 47
32 48
32 49
32 49
32 50
32 51
32 52
32 53
32 53
33 54
33 55
33 55
34 56
34 56
35 55
36 54
36 54
37 53
37 52
38 51
38 50
38 50
39 49
39 48
40 47
40 46
41 45
41 45
41 44
42 43
42 42
43 41
43 40
43 40
43 39
43 38
44 37
44 36
44 35
44 34
44 34
44 33
44 32
44 31
45 30
45 29
45 28
45 27
45 27
45 26
45 25
46 24
46 23
46 22
46 21
46 21
46 20
45 19
45 18
45 18
45 17
45 17
44 17
44 17
45 18
46 19
47 20
48 21
49 22
50 23
50 24
51 25
52 26
53 27
54 28
55 29
55 29
56 30
56 31
56 31
56 31
56 31
56 30
56 30
57 29
57 29
58 28
58 27
59 26
59 26
59 25
60 24
60 23
60 23
60 22
61 21
61 20
61 20
62 19
62 18
63 17
63 17
63 16
63 15
63 14
63 14
63 13
63 12
63 11
63 10
63 10
63 9
63 8
63 8
63 7
63 7
62 6
62 6
62 7
62 7
61 8
61 9
61 9
61 10
60 11
60 12
60 13
60 13
60 14
60 15
59 16
59 17
59 18
59 18
59 19
59 20
59 21
59 22
59 23
59 24
59 25
59 25
59 26
59 27
59 28
58 29
58 30
58 31
58 32
58 32
58 33
58 34
58 35
57 36
57 37
57 38
57 39
57 39
57 40
57 41
56 42
56 43
56 44
56 44
56 45
55 46
55 47
55 48
55 48
55 49
54 50
54 51
54 51
54 52
54 53
54 54
54 54
53 55
53 56
53 56
53 56
53 56
53 56
52 55
52 54
52 54
52 53
52 52
52 51
52 51
52 50
52 49
52 48
52 47
52 47
52 46
52 45
52 44
52 44
53 43
53 42
53 42
53 41
53 40
53 40
54 40
54 40
55 41
55 41
55 42
55 43
55 43
56 44
56 45
56 45
56 46
57 47
57 48
57 48
57 49
57 50
57 50
58 51
58 52
58 52
59 53
59 53
60 52
60 52
61 51
62 51
62 51
63 50
63 49
63 49
63 48
64 47
64 46
64 46
65 45
65 44
66 43
66 43
66 42
67 41
67 40
67 39
67 39
68 38
68 37
68 37
68 36
68 36
68 37
68 37
68 38
68 38
68 39
67 40
67 41
67 41
67 42
67 43
67 44
67 44
66 45
66 46
66 46
66 47
66 48
66 48
67 49
67 49
67 50
67 50
67 50
68 49
68 49
69 48
70 47
70 47
71 46
71 45
71 45
72 44
72 43
72 43
72 42
72 41
72 40
72 40
72 40
72 40
72 41
72 41
72 42
72 43
72 43
72 44
72 45
72 45
72 46
72 47
72 47
72 48
72 49
72 49
72 50
72 50
72 50
73 50
73 50
74 49
74 49
75 48
76 47
76 47
76 46
77 45
77 44
77 44
78 43
78 42
78 42
79 41
79 40
79 40
79 39
79 39
80 40
80 40
79 41
79 41
79 42
79 43
79 43
78 44
78 45
78 45
78 46
78 47
78 47
78 48
78 48
78 49
78 49
78 49
79 48
79 48
80 47
80 47
81 46
81 46
82 45
82 44
82 44
83 43
83 43
84 43
84 43
84 43
85 44
85 44
85 45
85 46
85 46
85 47
85 47
85 48
85 48
86 49
86 49
87 48
87 48
88 47
89 47
89 47
90 46
91 46
92 45
92 45
93 44
94 44
94 44
95 43
95 42
95 42
95 41
95 40
95 40
95 39
95 38
95 38
95 37
95 37
94 38
94 38
93 39
93 39
93 40
92 41
92 42
92 42
92 43
91 44
91 45
91 46
91 46
91 47
91 48
91 49
91 50
91 51
91 51
91 52
91 53
90 54
90 55
90 56
90 57
90 57
90 58
90 59
90 60
90 61
90 62
90 63
90 64
90 64
90 65
90 66
90 67
90 68
89 69
89 70
89 71
89 72
89 73
89 73
89 74
88 75
88 76
88 77
88 78
87 79
87 80
87 81
87 81
87 82
86 83
86 84
86 85
86 86
85 87
85 88
85 88
85 89
84 90
84 91
84 92
84 93
83 94
83 95
83 95
82 96
82 97
81 98
81 99
81 99
80 100
79 100
79 100
78 100
78 100
78 99
78 98
78 97
78 97
78 96
78 95
78 94
78 94
78 93
78 92
78 91
78 90
78 89
78 89
78 88
79 87
79 86
79 85
79 85
79 84
80 83
80 82
81 81
81 80
81 80
81 79
82 78
82 77
83 76
83 75
83 75
84 74
84 73
85 72
85 71
86 70
86 70
87 69
87 68
88 67
88 66
89 65
89 65
90 64
91 63
91 62
92 61
92 61
93 60
94 59
95 58
95 58
96 57
97 57
98 56
98 56
99 55
100 55
