10 19
11 20
12 20
12 20
12 19
12 19
11 19
11 19
12 18
12 18
12 17
12 17
13 16
13 15
13 15
13 14
13 13
13 13
13 12
13 11
13 11
13 10
13 9
13 8
13 8
13 7
13 6
13 6
13 5
13 4
13 4
12 3
12 2
12 2
11 1
11 1
10 0
10 0
9 1
9 1
8 2
7 3
7 3
7 4
6 5
6 6
6 6
5 7
5 8
4 9
4 10
4 10
4 11
4 12
3 13
3 14
3 15
3 15
3 16
2 17
2 18
2 19
1 20
1 21
1 21
1 22
1 23
1 24
0 25
0 26
0 27
0 28
0 29
0 29
0 30
0 31
0 32
0 33
0 34
0 35
0 36
0 37
0 38
0 38
0 39
0 40
0 41
0 42
0 43
0 44
0 45
0 45
0 46
0 47
0 48
0 49
0 50
0 51
0 51
0 52
0 53
1 54
1 55
1 56
1 56
2 57
2 58
3 59
3 59
3 60
4 61
4 62
4 62
5 63
5 63
6 63
7 63
7 63
8 62
9 62
9 62
10 61
10 60
10 60
11 59
12 58
13 57
13 57
13 56
14 55
14 54
15 53
15 52
15 52
15 51
16 50
16 49
17 48
17 47
17 47
17 46
18 45
18 44
18 43
19 42
19 41
19 41
19 40
20 39
20 38
20 37
20 36
21 35
21 34
21 34
22 33
22 32
23 31
23 30
23 30
23 29
23 28
23 28
23 29
23 29
23 30
23 31
23 31
23 32
23 33
22 34
22 35
22 36
22 36
22 37
22 38
21 39
21 40
21 41
21 42
21 42
21 43
21 44
21 45
20 46
20 47
20 48
20 49
20 49
20 50
20 51
19 52
19 53
19 54
19 55
19 55
19 56
19 57
19 58
19 58
19 59
19 60
19 61
19 61
20 61
20 61
21 60
21 60
22 59
22 58
22 58
23 57
23 56
24 55
24 54
24 54
25 53
26 52
26 51
27 50
27 50
27 49
28 48
28 47
28 46
28 46
29 45
29 44
29 44
30 44
30 44
30 45
30 46
30 46
30 47
30 48
30 49
30 49
30 50
30 51
30 52
30 53
30 53
30 54
31 55
31 56
31 56
31 57
31 58
31 59
31 59
32 60
32 60
33 60
33 60
34 59
34 59
35 58
35 57
36 56
36 55
36 55
36 54
37 53
37 52
37 51
37 51
37 50
38 49
38 48
39 47
39 46
39 46
39 45
39 44
39 43
39 42
39 41
39 41
39 40
39 39
40 38
40 37
40 36
40 35
40 35
40 34
40 33
40 32
40 31
40 31
41 32
42 33
43 34
44 35
45 36
46 37
47 38
48 39
48 39
48 40
48 41
48 41
49 41
49 41
49 41
50 40
50 40
51 39
51 39
52 38
52 37
53 36
53 36
54 35
54 34
55 33
55 33
56 32
56 31
57 30
57 30
58 29
58 28
59 27
59 27
59 26
60 25
60 24
60 24
60 23
61 22
61 21
61 21
62 20
62 19
62 19
62 18
62 17
62 17
62 16
62 15
62 15
61 14
61 14
61 13
61 13
60 13
60 13
60 14
60 14
59 15
59 15
58 16
58 17
58 17
58 18
58 18
58 19
57 20
57 21
57 21
57 22
57 23
57 23
57 24
56 25
56 26
56 27
56 27
56 28
56 29
56 30
56 31
56 32
56 32
56 33
56 34
56 35
56 36
56 37
56 38
56 38
56 39
56 40
55 41
55 42
55 43
55 44
55 44
55 45
55 46
55 47
54 48
54 49
54 50
54 51
54 51
54 52
54 53
54 54
54 55
54 56
54 56
54 57
54 58
53 59
53 60
53 61
53 61
53 62
52 63
52 64
52 65
52 65
52 66
52 67
52 67
52 68
51 69
51 70
51 70
51 71
51 71
51 72
51 72
51 72
50 71
50 70
50 70
50 69
50 68
50 68
50 67
50 66
50 65
50 64
50 63
50 63
50 62
50 61
50 60
50 59
50 59
50 58
50 57
50 56
50 55
50 54
50 53
50 53
50 52
50 51
50 50
50 50
51 49
51 49
51 48
51 48
52 49
52 49
52 50
52 51
52 52
52 52
52 53
53 54
53 55
53 55
53 56
53 57
53 58
53 59
53 59
53 60
54 61
54 62
54 62
55 63
55 64
55 64
56 65
56 65
57 65
57 65
58 64
58 64
59 63
59 62
59 62
60 61
60 60
61 59
61 59
62 58
62 57
63 56
63 56
63 55
63 54
64 53
64 52
64 51
64 51
64 50
65 49
65 48
65 47
65 47
66 46
66 45
66 45
66 44
66 44
66 45
66 46
66 46
66 47
66 48
66 48
66 49
65 50
65 51
65 51
65 52
65 53
65 54
65 54
65 55
65 56
65 57
65 57
65 58
65 59
65 59
65 60
65 60
65 61
65 61
66 61
66 61
67 60
67 60
68 59
68 58
68 58
69 57
69 56
69 56
69 55
70 54
70 53
70 53
70 52
70 51
70 50
70 50
71 49
71 49
71 49
71 50
71 50
70 51
70 51
70 52
70 53
70 54
70 54
70 55
70 56
70 56
70 57
70 58
70 58
70 59
70 59
71 60
71 60
71 59
71 59
72 58
72 58
73 57
74 57
74 57
75 56
75 55
75 55
75 54
76 53
76 52
76 52
77 51
77 50
77 50
77 50
77 50
77 51
77 51
77 52
77 52
76 53
76 54
76 54
76 55
76 56
76 56
76 57
76 57
76 58
76 58
76 58
77 57
77 57
78 56
78 56
79 55
79 54
79 54
80 53
80 53
81 52
81 52
81 52
82 52
82 52
83 53
83 53
83 54
83 54
84 54
84 54
85 54
86 54
86 54
87 53
88 53
88 53
89 52
89 51
89 51
90 50
91 50
91 50
91 49
91 48
91 48
91 47
91 47
90 46
90 46
90 45
90 45
89 45
89 45
88 46
88 46
88 47
88 48
88 48
87 49
87 50
87 50
87 51
87 52
87 53
87 54
87 55
87 55
87 56
87 57
87 58
87 59
87 60
87 60
87 61
87 62
87 63
87 64
87 65
87 66
87 66
87 67
87 68
87 69
86 70
86 71
86 72
86 73
86 73
86 74
86 75
86 76
85 77
85 78
85 79
85 80
85 80
85 81
85 82
85 83
84 84
84 85
84 86
84 87
84 87
84 88
83 89
83 90
83 91
82 92
82 93
82 93
82 94
82 95
81 96
81 97
81 98
81 98
80 99
79 100
79 100
78 100
78 100
77 99
77 99
77 98
76 97
76 96
76 96
76 95
76 94
76 93
76 92
76 91
76 91
76 90
76 89
76 88
76 87
76 86
76 85
76 85
76 84
76 83
76 82
76 81
76 80
76 79
76 78
76 77
76 77
76 76
77 75
77 74
77 73
78 72
78 71
78 71
79 70
79 69
80 68
80 67
81 66
81 65
81 65
82 64
83 63
83 62
84 61
84 61
85 60
86 59
87 58
88 57
88 57
89 56
90 55
91 54
91 54
92 53
93 53
94 52
94 52
95 51
96 50
96 50
97 49
98 48
98 48
99 47
100 47
