5 5
5 5
5 5
6 5
6 5
6 4
6 4
6 4
7 4
7 4
8 4
8 4
9 5
9 5
10 5
10 5
11 5
11 5
12 6
12 6
13 6
13 6
14 6
14 6
14 7
14 7
15 7
15 7
15 7
15 7
15 8
15 8
15 8
15 9
15 9
14 10
14 10
13 11
13 11
12 12
12 12
11 13
10 14
10 14
9 15
9 16
9 16
8 17
8 17
7 18
7 18
6 19
6 19
6 20
6 20
6 20
6 20
6 19
6 19
7 19
7 19
8 18
8 18
9 17
9 16
9 16
10 15
10 15
11 14
11 14
12 13
12 13
13 12
13 12
13 12
14 12
14 12
14 13
14 13
14 13
13 14
13 14
13 15
13 16
13 16
13 17
13 18
13 19
13 19
12 20
12 21
12 21
12 22
12 23
12 23
11 24
11 25
11 25
11 26
11 27
11 27
11 28
11 29
11 29
11 30
11 30
11 31
11 31
11 32
11 32
11 32
11 32
11 32
11 32
11 31
11 31
12 30
12 29
12 29
12 28
13 27
13 26
13 25
14 24
14 23
14 22
14 21
15 20
15 19
15 18
16 17
16 16
16 16
17 15
17 14
17 14
18 14
18 14
18 13
18 13
18 13
19 13
19 13
19 13
19 14
19 14
19 14
19 15
19 15
19 16
19 16
18 17
18 17
18 18
18 18
17 19
17 19
17 20
17 21
17 21
16 22
16 22
15 23
15 24
15 24
14 25
14 26
14 26
13 27
13 28
13 28
12 29
11 30
11 30
11 31
10 32
10 33
10 33
9 34
8 35
8 35
8 36
7 37
7 38
7 38
6 39
6 40
6 40
5 41
4 42
4 42
3 43
3 44
3 44
2 45
2 46
2 46
1 47
1 48
1 48
0 49
0 49
0 50
0 50
0 50
0 50
0 50
0 49
0 49
1 48
1 47
1 47
2 46
3 45
3 45
4 44
4 43
5 42
5 42
6 41
6 40
7 39
7 39
8 38
8 37
9 36
9 36
10 35
11 34
11 34
12 33
12 32
12 32
13 31
14 30
14 30
15 29
15 29
16 28
16 28
16 28
17 28
17 28
17 28
17 28
17 29
17 29
17 30
17 30
16 31
16 31
16 32
16 33
16 33
16 34
16 35
16 35
16 36
15 37
15 38
15 38
15 39
15 40
15 41
15 41
15 42
15 43
15 44
15 44
15 45
15 46
15 47
15 48
15 48
15 49
15 50
15 51
15 52
15 52
15 53
15 54
15 55
15 56
15 57
15 57
15 58
15 59
15 60
15 61
15 61
15 62
15 63
15 64
15 64
15 65
15 66
15 67
15 67
15 68
15 69
15 69
15 70
15 71
15 71
15 72
15 72
15 73
15 73
15 73
15 73
15 73
15 73
15 72
15 72
15 71
15 70
15 70
15 69
15 68
15 68
15 67
15 66
15 66
15 65
15 64
15 63
15 63
15 62
15 61
15 60
15 59
15 58
15 57
15 56
15 55
15 54
14 53
14 52
14 51
14 50
14 49
14 48
14 47
14 46
14 45
14 44
14 43
14 43
14 42
14 41
15 40
15 39
15 38
15 38
15 37
15 36
15 36
15 35
15 35
16 34
16 34
16 33
16 33
16 32
16 32
17 31
17 31
18 30
18 30
18 30
19 30
19 30
19 30
19 30
20 31
20 31
20 32
20 32
20 33
20 33
20 34
20 35
20 35
20 36
21 37
21 38
21 38
21 39
21 40
21 41
21 41
21 42
21 43
21 44
21 44
21 45
21 46
21 47
21 47
21 48
21 49
21 50
21 51
21 51
21 52
22 53
22 54
22 55
22 55
22 56
22 57
22 58
22 59
22 59
22 60
22 61
22 62
22 63
22 63
22 64
22 65
22 66
22 67
22 67
22 68
22 69
22 70
22 70
22 71
22 72
22 72
22 73
23 74
23 75
23 75
23 76
23 77
23 77
22 78
22 78
22 79
22 79
22 80
22 80
22 80
21 80
21 80
21 79
21 79
21 79
21 78
21 78
20 77
20 77
20 76
20 76
19 75
19 75
19 74
19 73
19 73
19 72
18 71
18 70
18 69
17 68
17 67
16 66
16 65
16 64
15 63
15 62
15 62
15 61
14 60
14 59
14 58
14 58
13 57
13 57
12 56
12 56
12 55
12 54
12 54
11 53
11 53
11 52
11 52
11 52
11 51
11 51
11 50
11 50
11 49
11 49
11 48
11 48
12 47
12 47
12 46
12 46
13 45
13 45
14 44
14 44
15 43
15 43
16 42
16 41
16 41
17 41
18 41
18 41
19 40
19 40
19 39
19 39
20 39
20 39
20 39
21 39
21 39
21 40
21 40
21 41
21 41
20 42
20 43
20 43
20 44
20 44
19 45
19 46
19 46
18 47
18 48
18 48
18 49
17 50
17 51
17 51
17 52
17 53
17 53
16 54
16 54
15 55
15 55
15 56
15 56
15 57
15 57
15 57
15 57
15 57
15 57
15 57
15 57
15 57
15 57
15 57
15 57
15 57
15 57
15 57
15 57
15 57
15 57
15 57
15 57
15 57
15 57
16 57
16 57
16 57
16 57
16 57
16 56
16 56
17 56
17 56
17 55
17 55
18 55
18 55
18 54
18 54
19 53
19 53
20 52
20 51
20 51
21 50
21 50
22 49
22 48
22 48
23 47
23 46
23 46
24 45
25 44
25 44
26 43
26 42
26 42
27 41
28 40
28 40
29 39
29 38
29 38
30 37
30 36
30 36
31 35
31 34
31 34
32 33
33 32
33 32
34 31
34 30
34 30
35 29
35 28
35 28
35 27
35 26
35 26
36 25
36 24
36 24
37 23
37 22
37 22
37 21
37 21
38 20
38 20
38 19
38 19
38 18
38 18
39 17
39 17
39 16
39 16
39 15
39 15
39 14
39 14
39 13
39 13
39 13
39 13
38 12
38 12
38 12
38 12
37 12
37 12
37 11
37 11
37 10
36 9
36 8
35 7
35 6
34 5
34 4
33 3
33 2
32 1
32 0
32 0
32 0
31 0
31 0
31 1
31 1
31 1
30 2
30 2
30 3
30 3
30 4
30 4
30 5
30 5
30 6
30 6
29 7
29 8
29 8
29 9
29 9
29 10
29 11
29 12
29 12
29 13
29 14
29 14
29 15
29 16
29 17
29 17
29 18
29 19
29 20
29 20
29 21
29 22
29 23
29 23
29 24
29 25
29 26
29 27
29 27
29 28
29 29
29 30
29 30
29 31
28 32
28 33
28 33
28 34
28 35
28 36
28 37
28 37
28 38
28 39
28 40
28 41
28 41
28 42
28 43
28 44
28 44
28 45
28 46
28 46
28 47
28 48
28 49
28 49
28 50
28 51
28 52
28 52
28 53
28 54
28 55
28 55
29 56
29 57
29 57
29 58
29 59
29 59
30 60
30 61
30 61
30 62
30 62
31 63
31 63
32 64
32 64
33 64
33 64
34 64
35 64
35 64
36 64
36 64
37 63
37 63
38 62
39 62
39 62
40 61
40 61
41 60
41 60
42 59
43 59
43 59
44 58
44 58
45 57
45 56
45 56
45 55
45 55
46 54
46 53
46 53
46 52
46 51
46 51
45 50
45 50
45 49
45 48
45 47
45 47
44 46
44 45
44 45
44 44
43 43
43 42
43 42
43 41
42 40
42 39
42 39
42 38
41 37
41 36
41 36
41 35
40 34
40 33
40 33
40 32
39 31
39 30
39 30
39 29
38 28
38 27
38 27
38 26
37 25
37 24
37 24
37 23
37 22
37 21
37 21
37 20
36 19
36 18
36 18
36 17
36 16
36 16
36 15
36 14
36 14
36 13
36 13
36 12
36 12
36 11
36 11
36 11
36 11
36 11
37 11
37 11
37 12
37 12
36 12
36 12
36 13
36 14
36 14
36 15
36 16
36 16
36 17
36 18
36 18
36 19
36 20
36 20
36 21
36 22
36 22
36 23
36 24
36 24
36 25
35 26
35 27
35 27
35 28
35 29
35 29
35 30
35 31
35 31
35 32
35 33
35 33
35 34
35 34
36 35
36 35
36 36
36 36
37 36
37 36
37 37
37 37
38 38
38 38
38 38
38 39
38 39
39 40
39 41
39 41
38 42
38 42
38 43
38 44
38 44
37 45
37 46
37 46
37 47
37 48
37 48
36 49
36 50
36 50
36 51
36 52
36 52
35 53
35 54
35 54
35 55
35 55
35 56
35 56
35 57
35 57
36 57
36 57
36 57
37 57
37 57
38 58
38 58
38 58
38 59
38 59
38 60
38 61
38 61
38 62
38 62
38 63
38 64
38 64
37 65
37 66
37 66
38 67
38 68
38 68
38 69
38 69
38 70
38 71
38 71
38 72
38 72
39 73
39 74
39 74
39 75
39 76
39 76
39 77
39 78
39 79
39 79
38 80
38 81
38 81
38 82
37 83
37 84
37 84
37 85
37 86
37 87
37 87
36 88
36 89
36 89
35 90
35 91
35 91
34 91
34 91
34 91
34 90
35 89
35 88
35 87
35 86
36 85
36 84
36 83
37 82
37 81
37 80
38 79
38 78
38 77
38 76
39 75
39 74
39 73
40 72
40 71
40 70
41 69
41 68
41 67
41 66
42 65
42 64
42 63
43 62
43 61
43 60
44 59
44 58
44 57
44 56
45 55
45 54
45 53
46 52
46 51
46 50
47 49
47 48
47 47
47 46
48 45
48 44
48 43
49 42
49 41
49 40
50 39
50 38
50 37
50 36
51 35
51 34
51 33
52 32
52 31
52 30
53 29
53 28
53 27
53 26
54 25
54 24
54 24
53 25
53 25
53 24
53 24
53 25
53 25
53 26
53 26
53 26
53 27
53 28
53 28
54 29
54 29
54 30
54 31
54 31
54 32
54 33
54 33
54 34
55 35
55 36
55 36
55 37
55 38
55 39
55 39
55 40
55 41
55 42
55 42
55 43
55 44
55 45
55 45
56 46
56 47
56 47
56 48
56 49
56 50
56 50
56 51
56 51
56 52
56 53
56 53
56 54
56 54
56 55
56 55
56 55
56 55
56 54
56 54
56 54
56 53
56 53
56 52
56 51
56 51
55 50
55 50
55 49
55 49
55 48
55 47
55 47
55 46
55 46
56 46
56 46
56 45
56 45
56 44
56 44
56 43
56 43
56 42
56 42
56 42
57 41
57 41
57 41
58 40
58 40
59 39
60 39
60 39
61 38
61 38
62 37
63 37
63 37
64 36
64 35
64 35
65 34
66 34
66 34
67 33
68 33
68 33
69 33
70 33
70 33
71 32
71 32
72 31
73 31
73 31
74 31
74 31
75 31
75 31
75 31
75 31
75 31
75 32
75 32
74 33
74 33
73 34
73 35
73 35
72 36
72 36
71 37
70 38
70 38
70 39
69 40
69 41
69 41
68 42
67 43
67 43
66 44
65 45
65 45
64 46
63 47
63 47
62 48
62 49
62 49
61 50
61 50
61 51
61 51
61 51
61 52
61 52
61 52
61 52
62 52
62 52
63 51
63 51
64 50
65 50
65 50
66 49
66 48
66 48
67 47
68 47
68 47
69 46
70 45
70 45
71 44
71 44
72 43
73 43
73 43
74 42
74 42
75 41
76 41
76 41
76 40
76 40
77 40
77 40
77 39
77 39
76 39
76 39
76 38
76 38
76 37
75 36
75 35
75 34
74 33
74 32
74 31
73 30
73 29
73 28
72 27
72 26
72 25
71 24
71 23
71 22
70 21
70 20
70 20
70 19
70 18
70 17
70 17
70 16
70 16
70 15
70 15
70 14
70 14
70 13
70 13
70 13
70 13
70 13
70 14
70 14
69 15
69 15
69 15
69 16
69 16
69 17
69 18
69 18
69 19
69 19
69 20
69 21
69 21
69 22
69 22
69 23
69 24
69 24
69 25
69 26
69 26
69 27
69 28
69 29
69 29
70 30
70 31
70 31
70 32
70 33
70 34
70 34
70 35
70 36
70 37
70 37
70 38
70 39
70 40
70 40
70 41
70 42
70 43
70 43
70 44
70 45
70 45
70 46
70 47
70 48
70 48
70 49
70 50
70 51
70 51
70 52
70 53
70 54
70 54
70 55
69 56
69 57
69 57
69 58
69 59
69 60
69 60
69 61
69 62
69 63
69 63
70 64
70 65
70 65
70 66
70 67
70 67
70 68
70 69
70 70
70 70
70 71
70 72
70 72
70 73
70 74
70 74
70 75
70 76
70 77
70 77
70 78
70 79
70 79
70 80
70 81
70 81
70 82
70 83
70 83
70 84
70 85
70 85
71 86
71 86
71 87
71 88
71 88
71 89
71 89
71 90
71 90
71 91
71 92
71 92
71 93
71 93
71 94
71 94
70 95
70 95
70 95
70 96
70 96
70 96
70 95
70 95
70 94
70 94
70 93
70 93
70 92
70 91
70 91
70 90
70 89
71 88
71 87
71 86
71 85
71 84
71 83
72 82
72 81
72 80
72 79
72 78
73 77
73 76
73 75
73 74
73 73
74 72
74 71
74 70
74 69
74 68
74 67
75 66
75 65
75 64
75 63
75 62
76 61
76 60
76 59
76 58
76 57
77 56
77 55
77 54
77 53
77 52
77 51
78 50
78 49
78 48
78 47
78 46
79 45
79 44
79 43
79 42
79 41
80 40
80 39
80 38
80 37
80 36
80 35
81 34
81 33
81 32
81 31
81 30
82 29
82 28
82 27
82 26
82 25
83 24
83 23
83 22
83 21
83 20
83 19
84 18
84 17
84 16
84 16
84 16
84 15
84 15
84 15
84 15
84 15
84 15
84 16
84 16
84 17
84 17
84 18
84 18
84 19
84 19
84 20
84 21
84 21
84 22
84 22
84 23
84 24
84 24
84 25
84 25
84 26
84 26
84 27
84 27
84 28
84 28
84 28
85 28
85 28
85 28
86 27
87 27
87 27
88 26
88 26
89 25
90 24
90 24
91 23
91 23
92 22
93 22
93 22
93 21
93 21
94 20
94 20
94 20
94 20
94 19
94 19
94 19
94 19
93 20
93 20
93 20
92 21
92 21
92 21
91 22
91 22
91 23
91 23
91 24
91 24
91 24
90 25
90 26
90 26
90 27
90 27
90 28
90 29
90 30
90 30
90 31
90 32
90 32
90 33
90 34
90 34
90 35
89 36
89 37
89 37
89 38
89 39
89 40
89 40
89 41
89 42
89 43
89 43
89 44
89 45
89 45
88 46
88 47
88 47
88 48
88 49
88 49
88 50
88 51
88 51
87 52
87 52
87 53
87 53
86 54
86 54
86 54
85 55
85 55
85 55
84 55
84 55
83 55
83 55
83 54
83 54
82 54
82 54
82 53
82 53
82 53
81 52
81 52
81 51
81 51
81 50
81 50
81 49
81 48
81 48
82 47
82 46
82 46
83 45
83 44
83 44
84 43
84 43
85 42
85 41
85 41
86 40
86 40
87 39
88 38
88 38
89 37
89 37
90 36
91 36
91 36
92 35
92 35
93 34
93 34
94 34
94 34
94 34
95 34
95 34
95 34
95 34
95 34
95 35
95 35
95 35
95 36
95 36
95 37
95 37
94 38
94 38
93 39
93 40
93 40
92 41
92 42
92 42
91 43
91 43
90 44
90 45
90 45
89 46
89 46
88 47
88 48
88 48
87 49
87 49
86 50
86 50
86 51
86 51
86 51
86 52
86 52
86 52
86 52
86 51
86 51
87 51
87 51
88 50
88 50
89 49
89 49
90 48
90 47
90 47
91 46
91 46
92 45
92 45
93 44
93 44
94 44
94 44
95 44
95 44
95 44
95 44
96 44
96 44
96 44
95 44
95 44
95 45
95 45
94 46
94 46
94 47
94 47
93 48
93 48
92 49
92 49
91 50
91 51
91 51
90 52
90 53
90 53
89 54
89 54
88 55
88 56
88 56
87 57
87 57
86 58
86 59
86 59
85 60
85 60
84 61
84 61
84 62
84 62
84 62
84 63
84 63
84 63
84 63
84 63
84 63
84 63
84 63
84 63
84 63
84 62
84 62
85 61
85 61
86 60
86 60
87 59
87 59
88 58
89 57
89 57
90 56
90 56
91 55
92 55
92 55
93 54
93 53
93 53
94 52
95 52
95 52
96 51
96 51
97 51
97 51
98 50
98 50
99 50
99 50
99 51
99 51
99 51
98 52
98 52
97 53
97 53
96 54
96 54
95 55
94 56
94 56
93 57
92 58
92 58
91 59
90 60
89 61
89 61
88 62
88 63
87 64
87 64
86 65
86 66
85 67
85 67
84 68
83 69
83 69
82 70
81 71
81 71
80 72
80 72
80 73
80 73
80 73
80 74
80 74
80 74
81 73
81 73
82 72
83 72
83 72
84 71
84 70
84 70
85 69
86 69
86 69
87 68
88 67
88 67
89 66
90 65
90 65
91 64
92 63
92 63
93 62
94 62
94 62
95 61
96 60
96 60
97 59
97 59
98 59
98 59
99 58
99 58
99 58
100 58
100 58
100 58
99 59
99 59
99 59
99 59
98 60
98 60
98 60
98 60
97 60
97 60
97 60
97 60
97 60
97 59
97 59
98 58
98 58
98 58
99 57
99 57
99 56
99 56
99 55
99 55
99 54
99 54
99 53
98 52
98 51
98 50
97 49
97 48
97 47
97 46
96 45
96 44
96 43
95 42
95 41
95 41
95 40
95 39
95 39
94 39
94 39
94 38
94 38
95 38
95 38
95 38
95 38
95 38
95 38
95 38
95 38
95 39
95 39
95 39
95 39
95 40
95 40
95 41
95 41
95 42
95 42
95 43
95 44
95 44
95 45
95 45
95 46
95 46
95 47
95 48
95 48
95 49
95 50
95 50
95 51
95 51
95 52
95 53
95 53
95 54
95 55
95 55
95 56
95 57
95 57
95 58
95 59
95 59
95 60
95 61
95 62
95 62
95 63
95 64
95 64
95 65
95 66
95 66
95 67
95 67
95 68
95 69
95 69
95 70
95 71
95 71
95 72
95 73
95 73
96 74
96 75
96 75
96 76
96 77
96 77
96 78
96 78
96 79
96 80
96 80
96 81
96 82
96 82
96 83
96 84
96 85
96 85
96 86
96 87
96 87
96 88
96 88
97 89
97 90
97 90
97 91
97 92
97 93
97 93
97 94
97 95
97 95
97 96
98 97
98 98
98 98
98 99
98 99
98 100
98 100
98 100
