10 1
11 1
11 1
10 0
10 0
10 0
10 1
10 1
11 1
11 1
11 2
11 3
11 3
11 4
11 4
12 5
12 5
12 6
12 7
12 7
12 8
12 8
13 9
13 9
13 9
13 10
13 10
13 11
13 11
12 12
12 12
11 13
11 13
10 14
10 14
9 15
8 16
8 16
7 17
7 17
6 18
6 18
5 18
5 18
4 19
4 19
4 19
4 19
5 18
5 18
6 17
6 17
7 16
7 16
8 15
9 14
9 14
10 13
11 13
11 13
12 12
13 12
13 12
14 11
14 11
15 11
15 11
16 11
16 11
15 11
15 11
14 12
13 12
12 13
11 14
10 15
9 15
8 16
8 16
7 17
6 17
6 17
6 18
6 18
6 19
6 19
6 20
6 20
6 21
6 22
6 22
6 23
6 24
6 24
6 25
6 26
6 26
6 27
6 27
7 28
7 28
7 28
8 28
8 28
8 27
8 27
9 26
9 26
10 25
10 24
11 23
11 23
12 22
12 21
12 21
13 20
13 19
13 19
14 18
14 18
14 17
14 17
15 17
15 17
14 17
14 17
14 17
13 18
13 19
13 19
12 20
12 21
12 21
11 22
11 23
11 23
10 24
10 25
9 26
9 26
9 27
8 28
8 29
8 29
7 30
7 31
6 32
6 32
5 33
5 34
4 35
4 36
4 36
3 37
3 38
2 39
2 39
1 40
1 41
1 41
1 42
0 43
0 44
0 44
0 45
0 45
0 45
0 45
1 44
1 44
2 43
3 42
3 42
4 41
4 40
5 39
5 39
6 38
7 37
7 37
8 36
9 35
9 35
10 34
10 33
10 33
11 32
12 31
12 31
13 30
14 29
14 29
15 28
15 28
15 27
15 27
16 27
16 27
16 27
16 27
15 27
15 27
14 28
14 28
14 29
14 29
13 30
13 31
13 31
12 32
12 33
12 33
12 34
11 35
11 36
11 36
11 37
11 38
11 39
11 39
11 40
10 41
10 42
10 43
10 43
10 44
10 45
10 46
10 47
10 47
10 48
10 49
9 50
9 51
9 52
9 52
9 53
8 54
8 55
8 56
8 56
8 57
7 58
7 59
7 60
7 60
7 61
7 62
7 63
7 63
6 64
6 65
6 65
6 66
6 67
6 67
6 67
6 66
6 66
6 65
6 65
7 64
7 63
7 63
7 62
7 61
7 60
7 60
7 59
7 58
7 57
7 57
7 56
8 55
8 54
8 54
8 53
9 52
9 51
9 50
9 50
9 49
9 48
9 47
9 47
9 46
10 45
10 44
10 44
10 43
10 42
10 41
10 41
10 40
11 39
11 38
11 38
12 37
12 36
12 36
13 35
13 34
13 34
13 33
13 33
14 32
14 32
14 32
15 31
15 31
15 32
15 32
16 32
16 32
16 33
16 34
16 34
16 35
16 35
17 36
17 37
17 37
17 38
17 39
17 40
17 40
17 41
17 42
17 42
17 43
17 44
17 45
17 45
17 46
17 47
17 48
17 48
17 49
18 50
18 51
18 52
18 52
18 53
18 54
18 55
18 55
18 56
18 57
18 58
18 58
18 59
18 60
18 60
18 61
18 62
18 63
18 63
18 64
18 65
18 65
19 66
19 67
19 67
19 68
19 68
19 69
19 69
19 69
19 70
19 70
19 70
19 69
19 69
18 68
18 68
18 67
18 67
17 66
17 65
17 65
16 64
16 63
16 63
16 62
16 61
16 61
15 60
15 59
15 59
14 58
14 57
14 57
13 56
13 55
13 55
12 54
12 54
11 53
11 52
11 52
10 51
10 51
10 51
10 50
10 50
10 50
10 50
11 49
11 49
12 48
12 48
13 48
13 48
14 48
14 48
14 47
14 47
14 48
14 48
15 49
15 49
14 50
14 50
14 51
14 52
14 52
13 53
13 54
13 54
12 55
12 55
12 56
12 56
12 57
12 57
12 57
12 57
12 57
12 57
13 56
13 56
14 55
14 55
15 55
15 55
16 55
16 55
16 55
16 56
16 56
16 57
16 58
16 58
15 59
15 60
15 60
14 61
14 62
14 62
13 63
13 64
13 64
13 65
13 66
13 66
12 67
12 67
12 67
12 67
13 67
13 67
13 66
13 66
14 65
14 64
14 64
15 63
15 62
15 62
16 61
16 60
16 60
16 59
17 58
17 57
17 57
18 56
18 55
18 55
18 54
19 53
19 52
19 52
19 51
19 50
19 49
19 49
20 48
20 47
20 47
20 46
20 45
20 44
20 44
20 43
20 42
20 41
20 41
20 40
20 39
20 38
20 38
20 37
21 36
21 35
21 35
21 34
21 33
21 32
21 32
21 31
21 30
21 29
21 29
21 28
21 28
21 27
21 26
21 26
21 26
22 25
22 25
22 25
22 25
22 26
22 26
22 26
22 27
22 27
22 28
22 29
22 29
22 30
22 31
22 32
22 32
22 33
22 34
22 35
22 35
22 36
22 37
22 38
22 38
22 39
21 40
21 41
21 41
21 42
21 43
21 44
21 44
21 45
21 46
21 47
21 47
22 48
22 49
22 49
22 50
22 51
22 51
22 52
22 53
22 53
22 54
22 55
22 55
23 56
23 57
23 57
23 58
23 59
23 59
24 60
24 60
25 61
25 62
25 62
26 63
26 63
27 63
28 63
28 63
29 62
29 62
30 61
31 61
31 61
32 60
33 60
33 60
34 59
35 58
35 58
36 57
36 56
36 56
37 55
38 54
38 54
39 53
40 52
40 52
41 51
41 51
42 50
42 49
42 49
42 48
42 48
43 47
43 47
43 46
43 45
43 45
43 44
43 43
43 43
42 42
42 41
42 41
42 40
41 39
41 38
41 38
40 37
40 36
40 36
40 35
39 34
39 33
39 33
39 32
38 31
38 30
38 30
37 29
37 28
37 28
36 27
36 26
36 26
35 25
35 24
35 24
35 23
35 23
35 22
35 21
35 21
34 20
34 20
34 19
34 18
34 18
34 17
34 17
34 17
33 17
33 17
33 17
33 18
33 18
32 19
32 19
32 20
31 21
31 22
31 22
31 23
31 24
31 24
31 25
30 26
30 27
30 27
30 28
30 29
30 29
30 30
30 31
30 32
30 32
29 33
29 34
29 34
29 35
29 36
29 36
30 37
30 37
30 38
30 38
31 38
31 38
32 38
32 38
33 38
33 38
34 38
34 38
35 39
35 39
35 40
35 40
35 41
35 42
35 43
35 43
35 44
35 45
35 46
35 46
35 47
35 48
35 49
35 49
35 50
34 51
34 52
34 52
34 53
33 54
33 55
33 55
32 56
32 57
32 57
31 58
31 59
31 59
31 60
31 60
31 60
32 61
32 61
33 62
33 62
34 62
35 62
35 62
36 63
36 63
37 64
37 64
38 65
38 66
38 66
38 67
38 68
38 68
38 69
38 70
38 70
38 71
38 72
38 73
38 73
37 74
37 75
37 75
36 76
36 77
36 77
36 78
36 78
35 79
35 80
35 80
34 81
34 81
34 81
34 81
34 80
35 79
35 78
35 77
35 76
36 75
36 74
36 73
36 72
37 71
37 70
37 69
38 68
38 67
38 66
38 65
39 64
39 63
39 62
39 61
40 60
40 59
40 58
40 57
41 56
41 55
41 54
42 53
42 52
42 51
42 50
43 49
43 48
43 47
43 46
44 45
44 44
44 43
45 42
45 41
45 40
45 39
46 38
46 37
46 36
46 35
47 34
47 33
47 32
47 31
48 30
48 29
48 29
48 28
48 28
48 27
48 27
48 27
48 27
48 27
48 28
48 28
48 28
49 29
49 29
49 30
49 30
50 31
50 32
50 32
50 33
50 34
50 34
51 35
51 36
51 36
51 37
51 38
51 38
52 39
52 39
52 40
52 40
53 41
53 41
53 42
53 42
53 42
53 42
53 41
53 41
53 40
53 40
53 39
53 39
53 38
53 38
53 37
53 37
53 36
53 36
53 35
53 35
54 34
54 33
54 33
55 32
55 32
56 31
56 30
56 30
57 29
57 28
57 28
58 27
59 26
59 26
60 25
61 24
61 24
62 23
63 22
63 22
64 21
65 21
65 21
66 20
66 20
67 20
67 20
68 21
68 21
68 22
68 22
68 23
68 23
67 24
67 25
67 25
66 26
66 27
66 27
66 28
65 29
65 30
65 30
64 31
64 32
63 33
63 34
63 34
62 35
62 36
61 37
61 37
60 38
60 39
59 40
59 41
59 41
58 42
58 43
57 44
57 45
57 45
56 46
56 47
55 48
55 48
54 49
54 50
54 50
53 51
53 51
53 52
53 52
53 51
53 51
54 51
54 51
55 50
56 50
56 50
57 49
57 48
57 48
58 47
59 46
59 46
60 45
61 44
61 44
62 43
63 42
63 42
64 41
65 40
65 40
66 39
66 38
66 38
67 37
68 37
68 37
69 36
69 35
69 35
69 34
69 33
69 33
70 32
70 31
70 31
70 30
70 29
70 28
70 28
69 27
69 26
69 26
69 25
68 24
68 23
68 23
67 22
66 21
66 21
65 20
65 19
65 19
64 18
63 17
63 17
62 16
62 15
62 15
61 14
61 14
60 13
60 12
60 12
60 12
59 11
59 11
58 11
58 11
58 10
58 10
58 10
58 10
58 11
58 11
58 12
58 12
58 13
58 13
58 14
59 15
59 16
59 16
59 17
59 18
59 19
59 19
59 20
60 21
60 22
60 23
60 23
60 24
60 25
60 26
60 27
60 28
60 28
60 29
60 30
60 31
60 32
60 33
60 34
60 34
60 35
60 36
60 37
60 38
60 39
60 39
60 40
60 41
60 42
60 43
60 44
60 45
60 45
60 46
60 47
60 48
60 49
60 50
60 50
60 51
60 52
60 53
60 54
60 55
60 55
60 56
60 57
60 58
60 59
60 60
60 60
60 61
60 62
60 63
60 63
60 64
60 65
60 66
60 67
60 67
60 68
60 69
60 69
60 70
60 71
60 71
61 72
61 73
61 73
61 73
61 72
62 71
62 70
62 69
62 68
63 67
63 66
63 65
63 64
64 63
64 62
64 61
64 60
65 59
65 58
65 57
65 56
66 55
66 54
66 53
66 52
67 51
67 50
67 49
68 48
68 47
68 46
68 45
69 44
69 43
69 42
69 41
70 40
70 39
70 38
70 37
71 36
71 35
71 34
71 33
72 32
72 31
72 30
73 29
73 28
73 27
73 26
74 25
74 24
74 23
74 22
75 21
75 20
75 19
75 18
76 17
76 16
76 15
76 14
77 13
77 12
77 11
77 10
78 9
78 8
78 8
78 8
78 7
78 7
79 7
79 7
79 8
79 8
79 9
79 9
80 10
80 11
80 11
80 12
80 13
80 13
80 14
80 15
80 15
80 16
80 16
80 17
80 17
81 17
81 17
82 17
82 17
82 16
82 16
83 15
83 14
84 13
84 13
85 12
86 11
86 11
87 10
87 9
88 8
88 8
89 7
89 6
90 5
90 5
91 4
91 3
91 3
92 2
92 1
92 1
92 1
92 1
91 1
91 1
91 2
91 2
90 3
89 4
89 4
89 5
88 6
88 7
88 7
87 8
87 9
86 10
86 10
86 11
85 12
85 13
85 13
84 14
84 15
83 16
83 16
82 17
82 18
81 19
81 19
80 20
80 21
80 21
79 22
79 22
79 23
79 23
79 24
79 24
79 24
79 23
79 23
80 23
80 23
81 22
81 21
81 21
82 20
83 20
83 20
84 19
85 18
85 18
86 17
87 17
88 16
88 16
89 15
89 15
90 14
90 13
90 13
91 12
92 12
92 12
92 11
92 11
93 10
93 10
93 10
93 10
93 10
92 10
92 10
92 11
92 11
91 12
91 12
90 13
89 14
89 14
89 15
88 16
88 17
88 17
87 18
87 19
87 19
87 20
86 21
86 22
86 22
86 23
85 24
85 25
85 26
85 26
85 27
84 28
84 29
84 29
84 30
83 31
83 32
83 32
83 33
82 34
82 35
82 35
82 36
82 37
82 37
81 38
81 38
81 39
81 39
81 40
81 40
81 40
81 40
82 40
82 40
82 40
83 39
83 39
84 38
84 38
85 37
85 37
86 36
86 35
86 35
87 34
87 33
87 33
88 32
88 31
88 31
88 30
89 29
89 28
89 28
89 27
90 26
90 25
90 25
90 24
91 23
91 22
91 22
92 21
93 20
93 20
93 19
93 18
93 18
94 17
94 17
94 17
94 16
94 16
94 16
94 16
94 16
93 16
93 16
93 17
93 17
93 17
93 17
93 18
93 18
92 18
92 18
92 19
92 19
92 19
92 20
92 20
92 20
92 21
92 21
92 21
92 21
93 21
93 21
94 21
94 21
95 20
95 20
95 20
96 21
96 21
96 22
96 22
96 23
96 23
95 24
95 25
95 25
94 26
94 27
94 27
93 28
93 29
93 29
92 30
92 30
91 31
91 32
91 32
90 33
89 34
89 34
89 35
89 35
89 35
89 35
89 35
90 35
90 35
91 34
91 34
92 33
92 33
93 32
93 32
94 31
94 31
94 30
94 30
95 29
95 29
95 28
95 28
95 28
95 28
95 29
95 29
94 30
94 30
93 31
93 32
93 32
92 33
92 34
92 34
91 35
90 36
90 36
89 37
89 38
89 38
88 39
88 39
88 39
88 39
88 39
89 39
89 39
90 38
90 38
91 38
92 38
92 38
93 37
93 37
94 36
94 36
94 36
95 37
95 37
94 37
94 37
94 38
94 38
93 39
93 39
92 40
92 41
92 41
91 42
90 43
90 43
89 44
89 45
89 45
88 46
87 47
87 47
86 48
86 49
86 49
85 50
85 51
85 51
84 52
83 53
83 53
82 54
82 55
82 55
81 56
80 56
80 56
79 57
79 57
78 58
78 58
78 59
78 59
77 59
77 59
77 59
78 59
78 59
78 58
78 58
79 58
79 58
80 57
80 57
81 56
82 55
82 55
83 54
84 53
84 53
85 52
86 51
86 51
87 50
88 49
88 49
89 48
90 47
90 47
91 46
92 46
92 46
93 45
94 44
94 44
95 44
95 44
95 44
95 44
95 44
94 45
94 46
94 46
93 47
93 47
92 48
92 49
92 49
91 50
90 51
90 51
89 52
89 53
89 53
88 54
88 55
87 56
87 56
86 57
86 58
86 58
85 59
84 60
84 60
84 61
84 62
84 62
83 63
83 63
84 63
84 63
84 63
85 62
85 62
86 61
87 60
87 60
88 59
88 59
89 58
90 57
90 57
91 57
92 56
93 56
93 56
94 55
94 55
95 54
96 54
96 54
97 53
97 52
97 52
98 51
98 51
99 50
99 50
100 49
100 49
99 48
99 48
99 47
99 47
98 46
98 45
98 45
97 44
97 43
97 43
96 42
96 41
96 41
95 40
95 39
95 39
94 38
94 37
94 37
93 36
92 36
92 36
91 35
91 35
90 34
90 33
90 33
90 32
90 32
89 31
89 31
88 30
88 30
88 29
88 28
88 28
88 27
88 27
88 26
88 26
88 25
88 25
88 24
88 24
88 25
88 25
88 25
88 26
88 26
88 27
88 27
88 28
88 28
88 29
88 29
88 30
88 30
88 31
88 32
88 32
88 33
88 34
88 35
88 35
88 36
88 37
88 38
88 38
88 39
88 40
88 41
88 41
88 42
88 43
88 44
88 45
88 45
88 46
88 47
88 48
88 48
88 49
88 50
88 51
88 52
88 52
88 53
88 54
88 55
88 56
88 56
88 57
88 58
88 59
88 59
88 60
88 61
88 62
88 62
88 63
88 64
88 65
88 66
88 66
88 67
88 68
88 69
88 70
88 70
88 71
88 72
88 73
88 74
88 75
88 75
88 76
88 77
88 78
88 79
88 79
88 80
88 81
88 82
88 83
88 83
88 84
88 85
88 86
88 86
88 87
88 88
88 89
88 89
88 90
88 91
88 91
88 92
88 93
88 94
88 94
88 95
88 96
88 96
88 97
88 98
88 98
88 99
88 100
