9 1
9 1
9 1
10 1
10 1
10 2
10 2
11 3
11 3
12 4
12 5
12 5
13 6
13 6
13 7
13 7
14 8
14 8
14 8
14 9
14 9
14 9
15 9
15 9
15 9
15 10
15 10
14 11
13 11
12 12
11 12
10 13
9 13
8 14
7 14
6 15
5 15
4 16
3 16
2 17
2 17
2 18
2 19
2 19
2 19
2 19
3 19
3 19
4 18
4 18
5 17
5 17
6 16
7 16
7 16
8 15
9 14
9 14
10 14
11 13
12 13
12 13
13 12
13 12
14 11
15 11
15 11
15 10
15 10
15 10
15 10
15 10
15 11
15 11
14 11
14 11
13 12
13 12
13 12
12 12
12 12
12 13
12 13
12 13
11 14
11 15
11 15
11 16
11 16
10 17
10 18
10 18
10 19
10 20
10 21
10 21
10 22
9 23
9 24
9 24
9 25
9 26
9 26
8 27
8 28
8 28
8 28
9 29
9 29
9 29
10 28
10 28
11 27
11 26
11 26
12 25
12 24
12 24
12 23
13 22
13 21
13 21
14 20
15 19
15 19
16 18
16 17
16 17
17 16
17 16
18 16
18 16
18 17
18 17
17 18
17 18
16 19
16 20
15 21
15 21
14 22
13 23
12 24
12 24
11 25
10 26
9 27
8 28
8 28
7 29
6 30
6 31
5 32
5 32
4 33
3 34
3 35
2 36
2 36
1 37
0 38
0 38
0 39
0 39
0 40
0 40
0 39
0 39
1 38
2 38
2 38
3 37
4 37
4 37
5 36
5 35
6 34
6 34
7 33
8 33
9 32
9 32
10 31
11 30
12 29
12 29
13 28
14 28
15 27
15 27
16 26
17 25
17 25
17 25
17 25
17 25
16 26
16 26
15 27
15 27
15 28
15 28
14 28
14 28
13 29
13 29
12 30
12 30
11 30
11 30
10 31
10 31
10 32
10 32
9 33
9 34
9 34
9 35
9 36
9 37
9 37
9 38
8 39
8 40
8 40
8 41
8 42
8 43
8 43
8 44
8 45
8 46
8 46
8 47
8 48
8 49
8 49
8 50
8 51
8 52
8 52
8 53
8 54
8 55
8 55
8 56
8 57
8 57
8 58
8 59
8 59
8 60
7 61
7 62
7 62
7 63
7 64
7 64
7 65
7 66
7 66
7 67
7 68
7 68
7 69
7 69
7 69
7 69
7 69
7 69
6 68
6 67
6 67
6 66
6 65
6 65
7 64
7 63
7 63
7 62
7 61
7 60
7 60
7 59
7 58
7 57
7 57
7 56
7 55
7 54
7 54
7 53
8 52
8 51
8 51
8 50
9 49
9 48
9 48
9 47
10 46
10 45
10 45
10 44
11 43
11 42
11 41
11 41
12 40
12 39
13 38
13 38
14 37
14 36
14 36
15 35
16 34
16 34
16 33
16 33
17 32
17 32
17 32
17 32
17 33
17 33
17 33
17 34
17 34
17 35
17 35
18 36
18 37
18 37
18 38
18 39
18 39
18 40
18 41
18 41
18 42
18 43
18 43
18 44
19 45
19 46
19 46
19 47
19 48
19 49
19 49
19 50
19 51
19 52
19 52
19 53
19 54
19 55
19 55
19 56
19 57
19 58
19 58
20 59
20 60
20 60
20 61
20 62
20 62
20 63
20 64
20 64
20 65
20 66
20 66
21 67
21 67
21 68
21 68
21 69
21 69
21 70
21 70
21 70
21 70
21 70
21 69
21 69
20 69
20 69
20 68
20 68
20 67
20 67
19 66
19 66
18 65
18 65
18 65
17 64
17 64
16 63
16 63
15 62
14 62
14 62
13 61
12 60
12 60
11 59
10 59
10 59
9 58
8 57
8 57
7 56
7 55
7 55
6 54
6 53
6 53
6 52
6 52
6 51
6 50
6 50
7 49
7 48
7 48
8 47
9 46
9 46
10 45
11 44
11 44
12 43
13 42
14 41
14 41
15 41
16 40
17 40
17 40
17 40
17 41
17 42
17 42
17 43
16 44
16 45
16 45
15 46
15 47
14 48
14 49
14 49
13 50
12 51
12 52
11 53
11 53
10 54
10 55
9 56
9 57
9 57
8 58
8 59
7 60
7 60
6 61
6 62
6 62
5 62
5 62
5 62
6 62
6 62
7 61
8 60
8 60
9 59
10 58
10 58
11 57
12 56
13 55
14 54
14 54
15 53
16 52
16 51
17 50
18 49
18 49
19 48
20 47
21 46
22 45
23 44
23 44
24 43
25 42
26 41
27 40
28 39
28 39
29 38
30 37
31 37
32 36
32 36
33 35
34 34
35 34
36 33
36 33
37 32
37 31
37 31
38 30
38 30
38 30
37 29
36 29
36 29
35 28
34 28
34 28
33 28
32 28
31 28
31 28
30 27
29 26
29 26
28 25
28 24
28 24
27 23
27 22
27 22
27 21
27 21
26 20
26 20
27 19
27 19
27 19
27 19
28 20
28 20
27 21
27 22
27 22
27 23
26 24
26 25
26 26
26 26
26 27
26 28
25 29
25 30
25 31
25 31
25 32
25 33
24 34
24 35
24 36
24 37
24 37
24 38
24 39
24 40
23 41
23 42
23 43
23 44
23 44
23 45
23 46
23 47
23 48
23 49
23 49
23 50
23 51
23 52
23 53
23 54
23 54
23 55
24 56
24 57
24 58
24 58
25 59
25 60
25 60
26 61
27 62
27 62
28 63
28 63
28 64
28 64
29 64
29 64
30 64
30 64
31 63
32 63
32 63
33 62
33 61
33 61
34 60
34 60
34 59
34 58
34 57
34 57
35 56
35 55
35 55
35 54
35 53
35 52
35 51
35 51
35 50
35 49
35 48
35 47
35 46
35 46
35 45
35 44
34 43
34 42
34 41
34 41
34 40
34 39
34 38
34 37
34 36
34 36
34 35
34 34
34 33
34 32
34 31
34 30
34 30
34 29
34 28
34 27
34 26
34 25
34 25
34 24
34 23
34 22
34 22
34 21
34 21
33 21
33 21
32 22
32 22
31 23
31 24
30 25
30 25
29 26
29 27
28 28
28 29
28 29
27 30
27 31
26 32
26 32
26 33
25 34
25 35
25 35
25 36
25 37
25 38
25 38
25 39
25 39
26 40
26 40
27 41
28 41
28 41
29 42
29 42
30 42
31 42
31 42
32 43
32 43
33 44
33 45
33 45
33 46
33 47
33 47
33 48
32 49
32 50
32 50
32 51
31 52
31 53
31 54
31 54
31 55
30 56
30 57
30 57
30 58
30 59
30 60
30 60
30 61
30 62
30 62
30 63
30 64
30 64
31 65
31 65
31 66
31 67
31 67
32 68
32 68
32 69
32 70
32 70
31 71
31 72
31 72
31 73
31 74
31 75
31 75
30 76
30 77
29 78
29 78
29 77
30 76
30 75
30 74
31 73
31 72
32 71
32 70
32 69
33 68
33 67
33 66
34 65
34 64
34 63
35 62
35 61
35 60
36 59
36 58
37 57
37 56
37 55
38 54
38 53
38 52
39 51
39 50
39 49
40 48
40 47
41 46
41 45
41 44
42 43
42 42
42 41
43 40
43 39
43 38
44 37
44 36
44 35
45 34
45 33
46 32
46 31
46 30
47 29
47 28
47 28
47 28
47 27
47 27
47 27
47 27
48 28
48 28
49 29
49 29
50 30
51 31
51 31
52 32
52 32
53 33
53 34
53 34
54 35
54 35
54 36
54 37
54 37
54 37
54 38
54 38
54 38
54 38
54 38
54 38
54 37
54 37
54 36
54 35
54 35
54 34
55 33
55 32
55 32
55 31
56 30
56 29
56 29
57 28
58 27
58 27
59 26
60 25
61 24
61 24
62 23
63 23
64 22
64 22
65 21
66 21
66 21
67 22
68 22
68 22
68 23
68 23
68 24
67 25
67 26
67 26
66 27
65 28
65 28
64 29
63 30
63 31
62 32
62 32
61 33
61 34
60 35
60 35
59 36
59 37
59 37
58 38
58 39
58 39
58 39
58 39
59 39
59 39
60 38
61 38
61 38
62 37
63 37
63 37
64 36
65 36
65 36
66 35
67 35
67 35
68 34
68 34
69 33
69 33
69 33
69 33
68 33
68 33
68 33
67 33
67 33
67 33
66 33
66 33
66 32
66 32
66 31
66 30
65 29
65 28
65 27
65 26
64 25
64 24
64 23
64 22
64 21
63 20
63 19
63 18
63 18
63 17
63 16
63 15
63 15
63 14
63 14
63 13
63 13
62 13
62 13
62 13
62 14
62 14
62 15
62 16
62 16
62 17
62 18
62 19
62 19
62 20
62 21
62 22
62 23
62 23
62 24
62 25
62 26
62 27
62 28
62 29
62 29
62 30
62 31
62 32
62 33
62 34
62 34
62 35
62 36
62 37
62 38
62 39
62 39
62 40
62 41
62 42
62 43
62 44
62 44
62 45
62 46
62 47
62 48
62 49
62 49
62 50
62 51
62 52
62 53
62 53
62 54
62 55
63 56
63 57
63 58
63 58
63 59
63 60
63 61
63 61
63 62
63 63
63 64
63 65
63 65
63 66
63 67
63 68
63 68
63 69
63 70
63 70
63 71
63 72
63 72
63 73
63 74
63 74
63 74
63 73
63 73
63 72
64 71
64 70
64 69
64 68
65 67
65 66
65 65
66 64
66 63
66 62
67 61
67 60
67 59
67 58
68 57
68 56
68 55
69 54
69 53
69 52
70 51
70 50
70 49
70 48
71 47
71 46
71 45
72 44
72 43
72 42
73 41
73 40
73 39
73 38
74 37
74 36
74 35
75 34
75 33
75 32
75 31
76 30
76 29
76 28
77 27
77 26
77 25
78 24
78 23
78 22
78 21
79 20
79 19
79 18
80 17
80 16
80 15
81 14
81 13
81 12
81 11
82 10
82 9
82 9
82 9
82 9
83 9
83 9
83 10
83 10
83 11
83 11
83 12
83 12
84 13
84 13
84 13
84 14
84 14
84 14
84 14
85 13
85 13
86 12
86 12
87 11
87 10
87 10
88 9
89 9
89 9
90 8
90 8
91 7
92 7
92 7
93 6
93 6
93 6
93 6
92 7
92 8
92 8
91 9
90 9
90 9
89 10
89 11
88 12
88 12
87 13
86 14
85 15
85 15
84 16
83 17
83 17
82 18
82 18
81 19
81 19
81 19
81 19
81 18
81 18
82 17
83 17
83 17
84 16
84 16
85 15
86 15
86 15
87 14
87 13
87 13
88 13
89 13
89 13
89 13
89 14
89 14
88 15
88 16
88 16
87 17
87 18
87 18
86 19
86 20
86 20
86 21
86 22
86 23
86 23
86 24
85 25
85 26
85 26
85 27
85 28
85 29
85 29
85 30
84 31
84 32
84 32
84 33
84 34
84 34
84 35
84 36
84 36
84 37
84 37
85 38
85 38
85 39
85 39
85 39
85 39
85 39
85 39
85 39
85 39
84 39
84 39
84 38
84 38
83 38
83 38
83 37
83 37
82 37
82 37
81 36
81 36
80 35
80 35
80 35
79 34
79 34
79 33
79 33
79 32
79 32
80 31
80 31
81 30
81 29
81 29
82 28
83 28
83 28
84 27
85 26
85 26
86 25
87 25
88 24
88 24
89 23
90 22
90 21
91 20
91 20
92 20
93 19
94 19
94 19
95 19
95 19
95 20
95 20
94 21
94 22
94 22
93 23
93 24
93 24
92 25
92 26
91 27
91 27
90 28
90 29
90 29
89 30
89 30
89 31
89 31
89 31
89 30
89 30
90 30
90 30
91 29
92 29
92 29
93 28
93 28
94 27
94 27
95 27
95 27
95 27
95 28
95 29
95 29
94 30
94 30
93 31
92 31
92 31
91 32
91 33
91 33
90 34
90 34
89 35
89 36
89 36
88 37
88 38
88 38
87 39
86 39
85 40
84 41
83 41
82 42
81 43
80 43
79 44
78 45
77 45
76 46
75 47
74 47
73 48
73 48
74 49
74 49
74 49
74 49
75 49
75 49
76 48
77 48
77 48
78 47
79 47
80 46
80 46
81 45
82 44
83 44
84 43
84 43
85 42
86 42
87 41
88 41
88 41
89 40
90 40
91 39
92 39
92 39
93 38
94 38
95 37
95 37
96 37
96 37
96 37
95 38
95 39
95 39
94 40
93 41
93 41
92 42
91 43
90 44
90 44
89 45
89 46
88 47
88 47
87 48
87 49
86 50
86 50
85 51
85 52
85 52
84 53
84 53
84 53
85 53
85 53
86 52
87 52
87 52
88 51
89 51
89 51
90 50
91 49
91 49
92 49
93 48
94 48
94 48
95 47
96 47
97 46
97 46
98 45
99 44
99 44
100 43
100 43
99 43
99 43
99 43
99 43
98 43
98 43
97 42
97 42
96 41
96 41
95 40
95 40
94 39
94 39
93 38
93 37
93 37
92 36
92 36
92 35
92 35
91 34
91 33
91 33
91 32
91 31
91 31
91 30
91 30
90 29
90 28
90 28
90 27
90 26
90 25
90 25
90 24
90 23
90 23
90 22
90 22
89 21
89 21
89 20
89 20
89 20
89 20
89 20
89 20
90 21
90 21
90 22
90 23
90 23
90 24
90 25
90 26
90 26
91 27
91 28
91 28
91 29
91 30
91 31
91 32
91 32
91 33
91 34
91 35
91 36
91 36
91 37
91 38
91 39
91 40
91 40
91 41
91 42
91 43
91 44
91 45
91 45
91 46
91 47
91 48
91 49
91 50
91 51
91 52
91 52
91 53
91 54
91 55
91 56
91 57
91 58
91 59
91 59
91 60
91 61
91 62
92 63
92 64
92 65
92 66
92 66
92 67
92 68
92 69
92 70
92 71
92 72
92 73
92 74
92 74
92 75
92 76
92 77
92 78
92 79
92 80
92 81
92 81
92 82
92 83
92 84
92 85
92 86
92 87
92 87
92 88
92 89
93 90
93 91
93 92
93 92
93 93
93 94
93 95
93 96
93 96
93 97
94 98
94 99
94 100
