10 0
10 1
10 2
10 2
11 2
11 2
11 3
11 3
11 3
12 4
12 4
12 5
12 5
13 6
13 6
13 6
14 6
14 6
14 7
14 7
14 7
14 7
14 7
13 7
13 7
12 8
11 8
10 9
9 10
8 11
7 11
6 12
5 13
4 13
3 14
3 14
4 15
4 16
4 16
4 16
4 16
5 15
5 15
6 15
7 15
7 15
8 14
9 14
9 14
10 13
11 12
11 12
12 11
13 11
13 11
14 10
14 10
15 9
15 9
15 9
15 9
15 10
15 10
14 10
14 10
13 11
13 11
12 12
12 12
11 13
11 14
11 14
10 15
10 15
9 16
9 17
9 17
9 18
9 19
9 19
8 20
8 20
8 21
8 21
8 22
8 23
8 23
8 23
8 23
9 23
9 23
10 22
10 21
10 21
11 20
11 20
12 19
12 18
12 18
13 17
13 16
13 16
14 15
14 15
15 14
15 14
15 14
15 15
15 15
14 16
14 16
13 17
13 18
13 18
12 19
12 20
11 21
11 21
10 22
9 23
8 24
8 24
7 25
6 26
6 27
5 28
5 28
4 29
4 30
3 31
3 31
2 32
1 33
1 33
0 34
0 35
0 35
0 35
0 35
1 34
1 34
2 33
2 33
3 32
4 31
4 31
5 30
6 30
7 29
7 29
8 28
9 27
10 26
10 26
11 25
12 25
13 24
13 24
14 23
15 22
15 22
16 21
17 21
17 21
17 21
17 21
16 22
16 22
15 23
15 23
15 23
14 24
14 24
13 25
13 25
12 26
12 26
12 27
12 27
11 27
11 27
11 28
11 29
11 29
10 30
10 30
10 31
10 32
10 32
9 33
9 34
9 34
9 35
9 36
9 37
9 37
9 38
9 39
9 40
9 40
9 41
9 42
9 43
9 43
10 44
10 45
10 45
10 46
10 47
10 48
10 48
10 49
10 50
10 50
10 51
10 52
10 52
10 53
10 53
10 54
10 55
10 55
10 56
10 56
10 57
10 57
10 58
10 58
9 58
9 58
9 58
9 58
9 57
9 57
8 56
8 55
8 55
8 54
8 53
8 52
8 51
8 50
8 49
8 48
8 47
8 46
8 45
8 45
8 44
9 43
9 42
9 41
10 40
10 39
10 39
10 38
11 37
11 36
11 36
12 35
12 34
13 33
13 33
14 32
14 31
14 31
15 30
15 30
15 29
15 29
15 28
15 28
16 28
16 28
16 28
16 29
16 29
16 29
16 30
16 30
17 31
17 31
17 32
17 32
17 33
17 34
17 34
17 35
17 36
17 36
17 37
18 38
18 39
18 39
18 40
18 41
18 41
18 42
19 43
19 44
19 44
19 45
19 46
19 47
19 47
19 48
19 49
19 49
19 50
20 51
20 52
20 52
20 53
20 54
20 54
20 55
20 56
20 56
20 57
20 57
20 58
20 58
20 59
20 59
19 60
19 60
19 60
19 60
18 60
18 60
17 59
17 59
16 58
16 58
15 57
15 57
14 56
14 55
14 55
13 54
13 54
12 53
12 52
12 52
11 51
11 50
11 50
11 49
10 48
10 47
10 47
10 46
10 45
10 44
10 44
10 43
10 42
10 42
11 41
11 40
11 40
12 39
12 38
12 38
13 37
13 37
14 36
15 35
15 35
16 35
16 35
17 36
17 36
16 37
16 38
16 38
16 39
15 40
15 41
15 41
14 42
14 43
13 44
13 44
12 45
12 46
11 47
11 47
10 48
10 49
9 50
9 51
9 51
8 52
7 53
7 53
6 54
6 55
6 55
6 55
6 55
6 55
7 54
7 53
7 53
8 52
8 51
9 50
9 50
10 49
11 48
11 47
12 46
12 46
13 45
14 44
14 43
15 42
15 42
16 41
17 40
18 40
19 39
20 38
20 38
21 37
22 36
23 35
24 34
24 34
25 33
26 32
27 32
28 31
28 31
29 30
30 29
30 29
31 28
31 27
31 27
32 27
32 27
31 26
31 26
31 25
31 25
30 24
29 24
29 24
28 23
28 22
28 22
27 22
26 21
25 21
25 21
24 20
23 20
23 20
22 19
22 18
22 18
21 17
21 17
21 16
21 16
21 15
21 15
21 15
21 15
22 15
22 15
23 16
23 17
23 17
23 18
23 19
23 20
23 21
23 21
23 22
23 23
23 24
23 25
23 25
23 26
22 27
22 28
21 29
21 30
21 30
21 31
21 32
21 33
21 34
21 35
21 36
21 36
21 37
21 38
21 39
20 40
20 41
20 42
20 43
20 43
20 44
21 45
21 46
21 47
21 47
21 48
21 49
21 50
21 50
22 51
22 52
22 52
23 53
24 54
24 54
25 55
25 55
26 56
26 56
27 57
28 57
28 57
29 57
29 57
30 56
30 56
31 56
31 56
32 55
32 55
33 54
33 53
33 53
33 52
33 52
33 51
33 50
33 50
33 49
33 48
33 47
33 46
33 46
33 45
33 44
33 43
33 42
33 42
33 41
33 40
33 39
33 38
33 38
33 37
33 36
32 35
32 34
32 33
32 32
32 32
32 31
32 30
32 29
32 28
32 27
32 26
32 26
32 25
32 24
32 23
32 22
32 21
32 20
32 20
32 19
32 18
32 17
32 16
32 15
32 14
32 14
32 13
32 12
32 12
31 12
31 12
30 13
30 13
29 14
28 15
28 15
27 16
27 17
26 18
26 18
25 19
25 20
24 21
24 21
23 22
23 23
23 23
23 24
23 25
23 25
24 26
24 27
24 27
25 28
25 28
26 28
26 28
27 29
27 29
28 29
29 29
29 29
30 30
30 30
30 31
30 31
30 32
30 32
29 33
29 34
29 34
29 35
29 36
29 37
29 37
28 38
28 39
28 39
29 40
29 41
29 41
29 42
29 43
29 43
30 44
30 45
30 45
31 46
31 46
31 47
31 48
31 48
31 49
31 50
31 50
31 51
31 52
31 52
31 53
30 54
30 55
30 55
29 56
29 57
29 57
29 58
28 59
28 60
28 60
28 61
27 62
27 63
27 64
27 64
27 65
26 66
26 67
26 68
26 68
26 67
27 66
27 65
28 64
28 63
28 62
29 61
29 60
30 59
30 58
30 57
31 56
31 55
32 54
32 53
32 52
33 51
33 50
34 49
34 48
35 47
35 46
35 45
36 44
36 43
37 42
37 41
37 40
38 39
38 38
39 37
39 36
39 35
40 34
40 33
41 32
41 31
41 30
42 29
42 28
43 27
43 26
43 26
43 26
43 26
43 26
44 27
44 27
45 28
45 29
45 29
46 30
46 31
46 31
47 32
48 33
48 33
48 34
48 35
48 35
49 36
49 37
49 37
49 38
49 39
49 39
50 40
50 40
50 40
50 40
50 40
50 40
50 39
50 38
50 38
50 37
50 36
50 35
50 35
50 34
51 33
51 32
51 32
52 31
52 30
53 29
53 29
54 28
55 27
56 26
56 26
57 25
58 24
58 24
59 24
60 23
61 23
61 23
62 23
63 23
63 23
63 24
63 24
63 25
62 26
62 27
62 27
61 28
61 29
61 29
60 30
60 31
59 32
59 32
58 33
58 34
58 34
57 35
57 36
57 36
56 37
56 37
56 37
56 37
57 36
57 36
58 36
59 36
59 36
60 35
60 35
61 34
62 34
62 34
63 33
64 33
64 33
65 32
65 32
65 32
65 32
65 32
64 33
64 33
63 33
63 33
62 33
62 33
62 33
61 33
61 33
61 32
60 31
60 30
60 29
60 28
59 27
59 26
59 25
58 24
58 23
58 22
58 21
57 20
57 19
57 18
57 17
56 16
56 15
56 15
56 14
57 13
57 12
57 11
57 11
57 10
57 10
57 10
57 10
56 11
56 11
56 12
56 13
56 13
56 14
56 15
56 16
56 16
56 17
56 18
56 19
56 20
56 21
56 21
56 22
56 23
56 24
56 25
56 26
56 26
56 27
56 28
56 29
56 30
56 31
56 31
56 32
56 33
56 34
56 35
56 36
56 36
56 37
56 38
56 39
56 40
56 40
56 41
57 42
57 43
57 44
57 44
57 45
57 46
57 47
57 48
57 49
57 49
57 50
57 51
57 52
57 53
57 54
57 54
57 55
58 56
58 57
58 57
58 58
58 59
58 60
58 61
58 61
58 62
58 63
58 64
58 64
58 65
59 66
59 67
59 67
59 68
59 69
59 70
59 70
59 71
59 71
59 72
59 72
59 71
59 71
59 70
60 69
60 68
60 67
60 66
61 65
61 64
61 63
62 62
62 61
62 60
62 59
63 58
63 57
63 56
64 55
64 54
64 53
64 52
65 51
65 50
65 49
65 48
66 47
66 46
66 45
67 44
67 43
67 42
67 41
68 40
68 39
68 38
69 37
69 36
69 35
69 34
70 33
70 32
70 31
71 30
71 29
71 28
71 27
72 26
72 25
72 24
73 23
73 22
73 21
73 20
74 19
74 18
74 17
74 16
75 15
75 14
75 13
76 12
76 11
76 10
76 9
77 8
77 7
77 7
77 8
77 8
78 8
78 8
78 9
78 9
78 10
78 10
79 11
79 11
79 12
79 12
79 13
79 13
79 13
80 13
80 13
80 13
81 12
81 12
82 11
82 11
83 10
84 9
84 9
85 8
85 7
85 7
86 6
87 5
87 5
88 4
88 4
89 3
90 3
90 3
91 3
91 3
91 3
90 4
90 4
89 5
88 6
88 6
87 7
87 8
86 9
86 9
85 10
84 11
84 11
83 12
83 13
83 13
82 14
81 14
81 14
81 15
81 15
81 15
81 15
82 14
82 14
83 13
83 13
84 12
84 12
85 11
86 11
86 11
86 11
87 11
87 11
87 12
87 12
86 13
86 13
86 14
86 15
86 15
86 16
85 17
85 18
85 18
85 19
85 20
85 20
85 21
84 22
84 23
84 23
84 24
84 24
83 25
83 26
83 26
83 27
83 28
83 28
83 29
83 29
83 30
83 30
83 30
83 30
83 30
83 30
83 30
83 30
83 30
83 30
82 30
82 30
81 30
81 30
81 30
80 30
80 30
79 29
79 29
78 28
78 28
78 27
78 27
78 26
78 26
78 25
78 25
79 24
79 23
79 23
80 22
81 21
81 21
82 21
83 20
84 20
84 20
85 19
86 18
86 18
87 18
88 17
89 17
89 17
90 17
91 16
92 16
92 16
92 16
92 17
92 18
92 18
91 19
91 20
91 20
90 21
89 22
89 22
88 23
87 24
87 24
86 25
86 25
86 26
86 26
86 26
86 26
87 25
88 25
88 25
89 24
89 24
90 23
91 23
91 23
92 23
92 23
93 23
93 23
94 23
94 23
93 24
93 24
92 25
92 26
92 26
91 27
91 27
90 28
90 29
90 29
89 30
89 30
88 31
88 31
87 32
87 32
86 33
86 33
86 33
85 34
85 34
84 35
83 36
82 37
81 38
80 39
79 40
78 41
77 42
76 43
76 43
76 43
76 43
76 43
76 43
77 42
77 42
78 41
79 41
79 41
80 40
81 39
81 39
82 38
83 38
84 37
84 37
85 36
86 36
87 35
87 35
88 34
89 34
90 33
90 33
91 33
92 32
93 32
93 32
94 32
94 32
94 33
94 33
93 34
93 34
92 35
92 36
91 37
91 37
90 38
90 39
89 40
89 40
88 41
88 42
87 43
87 43
86 44
86 45
85 46
85 46
85 47
85 48
85 49
85 49
84 49
84 49
85 49
85 49
85 49
86 48
87 48
87 48
88 47
88 47
89 46
90 46
91 45
91 45
92 45
93 44
94 44
94 44
95 43
96 42
96 42
97 41
98 40
98 40
99 39
100 39
100 39
99 39
99 39
99 39
98 39
98 39
97 40
97 40
96 39
96 39
95 39
95 39
94 39
94 39
93 38
93 38
92 37
92 37
91 36
91 35
91 35
91 34
91 34
90 33
90 32
90 32
90 31
90 31
90 30
90 29
90 28
90 28
89 27
89 26
89 26
89 25
89 24
89 23
89 23
89 22
89 22
89 21
89 21
89 21
89 21
88 21
88 21
88 21
88 21
88 22
88 22
88 22
88 23
88 24
88 24
88 25
88 25
88 26
88 27
88 27
88 28
88 29
88 30
88 30
88 31
88 32
88 32
88 33
88 34
88 35
88 35
88 36
88 37
88 38
88 39
88 40
88 40
88 41
88 42
89 43
89 44
89 45
89 46
89 46
89 47
89 48
89 49
89 50
89 51
89 52
89 53
89 53
89 54
89 55
90 56
90 57
90 58
90 59
90 59
90 60
90 61
90 62
90 63
90 64
90 65
90 66
90 66
90 67
90 68
90 69
90 70
90 71
90 72
90 73
90 74
90 75
90 75
90 76
90 77
90 78
91 79
91 80
91 81
91 82
91 82
91 83
91 84
91 85
91 86
91 87
91 88
91 89
91 89
91 90
91 91
91 92
91 93
91 94
91 95
91 95
91 96
91 97
92 98
92 99
92 100
