7 0
7 0
7 0
7 0
7 0
8 1
8 1
8 2
8 2
9 2
9 2
9 3
9 3
10 4
10 4
11 4
11 4
11 5
11 5
12 5
12 5
12 6
12 6
12 6
12 6
12 7
12 7
11 8
11 8
10 8
9 9
8 9
7 10
6 10
5 11
4 11
3 12
2 12
2 12
2 13
2 13
2 14
2 14
3 13
3 13
3 13
4 13
4 13
5 13
6 13
6 13
7 12
8 12
8 12
9 11
10 11
10 11
11 10
12 9
12 9
13 8
13 8
14 7
15 7
15 7
15 7
15 7
14 8
13 8
12 9
11 9
10 10
9 10
8 11
7 11
7 11
7 12
8 13
8 14
8 14
7 14
7 14
7 15
7 15
7 16
7 17
7 17
7 18
7 19
7 19
7 20
7 21
7 21
7 22
7 22
7 23
7 23
7 23
8 22
8 22
9 21
9 21
10 20
10 19
10 19
11 18
11 17
11 17
11 16
12 15
12 14
12 14
13 13
13 13
14 12
14 12
14 12
14 12
14 13
14 14
14 14
13 15
12 16
12 16
12 17
11 18
11 19
11 19
10 20
9 21
8 22
8 22
7 23
7 24
6 25
6 26
6 26
5 27
5 28
4 29
4 30
4 30
3 31
3 32
2 33
2 33
1 34
0 35
0 35
0 36
0 36
0 36
0 36
1 35
1 34
1 34
2 33
3 32
3 32
4 31
5 30
5 30
6 29
7 28
8 27
8 27
9 26
10 26
11 25
11 25
12 24
13 24
14 23
14 23
15 22
16 21
16 21
17 20
17 20
17 21
17 21
17 21
17 22
17 23
17 23
16 23
15 24
14 24
13 25
12 25
11 26
10 26
9 27
8 27
8 27
9 28
9 29
9 29
9 30
9 30
8 31
8 31
8 32
8 33
8 33
8 34
8 35
8 36
8 36
8 37
8 38
8 39
8 39
8 40
7 41
7 42
7 42
7 43
7 44
7 45
7 46
7 46
7 47
7 48
7 49
7 50
7 51
7 51
7 52
7 53
7 54
7 55
7 55
7 56
7 57
7 58
7 58
7 59
7 60
7 61
7 61
7 62
7 63
7 63
7 64
7 65
7 65
7 66
7 67
7 67
7 68
7 68
7 69
7 69
6 69
6 69
6 69
6 68
6 68
6 67
6 66
6 66
6 65
6 64
6 63
6 63
6 62
6 61
6 60
6 60
6 59
6 58
6 57
6 57
6 56
6 55
6 54
6 54
6 53
7 52
7 51
7 50
7 50
7 49
7 48
7 47
7 47
7 46
8 45
8 44
8 43
8 43
8 42
9 41
9 40
9 39
9 39
9 38
10 37
10 36
10 36
11 35
12 34
12 34
12 33
12 32
12 31
12 31
13 30
13 30
13 29
13 29
13 29
13 29
13 29
14 30
14 30
14 31
14 31
14 32
14 33
14 33
14 34
14 34
14 35
14 36
14 36
15 37
15 38
15 38
15 39
15 40
15 41
15 41
15 42
16 43
16 44
16 44
16 45
16 46
16 47
16 47
16 48
16 49
16 50
16 50
16 51
17 52
17 53
17 53
17 54
17 55
17 56
17 57
17 57
17 58
17 59
17 59
17 60
17 61
17 61
17 62
17 63
17 63
17 64
17 64
17 65
17 66
17 66
17 67
17 67
17 68
17 68
17 68
17 68
16 68
16 68
16 67
16 67
15 66
15 66
15 65
15 65
14 64
14 64
13 63
13 62
13 62
12 61
12 61
11 60
11 59
11 59
10 58
10 57
10 57
10 56
9 55
9 54
9 54
9 53
9 52
9 52
9 51
9 50
9 49
9 49
9 48
9 47
9 47
9 46
9 45
9 45
9 44
10 43
10 42
10 42
11 41
11 40
11 40
12 39
12 38
12 38
13 38
13 38
14 38
14 38
14 39
14 40
14 40
14 41
13 42
13 43
13 43
13 44
13 45
12 46
12 47
12 48
12 48
11 49
11 50
10 51
10 52
10 52
9 53
9 54
8 55
8 56
7 57
7 57
6 58
6 59
5 60
5 61
5 61
4 62
4 63
3 64
3 64
2 65
2 65
2 65
3 64
3 64
4 63
4 62
4 62
5 61
6 60
6 59
7 58
7 58
8 57
8 56
9 55
9 54
10 53
10 53
11 52
11 51
12 50
13 49
13 48
14 47
14 47
15 46
15 45
16 44
17 43
18 42
18 41
19 40
19 40
20 39
21 38
22 37
23 37
24 36
25 35
25 35
26 34
27 33
28 32
29 31
29 31
30 30
31 29
31 29
32 28
32 28
32 27
32 27
31 27
31 27
30 27
29 26
28 26
27 25
26 25
25 24
24 24
23 23
22 23
22 23
22 22
21 21
21 20
21 20
21 19
21 19
21 18
21 17
21 17
21 17
22 16
22 16
23 17
23 17
24 18
24 19
24 19
24 20
25 21
25 22
25 22
25 23
25 24
24 25
24 26
24 27
24 27
24 28
24 29
23 30
23 31
23 32
23 33
23 33
23 34
22 35
22 36
22 37
22 38
21 39
21 40
21 41
21 41
21 42
21 43
21 44
21 45
21 46
21 47
21 48
21 48
21 49
21 50
21 51
21 52
21 53
21 54
21 54
21 55
22 56
22 57
22 58
22 58
22 59
23 60
23 61
23 61
24 62
24 63
24 63
25 64
25 65
25 65
26 66
26 66
27 67
27 67
28 67
28 67
29 67
29 67
30 66
30 66
31 65
31 65
31 64
31 63
31 63
32 62
32 61
32 61
32 60
32 59
32 58
32 57
32 57
32 56
32 55
32 54
32 53
32 52
32 52
32 51
32 50
32 49
32 48
32 47
32 47
32 46
32 45
32 44
31 43
31 42
31 41
31 40
31 40
31 39
31 38
31 37
31 36
31 35
31 34
31 33
31 33
31 32
31 31
31 30
31 29
31 28
31 27
31 26
31 26
31 25
31 24
31 23
31 22
31 21
31 21
31 20
31 19
31 18
31 18
30 17
30 17
29 18
29 18
28 19
27 20
27 20
26 21
26 22
25 23
25 23
25 24
24 25
24 26
24 26
24 27
24 28
24 28
24 29
24 30
24 30
25 31
25 31
26 32
26 32
27 33
27 33
28 33
29 33
29 33
30 33
30 33
30 34
30 34
30 35
30 36
30 36
29 37
29 38
29 38
28 39
28 40
28 40
27 41
27 42
27 42
27 43
27 44
27 44
27 45
27 45
28 46
28 47
28 47
29 48
29 48
30 49
30 50
30 50
31 51
31 51
31 52
31 53
31 54
31 54
31 55
30 56
30 57
30 57
29 58
29 59
29 59
28 60
28 61
28 61
27 62
27 63
26 64
26 64
26 65
25 66
25 67
25 67
25 68
24 69
24 70
24 70
24 71
23 72
23 73
23 74
23 74
23 73
24 72
24 71
25 70
25 69
26 68
26 67
27 66
27 65
27 64
28 63
28 62
29 61
29 60
30 59
30 58
30 57
31 56
31 55
32 54
32 53
33 52
33 51
34 50
34 49
34 48
35 47
35 46
36 45
36 44
37 43
37 42
38 41
38 40
38 39
39 38
39 37
40 36
40 35
41 34
41 33
41 32
42 31
42 30
43 29
43 28
44 27
44 26
45 25
45 24
45 24
46 24
46 24
45 24
45 24
45 24
46 25
46 25
46 26
46 26
47 27
47 27
48 28
48 29
48 29
49 30
49 31
49 31
50 32
50 33
50 33
51 34
51 35
51 35
52 36
52 37
52 37
52 38
52 38
52 39
52 39
53 39
53 39
53 40
53 40
53 40
53 40
52 40
52 40
52 39
52 39
51 39
51 39
51 38
51 37
51 37
51 36
51 36
51 35
51 34
51 33
51 33
51 32
52 31
52 30
52 30
53 29
53 28
53 28
54 27
55 26
56 25
56 25
57 24
58 24
59 23
59 23
60 22
61 22
62 21
62 21
63 20
64 20
64 20
65 21
66 21
66 21
65 22
65 23
65 23
65 24
64 25
64 26
64 26
63 27
63 28
62 29
62 29
61 30
60 31
60 32
59 33
59 33
58 34
58 35
57 36
57 36
57 37
56 38
56 39
56 39
55 40
55 40
55 40
56 40
56 40
57 40
57 40
58 39
58 39
59 38
60 38
60 38
61 37
62 36
62 36
63 36
64 35
65 35
65 35
66 34
66 34
67 34
67 34
67 34
67 34
66 34
66 34
65 35
65 35
64 35
64 35
64 34
64 33
63 32
63 31
63 30
63 29
62 28
62 27
62 26
62 25
61 24
61 23
61 22
61 21
60 20
60 19
60 18
60 17
59 16
59 15
59 14
59 14
59 13
59 12
59 12
59 11
59 11
59 10
59 10
59 10
59 10
59 11
59 11
59 12
59 12
59 13
60 14
60 15
60 15
60 16
60 17
60 18
60 19
60 19
60 20
60 21
60 22
60 23
60 23
60 24
60 25
60 26
60 27
60 28
60 28
60 29
59 30
59 31
59 32
59 32
59 33
59 34
59 35
59 36
59 37
59 38
59 38
59 39
59 40
59 41
59 42
59 42
59 43
59 44
59 45
59 46
59 47
59 47
59 48
59 49
59 50
59 51
59 52
59 52
59 53
59 54
59 55
59 56
59 57
59 57
59 58
59 59
59 60
59 60
59 61
59 62
59 63
59 63
59 64
59 65
59 66
59 67
59 67
59 68
59 69
59 69
60 70
60 71
60 71
60 72
60 72
60 73
60 73
60 73
60 72
61 71
61 70
61 69
62 68
62 67
62 66
63 65
63 64
63 63
64 62
64 61
64 60
65 59
65 58
65 57
66 56
66 55
66 54
66 53
67 52
67 51
67 50
68 49
68 48
68 47
69 46
69 45
69 44
70 43
70 42
70 41
71 40
71 39
71 38
72 37
72 36
72 35
73 34
73 33
73 32
74 31
74 30
74 29
75 28
75 27
75 26
76 25
76 24
76 23
77 22
77 21
77 20
77 19
78 18
78 17
78 16
79 15
79 14
79 13
80 12
80 11
80 10
81 9
81 8
81 7
82 6
82 5
82 5
83 5
83 5
83 5
83 5
83 5
84 6
84 6
84 7
84 7
84 8
84 8
84 9
84 9
84 10
84 10
84 10
84 10
85 10
85 10
85 10
86 9
87 8
87 8
88 7
88 7
89 6
90 5
90 5
91 4
91 4
92 3
92 3
93 3
93 3
93 4
93 4
92 4
92 4
91 5
91 6
91 6
90 7
89 8
89 8
88 9
87 10
86 11
86 11
85 12
85 13
85 13
84 14
84 14
83 15
83 15
83 15
83 15
84 14
84 14
85 13
85 13
86 12
87 12
87 12
88 11
88 11
89 10
90 9
90 9
91 9
91 9
91 10
91 10
90 11
90 11
89 12
89 13
89 13
88 14
88 15
88 15
88 16
87 17
87 18
87 18
87 19
86 20
86 21
86 21
86 22
86 23
86 24
86 25
86 25
86 26
86 27
86 28
86 28
86 29
85 30
85 31
85 31
85 32
85 33
85 33
85 34
85 35
85 35
86 36
86 36
86 36
86 37
86 37
86 37
86 37
86 36
86 36
86 36
85 35
85 35
85 35
84 34
84 34
84 34
83 34
83 34
82 33
82 33
82 33
81 32
81 32
81 31
81 31
81 30
81 30
82 29
82 28
82 28
83 27
83 26
83 26
84 25
84 24
85 23
85 23
86 22
87 22
88 21
88 21
89 20
89 19
90 18
90 18
91 18
92 18
93 18
93 18
94 18
94 18
94 19
94 19
93 20
93 21
93 21
93 22
92 23
92 24
92 24
91 25
91 26
91 26
90 27
90 27
89 28
89 28
89 28
90 28
90 28
91 28
91 28
92 28
92 28
93 28
93 28
93 28
93 29
93 29
92 30
92 31
92 31
91 32
90 33
90 33
89 34
89 35
89 35
88 36
87 37
86 38
85 39
84 40
83 41
82 41
81 42
80 43
79 44
78 45
77 46
76 47
76 47
77 47
77 47
77 47
78 46
78 46
79 45
80 44
80 44
81 43
82 43
83 42
83 42
84 41
85 41
86 40
86 40
87 39
88 39
89 38
90 38
90 38
91 37
92 37
92 37
93 38
93 38
92 39
92 39
91 40
90 41
90 41
89 42
89 43
88 44
88 44
87 45
87 46
86 47
86 47
85 48
85 49
84 50
84 50
84 51
83 52
83 53
83 53
82 54
82 54
83 55
83 55
84 55
84 55
85 54
85 54
86 53
87 52
87 52
88 51
89 51
90 50
90 50
91 49
92 49
93 48
93 48
94 47
95 46
96 45
96 45
97 44
98 44
98 44
99 43
100 43
100 43
100 43
99 43
99 43
98 44
98 44
97 44
97 44
96 44
96 44
95 44
95 44
94 44
94 44
94 43
93 42
93 41
93 40
92 39
92 38
92 37
91 36
91 35
91 34
91 33
90 32
90 31
90 30
89 29
89 28
89 28
89 27
88 26
88 25
88 25
89 24
89 23
89 23
89 22
89 22
89 21
89 21
90 20
90 20
90 20
90 20
90 20
90 21
90 21
90 22
90 23
90 23
90 24
90 25
90 26
90 26
90 27
90 28
90 29
90 30
90 30
90 31
90 32
90 33
90 34
90 34
90 35
90 36
90 37
90 38
90 39
90 39
90 40
90 41
90 42
90 43
90 44
90 45
90 46
90 46
90 47
90 48
90 49
90 50
90 51
90 52
90 53
90 54
90 54
90 55
90 56
90 57
90 58
90 59
90 60
90 61
90 62
90 62
90 63
90 64
90 65
90 66
90 67
90 68
90 69
90 70
90 70
90 71
90 72
90 73
90 74
90 75
90 76
90 77
90 78
90 78
90 79
90 80
90 81
90 82
90 83
90 84
90 84
90 85
90 86
90 87
90 88
90 89
90 90
90 90
90 91
90 92
90 93
90 94
90 95
90 96
90 96
90 97
91 98
91 99
91 100
