8 1
9 1
9 1
9 0
9 0
9 0
9 0
9 1
9 1
10 1
10 1
10 2
10 2
11 3
11 3
12 4
12 4
12 4
13 5
13 5
13 6
13 6
14 7
14 7
14 7
14 8
14 8
14 8
13 9
13 9
13 9
13 9
12 10
12 10
11 11
10 11
9 12
8 13
7 13
6 14
5 14
4 15
4 15
3 16
3 17
2 18
2 18
1 18
1 18
1 18
1 18
2 18
2 18
3 17
3 17
4 16
5 16
5 16
6 15
7 14
7 14
8 13
9 13
10 12
10 12
11 11
12 11
12 11
13 10
14 10
14 10
14 10
14 11
14 11
13 12
13 12
12 13
12 13
11 14
11 15
11 15
10 16
9 17
9 17
8 18
8 19
8 19
7 20
7 21
7 21
7 22
7 22
7 23
7 23
7 24
7 24
8 23
8 23
9 22
9 22
10 21
11 20
11 20
12 19
13 18
13 18
14 17
15 16
16 15
16 15
17 14
17 14
18 14
18 14
18 15
18 15
17 16
16 17
16 17
15 18
15 19
14 20
14 20
13 21
12 22
11 23
10 24
10 24
9 25
8 26
8 27
7 28
7 28
6 29
5 30
5 31
4 32
4 32
3 33
2 34
2 35
1 36
1 36
0 37
0 38
0 38
0 39
0 39
0 39
1 39
1 39
2 38
3 37
3 37
4 36
5 35
5 35
6 34
7 33
8 32
8 32
9 31
10 30
11 29
11 29
12 28
13 27
13 27
14 26
15 26
15 26
15 26
15 26
15 26
14 27
14 27
13 28
13 28
12 28
12 28
12 29
12 29
11 30
11 30
10 31
10 31
10 32
10 33
10 33
9 34
9 35
9 35
9 36
9 37
9 38
9 39
9 39
9 40
8 41
8 42
8 43
8 43
8 44
8 45
8 46
8 47
8 48
8 48
8 49
8 50
7 51
7 52
7 53
7 53
7 54
7 55
7 56
7 57
7 57
7 58
7 59
7 60
7 60
7 61
7 62
7 63
7 63
7 64
7 65
7 66
7 66
7 67
7 68
7 69
7 69
7 70
7 71
7 71
7 72
7 73
7 73
7 74
7 74
7 75
7 75
7 75
7 75
7 74
7 73
7 72
7 72
7 71
7 70
7 69
7 69
7 68
7 67
7 66
7 66
7 65
7 64
7 63
7 62
7 62
7 61
8 60
8 59
8 58
8 58
8 57
9 56
9 55
9 54
9 54
9 53
9 52
9 51
9 50
9 49
9 49
9 48
10 47
10 46
10 45
10 45
10 44
11 43
11 42
12 41
12 40
12 40
12 39
13 38
13 37
13 37
14 36
14 36
15 35
15 35
15 35
15 36
15 36
15 37
15 37
16 38
16 39
16 39
16 40
16 41
16 41
16 42
16 43
16 44
16 44
16 45
16 46
16 47
16 47
16 48
16 49
16 50
16 50
16 51
16 52
16 53
16 53
16 54
17 55
17 56
17 56
17 57
17 58
17 58
17 59
17 60
17 61
17 61
17 62
17 63
17 63
17 64
17 65
17 66
17 66
17 67
17 68
17 69
17 69
17 70
17 71
17 71
17 72
17 72
17 73
17 74
17 74
17 74
17 75
17 75
17 75
16 74
16 74
16 74
15 73
15 73
14 72
14 71
14 71
14 70
13 69
13 68
13 68
13 67
12 66
12 65
12 65
12 64
12 63
12 62
12 61
12 60
12 60
12 59
12 58
12 57
12 56
12 56
12 55
12 54
12 53
12 52
12 52
12 51
13 50
13 49
13 49
14 48
14 47
15 46
15 46
16 45
16 44
16 44
17 43
17 43
18 44
18 44
17 45
17 46
17 46
17 47
17 48
17 49
17 50
17 50
16 51
16 52
15 53
15 54
15 54
15 55
14 56
14 57
13 58
13 59
13 59
12 60
11 61
11 62
10 63
10 63
9 64
9 65
8 66
8 67
8 67
7 68
7 69
6 70
6 70
5 71
4 71
4 71
4 71
4 71
4 70
5 69
5 68
5 68
6 67
6 66
7 65
7 65
7 64
8 63
8 62
9 61
9 60
9 60
10 59
10 58
11 57
12 56
12 55
13 54
13 54
14 53
14 52
15 51
16 50
16 49
17 48
17 48
18 47
18 46
19 45
20 44
21 43
21 42
22 41
22 41
23 40
24 39
25 38
25 37
26 36
27 35
27 35
28 34
29 33
29 32
30 31
31 30
31 30
32 29
32 28
33 27
33 26
33 26
33 25
33 24
33 23
33 23
33 22
32 21
32 20
32 19
32 19
31 18
30 18
29 17
28 17
28 17
27 16
26 16
26 16
25 16
25 16
24 16
24 16
24 16
25 17
25 17
25 18
25 19
25 19
25 20
25 21
25 21
25 22
26 23
26 24
26 25
26 25
26 26
26 27
26 28
25 29
25 30
25 31
25 32
25 32
25 33
25 34
25 35
25 36
25 37
25 38
25 39
25 39
25 40
25 41
25 42
25 43
24 44
24 45
24 46
24 47
24 48
24 49
24 49
24 50
24 51
24 52
23 53
23 54
23 55
23 56
23 57
23 57
23 58
23 59
23 60
23 61
23 62
23 63
23 64
23 64
23 65
23 66
23 67
23 68
23 69
23 69
23 70
24 71
24 72
24 72
25 73
25 74
25 74
26 75
26 76
26 76
27 77
27 77
27 77
28 77
28 77
29 76
29 76
30 75
30 74
30 74
30 73
31 72
31 71
31 71
31 70
32 69
32 68
32 68
32 67
32 66
32 65
32 64
32 64
32 63
32 62
33 61
33 60
33 59
33 59
33 58
33 57
33 56
33 55
33 54
33 53
33 52
33 52
33 51
33 50
33 49
33 48
33 47
33 46
33 45
33 45
33 44
33 43
33 42
33 41
33 40
33 39
33 38
33 38
33 37
33 36
33 35
33 34
33 33
33 32
33 31
33 30
33 30
33 29
33 28
33 27
33 26
33 25
33 24
33 24
33 23
33 22
33 21
33 20
33 19
33 19
33 18
33 17
33 17
33 17
32 18
32 18
31 19
31 20
30 21
30 21
30 22
29 23
29 24
29 24
28 25
28 26
27 27
27 27
27 28
27 29
27 30
27 30
27 31
27 32
27 32
27 33
27 34
27 34
28 35
28 36
28 36
29 37
29 37
30 38
30 38
30 39
30 39
30 40
30 41
30 41
30 42
30 43
30 44
30 44
30 45
29 46
29 47
29 47
29 48
29 49
29 50
29 50
29 51
28 52
28 53
28 53
29 54
29 55
29 55
30 56
30 57
30 57
31 58
31 58
32 59
33 60
33 60
34 61
34 61
34 62
34 62
34 63
35 64
35 65
35 65
35 66
34 67
34 68
34 68
34 69
33 70
33 71
33 71
32 72
32 73
31 74
31 74
31 75
30 76
30 77
30 78
30 78
29 79
29 80
28 81
28 82
28 82
28 83
28 84
28 85
28 86
28 86
28 85
29 84
29 83
30 82
30 81
30 80
31 79
31 78
31 77
32 76
32 75
33 74
33 73
33 72
34 71
34 70
34 69
35 68
35 67
36 66
36 65
36 64
37 63
37 62
38 61
38 60
38 59
39 58
39 57
39 56
40 55
40 54
41 53
41 52
41 51
42 50
42 49
42 48
43 47
43 46
44 45
44 44
44 43
45 42
45 41
45 40
46 39
46 38
47 37
47 36
47 36
47 35
47 35
47 34
47 34
46 34
46 34
46 33
46 33
46 33
47 34
47 34
47 35
47 35
48 36
48 37
48 37
48 38
49 39
49 40
49 40
49 41
49 42
50 43
50 44
50 45
50 45
51 46
51 47
51 47
52 48
52 48
52 49
52 49
53 50
53 50
53 51
53 51
53 51
53 52
53 52
53 52
53 52
52 51
52 51
52 50
52 49
52 49
51 48
51 48
51 47
51 46
51 45
51 45
51 44
51 43
51 43
51 42
52 41
52 40
52 40
53 39
54 38
54 38
55 37
56 36
56 36
57 35
58 34
59 33
59 33
60 32
61 32
62 31
63 31
63 31
64 31
65 31
66 31
66 31
67 31
68 31
68 31
68 32
68 33
68 33
68 34
67 35
67 36
67 36
66 37
66 38
65 39
65 39
64 40
64 41
63 42
63 43
63 43
62 44
61 45
60 46
60 46
59 47
59 48
58 49
58 49
57 50
57 50
56 51
56 51
56 51
57 50
57 50
57 49
57 49
58 48
59 48
59 48
60 47
60 46
60 46
61 45
61 44
61 44
62 43
62 42
62 42
63 42
63 42
63 41
63 41
63 40
63 40
62 39
62 38
62 38
62 37
62 36
62 36
61 35
61 34
61 34
61 33
61 32
61 31
61 30
61 29
61 29
61 28
61 27
61 26
61 25
61 24
61 23
61 23
61 22
61 21
61 21
62 20
62 19
62 19
62 18
62 18
62 17
62 17
61 17
61 17
61 17
60 18
60 19
60 19
60 20
60 21
60 21
59 22
59 23
59 23
59 24
58 25
58 26
58 27
58 27
58 28
58 29
58 30
58 31
58 31
58 32
58 33
57 34
57 35
57 36
57 36
57 37
57 38
57 39
57 40
57 41
57 41
57 42
57 43
57 44
57 45
57 46
57 46
57 47
57 48
58 49
58 50
58 51
58 51
58 52
58 53
58 54
58 55
58 56
58 56
58 57
58 58
58 59
58 60
58 61
58 61
58 62
58 63
59 64
59 65
59 66
59 66
59 67
59 68
59 69
59 70
59 70
59 71
60 72
60 73
60 74
60 74
60 75
60 76
60 77
60 77
60 78
60 79
60 80
60 80
60 81
60 81
60 82
60 82
60 82
60 82
60 82
60 81
60 80
60 80
60 79
61 78
61 77
61 76
62 75
62 74
62 73
63 72
63 71
63 70
64 69
64 68
64 67
65 66
65 65
65 64
66 63
66 62
66 61
67 60
67 59
67 58
68 57
68 56
68 55
69 54
69 53
69 52
70 51
70 50
70 49
71 48
71 47
71 46
71 45
72 44
72 43
72 42
73 41
73 40
73 39
74 38
74 37
74 36
75 35
75 34
75 33
76 32
76 31
76 30
77 29
77 28
77 27
78 26
78 25
78 24
79 23
79 22
79 21
80 20
80 19
80 18
81 17
81 16
81 15
82 14
82 13
82 13
82 13
82 13
82 13
82 13
83 14
83 14
83 15
83 16
83 16
83 17
83 18
83 18
83 19
83 19
83 20
83 20
83 21
83 21
83 21
84 21
84 21
85 21
85 21
86 20
86 20
87 19
87 18
87 18
87 17
88 16
88 15
88 15
89 14
90 13
90 13
91 12
91 12
92 11
92 11
93 10
93 10
93 11
93 11
92 12
92 12
91 13
90 14
90 14
89 15
88 16
88 16
87 17
87 18
86 19
86 19
85 20
84 21
84 21
83 22
82 23
82 23
81 24
81 25
81 25
81 26
81 26
81 26
81 25
81 25
82 24
82 24
83 23
84 22
84 22
85 21
86 20
86 20
87 19
88 18
88 18
89 17
90 17
90 17
90 17
91 17
91 17
90 18
90 18
89 19
89 19
88 20
88 21
88 21
87 22
87 23
87 23
87 24
86 25
86 26
86 26
86 27
85 28
85 29
85 29
85 30
85 31
85 32
85 33
85 33
85 34
84 35
84 36
84 36
84 37
84 38
84 39
84 39
84 40
84 41
84 42
84 42
84 43
84 44
84 44
84 45
84 46
84 46
84 47
84 48
84 48
84 49
84 49
84 49
84 49
84 49
84 49
84 48
84 47
84 47
84 46
84 46
83 45
83 44
83 44
83 43
83 42
83 42
82 41
82 41
82 41
82 40
82 40
82 39
82 39
82 38
82 37
82 37
83 36
83 35
83 35
84 34
84 33
85 32
85 32
86 31
86 30
87 29
87 29
88 28
89 27
89 27
90 26
91 26
92 25
92 25
93 24
94 23
94 23
95 23
96 23
96 23
96 24
96 24
96 25
96 26
96 26
95 27
95 28
94 29
94 29
94 30
93 31
93 32
93 32
92 33
91 34
91 34
91 35
90 36
90 37
90 37
89 38
89 38
88 38
88 38
88 38
89 38
89 38
90 37
90 36
90 36
91 35
91 34
91 34
92 33
93 32
93 32
94 32
94 32
95 31
95 31
95 32
95 32
95 33
95 34
95 34
94 35
94 36
94 36
93 37
92 38
92 38
91 39
90 40
90 40
90 41
89 42
89 43
89 43
88 44
88 45
88 45
87 46
87 47
87 47
86 48
86 49
86 49
85 49
84 50
83 50
82 51
81 51
80 51
79 52
78 52
77 53
76 53
76 53
76 54
76 55
76 55
76 55
76 55
77 55
77 55
78 54
78 54
79 53
80 53
81 52
81 52
82 51
83 51
84 50
84 50
85 49
86 48
87 47
87 47
88 46
89 45
90 44
91 43
91 43
92 42
93 42
94 41
95 41
95 41
96 41
96 41
96 42
96 42
95 43
95 44
95 44
94 45
93 46
93 47
92 48
92 48
91 49
91 50
90 51
90 52
90 52
89 53
89 54
88 55
88 56
87 57
87 57
86 58
86 59
85 60
85 60
85 61
84 62
84 63
84 63
83 64
83 64
84 65
84 65
85 64
85 64
86 63
86 63
87 62
88 61
88 61
89 60
90 59
90 59
91 58
92 57
93 57
94 56
94 56
95 55
96 54
96 54
97 53
98 52
98 52
99 52
99 52
100 52
100 52
99 52
99 52
99 52
99 52
98 52
98 52
97 51
97 51
96 51
96 51
95 50
95 50
95 49
95 49
94 49
94 49
94 48
94 47
94 47
94 46
94 45
94 44
94 44
93 43
93 42
93 42
93 41
93 40
93 40
93 39
93 38
93 38
93 37
92 36
92 35
92 35
92 34
92 34
91 33
91 33
90 32
90 32
89 31
89 31
89 30
89 30
89 30
89 30
89 30
89 31
89 31
89 32
89 32
89 33
89 33
89 34
89 35
89 35
89 36
89 37
89 37
89 38
89 39
89 39
89 40
89 41
89 41
89 42
89 43
89 44
89 45
89 45
89 46
89 47
89 48
89 49
89 49
89 50
89 51
89 52
89 53
89 53
89 54
89 55
89 56
89 57
89 58
89 58
89 59
89 60
89 61
89 62
89 63
89 63
89 64
89 65
89 66
89 67
89 68
89 69
89 69
89 70
89 71
89 72
89 73
89 74
89 74
89 75
89 76
89 77
89 78
89 79
89 79
89 80
90 81
90 82
90 82
90 83
90 84
90 85
90 86
90 86
90 87
90 88
90 89
90 89
90 90
90 91
90 92
90 92
90 93
90 94
90 95
90 95
90 96
90 97
90 97
90 98
90 99
90 99
90 100
