5 4
6 3
6 2
6 2
6 1
6 1
6 1
7 1
7 1
7 1
8 1
8 1
8 2
8 2
9 2
9 2
10 3
10 3
10 3
11 4
11 4
11 4
12 5
12 5
12 5
12 5
12 6
12 6
12 6
12 6
12 7
12 7
11 8
11 8
10 9
10 9
9 10
9 10
8 11
8 11
7 12
7 13
7 13
6 14
6 14
5 15
5 16
5 16
4 17
4 17
4 18
4 18
3 18
3 18
3 18
4 18
4 18
4 17
4 17
5 17
5 17
5 16
5 16
6 15
6 15
7 14
7 13
7 13
8 13
8 13
9 12
9 12
10 12
10 12
10 12
10 12
11 13
11 13
11 14
11 14
11 15
11 16
11 16
10 17
10 18
10 18
10 19
10 20
10 20
10 21
10 22
10 22
10 23
9 24
9 25
9 25
9 26
9 27
9 27
9 28
9 29
9 30
9 30
8 31
8 32
8 32
8 33
8 34
8 34
8 35
8 35
8 35
8 36
8 36
8 36
8 36
8 35
8 35
8 34
8 34
9 33
9 32
9 32
9 31
10 30
10 29
10 28
10 27
11 26
11 25
11 24
11 23
12 22
12 21
12 20
12 19
13 18
13 17
13 16
13 15
14 14
14 13
14 13
15 12
15 11
15 11
16 11
16 11
16 11
17 11
17 11
17 12
17 12
17 12
17 13
17 13
17 14
17 14
16 15
16 16
16 16
16 17
16 17
15 18
15 19
15 19
14 20
14 21
14 21
14 22
13 23
13 24
13 24
13 25
12 26
12 27
12 27
11 28
11 29
10 30
10 30
10 31
9 32
9 33
9 33
9 34
8 35
8 36
8 36
7 37
7 38
6 39
6 40
6 40
5 41
5 42
4 43
4 43
3 44
3 45
2 46
2 46
1 47
1 48
1 48
0 49
0 50
0 50
0 51
0 51
0 51
0 51
0 51
0 50
0 50
1 49
2 48
2 48
2 47
3 46
3 45
3 45
4 44
5 43
5 43
6 42
6 41
7 40
7 40
7 39
8 38
8 37
8 36
8 36
9 35
10 34
10 34
11 33
11 32
11 32
12 31
12 31
13 30
13 30
13 29
13 29
13 29
14 29
14 29
14 29
14 30
14 30
13 31
13 31
13 32
13 32
13 33
13 33
13 34
13 35
13 35
13 36
13 37
13 37
13 38
13 39
13 40
13 40
13 41
13 42
13 43
13 43
13 44
13 45
13 46
13 46
13 47
13 48
13 49
13 50
13 50
13 51
13 52
13 53
13 54
13 54
13 55
13 56
13 57
13 58
13 59
13 60
13 60
13 61
13 62
13 63
13 64
13 64
13 65
13 66
13 67
13 68
13 68
13 69
14 70
14 71
14 71
14 72
14 73
14 74
14 74
14 75
14 76
14 76
14 77
14 78
14 78
14 79
14 79
14 80
14 80
14 80
14 79
14 79
14 78
14 78
13 77
13 76
13 76
13 75
13 74
13 74
13 73
13 72
13 71
13 71
13 70
13 69
13 68
13 67
13 67
13 66
13 65
13 64
13 63
13 62
13 61
13 60
13 59
13 58
13 57
13 56
13 55
13 54
13 53
13 52
13 51
14 50
14 49
14 48
14 47
14 46
14 45
14 44
14 43
14 42
14 41
14 40
14 39
14 38
14 37
14 36
14 35
14 34
14 34
14 33
14 32
14 32
14 31
14 31
15 30
15 29
15 29
15 28
15 28
15 27
15 27
16 27
16 27
16 26
16 26
16 26
17 27
17 27
17 28
17 28
17 29
17 29
18 30
18 30
18 31
18 32
18 32
18 33
18 34
18 34
18 35
19 36
19 37
19 37
19 38
19 39
19 40
19 40
19 41
19 42
19 43
19 43
19 44
19 45
19 46
19 47
19 47
19 48
19 49
20 50
20 51
20 52
20 52
20 53
20 54
20 55
20 56
20 56
20 57
20 58
20 59
20 60
20 60
20 61
20 62
20 63
20 64
20 64
20 65
20 66
20 67
20 68
20 68
20 69
20 70
20 71
20 71
20 72
21 73
21 74
21 75
21 75
21 76
21 77
21 78
21 78
21 79
21 80
21 80
21 81
21 82
21 83
21 83
21 84
21 85
21 85
20 86
20 86
20 87
20 87
20 86
20 86
19 86
19 86
19 85
19 85
18 84
18 83
18 83
18 82
18 81
18 81
17 80
17 79
17 79
17 78
17 77
17 76
17 76
16 75
16 74
16 74
16 73
16 72
15 71
15 70
15 69
15 68
14 67
14 66
14 65
14 65
13 64
13 63
12 62
12 62
12 61
12 61
11 60
11 59
11 59
11 58
11 58
10 57
10 57
10 56
10 55
10 55
10 54
10 54
10 53
10 53
11 52
11 52
11 51
11 50
11 50
12 49
12 48
12 48
12 47
13 46
13 45
13 45
14 44
14 43
14 43
15 42
15 41
15 41
16 40
16 40
17 39
17 38
17 38
18 37
18 37
19 36
19 36
19 36
20 37
20 37
20 37
20 38
20 39
20 39
20 40
20 41
20 41
20 42
20 43
20 43
20 44
19 45
19 46
19 46
19 47
19 48
19 49
19 49
19 50
18 51
18 52
18 52
18 53
17 54
17 55
17 56
17 56
17 57
16 58
16 59
16 59
16 60
16 61
16 61
16 62
15 63
15 64
15 64
15 65
15 65
15 66
15 66
15 67
15 67
15 67
15 67
15 67
15 67
16 66
16 65
16 65
16 64
16 64
16 63
17 62
17 61
17 61
18 60
18 59
18 59
18 58
19 57
19 56
19 55
19 55
20 54
20 53
21 52
21 52
21 51
22 50
22 49
22 48
22 48
22 47
23 46
23 45
24 44
24 43
24 43
24 42
25 41
25 40
26 39
26 38
26 38
27 37
27 36
28 35
28 34
28 34
29 33
29 32
30 31
30 30
30 30
31 29
31 28
32 27
32 27
33 26
33 25
34 24
34 24
34 23
35 22
35 21
35 21
36 20
36 19
36 19
36 18
36 17
36 17
36 16
36 15
36 15
36 14
36 14
36 14
35 13
35 13
34 12
34 11
33 10
32 9
31 8
31 7
30 6
29 5
29 4
28 3
28 3
28 2
28 1
28 1
27 1
27 1
27 0
27 0
27 0
27 0
27 1
27 1
27 2
27 2
27 3
26 4
26 5
26 5
26 6
26 7
26 7
26 8
26 9
26 10
26 10
26 11
26 12
26 13
26 13
26 14
25 15
25 16
25 17
25 17
25 18
25 19
25 20
25 21
25 21
25 22
25 23
25 24
25 24
25 25
25 26
24 27
24 28
24 29
24 29
24 30
24 31
24 32
24 33
24 33
24 34
24 35
24 36
24 37
24 38
24 38
24 39
24 40
24 41
24 42
24 42
24 43
24 44
24 45
24 46
24 46
24 47
24 48
24 49
24 50
24 50
24 51
24 52
24 53
24 54
24 55
24 55
24 56
24 57
24 58
24 59
24 59
24 60
25 61
25 62
25 62
25 63
25 64
25 65
25 65
26 66
26 67
26 67
27 68
27 68
28 69
28 69
29 70
29 70
30 70
30 70
31 70
31 70
32 70
33 70
33 70
34 69
34 69
35 68
36 67
36 67
37 66
37 66
38 65
39 64
39 64
40 63
40 62
40 62
40 61
41 60
41 59
41 59
42 58
42 57
42 57
42 56
42 56
42 55
42 54
42 54
42 53
42 52
42 52
41 51
41 50
41 50
41 49
41 48
41 48
41 47
40 46
40 45
40 44
40 43
39 42
39 41
39 40
39 39
38 38
38 37
38 36
37 35
37 34
37 33
37 32
36 31
36 30
36 29
36 28
35 27
35 26
35 25
35 24
34 23
34 22
34 22
34 21
34 20
34 19
34 18
34 17
34 17
34 16
34 15
34 15
34 14
34 14
34 13
34 13
34 13
34 13
34 13
34 13
34 14
34 14
35 15
35 15
35 16
35 17
35 17
35 18
35 19
35 19
35 20
35 21
35 21
35 22
35 23
35 24
35 24
35 25
34 26
34 27
34 28
34 28
34 29
34 30
34 31
34 31
35 32
35 33
35 33
35 34
35 35
35 36
35 36
35 37
35 38
35 38
35 39
35 40
35 40
36 41
36 41
36 42
36 42
37 43
37 43
37 44
37 45
37 45
37 46
37 46
37 47
36 48
36 49
36 49
36 50
36 51
36 51
35 52
35 53
35 53
35 54
35 55
35 55
34 56
34 57
34 57
34 58
34 58
35 59
35 59
35 59
36 59
36 59
37 59
37 59
38 60
38 60
38 61
38 61
38 62
38 62
38 63
38 64
38 64
38 65
38 66
38 66
38 67
38 68
38 68
38 69
38 70
38 70
38 71
38 72
38 72
38 73
38 74
38 74
39 75
39 75
39 76
39 77
39 78
39 78
39 79
39 80
39 81
39 81
39 82
39 83
39 84
39 85
39 85
39 86
39 87
39 88
39 88
39 89
39 90
39 90
39 91
38 92
38 93
38 93
38 94
38 94
37 94
37 94
37 93
38 92
38 91
38 90
38 89
39 88
39 87
39 86
39 85
40 84
40 83
40 82
41 81
41 80
41 79
41 78
42 77
42 76
42 75
42 74
43 73
43 72
43 71
44 70
44 69
44 68
44 67
45 66
45 65
45 64
45 63
46 62
46 61
46 60
47 59
47 58
47 57
47 56
48 55
48 54
48 53
48 52
49 51
49 50
49 49
50 48
50 47
50 46
50 45
51 44
51 43
51 42
51 41
52 40
52 39
52 38
53 37
53 36
53 35
53 34
54 33
54 32
54 31
54 30
55 29
55 28
55 28
54 27
54 27
54 26
54 26
54 26
54 26
54 26
54 26
54 26
54 26
54 26
54 27
54 27
54 27
54 27
54 28
54 29
54 29
54 30
54 30
55 31
55 32
55 32
55 33
55 34
55 35
55 35
55 36
55 37
55 38
55 38
55 39
55 40
55 41
55 41
55 42
55 43
55 43
56 44
56 45
56 45
56 46
56 47
56 47
56 48
56 48
56 49
56 50
56 50
56 50
56 51
56 51
56 51
56 51
56 51
56 51
56 51
56 51
56 50
56 50
56 50
56 50
56 50
56 49
56 49
56 49
55 49
55 49
55 48
55 48
55 48
55 47
55 47
55 47
55 47
56 46
56 46
56 45
56 45
56 44
56 44
56 43
56 43
56 42
56 42
56 41
56 41
56 40
56 39
56 39
56 38
56 38
56 37
56 37
57 37
57 37
57 36
57 36
58 35
58 35
58 34
58 34
59 33
59 33
60 32
60 32
61 31
62 31
62 31
63 30
64 30
64 30
65 29
65 29
66 28
67 28
67 28
68 27
69 27
69 27
70 27
71 27
71 27
72 26
73 26
73 26
74 26
74 26
75 27
75 27
75 27
76 27
76 27
76 28
76 28
76 29
76 29
76 29
75 30
75 31
75 31
74 32
74 32
73 33
73 34
73 34
72 35
71 36
71 36
70 37
70 38
69 39
69 39
68 40
67 41
66 42
66 42
65 43
64 44
64 44
63 45
62 46
62 46
61 47
60 48
60 48
59 49
59 49
59 49
58 50
58 50
58 50
59 49
59 49
59 49
60 48
60 48
61 47
62 47
62 47
63 46
63 46
64 45
65 44
65 44
66 43
67 43
67 43
68 42
69 42
69 42
70 41
70 41
71 40
71 40
72 40
72 40
73 40
73 40
73 40
73 39
73 39
72 39
72 39
72 38
72 37
72 36
71 35
71 34
71 33
71 32
71 31
71 30
70 29
70 28
70 27
70 26
70 25
70 24
69 23
69 22
69 21
69 20
69 19
69 18
68 17
68 16
68 15
68 14
68 14
68 14
68 14
68 15
68 15
68 16
68 16
68 16
68 17
68 17
68 18
68 19
68 19
68 20
68 20
68 21
68 22
68 22
68 23
68 24
68 25
68 25
68 26
68 26
68 27
69 28
69 29
69 29
69 30
69 31
69 32
69 33
69 33
69 34
69 35
69 36
69 36
69 37
69 38
69 39
69 39
69 40
69 41
69 42
69 43
69 43
69 44
69 45
69 46
69 46
69 47
69 48
69 49
69 50
69 50
69 51
69 52
69 53
69 54
69 54
69 55
69 56
69 57
69 58
69 58
69 59
69 60
69 61
69 62
69 62
69 63
69 64
69 65
69 66
69 66
69 67
69 68
69 69
69 69
69 70
69 71
69 72
69 72
69 73
69 74
69 75
69 75
69 76
69 77
69 78
69 78
69 79
69 80
69 81
69 81
69 82
69 83
69 83
69 84
69 85
69 85
69 85
69 85
68 84
68 84
68 83
68 82
68 82
68 81
68 80
68 79
68 79
68 78
69 77
69 76
69 75
69 74
70 73
70 72
70 71
70 70
71 69
71 68
71 67
71 66
72 65
72 64
72 63
73 62
73 61
73 60
73 59
74 58
74 57
74 56
74 55
75 54
75 53
75 52
76 51
76 50
76 49
76 48
77 47
77 46
77 45
77 44
78 43
78 42
78 41
78 40
79 39
79 38
79 37
80 36
80 35
80 34
80 33
81 32
81 31
81 30
81 29
82 28
82 27
82 26
83 25
83 24
83 23
83 22
84 21
84 20
84 19
84 18
85 17
85 16
85 15
85 14
86 13
86 12
86 12
86 12
86 12
86 12
86 13
86 13
86 13
86 14
86 14
86 15
86 16
86 16
86 17
86 17
86 18
86 18
86 19
86 19
86 20
86 21
86 21
86 22
86 22
86 23
86 23
87 23
87 23
87 23
88 23
88 23
89 22
90 22
90 22
91 21
91 21
92 20
93 20
93 20
94 19
95 19
95 19
96 18
97 18
97 18
98 17
98 17
98 17
98 17
98 16
98 16
98 16
98 16
97 16
97 16
96 16
96 16
95 17
95 17
95 17
94 18
94 18
94 18
93 19
93 19
93 20
93 20
92 21
92 21
92 22
92 22
92 23
92 24
92 24
91 25
91 26
91 26
91 27
91 28
91 28
91 29
91 30
91 30
91 31
91 32
91 33
91 33
90 34
90 35
90 35
90 36
90 37
90 38
90 38
89 39
89 40
89 40
89 41
89 42
89 42
88 43
88 44
88 44
88 45
88 45
87 46
87 46
87 47
87 47
86 47
86 47
85 47
85 47
84 47
84 47
84 47
83 46
83 46
83 45
83 45
82 44
82 44
82 43
82 42
82 42
82 41
82 41
82 40
82 40
82 39
82 39
83 38
83 38
84 37
84 36
84 36
85 35
85 35
86 34
86 34
87 33
87 32
87 32
88 31
89 31
89 31
90 30
91 29
91 29
92 28
92 28
93 27
94 27
94 27
95 27
95 27
96 26
96 26
97 26
97 26
97 26
97 26
98 26
98 26
98 26
97 27
97 27
96 28
96 28
96 29
96 29
95 30
95 30
94 31
93 32
93 32
92 33
92 34
92 34
91 35
91 36
91 36
90 37
90 37
89 38
89 39
89 39
88 40
88 41
88 41
87 42
87 42
86 43
86 43
86 44
86 44
86 44
86 44
86 44
87 43
87 43
88 43
88 43
89 42
89 42
90 41
90 40
90 40
91 39
92 39
92 39
93 38
93 38
94 37
94 37
94 37
95 36
95 36
95 36
95 36
95 36
95 36
95 37
95 37
95 37
94 38
94 38
94 39
94 39
93 40
93 40
92 41
92 41
91 42
90 43
90 43
89 44
89 44
88 45
87 46
87 46
86 47
85 48
85 48
84 49
83 50
83 50
82 51
81 51
81 51
80 52
80 53
80 53
79 54
78 55
78 55
77 56
77 56
77 56
76 57
76 57
76 57
76 57
76 58
76 58
76 58
76 58
77 57
77 57
78 56
78 56
79 55
80 55
80 55
81 54
81 54
82 53
83 53
84 52
84 52
85 51
86 50
86 50
87 49
88 48
88 48
89 47
90 47
91 46
91 46
92 45
93 44
93 44
94 43
95 43
95 43
96 42
97 42
97 42
98 41
98 41
99 41
99 41
99 41
99 41
100 41
100 41
100 41
100 41
99 42
99 42
99 42
98 43
98 43
97 44
97 45
97 45
96 46
96 46
95 47
95 48
95 48
94 49
93 50
93 50
92 51
92 52
92 52
91 53
91 54
91 54
90 55
90 56
90 56
89 57
89 57
88 58
88 59
88 59
87 60
87 60
87 61
87 61
87 61
87 62
87 62
87 62
88 61
88 61
89 60
89 60
90 59
90 59
91 58
91 57
91 57
92 56
93 56
93 56
94 55
95 55
95 55
96 54
96 54
97 53
97 53
98 52
98 52
99 51
99 51
99 51
99 51
99 50
99 50
99 49
99 49
99 48
98 47
98 46
98 45
98 44
97 43
97 42
97 41
97 40
96 39
96 38
96 37
96 36
95 35
95 34
95 33
95 33
95 32
95 32
94 32
94 32
94 31
94 31
94 31
94 31
94 31
94 31
94 31
94 31
94 32
94 32
94 33
94 33
94 34
94 34
94 35
94 35
95 36
95 36
95 37
95 37
95 38
95 38
95 39
95 40
95 40
95 41
95 41
95 42
95 43
95 43
95 44
95 44
95 45
95 46
95 46
95 47
95 48
95 48
95 49
95 50
95 50
95 51
95 52
95 52
95 53
95 53
95 54
95 55
95 55
95 56
95 56
95 57
95 58
95 58
95 59
95 60
95 60
95 61
95 61
95 62
95 63
95 63
95 64
95 64
95 65
95 66
95 66
95 67
95 67
95 68
95 69
95 69
95 70
95 70
95 71
95 71
95 72
95 73
95 73
95 74
95 74
95 75
95 75
95 76
95 76
95 77
95 77
95 78
95 78
95 79
95 79
95 80
95 80
95 81
95 81
95 82
95 83
95 83
95 84
95 84
95 85
95 85
95 86
95 87
95 87
95 88
95 88
96 89
96 90
96 90
96 91
96 92
96 93
96 93
96 94
96 94
96 95
96 95
96 96
96 97
96 97
96 98
96 98
96 99
96 99
96 100
96 100
96 100
96 100
96 100
