9 1
9 2
9 2
9 1
9 0
9 0
9 0
9 0
9 0
10 1
10 1
10 1
11 1
11 1
12 2
12 2
13 2
13 2
14 2
14 2
14 3
14 3
15 3
15 3
16 4
16 4
17 4
17 4
17 4
17 5
17 5
17 5
17 6
17 6
16 7
16 7
15 8
15 8
14 9
14 10
14 10
13 11
12 11
12 11
11 12
11 13
11 13
10 14
9 14
9 14
8 15
8 16
8 16
7 17
7 17
6 18
6 18
6 19
6 19
5 19
5 19
6 19
6 19
6 18
6 18
6 18
7 17
7 17
8 16
8 15
8 15
9 14
10 14
10 14
11 13
11 13
12 12
12 12
12 11
12 11
13 11
13 11
13 11
13 12
13 12
13 13
13 13
13 14
13 14
13 15
13 16
13 16
12 17
12 18
12 18
12 19
12 20
12 20
12 21
11 22
11 23
11 23
11 24
11 25
11 25
11 26
11 27
11 27
11 28
11 29
11 29
10 30
10 31
10 31
10 31
10 32
10 32
10 32
10 32
10 32
10 31
10 30
10 30
11 29
11 28
11 28
11 27
12 26
12 25
12 24
13 23
13 22
14 21
14 20
14 19
15 18
15 17
15 16
16 15
16 14
16 14
17 13
17 12
17 12
18 11
18 11
18 11
18 11
18 12
18 12
18 12
18 13
18 13
18 13
18 14
18 14
18 15
18 15
18 16
18 16
17 17
17 18
17 18
17 19
17 19
16 20
16 21
16 21
15 22
15 22
14 23
14 24
13 25
13 25
12 26
12 27
12 27
11 28
11 29
10 30
10 30
9 31
9 32
8 33
8 33
8 34
7 35
7 36
7 36
6 37
5 38
5 38
4 39
4 40
3 41
3 41
2 42
2 43
2 43
1 44
1 45
1 45
0 46
0 46
0 47
0 47
0 48
0 48
0 48
0 48
1 47
1 46
1 46
2 45
2 45
2 44
3 43
3 42
3 42
4 41
4 40
5 39
5 39
6 38
6 37
7 36
7 36
8 35
9 34
10 33
10 33
11 32
11 31
12 30
12 30
13 29
14 28
14 28
15 27
16 26
16 26
17 25
17 25
18 24
18 23
18 23
19 23
19 23
19 23
19 23
19 23
19 24
19 24
18 25
18 25
18 26
18 27
18 27
17 28
17 29
17 29
16 30
16 31
16 31
16 32
16 33
16 33
16 34
15 35
15 36
15 36
15 37
15 38
15 39
15 39
15 40
15 41
15 42
15 42
15 43
15 44
15 45
15 46
15 46
15 47
15 48
15 49
15 50
15 51
15 51
15 52
15 53
15 54
15 55
15 56
15 56
15 57
15 58
15 59
15 60
15 61
15 61
15 62
15 63
15 64
15 64
15 65
15 66
15 66
15 67
15 68
15 68
15 69
15 70
15 70
15 70
15 70
15 70
15 69
15 69
15 68
15 67
15 67
15 66
15 65
15 64
15 64
15 63
15 62
15 61
15 60
15 59
15 58
15 57
15 56
15 55
15 54
15 53
15 52
15 51
15 50
16 49
16 48
16 47
16 46
16 45
16 44
16 43
16 42
16 41
16 40
16 39
16 38
16 37
16 36
16 35
16 34
16 34
16 33
17 32
17 31
17 31
17 31
17 30
17 30
17 30
18 30
18 30
18 30
18 30
18 30
19 31
19 31
19 31
19 32
19 33
19 33
20 34
20 34
20 35
20 36
20 36
20 37
20 38
20 39
20 39
20 40
20 41
20 42
20 42
20 43
20 44
20 45
20 45
20 46
20 47
20 48
20 48
20 49
20 50
20 51
20 52
20 52
20 53
20 54
20 55
20 56
20 56
20 57
20 58
20 59
20 60
20 60
20 61
20 62
20 63
20 63
20 64
20 65
20 66
20 66
20 67
20 68
20 68
20 69
20 70
20 70
20 71
20 71
20 72
20 72
20 72
19 72
19 72
19 71
19 71
19 70
19 70
18 69
18 68
18 68
18 67
18 66
18 66
17 65
17 64
17 64
16 63
16 62
16 62
16 61
16 60
16 59
16 58
16 58
16 57
15 56
15 55
15 55
14 54
14 53
14 53
14 52
14 51
14 51
13 50
13 49
13 49
13 48
13 48
13 47
13 46
13 46
13 45
13 45
14 44
14 43
14 43
14 42
14 42
15 41
15 40
15 40
16 39
16 39
17 38
17 38
18 37
18 36
18 36
19 35
19 35
20 35
20 35
21 35
21 35
21 35
21 35
21 36
21 36
21 37
21 38
21 38
20 39
20 40
20 40
20 41
20 42
20 42
19 43
19 44
19 44
19 45
18 46
18 47
18 47
18 48
17 49
17 50
17 50
16 51
16 52
16 52
16 53
16 54
16 54
15 55
15 55
15 56
15 57
15 57
14 58
14 58
14 59
14 59
14 60
14 60
14 60
14 60
14 60
14 60
14 60
14 60
14 60
14 60
14 60
14 60
14 60
14 59
14 59
15 59
15 59
15 58
15 58
16 57
16 56
16 56
17 55
17 55
17 54
18 53
18 52
18 52
19 51
20 50
20 50
20 49
21 48
21 47
21 47
22 46
22 45
23 44
23 44
24 43
24 42
25 41
25 41
26 40
26 39
27 38
27 38
28 37
28 36
29 35
29 35
30 34
31 33
31 33
32 32
32 31
32 31
33 30
33 29
33 29
34 28
34 28
35 27
35 27
35 27
35 26
35 26
34 26
34 26
34 26
33 26
33 26
33 25
32 24
32 23
31 22
31 21
30 20
30 19
30 18
29 17
29 16
28 15
28 14
28 13
27 12
27 11
26 10
26 9
25 8
25 7
25 7
25 6
25 6
25 6
25 6
25 6
25 6
25 7
25 7
25 8
25 8
25 9
25 9
25 10
25 10
25 10
25 11
25 12
25 12
25 13
25 13
25 14
25 15
25 15
25 16
25 17
25 17
25 18
25 18
25 19
25 20
25 20
25 21
25 22
25 22
25 23
25 24
25 25
25 25
25 26
25 27
25 27
25 28
25 29
25 30
25 30
25 31
25 32
25 33
25 33
25 34
25 35
25 36
25 36
25 37
25 38
25 38
25 39
25 40
25 41
25 41
25 42
25 43
25 43
25 44
25 45
25 46
25 46
25 47
25 48
25 49
25 49
25 50
25 51
25 51
25 52
25 53
25 54
25 54
26 55
26 56
26 56
26 57
26 58
26 58
26 59
26 60
26 60
27 61
27 62
27 62
27 63
27 63
28 64
28 65
28 65
28 66
28 66
29 66
29 66
29 66
30 67
30 67
30 66
30 66
31 66
31 66
32 65
32 65
32 64
32 64
33 63
33 63
34 62
34 62
35 61
36 60
36 60
37 59
37 59
38 58
38 57
38 57
39 56
39 55
39 55
40 54
40 54
41 53
41 52
41 52
42 51
42 51
43 50
43 50
44 49
44 48
44 48
44 47
44 47
44 46
44 45
44 45
44 44
44 44
44 43
44 43
43 42
43 42
42 41
42 41
42 40
42 40
41 39
41 38
41 38
41 37
40 36
40 35
40 34
39 33
39 32
39 31
38 30
38 29
38 28
37 27
37 26
37 25
37 24
36 23
36 22
36 21
35 20
35 19
35 18
34 17
34 16
34 15
33 14
33 13
33 13
32 13
32 13
32 13
32 13
32 13
32 12
32 12
32 12
32 12
32 12
32 11
32 11
33 11
33 11
33 10
33 10
33 9
33 9
34 8
34 8
34 8
34 8
34 8
34 8
34 8
34 9
34 9
33 9
33 9
32 10
32 10
32 11
32 11
31 12
31 12
30 13
30 14
30 14
29 15
29 16
29 16
28 17
28 17
28 18
28 18
27 19
27 20
27 20
27 20
27 21
27 21
27 22
27 22
28 22
28 22
28 23
28 23
29 23
29 23
30 23
30 23
31 23
31 23
32 23
32 23
32 24
32 24
33 24
33 24
34 25
34 25
34 26
34 26
34 27
34 27
34 28
34 28
34 29
34 30
34 30
33 31
33 31
33 32
33 33
33 33
33 34
33 34
33 35
33 36
33 36
33 37
33 37
33 38
33 38
33 39
33 39
33 39
33 40
33 40
34 40
34 40
34 41
34 41
35 41
35 41
35 42
35 42
35 43
35 43
35 44
35 44
35 45
35 45
35 46
35 47
35 47
35 48
35 48
34 49
34 50
34 50
34 51
34 51
34 52
34 53
34 53
34 54
34 54
35 55
35 55
35 56
35 56
35 57
35 57
36 58
36 58
36 59
36 59
36 60
36 61
36 61
36 62
36 63
36 63
36 64
36 65
36 66
36 66
36 67
35 68
35 69
35 69
35 70
35 71
35 72
35 72
35 73
34 74
34 75
34 76
34 76
34 77
33 78
33 79
33 80
33 80
33 81
32 82
32 83
32 83
32 84
31 85
31 86
31 87
31 87
31 88
30 89
30 90
30 90
29 91
29 92
29 92
29 93
29 93
28 93
28 93
28 92
28 91
28 91
28 90
28 89
28 88
28 88
28 87
29 86
29 85
29 84
30 83
30 82
30 81
31 80
31 79
32 78
32 77
32 76
33 75
33 74
33 73
34 72
34 71
34 70
35 69
35 68
35 67
36 66
36 65
37 64
37 63
37 62
38 61
38 60
38 59
39 58
39 57
39 56
40 55
40 54
40 53
41 52
41 51
41 50
42 49
42 48
43 47
43 46
43 45
44 44
44 43
44 42
45 41
45 40
45 39
46 38
46 37
46 36
47 35
47 34
48 33
48 32
48 31
49 30
49 29
49 28
50 27
50 26
50 26
50 26
50 26
50 26
50 26
50 26
50 26
50 26
50 26
50 27
50 27
50 27
50 28
50 28
50 29
50 30
50 30
50 31
50 32
50 32
50 33
50 34
50 34
50 35
50 36
50 37
50 37
50 38
50 39
50 40
50 40
51 41
51 42
51 42
51 43
51 44
51 44
51 45
51 46
51 46
51 47
51 47
51 47
51 48
51 48
51 47
51 47
51 47
51 46
51 46
50 45
50 44
50 44
50 43
50 43
50 42
50 42
50 41
50 40
50 40
50 39
50 39
50 38
50 38
50 38
51 37
51 37
52 36
52 36
53 35
53 35
54 34
55 34
55 34
56 33
56 32
56 32
57 32
58 31
59 31
59 31
60 30
61 30
61 30
62 29
62 29
63 29
64 29
64 29
65 28
66 28
66 28
67 28
67 28
68 28
69 28
69 28
70 28
70 28
71 28
71 28
71 28
71 29
71 29
71 29
70 30
69 31
69 31
68 32
68 32
67 33
67 34
66 35
66 35
65 36
64 37
64 37
63 38
63 39
62 40
62 40
61 41
60 42
60 42
59 43
58 43
58 43
57 44
57 45
57 45
56 46
56 46
56 46
56 46
56 46
57 45
57 45
58 44
58 44
59 43
60 43
60 43
61 42
62 41
62 41
63 40
64 40
64 40
65 39
65 38
65 38
66 37
67 37
67 37
68 36
68 36
68 36
69 36
69 36
69 35
69 35
69 35
69 35
68 35
68 35
68 34
68 33
67 32
67 31
67 30
67 29
67 28
66 27
66 26
66 25
66 24
65 23
65 22
65 21
65 20
65 19
64 18
64 17
64 16
64 16
64 16
64 16
64 16
64 17
64 17
64 17
64 17
64 18
64 18
64 19
64 19
64 20
64 20
64 21
64 21
64 22
64 22
64 23
64 24
64 24
64 25
64 26
64 26
64 27
64 28
64 28
64 29
64 30
64 30
64 31
64 32
64 32
64 33
64 34
64 34
64 35
64 36
64 37
64 37
64 38
64 39
64 40
64 40
64 41
64 42
64 42
64 43
64 44
64 45
64 45
64 46
64 47
64 48
64 48
64 49
64 50
64 51
64 51
64 52
63 53
63 54
63 54
63 55
63 56
63 56
63 57
63 58
63 59
63 59
63 60
63 61
63 62
63 62
63 63
63 64
63 65
63 65
63 66
63 67
63 68
63 68
63 69
63 70
63 70
63 71
63 72
63 73
63 73
63 74
63 75
63 75
63 76
63 77
63 77
63 78
63 78
62 79
62 79
62 79
62 79
62 78
62 78
62 77
62 76
62 76
62 75
62 74
62 74
62 73
63 72
63 71
63 70
63 69
64 68
64 67
64 66
64 65
65 64
65 63
65 62
66 61
66 60
66 59
66 58
67 57
67 56
67 55
68 54
68 53
68 52
68 51
69 50
69 49
69 48
69 47
70 46
70 45
70 44
71 43
71 42
71 41
71 40
72 39
72 38
72 37
72 36
73 35
73 34
73 33
74 32
74 31
74 30
74 29
75 28
75 27
75 26
76 25
76 24
76 23
76 22
77 21
77 20
77 19
77 18
78 17
78 16
78 16
78 16
78 16
78 16
78 16
78 16
78 17
78 17
77 18
77 18
77 19
77 19
77 20
77 20
77 21
77 22
77 22
77 23
77 24
77 24
77 25
77 25
77 26
77 26
77 27
77 27
77 28
77 28
77 29
77 29
78 29
78 29
78 29
79 29
80 29
80 29
81 28
81 28
82 27
82 27
83 26
84 25
84 25
85 24
86 24
86 24
87 23
87 23
88 22
88 22
88 21
88 21
88 21
88 21
88 21
88 21
87 21
87 21
87 21
86 21
86 21
85 22
85 22
85 22
85 23
85 23
84 24
84 24
84 24
84 25
84 25
83 26
83 27
83 27
83 28
83 28
83 29
83 30
83 30
83 31
83 32
83 32
83 33
83 34
83 35
83 35
83 36
83 37
83 37
82 38
82 39
82 39
82 40
82 41
82 41
82 42
82 43
82 43
81 44
81 45
81 45
81 46
81 47
81 47
81 48
81 49
81 49
80 50
80 50
80 50
79 51
79 51
79 51
78 51
78 51
77 50
77 50
77 50
76 50
76 50
76 49
76 49
75 49
75 49
75 48
75 48
75 47
75 47
74 46
74 46
74 45
74 45
75 44
75 44
75 43
75 43
75 42
75 42
76 41
76 41
77 40
77 40
78 39
78 39
79 38
80 37
80 37
81 36
82 35
82 35
83 34
83 34
84 33
85 33
85 33
86 32
86 32
87 31
87 31
88 31
88 31
89 31
89 31
89 31
89 31
89 31
89 31
89 31
89 32
89 32
89 33
89 33
88 34
88 34
88 35
88 35
87 36
87 36
86 37
86 38
86 38
85 39
85 39
84 40
83 41
83 41
82 42
82 42
82 43
82 43
81 44
81 44
81 45
81 45
81 45
80 45
80 45
80 46
80 46
81 46
81 46
81 45
81 45
82 45
82 45
83 44
83 44
84 43
84 43
85 42
85 42
86 41
86 41
87 40
87 40
87 40
88 40
88 40
88 40
88 40
88 40
88 40
88 41
88 41
87 42
87 42
87 43
87 43
86 44
86 44
85 45
85 45
84 46
84 46
84 47
84 47
83 48
83 48
82 49
82 49
81 50
81 50
81 50
81 51
81 51
81 51
80 51
80 51
80 51
80 51
81 51
81 51
81 51
81 51
81 50
81 50
82 49
82 49
83 49
83 49
84 48
84 48
85 47
85 47
85 47
86 46
86 46
87 46
87 46
87 46
87 46
86 46
86 46
86 47
86 47
85 48
85 48
84 49
83 49
83 49
82 50
82 51
82 51
81 52
80 52
80 52
79 53
78 54
78 54
77 55
76 56
76 56
75 57
74 58
74 58
73 59
73 60
73 60
72 61
71 62
71 62
71 62
71 63
71 63
71 63
72 62
72 62
73 62
73 62
74 61
74 61
75 60
76 60
76 60
77 59
78 58
78 58
79 57
80 57
81 56
81 56
82 55
83 54
84 53
84 53
85 52
86 52
87 51
87 51
88 50
89 50
90 49
90 49
91 48
92 48
92 48
93 47
94 47
95 46
95 46
96 45
97 44
97 44
98 44
98 44
99 43
99 43
100 43
100 43
99 42
99 42
99 42
98 42
98 42
97 42
96 42
96 42
95 42
95 42
94 42
94 42
93 42
93 42
92 41
91 41
91 41
90 41
90 41
89 40
89 40
88 40
88 40
87 39
87 39
87 39
86 38
86 38
86 37
86 37
86 37
86 36
86 36
86 36
86 36
86 36
86 37
86 37
86 37
86 37
86 38
86 38
86 39
86 39
86 40
86 40
86 41
86 41
86 42
86 42
86 43
86 43
86 44
86 45
86 45
85 46
85 46
85 47
85 48
85 48
85 49
85 50
85 50
85 51
85 52
85 52
84 53
84 54
84 54
84 55
84 55
83 56
83 56
83 57
83 58
83 58
83 58
83 59
83 59
83 59
84 59
84 59
85 58
85 58
86 57
86 57
87 56
87 56
88 55
89 54
89 54
90 53
91 53
91 53
92 52
92 52
93 51
94 50
94 50
95 49
95 49
95 49
95 48
95 48
95 47
95 47
94 47
94 47
94 46
94 46
93 45
93 45
92 44
91 43
90 42
89 41
89 41
89 40
88 39
88 38
88 38
88 37
88 37
88 37
88 37
88 37
88 37
88 37
88 37
88 38
88 38
88 39
88 39
88 40
88 41
88 41
88 42
88 42
88 43
88 44
88 44
88 45
88 46
88 46
88 47
88 48
88 48
88 49
88 50
88 50
88 51
89 52
89 53
89 53
89 54
89 55
89 55
89 56
89 57
89 58
89 58
89 59
89 60
89 60
89 61
89 62
89 62
89 63
89 64
89 65
89 65
89 66
89 67
89 67
89 68
89 69
89 70
89 70
89 71
89 72
89 73
89 74
89 74
89 75
89 76
89 77
89 77
89 78
89 79
89 80
89 80
89 81
90 82
90 83
90 83
90 84
90 85
90 85
90 86
90 87
90 87
90 88
90 89
90 90
90 90
90 91
90 92
90 93
90 93
90 94
91 95
91 96
91 96
91 97
91 98
91 98
91 99
91 100
91 100
91 100
