11 0
10 1
10 2
10 2
10 1
10 1
10 1
11 2
11 2
11 2
11 3
11 4
11 4
12 5
12 5
12 6
12 6
12 7
12 8
12 8
12 9
12 9
12 10
12 11
12 11
12 12
12 12
12 13
12 13
11 14
11 15
11 15
10 16
10 16
9 17
8 17
7 18
7 18
6 19
5 19
4 20
3 20
3 20
2 21
2 22
2 22
1 23
1 23
0 23
0 23
0 24
0 24
0 23
0 23
0 23
1 22
1 22
2 21
3 20
3 20
4 19
5 18
5 18
6 17
7 16
7 16
8 15
9 14
9 14
10 13
10 13
11 12
11 12
12 12
12 12
12 12
11 13
11 13
10 14
10 14
9 15
9 16
9 16
8 17
8 17
7 18
7 18
6 19
6 19
6 20
6 20
5 21
5 22
5 22
5 23
5 23
5 24
5 25
5 25
5 26
5 27
5 27
5 28
5 28
5 29
5 29
6 30
6 30
7 29
7 29
8 28
8 28
9 27
9 26
9 26
10 25
11 24
11 24
11 23
12 22
12 21
12 21
13 20
13 19
13 19
14 18
14 18
15 17
15 17
15 17
14 18
14 18
14 19
14 20
14 20
13 21
12 22
12 22
11 23
11 24
11 24
10 25
10 26
9 27
9 27
9 28
8 29
8 30
8 30
7 31
7 32
6 33
6 34
6 34
6 35
5 36
5 37
5 37
4 38
4 39
3 40
3 41
3 41
3 42
2 43
2 44
2 44
1 45
1 46
1 46
0 47
0 47
0 48
0 48
1 47
1 47
2 46
2 46
3 45
3 44
3 44
4 43
4 42
5 41
5 41
6 40
6 39
7 38
7 38
8 37
8 36
9 35
9 35
10 34
11 33
11 33
12 32
12 31
12 31
13 30
13 29
13 29
14 29
14 29
14 28
14 28
14 28
14 29
14 29
13 29
13 29
13 30
13 30
12 31
12 32
12 32
12 33
12 34
12 34
11 35
11 36
11 36
11 37
11 38
11 39
11 40
11 40
11 41
10 42
10 43
10 43
10 44
10 45
10 46
10 47
10 47
10 48
9 49
9 50
9 51
9 51
9 52
9 53
9 54
9 55
9 56
9 56
9 57
8 58
8 59
8 60
8 60
8 61
8 62
8 63
8 63
8 64
8 65
8 66
8 66
8 67
7 68
7 69
7 69
7 70
7 71
7 71
7 72
7 72
7 72
7 71
7 71
7 70
7 69
7 69
7 68
7 67
7 66
7 66
7 65
8 64
8 63
8 63
8 62
8 61
8 60
8 59
8 59
8 58
8 57
8 56
8 55
8 55
8 54
8 53
8 52
8 51
8 51
8 50
9 49
9 48
9 47
9 47
9 46
9 45
9 44
9 44
9 43
10 42
10 41
10 41
11 40
11 39
11 39
11 38
12 37
12 36
12 36
13 35
13 35
14 34
14 34
14 33
14 33
15 33
15 33
15 34
15 34
16 35
16 35
16 36
16 36
16 37
16 38
16 38
16 39
17 40
17 41
17 41
17 42
17 43
17 44
17 44
17 45
17 46
17 46
17 47
17 48
17 49
17 50
17 50
17 51
17 52
17 53
17 53
17 54
17 55
17 56
17 56
17 57
18 58
18 59
18 59
18 60
18 61
18 62
18 63
18 63
18 64
18 65
18 65
18 66
18 67
18 68
18 68
18 69
18 70
18 70
19 71
19 71
19 72
19 73
19 73
19 74
19 74
19 74
19 74
18 74
18 74
18 73
18 73
17 72
17 72
16 71
16 71
15 70
15 69
15 69
14 68
14 67
14 67
13 66
13 65
13 65
13 64
12 63
12 62
12 62
11 61
11 60
11 60
11 59
11 58
11 58
10 57
10 56
10 56
10 55
10 55
10 54
10 54
11 53
11 53
11 52
11 52
12 52
12 52
12 51
12 51
13 51
13 51
14 51
14 51
14 51
14 52
14 53
14 53
14 54
14 55
14 55
14 56
14 57
14 58
14 58
14 59
13 60
13 61
13 61
13 62
12 63
12 64
12 64
12 65
12 66
12 66
11 67
11 68
11 68
11 69
11 69
10 70
10 71
10 71
10 72
10 72
10 72
11 72
11 72
11 72
11 72
11 71
11 71
11 70
11 70
12 69
12 68
12 68
12 67
12 66
12 66
12 65
13 64
13 63
13 63
13 62
14 61
14 60
14 59
14 59
15 58
15 57
16 56
16 55
16 55
16 54
17 53
17 52
18 51
18 50
18 50
18 49
18 48
19 47
19 46
19 45
19 45
19 44
20 43
20 42
21 41
21 40
21 40
21 39
22 38
22 37
22 36
22 36
22 35
22 34
22 33
22 32
22 32
22 31
22 30
22 29
22 29
22 28
22 27
22 27
22 26
22 26
22 26
22 26
22 26
22 27
22 27
21 28
21 28
21 29
21 29
20 30
20 30
20 31
20 32
20 32
20 33
20 34
20 34
20 35
20 36
20 37
20 37
20 38
20 39
20 40
20 41
20 41
20 42
20 43
20 44
20 45
20 45
20 46
20 47
20 48
20 49
20 50
20 50
20 51
19 52
19 53
19 54
19 54
19 55
19 56
19 57
19 58
19 58
19 59
19 60
19 61
19 62
19 62
19 63
19 64
19 65
19 65
20 66
20 66
21 67
21 68
21 68
22 69
22 70
22 70
23 71
23 71
24 72
24 73
24 73
25 74
26 74
26 74
27 74
28 74
28 74
29 73
30 73
30 73
31 72
32 72
32 72
33 71
33 70
34 69
34 69
35 68
35 67
36 66
36 66
37 65
38 64
38 64
38 63
39 62
39 61
39 61
40 60
40 59
41 58
41 58
41 57
41 56
41 56
42 55
42 55
42 54
42 53
42 53
42 52
42 51
42 51
42 50
41 49
41 48
41 48
41 47
41 46
41 46
40 45
40 44
39 43
39 43
39 42
38 41
38 40
38 40
37 39
37 38
36 37
36 36
36 36
35 35
35 34
35 34
34 33
34 32
33 31
33 31
32 30
32 29
32 29
31 28
31 27
31 27
30 26
30 25
30 25
30 24
30 23
30 23
29 22
29 21
29 21
29 20
29 20
29 19
29 18
29 18
29 18
29 18
29 18
29 18
29 19
29 19
29 20
29 21
29 21
29 22
29 23
29 23
29 24
28 25
28 26
28 26
28 27
28 28
28 29
28 29
27 30
27 31
27 31
27 32
27 33
27 34
27 34
27 35
26 36
26 37
26 37
26 38
26 39
26 39
26 40
26 41
26 41
26 42
26 42
27 42
27 42
28 43
28 43
29 43
29 43
30 42
30 42
31 41
31 41
32 41
32 41
32 42
32 42
32 43
32 43
32 44
32 45
32 46
32 46
32 47
31 48
31 49
31 49
31 50
30 51
30 52
30 52
30 53
29 54
29 55
29 55
29 56
29 57
29 57
28 58
28 59
28 59
28 60
28 60
29 60
29 60
30 60
30 60
31 61
31 61
32 61
32 61
33 62
33 63
33 63
34 64
34 64
34 65
34 66
34 67
34 67
34 68
34 69
34 70
34 70
34 71
34 72
34 73
34 74
34 74
34 75
34 76
34 77
34 77
34 78
34 79
34 79
33 80
33 81
33 81
33 82
33 82
32 82
32 82
32 82
32 82
33 81
33 81
33 80
33 79
34 78
34 77
34 76
34 75
34 74
35 73
35 72
35 71
35 70
35 69
36 68
36 67
36 66
36 65
37 64
37 63
37 62
37 61
37 60
38 59
38 58
38 57
38 56
38 55
39 54
39 53
39 52
39 51
39 50
40 49
40 48
40 47
40 46
40 45
41 44
41 43
41 42
41 41
42 40
42 39
42 38
42 37
42 36
43 35
43 34
43 33
43 32
43 31
44 30
44 29
44 28
44 28
44 27
44 26
44 26
43 25
43 24
43 24
43 24
43 24
43 25
43 25
44 26
44 26
44 27
44 27
45 28
45 28
46 29
46 30
46 30
47 31
47 32
47 32
47 33
47 34
47 34
47 35
48 36
48 37
48 37
48 38
48 39
48 39
49 40
49 41
49 41
49 42
49 42
49 43
49 43
49 43
49 43
49 42
49 42
49 41
49 40
49 40
49 39
49 38
49 37
49 37
49 36
49 35
49 35
50 34
50 33
50 33
50 32
50 31
50 31
51 30
51 30
52 29
52 28
52 28
53 27
53 27
54 26
55 25
55 25
56 24
57 23
57 23
58 22
59 21
59 21
60 20
61 20
61 20
62 19
63 19
64 18
64 18
65 17
65 17
66 17
67 17
67 17
67 18
67 18
67 19
67 19
67 20
67 21
67 21
67 22
66 23
66 24
66 24
66 25
65 26
65 27
65 27
64 28
64 29
63 30
63 30
62 31
62 32
61 33
61 34
61 34
60 35
60 36
59 37
59 37
59 38
58 39
58 40
58 40
57 41
56 42
56 42
55 43
55 44
55 44
54 45
53 46
53 46
53 47
53 47
53 47
53 47
54 47
54 47
55 46
56 46
56 46
57 45
57 44
57 44
58 43
59 42
59 42
60 41
60 40
61 39
61 39
62 38
63 37
63 37
64 36
64 35
64 35
65 34
66 34
66 34
66 33
66 32
66 32
67 31
67 31
67 30
67 29
67 29
67 28
67 27
67 26
67 26
67 25
67 24
67 24
67 23
66 22
66 21
66 21
65 20
64 19
64 19
63 18
63 17
62 16
62 16
62 15
61 14
61 13
61 13
60 12
59 11
59 11
58 10
58 9
58 9
57 8
57 7
57 7
57 6
57 6
56 5
56 5
56 5
56 6
56 6
56 7
56 7
57 8
57 9
57 9
57 10
57 11
57 11
57 12
57 13
57 14
57 14
57 15
57 16
57 17
57 18
57 18
57 19
57 20
57 21
57 22
57 23
57 23
57 24
57 25
58 26
58 27
58 28
58 28
58 29
58 30
58 31
58 32
58 33
58 34
58 34
58 35
58 36
58 37
58 38
58 39
58 39
58 40
58 41
58 42
58 43
58 44
58 44
58 45
58 46
59 47
59 48
59 49
59 50
59 50
59 51
59 52
59 53
59 54
59 55
59 56
59 56
59 57
59 58
59 59
60 60
60 61
60 62
60 63
60 63
60 64
60 65
60 66
60 67
60 67
60 68
60 69
60 70
60 71
60 71
60 72
59 73
59 74
59 74
59 75
59 76
59 77
59 77
59 78
59 79
59 80
59 80
59 81
59 81
59 81
59 81
59 80
59 80
59 79
60 78
60 77
60 76
60 75
61 74
61 73
61 72
62 71
62 70
62 69
62 68
63 67
63 66
63 65
64 64
64 63
64 62
64 61
65 60
65 59
65 58
66 57
66 56
66 55
66 54
67 53
67 52
67 51
68 50
68 49
68 48
68 47
69 46
69 45
69 44
69 43
70 42
70 41
70 40
71 39
71 38
71 37
71 36
72 35
72 34
72 33
73 32
73 31
73 30
73 29
74 28
74 27
74 26
75 25
75 24
75 23
75 22
76 21
76 20
76 20
75 21
75 21
75 21
75 21
75 21
75 20
75 20
76 19
77 19
77 19
77 18
78 17
78 16
78 16
79 15
80 14
80 14
81 13
81 12
82 11
82 11
83 10
84 9
84 9
85 8
86 7
86 7
87 6
88 5
88 5
88 4
88 4
88 3
88 3
88 3
87 3
87 3
86 4
85 4
85 4
84 5
84 5
83 5
82 5
82 5
81 6
80 6
80 6
79 7
78 7
78 7
77 7
77 7
76 8
76 8
75 8
75 8
75 9
75 9
76 10
76 10
76 11
76 12
76 12
76 13
77 14
77 15
77 15
77 16
77 17
77 18
77 18
78 19
78 19
78 20
78 21
78 21
79 22
79 22
79 22
80 23
80 23
80 22
80 22
81 21
81 21
82 20
82 19
82 19
83 18
83 17
84 16
84 16
84 15
85 14
85 13
85 12
85 12
86 11
86 10
87 9
87 8
87 8
87 7
88 6
88 5
88 5
89 4
89 3
89 3
90 2
90 2
90 1
90 1
90 1
90 1
90 2
90 2
89 3
89 4
89 4
88 5
88 6
88 6
87 7
87 8
87 8
86 9
86 10
86 10
86 11
85 12
85 13
85 13
85 14
84 15
84 16
84 16
84 17
83 18
83 19
83 19
83 20
83 21
83 21
83 22
82 23
82 24
82 25
82 25
82 26
81 27
81 28
81 28
81 29
80 30
80 31
80 32
80 32
80 33
79 34
79 35
79 35
79 36
78 37
78 38
78 39
78 39
77 40
77 41
77 41
76 42
76 42
76 43
76 43
76 43
77 43
77 43
78 42
78 42
79 41
79 40
79 40
80 39
81 38
81 38
82 37
82 36
82 36
83 35
84 34
84 34
85 33
85 32
85 32
86 31
87 30
87 30
88 29
88 28
88 28
89 27
89 26
89 26
90 25
90 24
90 24
91 23
91 22
91 22
91 21
91 21
92 21
92 21
92 21
91 22
91 22
91 23
91 23
90 24
90 25
90 25
90 26
89 27
89 28
89 28
88 29
88 30
88 30
87 31
86 32
86 32
85 33
85 34
85 34
85 35
85 35
85 35
85 35
85 35
86 34
86 34
86 33
86 33
87 32
88 31
88 31
89 30
89 30
90 29
90 29
91 28
91 28
92 28
92 28
92 28
91 29
91 29
90 30
90 31
90 31
90 32
89 33
89 34
89 34
88 35
87 36
87 36
87 37
86 38
86 39
86 39
85 40
84 41
84 41
83 42
83 43
83 43
83 44
83 44
83 44
83 44
83 44
84 43
84 43
85 42
85 42
86 41
86 41
87 40
87 40
88 39
88 39
89 39
89 39
89 39
89 39
88 40
88 41
88 41
87 42
87 42
87 43
86 44
86 45
86 45
85 46
84 47
84 47
83 48
83 49
83 49
82 50
82 51
82 51
81 52
81 52
81 52
82 52
82 52
83 51
83 51
84 50
84 50
85 49
85 48
85 48
86 47
86 47
87 46
88 45
88 45
89 44
89 44
90 44
90 44
90 44
90 45
90 45
90 46
90 47
90 47
89 48
88 49
88 49
88 50
87 51
87 52
87 52
86 53
85 54
85 54
85 55
84 56
84 57
84 57
83 58
83 59
82 60
82 60
81 61
81 62
81 62
80 63
80 64
80 64
80 65
80 65
80 65
80 65
80 65
80 64
80 64
81 63
82 63
82 63
83 62
83 62
84 61
84 60
85 59
85 59
86 58
87 58
88 57
88 57
89 56
90 55
90 55
91 54
92 53
92 53
93 52
94 51
94 51
95 50
96 49
96 49
97 48
98 47
98 47
99 46
99 46
99 45
99 44
99 44
100 43
100 43
99 42
99 42
98 41
98 40
98 40
98 39
98 38
98 37
98 37
97 36
96 35
96 35
95 34
95 33
94 32
94 32
93 31
92 30
92 30
91 29
90 28
90 28
89 27
89 26
88 25
88 25
87 24
87 24
86 23
85 22
85 22
84 22
84 22
84 21
84 21
84 21
84 21
84 21
84 21
84 22
84 22
84 23
84 23
85 24
85 24
85 25
85 25
85 26
86 27
86 28
86 28
86 29
86 30
86 31
86 31
86 32
86 33
86 34
86 35
86 35
86 36
86 37
87 38
87 39
87 40
87 40
87 41
87 42
87 43
87 44
87 45
87 45
87 46
87 47
87 48
87 49
87 49
87 50
87 51
87 52
87 53
87 54
87 54
87 55
87 56
87 57
87 58
87 58
87 59
87 60
87 61
87 62
87 62
87 63
87 64
87 65
87 66
87 67
87 67
87 68
87 69
87 70
87 71
87 71
87 72
87 73
87 74
87 75
87 76
87 77
87 77
87 78
87 79
87 80
87 81
87 82
87 83
87 83
87 84
87 85
87 86
87 87
87 88
87 88
87 89
87 90
87 91
87 91
87 92
87 93
87 94
87 94
87 95
87 96
87 96
87 97
87 98
87 98
88 99
88 99
88 100
88 100
