9 1
10 1
10 1
10 1
10 2
10 2
10 3
10 3
10 4
10 4
10 5
10 6
10 6
10 7
10 7
10 7
11 8
11 8
11 9
11 9
11 10
11 10
11 11
11 11
10 12
9 13
8 14
7 15
7 15
6 16
5 16
5 16
4 16
4 16
3 17
3 17
3 17
3 17
4 17
4 17
4 16
4 16
5 15
5 15
6 14
7 13
7 13
8 12
8 12
9 11
10 11
10 11
11 10
11 10
12 9
12 9
12 9
11 10
10 10
9 11
8 11
7 12
7 12
6 13
6 13
6 14
6 14
6 15
6 15
6 16
6 16
6 17
6 17
6 18
6 19
6 19
6 20
6 20
7 21
7 22
7 22
7 23
7 23
8 23
8 23
9 23
9 23
10 23
10 23
11 22
11 22
12 21
12 20
12 20
13 19
13 18
13 18
14 17
14 16
14 16
15 15
15 14
15 14
15 13
15 13
15 13
15 13
14 14
14 14
13 15
13 16
13 16
12 17
12 18
12 18
11 19
11 20
10 21
10 21
9 22
9 23
8 24
8 24
8 25
7 26
7 27
7 27
6 28
5 29
5 29
4 30
4 31
3 32
3 32
3 33
2 34
2 35
2 35
1 36
1 37
1 37
0 38
0 39
0 39
0 40
0 40
0 40
0 39
0 39
1 38
2 38
2 38
3 37
3 36
3 36
4 35
5 34
5 34
6 33
6 32
7 31
7 31
8 30
8 29
8 29
9 28
9 27
10 26
10 26
11 25
12 24
12 24
13 23
13 22
13 22
14 21
14 21
15 20
15 20
15 19
15 19
15 19
15 19
14 20
14 20
13 21
13 21
13 22
13 22
13 23
12 24
12 25
12 25
11 26
11 27
11 27
11 28
11 29
11 30
11 30
11 31
10 32
10 33
10 34
10 34
10 35
10 36
10 37
10 38
10 38
10 39
10 40
9 41
9 42
9 43
9 43
9 44
9 45
9 46
9 47
9 47
9 48
8 49
8 50
8 51
8 51
8 52
8 53
8 54
8 54
8 55
7 56
7 57
7 57
7 58
7 58
7 59
7 59
7 59
8 58
8 58
8 57
8 56
8 56
8 55
8 54
8 53
8 53
8 52
9 51
9 50
9 50
9 49
10 48
10 47
10 46
10 46
10 45
10 44
10 43
10 42
10 42
10 41
10 40
11 39
11 38
11 37
11 37
11 36
12 35
12 34
12 34
12 33
12 32
12 31
12 31
12 30
13 29
13 28
13 28
14 27
14 27
14 26
14 26
15 26
15 26
16 26
16 26
16 26
17 27
17 27
17 28
17 28
17 29
17 30
17 30
18 31
18 32
18 32
18 33
18 34
18 35
18 35
18 36
18 37
18 38
18 39
18 39
18 40
19 41
19 42
19 42
19 43
19 44
19 45
19 45
19 46
19 47
19 48
19 49
19 49
19 50
19 51
19 52
19 52
19 53
19 54
19 55
19 55
20 56
20 57
20 57
20 58
20 59
20 59
20 60
20 61
20 61
20 62
20 62
20 63
20 63
20 64
20 64
20 64
20 64
20 63
20 63
20 62
20 62
19 61
19 60
19 60
18 59
18 58
18 58
17 57
16 56
16 56
15 55
15 54
15 54
15 53
14 52
14 51
14 51
13 50
12 49
12 49
11 48
11 48
11 47
11 47
10 46
10 46
10 46
10 46
11 45
11 45
11 44
11 44
12 43
12 43
13 42
13 42
14 41
14 41
15 41
15 41
15 41
15 42
15 42
15 43
15 44
15 44
15 45
15 46
15 46
14 47
14 48
14 48
13 49
13 50
13 50
12 51
12 52
12 52
12 53
12 54
12 54
11 55
11 55
11 55
11 55
12 56
12 56
12 56
13 56
13 56
13 56
14 56
14 56
14 56
14 56
15 55
15 55
15 54
15 53
15 53
16 52
16 51
16 51
16 50
16 49
16 49
16 48
17 47
17 46
17 46
17 45
18 44
18 43
18 42
18 42
18 41
18 40
19 39
19 38
19 37
19 37
19 36
20 35
20 34
20 33
20 33
20 32
21 31
21 30
21 30
21 29
21 28
21 27
21 27
21 26
22 25
22 24
22 24
22 23
22 22
22 22
23 21
23 21
23 20
23 20
23 19
23 19
23 19
23 19
23 19
23 19
23 19
23 20
23 20
23 21
23 21
23 22
23 23
23 24
23 24
23 25
23 26
23 27
23 27
23 28
23 29
23 30
23 30
23 31
23 32
23 33
23 33
23 34
23 35
23 36
23 36
23 37
23 38
23 39
23 40
23 40
23 41
22 42
22 43
22 44
22 44
22 45
22 46
22 47
22 47
22 48
22 49
22 50
22 50
22 51
23 52
23 53
23 53
23 54
23 55
23 55
23 56
23 57
23 57
24 58
24 58
25 59
25 59
25 60
25 60
26 60
26 60
27 61
27 61
28 61
28 61
29 60
30 60
30 60
31 60
31 60
32 59
33 59
33 59
34 58
35 58
35 58
36 57
37 57
37 57
38 56
38 56
39 55
40 55
40 55
41 54
41 54
41 53
41 52
41 52
42 51
42 51
42 50
42 50
42 49
42 49
42 48
42 47
42 47
42 46
42 45
42 44
42 44
42 43
41 42
41 41
41 41
41 40
40 39
40 38
40 37
40 37
40 36
39 35
39 34
39 34
39 33
38 32
38 31
38 30
38 30
38 29
37 28
37 27
37 26
37 26
37 25
36 24
36 23
36 22
36 22
36 21
35 20
35 19
35 19
34 18
34 17
34 17
34 16
34 15
34 14
34 14
34 13
34 12
34 12
34 11
34 10
34 10
33 9
33 9
33 8
33 8
33 8
33 7
33 7
33 7
33 8
33 8
33 8
33 9
33 10
33 10
32 11
32 12
32 12
32 13
31 14
31 15
31 15
31 16
31 17
31 18
31 18
31 19
30 20
30 21
30 21
30 22
29 23
29 24
29 24
29 25
29 26
29 26
29 27
29 28
29 28
29 29
29 30
29 30
30 31
30 32
30 32
30 33
30 33
31 34
31 34
32 35
32 35
33 35
33 35
33 36
33 36
34 37
34 38
34 38
34 39
34 39
34 40
34 41
34 42
34 42
34 43
34 44
34 45
34 45
34 46
34 47
34 48
34 48
34 49
33 50
33 51
33 51
32 52
32 53
32 53
32 54
31 55
31 56
31 56
31 57
31 57
32 58
32 58
32 59
32 59
33 59
33 59
34 60
34 60
35 61
36 61
36 61
37 62
37 63
37 63
38 64
38 65
38 65
38 66
38 67
38 68
38 68
38 69
38 70
38 70
38 71
38 72
38 73
38 73
38 74
37 75
37 76
37 77
37 77
36 78
36 79
36 79
36 80
35 81
35 82
35 82
34 83
34 84
34 84
34 85
34 86
34 86
34 85
34 84
35 83
35 82
35 81
35 80
36 79
36 78
36 77
36 76
37 75
37 74
37 73
37 72
37 71
38 70
38 69
38 68
38 67
39 66
39 65
39 64
39 63
39 62
40 61
40 60
40 59
40 58
41 57
41 56
41 55
41 54
42 53
42 52
42 51
42 50
42 49
43 48
43 47
43 46
43 45
44 44
44 43
44 42
44 41
44 40
45 39
45 38
45 37
45 36
46 35
46 34
46 33
46 32
47 31
47 30
47 29
47 28
47 27
48 26
48 25
48 24
48 23
49 22
49 21
49 20
49 20
49 21
49 21
48 21
48 21
48 21
48 22
48 22
49 23
49 23
49 24
49 24
50 25
50 26
50 26
50 27
50 28
50 28
51 29
51 30
51 30
51 31
51 32
51 33
51 33
51 34
51 35
51 35
52 36
52 37
52 37
52 38
52 38
53 39
53 39
53 39
54 39
54 39
54 39
54 38
54 38
53 37
53 37
53 36
53 36
53 35
53 34
53 34
53 33
53 32
53 32
53 31
53 30
53 30
54 29
54 29
54 28
54 27
54 27
55 26
55 26
56 25
57 24
57 24
58 23
58 22
58 22
59 21
60 21
60 21
61 20
62 20
62 20
63 19
63 19
64 18
65 18
65 18
66 18
66 18
67 18
67 18
68 19
68 19
68 20
68 20
69 21
69 21
68 22
68 23
68 23
68 24
68 25
68 25
67 26
67 27
67 27
67 28
66 29
66 30
66 30
66 31
65 32
65 33
65 33
64 34
64 35
63 36
63 36
62 37
62 38
61 39
61 40
61 40
60 41
60 42
59 43
59 43
58 44
58 45
57 46
57 46
56 47
56 47
56 48
56 48
56 48
56 48
56 48
57 47
57 47
58 46
58 46
59 45
60 45
60 45
61 44
61 44
62 43
63 42
63 42
64 41
65 41
65 41
66 40
66 39
66 39
67 38
67 38
68 37
68 37
69 36
69 35
69 35
69 35
69 34
69 34
68 33
68 32
67 31
66 30
66 29
65 28
64 27
63 26
63 25
62 24
61 23
61 22
60 21
60 21
59 20
59 19
58 18
58 17
58 17
57 16
57 15
57 15
57 14
56 13
56 12
56 12
56 11
56 11
56 10
56 9
56 9
56 8
56 8
56 7
56 7
56 7
56 7
57 7
57 7
57 8
57 8
57 9
57 10
57 10
57 11
58 12
58 13
58 13
58 14
58 15
58 16
58 17
58 17
58 18
58 19
58 20
58 21
58 21
58 22
58 23
58 24
58 25
58 26
58 26
58 27
58 28
59 29
59 30
59 31
59 31
59 32
59 33
59 34
59 35
59 36
59 36
59 37
59 38
59 39
59 40
59 41
59 41
59 42
59 43
60 44
60 45
60 46
60 47
60 47
60 48
60 49
60 50
60 51
60 52
60 52
60 53
60 54
61 55
61 56
61 57
61 57
61 58
61 59
61 60
61 61
61 62
61 62
61 63
61 64
62 65
62 66
62 67
62 67
62 68
62 69
62 70
62 70
62 71
62 72
62 73
62 73
62 74
62 75
62 75
62 76
62 77
62 77
62 78
62 78
62 77
63 76
63 75
63 74
63 73
64 72
64 71
64 70
64 69
65 68
65 67
65 66
66 65
66 64
66 63
66 62
67 61
67 60
67 59
67 58
68 57
68 56
68 55
69 54
69 53
69 52
69 51
70 50
70 49
70 48
70 47
71 46
71 45
71 44
72 43
72 42
72 41
72 40
73 39
73 38
73 37
73 36
74 35
74 34
74 33
74 32
75 31
75 30
75 29
76 28
76 27
76 26
76 25
77 24
77 23
77 22
77 21
78 20
78 19
78 18
79 17
79 16
79 15
79 14
80 13
80 12
80 11
80 10
81 9
81 8
81 8
81 8
81 8
81 8
82 9
82 9
83 10
83 10
83 11
83 11
83 12
83 12
84 13
84 14
84 14
84 15
84 15
84 15
85 15
85 15
85 14
85 14
86 13
87 12
87 12
88 11
88 10
88 10
89 9
89 8
89 8
90 7
91 6
91 6
91 5
92 4
92 3
92 3
92 2
92 1
92 1
93 1
93 1
93 0
93 0
93 1
93 1
92 1
92 1
92 2
92 3
92 3
91 4
90 5
90 5
89 6
89 7
89 7
89 8
88 9
88 10
88 10
87 11
87 12
86 13
86 13
85 14
85 15
85 15
84 16
83 17
83 17
82 18
82 19
82 19
82 20
82 20
81 21
81 21
81 21
81 21
81 21
81 21
82 20
82 20
83 19
83 19
84 18
85 18
85 18
86 17
86 17
87 16
88 15
88 15
89 14
90 13
90 13
91 12
91 12
92 11
93 11
93 11
94 10
94 10
95 9
95 9
95 9
95 8
95 8
95 8
95 9
95 9
95 9
94 10
94 10
94 11
94 11
93 11
93 11
92 12
92 12
92 12
91 13
91 13
90 14
90 14
90 15
90 15
89 16
89 17
89 17
89 18
89 19
89 19
88 20
88 21
88 21
88 22
87 23
87 24
87 24
87 25
86 26
86 27
86 27
86 28
85 29
85 30
85 30
85 31
84 32
84 33
84 33
84 34
83 35
83 36
83 36
83 37
83 38
83 39
83 39
83 40
82 41
82 42
82 42
82 43
82 44
82 44
82 45
82 46
82 46
82 47
82 47
82 47
82 47
82 47
82 47
82 47
82 47
82 47
82 47
83 47
83 47
83 46
83 46
83 45
83 45
84 44
84 44
85 43
85 42
85 42
85 41
85 41
86 40
86 40
86 39
86 39
87 39
87 39
88 38
88 38
89 38
89 38
89 38
90 38
90 38
91 37
92 37
92 37
93 36
93 36
94 35
95 34
95 34
96 33
96 32
96 32
97 31
97 30
97 30
98 29
98 29
99 28
99 28
100 27
100 27
100 27
100 28
100 28
99 28
99 28
99 28
98 29
98 29
97 30
97 30
96 30
96 30
96 30
95 31
95 31
94 31
94 31
93 32
92 32
92 32
91 32
91 32
90 33
90 33
90 33
89 34
89 34
89 34
89 34
89 34
90 33
90 33
91 32
91 32
92 31
92 31
93 30
94 30
94 30
95 30
95 30
96 29
96 29
96 29
97 30
97 30
97 31
97 31
96 32
96 32
95 33
95 34
95 34
95 35
94 36
94 37
94 37
94 38
93 39
93 40
93 40
92 41
91 42
91 42
91 43
90 44
90 45
90 45
89 46
89 47
89 47
88 48
88 48
88 49
88 49
88 49
88 49
89 48
89 48
90 47
90 47
91 46
91 46
92 45
92 45
93 44
93 44
93 44
93 44
93 44
93 45
93 45
92 46
92 46
91 47
91 48
91 48
90 49
90 49
90 50
89 51
89 52
89 52
88 53
87 54
87 54
86 55
86 55
85 56
85 57
85 57
84 58
84 58
84 58
84 58
84 58
85 58
85 58
86 57
86 57
87 56
88 56
88 56
89 55
89 54
89 54
90 53
91 53
91 53
92 52
93 51
93 51
94 50
95 50
95 50
96 49
96 48
96 48
97 48
97 48
98 47
98 47
99 47
99 47
99 47
99 47
98 47
98 47
97 47
97 47
96 47
96 47
95 47
95 47
94 47
94 47
93 47
92 47
92 47
91 46
91 46
90 45
89 45
89 45
88 44
88 44
88 43
88 42
88 42
88 41
88 40
88 39
88 39
88 38
88 37
88 36
88 36
88 35
89 34
89 33
89 32
89 32
89 31
90 30
90 29
90 28
90 28
90 27
90 26
90 25
90 24
90 24
90 23
91 22
91 21
91 21
91 20
91 19
91 18
91 18
92 17
92 16
92 16
92 15
92 15
92 14
92 14
92 13
92 13
92 13
92 13
92 14
92 14
92 14
92 15
92 15
92 16
92 17
92 17
93 18
93 19
93 19
93 20
93 21
93 22
93 22
93 23
93 24
93 25
93 26
93 26
93 27
93 28
93 29
93 29
93 30
93 31
93 32
93 33
93 33
93 34
93 35
93 36
93 37
93 37
93 38
93 39
93 40
93 41
93 41
93 42
93 43
93 44
93 45
93 46
93 46
93 47
93 48
93 49
93 50
93 50
93 51
93 52
93 53
93 54
93 55
93 55
93 56
94 57
94 58
94 59
94 59
94 60
94 61
94 62
94 63
94 63
94 64
94 65
94 66
94 67
94 67
94 68
94 69
94 70
94 71
94 71
94 72
94 73
94 74
94 74
94 75
94 76
94 77
94 78
94 78
94 79
94 80
94 81
94 81
94 82
94 83
94 84
94 85
94 85
94 86
94 87
94 88
94 88
94 89
94 90
94 90
94 91
94 92
94 92
94 93
94 94
94 94
93 95
93 96
93 96
93 97
93 97
93 98
93 98
93 99
93 100
93 100
