8 0
9 1
9 2
9 2
9 3
9 3
9 4
9 4
9 5
9 5
10 6
10 6
10 7
10 7
11 8
11 8
12 8
12 8
12 8
13 9
13 9
13 9
13 9
13 9
12 9
12 9
11 9
10 10
9 10
8 11
7 11
6 12
5 12
4 13
3 13
3 13
2 14
2 15
2 15
2 15
2 16
2 16
2 16
3 16
4 16
4 16
5 16
6 16
6 16
7 15
8 15
8 15
9 15
10 14
11 14
11 14
12 13
13 13
13 13
14 13
15 12
16 12
16 12
17 12
17 12
18 12
18 12
18 12
17 12
17 12
16 12
15 12
14 13
13 13
12 13
11 13
10 14
9 14
8 14
8 14
8 15
8 16
8 17
8 18
8 18
8 19
8 19
7 20
7 20
7 21
7 22
7 22
7 23
7 24
7 24
7 25
7 26
7 26
7 27
7 27
7 28
7 28
7 28
7 29
7 29
8 28
8 28
9 27
9 27
10 26
10 25
10 25
10 24
11 23
11 22
11 22
12 21
13 20
13 20
14 19
14 18
14 18
15 18
15 18
15 18
15 18
15 19
15 19
14 20
14 21
14 21
14 22
13 23
13 24
13 24
12 25
12 26
11 27
11 27
10 28
10 29
9 30
9 30
8 31
7 32
7 33
6 34
6 34
5 35
5 36
4 37
4 37
3 38
3 39
2 40
2 40
1 41
0 42
0 42
0 43
0 43
0 43
0 43
0 42
0 42
1 41
1 41
2 40
2 39
3 38
3 38
4 37
5 37
6 36
6 36
7 35
7 34
8 33
8 33
9 32
10 31
11 30
11 30
12 29
13 29
14 28
15 28
15 28
16 27
16 27
17 27
17 27
17 27
16 27
16 27
15 28
15 28
14 29
14 29
13 30
13 31
13 31
12 32
12 32
12 33
12 34
12 35
12 35
11 36
11 37
11 37
11 38
10 39
10 40
10 41
10 41
10 42
9 43
9 44
9 45
9 45
9 46
9 47
9 48
9 49
9 50
9 50
9 51
9 52
9 53
9 54
9 54
9 55
8 56
8 57
8 58
8 58
8 59
8 60
8 61
8 62
8 62
8 63
8 64
8 65
8 65
8 66
8 67
8 68
8 68
8 69
8 70
8 70
8 71
8 72
8 73
8 73
8 74
8 74
8 75
8 75
8 76
8 76
8 77
8 77
8 77
8 77
8 76
8 76
8 75
8 75
8 74
8 73
8 73
8 72
8 71
8 71
8 70
7 69
7 68
7 68
7 67
7 66
7 66
7 65
7 64
7 63
7 62
7 62
7 61
8 60
8 59
8 59
8 58
8 57
8 56
8 55
8 55
8 54
9 53
9 52
9 52
10 51
10 50
11 49
11 48
11 48
11 47
12 46
12 45
12 44
12 44
13 43
14 42
14 42
14 41
15 40
15 39
15 39
16 39
16 39
16 39
16 39
16 40
16 40
16 41
16 41
16 42
16 43
16 43
16 44
16 45
16 45
16 46
16 47
16 48
16 48
16 49
16 50
16 50
16 51
17 52
17 53
17 53
17 54
17 55
17 56
17 56
17 57
17 58
17 58
17 59
17 60
17 61
17 61
18 62
18 63
18 63
18 64
18 65
18 66
18 66
18 67
18 68
18 68
18 69
18 69
18 70
18 71
18 71
18 72
18 72
18 73
18 73
18 73
18 73
18 73
17 73
17 73
17 73
17 73
17 73
16 72
16 72
15 71
15 71
14 70
14 70
14 69
14 68
14 68
14 67
13 66
13 65
13 65
13 64
12 63
12 62
12 61
12 61
12 60
12 59
12 58
12 57
12 57
12 56
12 55
12 54
12 53
12 53
12 52
13 51
13 50
13 50
14 49
14 48
15 47
15 47
16 46
16 46
17 45
17 45
18 46
18 46
18 47
18 48
18 48
18 49
17 50
17 51
17 51
16 52
16 53
15 54
15 54
15 55
14 56
14 57
14 58
14 58
13 59
13 60
12 61
12 61
11 62
11 63
10 64
10 64
9 65
9 66
9 66
9 66
9 66
10 65
10 65
10 64
10 64
11 63
11 62
12 61
12 60
12 60
13 59
14 58
14 57
15 56
15 56
16 55
17 54
17 53
18 52
19 51
19 51
20 50
20 49
21 48
22 47
22 46
23 45
23 45
24 44
25 43
25 42
26 41
27 40
27 40
28 39
29 38
30 37
30 37
31 36
31 35
32 34
32 34
32 33
32 32
32 32
32 31
32 30
32 30
31 29
30 29
30 29
29 29
28 28
27 28
27 28
26 28
25 27
24 27
24 27
23 27
23 27
23 26
23 26
23 26
24 26
24 26
24 26
25 27
25 27
25 28
25 29
25 29
25 30
25 31
25 32
25 32
25 33
25 34
24 35
24 36
24 37
24 37
24 38
24 39
24 40
24 41
24 42
24 42
24 43
24 44
23 45
23 46
23 47
23 47
23 48
23 49
23 50
23 51
23 52
23 53
23 53
23 54
23 55
23 56
23 56
23 57
24 58
24 59
24 59
24 60
25 61
25 62
25 62
26 63
26 64
26 64
27 65
27 65
28 66
28 66
29 67
29 67
30 68
30 68
30 68
31 67
31 67
32 66
32 66
33 65
33 65
34 64
34 63
34 63
34 62
34 61
34 60
34 60
34 59
35 58
35 57
35 56
35 56
35 55
35 54
35 53
35 52
35 52
35 51
35 50
35 49
35 48
35 47
35 47
35 46
35 45
35 44
35 43
35 42
35 41
35 40
35 40
35 39
35 38
35 37
35 36
35 35
35 35
35 34
35 33
35 32
35 31
35 31
35 30
35 29
35 29
34 28
34 28
33 28
33 28
32 28
32 28
31 29
30 30
30 30
29 31
29 32
29 32
28 33
28 34
28 34
28 35
28 35
28 36
28 36
28 37
28 37
29 38
29 38
30 39
30 39
30 39
31 40
31 41
31 41
30 42
30 43
30 43
30 44
29 45
29 46
29 46
29 47
29 48
29 48
29 49
28 50
28 51
28 51
28 52
28 53
28 53
28 54
28 55
28 55
29 56
29 56
30 57
31 57
31 57
32 58
33 58
33 58
34 59
34 59
35 60
35 60
35 61
35 62
35 63
35 63
34 64
34 65
34 65
34 66
33 67
33 68
33 68
33 69
32 70
32 71
32 71
31 72
30 73
30 73
30 74
29 75
29 76
29 76
28 77
28 78
28 78
28 79
27 80
27 81
27 81
27 82
27 83
27 83
27 84
27 85
27 85
27 84
28 83
28 82
29 81
29 80
30 79
30 78
31 77
31 76
32 75
32 74
32 73
33 72
33 71
34 70
34 69
35 68
35 67
36 66
36 65
36 64
37 63
37 62
38 61
38 60
39 59
39 58
40 57
40 56
41 55
41 54
41 53
42 52
42 51
43 50
43 49
44 48
44 47
45 46
45 45
45 44
46 43
46 42
47 41
47 40
48 39
48 38
49 37
49 36
50 35
50 34
50 34
50 34
50 34
50 34
50 34
50 33
50 33
50 33
50 33
51 34
51 34
51 35
51 35
52 36
52 36
52 37
53 38
53 39
53 39
54 40
54 40
54 41
54 42
54 42
55 43
55 44
55 44
56 45
56 46
56 46
56 47
56 47
57 47
57 47
57 48
57 48
57 48
57 48
57 48
57 48
57 47
57 47
57 47
56 46
56 46
55 45
55 45
54 44
54 44
54 43
54 43
54 42
54 41
54 41
54 40
54 40
54 39
54 38
54 38
55 37
56 36
56 36
57 35
58 34
58 34
59 33
60 33
61 32
61 32
62 31
63 31
64 30
64 30
65 30
66 29
67 29
67 29
68 29
69 29
69 29
69 30
69 30
69 31
68 32
68 33
68 33
67 34
67 35
66 36
66 36
65 37
65 38
64 39
64 39
63 40
62 41
61 42
61 42
61 43
60 44
60 45
60 45
59 46
59 47
59 47
58 48
58 48
58 48
59 48
59 48
60 47
60 47
61 46
61 46
62 45
63 45
63 45
64 44
65 43
65 43
66 42
66 42
67 42
67 42
67 42
67 42
67 42
67 42
66 42
66 42
66 42
66 41
65 40
65 39
65 38
65 37
64 36
64 35
64 34
64 33
63 32
63 31
63 30
63 29
62 28
62 27
62 27
62 26
62 25
62 24
62 24
62 23
62 23
62 22
62 22
62 21
62 21
62 20
62 20
62 20
62 20
62 20
62 20
62 21
62 21
62 22
62 23
62 23
62 24
62 25
62 25
62 26
62 27
62 28
62 29
62 29
62 30
61 31
61 32
61 33
61 33
61 34
61 35
61 36
61 37
61 37
61 38
61 39
61 40
61 41
61 42
61 42
61 43
61 44
61 45
61 46
61 47
61 47
61 48
61 49
61 50
61 51
61 52
61 52
61 53
62 54
62 55
62 56
62 56
62 57
62 58
62 59
62 60
62 60
62 61
62 62
62 63
62 64
62 64
62 65
62 66
62 67
62 67
62 68
63 69
63 70
63 70
63 71
63 72
63 73
63 73
63 74
63 74
63 75
63 75
63 76
63 76
63 76
63 76
63 76
63 75
64 74
64 73
64 72
65 71
65 70
65 69
66 68
66 67
66 66
67 65
67 64
67 63
68 62
68 61
68 60
69 59
69 58
69 57
69 56
70 55
70 54
70 53
71 52
71 51
71 50
72 49
72 48
72 47
73 46
73 45
73 44
74 43
74 42
74 41
75 40
75 39
75 38
76 37
76 36
76 35
77 34
77 33
77 32
78 31
78 30
78 29
79 28
79 27
79 26
80 25
80 24
80 23
80 22
81 21
81 20
81 19
82 18
82 17
82 16
83 15
83 14
83 13
84 12
84 11
84 10
85 9
85 8
85 8
85 8
85 8
85 8
85 9
85 9
86 10
86 10
86 11
86 11
86 12
86 12
86 13
86 13
86 14
86 14
86 15
86 15
86 15
86 15
87 14
87 14
88 13
88 13
89 12
89 11
89 11
90 10
91 9
91 9
92 8
92 7
92 7
93 7
94 7
94 7
95 7
95 7
95 6
95 5
95 5
95 5
94 6
94 7
94 7
93 8
92 9
92 9
91 10
90 11
89 12
89 12
88 13
88 14
87 15
87 15
86 16
85 17
85 17
84 18
84 18
84 19
84 19
84 20
84 20
84 19
84 19
85 19
85 19
86 18
86 18
87 17
88 16
88 16
89 15
90 15
90 15
91 14
91 14
92 13
92 13
92 14
92 14
91 15
91 15
90 16
90 16
89 17
89 18
89 18
89 19
88 20
88 21
88 21
88 22
87 23
87 24
87 25
87 25
87 26
86 27
86 28
86 28
86 29
86 30
86 31
86 32
86 32
86 33
86 34
86 34
86 35
86 36
86 36
86 37
86 38
86 38
87 39
87 39
87 40
87 40
87 41
87 41
87 42
87 42
87 42
87 42
87 42
86 42
86 42
86 42
85 42
85 42
85 42
84 42
84 42
84 42
84 42
83 42
83 42
83 41
83 41
83 41
82 40
82 40
82 39
82 39
83 38
83 38
84 37
84 36
84 36
85 35
85 34
85 34
86 33
86 32
87 31
87 31
88 30
89 29
90 28
90 28
91 27
92 26
92 26
93 25
94 25
95 24
95 24
96 24
96 24
97 24
97 24
96 25
96 26
96 26
95 27
95 27
95 28
94 29
94 30
94 30
93 31
93 32
93 32
92 33
92 33
92 34
92 34
92 34
92 34
93 34
93 34
94 34
94 34
95 33
95 33
96 33
96 33
96 33
96 34
96 34
96 35
96 35
95 36
94 36
94 36
93 37
93 38
93 38
92 39
92 39
91 40
91 41
91 41
90 42
89 43
88 44
87 45
86 45
85 46
84 47
83 48
82 49
81 50
80 51
79 52
78 52
77 53
76 54
75 55
75 55
75 56
75 56
76 56
76 56
77 55
77 55
78 54
78 54
79 53
80 53
81 52
81 52
82 51
83 50
84 49
84 49
85 48
86 48
87 47
88 47
88 47
89 46
90 45
91 44
92 43
92 43
93 42
94 42
95 41
96 41
96 41
97 40
98 40
98 40
98 41
98 41
97 42
97 43
97 43
96 44
96 45
95 46
95 46
94 47
93 48
92 49
92 49
91 50
90 51
90 52
89 53
89 53
88 54
88 55
87 56
87 57
87 57
86 58
85 59
85 59
85 60
85 61
85 61
85 61
86 61
86 61
87 60
87 60
88 59
88 58
88 58
89 57
90 57
91 56
91 56
92 55
93 55
94 54
94 54
95 53
96 52
96 52
97 51
98 50
98 50
99 50
99 50
100 50
100 50
99 50
99 50
99 50
99 50
98 50
98 50
97 50
97 50
97 49
97 49
96 48
96 48
95 47
95 47
95 46
95 46
95 45
95 44
94 43
94 42
94 41
94 40
93 39
93 38
93 37
93 36
92 35
92 34
92 33
92 33
92 32
92 31
92 31
91 30
91 30
91 29
91 29
91 28
91 28
91 28
91 28
91 27
91 27
91 27
91 27
91 28
91 28
91 29
91 29
91 30
91 31
91 31
91 32
91 33
91 33
91 34
91 35
91 35
91 36
92 37
92 38
92 38
92 39
92 40
92 41
92 41
92 42
92 43
92 44
92 45
92 45
92 46
92 47
92 48
92 49
92 49
92 50
92 51
92 52
92 53
92 54
92 54
92 55
92 56
92 57
92 58
92 59
92 59
92 60
92 61
92 62
92 63
92 64
92 65
92 65
92 66
92 67
92 68
92 69
92 70
92 70
92 71
92 72
92 73
92 74
92 75
92 76
92 76
92 77
92 78
92 79
92 80
92 81
92 81
92 82
92 83
92 84
92 85
92 86
92 86
92 87
92 88
92 89
92 90
92 91
92 91
92 92
92 93
92 94
92 94
92 95
93 96
93 97
93 98
93 98
93 99
93 100
