9 3
9 2
9 2
9 2
9 2
10 3
10 3
10 4
10 4
11 5
11 5
11 6
11 6
12 7
12 8
12 8
12 9
12 10
12 10
13 11
13 11
13 12
13 12
13 13
13 13
13 14
13 14
13 15
13 15
12 15
12 15
11 16
11 16
10 16
10 16
9 17
8 17
8 17
7 18
7 18
6 18
5 18
5 18
4 19
4 19
3 20
3 20
3 20
3 20
3 20
4 19
4 19
5 18
6 17
6 17
7 16
8 15
8 15
9 14
10 14
10 14
11 13
12 12
12 12
13 11
13 11
14 11
14 11
14 11
14 12
14 12
13 13
12 14
11 14
10 15
9 16
9 16
8 17
7 18
7 18
7 18
6 19
6 20
6 20
6 21
6 22
6 22
5 23
5 23
5 24
5 25
5 25
5 26
5 27
5 27
6 28
6 28
6 29
6 29
7 29
7 29
8 29
8 29
8 29
9 28
10 27
10 27
11 26
11 25
11 25
12 24
12 23
12 23
13 22
14 21
14 21
14 20
15 19
15 18
15 18
15 17
15 17
15 17
15 18
15 18
15 19
15 19
14 20
14 21
14 21
13 22
12 23
12 23
11 24
11 25
10 26
10 26
10 27
9 28
9 29
9 29
8 30
8 31
7 32
7 32
6 33
6 34
5 35
5 35
4 36
4 37
3 38
3 39
3 39
2 40
2 41
1 42
1 42
1 43
0 44
0 45
0 45
0 46
0 46
0 46
0 46
1 45
1 45
2 44
2 44
3 43
4 42
4 42
5 41
5 40
6 39
6 39
7 38
7 37
8 36
8 36
9 35
9 34
9 34
10 33
11 32
11 32
12 31
12 30
12 30
13 29
14 29
14 29
14 28
14 28
14 27
14 27
14 27
14 27
13 28
13 28
12 28
12 28
11 29
11 30
11 30
11 31
11 32
11 32
10 33
10 34
10 34
10 35
10 36
10 36
10 37
10 38
10 39
10 40
10 40
10 41
9 42
9 43
9 43
9 44
9 45
9 46
9 47
9 47
9 48
9 49
9 50
9 51
9 51
9 52
9 53
9 54
9 55
9 56
9 56
9 57
8 58
8 59
8 60
8 60
8 61
8 62
8 63
8 63
8 64
8 65
8 66
8 66
8 67
8 68
8 68
8 69
8 69
8 69
8 69
8 68
8 68
8 67
8 67
8 66
8 65
8 64
8 64
8 63
8 62
8 61
8 61
8 60
9 59
9 58
9 58
9 57
9 56
9 55
9 54
9 54
9 53
9 52
9 51
9 50
9 50
9 49
10 48
10 47
10 47
10 46
11 45
11 44
11 43
11 43
11 42
11 41
11 41
12 40
12 39
12 39
13 38
13 37
13 37
14 36
14 36
15 35
15 34
15 34
16 33
16 33
16 33
17 32
17 32
17 33
17 33
18 33
18 33
18 34
18 34
18 35
18 36
18 36
18 37
18 38
18 39
18 39
18 40
19 41
19 42
19 42
19 43
19 44
19 45
19 45
19 46
19 47
19 48
19 48
19 49
19 50
19 51
19 51
19 52
20 53
20 54
20 54
20 55
20 56
20 57
20 58
20 58
20 59
20 60
20 61
20 61
20 62
20 63
20 64
20 65
20 65
20 66
21 67
21 68
21 68
21 69
21 70
21 70
21 71
22 72
22 73
22 73
22 74
22 75
22 75
23 76
23 77
23 77
23 78
23 78
23 78
23 79
23 79
22 79
22 79
22 79
21 78
21 78
21 77
21 77
20 76
20 76
19 75
19 74
19 74
19 73
19 72
19 72
19 71
18 70
18 69
18 69
18 68
17 67
17 66
17 66
17 65
16 64
16 63
16 63
15 62
15 61
15 61
14 60
14 59
14 59
13 58
13 57
13 57
12 56
12 56
11 56
11 56
11 55
11 55
11 55
11 54
11 54
12 54
12 54
12 53
12 53
13 52
13 52
14 51
14 51
15 50
15 50
15 50
16 50
16 50
16 51
16 51
16 52
16 53
16 53
15 54
15 55
15 55
15 56
15 57
15 57
14 58
14 59
14 59
13 60
13 61
13 61
13 62
13 62
12 63
12 63
12 63
12 63
12 63
13 63
13 63
14 62
14 62
15 61
15 61
16 60
16 60
17 59
17 59
17 59
17 60
17 60
17 61
17 61
17 62
17 63
17 63
16 64
16 65
16 65
16 66
15 67
15 68
15 68
15 69
14 70
14 71
14 71
13 72
13 73
13 73
12 74
12 75
12 75
11 76
11 77
11 77
11 78
11 78
11 78
11 78
12 77
12 77
12 76
12 75
12 75
13 74
13 74
13 73
14 72
14 71
14 71
15 70
15 69
15 69
15 68
15 67
15 67
16 66
16 65
16 65
17 64
17 63
17 63
17 62
18 61
18 60
18 60
18 59
19 58
19 57
19 57
19 56
20 55
20 54
20 54
20 53
20 52
20 51
20 50
20 50
20 49
21 48
21 47
21 46
21 46
21 45
21 44
21 43
21 42
21 42
21 41
21 40
22 39
22 38
22 37
22 37
22 36
22 35
22 34
22 33
22 33
22 32
22 31
22 30
22 30
22 29
22 28
22 27
22 27
22 26
22 25
22 25
22 24
22 24
22 24
22 25
22 25
22 25
22 26
22 27
22 27
22 28
22 29
22 29
22 30
22 31
22 31
22 32
22 33
22 33
22 34
22 35
22 36
22 36
22 37
22 38
22 39
22 39
22 40
22 41
22 42
22 43
22 43
22 44
22 45
22 46
22 47
22 47
22 48
22 49
22 50
22 51
22 51
22 52
22 53
22 54
22 54
22 55
22 56
22 57
22 57
22 58
22 59
22 59
22 60
22 61
22 61
23 62
23 63
23 63
23 64
23 65
23 65
24 66
24 66
25 67
25 67
26 68
26 68
27 68
27 68
28 68
28 68
29 68
30 68
30 68
31 67
31 67
32 66
33 66
33 66
34 65
34 64
34 64
35 63
36 63
36 63
37 62
38 61
38 61
39 60
39 59
39 59
40 58
40 57
40 57
41 56
41 55
41 55
41 54
41 53
41 53
42 52
42 51
42 51
42 50
42 49
42 49
42 48
42 47
42 46
42 46
42 45
42 44
42 43
42 42
42 42
42 41
42 40
42 39
42 39
42 38
42 37
42 36
42 36
41 35
41 34
41 34
40 33
40 32
40 32
40 31
40 31
39 30
39 29
39 29
38 28
38 28
37 27
37 26
37 26
36 25
36 25
35 24
35 23
35 23
35 22
35 22
34 21
34 20
34 20
34 20
33 19
33 19
33 19
33 19
33 19
33 19
33 19
33 20
33 20
33 21
33 21
33 22
33 23
33 23
33 24
32 25
32 26
32 26
32 27
32 28
32 29
32 29
32 30
31 31
31 32
31 33
31 33
31 34
30 35
30 36
30 37
30 37
30 38
29 39
29 40
29 40
28 41
28 42
28 42
28 43
28 44
28 44
28 45
28 45
29 45
29 45
30 46
30 46
31 46
31 46
32 45
32 45
33 45
33 45
34 45
34 45
35 45
35 45
36 46
36 46
36 47
36 48
36 48
36 49
36 50
36 50
36 51
36 52
36 52
36 53
36 54
36 55
36 55
36 56
35 57
35 58
35 58
35 59
35 60
35 60
35 61
34 62
34 63
34 63
34 64
34 65
34 65
33 66
33 67
33 67
34 68
34 68
34 69
34 69
35 70
35 70
36 71
36 71
37 72
37 72
38 72
38 72
39 73
39 74
39 74
40 75
40 76
40 76
40 77
40 78
40 79
40 79
40 80
40 81
40 82
40 83
40 83
40 84
40 85
40 85
40 86
39 87
39 88
39 88
39 89
39 90
39 90
38 91
38 92
38 92
37 93
37 93
37 94
37 94
37 94
37 93
37 93
37 92
37 91
37 90
37 90
37 89
37 88
37 87
38 86
38 85
38 84
38 83
38 82
38 81
39 80
39 79
39 78
39 77
39 76
39 75
39 74
40 73
40 72
40 71
40 70
40 69
40 68
40 67
41 66
41 65
41 64
41 63
41 62
41 61
42 60
42 59
42 58
42 57
42 56
42 55
42 54
43 53
43 52
43 51
43 50
43 49
43 48
43 47
44 46
44 45
44 44
44 43
44 42
44 41
45 40
45 39
45 38
45 37
45 36
45 35
45 34
46 33
46 32
46 31
46 30
46 30
45 30
45 30
45 29
45 29
45 28
45 28
45 28
45 28
45 28
46 28
46 28
46 29
46 29
47 30
47 31
47 31
48 32
48 33
48 33
49 34
49 34
49 35
49 36
49 37
49 37
50 38
50 39
50 39
51 40
51 41
51 41
51 42
51 42
52 43
52 44
52 44
53 45
53 45
53 45
53 45
53 45
53 45
53 45
53 44
53 43
53 43
52 42
52 42
52 41
52 41
52 40
52 39
52 39
52 38
52 38
53 37
53 36
53 36
53 35
53 35
54 34
54 33
54 33
55 32
56 32
56 32
56 31
57 30
57 29
57 29
58 28
59 28
60 27
60 27
61 26
62 25
62 25
63 24
63 24
64 23
65 23
65 23
66 23
66 23
67 23
67 23
68 24
68 24
68 25
68 25
68 26
68 27
68 27
68 28
67 29
67 30
67 30
67 31
66 32
66 33
66 33
66 34
65 35
65 36
65 36
64 37
64 38
63 39
63 39
63 40
62 41
62 42
62 43
62 43
61 44
61 45
60 46
60 46
59 47
59 48
58 49
58 49
57 50
57 51
57 51
56 52
56 53
56 53
56 53
56 54
56 54
56 54
57 54
57 54
57 53
57 53
58 52
59 52
59 52
60 51
60 50
60 50
61 49
62 48
62 48
63 47
63 46
63 46
64 45
65 44
65 44
66 43
67 42
67 42
68 41
68 40
68 40
69 39
69 38
69 38
70 37
70 37
70 36
70 35
70 35
70 34
70 33
70 33
69 32
69 31
69 31
68 30
68 29
68 29
67 28
67 27
67 27
66 26
65 25
65 25
64 24
64 23
64 23
63 22
63 21
62 20
62 20
61 19
61 18
61 18
60 17
60 16
60 16
59 15
59 15
58 14
58 13
58 13
58 13
57 12
57 12
57 12
57 13
57 13
57 14
57 15
57 15
57 16
57 17
57 17
57 18
58 19
58 20
58 21
58 21
58 22
58 23
58 24
58 25
58 25
58 26
58 27
58 28
58 29
58 30
58 30
58 31
58 32
58 33
58 34
58 35
58 36
58 36
58 37
58 38
59 39
59 40
59 41
59 42
59 42
59 43
59 44
59 45
59 46
59 47
59 47
59 48
59 49
60 50
60 51
60 52
60 52
60 53
60 54
60 55
60 56
60 57
60 57
60 58
60 59
60 60
60 61
60 62
60 62
60 63
60 64
60 65
60 66
60 67
60 67
60 68
60 69
60 70
60 71
60 71
60 72
60 73
61 74
61 75
61 76
61 76
61 77
61 78
61 79
61 79
61 80
61 81
61 82
61 82
61 83
61 84
61 84
61 85
61 85
61 86
61 86
61 85
61 84
62 83
62 82
62 81
62 80
63 79
63 78
63 77
63 76
64 75
64 74
64 73
64 72
65 71
65 70
65 69
65 68
66 67
66 66
66 65
66 64
67 63
67 62
67 61
67 60
68 59
68 58
68 57
68 56
69 55
69 54
69 53
69 52
70 51
70 50
70 49
70 48
71 47
71 46
71 45
71 44
72 43
72 42
72 41
72 40
73 39
73 38
73 37
73 36
74 35
74 34
74 33
74 32
75 31
75 30
75 29
75 28
76 27
76 26
76 25
76 24
77 23
77 22
77 21
77 20
78 19
78 18
78 17
78 17
78 17
78 16
78 16
78 16
78 15
78 15
79 14
79 14
80 13
81 13
81 13
82 12
82 11
82 11
83 10
84 10
84 10
85 9
86 8
86 8
87 7
88 7
88 7
89 6
89 6
90 5
90 4
90 4
91 3
91 3
91 2
91 2
91 2
91 1
91 1
90 1
90 1
89 1
88 2
87 2
86 2
85 3
84 3
84 3
83 3
82 4
81 4
81 4
81 4
80 5
80 5
80 6
80 6
80 7
80 7
80 8
80 8
81 9
81 10
81 10
81 11
81 12
81 12
81 13
82 14
82 15
82 15
82 16
82 17
82 17
82 18
82 19
82 19
83 20
83 20
83 21
83 21
83 22
83 22
84 22
84 22
84 21
84 21
85 20
85 20
85 19
85 18
85 17
85 17
86 16
86 15
87 14
87 14
87 13
88 12
88 11
88 11
88 10
89 9
89 8
89 7
89 7
89 6
90 5
90 4
90 4
90 3
90 2
90 2
91 1
91 1
91 0
91 0
91 0
91 1
91 1
91 2
91 2
90 3
90 3
89 4
89 5
89 5
88 6
88 7
87 8
87 8
87 9
86 10
86 11
86 11
86 12
85 13
85 14
85 14
85 15
84 16
84 17
84 18
84 18
84 19
83 20
83 21
83 21
83 22
82 23
82 24
82 24
81 25
81 26
81 26
81 27
80 28
80 29
80 29
80 30
79 31
79 32
79 32
79 33
78 34
78 35
78 35
77 36
77 37
77 37
76 38
76 39
76 39
76 40
76 41
76 41
76 42
76 42
76 42
76 41
76 41
77 40
77 40
77 39
78 38
78 37
78 37
79 36
80 35
80 35
81 34
81 33
82 32
82 32
83 31
83 30
84 29
84 29
85 28
85 27
85 27
86 26
87 26
87 26
88 25
88 24
88 24
89 23
90 22
90 22
91 21
91 20
91 20
92 19
92 18
92 18
93 17
93 17
94 16
94 16
95 15
95 15
95 14
95 14
95 14
95 14
95 15
95 15
94 16
94 16
93 17
93 17
93 18
93 19
93 19
92 20
92 20
91 21
91 22
91 22
91 23
90 24
90 25
90 25
90 26
89 27
89 28
89 28
88 29
88 30
87 31
87 31
87 32
86 33
86 34
86 35
86 35
85 36
85 37
85 37
85 38
85 39
85 39
85 40
85 40
85 41
85 41
85 40
85 40
85 40
86 39
86 39
87 38
87 37
87 37
88 36
89 35
89 35
90 34
90 33
90 33
91 32
91 32
92 31
92 30
92 30
93 30
93 30
93 29
93 29
93 29
93 30
93 30
93 31
93 31
92 32
92 32
91 33
91 34
91 34
90 35
90 36
90 36
89 37
89 37
88 38
88 39
88 39
87 40
87 41
87 41
86 42
86 42
86 43
86 43
86 43
86 43
87 42
87 42
88 42
88 42
89 41
89 40
89 40
90 39
91 38
91 38
92 37
92 36
92 36
93 35
93 35
94 35
94 35
95 34
95 34
95 34
95 35
95 35
94 36
94 36
93 37
93 37
92 38
92 39
92 39
91 40
90 41
90 41
89 42
88 43
88 43
87 44
86 45
86 45
85 46
85 47
84 48
84 48
83 49
83 50
82 51
82 52
82 52
81 53
81 54
80 55
80 55
79 56
79 57
78 58
78 58
77 59
77 60
77 60
76 61
76 62
76 62
75 63
75 63
75 63
75 63
75 63
75 63
76 62
76 62
77 61
77 61
78 60
78 60
79 59
80 59
80 59
81 58
81 57
81 57
82 56
83 55
83 55
84 54
85 53
85 53
86 52
87 51
87 51
88 50
89 50
90 49
90 49
91 48
92 47
92 47
93 46
93 46
94 45
95 45
95 45
95 45
96 45
96 45
96 46
96 46
95 46
95 46
94 47
94 48
94 48
93 49
93 49
92 50
92 51
92 51
91 52
90 53
90 53
89 54
88 55
88 55
88 56
87 57
87 58
87 58
86 59
85 60
85 60
84 61
84 61
84 62
84 63
84 63
84 63
84 63
85 63
85 63
86 62
86 62
87 61
88 60
88 60
89 59
90 58
90 58
91 57
92 56
92 56
93 55
93 55
94 54
95 53
95 53
96 52
97 52
97 52
98 51
98 51
99 50
99 50
99 49
99 48
99 48
100 47
100 47
99 46
99 46
99 45
99 45
98 44
98 43
98 43
97 42
97 42
96 41
95 40
95 40
94 39
94 38
94 38
93 37
93 36
93 36
92 35
92 35
91 34
91 33
91 33
91 32
91 31
91 31
90 30
90 30
89 29
89 28
89 28
89 27
89 27
89 27
89 27
89 27
89 27
89 27
89 27
89 28
89 28
89 29
89 30
89 30
89 31
89 32
89 32
89 33
89 34
89 35
89 35
89 36
89 37
89 38
89 38
89 39
89 40
89 41
89 41
89 42
90 43
90 44
90 45
90 45
90 46
90 47
90 48
90 48
90 49
90 50
90 51
90 52
90 52
90 53
90 54
90 55
90 56
90 56
90 57
90 58
89 59
89 60
89 61
89 61
89 62
89 63
89 64
89 65
89 66
89 66
89 67
89 68
89 69
89 70
89 70
89 71
89 72
89 73
89 74
89 75
89 75
89 76
89 77
89 78
89 79
89 80
89 80
89 81
90 82
90 83
90 84
90 84
90 85
90 86
90 87
90 88
90 88
90 89
90 90
90 91
90 92
90 92
90 93
90 94
90 95
90 95
90 96
90 97
90 98
90 98
90 99
90 100
