6 1
7 1
7 1
7 0
7 0
7 1
7 1
7 1
8 2
8 2
8 3
8 3
9 4
9 4
9 5
9 5
10 6
10 6
10 6
11 7
11 7
11 7
11 8
11 8
11 8
11 8
11 8
11 8
11 8
10 9
10 9
9 9
9 9
8 10
7 11
7 11
6 12
5 12
4 13
4 13
3 14
3 15
3 15
2 15
2 15
2 16
2 16
2 17
2 17
2 17
3 17
3 17
4 16
4 16
5 15
6 14
6 14
7 13
8 13
8 13
9 12
10 11
10 11
11 10
11 10
12 9
12 9
12 9
12 9
11 10
11 10
11 11
11 11
10 12
10 13
10 13
9 14
9 14
9 15
9 16
9 16
9 17
8 18
8 19
8 19
7 20
7 21
7 21
7 22
6 23
6 24
6 24
6 25
5 26
5 27
5 27
5 28
5 28
5 29
5 29
5 29
6 28
6 28
7 27
7 27
8 26
8 25
8 25
9 24
9 23
10 22
10 22
11 21
12 20
12 20
13 19
14 19
14 19
14 19
14 19
13 20
13 21
13 21
12 22
12 23
12 23
11 24
10 25
9 26
9 26
8 27
8 28
7 29
7 30
7 30
6 31
6 32
5 33
5 33
4 34
3 35
3 36
2 37
2 37
1 38
0 39
0 39
0 40
0 40
0 41
0 41
0 41
1 41
1 41
2 40
2 39
2 39
3 38
4 37
4 37
5 36
6 35
7 34
7 34
8 33
9 32
10 32
11 31
11 31
12 30
13 29
14 28
14 28
15 27
16 27
16 27
17 26
17 26
17 26
17 26
16 27
16 27
15 28
15 28
14 29
14 29
13 30
13 30
12 31
12 31
11 32
11 32
10 33
10 33
9 34
9 34
9 35
9 35
8 36
8 36
8 37
8 37
7 38
7 38
6 39
6 40
6 40
6 41
6 42
6 43
6 44
6 44
6 45
6 46
6 47
6 47
6 48
6 49
6 50
6 51
6 51
6 52
6 53
6 54
6 55
6 55
6 56
6 57
6 58
6 58
6 59
6 60
6 61
6 62
6 62
6 63
6 64
6 64
6 65
6 66
6 67
6 67
6 68
6 69
6 70
6 70
6 71
6 72
6 72
6 73
6 73
6 74
6 75
6 75
6 76
6 76
6 76
6 76
6 75
6 75
6 74
6 73
6 73
6 72
6 71
6 70
6 70
6 69
6 68
6 67
6 67
6 66
6 65
6 64
6 64
6 63
6 62
6 61
6 61
6 60
6 59
6 58
6 58
6 57
7 56
7 55
7 54
7 54
7 53
8 52
8 51
8 50
8 50
8 49
9 48
9 47
9 46
9 46
10 45
10 44
11 43
11 42
11 42
11 41
12 40
12 39
12 39
13 38
13 37
13 37
14 36
14 36
14 36
14 36
14 36
14 37
14 37
14 38
14 38
14 39
14 40
14 40
15 41
15 42
15 42
15 43
15 44
15 45
15 45
15 46
15 47
15 48
15 48
15 49
15 50
15 50
15 51
15 52
15 53
15 53
15 54
15 55
15 56
15 56
15 57
15 58
15 59
15 59
15 60
15 61
15 61
15 62
15 63
15 63
15 64
15 65
15 66
15 66
15 67
15 68
15 68
15 69
15 69
15 70
15 71
15 71
15 72
15 72
15 73
15 74
15 74
15 74
15 75
15 75
15 75
15 75
15 75
15 75
15 75
15 75
14 74
14 73
14 73
14 72
14 72
14 71
13 70
13 69
13 69
12 68
12 67
11 66
11 66
11 65
10 64
10 63
10 63
10 62
9 61
9 60
9 60
8 59
8 58
8 58
8 57
8 56
8 55
8 55
9 54
9 53
9 53
9 52
9 52
10 51
11 50
11 50
12 49
12 49
13 48
13 48
14 49
14 49
14 50
14 51
14 51
14 52
13 53
13 54
13 54
13 55
12 56
12 57
12 58
12 58
12 59
11 60
11 61
11 62
11 62
11 63
10 64
10 65
9 66
9 67
9 67
8 68
8 69
7 70
7 71
7 71
7 72
6 73
6 74
6 74
6 75
6 76
6 76
6 76
6 76
6 75
6 75
6 74
7 73
7 72
7 72
7 71
8 70
8 69
9 68
9 67
9 67
10 66
10 65
11 64
11 63
12 62
12 61
12 61
13 60
13 59
14 58
14 57
15 56
15 55
16 54
16 54
17 53
17 52
18 51
19 50
19 49
20 48
20 48
21 47
22 46
23 45
23 44
24 43
25 42
25 42
26 41
26 40
27 39
27 38
28 37
28 36
28 36
29 35
29 34
30 33
30 33
31 32
31 31
31 31
31 30
31 29
31 29
30 28
30 28
29 27
28 26
27 25
26 25
25 24
24 23
24 23
23 22
22 22
22 22
22 22
22 22
22 22
23 22
23 22
23 23
23 24
23 24
23 25
23 26
23 27
23 27
23 28
23 29
23 30
23 31
23 32
23 33
23 33
23 34
23 35
23 36
22 37
22 38
22 39
22 40
22 40
22 41
22 42
22 43
21 44
21 45
21 46
21 47
21 48
21 48
21 49
21 50
21 51
21 52
21 53
21 54
21 55
21 56
21 57
21 58
21 58
21 59
21 60
21 61
21 62
21 63
21 64
21 65
21 65
21 66
22 67
22 68
22 69
22 69
22 70
23 71
23 72
23 72
24 73
24 74
24 74
25 75
25 75
26 76
26 76
27 76
27 76
28 76
28 76
29 75
29 75
30 74
30 73
30 73
31 72
31 72
32 71
32 70
32 70
33 69
33 68
33 68
33 67
33 66
33 65
33 65
33 64
33 63
33 62
33 61
33 61
33 60
33 59
33 58
33 57
33 56
33 56
33 55
33 54
32 53
32 52
32 51
32 50
32 50
32 49
32 48
32 47
32 46
32 45
32 44
32 43
32 43
32 42
32 41
32 40
31 39
31 38
31 37
31 36
31 36
31 35
31 34
30 33
30 32
30 31
30 30
30 30
30 29
29 28
29 27
29 26
29 26
29 25
29 24
29 24
28 24
28 24
27 24
27 24
26 25
26 25
25 26
25 27
25 27
24 28
24 29
24 29
24 30
24 31
24 31
24 32
24 33
24 33
25 34
25 34
26 35
26 35
27 35
28 35
28 35
29 36
29 36
29 37
29 37
29 38
29 38
29 39
28 40
28 41
28 41
28 42
27 43
27 44
27 45
27 45
27 46
26 47
26 48
26 48
26 49
25 50
25 51
25 51
25 52
26 53
26 54
26 54
26 55
26 56
26 56
27 57
27 58
27 58
28 59
28 59
29 60
29 60
30 61
30 62
30 62
30 63
30 64
30 65
30 65
30 66
30 67
30 68
30 68
30 69
30 70
30 71
30 72
30 72
30 73
29 74
29 75
29 75
29 76
28 77
28 78
28 78
28 79
27 80
27 81
27 82
27 82
27 83
26 84
26 85
26 85
26 86
26 87
26 87
26 88
26 89
26 90
26 90
26 89
27 88
27 87
27 86
28 85
28 84
28 83
28 82
29 81
29 80
29 79
30 78
30 77
30 76
31 75
31 74
31 73
32 72
32 71
32 70
33 69
33 68
33 67
33 66
34 65
34 64
34 63
35 62
35 61
35 60
36 59
36 58
36 57
37 56
37 55
37 54
37 53
38 52
38 51
38 50
39 49
39 48
39 47
40 46
40 45
40 44
41 43
41 42
41 41
42 40
42 39
42 38
42 37
43 36
43 35
43 34
44 33
44 32
44 32
44 32
44 31
44 31
44 31
44 30
44 30
44 30
44 30
44 31
44 31
44 32
44 32
45 33
45 34
45 34
45 35
46 36
46 37
46 37
46 38
47 39
47 40
47 40
48 41
48 42
48 42
49 43
49 44
49 44
50 45
50 46
50 46
50 47
50 47
51 48
51 48
51 49
51 49
51 49
51 49
51 49
51 49
50 48
50 47
50 47
49 46
49 45
49 45
49 44
49 43
49 42
49 42
49 41
50 40
50 39
50 39
50 38
51 37
51 36
51 36
52 35
52 34
53 33
53 32
53 32
54 31
55 30
56 29
56 29
57 28
58 27
59 26
59 26
60 26
61 26
62 26
62 26
63 26
64 25
65 25
66 25
66 25
67 25
67 25
67 26
67 27
67 27
66 28
66 29
65 30
65 30
64 31
64 32
63 33
63 34
63 34
62 35
62 36
61 37
61 38
61 38
60 39
60 40
59 41
59 42
59 42
58 43
58 44
57 45
57 45
57 46
57 47
57 47
57 47
57 48
57 48
57 48
58 47
58 47
59 46
60 46
60 46
61 45
62 44
62 44
63 43
64 43
64 43
65 42
65 41
65 41
66 41
66 41
66 41
66 41
66 40
66 40
65 39
65 39
64 38
64 38
64 37
63 36
63 35
63 34
63 33
62 32
62 31
62 30
62 29
61 28
61 27
61 26
61 25
60 24
60 23
60 22
60 21
59 20
59 19
59 18
59 18
59 17
59 16
58 15
58 14
58 13
58 13
58 12
58 11
58 11
58 10
58 10
58 10
57 11
57 11
57 12
57 12
57 13
57 14
57 15
57 15
57 16
57 17
57 18
57 19
57 19
57 20
57 21
57 22
57 23
57 24
57 24
57 25
57 26
57 27
56 28
56 29
56 30
56 31
56 31
56 32
56 33
56 34
56 35
56 36
56 37
56 37
56 38
56 39
57 40
57 41
57 42
57 43
57 43
57 44
57 45
57 46
57 47
57 48
57 49
57 49
57 50
57 51
57 52
57 53
57 54
57 55
57 55
57 56
57 57
57 58
57 59
57 60
57 61
57 61
57 62
57 63
58 64
58 65
58 66
58 66
58 67
58 68
58 69
58 70
58 70
58 71
59 72
59 73
59 74
59 74
59 75
59 76
59 77
59 77
59 78
59 79
59 79
60 80
60 81
60 81
60 81
60 81
60 81
60 80
60 79
60 79
60 78
61 77
61 76
61 75
61 74
62 73
62 72
62 71
62 70
63 69
63 68
63 67
63 66
64 65
64 64
64 63
65 62
65 61
65 60
65 59
66 58
66 57
66 56
66 55
67 54
67 53
67 52
67 51
68 50
68 49
68 48
69 47
69 46
69 45
69 44
70 43
70 42
70 41
70 40
71 39
71 38
71 37
71 36
72 35
72 34
72 33
73 32
73 31
73 30
73 29
74 28
74 27
74 26
74 25
75 24
75 23
75 22
75 21
76 20
76 19
76 18
77 17
77 16
77 15
77 14
78 13
78 12
78 11
78 10
79 9
79 8
79 7
79 6
80 5
80 4
80 4
81 4
81 4
81 3
81 3
81 4
81 4
81 5
81 5
82 6
82 7
82 7
82 8
82 9
82 9
82 10
82 11
82 12
82 12
82 13
82 13
82 14
82 14
83 15
83 15
83 15
83 14
83 14
84 13
84 13
85 12
85 11
86 10
86 10
87 9
87 8
87 8
88 7
88 6
89 5
89 5
90 4
90 3
90 3
91 2
92 1
92 1
93 1
93 1
93 1
92 2
92 2
91 3
91 4
91 4
90 5
89 6
88 7
88 7
87 8
86 9
86 10
85 11
85 11
84 12
84 13
83 14
83 14
82 15
82 16
81 17
81 17
80 18
80 18
80 18
80 18
80 18
81 17
81 17
82 16
83 15
83 15
84 14
85 13
85 13
86 12
86 11
87 10
87 10
88 9
89 9
89 9
89 9
89 9
89 10
89 11
89 11
88 12
88 13
88 13
88 14
87 15
87 16
87 16
87 17
86 18
86 19
86 20
86 20
86 21
85 22
85 23
85 24
85 24
85 25
85 26
85 27
85 28
85 28
85 29
84 30
84 31
84 32
84 32
84 33
84 34
84 35
84 35
84 36
84 37
84 38
84 38
84 39
84 40
84 41
84 41
84 42
84 42
84 43
84 44
84 44
84 45
84 45
84 45
84 45
84 45
84 44
84 44
84 43
84 43
83 42
83 41
83 41
82 40
82 39
82 39
82 38
82 38
81 37
81 37
80 36
80 36
80 35
80 35
79 34
79 34
79 33
79 33
79 32
79 32
80 31
80 30
80 30
81 29
81 28
81 28
81 27
82 26
82 25
82 25
83 24
84 23
85 22
85 22
86 21
86 20
87 19
87 19
88 18
89 17
90 16
90 16
91 16
92 15
93 15
93 15
94 15
94 15
94 16
94 17
94 17
93 18
93 18
93 19
92 20
92 21
92 21
91 22
91 23
90 24
90 24
90 25
89 26
89 27
89 27
88 28
88 29
88 29
88 29
88 30
88 30
88 30
89 29
89 29
90 28
91 27
91 27
92 26
92 26
93 25
94 24
94 24
95 24
95 24
95 25
95 25
95 26
95 26
94 27
94 28
94 28
93 29
93 30
93 30
92 31
92 32
92 32
91 33
90 34
90 34
90 35
89 36
89 37
89 37
88 38
87 39
87 39
87 40
86 41
86 42
86 42
85 43
85 44
84 45
84 45
83 46
82 47
81 48
80 49
79 50
78 51
77 51
76 52
75 53
74 54
73 55
72 56
72 56
72 57
72 57
72 57
72 57
72 56
72 56
73 56
73 56
74 55
74 54
74 54
75 53
76 52
76 52
77 51
78 50
78 50
79 49
80 48
81 47
82 46
82 46
83 45
84 44
85 44
86 43
86 43
87 42
88 41
89 41
90 40
90 40
91 39
92 39
93 38
93 38
94 38
95 37
96 37
96 37
97 37
97 37
97 38
97 38
96 39
96 40
96 40
95 41
95 42
94 43
94 43
93 44
93 45
92 46
92 47
92 47
91 48
90 49
90 50
89 51
89 51
88 52
88 53
87 54
87 55
86 56
86 56
85 57
85 58
84 59
84 59
83 60
83 61
83 61
82 62
82 62
83 62
83 62
84 62
84 62
85 61
85 61
86 60
87 59
87 59
88 58
89 57
90 56
90 56
91 55
92 54
92 53
93 52
93 52
94 51
95 51
96 50
96 50
97 49
98 48
98 48
99 48
99 48
100 48
100 48
99 48
99 48
99 48
98 48
98 48
97 47
97 47
96 47
96 47
95 46
95 46
94 45
94 45
93 44
93 44
93 43
93 42
93 42
93 41
93 41
92 40
92 39
92 39
92 38
92 37
92 37
92 36
92 35
92 35
92 34
91 33
91 32
91 32
91 31
91 30
91 30
91 29
91 28
91 28
90 27
90 26
90 26
90 25
90 25
90 25
90 24
90 24
90 24
90 24
90 24
91 25
91 25
91 26
91 27
91 27
91 28
91 29
91 29
91 30
91 31
91 32
91 32
91 33
91 34
91 35
91 35
91 36
91 37
91 38
91 38
91 39
91 40
91 41
91 42
91 42
91 43
91 44
91 45
91 46
91 46
91 47
91 48
91 49
91 50
91 50
91 51
91 52
91 53
91 54
91 54
91 55
91 56
91 57
91 58
91 59
91 59
91 60
91 61
91 62
91 63
91 64
91 64
91 65
91 66
92 67
92 68
92 69
92 70
92 70
92 71
92 72
92 73
92 74
92 75
92 75
92 76
92 77
92 78
92 79
92 80
92 80
92 81
92 82
92 83
92 84
92 84
92 85
92 86
92 87
92 88
92 88
92 89
93 90
93 91
93 91
93 92
93 93
93 94
93 94
93 95
93 96
93 97
93 97
93 98
93 99
93 99
93 100
93 100
