6 0
7 1
7 1
7 1
7 1
8 1
8 1
8 2
8 2
9 3
9 3
10 4
10 4
11 4
11 4
11 5
11 5
11 5
11 6
11 6
11 6
11 7
11 7
11 8
11 8
10 8
10 8
9 9
8 9
7 10
6 10
5 11
4 12
3 12
2 13
1 13
0 14
0 14
0 15
0 15
0 15
0 15
0 15
1 15
1 15
2 14
2 14
3 14
4 14
4 14
5 13
6 13
6 13
7 12
8 12
8 12
9 11
10 11
10 11
11 10
11 10
12 10
12 10
12 10
11 10
10 10
9 11
8 11
7 11
7 11
7 12
6 13
6 14
6 14
6 14
5 15
5 16
5 16
5 17
5 18
5 18
5 19
5 20
5 20
4 21
4 22
4 22
4 23
4 23
5 24
5 24
5 24
6 24
6 24
7 23
7 23
8 22
8 21
8 21
9 20
9 19
9 19
10 18
11 18
11 18
12 17
12 16
12 16
13 16
13 16
14 15
14 15
14 16
14 16
13 17
13 17
12 18
12 19
12 19
11 20
10 21
10 21
9 22
9 23
8 24
8 24
7 25
6 25
5 26
5 26
4 27
4 28
3 29
3 29
2 30
2 31
1 32
1 32
0 33
0 33
0 34
0 34
0 34
0 34
1 33
1 33
2 32
3 31
3 31
4 30
5 30
6 29
6 29
7 28
8 27
8 27
9 26
10 26
11 25
12 25
12 25
13 24
14 24
15 23
15 23
16 22
17 22
17 22
18 21
18 21
18 21
17 22
17 22
16 23
15 24
14 24
13 25
12 26
11 27
10 27
9 28
8 29
8 29
8 30
8 30
7 31
7 31
7 32
7 32
7 33
7 34
7 35
7 35
7 36
7 37
7 37
7 38
7 39
7 39
7 40
7 41
7 42
7 42
7 43
7 44
7 44
7 45
7 46
7 47
7 47
7 48
7 49
7 50
7 50
7 51
7 52
7 53
7 53
7 54
7 55
7 55
7 56
7 57
7 58
7 58
7 59
7 60
7 60
7 61
7 61
7 62
7 63
7 63
7 64
7 64
7 64
7 64
7 63
7 63
7 63
7 62
7 61
7 61
7 60
7 59
7 58
7 57
7 56
7 55
7 54
7 53
6 52
6 51
6 50
6 49
6 48
6 47
6 46
6 45
6 44
6 44
6 43
7 42
7 41
7 40
8 39
8 38
8 38
9 37
9 36
10 35
10 35
11 34
11 34
12 33
12 32
12 32
13 31
13 31
13 31
13 31
13 31
13 31
13 32
13 32
13 33
13 33
13 34
13 34
13 35
13 35
13 36
13 37
13 37
14 38
14 38
14 39
14 39
14 40
14 41
14 41
14 42
14 43
14 43
14 44
14 45
14 46
14 46
14 47
15 48
15 49
15 49
15 50
15 51
15 51
15 52
15 53
15 54
15 54
15 55
15 56
15 57
15 57
15 58
15 59
15 59
15 60
15 61
15 61
15 62
15 62
15 63
15 63
15 64
15 64
15 65
15 65
15 65
15 65
14 64
14 64
13 63
13 63
12 62
12 62
11 61
11 60
11 60
10 59
10 58
10 58
10 57
9 56
9 55
9 55
9 54
8 53
8 52
8 52
8 51
8 50
8 50
8 49
8 48
8 47
8 47
8 46
9 45
9 44
9 44
10 43
11 42
11 42
12 41
12 40
12 40
13 40
13 40
14 40
14 40
13 41
13 42
13 42
13 43
12 44
12 45
12 46
12 46
11 47
11 48
10 49
10 49
9 50
9 51
8 52
8 53
8 53
7 54
7 55
6 56
6 56
6 57
5 58
5 59
5 59
4 60
4 60
4 60
4 60
5 59
5 59
6 58
7 57
7 57
8 56
9 55
10 54
10 54
11 53
12 52
13 51
14 50
14 50
15 49
16 48
17 47
18 46
18 46
19 45
20 44
21 44
22 43
23 42
23 42
24 41
25 40
26 39
27 38
27 38
28 37
29 36
30 36
31 35
31 35
32 34
32 33
32 33
33 32
33 32
32 31
32 31
31 31
31 31
30 30
29 30
29 30
28 29
27 29
27 29
26 28
25 28
25 28
24 28
23 27
22 27
22 27
21 26
21 25
21 25
20 24
20 24
19 23
19 22
19 22
19 21
19 21
19 21
20 20
20 20
20 20
21 21
21 22
21 22
21 23
21 24
21 25
21 25
21 26
20 27
20 28
20 29
20 29
20 30
20 31
20 32
20 33
20 34
20 35
20 35
20 36
20 37
19 38
19 39
19 40
19 41
19 41
19 42
19 43
19 44
19 45
19 46
19 47
19 48
19 48
19 49
19 50
20 51
20 52
20 53
20 53
20 54
21 55
21 56
21 57
21 57
22 58
22 59
22 59
23 60
23 61
23 61
24 62
24 62
25 63
25 63
26 63
26 63
27 63
27 63
28 62
28 62
29 61
30 60
30 60
31 59
31 58
31 58
31 57
31 56
31 56
31 55
32 54
32 53
32 53
32 52
32 51
32 50
32 50
32 49
32 48
32 47
32 46
32 45
32 45
32 44
32 43
32 42
32 41
32 40
32 40
32 39
32 38
32 37
31 36
31 35
31 34
31 33
31 33
31 32
31 31
31 30
31 29
31 28
31 27
31 27
31 26
31 25
31 24
31 23
31 22
31 21
31 21
31 20
32 19
32 18
32 18
32 17
32 17
31 18
31 18
30 19
30 19
30 20
29 21
29 22
29 22
28 23
27 24
27 25
26 26
26 26
26 27
25 28
25 29
25 29
25 30
24 31
24 32
24 33
24 33
23 34
23 35
23 35
23 36
23 37
23 37
24 38
24 38
25 38
25 38
26 38
26 38
27 38
28 38
28 38
29 38
29 38
29 39
29 39
29 40
29 41
29 41
29 42
29 43
29 43
29 44
28 45
28 46
28 46
28 47
28 48
28 48
28 49
28 50
28 50
29 51
29 52
29 52
30 53
30 54
30 54
30 55
30 56
30 56
31 57
31 58
31 58
31 59
31 59
30 60
30 61
30 61
30 62
29 63
29 64
29 64
28 65
28 66
28 66
28 67
27 68
27 69
27 70
27 70
27 69
28 68
28 67
29 66
29 65
30 64
30 63
31 62
31 61
31 60
32 59
32 58
33 57
33 56
34 55
34 54
35 53
35 52
35 51
36 50
36 49
37 48
37 47
38 46
38 45
38 44
39 43
39 42
40 41
40 40
41 39
41 38
42 37
42 36
42 35
43 34
43 33
44 32
44 31
45 30
45 29
46 28
46 27
46 27
46 27
46 27
46 27
46 27
47 28
47 28
48 29
48 30
48 30
48 31
49 32
49 33
49 33
50 34
50 35
50 35
50 36
51 37
51 38
51 38
52 39
52 40
52 40
52 41
52 41
52 42
52 42
52 43
52 43
52 44
52 44
52 44
52 43
52 43
52 42
52 42
52 41
52 40
52 40
52 39
52 38
52 38
52 37
53 36
53 35
53 34
53 34
54 33
54 32
55 31
55 31
56 30
56 29
57 28
57 28
58 28
59 27
60 27
60 27
61 26
62 26
63 25
63 25
64 25
65 25
65 25
66 26
66 26
65 27
65 28
65 28
65 29
64 30
64 31
64 31
63 32
62 33
61 34
61 34
60 35
60 36
59 37
59 37
58 38
58 39
58 39
57 40
57 40
56 41
56 41
56 41
57 40
57 40
58 39
58 39
59 38
60 38
60 38
61 37
62 37
62 37
63 36
64 36
64 36
65 35
66 35
66 35
66 34
66 34
66 34
66 34
65 34
65 34
64 34
64 34
63 34
63 34
63 33
62 32
62 31
62 30
61 29
61 28
61 27
60 26
60 25
60 24
59 23
59 22
59 21
58 20
58 19
58 18
57 17
57 16
57 16
57 15
57 14
57 13
57 13
57 12
57 12
57 12
57 12
57 12
57 13
57 13
57 14
57 15
57 15
57 16
57 17
57 17
57 18
57 19
57 20
57 20
57 21
57 22
57 23
57 24
57 24
57 25
57 26
57 27
57 28
57 28
57 29
57 30
57 31
57 32
57 32
57 33
57 34
57 35
57 36
57 36
57 37
57 38
57 39
57 40
57 40
57 41
57 42
57 43
57 43
57 44
57 45
57 46
57 47
57 47
57 48
57 49
57 50
57 51
57 51
57 52
57 53
57 54
57 55
57 55
57 56
58 57
58 58
58 59
58 59
58 60
58 61
58 62
58 62
58 63
58 64
58 65
58 65
58 66
59 67
59 68
59 68
59 69
59 70
59 70
60 71
60 71
60 72
60 72
60 72
60 71
61 70
61 69
61 68
62 67
62 66
63 65
63 64
63 63
64 62
64 61
64 60
65 59
65 58
65 57
66 56
66 55
67 54
67 53
67 52
68 51
68 50
68 49
69 48
69 47
69 46
70 45
70 44
71 43
71 42
71 41
72 40
72 39
72 38
73 37
73 36
73 35
74 34
74 33
75 32
75 31
75 30
76 29
76 28
76 27
77 26
77 25
77 24
78 23
78 22
79 21
79 20
79 19
80 18
80 17
80 16
81 15
81 14
81 13
82 12
82 11
83 10
83 9
83 8
84 7
84 6
84 6
84 6
84 6
84 6
84 7
84 7
85 8
85 9
85 9
85 10
85 10
85 11
85 12
85 12
85 13
85 14
85 14
85 15
85 15
85 16
85 16
85 16
85 16
85 16
86 15
86 15
87 14
87 13
87 13
88 12
88 11
88 11
89 10
89 9
90 8
90 8
91 7
92 6
92 6
93 5
93 5
94 5
95 5
95 5
96 5
96 5
97 4
97 4
96 5
96 5
95 6
94 7
94 7
93 8
92 9
91 10
91 10
90 11
90 12
89 13
89 13
88 14
87 14
86 15
86 15
85 16
84 16
84 16
83 17
83 17
83 18
83 18
83 18
84 18
84 18
85 17
85 17
86 16
87 16
87 16
88 15
88 15
89 14
89 14
90 13
90 13
90 13
90 13
89 14
89 15
89 15
89 16
89 16
88 17
88 18
88 18
88 19
87 20
87 21
87 21
87 22
87 23
87 24
87 24
87 25
86 26
86 27
86 27
86 28
86 29
86 29
86 30
86 31
86 31
86 32
86 32
86 33
86 34
86 34
86 35
86 35
86 36
86 36
86 36
86 36
85 35
85 35
84 35
84 35
83 34
83 34
82 33
82 33
81 32
81 32
80 31
80 31
80 30
80 30
80 30
80 29
80 29
81 28
81 27
81 27
82 26
82 25
82 25
83 24
84 23
84 23
85 22
86 21
86 21
87 20
88 19
89 19
90 18
90 18
91 17
92 17
92 17
93 17
94 17
94 17
94 18
94 18
94 19
94 19
94 20
93 21
93 22
93 22
92 23
91 24
91 24
90 25
90 26
90 26
90 27
90 27
90 28
90 28
90 28
91 27
91 27
92 27
92 27
93 26
93 26
94 26
94 26
95 26
95 26
95 27
95 27
94 28
94 28
93 29
93 30
93 30
92 31
91 32
91 32
90 33
89 34
89 34
88 35
87 36
87 36
86 37
85 37
84 38
83 38
82 39
81 40
80 40
79 41
78 41
77 42
76 42
75 43
75 43
76 44
76 44
77 44
77 44
78 43
78 43
79 42
80 41
80 41
81 41
82 40
83 40
83 40
84 39
85 39
86 38
87 38
87 38
88 37
89 37
90 36
91 36
91 36
92 35
93 35
93 35
94 35
94 35
94 36
94 36
93 37
92 38
92 38
91 39
90 40
89 41
89 41
88 42
88 43
87 44
87 44
86 45
85 46
85 47
84 48
84 48
84 49
83 50
83 51
83 51
82 52
82 52
82 53
82 53
83 53
83 53
84 52
84 52
85 51
86 50
86 50
87 49
88 49
89 48
89 48
90 47
91 47
92 46
92 46
93 45
94 44
95 43
95 43
96 42
97 42
98 41
98 41
99 40
99 40
99 40
99 40
99 40
98 40
98 40
98 40
97 40
97 40
96 40
96 40
95 39
95 39
94 38
94 37
94 37
93 36
93 35
93 35
93 34
92 33
92 32
92 32
92 31
91 30
91 29
91 29
91 28
91 27
91 26
91 26
90 25
90 24
90 24
90 23
90 22
90 22
90 21
90 20
90 20
90 20
89 19
89 19
89 19
89 20
89 20
89 20
89 21
89 22
89 22
89 23
89 24
89 24
89 25
89 26
89 26
89 27
89 28
89 29
89 29
89 30
89 31
89 32
89 32
89 33
89 34
89 35
89 36
89 36
89 37
89 38
89 39
89 40
89 40
89 41
89 42
90 43
90 44
90 45
90 46
90 46
90 47
90 48
90 49
90 50
90 51
90 52
90 53
90 53
90 54
90 55
90 56
90 57
90 58
90 59
90 60
90 61
90 61
90 62
90 63
90 64
91 65
91 66
91 67
91 68
91 69
91 69
91 70
91 71
91 72
91 73
91 74
91 75
91 76
91 76
91 77
91 78
91 79
91 80
91 81
91 82
91 83
91 83
91 84
92 85
92 86
92 87
92 87
92 88
92 89
92 90
92 91
92 92
92 92
92 93
92 94
92 95
92 96
92 96
92 97
92 98
92 99
92 100
