5 3
5 2
5 1
5 1
5 1
5 0
5 0
5 0
5 0
5 1
5 1
6 1
6 1
6 1
7 1
7 1
7 1
8 1
8 1
9 2
9 2
10 2
10 2
10 3
10 3
11 4
11 4
11 5
11 5
11 5
11 6
11 6
11 7
11 7
11 8
11 8
11 8
10 9
10 9
9 10
9 10
8 11
8 11
7 12
7 12
6 13
6 13
5 14
4 14
4 14
3 15
3 15
2 16
2 16
1 16
1 16
1 16
1 16
1 16
1 16
1 16
2 15
2 15
3 14
3 14
4 13
4 13
5 12
6 12
6 12
7 11
7 11
8 10
8 10
9 10
9 10
9 9
9 9
9 9
9 9
9 10
9 10
9 10
9 10
9 11
9 11
8 12
8 12
8 13
8 14
8 14
7 15
7 15
7 16
7 17
7 17
7 18
7 18
6 19
6 20
6 20
6 21
6 21
6 22
6 22
6 23
6 23
6 24
6 24
6 25
6 25
5 25
5 25
5 25
6 25
6 25
6 24
6 24
6 23
6 23
6 22
6 21
6 21
7 20
7 19
7 19
8 18
8 17
9 16
9 15
10 14
10 14
11 13
11 12
11 12
12 12
12 12
12 12
12 11
12 11
12 11
13 12
13 12
12 12
12 12
12 13
12 13
12 13
11 14
11 14
11 15
11 15
10 16
10 16
9 17
9 18
9 18
8 19
8 19
7 20
7 21
7 21
6 22
5 23
5 23
4 24
4 25
3 26
3 26
2 27
2 28
2 28
1 29
1 29
0 30
0 30
0 31
0 31
0 31
0 31
0 30
0 30
1 30
1 30
2 29
2 29
3 28
3 27
3 27
4 26
5 26
5 26
6 25
6 24
6 24
7 23
7 22
7 22
8 21
9 21
9 21
10 21
10 21
10 20
10 20
11 20
11 20
12 19
12 19
12 19
12 19
12 20
12 20
12 20
11 21
11 21
11 21
11 22
11 23
11 23
11 24
11 24
11 25
10 26
10 27
10 27
10 28
10 29
10 29
10 30
10 31
10 32
10 32
10 33
10 34
10 35
10 35
10 36
10 37
10 38
10 38
10 39
10 40
10 41
10 42
10 42
10 43
10 44
10 45
10 45
10 46
10 47
10 48
10 48
10 49
10 50
10 50
10 51
11 52
11 53
11 53
11 54
11 55
11 55
11 56
11 57
11 57
11 57
11 58
11 58
11 58
11 57
11 57
11 56
11 56
11 55
11 54
11 54
11 53
11 52
11 52
11 51
11 50
11 49
11 48
11 47
10 46
10 45
10 44
10 43
10 42
10 41
10 40
10 39
10 38
10 37
10 36
9 35
9 34
9 33
9 32
9 31
9 30
9 30
9 29
9 28
9 27
9 26
9 26
9 25
9 25
10 24
10 24
10 23
10 23
10 22
10 22
11 21
11 21
11 21
12 20
12 20
13 20
13 20
13 20
13 20
13 21
13 21
14 22
14 22
14 23
14 23
14 24
14 25
14 25
14 26
14 27
14 27
14 28
14 29
14 30
14 30
14 31
15 32
15 33
15 33
15 34
15 35
15 35
15 36
15 37
15 38
15 38
15 39
15 40
15 41
15 41
15 42
16 43
16 44
16 44
16 45
16 46
16 46
16 47
16 48
16 48
16 49
16 49
15 50
15 51
15 51
15 51
15 51
15 51
14 50
14 50
14 49
14 49
13 48
13 47
13 47
13 46
13 46
12 45
12 44
12 44
11 43
11 43
10 42
10 41
10 41
9 40
9 40
8 39
8 39
8 38
8 38
7 38
7 38
7 38
7 38
7 37
7 37
7 37
8 36
8 36
9 35
9 34
9 34
10 33
11 33
11 33
12 32
12 32
13 31
13 31
14 31
14 31
15 31
15 31
15 32
15 32
15 33
15 33
14 34
14 35
14 35
13 36
13 37
13 37
12 38
12 39
12 39
11 40
11 41
11 41
10 42
10 42
9 43
9 43
9 43
9 43
9 42
9 42
10 42
10 42
11 41
11 40
11 40
12 39
13 39
13 39
14 38
14 37
14 37
14 36
15 35
15 34
15 34
16 33
17 32
17 32
18 31
18 30
18 30
19 29
19 28
19 28
20 27
20 26
20 26
21 25
21 24
21 24
22 23
22 22
22 22
22 21
22 20
22 20
22 19
22 18
22 17
22 17
22 16
22 15
22 14
22 14
22 13
22 12
22 12
22 11
22 10
22 10
21 9
21 9
21 8
21 8
20 7
20 7
20 7
20 7
20 7
20 7
20 7
20 7
20 8
20 8
20 8
20 9
20 9
20 10
20 10
20 11
20 11
19 12
19 13
19 13
19 14
19 14
19 15
19 16
19 16
19 17
19 18
19 18
19 19
19 20
19 20
19 21
19 22
19 22
19 23
19 24
19 24
19 25
19 26
19 26
19 27
19 28
19 28
19 29
19 29
19 30
19 31
19 31
19 32
19 33
19 33
19 34
19 35
19 35
19 36
19 37
19 37
19 38
19 39
19 39
20 40
20 40
20 41
20 42
20 42
20 43
20 43
20 44
20 44
20 45
20 45
21 46
21 46
21 47
21 47
22 48
22 48
22 49
22 49
22 50
22 50
23 50
23 50
24 51
24 51
24 51
25 51
25 51
26 51
26 51
27 51
27 51
28 51
28 51
29 51
29 51
30 51
31 51
31 51
32 50
32 50
33 49
33 49
34 48
35 48
35 48
36 47
36 47
37 47
37 47
38 46
38 46
39 45
39 45
39 44
39 44
39 44
40 43
40 43
40 42
40 41
40 41
40 40
40 39
40 39
40 38
40 37
40 37
40 36
40 35
40 34
40 34
40 33
39 32
39 31
39 30
39 30
39 29
38 28
38 27
38 27
38 26
37 25
37 24
37 24
36 23
36 22
35 21
34 20
34 19
33 18
32 17
32 16
31 15
30 14
30 13
29 12
29 12
28 12
28 12
28 12
27 12
27 12
27 12
27 12
27 12
26 12
26 12
26 13
26 13
26 14
26 14
26 15
26 15
26 16
26 16
26 17
26 18
26 18
26 19
26 20
26 20
26 21
26 22
26 22
26 23
26 24
26 24
26 25
26 26
26 26
26 27
26 27
27 28
27 29
27 29
27 30
27 30
27 31
27 31
27 32
27 32
28 32
28 32
28 33
28 33
28 34
28 34
29 35
29 35
29 36
29 36
28 37
28 38
28 38
28 39
28 39
27 40
27 41
27 41
27 42
27 43
27 43
26 44
26 44
26 45
26 45
26 46
26 46
27 46
27 46
27 47
27 47
28 47
28 47
29 48
29 48
30 49
30 49
30 50
30 50
30 51
29 52
29 53
29 53
29 54
29 55
29 55
29 56
29 57
29 57
29 58
28 59
28 60
28 60
28 61
28 62
28 62
28 63
28 64
28 65
28 65
28 66
27 67
27 68
27 69
27 69
27 70
27 71
27 72
27 73
27 73
27 74
26 75
26 76
25 77
25 78
25 78
25 79
24 80
24 81
24 81
24 82
23 83
23 84
23 84
22 85
22 85
22 84
23 83
23 82
24 81
24 80
24 79
25 78
25 77
25 76
26 75
26 74
27 73
27 72
27 71
28 70
28 69
28 68
29 67
29 66
30 65
30 64
30 63
31 62
31 61
32 60
32 59
32 58
33 57
33 56
33 55
34 54
34 53
35 52
35 51
35 50
36 49
36 48
36 47
37 46
37 45
38 44
38 43
38 42
39 41
39 40
40 39
40 38
40 37
41 36
41 35
41 34
42 33
42 32
43 31
43 30
43 29
44 28
44 27
44 26
45 25
45 24
46 23
46 22
46 22
46 22
45 22
45 22
45 21
45 21
45 21
45 21
45 21
45 21
46 21
46 21
46 21
46 21
46 21
46 22
46 22
46 23
46 23
46 24
46 24
46 25
46 25
46 26
46 26
46 27
46 28
46 28
46 29
46 30
46 30
46 31
46 32
46 32
46 33
46 34
46 34
46 35
46 36
46 36
46 37
46 38
46 38
46 39
46 39
46 40
46 40
46 40
46 41
46 41
46 41
46 40
46 40
46 40
46 39
46 39
46 38
46 38
46 38
46 37
46 37
46 36
46 36
47 35
47 35
47 34
47 34
47 33
47 33
47 33
47 32
47 32
48 31
48 31
49 30
49 30
50 29
50 29
51 28
51 28
52 27
53 27
53 27
54 26
55 26
55 26
56 25
57 25
57 25
58 24
59 24
59 24
60 24
60 24
61 23
62 23
62 23
63 23
63 23
64 23
64 23
64 24
64 24
64 24
64 25
64 25
63 26
63 26
62 27
62 27
61 28
61 28
60 29
59 29
59 29
58 30
57 31
57 31
56 32
55 33
55 33
54 34
53 34
52 35
52 35
51 36
51 37
51 37
50 38
49 38
49 38
49 39
49 39
48 39
48 39
49 39
49 39
49 39
50 39
51 39
51 39
52 38
52 38
53 37
54 37
54 37
55 36
56 35
56 35
57 34
58 34
58 34
59 33
59 33
60 32
61 32
61 32
62 32
62 32
62 31
62 31
62 31
62 31
62 31
62 31
62 30
62 30
61 30
61 30
61 29
60 28
60 27
60 26
60 25
59 24
59 23
59 22
59 21
58 20
58 19
58 18
58 17
57 16
57 15
57 14
57 14
57 14
56 14
56 14
56 14
56 14
56 14
56 14
56 14
56 15
56 15
56 15
56 16
56 16
56 17
56 17
57 18
57 18
57 19
57 19
57 20
57 20
57 21
57 22
57 22
57 23
57 24
57 24
57 25
57 26
57 26
57 27
57 28
57 28
57 29
57 30
57 30
57 31
57 32
57 32
57 33
57 34
57 34
57 35
57 36
57 36
57 37
57 38
57 39
57 39
57 40
57 41
57 41
57 42
57 43
57 43
57 44
57 45
57 45
57 46
57 47
57 47
57 48
57 49
57 49
57 50
57 51
57 52
57 52
58 53
58 54
58 54
58 55
58 56
58 57
58 57
58 58
58 59
58 59
58 60
58 61
58 61
58 62
58 63
58 63
58 64
58 64
58 65
58 66
58 66
58 67
58 67
58 68
58 68
58 69
58 69
58 69
58 69
58 69
58 68
58 67
58 67
58 66
58 65
58 65
58 64
59 63
59 62
60 61
60 60
60 59
61 58
61 57
62 56
62 55
63 54
63 53
63 52
64 51
64 50
65 49
65 48
65 47
66 46
66 45
67 44
67 43
68 42
68 41
68 40
69 39
69 38
70 37
70 36
70 35
71 34
71 33
72 32
72 31
72 30
73 29
73 28
74 27
74 26
75 25
75 24
75 23
76 22
76 21
77 20
77 19
77 18
78 17
78 16
79 15
79 14
80 13
80 12
80 11
81 10
81 9
82 8
82 7
82 7
81 7
81 7
81 8
81 8
80 8
80 8
80 8
80 9
80 10
80 10
80 11
80 12
80 12
80 13
80 14
80 14
79 15
79 16
79 16
79 17
79 18
79 18
79 19
79 20
79 20
79 21
79 21
79 22
79 22
80 23
80 23
80 23
80 23
80 22
80 22
81 21
81 20
82 19
82 18
83 17
83 16
84 15
84 14
85 13
85 12
86 11
86 11
87 10
88 9
88 9
88 9
88 9
88 9
88 9
88 9
88 10
88 10
87 11
87 11
87 11
86 12
86 12
85 13
85 14
85 14
84 15
84 15
83 16
83 17
83 17
82 18
81 18
81 18
80 19
80 20
80 20
79 21
78 22
78 22
78 23
77 24
77 25
77 25
76 26
75 26
75 26
74 27
74 28
74 28
73 29
73 29
72 30
72 30
72 30
72 30
72 30
73 29
73 29
74 28
74 28
75 27
75 27
76 26
77 25
77 25
78 24
78 24
79 23
79 23
80 22
81 22
81 22
81 21
81 21
82 21
82 21
83 20
83 20
83 20
83 20
83 20
83 20
82 21
82 21
82 21
81 22
81 22
81 22
80 23
80 23
80 24
80 24
79 25
79 25
79 26
79 27
79 27
78 28
78 29
78 29
78 30
78 30
77 31
77 32
77 32
77 33
77 34
77 34
76 35
76 36
76 36
76 37
76 38
76 38
75 39
75 40
75 40
75 41
75 41
75 42
75 43
75 43
75 44
75 44
75 44
75 45
75 45
75 45
75 45
75 44
75 44
75 43
75 43
75 42
75 41
75 41
75 40
75 39
75 39
76 38
76 38
76 37
76 37
76 36
76 36
76 35
76 35
76 34
76 34
77 33
77 33
77 32
77 31
77 31
78 30
78 30
78 29
78 28
78 28
79 27
80 27
80 27
81 26
81 25
81 25
82 24
83 24
83 24
84 23
84 23
85 22
86 22
86 22
87 22
87 22
87 22
87 22
88 22
88 22
87 23
87 23
87 23
86 24
86 25
86 25
85 26
84 26
84 26
83 27
82 28
82 28
81 29
81 29
80 30
79 31
79 31
78 32
78 32
78 32
78 32
78 32
78 32
79 32
79 32
80 31
80 31
81 31
81 31
82 30
82 30
83 29
84 29
84 29
85 29
85 29
86 28
86 28
86 28
87 28
87 28
87 28
87 29
87 29
86 30
86 30
85 31
85 31
84 32
84 32
83 33
82 34
82 34
81 35
80 35
80 35
79 36
79 36
78 37
78 37
78 38
78 38
78 38
78 38
79 37
79 37
80 37
80 37
81 36
81 36
82 36
82 36
83 35
83 35
84 34
85 34
85 34
86 34
86 34
87 34
87 34
87 34
88 34
88 34
88 34
87 35
87 35
87 36
87 36
86 37
85 37
85 37
84 38
84 38
83 39
83 39
82 40
81 41
81 41
80 42
79 43
79 43
78 44
78 44
77 45
77 45
76 46
76 46
76 46
76 47
76 47
76 47
77 46
77 46
78 45
78 45
79 45
79 45
80 44
81 44
81 44
82 43
82 43
83 42
83 42
84 42
84 42
85 42
85 42
85 42
85 42
84 42
84 42
84 43
84 43
83 44
83 44
82 45
81 46
81 46
80 47
80 47
79 48
78 49
78 49
77 50
76 51
76 51
75 52
74 52
73 53
73 53
72 54
72 54
71 55
71 55
71 55
72 55
72 55
73 54
74 53
74 53
75 52
76 52
76 52
77 51
78 51
79 50
79 50
80 49
81 49
82 48
82 48
83 47
84 47
85 46
86 46
86 46
87 45
88 45
89 44
90 44
90 44
91 43
92 43
93 42
93 42
94 41
95 41
96 40
96 40
97 39
98 38
98 38
99 37
99 36
99 36
100 35
100 35
99 34
99 34
98 33
98 33
97 32
97 32
96 32
95 32
95 32
94 32
94 32
93 32
92 32
92 32
91 32
91 32
90 32
89 32
89 32
88 32
88 32
87 31
86 31
86 31
85 30
85 30
84 29
84 29
84 28
84 28
84 27
84 27
84 26
84 25
84 25
84 24
84 24
84 24
84 23
84 23
84 23
84 23
84 23
84 23
84 23
84 23
84 23
84 23
84 23
84 23
84 23
84 23
84 23
84 24
84 24
84 25
84 25
84 26
84 26
84 27
84 28
84 28
84 29
84 29
85 30
85 30
85 31
85 32
85 32
85 33
85 34
85 34
85 35
85 36
85 36
85 37
85 38
85 38
85 39
85 40
85 41
85 41
85 42
85 43
85 44
85 44
85 45
85 46
85 46
85 47
85 48
85 49
85 49
85 50
84 51
84 52
84 52
84 53
84 54
84 55
84 56
84 56
84 57
84 58
84 59
84 59
84 60
84 61
84 62
84 62
84 63
84 64
84 65
84 65
84 66
84 67
84 68
84 69
84 69
84 70
84 71
84 72
84 72
84 73
84 74
84 75
84 76
84 76
84 77
85 78
85 79
85 80
85 80
85 81
85 82
85 83
85 83
85 84
85 85
85 86
85 87
85 87
85 88
84 89
84 90
84 91
84 91
84 92
84 93
84 94
84 94
84 95
84 96
84 96
84 97
84 98
84 99
84 99
84 100
