0 33
0 34
0 34
0 33
0 33
0 33
0 33
0 33
0 33
0 33
1 32
1 32
2 31
2 31
3 30
4 29
4 29
5 28
6 28
6 28
7 27
8 26
8 26
9 25
10 25
10 25
11 24
12 23
12 23
13 22
14 22
14 22
15 21
15 20
15 20
16 19
16 19
17 18
17 18
18 17
18 17
18 17
18 16
18 16
18 15
17 14
17 13
17 12
16 11
16 10
16 9
16 8
15 7
15 6
15 5
14 4
14 3
14 3
14 2
14 2
14 1
14 1
14 1
14 1
14 1
14 1
14 2
14 2
14 3
14 3
14 4
14 5
14 5
14 6
14 7
14 7
14 8
14 9
14 9
14 10
14 11
14 12
14 12
14 13
14 14
14 15
14 15
14 16
15 17
15 18
15 18
15 19
15 20
15 21
15 22
15 22
15 23
15 24
15 25
15 26
15 27
15 27
15 28
15 29
15 30
15 31
15 32
15 32
15 33
15 34
15 35
15 36
15 37
15 38
15 38
15 39
15 40
15 41
15 42
15 43
15 44
15 45
15 45
15 46
15 47
16 48
16 49
16 50
16 50
16 51
16 52
16 53
16 54
16 55
16 55
16 56
16 57
17 58
17 59
17 60
17 60
17 61
17 62
17 63
17 64
17 65
17 65
17 66
17 67
17 68
17 69
17 69
17 70
17 71
18 72
18 73
18 74
18 74
18 75
18 76
18 77
18 78
18 78
18 79
18 80
18 81
18 81
18 82
18 83
18 83
18 84
18 85
18 85
17 86
17 86
17 87
17 87
17 87
17 86
17 85
17 85
16 84
16 83
16 83
16 82
16 81
16 80
16 79
16 78
16 77
16 76
16 75
16 74
17 73
17 72
17 71
17 70
17 69
17 68
17 67
17 66
17 65
17 64
17 63
17 62
17 61
17 60
17 59
17 58
17 57
17 56
17 55
18 54
18 53
18 52
18 51
18 50
18 49
18 48
18 47
18 46
18 45
18 44
18 43
18 42
18 41
18 40
18 39
18 38
18 37
18 36
18 35
19 34
19 33
19 32
19 31
19 30
19 29
19 28
19 27
19 26
19 25
19 25
18 24
18 24
18 24
18 24
17 25
17 25
16 25
16 25
16 26
16 27
16 27
16 28
15 29
15 30
15 30
15 31
14 32
14 33
14 33
14 34
13 35
13 36
13 36
12 37
12 38
11 39
11 40
11 40
11 41
10 42
10 43
10 44
10 44
10 45
9 46
9 47
9 47
9 48
8 49
8 50
8 50
8 51
7 52
7 53
7 53
6 54
6 55
6 55
6 56
6 57
6 57
6 58
6 58
6 57
6 56
7 55
7 54
7 53
7 52
7 51
8 50
8 49
8 48
8 47
8 46
9 45
9 44
9 43
9 43
10 42
11 42
11 42
12 42
12 42
13 42
13 42
14 42
14 42
15 42
15 42
16 43
17 43
17 43
18 43
18 43
19 44
20 44
20 44
21 44
21 44
22 45
23 45
23 45
24 45
24 45
25 45
25 45
26 45
26 45
26 44
26 43
26 42
26 41
27 40
27 39
27 38
27 37
27 36
27 35
27 35
27 34
27 34
27 33
27 33
27 33
28 32
28 32
29 31
29 30
29 30
30 29
30 29
31 28
31 27
31 27
32 26
33 26
34 25
34 25
35 24
36 23
36 23
37 22
37 21
38 20
38 20
39 19
40 18
40 18
41 17
42 16
42 16
43 15
44 14
44 14
45 13
45 12
45 12
46 11
46 11
47 10
47 10
46 9
46 8
45 7
45 6
44 5
44 4
43 3
43 2
42 1
42 0
42 0
42 1
42 2
42 3
42 3
43 4
43 5
43 5
43 6
43 7
43 7
43 8
43 9
43 9
43 10
44 11
44 12
44 12
44 13
44 14
44 15
44 16
44 16
44 17
44 18
44 19
44 20
44 20
44 21
44 22
44 23
44 24
44 24
44 25
44 26
44 27
44 28
44 28
44 29
44 30
45 31
45 32
45 33
45 33
45 34
45 35
45 36
45 37
45 38
45 38
45 39
45 40
45 41
45 42
45 43
45 43
45 44
45 45
45 46
45 47
45 48
45 48
45 49
45 50
45 51
45 52
45 53
45 53
45 54
45 55
45 56
45 57
45 58
45 58
45 59
45 60
45 61
45 62
45 62
45 63
45 64
45 65
45 66
45 66
45 67
45 68
45 69
45 70
45 70
45 71
45 72
45 73
45 73
45 74
45 75
45 75
45 76
45 77
45 77
45 78
45 78
45 78
44 78
44 78
44 77
44 77
44 76
44 75
44 74
44 73
44 72
44 71
44 70
44 69
44 68
44 67
44 66
44 65
43 64
43 63
43 62
43 61
43 60
43 59
43 58
43 57
43 56
43 55
43 54
43 53
43 52
43 51
43 50
43 49
43 48
43 47
43 46
43 45
43 44
43 43
43 42
43 41
43 40
42 39
42 38
42 37
42 36
42 35
42 34
42 33
42 32
42 31
42 30
42 29
42 28
42 27
42 27
42 27
42 27
42 27
41 28
41 28
41 29
41 29
40 30
40 30
39 31
39 32
39 32
39 33
38 34
38 35
38 35
37 36
37 37
36 38
36 38
36 39
35 40
35 41
35 41
35 42
34 43
34 44
34 45
34 45
33 46
33 47
32 48
32 48
32 49
31 50
31 51
31 51
30 52
30 53
30 53
29 54
29 55
29 55
28 55
28 55
28 55
28 55
28 54
29 53
29 52
30 51
30 50
31 49
31 48
32 47
32 46
33 45
33 44
34 43
34 42
35 41
35 40
36 39
36 38
37 37
37 36
38 35
38 34
38 34
39 33
40 33
40 33
41 33
42 33
42 33
43 34
43 34
44 35
44 35
45 36
45 36
46 37
47 38
47 38
48 39
48 40
48 40
49 41
50 41
50 41
51 42
52 43
52 43
53 44
53 45
53 45
54 46
55 46
55 46
56 47
57 47
57 47
58 48
59 48
59 48
60 49
61 50
61 50
62 51
62 51
63 51
64 51
64 51
65 51
65 51
65 50
65 49
65 48
66 47
66 46
66 45
66 44
66 43
66 42
66 41
67 40
67 39
67 38
67 37
67 36
67 35
67 34
67 33
68 32
68 31
68 30
68 29
68 28
68 27
68 26
69 25
69 24
69 23
69 22
69 22
69 21
69 20
69 20
68 20
68 20
69 19
69 19
69 18
69 17
69 17
70 16
70 16
71 15
71 15
72 14
73 14
73 14
74 13
75 12
75 12
76 11
77 11
77 11
78 10
79 10
79 10
80 9
81 9
81 9
82 8
82 8
83 8
83 8
84 7
84 7
83 8
82 9
82 9
81 10
80 11
80 11
79 12
79 12
78 13
78 14
78 14
77 15
77 15
76 16
76 17
76 17
75 18
75 19
75 19
75 20
74 21
74 22
74 22
74 23
74 24
74 24
73 25
73 26
73 26
73 27
73 28
73 28
73 29
73 30
73 30
73 31
73 32
73 32
73 33
73 34
73 34
74 35
74 35
75 36
75 36
75 37
75 37
76 37
76 37
77 37
78 37
78 37
79 36
79 36
80 35
80 35
81 35
81 35
82 34
83 34
83 34
84 33
84 33
85 32
85 31
85 31
86 30
86 30
87 29
87 29
87 28
87 28
87 27
87 27
88 26
88 26
87 26
87 26
87 26
87 26
86 27
86 27
85 28
85 28
84 29
84 29
83 30
83 30
82 31
82 32
82 32
81 33
81 34
81 34
80 35
80 36
80 36
79 37
78 38
78 38
78 39
77 40
77 41
77 41
76 42
75 43
75 43
74 44
74 45
74 45
73 46
73 47
72 48
72 48
72 49
71 50
71 51
71 51
70 52
69 53
69 53
68 54
68 55
67 56
67 56
66 57
66 58
66 58
65 59
65 60
65 60
64 61
64 62
64 62
63 63
63 63
63 64
63 64
63 64
64 64
64 64
65 64
65 64
66 64
66 64
67 63
67 63
68 62
69 62
69 62
70 61
71 60
71 60
72 59
73 59
74 58
74 58
75 57
76 56
77 55
77 55
78 54
79 53
79 53
80 52
81 52
82 51
82 51
83 50
84 49
85 48
85 48
86 47
87 46
87 46
88 45
89 44
90 43
90 43
91 42
92 41
92 41
93 40
94 39
94 39
95 38
96 37
96 37
97 36
97 36
98 35
98 35
99 34
99 34
100 33
100 33
99 32
99 32
99 31
99 31
99 31
98 30
98 30
97 30
97 30
96 29
95 28
94 28
93 27
92 26
91 25
90 24
89 24
88 23
87 22
86 21
85 21
84 20
83 19
83 19
83 20
83 20
83 20
83 21
83 21
83 21
83 22
83 22
83 23
83 23
83 24
83 24
83 25
83 25
83 26
83 27
83 27
83 28
83 29
83 29
82 30
82 31
82 31
82 32
82 33
82 34
82 34
82 35
82 36
82 37
82 37
82 38
82 39
82 39
82 40
83 41
83 42
83 43
83 43
83 44
83 45
83 45
83 46
83 47
83 48
83 49
83 49
83 50
83 51
83 52
83 53
83 53
83 54
83 55
83 56
83 56
83 57
83 58
83 59
83 60
83 60
83 61
83 62
83 63
83 64
83 64
83 65
83 66
83 67
83 68
83 68
83 69
83 70
83 71
83 72
83 72
83 73
83 74
83 75
83 76
83 76
83 77
83 78
83 79
83 80
83 81
83 81
83 82
83 83
83 84
83 85
83 85
83 86
83 87
83 88
83 89
83 90
83 90
83 91
83 92
83 93
83 94
83 94
83 95
83 96
83 97
83 98
83 98
82 99
82 100
