0 36
1 37
1 37
1 36
1 36
1 36
2 36
2 36
3 36
4 36
4 36
5 36
5 36
6 35
7 35
7 35
8 35
9 35
10 35
10 35
11 34
12 34
12 34
13 33
14 33
15 32
15 32
16 31
17 31
17 31
18 30
19 30
19 30
20 29
21 29
21 29
22 28
23 28
23 28
24 28
24 28
25 27
25 27
25 26
25 26
25 25
25 25
25 24
25 24
25 23
25 22
25 22
24 21
24 20
24 20
23 19
23 18
23 18
23 17
22 16
22 15
22 15
21 14
21 13
21 13
20 12
20 11
19 10
19 10
19 9
18 8
18 7
18 7
17 6
17 5
17 5
17 4
17 4
16 3
16 3
16 2
16 2
16 2
16 2
16 2
16 3
16 3
16 4
16 5
16 5
16 6
16 7
16 8
16 8
16 9
16 10
16 11
16 11
16 12
16 13
16 14
16 15
16 15
16 16
16 17
16 18
16 19
16 20
16 20
16 21
16 22
16 23
16 24
16 25
16 25
16 26
16 27
16 28
16 29
16 30
16 31
16 31
16 32
16 33
16 34
16 35
16 36
16 37
16 38
16 38
16 39
16 40
16 41
16 42
16 43
16 44
16 44
16 45
16 46
16 47
16 48
16 49
16 49
16 50
16 51
16 52
16 53
16 54
16 54
16 55
16 56
16 57
16 58
16 58
16 59
15 60
15 61
15 61
15 62
15 63
15 64
15 65
15 65
15 66
15 67
15 67
14 68
14 69
14 69
14 70
14 70
13 70
13 70
13 70
12 69
12 69
12 68
12 68
12 67
11 66
11 65
11 65
10 64
10 63
10 63
10 62
10 61
10 60
10 59
10 59
10 58
10 57
10 56
10 55
10 55
10 54
9 53
9 52
9 51
9 51
9 50
9 49
9 48
9 48
9 47
9 46
9 45
9 45
9 44
9 43
9 42
9 42
10 41
10 40
10 40
10 39
10 38
10 38
10 37
10 37
10 37
10 37
10 37
10 38
10 39
10 39
9 40
9 41
9 41
9 42
8 43
8 44
8 44
8 45
7 46
7 47
7 47
6 48
6 49
6 49
5 50
5 51
4 52
4 52
3 53
3 54
3 54
2 55
1 56
1 56
0 57
0 57
0 58
0 58
0 58
0 57
0 57
1 56
1 55
2 54
2 53
3 52
3 51
4 50
5 49
5 48
6 47
6 46
7 45
7 44
8 43
8 43
9 43
10 42
11 42
12 42
12 42
13 41
13 41
14 42
14 42
15 43
15 43
16 44
16 44
17 45
18 45
18 45
19 46
19 46
20 47
20 47
21 48
21 48
22 48
22 48
23 49
23 49
23 49
24 49
24 49
24 49
24 49
24 48
24 48
24 47
25 46
25 45
25 44
25 43
26 42
26 41
26 40
26 39
27 38
27 37
27 36
27 35
28 34
28 33
28 32
28 31
29 30
29 29
29 28
29 27
30 26
30 25
30 24
30 24
31 24
31 24
31 24
31 24
32 24
32 24
33 23
34 23
34 23
35 22
36 22
36 22
37 22
38 21
39 21
39 21
40 20
41 19
41 19
42 18
43 18
43 18
44 17
44 17
45 16
45 16
46 15
47 15
47 15
47 14
47 14
47 13
46 12
46 11
45 10
45 9
45 8
44 7
44 6
43 5
43 4
43 4
42 3
41 3
41 3
40 3
40 3
39 3
39 3
39 3
38 4
38 4
38 5
38 6
38 6
38 7
38 8
38 8
38 9
38 10
38 11
38 11
38 12
39 13
39 14
39 15
39 15
39 16
39 17
39 18
39 19
39 20
39 20
39 21
39 22
40 23
40 24
40 25
40 25
40 26
40 27
40 28
40 29
40 30
40 30
40 31
40 32
40 33
40 34
40 35
40 35
40 36
40 37
41 38
41 39
41 40
41 40
41 41
41 42
41 43
41 44
41 45
41 45
41 46
41 47
41 48
41 49
41 50
41 50
41 51
42 52
42 53
42 54
42 54
42 55
41 56
41 57
41 58
41 58
41 59
41 60
41 61
41 62
41 62
41 63
40 64
40 65
40 65
39 66
39 67
39 67
39 68
39 69
39 69
38 70
38 70
37 70
37 70
36 70
36 70
35 70
35 70
35 69
35 68
35 67
35 67
35 66
34 65
34 64
34 64
34 63
33 62
33 61
33 60
33 60
33 59
33 58
33 57
33 56
33 55
33 54
33 54
33 53
33 52
33 51
33 50
33 49
33 48
33 48
33 47
33 46
33 45
33 44
33 43
33 42
33 42
33 41
33 40
33 39
33 38
33 37
33 37
33 36
33 35
33 34
33 33
33 33
33 32
33 31
33 31
33 30
33 30
33 29
33 29
33 28
33 28
33 29
33 29
33 29
33 30
32 31
32 32
32 32
32 33
32 34
32 35
32 35
32 36
31 37
31 38
31 38
31 39
30 40
30 41
30 41
29 42
29 43
28 44
28 44
27 45
27 46
27 46
26 47
26 48
26 48
26 48
26 48
26 47
26 47
27 46
27 45
27 45
28 44
28 43
28 43
28 42
29 41
29 40
29 40
30 39
31 38
31 38
31 37
32 36
32 35
32 35
33 35
34 35
34 35
35 34
35 34
36 35
37 35
37 35
38 35
39 35
39 35
40 36
41 37
41 37
42 38
43 38
44 39
44 39
45 40
46 41
46 41
47 42
48 43
48 43
49 44
50 45
50 45
51 46
52 47
52 47
53 48
54 48
54 48
55 49
56 49
56 49
57 49
57 49
58 48
59 48
59 48
60 47
60 47
61 46
61 46
61 45
61 44
62 43
62 42
62 41
62 40
62 39
63 38
63 37
63 36
63 35
63 34
64 33
64 32
64 31
64 30
64 29
65 28
65 27
65 26
65 25
65 24
65 23
66 22
66 21
66 20
66 19
66 18
67 17
67 16
67 15
67 14
67 13
68 12
68 11
68 10
68 10
68 11
68 11
67 10
67 10
68 10
68 10
68 10
69 10
70 10
70 10
71 9
71 9
72 8
73 8
73 8
74 8
75 7
76 7
76 7
77 7
78 6
79 6
79 6
80 6
81 5
82 5
82 5
83 5
84 4
85 4
85 4
86 4
87 3
88 3
88 3
89 2
90 2
90 2
91 2
92 1
93 1
93 1
94 1
95 1
95 1
96 0
96 0
96 1
96 1
96 1
95 2
94 2
93 3
92 3
91 4
90 4
89 5
88 5
87 6
86 6
85 7
84 7
83 8
82 8
81 9
80 9
79 10
78 10
77 11
76 11
75 12
74 12
73 13
73 13
72 14
72 15
71 16
71 16
70 17
70 17
70 17
71 18
71 19
71 19
72 20
72 21
72 21
73 22
73 23
73 23
74 24
74 25
74 25
75 26
75 26
76 27
76 27
77 27
77 27
78 28
78 28
79 28
79 28
80 27
80 27
81 26
82 25
83 24
83 24
83 23
84 22
84 21
85 20
85 19
85 19
86 18
87 17
87 17
88 16
88 16
89 16
89 16
90 15
90 15
90 16
90 16
91 16
91 16
91 17
91 17
90 18
90 19
90 19
89 20
88 21
88 21
87 22
87 23
87 23
86 24
85 25
84 26
84 26
83 27
82 27
81 28
81 28
80 29
79 30
78 31
78 31
77 32
76 33
75 33
74 34
74 34
73 35
72 35
71 36
71 36
70 37
69 38
68 39
68 39
67 40
66 40
65 41
64 41
64 41
63 42
62 43
62 43
61 44
60 44
59 45
59 45
58 46
58 46
57 46
57 46
57 46
58 45
58 45
59 44
60 44
60 44
61 44
62 43
63 43
63 43
64 42
65 42
66 41
66 41
67 41
68 40
69 40
70 40
70 40
71 40
72 39
73 39
74 38
75 38
75 38
76 38
77 37
78 37
79 36
80 36
80 36
81 36
82 36
83 35
84 35
85 35
85 35
86 34
87 34
88 33
89 33
89 33
90 33
91 33
92 33
93 33
93 33
94 33
95 33
96 33
96 33
97 33
97 33
98 33
99 33
99 33
99 33
100 33
100 33
100 33
100 33
99 33
99 33
98 32
97 31
96 30
96 29
95 28
94 27
93 26
92 25
91 24
91 23
90 22
89 21
88 20
87 19
86 18
86 17
85 16
84 15
83 14
82 13
81 12
81 11
80 10
79 9
79 9
78 8
78 7
78 7
78 7
77 7
77 7
77 6
77 6
77 7
77 7
77 8
77 8
77 9
77 9
76 10
76 11
76 11
76 12
76 13
76 14
76 14
76 15
76 16
76 17
76 17
76 18
76 19
76 20
76 21
76 21
76 22
76 23
76 24
76 24
76 25
76 26
76 27
76 28
76 28
76 29
76 30
76 31
76 32
76 32
76 33
76 34
76 35
76 36
76 37
76 37
76 38
76 39
76 40
76 41
76 42
76 42
76 43
76 44
76 45
76 46
76 47
76 47
76 48
76 49
76 50
76 51
76 52
76 52
76 53
76 54
76 55
76 56
76 57
76 58
76 58
76 59
76 60
75 61
75 62
75 63
75 63
75 64
75 65
75 66
75 67
75 68
75 68
75 69
75 70
75 71
75 72
75 73
75 74
75 74
75 75
75 76
74 77
74 78
74 79
74 80
74 80
74 81
74 82
74 83
74 84
74 84
74 85
74 86
73 87
73 88
73 89
73 89
73 90
73 91
73 92
73 93
73 94
73 94
73 95
72 96
72 97
72 97
72 98
72 99
72 99
72 100
72 100
72 100
