3 26
3 27
3 27
3 27
2 27
2 27
2 27
2 27
2 27
3 27
3 27
3 27
4 27
4 27
4 27
5 27
6 27
6 27
7 26
7 26
8 25
9 25
9 25
10 25
11 24
12 24
12 24
13 23
14 22
14 22
15 22
16 21
17 21
17 21
18 20
19 20
19 20
20 19
21 19
22 18
22 18
23 17
24 17
24 17
25 16
25 16
26 15
26 15
27 14
27 14
27 13
27 13
26 12
26 12
26 11
26 11
25 11
25 11
24 10
24 10
23 9
23 9
22 8
21 7
21 7
20 6
20 6
19 5
19 4
19 4
19 3
19 3
19 2
19 2
18 1
18 1
18 1
18 1
18 0
18 0
18 0
18 1
18 1
18 2
18 2
18 3
18 3
18 4
18 5
18 5
18 6
18 6
18 7
18 8
18 8
18 9
18 10
18 10
18 11
18 12
18 12
18 13
18 14
18 15
18 15
18 16
18 17
18 18
18 18
18 19
18 20
18 21
18 21
18 22
18 23
18 24
18 24
18 25
17 26
17 27
17 28
17 28
17 29
17 30
17 31
17 32
17 32
17 33
16 34
16 35
16 36
16 36
16 37
16 38
16 39
16 40
16 41
16 41
16 42
16 43
16 44
16 45
16 46
16 46
16 47
16 48
16 49
16 50
16 51
16 51
16 52
16 53
16 54
16 55
16 55
16 56
16 57
16 58
16 59
16 59
16 60
16 61
16 62
16 63
16 63
16 64
16 65
16 66
16 66
16 67
16 68
16 69
16 69
16 70
16 71
16 72
16 72
16 73
16 73
15 74
15 75
15 75
15 75
15 76
15 76
15 75
15 75
15 75
15 74
15 73
15 73
15 72
15 71
15 71
15 70
15 69
15 68
15 68
15 67
14 66
14 65
14 65
14 64
14 63
14 62
14 62
14 61
14 60
14 59
14 58
14 57
14 56
14 55
14 54
15 53
15 52
15 51
15 50
15 49
15 48
15 47
15 46
15 45
15 44
15 43
15 42
15 41
15 40
15 39
15 38
15 37
15 36
16 35
16 34
16 33
16 32
16 31
16 30
16 29
16 28
16 27
16 26
16 26
16 25
16 25
16 25
16 24
16 24
16 24
16 25
16 25
16 25
16 26
16 26
15 27
15 27
15 28
15 28
14 29
14 29
14 30
14 31
14 31
13 32
13 33
13 33
12 34
12 35
12 35
12 36
12 37
12 38
12 38
12 39
11 40
11 41
11 41
10 42
10 43
9 44
9 44
9 45
8 46
8 47
8 47
8 48
7 49
7 50
7 50
6 51
6 52
5 53
5 54
5 54
4 55
4 56
4 56
3 57
3 58
3 58
2 59
1 60
1 60
1 61
1 61
0 62
0 62
0 62
0 61
0 61
0 60
1 59
1 58
2 57
2 56
2 55
3 54
3 53
3 52
4 51
4 50
5 49
5 48
5 47
6 46
6 45
6 44
7 43
7 42
8 41
8 40
8 40
9 39
9 39
10 39
10 39
10 39
10 39
11 39
11 39
11 39
12 40
12 40
12 40
13 40
13 40
14 41
14 41
15 42
16 42
16 42
17 43
17 43
18 44
18 44
19 44
19 44
20 44
21 44
21 44
22 45
22 45
23 45
23 45
24 45
24 45
25 44
25 44
25 44
25 43
25 43
25 42
25 41
25 40
25 39
25 38
26 37
26 36
26 35
26 34
26 33
26 32
26 32
25 32
25 32
25 32
25 32
25 32
25 32
25 31
25 31
25 31
26 31
26 31
27 30
27 30
28 29
28 29
29 28
30 28
30 28
31 27
32 27
32 27
33 26
34 25
34 25
35 24
36 24
36 24
37 23
37 23
38 22
39 22
39 22
40 21
41 21
41 21
42 20
42 20
43 19
43 19
44 19
44 19
44 18
44 18
44 17
44 17
45 17
45 17
44 17
44 17
44 17
44 16
44 16
43 16
43 16
43 16
43 16
42 16
42 16
42 15
42 15
42 15
41 14
41 13
40 12
40 11
39 10
39 9
38 8
38 7
37 6
37 5
36 4
36 4
36 4
36 5
36 5
36 5
35 6
35 6
35 6
35 7
35 7
35 8
35 8
35 9
35 9
35 10
35 11
35 11
35 12
35 13
35 13
35 14
35 15
35 15
35 16
35 17
35 17
35 18
35 19
35 20
35 20
35 21
35 22
35 23
35 23
35 24
35 25
35 25
35 26
35 27
35 28
35 28
35 29
35 30
35 31
35 32
35 32
35 33
35 34
35 35
35 36
35 36
35 37
35 38
35 39
35 39
35 40
35 41
35 42
35 43
35 43
35 44
35 45
35 46
35 47
35 47
35 48
35 49
35 50
35 51
35 51
35 52
35 53
35 54
35 55
35 55
35 56
35 57
35 58
35 58
35 59
35 60
35 61
35 61
35 62
35 63
35 64
35 64
35 65
35 66
35 66
35 67
35 68
35 68
35 69
35 69
35 69
35 69
35 69
34 68
34 68
34 67
34 66
34 66
34 65
34 64
34 64
34 63
34 62
34 61
34 60
34 59
34 58
34 57
34 56
34 55
34 54
34 53
34 52
34 51
34 50
34 49
34 48
34 47
34 46
34 45
34 44
34 43
34 42
34 41
34 40
34 39
34 38
34 37
34 36
34 35
34 34
34 33
34 32
34 31
34 30
34 29
34 28
34 27
34 27
35 26
35 25
35 25
34 25
34 25
34 25
34 25
34 26
34 26
33 27
33 27
33 28
33 28
32 29
32 30
32 30
32 31
32 32
32 32
31 33
31 34
31 34
31 35
30 36
30 37
30 37
30 38
29 39
29 40
29 40
29 41
28 42
28 43
28 43
28 44
27 45
27 46
27 46
27 47
26 48
26 49
26 49
26 50
25 51
25 52
25 52
25 53
24 54
24 55
24 55
23 56
23 57
23 57
22 58
22 59
22 59
21 60
21 60
20 61
20 61
19 61
19 61
19 61
19 60
19 60
20 59
20 58
21 57
21 56
22 55
22 54
23 53
23 52
24 51
24 50
25 49
25 48
26 47
26 46
27 45
27 44
28 43
28 42
29 41
29 40
30 39
30 38
31 37
31 36
32 35
32 34
32 34
33 33
33 33
33 33
34 34
34 34
34 34
35 35
35 35
35 35
35 36
35 36
36 36
36 36
36 37
36 37
37 38
37 38
37 39
37 39
38 39
38 39
38 40
38 40
39 41
39 41
40 42
40 42
41 42
41 42
41 43
41 43
42 44
42 44
43 45
43 45
44 46
44 46
45 46
46 46
46 46
47 47
47 47
48 48
48 48
49 48
49 48
50 49
51 49
51 49
52 49
52 49
53 49
54 49
54 49
55 50
55 50
56 50
56 50
57 50
58 50
58 50
59 50
59 50
60 50
60 50
60 50
61 50
61 50
61 49
61 48
61 47
62 46
62 45
62 44
62 43
62 42
62 41
62 40
63 39
63 38
63 37
63 36
63 35
63 34
63 33
64 32
64 31
64 30
64 29
64 28
64 27
64 26
65 25
65 24
65 23
65 22
65 22
65 22
65 22
65 22
65 22
65 22
65 22
65 22
65 22
65 22
65 22
65 22
65 22
65 22
65 22
65 22
65 22
65 22
65 22
65 22
65 22
66 22
66 22
66 22
66 22
67 21
67 21
67 21
68 20
69 20
69 20
70 19
70 19
71 18
72 18
72 18
73 18
73 18
74 17
75 17
75 17
76 16
77 16
77 16
78 16
78 16
79 15
80 15
80 15
81 14
81 14
82 14
82 14
83 14
83 14
83 14
83 14
83 14
83 14
83 13
83 13
83 13
82 13
82 13
81 14
81 14
80 15
79 15
78 16
77 17
76 18
75 18
74 19
74 19
74 20
74 21
74 21
73 21
73 21
73 22
73 22
73 23
73 24
73 24
73 25
73 25
72 26
72 27
72 27
72 28
72 29
72 30
72 30
71 31
71 32
71 32
71 33
71 34
71 35
71 35
71 36
70 37
70 38
70 38
69 39
69 40
69 40
69 41
69 41
69 42
69 42
69 43
69 43
69 43
69 43
69 42
69 42
70 41
71 40
71 39
72 38
73 37
74 36
74 35
75 34
76 33
77 32
77 31
78 30
79 29
80 28
80 27
81 26
82 25
83 24
83 23
84 22
84 22
85 22
85 22
85 22
85 22
85 22
85 22
85 22
85 22
85 23
85 23
85 23
85 24
85 24
84 25
84 25
84 26
84 27
84 27
83 28
82 28
82 28
81 29
81 29
80 30
80 31
80 31
79 32
78 33
78 33
77 34
77 35
77 35
76 36
75 36
74 37
73 37
72 38
71 38
70 39
69 39
68 40
67 40
66 41
65 42
64 42
63 43
62 43
61 44
60 44
59 45
58 45
57 46
56 46
55 47
55 47
54 48
54 48
53 48
53 48
53 48
53 48
53 48
53 48
53 48
54 48
54 48
55 47
55 47
56 47
56 47
57 46
58 46
58 46
59 45
60 45
60 45
61 45
62 45
62 45
63 44
64 44
64 44
65 44
66 43
67 43
67 43
68 43
69 43
70 43
70 43
71 42
72 42
72 42
73 42
74 42
75 42
75 42
76 42
77 41
78 41
78 41
79 41
80 41
81 41
81 41
82 40
83 40
83 40
84 40
85 40
86 40
86 40
87 39
88 39
88 39
89 39
90 39
90 39
91 39
92 39
93 39
93 39
94 38
95 38
95 38
96 38
97 38
97 38
98 38
98 38
99 37
99 37
99 37
100 37
100 37
99 38
99 38
99 38
98 38
98 38
97 37
97 37
96 36
95 36
94 35
93 34
92 34
91 33
90 32
89 32
88 31
87 30
86 29
85 29
84 28
83 27
82 27
81 26
80 25
79 25
78 24
77 23
76 23
75 22
75 22
75 21
75 21
75 21
75 21
75 21
75 21
76 22
76 22
76 22
76 23
76 23
76 23
76 24
76 24
76 25
76 25
76 25
76 26
76 26
76 27
76 28
76 28
76 29
76 29
76 30
76 30
76 31
76 32
76 32
76 33
76 33
76 34
76 35
76 35
76 36
76 36
76 37
76 38
76 38
76 39
76 39
76 40
76 40
76 41
76 41
76 42
76 43
76 43
76 44
76 44
76 45
76 46
76 46
75 47
75 47
75 48
75 48
75 49
75 50
75 50
75 51
75 51
75 52
75 52
74 53
74 54
74 54
74 55
74 55
74 56
74 56
74 57
74 58
74 58
74 59
74 59
74 60
74 60
74 61
74 62
74 62
74 63
74 63
74 64
74 64
74 65
74 66
74 66
74 67
74 67
74 68
74 68
74 69
74 70
74 70
74 71
74 71
74 72
74 72
74 73
74 73
74 74
74 75
74 75
73 76
73 76
73 77
73 78
73 78
73 79
73 80
73 80
73 81
73 81
73 82
73 83
73 83
73 84
73 85
73 85
73 86
73 87
73 87
73 88
73 89
73 89
73 90
73 91
73 91
73 92
72 93
72 94
72 94
72 95
72 96
72 96
72 97
72 98
72 98
72 99
72 100
