2 31
1 31
1 31
1 31
0 31
0 31
0 31
0 31
0 31
0 31
0 31
0 31
1 30
1 30
2 30
3 30
3 30
4 29
5 28
5 28
6 28
7 27
8 27
9 27
9 27
10 26
11 26
12 25
12 25
13 25
14 24
15 24
15 24
16 23
17 23
18 22
18 22
19 21
20 21
20 21
21 21
22 21
22 21
23 20
24 20
24 20
25 20
25 20
25 20
25 20
25 20
25 20
24 20
24 20
23 19
22 18
21 17
20 16
19 15
18 14
17 13
16 12
16 12
16 11
16 10
16 10
16 10
16 10
15 9
15 9
15 9
15 9
15 9
15 10
15 10
15 11
15 11
15 12
15 13
15 13
15 14
15 15
15 16
15 16
15 17
15 18
15 19
15 19
15 20
16 21
16 22
16 23
16 23
16 24
16 25
16 26
16 27
16 28
16 29
16 29
16 30
16 31
17 32
17 33
17 34
17 34
17 35
17 36
17 37
18 38
18 39
18 40
18 41
18 41
18 42
18 43
18 44
19 45
19 46
19 47
19 48
19 48
19 49
19 50
20 51
20 52
20 53
20 54
20 54
20 55
20 56
21 57
21 58
21 59
21 60
21 60
21 61
22 62
22 63
22 64
22 64
22 65
22 66
22 66
22 67
22 68
22 68
23 69
23 70
23 70
23 71
23 71
23 71
23 71
23 70
23 70
23 69
23 69
22 68
22 67
22 67
22 66
21 65
21 64
20 63
20 62
19 61
19 60
18 59
18 58
17 57
17 56
16 55
16 54
16 53
15 52
15 51
14 50
14 49
13 48
13 47
12 46
12 45
11 44
11 43
10 42
10 41
10 41
9 40
9 40
9 39
9 39
9 39
9 38
9 38
9 38
10 37
10 37
11 36
11 36
12 36
12 36
13 35
13 35
14 35
14 35
14 35
15 36
15 36
15 37
15 37
15 38
15 38
14 39
14 40
14 40
14 41
13 42
13 43
13 43
13 44
13 45
13 46
13 46
12 47
12 48
11 49
11 49
11 50
10 51
10 52
10 52
9 53
9 54
8 55
8 56
8 56
8 57
7 58
7 59
7 59
6 60
6 61
5 62
5 62
4 63
4 64
4 64
3 65
2 66
2 66
2 67
2 67
1 67
1 67
1 67
1 67
0 66
0 65
0 65
0 64
0 64
0 63
0 62
0 62
0 61
0 60
0 60
0 59
0 58
0 58
0 57
0 57
0 56
0 56
1 55
1 55
2 54
2 54
3 53
4 53
4 53
5 52
6 52
6 52
7 52
8 51
9 51
9 51
10 51
11 50
12 50
13 50
13 50
14 50
15 49
16 49
17 49
17 49
18 49
19 48
20 48
21 48
21 48
22 48
23 48
24 47
25 47
26 47
26 47
27 47
28 47
29 47
30 47
30 47
31 47
32 46
33 46
34 46
34 46
35 46
36 46
37 46
37 46
38 46
39 46
40 46
40 46
41 45
42 45
42 45
43 45
43 45
44 44
44 44
45 44
45 44
45 44
45 44
45 44
45 44
44 43
44 43
43 42
43 41
42 40
41 39
40 38
40 37
39 36
38 35
37 34
37 33
36 32
35 31
34 30
34 29
33 28
33 28
32 28
32 28
32 28
31 28
31 28
31 27
31 27
31 27
32 26
32 26
33 26
34 26
34 26
35 25
36 24
36 24
37 23
38 23
38 23
39 22
40 22
41 21
41 21
42 21
43 20
44 20
44 20
45 19
46 19
46 19
47 18
47 18
48 18
48 18
49 18
49 18
49 18
49 18
49 18
48 17
47 16
46 15
45 14
44 14
43 13
42 12
41 11
41 11
41 10
41 10
41 9
41 9
41 8
41 8
41 8
41 8
41 8
41 9
41 9
41 10
41 10
41 11
41 11
41 12
41 13
41 14
41 14
41 15
41 16
41 17
41 17
41 18
42 19
42 20
42 20
42 21
42 22
43 23
43 24
43 25
43 25
43 26
43 27
44 28
44 29
44 30
44 30
44 31
44 32
45 33
45 34
45 35
45 36
45 36
45 37
45 38
46 39
46 40
46 41
46 42
46 42
46 43
46 44
47 45
47 46
47 47
47 47
47 48
47 49
48 50
48 51
48 52
48 52
48 53
49 54
49 55
49 56
49 56
49 57
50 58
50 59
50 59
50 60
50 61
50 61
51 62
51 63
51 63
51 63
51 63
51 63
51 63
51 62
51 61
51 61
50 60
50 60
50 59
49 58
49 57
49 56
49 55
48 54
48 53
48 52
47 51
47 50
47 49
46 48
46 47
46 46
46 45
45 44
45 43
45 42
44 41
44 40
44 39
43 38
43 37
43 36
43 35
42 34
42 33
42 33
42 32
42 31
42 31
42 30
42 30
42 29
42 29
42 29
42 29
41 29
41 29
41 29
40 29
40 29
39 30
39 31
39 31
38 32
38 33
38 33
38 34
37 35
37 36
37 36
36 37
36 38
35 39
35 40
35 40
34 41
34 42
33 43
33 44
33 44
33 45
32 46
32 47
32 48
32 48
32 49
31 50
31 51
31 52
31 52
30 53
30 54
30 54
30 55
30 56
30 57
30 57
29 58
29 58
29 59
29 59
29 59
30 59
30 59
30 58
30 58
31 57
31 56
31 56
31 55
31 54
31 53
31 52
31 51
31 50
31 49
31 48
31 47
31 46
32 45
32 44
32 43
32 42
32 41
32 40
32 39
32 38
32 37
32 36
32 35
32 34
32 34
31 33
31 33
31 32
31 32
31 31
31 31
31 30
31 30
31 30
31 30
31 30
32 29
32 29
33 29
33 29
34 30
35 30
35 30
36 30
37 31
38 31
38 31
39 31
40 32
41 32
41 32
42 33
43 33
44 34
44 34
45 35
46 36
47 37
47 37
48 38
49 38
50 39
51 39
51 39
52 40
53 41
54 42
54 42
55 43
56 43
57 44
57 44
58 45
59 46
59 46
60 47
61 47
61 47
62 48
63 48
63 48
64 49
65 49
65 49
66 49
66 49
66 49
66 49
66 49
66 48
66 48
65 48
65 48
65 47
65 46
65 45
65 44
65 43
65 42
65 41
65 40
65 39
64 38
64 37
64 36
64 35
64 34
64 33
64 32
64 31
64 30
64 29
64 28
64 27
64 26
64 25
64 24
64 23
64 22
64 21
64 20
63 19
63 18
63 17
63 16
63 15
63 14
63 13
63 12
63 11
63 10
63 10
64 10
64 10
64 9
64 9
64 8
64 8
65 8
65 8
66 7
67 7
67 7
68 7
69 6
70 6
70 6
71 5
72 4
72 4
73 4
74 4
75 4
75 4
76 4
77 3
78 3
78 3
79 2
80 2
80 2
81 2
82 1
83 1
83 1
84 1
85 1
85 1
86 1
87 1
87 1
87 0
87 0
88 0
88 0
88 1
88 1
87 2
86 2
85 3
84 3
83 4
82 5
81 5
80 6
79 7
78 7
77 8
76 8
75 9
74 10
73 10
72 11
71 11
70 12
70 12
71 13
71 13
71 12
71 12
72 13
72 13
73 13
73 13
74 13
74 13
75 14
75 15
75 15
76 16
76 16
76 17
76 17
77 18
77 18
77 19
77 19
78 19
78 19
79 20
79 20
80 19
81 19
82 18
83 18
84 17
85 17
86 16
87 16
88 15
88 15
89 14
90 14
91 13
91 13
92 12
92 12
93 11
93 11
94 11
94 11
94 11
94 11
94 11
93 11
93 11
92 12
92 12
91 13
91 13
90 14
89 15
89 15
88 16
87 17
87 17
86 18
85 18
84 19
84 19
83 20
83 21
82 22
82 22
81 23
80 23
79 24
79 24
78 25
78 26
77 27
77 27
76 28
75 29
74 30
74 30
73 31
72 31
71 32
71 32
70 33
69 34
69 34
68 35
67 36
67 36
66 37
66 38
66 38
65 38
64 38
64 38
64 39
64 39
64 39
64 39
65 39
65 39
66 39
66 39
67 38
68 38
68 38
69 38
70 37
71 37
71 37
72 36
73 36
74 35
74 35
75 35
76 34
77 34
78 34
78 34
79 33
80 33
81 32
82 32
82 32
83 32
84 31
85 31
86 30
87 30
87 30
88 30
89 29
90 29
91 29
91 29
92 29
93 28
94 28
94 28
95 28
96 28
96 28
97 27
98 27
98 27
99 27
99 27
99 27
100 26
100 26
99 26
99 26
99 26
98 26
98 26
97 26
97 26
96 25
95 24
94 23
93 22
92 21
92 20
91 19
90 18
89 17
88 16
88 16
88 15
88 14
88 14
87 13
87 12
87 12
87 11
87 11
87 11
87 10
87 10
86 10
86 10
86 10
86 10
86 10
86 10
86 11
86 11
86 12
86 12
86 13
86 14
86 14
86 15
86 16
86 16
86 17
86 18
86 19
86 19
86 20
87 21
87 22
87 23
87 23
87 24
87 25
87 26
87 27
87 28
87 28
87 29
87 30
88 31
88 32
88 33
88 33
88 34
88 35
88 36
89 37
89 38
89 39
89 40
89 40
89 41
89 42
89 43
90 44
90 45
90 46
90 47
90 47
90 48
90 49
90 50
91 51
91 52
91 53
91 54
91 54
91 55
91 56
91 57
91 58
91 59
91 60
91 61
91 61
91 62
91 63
91 64
92 65
92 66
92 67
92 68
92 69
92 69
92 70
92 71
92 72
92 73
92 74
92 75
92 76
92 77
92 77
92 78
92 79
92 80
93 81
93 82
93 83
93 84
93 84
93 85
93 86
94 87
94 88
94 89
94 89
94 90
94 91
93 92
93 93
93 94
93 94
93 95
93 96
93 97
93 98
93 98
93 99
93 99
92 100
92 100
92 100
92 100
91 99
91 99
90 98
90 97
