0 41
0 41
0 41
0 40
0 40
0 40
0 40
1 39
1 39
2 38
2 38
3 38
4 38
4 38
5 37
5 36
5 36
6 36
7 35
8 35
8 35
9 34
10 33
10 33
11 32
12 32
12 32
13 31
14 30
14 30
15 29
16 29
16 29
17 28
18 27
18 27
19 26
19 26
20 25
20 25
21 25
21 25
20 24
20 23
19 22
18 21
18 20
17 19
16 18
16 17
15 16
15 15
14 14
13 13
13 12
12 11
11 10
11 9
10 8
10 8
10 9
10 10
10 10
10 9
10 9
10 10
10 11
10 11
10 12
10 13
10 14
10 14
10 15
10 16
10 17
10 17
10 18
10 19
10 20
10 21
10 21
10 22
10 23
11 24
11 25
11 26
11 27
11 27
11 28
11 29
11 30
11 31
11 32
11 33
11 34
11 34
11 35
11 36
11 37
11 38
11 39
11 40
11 40
11 41
11 42
12 43
12 44
12 45
12 46
12 46
12 47
12 48
12 49
12 50
12 51
12 52
12 52
12 53
12 54
12 55
13 56
13 57
13 58
13 59
13 60
13 60
13 61
13 62
14 63
14 64
14 65
14 66
14 66
14 67
14 68
14 69
14 70
14 71
14 72
14 72
14 73
14 74
15 75
15 76
15 77
15 77
15 78
15 79
15 80
15 80
15 81
15 82
15 82
15 82
15 81
15 80
15 79
14 78
14 77
14 76
14 75
14 74
14 73
13 72
13 71
13 70
13 69
13 68
13 67
12 66
12 65
12 64
12 63
12 62
12 61
12 60
11 59
11 58
11 57
11 56
11 55
11 54
10 53
10 52
10 51
10 50
10 49
10 48
9 47
9 46
9 45
9 44
9 44
9 44
8 43
8 43
8 44
8 45
8 45
7 46
7 47
7 47
7 48
7 49
7 50
7 50
7 51
6 52
6 53
6 53
6 54
5 55
5 56
5 56
5 57
4 58
4 59
4 59
4 60
3 61
3 62
3 62
2 63
2 64
2 64
1 65
1 65
0 66
0 66
0 65
1 64
1 63
1 62
1 61
2 60
2 59
2 58
3 57
3 56
3 55
4 54
4 53
4 52
4 51
5 50
5 49
5 48
6 47
6 46
6 45
6 44
7 43
7 42
7 42
8 42
8 42
8 42
8 42
8 42
8 42
9 43
9 43
9 44
9 44
10 44
10 44
11 45
12 45
12 45
13 46
13 46
14 47
14 48
14 48
15 49
16 50
16 50
17 51
17 51
18 52
19 53
19 53
20 54
21 55
21 55
22 56
23 56
23 56
24 56
24 56
25 57
26 57
26 57
27 58
28 58
28 58
28 57
28 56
27 55
27 54
27 53
27 52
26 51
26 50
26 49
26 48
25 47
25 46
25 45
25 44
24 43
24 42
24 41
24 40
23 39
23 38
23 37
23 37
23 37
23 37
24 36
24 36
24 35
24 35
25 34
25 34
26 33
26 32
26 32
27 31
28 31
28 31
29 30
30 29
30 29
31 28
32 27
33 26
33 26
34 25
35 25
35 25
36 24
37 23
37 23
38 22
39 21
39 21
40 20
41 20
41 20
42 19
42 19
43 18
43 18
43 18
43 18
42 17
42 17
41 16
40 15
39 15
38 14
37 13
36 12
35 12
34 11
34 11
33 10
33 10
33 9
33 9
33 9
33 10
33 10
33 11
33 12
33 12
33 13
33 14
33 14
33 15
33 16
33 17
33 17
33 18
33 19
33 20
33 21
33 21
33 22
34 23
34 24
34 25
34 25
34 26
34 27
34 28
34 29
34 30
34 30
34 31
34 32
34 33
34 34
34 35
34 35
34 36
35 37
35 38
35 39
35 39
35 40
35 41
35 42
35 43
35 43
35 44
35 45
35 46
35 47
35 48
35 48
35 49
36 50
36 51
36 52
36 52
36 53
36 54
36 55
36 56
36 57
36 57
36 58
36 59
36 60
36 61
36 61
36 62
36 63
36 64
36 65
36 65
36 66
37 67
37 68
37 69
37 69
37 70
37 71
37 72
37 72
37 73
37 74
37 75
37 75
37 76
37 77
37 77
37 78
37 78
37 78
38 78
38 78
38 78
38 77
38 76
37 75
37 74
37 73
37 72
37 71
37 70
36 69
36 68
36 67
36 66
36 65
36 64
35 63
35 62
35 61
35 60
35 59
34 58
34 57
34 56
34 55
34 54
34 53
33 52
33 51
33 50
33 49
33 48
33 47
32 46
32 45
32 44
32 43
32 42
32 41
31 40
31 39
31 38
31 38
31 37
31 36
31 36
30 36
30 36
30 36
29 37
29 37
29 37
29 38
29 38
28 39
28 40
28 40
28 41
28 42
28 42
28 43
28 44
28 44
28 45
28 46
28 47
28 47
28 48
27 49
27 50
27 50
27 51
27 52
27 53
27 53
26 54
26 55
26 55
26 56
26 56
26 55
26 54
26 53
27 52
27 51
27 50
27 49
27 48
27 47
28 46
28 45
28 44
28 43
28 42
28 41
29 40
29 39
29 38
29 37
29 37
30 36
31 35
31 35
32 35
32 35
32 35
33 35
33 35
33 35
34 36
34 36
35 37
35 37
36 38
36 38
37 39
38 39
38 39
39 40
39 40
40 41
41 41
41 41
42 42
42 43
42 43
43 44
44 44
44 44
45 45
46 46
46 46
47 47
47 48
47 48
48 49
49 49
49 49
50 50
51 50
51 50
52 50
53 50
53 50
54 50
55 50
55 50
56 51
57 51
57 51
58 51
59 51
59 51
60 51
61 51
61 51
61 50
61 49
61 48
62 47
62 46
62 45
62 44
62 43
62 42
62 41
62 40
63 39
63 38
63 37
63 36
63 35
63 34
63 33
63 32
64 31
64 30
64 29
64 28
64 27
64 26
64 25
64 24
65 23
65 22
65 21
65 20
65 19
65 18
65 17
65 16
66 15
66 14
66 13
66 12
66 11
66 11
66 11
66 11
66 11
66 11
66 11
67 11
67 11
68 10
68 10
69 9
70 9
70 9
71 8
72 8
72 8
73 7
74 7
74 7
75 6
76 6
76 6
77 5
78 4
78 4
79 3
80 3
80 3
81 2
82 2
82 2
83 1
84 1
84 1
85 1
85 1
85 0
85 0
84 1
83 2
83 3
82 4
81 5
80 6
80 7
79 8
78 9
77 10
77 11
76 12
75 13
74 14
74 15
73 16
72 17
71 18
71 19
70 20
70 20
70 20
70 20
70 20
71 21
71 21
71 22
71 22
72 23
72 24
72 24
73 25
73 25
74 26
74 27
74 27
75 28
75 29
75 29
76 30
76 30
77 31
77 31
77 32
77 32
78 33
78 33
79 34
79 34
79 33
79 32
79 31
80 30
80 29
80 28
80 27
80 26
80 25
81 24
81 23
81 22
81 21
81 21
81 21
81 21
81 21
81 21
81 21
81 21
81 20
81 20
82 19
82 19
83 19
83 19
84 18
84 18
84 18
85 18
85 18
85 19
85 19
85 20
85 20
84 21
84 22
84 22
84 23
83 24
83 25
83 25
82 26
82 27
81 28
81 28
80 29
80 30
79 31
79 31
79 32
78 33
78 34
78 34
77 35
77 36
76 37
76 37
76 38
75 39
75 40
75 40
74 41
73 42
73 42
72 43
72 44
72 44
71 45
71 46
71 46
71 47
71 48
71 48
71 49
71 49
71 49
71 49
71 49
71 49
72 48
72 48
73 47
73 47
74 46
75 46
75 46
76 45
77 44
77 44
78 43
79 43
79 43
80 42
81 42
82 41
82 41
83 40
84 40
85 39
85 39
86 38
87 37
87 37
88 36
89 36
90 35
90 35
91 34
92 34
93 33
93 33
94 32
95 32
95 32
96 31
97 30
97 30
98 30
98 30
99 30
99 30
100 29
100 29
100 29
99 28
98 27
97 26
96 25
96 24
95 23
94 22
93 21
92 20
91 19
90 18
89 17
89 16
88 15
87 14
86 13
85 12
84 11
83 10
82 9
82 8
81 7
80 6
79 5
78 4
78 4
78 4
77 4
77 4
77 3
77 3
78 4
78 4
78 5
78 5
78 6
78 7
78 7
78 8
78 9
78 9
78 10
79 11
79 12
79 12
79 13
79 14
79 15
79 16
79 16
79 17
79 18
79 19
79 20
79 20
79 21
79 22
79 23
79 24
79 24
79 25
79 26
79 27
79 28
79 28
79 29
79 30
79 31
79 32
79 32
79 33
79 34
79 35
79 36
79 37
79 37
79 38
79 39
79 40
79 41
79 41
79 42
79 43
79 44
79 45
79 46
79 46
79 47
79 48
79 49
79 50
79 51
79 52
79 52
79 53
79 54
79 55
79 56
79 57
79 58
79 58
79 59
79 60
79 61
79 62
79 63
79 64
79 64
79 65
79 66
79 67
79 68
79 68
79 69
79 70
80 71
80 72
80 73
80 73
80 74
80 75
80 76
80 77
80 78
80 78
80 79
80 80
80 81
80 81
80 82
81 83
81 84
81 84
81 85
81 86
81 87
81 87
81 88
81 89
81 90
81 91
81 91
81 92
82 93
82 94
82 94
82 95
82 96
82 97
82 97
82 98
82 98
82 99
82 99
82 99
82 99
82 99
82 99
82 99
83 100
83 100
