0 39
1 39
1 39
1 39
1 39
2 39
2 39
2 39
3 39
3 39
4 38
5 37
5 37
6 36
7 36
7 36
8 35
9 35
9 35
10 34
11 34
11 34
12 33
13 33
14 32
14 32
15 32
16 31
17 31
17 31
18 30
19 30
19 30
20 29
20 29
21 28
21 28
22 27
22 27
23 27
23 27
23 26
23 26
23 25
23 25
22 24
22 24
22 23
22 23
21 22
21 22
20 21
20 21
19 20
18 19
18 19
17 18
17 18
16 17
16 16
16 16
16 15
15 14
15 13
15 13
15 12
15 11
15 11
14 10
14 9
14 9
14 8
14 7
14 7
14 6
14 6
14 5
14 5
13 4
13 4
13 4
13 4
13 5
13 5
14 6
14 7
14 7
14 8
14 9
14 10
14 10
14 11
14 12
14 13
14 14
14 14
14 15
14 16
14 17
14 18
14 19
14 19
14 20
14 21
15 22
15 23
15 24
15 25
15 25
15 26
15 27
15 28
15 29
15 30
15 31
15 31
15 32
15 33
15 34
15 35
15 36
15 37
15 38
15 38
15 39
15 40
15 41
16 42
16 43
16 44
16 45
16 46
16 46
16 47
16 48
16 49
16 50
16 51
16 52
16 53
16 54
16 54
16 55
16 56
16 57
16 58
16 59
16 60
16 61
16 61
16 62
16 63
16 64
16 65
16 66
16 66
16 67
16 68
16 69
16 70
16 71
16 71
16 72
16 73
16 74
16 75
16 75
16 76
16 77
16 78
16 78
16 79
16 80
16 80
15 81
15 82
15 82
15 83
15 83
14 83
14 83
14 83
13 83
13 83
13 82
13 81
13 81
12 80
12 79
12 79
12 78
11 77
11 76
11 75
11 75
11 74
11 73
11 72
11 71
11 71
11 70
11 69
11 68
11 67
10 66
10 65
10 64
10 63
10 62
10 61
10 60
10 59
9 58
9 57
9 56
9 55
9 54
9 53
9 52
9 51
8 50
8 49
8 48
8 47
8 46
8 46
8 45
8 44
7 43
7 42
7 41
7 41
7 40
7 40
7 40
7 39
7 39
6 39
6 39
6 40
6 40
6 41
6 42
6 42
6 43
6 44
6 45
6 45
6 46
5 47
5 48
5 48
5 49
4 50
4 51
4 52
4 52
4 53
3 54
3 55
3 55
3 56
2 57
2 58
2 59
2 59
1 60
1 61
1 61
0 62
0 63
0 63
0 64
0 64
0 64
0 64
0 63
0 63
0 62
0 61
0 61
0 60
1 59
1 58
1 58
2 57
2 56
2 56
3 55
3 54
3 54
4 53
4 52
4 52
5 51
5 51
6 50
6 50
7 50
7 50
8 50
8 50
9 51
10 51
10 51
11 52
12 52
12 52
13 53
13 53
14 54
15 54
15 54
16 55
17 55
17 55
17 56
17 56
18 57
18 57
19 57
19 57
19 57
19 57
19 57
19 57
19 57
19 56
19 56
19 55
19 54
19 54
19 53
19 52
19 51
20 50
20 49
20 48
20 47
20 46
20 45
20 44
20 43
21 42
21 41
21 40
21 39
21 38
21 38
21 38
21 38
21 38
22 37
22 37
23 37
23 37
24 36
24 36
25 35
26 34
26 34
27 33
28 33
28 33
29 32
30 31
30 31
31 30
32 30
32 30
33 29
34 29
34 29
35 28
36 28
36 28
37 27
38 26
38 26
39 25
40 25
40 25
41 25
41 25
42 24
42 24
42 24
42 24
42 23
42 23
41 22
40 21
40 20
39 19
38 18
37 17
37 16
36 15
35 14
34 13
34 12
33 11
33 11
32 10
32 9
32 9
32 8
32 8
32 8
32 8
32 8
33 9
33 10
33 10
34 11
34 12
34 12
34 13
34 14
34 15
34 15
34 16
34 17
35 18
35 19
35 20
35 20
35 21
35 22
35 23
35 24
35 25
35 25
35 26
35 27
35 28
35 29
35 30
35 30
35 31
35 32
35 33
35 34
35 35
35 36
35 36
35 37
35 38
35 39
35 40
35 41
35 42
35 42
35 43
35 44
35 45
36 46
36 47
36 48
36 49
36 49
36 50
36 51
36 52
36 53
36 54
36 55
36 55
36 56
36 57
37 58
37 59
37 60
37 61
37 61
37 62
37 63
38 64
38 65
38 66
38 66
38 67
38 68
38 69
38 70
38 71
38 71
38 72
38 73
38 74
38 75
38 76
38 76
38 77
38 78
38 79
38 79
38 80
38 81
38 82
38 82
37 83
37 84
37 84
37 85
37 86
37 86
36 86
36 86
36 87
36 87
36 87
35 86
35 86
34 85
34 84
34 84
34 83
33 82
33 81
33 81
33 80
32 79
32 78
32 77
32 77
32 76
32 75
31 74
31 73
31 72
31 72
31 71
31 70
30 69
30 68
30 67
30 67
30 66
30 65
30 64
30 63
30 62
30 61
30 61
30 60
30 59
29 58
29 57
29 56
29 55
29 55
29 54
29 53
29 52
29 51
29 50
29 50
29 49
29 48
29 47
29 46
29 45
29 45
29 44
29 43
29 42
29 41
29 40
29 40
29 39
30 38
30 37
30 37
30 36
30 36
30 35
30 35
31 35
31 35
31 35
31 36
31 36
31 37
31 37
31 38
30 39
30 40
30 40
30 41
30 42
30 42
30 43
29 44
29 45
29 46
29 46
29 47
29 48
29 49
29 49
29 50
28 51
28 52
28 52
28 53
27 54
27 55
27 56
27 56
26 57
25 58
25 58
25 59
24 60
24 61
24 61
23 62
23 63
23 63
22 64
22 64
22 65
22 65
22 65
22 64
22 64
22 63
22 63
22 62
22 61
22 61
23 60
23 59
24 58
25 57
25 56
26 55
26 54
27 53
28 52
28 51
29 50
30 49
30 48
31 47
31 46
32 45
32 45
33 45
34 44
35 44
35 44
36 44
36 44
36 44
37 45
37 45
38 46
38 46
38 47
38 48
38 48
39 49
39 49
40 50
40 51
40 51
41 52
41 53
41 53
42 54
42 54
43 55
44 56
44 56
45 57
45 57
46 58
46 59
46 59
47 60
47 60
48 61
49 61
49 61
50 62
50 62
50 62
51 62
51 62
52 62
52 62
52 62
52 62
53 61
53 61
53 60
53 59
53 59
53 58
53 57
53 57
53 56
53 55
53 54
54 53
54 52
54 51
54 50
54 49
54 48
54 47
55 46
55 45
55 44
55 43
55 42
55 41
55 40
55 39
56 38
56 37
56 36
56 35
56 34
56 33
56 32
57 31
57 30
57 29
57 28
57 27
57 26
57 25
58 24
58 23
58 22
58 21
58 20
58 19
58 18
58 17
59 16
59 15
59 14
59 13
59 13
59 13
59 13
58 12
58 12
58 12
58 12
58 12
59 12
59 12
60 12
60 12
61 11
62 11
62 11
63 10
64 10
65 9
65 9
66 9
67 8
68 8
68 8
69 7
70 7
71 6
71 6
72 5
73 5
74 4
74 4
75 4
76 3
77 3
77 3
78 3
79 2
80 2
80 2
81 1
82 1
82 1
83 1
83 1
84 0
84 0
84 1
84 1
84 1
84 2
84 2
83 3
82 3
81 4
80 5
79 6
78 6
77 7
76 8
75 8
74 9
74 9
73 10
72 11
71 11
70 12
70 12
69 13
69 13
68 14
68 14
67 15
67 16
67 16
67 17
67 17
67 18
67 19
67 19
67 20
67 21
67 21
67 22
68 23
68 24
68 24
69 25
69 26
69 26
69 27
69 28
69 28
70 29
70 29
71 30
71 31
71 31
71 31
72 32
72 32
73 32
73 32
74 32
74 32
75 31
75 31
76 30
77 29
78 28
78 27
79 26
80 25
81 24
81 24
82 23
83 22
83 21
84 20
84 20
85 19
85 18
85 18
86 17
87 17
87 17
87 16
87 16
88 17
88 17
89 17
89 17
89 18
89 18
89 19
89 19
89 20
89 20
88 21
87 22
87 22
86 23
86 24
86 24
85 25
85 26
84 27
84 27
83 28
82 29
82 29
81 30
80 31
79 32
79 32
78 33
77 34
76 35
76 35
75 36
74 37
73 38
73 38
72 39
71 39
70 40
70 40
69 41
68 42
67 43
67 43
66 44
65 45
64 46
64 46
63 47
62 48
62 48
61 49
60 49
59 50
59 50
58 51
57 51
57 51
56 52
56 52
55 53
55 53
54 53
54 53
54 53
55 53
55 53
56 53
56 53
57 52
57 52
58 51
59 51
60 50
60 50
61 50
62 49
63 49
63 49
64 48
65 48
66 47
66 47
67 46
68 46
69 45
70 45
70 45
71 45
72 44
73 44
74 44
74 44
75 43
76 43
77 42
78 42
78 42
79 42
80 41
81 41
81 41
82 41
83 40
84 40
85 40
85 40
86 40
87 39
88 39
88 39
89 39
90 38
91 38
91 38
92 38
93 38
93 38
94 38
95 38
95 38
96 38
97 38
97 38
98 38
98 38
99 38
99 38
99 38
100 38
100 38
99 38
99 38
99 37
99 37
99 37
98 36
98 36
97 35
97 35
96 34
95 33
94 32
93 31
92 30
92 29
91 28
90 27
89 26
88 25
87 24
86 23
85 22
84 21
83 20
82 19
81 18
81 17
80 16
79 15
78 14
77 13
76 12
76 12
76 11
75 10
75 9
75 9
75 8
75 8
74 7
74 7
74 6
74 6
74 6
73 5
73 5
73 5
73 5
73 5
73 6
73 6
73 7
73 7
73 8
73 8
73 9
73 10
73 10
73 11
73 12
73 13
73 13
73 14
73 15
73 15
73 16
73 17
73 17
73 18
73 19
73 20
73 20
73 21
73 22
73 22
73 23
73 24
73 25
73 25
73 26
74 27
74 28
74 28
74 29
74 30
74 31
74 31
74 32
74 33
74 34
74 34
74 35
74 36
74 37
74 37
74 38
74 39
74 40
74 41
74 41
74 42
73 43
73 44
73 44
73 45
73 46
73 47
73 47
73 48
73 49
73 50
73 50
73 51
73 52
73 53
73 54
73 54
73 55
72 56
72 57
72 58
72 58
72 59
72 60
72 61
72 61
72 62
71 63
71 64
71 65
71 65
71 66
71 67
71 68
71 69
71 69
71 70
70 71
70 72
70 73
70 73
70 74
70 75
70 76
70 76
70 77
70 78
70 79
70 80
70 80
70 81
71 82
71 83
71 83
71 84
71 85
71 86
71 86
71 87
71 88
71 88
71 89
71 90
71 91
71 91
72 92
72 93
72 93
72 94
72 95
72 95
72 96
72 96
72 97
72 97
72 98
72 99
72 99
72 100
