0 42
0 42
0 42
0 42
0 42
0 42
0 42
1 42
1 42
2 41
2 41
3 41
3 41
4 41
5 41
5 41
6 40
7 40
7 40
8 40
9 39
10 39
10 39
11 38
12 38
13 37
13 37
14 36
15 36
16 35
16 35
17 34
18 34
19 33
19 33
20 32
21 32
22 31
22 31
23 30
24 30
24 30
25 29
25 29
25 29
25 29
24 28
24 28
24 27
24 27
23 26
23 26
22 25
22 25
21 24
21 23
21 23
20 22
20 21
20 21
19 20
19 19
19 19
18 18
18 17
17 16
17 16
17 15
16 14
16 13
16 13
16 12
15 11
15 10
15 10
15 9
14 8
14 7
14 7
13 6
13 5
13 5
13 4
13 3
13 2
13 2
13 1
13 1
13 0
13 0
13 0
13 1
13 1
13 2
13 3
13 3
13 4
14 5
14 6
14 6
14 7
14 8
14 9
14 10
14 10
14 11
14 12
14 13
14 14
14 14
14 15
14 16
15 17
15 18
15 19
15 19
15 20
15 21
15 22
15 23
15 24
15 25
15 26
15 26
15 27
15 28
15 29
16 30
16 31
16 32
16 33
16 33
16 34
16 35
16 36
16 37
16 38
16 39
16 40
16 40
16 41
16 42
16 43
17 44
17 45
17 46
17 47
17 47
17 48
17 49
17 50
17 51
17 52
17 53
17 53
17 54
17 55
17 56
17 57
17 58
17 58
17 59
17 60
18 61
18 62
18 63
18 63
18 64
18 65
18 66
18 67
18 67
18 68
18 69
18 70
18 70
17 71
17 72
17 72
17 73
17 74
17 74
16 75
16 75
16 76
16 76
15 76
15 76
15 75
15 75
14 74
14 73
14 73
13 72
13 71
13 71
13 70
12 69
12 68
12 67
12 67
12 66
12 65
12 64
12 63
12 63
12 62
12 61
11 60
11 59
11 58
11 58
11 57
11 56
11 55
11 54
11 53
11 53
11 52
10 51
10 50
10 49
10 49
10 48
10 47
10 46
10 46
10 45
10 44
10 43
10 43
11 42
11 41
11 41
11 40
11 40
11 39
11 39
11 39
11 39
11 40
11 40
10 41
10 42
10 42
10 43
10 44
10 45
10 45
10 46
9 47
9 48
9 49
9 49
9 50
8 51
8 52
8 52
8 53
7 54
7 55
7 55
7 56
6 57
6 58
6 58
6 59
5 60
5 61
5 61
4 62
4 63
4 63
3 64
3 64
3 65
3 65
3 65
3 64
3 64
3 63
4 62
4 61
4 60
4 59
5 58
5 57
5 56
6 55
6 54
6 53
7 52
7 51
7 50
7 49
8 48
8 47
8 47
9 46
10 45
11 44
11 44
12 43
13 43
13 43
14 44
14 44
15 44
15 44
16 45
16 46
16 46
17 47
17 48
17 48
18 49
19 50
19 50
20 51
20 52
20 52
21 53
21 53
22 54
22 55
22 55
22 56
22 56
23 56
23 56
23 57
23 57
23 57
24 57
24 57
24 57
24 56
24 55
24 55
24 54
24 53
24 52
25 51
25 50
25 49
25 48
25 47
25 46
25 45
25 44
26 43
26 42
26 41
26 40
26 39
26 38
26 37
26 36
27 35
27 34
27 33
27 32
27 32
28 32
28 32
28 32
28 32
29 31
29 31
30 30
31 30
31 30
32 29
33 29
33 29
34 28
35 28
35 28
36 27
37 27
38 26
38 26
39 25
40 25
40 25
41 24
42 23
42 23
43 22
43 22
44 21
45 21
45 21
46 20
46 20
46 19
46 19
47 18
47 18
46 17
46 16
45 15
44 14
43 13
43 12
42 11
42 11
41 10
41 9
40 8
40 8
39 7
39 6
39 6
38 5
38 5
37 4
37 4
37 4
37 4
37 5
37 5
37 6
37 7
37 7
37 8
37 9
37 10
37 11
37 11
37 12
37 13
37 14
37 14
37 15
37 16
38 17
38 18
38 19
38 19
38 20
38 21
38 22
38 23
38 24
38 24
38 25
38 26
39 27
39 28
39 29
39 30
39 30
39 31
39 32
39 33
39 34
39 35
39 36
39 36
39 37
39 38
39 39
40 40
40 41
40 42
40 43
40 43
40 44
40 45
40 46
40 47
40 48
40 49
40 50
40 50
40 51
40 52
41 53
41 54
41 55
41 56
41 56
41 57
41 58
41 59
41 60
41 61
41 61
41 62
41 63
41 64
41 65
41 66
41 67
41 67
41 68
41 69
41 70
41 70
41 71
41 72
41 72
41 73
41 74
41 75
41 76
41 76
41 77
41 78
41 78
40 79
40 79
40 79
40 79
39 79
39 79
38 78
38 77
38 77
38 76
37 75
37 74
37 74
37 73
37 72
36 71
36 70
36 69
36 69
36 68
36 67
35 66
35 65
35 64
35 63
35 63
35 62
35 61
34 60
34 59
34 58
34 57
34 57
34 56
34 55
34 54
34 53
34 52
34 51
34 50
34 50
34 49
34 48
34 47
34 46
34 45
34 44
34 43
34 43
34 42
34 41
34 40
34 39
34 39
34 38
34 37
34 36
34 35
34 35
34 34
34 33
34 33
34 32
34 32
34 31
34 31
34 31
34 31
34 32
34 33
34 33
33 34
33 35
33 35
33 36
33 37
33 38
33 39
33 39
33 40
32 41
32 42
32 43
32 43
32 44
31 45
31 46
31 46
31 47
30 48
30 49
30 49
30 50
29 51
29 52
29 52
28 53
27 54
27 54
27 55
27 56
27 56
26 57
26 57
26 56
26 56
26 55
26 55
26 54
26 53
26 53
26 52
26 51
27 50
27 49
27 48
27 47
27 46
28 45
28 44
28 43
28 43
29 42
30 41
31 40
31 40
32 39
32 39
33 39
33 39
34 40
35 40
35 40
36 41
36 41
37 42
38 42
38 42
39 43
40 44
40 44
41 45
41 46
41 46
42 47
42 48
43 49
43 49
44 50
45 50
45 50
46 51
46 52
46 52
47 53
48 53
48 53
48 54
48 54
49 55
49 55
50 55
50 55
50 55
50 55
50 55
50 54
50 53
50 53
50 52
50 51
50 51
50 50
51 49
51 48
52 47
52 46
52 45
53 44
53 43
54 42
54 41
54 40
55 39
55 38
56 37
56 36
56 35
57 34
57 33
58 32
58 31
58 30
59 29
59 28
60 27
60 26
60 25
61 24
61 23
62 22
62 21
62 20
63 19
63 18
64 17
64 16
64 15
65 14
65 13
66 12
66 11
66 11
65 11
65 11
64 11
64 11
63 11
63 11
63 11
64 11
64 11
64 11
65 10
66 10
66 10
67 10
68 10
68 10
69 9
70 9
71 8
71 8
72 7
73 7
74 6
74 6
75 6
76 5
77 5
77 5
78 5
79 4
80 4
80 4
81 4
82 3
83 3
83 3
84 2
85 2
85 2
86 2
87 2
87 2
86 3
85 3
84 4
83 5
82 5
81 6
80 6
79 7
78 8
77 8
76 9
76 9
75 10
74 11
73 11
72 12
72 12
71 13
71 13
70 14
70 15
69 16
69 16
68 17
68 18
68 18
68 19
68 20
68 20
68 21
68 22
68 22
69 23
69 24
69 24
69 25
69 26
69 26
70 27
70 27
71 27
71 27
72 28
72 28
73 28
73 28
74 27
74 27
75 26
76 26
76 26
77 25
77 24
77 24
78 23
79 22
79 22
80 21
80 20
80 20
81 19
82 19
82 19
82 18
82 18
83 17
83 17
83 17
84 18
84 18
84 18
84 19
84 20
84 20
83 21
83 22
83 22
82 23
82 24
82 24
82 25
81 26
81 27
81 27
80 28
80 29
79 30
79 30
78 31
78 32
77 33
77 33
76 34
75 35
75 35
74 36
73 37
72 38
72 38
71 39
71 40
70 41
70 41
69 42
68 42
67 43
67 43
66 44
65 45
64 46
64 46
63 47
62 48
61 49
61 49
60 50
59 51
59 51
58 52
58 53
57 54
57 54
56 55
55 55
55 55
54 56
54 56
54 56
54 56
55 55
55 55
56 54
57 54
57 54
58 54
59 53
60 53
60 53
61 52
62 52
63 51
63 51
64 50
65 50
66 49
67 49
67 49
68 48
69 48
70 47
71 47
71 47
72 46
73 46
74 45
75 45
75 45
76 44
77 44
78 43
79 43
79 43
80 43
81 42
82 42
83 42
83 42
84 42
85 41
86 41
87 41
87 41
88 41
89 40
90 40
90 40
91 40
92 40
93 40
93 40
94 39
95 39
95 39
96 39
97 39
97 39
98 39
98 39
99 39
99 39
100 39
100 39
99 38
99 38
99 38
98 37
98 37
97 36
96 35
96 34
95 33
94 32
93 31
93 30
92 29
91 28
90 27
90 26
89 25
88 24
87 23
87 22
86 21
85 20
84 19
84 18
83 17
82 16
81 15
81 14
80 13
79 12
78 11
78 10
77 9
77 9
77 8
77 7
77 7
76 7
76 7
76 6
76 6
76 6
75 6
75 6
75 6
75 6
75 7
75 7
75 8
75 9
75 9
75 10
75 11
75 11
75 12
75 13
75 13
75 14
75 15
75 16
75 16
75 17
75 18
75 19
75 19
75 20
75 21
75 22
75 23
75 23
75 24
75 25
75 26
75 27
75 27
75 28
75 29
75 30
75 31
75 32
75 32
75 33
74 34
74 35
74 36
74 36
74 37
74 38
74 39
74 40
74 41
74 41
74 42
74 43
74 44
74 45
74 46
74 47
74 47
74 48
74 49
74 50
74 51
74 52
74 52
74 53
74 54
74 55
74 56
74 57
74 58
74 58
74 59
74 60
73 61
73 62
73 63
73 64
73 64
73 65
73 66
73 67
73 68
73 69
73 70
73 70
73 71
73 72
73 73
73 74
73 75
73 75
73 76
73 77
73 78
73 79
73 80
73 81
73 81
73 82
73 83
73 84
73 85
73 86
73 86
73 87
72 88
72 89
72 90
72 90
72 91
72 92
72 93
72 94
72 94
72 95
73 96
73 97
73 97
73 98
73 99
73 99
73 100
73 100
