4 32
4 33
4 33
4 33
5 33
5 33
5 33
6 33
6 33
7 33
7 33
8 32
9 32
9 32
10 31
11 31
11 31
12 31
13 31
13 31
14 30
15 30
15 30
16 29
16 29
17 29
18 29
18 29
19 28
19 28
20 28
20 28
21 27
21 27
21 26
21 26
22 25
22 25
22 24
22 24
21 23
21 22
21 22
21 21
21 21
20 20
20 19
20 19
19 18
18 17
18 17
18 16
17 15
17 14
17 14
16 13
15 12
15 12
15 11
14 10
14 9
14 9
13 8
13 7
13 7
13 6
13 6
12 5
12 5
12 5
13 6
13 6
13 7
13 8
13 9
13 9
13 10
14 11
14 12
14 12
14 13
14 14
14 15
14 16
14 17
14 17
14 18
14 19
14 20
15 21
15 22
15 23
15 24
15 24
15 25
15 26
15 27
15 28
15 29
15 30
15 31
15 31
15 32
15 33
15 34
15 35
16 36
16 37
16 38
16 39
16 40
16 40
16 41
16 42
16 43
16 44
16 45
16 46
16 47
16 48
16 48
16 49
16 50
16 51
16 52
16 53
16 54
16 55
16 56
16 56
16 57
16 58
17 59
17 60
17 61
17 61
17 62
17 63
17 64
17 65
17 66
17 66
17 67
17 68
16 69
16 70
16 71
16 71
16 72
16 73
16 74
16 74
15 75
15 76
15 76
15 77
15 78
15 78
14 79
14 79
14 79
14 79
13 78
13 78
13 77
13 77
13 76
13 75
13 74
13 74
13 73
12 72
12 71
12 71
12 70
12 69
12 68
12 67
12 67
12 66
12 65
12 64
12 63
12 63
12 62
12 61
12 60
12 59
12 58
11 57
11 56
11 55
11 54
11 53
11 52
11 51
11 50
11 49
11 48
11 47
10 46
10 45
10 44
10 43
10 42
10 41
10 41
10 40
10 39
10 38
10 37
10 36
10 36
10 36
10 36
10 36
9 37
9 37
9 38
9 38
9 39
8 40
8 41
8 41
8 42
8 43
8 44
8 44
7 45
7 46
6 47
6 47
6 48
5 49
5 50
5 50
5 51
4 52
4 53
4 54
4 54
3 55
2 56
2 56
2 57
1 58
1 59
1 59
0 60
0 60
0 61
0 61
0 61
0 61
0 60
0 60
1 59
1 58
1 58
2 57
2 56
2 56
2 55
2 54
2 54
2 53
3 52
3 51
3 51
4 50
5 50
5 50
6 49
6 49
7 48
7 48
8 48
9 48
9 48
10 48
10 48
11 48
12 48
12 48
13 49
14 49
14 49
15 50
16 50
16 50
17 51
18 51
18 51
19 52
19 52
20 53
20 53
21 54
21 54
21 54
22 54
22 54
22 54
22 54
22 54
22 53
22 53
22 52
22 52
22 51
22 50
22 49
22 48
22 47
22 46
22 45
22 44
22 43
22 42
22 41
22 40
22 39
22 38
22 37
22 36
22 35
22 34
22 34
23 33
23 33
23 33
23 33
24 33
24 33
25 32
25 32
26 31
26 31
27 31
28 30
29 30
29 30
30 29
31 29
31 29
32 28
33 28
34 27
34 27
35 26
36 26
36 26
37 25
38 25
38 25
39 24
40 24
40 24
41 24
41 24
42 23
43 23
43 23
44 22
44 22
45 22
45 22
45 21
45 21
45 21
45 20
45 20
44 19
44 19
43 19
43 19
42 18
42 17
42 17
41 16
41 16
40 15
40 14
40 14
39 13
38 12
38 12
37 11
37 10
37 10
36 9
36 8
36 8
35 7
35 6
35 6
34 5
34 4
34 4
34 4
34 4
34 4
34 5
34 5
34 6
34 7
34 7
34 8
35 9
35 10
35 10
35 11
35 12
35 13
35 14
35 14
35 15
35 16
36 17
36 18
36 19
36 20
36 20
36 21
36 22
36 23
36 24
36 25
36 26
36 26
36 27
36 28
37 29
37 30
37 31
37 32
37 32
37 33
37 34
37 35
37 36
37 37
37 38
37 38
37 39
37 40
37 41
38 42
38 43
38 44
38 45
38 46
38 46
38 47
38 48
38 49
38 50
38 51
38 52
38 52
38 53
38 54
38 55
38 56
38 57
38 58
38 58
38 59
38 60
38 61
38 62
38 63
38 63
38 64
38 65
38 66
38 67
38 67
38 68
38 69
38 70
38 70
38 71
38 72
38 73
38 73
37 74
37 75
37 75
37 76
37 76
37 76
37 76
37 76
37 75
37 75
36 74
36 74
36 73
36 72
36 71
36 71
36 70
35 69
35 68
35 68
35 67
35 66
35 65
35 64
35 64
35 63
35 62
34 61
34 60
34 59
34 59
34 58
34 57
34 56
34 55
34 54
34 53
34 53
34 52
33 51
33 50
33 49
33 49
33 48
33 47
33 46
33 45
33 44
33 44
33 43
32 42
32 41
32 40
32 40
32 39
32 38
32 37
32 37
32 36
32 35
32 35
31 34
31 34
31 34
31 34
31 34
31 35
31 35
31 36
31 37
31 37
31 38
30 39
30 40
30 40
30 41
29 42
29 43
29 44
29 44
29 45
28 46
28 47
28 47
28 48
27 49
27 50
27 51
27 51
26 52
26 53
25 54
25 54
25 55
24 56
24 57
24 57
23 58
23 58
23 59
23 59
23 59
23 59
24 58
24 57
24 57
25 56
25 55
25 55
25 54
26 53
26 52
27 51
27 50
27 49
28 48
28 47
28 47
29 46
29 45
30 44
30 43
31 42
31 42
32 41
33 40
33 40
34 40
34 40
35 40
36 40
36 40
37 40
38 40
38 40
39 41
39 41
40 42
41 43
41 43
42 44
43 45
43 45
44 46
45 47
45 47
46 48
47 49
47 49
48 50
48 51
48 51
49 52
50 52
50 52
51 53
51 54
51 54
52 55
52 55
52 55
53 56
53 56
53 56
54 55
54 55
54 55
54 54
54 54
54 53
54 52
54 51
55 50
55 49
55 48
55 47
55 46
55 45
55 44
56 43
56 42
56 41
56 40
56 39
56 38
56 37
57 36
57 35
57 34
57 33
57 32
57 31
57 30
58 29
58 28
58 27
58 26
58 25
58 24
58 23
59 22
59 21
59 20
59 19
59 18
59 17
59 16
60 15
60 14
60 13
60 12
60 12
61 11
61 11
61 11
61 10
61 10
61 10
62 9
62 9
63 8
64 8
64 8
65 7
66 7
66 7
67 6
68 6
68 6
69 6
70 5
71 5
71 5
72 4
73 4
74 3
74 3
75 3
76 2
77 2
77 2
78 1
79 1
79 1
80 1
81 1
81 1
82 0
82 0
83 0
83 0
83 1
83 1
83 1
83 1
82 2
82 2
81 3
80 3
80 3
79 4
79 4
78 5
77 5
77 5
76 6
75 6
75 6
74 7
74 7
73 8
72 9
72 9
71 10
71 10
71 11
70 12
70 13
70 13
70 14
70 15
70 15
70 16
70 17
70 18
70 19
70 19
70 20
70 21
70 22
70 22
71 23
71 24
71 24
71 25
71 26
71 27
71 27
72 28
72 28
73 29
73 29
73 30
73 30
74 31
74 31
75 31
75 31
76 30
76 30
77 30
77 30
78 29
79 28
79 28
80 27
80 27
81 26
82 25
82 25
83 24
84 23
84 23
85 22
85 21
85 21
86 20
86 19
86 19
87 19
87 19
87 18
87 18
87 19
87 19
87 19
87 20
87 20
86 21
86 21
85 22
84 23
84 23
83 24
82 25
81 26
81 26
80 27
80 28
79 29
79 29
78 30
77 30
76 31
76 31
75 32
74 33
73 34
73 34
72 35
71 36
70 37
70 37
69 38
68 39
67 40
67 40
66 41
65 42
64 43
64 43
63 44
62 45
61 46
61 46
60 47
59 48
58 49
58 49
57 50
56 50
55 51
55 51
54 52
53 53
53 53
52 54
51 55
51 55
51 55
51 55
51 55
52 54
52 54
53 53
54 52
54 52
55 52
56 51
57 51
57 51
58 50
59 50
60 49
60 49
61 48
62 48
63 47
63 47
64 46
65 46
66 45
67 45
67 45
68 45
69 44
70 44
71 44
71 44
72 43
73 43
74 42
75 42
75 42
76 42
77 41
78 41
79 40
80 40
80 40
81 40
82 39
83 39
84 39
84 39
85 38
86 38
87 37
88 37
88 37
89 37
90 37
91 37
91 37
92 37
93 37
94 37
94 37
95 36
96 36
96 36
97 36
97 36
98 36
99 36
99 36
99 36
100 36
100 36
99 36
99 36
99 36
98 36
98 36
97 36
97 36
96 35
96 35
95 34
94 33
93 32
92 31
92 30
91 29
90 28
89 27
88 26
87 25
86 24
85 23
84 22
84 21
83 20
82 19
81 18
80 17
79 16
78 15
77 14
76 13
76 12
75 11
74 10
73 9
72 8
72 8
72 7
72 7
72 7
71 7
71 7
71 7
71 6
71 6
71 6
71 6
71 7
71 7
71 7
71 8
71 8
72 9
72 10
72 10
72 11
72 11
72 12
72 13
72 13
72 14
72 15
72 15
72 16
72 17
72 17
72 18
72 19
72 19
72 20
72 21
72 22
72 22
72 23
72 24
72 24
72 25
72 26
72 27
72 27
72 28
72 29
72 29
72 30
72 31
72 32
72 32
72 33
72 34
72 35
72 36
72 36
72 37
72 38
72 39
72 39
72 40
72 41
72 42
72 43
72 43
72 44
72 45
72 46
72 46
72 47
71 48
71 49
71 50
71 50
71 51
71 52
71 53
71 54
71 54
71 55
71 56
71 57
71 58
71 58
71 59
71 60
71 61
71 61
71 62
71 63
71 64
71 65
71 66
71 66
71 67
70 68
70 69
70 70
70 70
70 71
70 72
70 73
70 74
70 74
70 75
70 76
70 77
70 78
70 78
70 79
70 80
70 81
70 82
70 82
70 83
70 84
70 85
70 86
70 86
70 87
71 88
71 89
71 90
71 90
71 91
71 92
71 93
71 93
72 94
72 95
72 95
72 96
72 97
72 97
73 98
73 99
73 99
73 100
