0 35
0 36
0 36
0 36
0 36
0 36
1 37
1 37
2 37
2 37
3 36
3 36
4 36
5 36
5 36
6 35
7 35
7 35
8 34
9 34
10 33
10 33
11 32
12 32
13 31
13 31
14 30
15 30
15 30
16 29
17 29
18 28
18 28
19 27
20 27
20 27
21 26
22 25
22 25
23 24
23 24
23 23
23 23
23 23
23 22
23 21
23 21
23 20
23 20
22 19
22 18
22 18
21 17
21 16
21 16
20 15
20 14
20 14
19 13
18 12
18 12
17 11
17 10
17 10
17 9
16 8
16 7
16 7
15 6
15 5
15 5
14 4
14 3
14 3
14 2
14 2
13 1
13 1
13 1
13 1
13 1
13 2
13 2
13 3
13 4
13 4
13 5
14 6
14 7
14 7
14 8
14 9
14 10
14 11
14 11
14 12
15 13
15 14
15 15
15 15
15 16
15 17
15 18
15 19
15 20
15 21
15 21
15 22
15 23
15 24
15 25
15 26
15 27
15 27
15 28
15 29
16 30
16 31
16 32
16 33
16 33
16 34
16 35
16 36
16 37
16 38
16 39
16 40
16 40
16 41
16 42
16 43
16 44
16 45
16 46
16 47
16 47
16 48
16 49
16 50
16 51
16 52
16 53
16 54
16 54
16 55
16 56
16 57
16 58
16 59
16 59
16 60
17 61
17 62
17 63
17 63
17 64
17 65
17 66
17 67
17 67
17 68
17 69
17 70
17 70
16 71
16 72
16 72
16 73
16 74
16 74
16 75
16 75
16 75
16 75
15 75
15 75
15 74
15 74
15 73
15 72
15 72
15 71
14 70
14 69
14 69
14 68
14 67
14 66
14 66
14 65
14 64
13 63
13 62
13 61
13 61
13 60
13 59
13 58
12 57
12 56
12 55
12 54
12 53
12 52
12 51
12 50
11 49
11 48
11 47
11 46
11 45
11 45
11 44
11 43
11 42
11 41
11 40
11 39
11 39
11 38
11 37
11 37
11 36
11 36
10 36
10 36
10 36
10 36
9 36
9 36
9 37
9 38
9 38
9 39
8 40
8 41
8 41
8 42
7 43
7 44
7 44
7 45
6 46
6 47
6 47
5 48
5 49
4 50
4 50
4 51
3 52
3 53
3 53
3 54
3 55
3 55
2 56
2 56
2 57
2 57
2 57
2 56
2 56
3 55
3 55
3 54
3 53
3 53
4 52
4 51
4 51
5 50
5 49
5 49
6 48
6 48
7 47
8 46
8 46
9 45
9 45
10 45
10 45
11 45
11 45
12 45
13 45
13 45
14 46
15 46
15 46
16 47
16 47
17 47
17 47
18 48
19 48
19 48
20 49
20 49
21 50
21 50
21 50
22 50
22 50
22 50
22 50
22 50
22 49
22 49
22 48
22 47
22 47
22 46
22 45
22 44
22 43
22 42
22 41
22 40
22 39
22 38
22 37
22 36
22 35
22 34
22 33
22 32
22 32
23 32
24 32
24 32
24 31
24 31
24 31
24 31
25 30
26 30
26 30
27 29
27 29
28 28
29 28
29 28
30 27
31 27
31 27
32 26
33 26
33 26
34 25
35 24
35 24
36 23
37 23
37 23
38 22
39 22
39 22
40 21
41 21
41 21
42 20
42 20
43 19
43 19
43 19
44 18
44 18
44 18
43 17
43 17
42 16
41 15
40 14
40 13
39 12
38 11
38 11
37 10
37 9
36 8
36 8
36 7
36 7
35 6
35 6
35 6
35 6
35 6
35 7
35 8
35 8
35 9
35 10
35 10
36 11
36 12
36 12
36 13
36 14
36 15
36 15
36 16
37 17
37 18
37 19
37 19
37 20
37 21
37 22
37 23
37 23
37 24
37 25
37 26
37 27
37 28
37 28
37 29
37 30
38 31
38 32
38 33
38 33
38 34
38 35
38 36
38 37
38 37
38 38
38 39
38 40
38 41
38 42
38 43
38 43
38 44
38 45
38 46
38 47
38 48
38 48
38 49
38 50
38 51
38 52
38 53
38 53
38 54
38 55
38 56
38 57
38 58
38 59
38 59
38 60
38 61
38 62
38 63
38 63
38 64
38 65
38 66
38 67
38 67
38 68
38 69
38 70
38 71
38 72
38 72
38 73
38 74
38 75
38 75
38 76
38 77
38 77
38 78
38 79
38 79
37 80
37 81
37 81
37 81
37 81
37 81
36 80
36 80
36 79
36 78
36 78
36 77
35 76
35 75
35 75
35 74
35 73
35 72
35 71
35 71
35 70
35 69
34 68
34 67
34 66
34 66
34 65
34 64
33 63
33 62
33 61
33 61
33 60
33 59
33 58
33 57
33 56
33 55
33 55
33 54
33 53
32 52
32 51
32 50
32 50
32 49
32 48
31 47
31 46
31 45
31 45
31 44
31 43
31 42
31 41
31 41
31 40
31 39
31 39
31 38
31 37
31 37
31 36
31 36
31 35
31 35
31 35
31 35
31 35
31 36
31 36
31 37
31 37
30 38
30 39
30 39
30 40
30 41
30 42
30 42
30 43
29 44
29 45
29 45
29 46
28 47
28 48
28 48
27 49
26 50
26 50
26 51
25 52
25 53
25 53
24 54
24 55
24 55
23 56
23 57
23 57
22 57
22 57
22 58
22 58
22 57
22 57
22 56
22 56
22 55
22 55
23 54
23 53
23 53
23 52
24 51
24 50
24 50
25 49
25 48
25 48
26 47
26 46
27 45
27 45
28 44
28 44
29 43
30 43
30 43
31 42
32 42
32 42
33 42
33 42
34 43
35 43
35 43
36 43
36 43
37 44
38 45
38 45
39 46
40 46
40 46
41 47
41 48
41 48
42 49
43 50
43 50
44 51
45 51
45 51
46 52
46 52
47 53
47 53
48 54
48 54
49 54
49 54
49 54
50 54
50 54
50 54
50 53
50 53
50 52
50 52
50 51
50 50
51 49
51 48
51 47
51 46
52 45
52 44
52 43
52 42
52 41
53 40
53 39
53 38
53 37
54 36
54 35
54 34
54 33
54 32
55 31
55 30
55 29
55 28
55 27
56 26
56 25
56 24
56 23
57 22
57 21
57 20
57 19
57 18
58 17
58 16
58 15
58 14
59 13
59 12
59 11
59 11
59 12
59 12
58 12
58 12
58 12
58 12
59 12
59 12
60 12
60 12
61 12
61 12
62 11
62 11
63 10
63 10
64 9
65 9
65 9
66 8
67 8
67 8
68 8
69 7
70 7
70 7
71 6
72 6
73 5
73 5
74 5
75 4
76 4
77 4
77 4
78 4
79 3
80 3
80 3
81 3
82 2
83 2
83 2
84 1
85 1
85 1
86 1
87 1
87 1
88 0
88 0
88 1
88 1
88 1
88 1
88 2
88 2
87 3
86 3
85 4
84 4
83 5
82 6
81 6
80 7
79 7
78 8
77 8
76 9
76 9
75 10
74 10
73 11
72 11
72 11
71 12
71 12
70 13
70 13
69 14
69 14
69 15
69 15
70 16
70 17
70 17
70 18
70 19
70 19
71 20
71 21
71 21
72 22
72 23
72 23
72 24
72 24
73 25
73 26
73 26
74 27
74 27
74 28
74 28
75 29
75 29
75 29
76 29
76 29
76 29
77 29
77 29
78 28
78 27
79 26
80 25
80 24
81 23
81 23
82 22
83 21
83 20
84 19
84 19
85 18
85 17
85 17
86 16
86 16
87 15
87 15
87 15
87 15
87 15
87 16
87 16
87 17
87 18
87 18
86 19
86 19
85 20
84 21
84 21
83 22
82 23
82 23
81 24
81 25
80 26
80 26
79 27
79 28
78 29
78 29
77 30
76 30
75 31
75 31
74 32
73 33
72 34
72 34
71 35
71 36
70 37
70 37
69 38
68 38
67 39
67 39
66 40
65 41
64 42
64 42
63 43
62 44
62 44
61 45
60 45
59 46
59 46
58 47
58 48
58 48
57 49
56 49
56 49
55 50
55 50
55 50
55 50
56 50
56 50
57 49
57 49
58 48
59 47
59 47
60 47
61 46
62 46
62 46
63 45
64 45
65 44
65 44
66 43
67 43
68 42
69 42
69 42
70 41
71 41
72 40
73 40
73 40
74 39
75 39
76 38
77 38
77 38
78 37
79 37
80 36
81 36
81 36
82 36
83 35
84 35
85 35
85 35
86 35
87 34
88 34
89 34
89 34
90 34
91 33
92 33
92 33
93 32
94 32
94 32
95 32
96 32
96 32
97 32
98 32
98 32
99 32
99 32
99 32
100 32
100 32
99 32
99 32
99 31
99 31
98 31
98 31
97 30
96 29
95 28
94 27
94 26
93 25
92 24
91 23
90 22
89 21
88 20
87 19
86 18
86 17
85 16
84 15
83 14
82 13
81 12
80 11
79 10
79 9
78 8
77 7
76 6
75 5
75 5
75 5
74 4
74 3
74 3
74 3
74 3
74 3
74 3
74 4
74 4
75 5
75 5
75 6
75 7
75 7
75 8
75 8
75 9
75 10
75 11
75 11
75 12
75 13
75 13
75 14
75 15
75 15
75 16
75 17
75 18
75 18
75 19
75 20
75 21
75 21
75 22
75 23
75 24
75 24
75 25
75 26
75 27
75 28
75 28
75 29
75 30
75 31
75 31
75 32
75 33
75 34
75 34
75 35
75 36
75 37
75 38
75 38
75 39
74 40
74 41
74 42
74 42
74 43
74 44
74 45
74 45
74 46
74 47
74 48
74 49
74 49
74 50
74 51
74 52
74 53
74 53
74 54
74 55
74 56
74 57
74 58
74 58
74 59
74 60
74 61
74 62
74 62
74 63
74 64
74 65
74 65
74 66
74 67
74 68
74 69
74 70
74 70
74 71
74 72
74 73
74 74
74 74
74 75
74 76
74 77
74 78
74 79
74 79
74 80
74 81
74 82
74 83
74 83
74 84
74 85
74 86
74 87
74 87
74 88
74 89
74 90
74 90
74 91
74 92
74 93
74 93
74 94
74 95
74 96
74 96
74 97
74 98
74 98
75 99
75 100
