0 31
0 31
0 31
0 31
0 31
1 31
1 31
2 30
2 30
3 30
3 30
4 30
4 30
5 29
5 29
6 29
6 29
7 28
8 28
8 28
9 27
10 27
10 27
11 27
12 27
12 27
13 26
14 26
14 26
15 25
16 25
16 25
17 24
18 23
18 23
19 22
19 22
20 21
21 21
21 21
22 20
22 20
23 19
23 19
23 18
23 18
23 18
23 18
22 17
22 17
22 17
21 16
21 16
20 15
19 15
19 15
18 14
17 13
17 13
17 12
16 11
16 10
16 9
16 9
16 8
16 7
16 7
15 6
15 6
15 5
15 4
15 4
15 3
15 3
15 2
15 2
15 2
15 1
15 1
15 1
15 0
15 0
15 0
15 1
15 1
15 1
15 2
15 2
15 3
15 3
15 4
15 4
14 5
14 5
14 6
14 7
14 7
14 8
14 9
14 9
14 10
14 11
14 11
14 12
14 13
14 13
14 14
14 15
14 16
14 16
14 17
14 18
14 18
14 19
15 20
15 21
15 22
15 22
15 23
15 24
15 25
15 26
15 26
15 27
15 28
15 29
15 30
15 30
15 31
15 32
15 33
15 34
15 34
15 35
15 36
15 37
15 37
15 38
15 39
15 40
15 41
15 41
15 42
15 43
15 44
15 45
15 45
15 46
15 47
15 48
15 49
15 49
15 50
15 51
15 52
15 53
15 53
15 54
16 55
16 56
16 57
16 57
16 58
16 59
16 60
16 61
16 61
16 62
16 63
16 64
16 65
16 65
16 66
16 67
16 68
16 68
16 69
16 70
16 71
16 71
16 72
16 73
16 73
16 74
16 75
16 75
16 75
16 75
16 74
16 74
16 73
16 72
16 72
16 71
16 70
16 70
16 69
16 68
16 67
16 66
16 65
16 64
16 63
16 62
16 61
16 60
16 59
16 58
16 57
16 56
16 55
16 54
16 53
16 52
16 51
16 50
16 49
17 48
17 47
17 46
17 45
17 44
17 43
17 42
17 41
17 40
17 39
17 38
17 37
17 36
17 35
17 34
17 33
17 32
17 31
17 30
17 29
17 28
17 27
17 26
17 26
17 26
17 25
17 25
17 25
16 25
16 25
16 26
16 26
16 26
15 27
15 27
14 28
14 29
14 29
13 30
13 31
13 31
13 32
12 33
12 34
12 34
11 35
11 36
11 36
11 37
10 38
10 39
10 40
10 40
10 41
9 42
9 43
9 43
9 44
8 45
8 46
8 47
8 47
8 48
7 49
7 50
7 51
7 51
6 52
6 53
6 53
6 54
5 55
5 56
5 56
4 57
4 58
4 58
3 59
3 60
3 60
3 61
3 61
3 62
3 62
2 62
2 62
2 61
2 61
2 60
3 59
3 58
3 57
4 56
4 55
4 54
5 53
5 52
5 51
6 50
6 49
7 48
7 47
7 46
8 45
8 44
8 43
9 42
9 41
9 40
10 39
10 38
10 38
11 37
12 37
12 37
12 37
13 37
13 37
13 37
14 38
14 38
15 39
15 39
16 40
16 41
16 41
17 42
17 42
18 43
18 43
19 44
19 44
20 44
20 44
21 45
21 45
21 45
22 45
22 45
22 45
22 44
22 43
22 42
22 41
22 40
22 39
22 38
22 37
22 36
22 35
22 35
22 35
22 35
22 35
22 35
22 35
23 34
23 34
24 33
24 33
25 32
25 32
26 31
27 30
27 30
28 30
29 29
30 29
30 29
31 28
32 27
32 27
33 26
34 25
34 25
35 24
36 23
36 23
37 22
38 22
38 22
39 21
40 20
40 20
41 19
41 19
42 18
42 18
43 17
43 17
44 16
44 16
45 15
45 15
45 14
45 14
45 14
45 13
45 13
45 13
44 12
44 12
44 12
43 11
42 10
41 9
40 8
39 7
38 6
38 6
37 5
37 4
37 4
37 4
37 3
37 3
37 3
37 3
37 3
37 3
37 4
37 4
37 5
37 5
37 6
37 6
37 7
37 7
37 8
37 9
37 9
37 10
37 11
37 11
37 12
37 13
37 14
37 14
37 15
37 16
37 17
37 17
37 18
37 19
37 20
37 20
37 21
37 22
37 23
37 24
37 24
37 25
37 26
37 27
37 28
37 28
37 29
37 30
36 31
36 32
36 33
36 34
36 34
36 35
36 36
36 37
36 38
36 39
36 39
36 40
36 41
36 42
36 43
36 44
36 44
36 45
36 46
36 47
36 48
36 49
36 50
36 50
36 51
37 52
37 53
37 53
37 54
37 55
37 56
37 57
37 57
37 58
37 59
37 60
37 61
37 61
37 62
37 63
37 64
37 65
37 65
37 66
38 67
38 68
38 68
38 69
38 70
38 70
38 71
38 72
38 72
38 73
38 74
38 74
38 75
38 75
38 75
38 75
37 74
37 74
37 73
37 72
37 72
36 71
36 70
36 70
36 69
36 68
36 68
36 67
35 66
35 65
35 65
34 64
34 63
34 63
34 62
34 61
34 61
34 60
34 59
34 58
34 57
34 56
34 55
34 54
34 53
34 52
35 51
35 50
35 49
35 48
35 47
35 46
35 45
35 44
35 43
35 42
35 41
35 40
35 39
35 38
35 37
35 36
35 35
35 34
35 33
35 32
36 31
36 30
36 29
36 28
36 27
36 26
36 25
36 24
36 23
36 22
36 22
36 23
36 23
36 23
36 23
35 23
35 23
35 24
35 24
35 25
35 25
34 26
34 26
34 27
34 27
34 28
33 29
33 30
33 30
32 31
32 32
32 32
32 33
31 34
31 35
31 35
31 36
30 37
30 38
30 39
30 39
30 40
29 41
29 42
29 43
29 43
29 44
28 45
28 46
28 47
28 47
27 48
27 49
26 50
26 51
26 51
26 52
25 53
25 54
25 54
25 55
24 56
24 57
24 58
24 58
24 59
23 60
23 61
23 61
23 62
22 63
22 64
22 64
21 65
21 66
21 66
20 67
20 67
19 68
19 68
19 68
18 67
18 67
18 66
18 66
18 65
18 64
18 64
18 63
19 62
19 61
19 60
20 59
20 58
21 57
21 56
21 55
22 54
22 53
22 52
23 51
23 50
23 49
24 48
24 47
24 46
25 45
25 44
26 43
26 42
26 41
27 40
27 39
27 38
28 37
28 36
28 36
29 35
30 35
31 34
31 34
32 33
32 33
33 33
33 33
34 33
34 33
34 33
35 33
35 33
36 33
36 33
37 34
37 34
38 34
39 34
39 34
40 35
40 35
41 36
41 36
42 37
42 38
42 38
43 39
43 39
44 40
45 40
45 40
46 41
46 41
47 42
48 42
48 42
49 43
50 43
50 43
51 44
52 44
52 44
53 44
54 44
54 44
55 45
56 45
56 45
57 46
58 46
58 46
59 47
60 47
60 47
61 47
61 47
62 48
63 48
63 48
64 48
65 48
65 48
66 48
66 48
66 47
66 46
66 45
66 44
66 43
66 42
67 41
67 40
67 39
67 38
67 37
67 36
67 35
67 34
67 33
67 32
67 31
67 30
67 29
67 28
68 27
68 26
68 25
68 24
68 23
68 22
68 21
68 20
68 20
67 21
67 21
67 21
67 21
67 20
67 20
68 20
68 20
69 19
69 19
70 18
71 18
71 18
72 17
73 17
73 17
74 17
75 16
76 16
76 16
77 15
78 15
78 15
79 14
80 14
80 14
81 14
82 13
83 13
83 13
84 13
84 13
85 13
86 13
86 13
87 12
87 12
88 12
88 12
88 12
88 12
88 12
88 12
87 12
86 13
85 13
84 14
83 14
82 14
81 15
80 15
79 16
78 16
78 16
77 17
77 17
77 17
77 18
77 18
77 18
77 19
77 19
76 20
76 20
76 21
76 22
76 22
76 23
76 23
75 24
75 25
75 25
75 26
75 27
75 28
75 28
75 29
75 30
75 30
75 31
75 32
75 33
75 33
75 34
75 35
75 35
74 36
74 37
74 37
74 38
74 39
74 40
74 40
74 41
74 42
74 42
73 43
73 44
73 44
73 45
73 45
73 46
73 46
73 46
73 46
73 46
73 45
73 45
74 44
74 43
75 42
75 41
76 40
76 39
77 38
78 37
78 36
79 35
79 34
80 33
80 32
81 31
81 30
82 29
83 28
83 27
84 26
84 25
85 24
85 23
86 22
86 22
86 22
86 22
86 22
86 23
86 23
86 23
86 24
86 24
85 25
85 25
84 26
84 26
83 27
83 27
82 28
82 29
82 29
81 30
81 31
81 31
80 32
79 32
78 33
78 33
77 34
76 35
75 36
74 37
73 38
72 39
71 40
70 41
69 42
68 42
67 43
66 44
65 45
64 46
63 47
62 48
61 49
60 50
60 50
59 51
58 52
57 52
56 53
56 53
55 54
55 54
55 54
55 54
55 54
55 54
55 54
56 53
56 53
57 52
57 52
58 51
59 51
59 51
60 50
60 50
61 50
62 49
63 49
63 49
64 48
65 48
65 48
66 47
67 47
67 47
68 46
69 46
69 46
70 46
71 45
72 45
72 45
73 45
74 44
75 44
75 44
76 44
77 43
78 43
78 43
79 42
80 42
80 42
81 41
82 41
82 41
83 41
84 40
85 40
85 40
86 39
87 39
87 39
88 38
89 38
89 38
90 38
91 38
91 38
92 37
93 37
93 37
94 36
95 36
95 36
96 36
97 36
97 36
98 36
98 36
99 35
99 35
99 35
100 35
100 35
99 35
99 35
99 35
98 34
97 34
96 33
95 33
94 32
93 31
92 31
91 30
90 30
89 29
88 28
87 28
86 27
85 27
84 26
83 25
82 25
81 24
80 24
79 23
79 23
79 23
79 23
79 23
79 23
79 23
79 24
79 24
78 24
78 24
78 25
78 25
78 26
78 26
78 27
78 27
78 28
78 29
78 29
78 30
78 31
78 31
78 32
78 32
78 33
78 34
78 34
78 35
78 36
78 36
77 37
77 38
77 38
77 39
77 40
77 40
77 41
77 42
77 43
77 43
77 44
77 45
77 45
77 46
77 47
77 47
77 48
77 49
77 49
77 50
77 50
76 51
76 52
76 52
76 53
76 54
76 54
76 55
76 56
76 56
76 57
76 58
76 58
76 59
76 60
76 60
76 61
76 61
76 62
76 63
76 63
76 64
76 65
76 65
76 66
76 66
76 67
76 68
76 68
76 69
76 69
76 70
76 71
76 71
76 72
76 72
76 73
76 74
76 74
76 75
76 76
76 76
76 77
76 78
76 78
76 79
76 79
76 80
76 81
76 81
76 82
76 82
76 83
76 84
76 84
76 85
76 86
76 86
76 87
76 87
75 88
75 89
75 89
75 90
75 91
75 91
75 92
75 93
75 93
75 94
75 95
75 95
75 96
75 96
75 97
75 98
75 98
75 99
75 99
75 100
75 100
