0 38
0 39
0 39
0 39
0 40
0 40
0 40
1 40
1 40
2 39
2 39
3 38
4 37
4 37
5 36
6 36
7 35
7 35
8 34
9 34
10 33
10 33
11 32
12 31
13 30
13 30
14 29
15 29
16 28
16 28
17 28
18 27
19 27
19 27
20 26
21 26
21 26
22 25
23 25
23 25
24 25
24 25
24 24
24 24
24 24
24 24
23 23
23 22
22 21
21 20
21 19
20 18
19 17
19 16
18 15
17 14
17 13
16 12
15 11
15 10
14 9
14 9
14 8
14 7
14 7
13 6
13 6
13 5
13 5
13 4
13 4
13 5
13 5
13 6
13 6
13 7
13 8
13 8
14 9
14 10
14 10
14 11
14 12
14 13
14 13
14 14
14 15
14 16
14 16
14 17
14 18
14 19
14 20
14 21
14 21
14 22
14 23
14 24
14 25
14 26
14 26
14 27
14 28
14 29
14 30
14 31
14 31
14 32
14 33
14 34
14 35
14 36
14 37
14 38
14 38
14 39
14 40
14 41
14 42
14 43
14 43
14 44
14 45
14 46
14 47
14 48
14 49
14 49
14 50
14 51
15 52
15 53
15 54
15 55
15 55
15 56
15 57
15 58
15 59
15 59
15 60
15 61
15 62
15 63
15 64
15 64
15 65
16 66
16 67
16 68
16 68
16 69
16 70
16 71
16 72
16 72
16 73
16 74
16 75
16 75
16 76
16 77
16 77
16 78
16 78
15 79
15 79
15 80
15 80
15 80
14 81
14 81
14 81
14 80
14 80
13 79
13 79
13 78
13 77
13 77
13 76
13 75
13 74
13 73
13 72
12 71
12 70
12 69
12 68
12 67
12 66
12 65
12 64
12 63
12 62
12 61
11 60
11 59
11 58
11 57
11 56
11 55
11 54
11 53
11 52
11 51
11 50
10 49
10 48
10 47
10 46
10 45
10 44
10 44
11 43
11 42
11 42
10 41
10 41
9 41
9 41
8 42
8 43
8 43
8 44
8 45
8 45
8 46
8 47
8 48
8 48
8 49
7 50
7 51
7 51
7 52
7 53
7 53
7 54
6 55
6 56
6 56
6 57
5 58
5 59
5 59
5 60
4 61
4 62
4 62
3 63
2 64
2 64
2 65
1 66
1 67
1 67
0 68
0 68
0 68
0 68
0 67
1 66
1 65
1 64
2 63
2 62
2 61
3 60
3 59
3 58
4 57
4 56
5 55
5 54
5 53
6 52
6 51
6 50
7 49
7 48
7 47
8 46
8 45
8 45
9 45
10 45
11 45
12 45
12 45
13 46
13 46
13 47
13 48
13 48
13 49
14 50
14 51
14 51
15 52
16 53
16 53
17 54
17 55
17 55
18 56
19 56
19 56
20 57
20 57
21 58
21 58
22 58
22 58
22 58
23 58
23 58
23 57
23 57
24 56
24 56
24 55
24 54
24 53
24 52
24 51
24 50
24 49
24 48
24 47
23 46
23 45
23 44
23 43
23 42
23 41
23 40
23 39
23 38
23 37
23 36
23 36
24 37
24 37
24 36
24 36
24 35
24 35
25 34
25 34
26 33
27 33
27 33
28 32
29 32
29 32
30 31
31 31
32 30
32 30
33 29
34 28
34 28
35 28
36 27
37 27
37 27
38 26
39 26
39 26
40 25
41 25
41 25
42 24
42 24
43 23
43 23
43 22
43 22
44 21
44 21
43 20
42 19
41 18
40 17
39 17
38 16
37 15
36 14
35 13
35 13
35 12
35 11
35 10
35 10
34 9
34 9
34 8
34 8
34 7
34 7
34 7
35 8
35 8
35 9
35 9
35 10
35 11
35 11
35 12
36 13
36 14
36 14
36 15
36 16
36 17
36 18
36 18
36 19
36 20
36 21
36 22
36 22
36 23
36 24
36 25
36 26
36 27
36 27
36 28
36 29
36 30
36 31
36 31
36 32
36 33
36 34
36 35
36 36
36 36
36 37
36 38
37 39
37 40
37 41
37 42
37 42
37 43
37 44
37 45
37 46
37 47
37 47
37 48
37 49
37 50
37 51
37 52
37 53
37 53
37 54
37 55
36 56
36 57
36 58
36 59
36 59
36 60
36 61
36 62
36 63
36 64
36 64
36 65
36 66
36 67
36 68
36 69
36 69
36 70
36 71
36 72
36 73
36 74
36 74
36 75
36 76
36 77
36 77
35 78
35 79
35 79
35 80
35 81
35 81
35 82
35 82
35 83
35 83
35 83
35 83
34 82
34 82
34 81
34 80
34 80
34 79
34 78
34 78
34 77
34 76
34 75
33 74
33 73
33 72
33 71
33 70
33 69
32 68
32 67
32 66
32 65
32 64
32 63
31 62
31 61
31 60
31 59
31 58
31 57
30 56
30 55
30 54
30 53
30 52
30 51
29 50
29 49
29 48
29 47
29 47
29 46
30 45
30 44
30 44
30 43
30 43
29 42
29 42
29 42
29 43
29 43
29 44
29 45
29 45
29 46
29 47
29 48
29 48
29 49
28 50
28 51
28 51
28 52
28 53
28 54
28 54
27 55
27 56
27 56
26 57
26 58
25 59
25 59
24 60
24 61
24 61
23 62
23 62
23 63
23 63
22 63
22 63
23 63
23 63
23 62
24 61
24 60
25 59
25 58
26 57
26 56
27 55
27 54
28 53
28 52
29 51
29 50
30 49
30 48
31 47
31 46
32 45
32 44
33 43
33 42
34 41
34 40
34 40
35 40
36 40
37 40
38 40
38 40
38 40
39 41
39 42
39 42
40 43
41 44
41 44
42 45
43 46
43 46
44 47
45 48
46 49
46 49
47 50
48 51
48 51
49 52
50 52
51 53
51 53
52 54
53 54
53 54
54 55
54 55
55 56
55 56
56 56
56 56
57 55
57 55
58 55
58 55
59 54
59 54
59 53
59 52
59 51
59 50
59 49
60 48
60 47
60 46
60 45
60 44
60 43
60 42
60 41
60 40
60 39
60 38
61 37
61 36
61 35
61 34
61 33
61 32
61 31
61 30
61 29
61 28
61 27
62 26
62 25
62 24
62 23
62 22
62 21
62 20
62 19
62 18
62 17
62 16
63 15
63 14
63 13
63 12
63 11
63 10
63 10
63 11
63 11
63 10
63 10
63 9
63 9
62 9
62 9
63 9
64 9
64 9
65 9
66 9
66 9
67 8
68 8
68 8
69 8
70 7
71 7
72 7
72 7
73 6
74 6
75 5
75 5
76 5
77 4
78 4
79 4
79 4
80 3
81 3
82 2
82 2
83 2
84 1
85 1
85 1
86 1
87 1
87 1
88 0
88 0
89 1
89 1
88 1
88 1
87 2
86 2
85 3
84 4
83 5
82 5
81 6
81 6
80 7
79 7
78 8
77 8
76 9
76 9
75 10
74 10
74 10
73 11
73 11
72 12
71 12
71 12
71 13
71 14
71 14
71 15
71 16
71 17
71 17
71 18
71 19
71 19
71 20
71 21
71 22
71 22
72 23
72 24
72 24
73 25
73 26
73 26
74 27
74 27
75 28
75 28
75 28
76 28
76 28
77 28
77 28
78 27
78 27
79 26
79 25
79 25
79 24
79 24
80 23
80 22
80 22
81 21
81 21
81 20
81 20
82 19
82 19
82 18
82 18
82 18
82 18
82 18
82 18
82 19
82 20
82 20
81 21
81 22
81 22
80 23
80 24
80 24
79 25
78 26
78 26
77 27
77 28
76 29
76 29
75 30
74 31
74 31
73 32
73 33
72 34
72 34
71 35
71 36
70 37
70 37
69 38
68 38
67 39
67 39
66 40
66 41
65 42
65 42
64 43
63 44
63 44
62 45
62 45
61 45
61 45
60 45
60 45
60 45
61 45
61 45
61 45
62 44
62 44
63 43
64 43
64 43
65 42
66 42
67 41
67 41
68 40
69 40
70 39
70 39
71 39
72 38
73 38
74 38
74 38
75 38
76 37
77 37
78 37
78 37
79 37
80 36
81 36
82 36
82 36
83 36
84 35
85 35
85 35
86 35
87 34
88 34
89 34
89 34
90 34
91 33
92 33
92 33
93 33
94 33
94 33
95 33
96 33
96 33
97 33
97 33
98 34
98 34
99 34
99 34
99 35
99 35
100 35
100 35
100 35
99 35
99 35
99 35
98 34
97 33
96 32
95 31
94 30
93 29
93 28
92 27
91 26
90 25
89 24
88 23
87 22
86 21
85 20
84 19
83 18
82 17
82 16
81 15
80 14
79 13
78 12
77 11
76 10
76 10
76 9
76 9
75 8
75 8
74 7
74 7
73 6
73 6
73 6
73 6
73 7
73 7
73 8
73 8
73 9
73 10
73 10
73 11
73 12
73 12
73 13
73 14
73 15
73 15
73 16
73 17
73 18
73 18
73 19
73 20
73 21
73 21
73 22
74 23
74 24
74 25
74 25
74 26
74 27
74 28
74 28
74 29
74 30
74 31
74 32
74 32
74 33
74 34
74 35
74 36
74 37
74 37
74 38
74 39
74 40
74 41
74 42
74 42
74 43
74 44
74 45
74 46
74 46
74 47
74 48
74 49
74 50
74 50
74 51
74 52
74 53
74 54
74 55
74 56
74 56
74 57
74 58
74 59
74 60
74 61
74 61
74 62
74 63
74 64
74 65
74 66
74 66
74 67
74 68
74 69
74 70
74 71
74 71
74 72
74 73
74 74
74 75
74 76
74 77
74 77
74 78
74 79
74 80
74 81
74 82
74 82
74 83
74 84
75 85
75 86
75 87
75 87
75 88
75 89
75 90
75 91
75 91
75 92
76 93
76 94
76 95
76 95
76 96
76 97
76 97
76 98
76 99
76 99
77 100
77 100
