5 24
4 25
4 25
3 26
3 26
2 26
2 26
1 26
1 26
1 26
0 26
0 26
0 26
0 26
0 26
0 25
0 25
1 25
1 25
2 24
3 24
3 24
4 23
5 23
5 23
6 23
7 22
8 22
8 22
9 21
10 21
11 20
12 20
12 20
13 19
14 19
15 18
15 18
16 17
17 17
18 16
18 16
19 16
20 15
21 15
21 15
22 15
23 15
23 15
24 14
25 14
25 14
26 14
26 14
27 14
27 14
27 14
27 14
27 14
26 14
26 14
25 14
25 14
24 14
24 14
23 14
22 14
22 14
21 13
21 13
20 12
20 12
19 11
19 11
18 10
18 9
18 9
17 8
17 8
17 7
17 7
16 6
16 5
16 5
16 5
16 5
16 4
16 3
16 3
16 3
16 3
16 3
16 4
16 4
16 5
16 5
16 6
16 7
16 7
17 8
17 9
17 9
17 10
17 11
17 12
17 12
17 13
17 14
17 15
17 16
17 16
17 17
18 18
18 19
18 20
18 20
18 21
18 22
18 23
18 24
18 25
18 25
18 26
18 27
19 28
19 29
19 30
19 31
19 31
19 32
19 33
20 34
20 35
20 36
20 37
20 37
20 38
20 39
20 40
21 41
21 42
21 43
21 44
21 44
21 45
21 46
22 47
22 48
22 49
22 50
22 50
22 51
22 52
23 53
23 54
23 55
23 55
23 56
23 57
23 58
23 59
23 59
24 60
24 61
24 61
24 62
24 63
24 63
24 64
24 65
24 65
24 65
24 65
24 65
24 64
24 63
24 63
23 62
23 62
23 61
23 60
23 60
22 59
22 58
21 57
21 56
20 55
20 54
19 53
19 52
18 51
18 50
17 49
16 48
16 47
15 46
15 45
14 44
14 43
13 42
13 41
12 40
12 39
11 38
11 37
10 36
10 36
10 35
10 35
10 35
10 34
10 34
10 34
10 33
10 33
11 33
11 33
12 32
12 32
12 32
13 32
13 32
14 32
14 32
14 32
15 33
15 33
15 34
15 34
15 35
15 36
15 36
15 37
15 38
15 38
15 39
14 40
14 41
14 41
14 42
13 43
13 44
13 44
13 45
12 46
12 47
12 48
12 48
11 49
11 50
10 51
10 51
9 52
9 53
8 54
8 54
7 55
7 56
6 57
6 57
5 58
5 59
5 59
4 60
4 60
3 61
3 61
2 62
2 62
1 62
1 62
1 61
1 61
0 60
0 60
0 59
0 58
0 58
0 57
0 56
0 56
1 55
1 54
1 54
1 53
1 52
1 52
2 51
3 50
3 50
4 49
4 49
5 48
6 47
6 47
7 46
8 46
8 46
9 46
10 45
11 45
11 45
12 45
13 45
14 45
14 45
15 45
16 44
17 44
17 44
18 44
19 44
20 44
21 44
21 44
22 44
23 44
24 44
25 44
25 44
26 44
27 44
28 44
28 44
29 44
30 44
31 44
31 44
32 44
33 44
34 44
34 44
35 44
36 44
37 44
37 44
38 44
38 44
39 44
40 44
40 44
41 43
41 43
42 43
42 43
43 43
43 43
43 43
43 43
42 43
42 43
42 43
41 42
41 41
40 40
40 39
39 38
39 37
38 36
38 35
37 34
36 33
36 32
35 31
35 30
34 29
34 28
33 27
33 26
32 25
32 25
32 25
31 25
31 25
31 25
31 25
32 24
32 24
33 24
33 24
34 23
35 22
35 22
36 21
37 21
37 21
38 21
39 20
40 20
40 20
41 19
42 18
42 18
43 18
44 17
45 17
45 17
46 16
46 16
47 15
48 15
48 15
49 15
49 15
49 15
49 15
49 15
49 15
48 15
48 15
48 15
47 14
46 13
45 12
44 12
43 11
42 10
42 10
42 9
42 8
42 7
42 7
42 6
42 6
42 6
41 5
41 5
41 5
41 4
41 4
41 4
41 4
41 5
41 5
41 6
41 6
41 7
41 8
41 8
42 9
42 10
42 10
42 11
42 12
42 13
42 14
42 14
42 15
43 16
43 17
43 17
43 18
43 19
44 20
44 21
44 22
44 22
44 23
44 24
45 25
45 26
45 27
45 27
45 28
45 29
46 30
46 31
46 32
46 33
46 33
46 34
46 35
47 36
47 37
47 38
47 38
47 39
47 40
48 41
48 42
48 43
48 44
48 44
48 45
48 46
49 47
49 48
49 49
49 49
49 50
50 51
50 52
50 52
50 53
51 54
51 55
51 55
51 56
51 56
52 57
52 58
52 58
52 58
52 58
52 58
52 57
52 57
51 56
51 56
51 55
51 54
51 54
51 53
51 52
50 51
50 50
50 49
50 48
49 47
49 46
49 45
49 44
48 43
48 42
48 41
48 40
47 39
47 38
47 37
47 36
46 35
46 34
46 33
46 32
45 31
45 30
45 29
45 29
45 28
45 28
45 28
45 28
44 28
44 28
44 28
43 29
43 29
42 30
42 31
42 31
41 32
41 33
41 33
40 34
40 35
39 36
39 36
38 37
38 38
37 39
37 40
37 40
37 41
36 42
36 43
36 43
35 44
35 45
34 46
34 47
34 47
34 48
33 49
33 50
33 50
33 51
33 52
33 52
32 53
32 54
32 54
32 55
32 55
32 56
32 56
32 56
32 55
32 55
33 54
33 54
33 53
33 52
33 51
33 50
33 49
33 48
33 47
33 46
33 45
33 44
34 43
34 42
34 41
34 40
34 39
34 38
34 37
34 36
34 35
34 34
34 33
34 33
34 32
34 32
34 32
34 31
34 31
34 30
34 30
34 29
34 29
35 28
35 28
36 27
36 27
37 27
37 27
38 27
38 27
39 27
40 27
40 27
41 27
42 28
43 28
43 28
44 28
45 29
46 29
46 29
47 30
48 30
49 31
50 31
50 31
51 32
52 32
53 33
54 33
54 33
55 34
56 35
57 35
58 36
58 36
59 37
60 37
61 38
61 38
62 39
63 40
64 41
64 41
65 42
66 43
67 43
68 44
68 44
69 45
70 46
70 46
71 47
72 48
72 48
73 48
74 49
75 49
75 49
76 49
76 49
77 50
77 50
78 50
78 50
78 50
78 50
78 49
78 49
77 49
77 49
77 49
76 48
76 48
76 48
76 47
76 46
75 45
75 44
75 43
75 42
74 41
74 40
74 39
74 38
73 37
73 36
73 35
73 34
73 33
72 32
72 31
72 30
72 29
71 28
71 27
71 26
71 25
70 24
70 23
70 22
70 21
70 20
69 19
69 18
69 17
69 16
68 15
68 14
68 13
68 12
67 11
67 10
67 9
67 9
67 9
66 9
66 9
66 8
66 8
67 8
67 8
67 7
67 7
68 7
68 7
69 6
70 6
70 6
71 6
72 5
73 5
73 5
74 5
75 4
76 4
76 4
77 4
78 3
79 3
80 3
80 3
81 3
82 3
83 3
83 3
84 3
85 2
86 2
86 2
87 2
88 1
89 1
89 1
90 1
91 1
91 1
92 0
92 0
93 0
93 0
93 0
93 1
93 1
92 1
92 1
91 1
90 2
89 2
88 2
87 3
86 3
85 3
84 4
83 4
82 5
81 5
80 5
79 6
78 6
77 6
76 7
75 7
75 7
75 8
75 8
75 8
76 8
76 8
76 8
77 9
77 9
78 10
78 10
79 11
79 11
80 12
80 13
80 13
80 14
80 15
80 15
81 16
81 16
82 17
82 17
82 18
82 18
82 19
82 19
83 20
83 20
84 19
85 18
86 17
87 16
88 15
89 14
90 13
91 12
92 11
93 10
93 10
94 10
95 10
95 10
95 9
95 9
95 8
95 8
95 8
95 8
94 9
94 9
93 10
93 10
92 11
92 12
92 12
91 13
90 14
90 14
89 15
88 15
87 16
87 16
86 17
85 18
85 18
84 19
83 20
83 20
82 21
81 22
80 23
80 23
79 24
78 24
77 25
77 25
76 26
76 27
76 27
75 28
74 29
74 29
73 30
73 31
73 31
73 32
73 32
72 32
72 32
71 33
70 34
70 34
69 34
69 34
68 34
68 34
68 34
69 34
69 34
69 34
70 33
70 33
71 33
72 32
73 32
73 32
74 32
75 31
76 31
76 31
77 30
78 30
79 29
79 29
80 28
81 28
82 27
83 27
83 27
84 27
85 26
86 26
87 26
87 26
88 26
89 25
90 25
91 25
91 25
92 25
93 24
94 24
94 24
95 23
96 23
96 23
97 23
98 23
98 23
99 23
99 23
99 23
99 23
98 22
97 21
96 20
96 19
95 18
94 17
93 16
92 15
91 14
90 13
90 12
89 11
88 10
87 9
87 9
86 8
86 8
86 7
86 7
86 7
86 7
86 7
86 7
86 8
86 8
86 8
85 9
85 10
85 10
86 11
86 12
86 12
86 13
86 14
86 14
86 15
86 16
86 17
86 18
86 18
86 19
86 20
87 21
87 22
87 23
87 23
87 24
87 25
87 26
87 27
87 28
87 29
87 29
87 30
87 31
88 32
88 33
88 34
88 35
88 35
88 36
88 37
88 38
88 39
88 40
88 41
88 42
88 43
88 43
88 44
88 45
88 46
89 47
89 48
89 49
89 50
89 51
89 51
89 52
89 53
89 54
90 55
90 56
90 57
90 58
90 58
90 59
90 60
90 61
91 62
91 63
91 64
91 65
91 66
91 66
91 67
91 68
91 69
91 70
91 71
91 72
91 73
91 74
91 75
91 75
91 76
91 77
91 78
91 79
91 80
91 81
91 82
91 83
91 84
91 84
91 85
91 86
91 87
91 88
91 89
91 90
91 90
91 91
91 92
91 93
91 94
91 94
91 95
91 96
91 97
91 97
91 98
91 99
91 99
91 100
