0 36
1 35
1 35
2 35
2 35
3 35
3 35
4 34
5 34
5 34
6 33
6 33
7 32
8 32
8 32
9 32
10 31
11 31
11 31
12 30
13 30
13 30
14 29
15 29
15 29
16 28
17 28
17 28
18 27
18 27
19 26
19 26
20 26
20 26
20 25
20 25
19 24
19 23
18 22
17 21
16 20
16 19
15 18
14 17
14 16
13 15
12 14
12 13
11 12
10 11
9 10
9 9
8 8
8 8
8 7
8 7
8 7
8 7
8 8
8 8
8 9
8 10
8 10
8 11
8 12
8 13
8 13
8 14
8 15
8 16
8 16
8 17
9 18
9 19
9 20
9 20
9 21
9 22
9 23
9 24
9 25
9 25
9 26
9 27
9 28
9 29
9 30
9 30
9 31
9 32
10 33
10 34
10 35
10 35
10 36
10 37
10 38
10 39
10 40
10 41
10 41
10 42
10 43
11 44
11 45
11 46
11 47
11 47
11 48
11 49
12 50
12 51
12 52
12 53
12 53
12 54
12 55
12 56
12 57
12 58
12 58
12 59
12 60
13 61
13 62
13 63
13 63
13 64
13 65
13 66
13 67
13 68
13 68
13 69
14 70
14 71
14 72
14 72
14 73
14 74
14 74
14 75
14 75
14 76
14 76
14 75
14 74
13 73
13 72
13 71
13 70
13 69
13 68
12 67
12 66
12 65
12 64
12 63
11 62
11 61
11 60
11 59
11 58
10 57
10 56
10 55
10 54
10 53
10 52
9 51
9 50
9 49
9 48
9 47
8 46
8 45
8 44
8 43
8 42
8 41
7 40
7 39
7 38
7 38
7 37
7 37
7 37
7 37
7 38
7 38
6 39
6 40
6 40
6 41
6 42
6 43
6 43
6 44
5 45
5 46
5 46
4 47
4 48
4 48
4 49
3 50
3 51
3 51
3 52
3 53
3 53
2 54
2 55
2 55
1 56
1 56
0 57
0 57
0 58
0 58
0 57
1 56
1 55
2 54
2 53
3 52
3 51
3 50
4 49
4 48
5 47
5 46
5 45
6 44
6 43
7 42
7 41
8 40
8 39
8 39
8 39
8 39
8 39
9 40
9 40
9 40
10 40
10 40
11 41
11 41
12 42
12 42
13 43
13 43
14 44
14 44
15 45
16 45
16 45
17 46
17 47
17 47
18 48
18 48
19 49
19 49
20 50
21 50
21 50
22 50
22 50
23 51
23 51
23 50
23 49
23 48
23 47
23 46
23 45
23 44
23 43
22 42
22 41
22 40
22 39
22 38
22 37
22 36
22 35
22 34
22 33
22 33
23 32
23 32
23 32
23 31
23 31
24 30
25 30
25 30
26 29
26 29
27 29
28 28
29 28
29 28
30 27
31 26
31 26
32 25
33 24
33 24
34 23
35 23
36 22
36 22
37 21
38 20
38 20
39 19
40 18
40 18
41 17
42 17
42 17
43 16
43 16
42 15
41 15
40 14
39 13
38 12
37 12
36 11
35 10
34 10
33 9
33 9
32 8
32 8
32 8
32 8
32 8
32 8
32 8
32 9
32 10
32 10
32 11
32 12
32 12
32 13
33 14
33 15
33 15
33 16
33 17
33 18
33 19
33 19
33 20
34 21
34 22
34 23
34 23
34 24
34 25
34 26
34 27
34 28
34 28
34 29
34 30
35 31
35 32
35 33
35 33
35 34
35 35
35 36
35 37
35 37
35 38
36 39
36 40
36 41
36 41
36 42
36 43
36 44
36 45
36 45
36 46
36 47
36 48
36 49
36 50
36 50
36 51
37 52
37 53
37 54
37 54
37 55
37 56
37 57
37 58
37 58
37 59
37 60
37 61
37 62
37 62
37 63
37 64
37 65
37 66
37 67
37 67
38 68
38 69
38 69
38 70
38 71
38 71
38 72
38 72
38 72
38 72
38 71
38 70
37 69
37 68
37 67
37 66
37 65
36 64
36 63
36 62
36 61
36 60
35 59
35 58
35 57
35 56
35 55
34 54
34 53
34 52
34 51
33 50
33 49
33 48
33 47
33 46
32 45
32 44
32 43
32 42
32 41
31 40
31 39
31 38
31 37
31 36
30 35
30 34
30 33
30 33
30 32
30 32
30 32
30 32
30 32
30 32
30 33
30 33
30 34
30 34
29 35
29 36
29 36
29 37
29 38
29 39
29 39
29 40
29 41
29 42
29 43
29 43
29 44
28 45
28 46
28 46
28 47
27 48
27 49
27 49
26 50
26 51
26 51
25 52
25 53
25 53
24 54
24 54
24 55
24 55
24 54
25 53
25 52
25 51
26 50
26 49
27 48
27 47
27 46
28 45
28 44
28 43
29 42
29 41
29 40
30 39
30 38
30 37
31 36
31 35
32 34
32 33
32 32
33 31
33 30
33 30
34 29
35 29
35 29
35 29
35 30
35 30
36 30
36 30
36 31
36 31
37 32
37 32
38 33
38 33
38 34
38 34
39 35
39 35
40 36
41 36
41 36
42 37
42 37
43 38
43 39
43 39
44 40
45 40
45 40
46 41
47 42
47 42
48 43
48 43
49 44
50 44
50 44
51 45
52 45
52 45
53 45
54 45
54 45
55 46
56 46
56 46
57 46
58 46
59 46
59 46
60 46
61 46
61 46
62 46
63 46
63 46
64 46
65 46
65 46
65 45
65 44
65 43
65 42
65 41
65 40
65 39
65 38
65 37
65 36
65 35
65 34
65 33
65 32
65 31
65 30
65 29
66 28
66 27
66 26
66 25
66 24
66 23
66 22
66 21
66 20
66 19
66 18
66 17
66 16
66 15
66 14
66 13
66 12
66 11
66 11
67 12
67 12
67 12
67 12
67 12
68 11
68 11
69 11
69 11
70 10
71 10
71 10
72 9
73 8
73 8
74 7
75 7
75 7
76 6
77 6
78 5
78 5
79 4
80 4
80 4
81 3
82 3
82 3
83 2
84 2
84 2
85 1
86 1
86 1
87 1
87 1
87 0
87 0
87 0
87 0
86 1
85 2
85 3
84 4
83 5
82 6
81 7
81 8
80 9
79 10
78 11
77 12
76 13
76 14
75 15
74 16
73 17
72 18
72 19
71 20
70 21
70 21
70 20
70 20
70 20
70 19
70 19
70 19
70 19
70 20
70 20
71 21
71 21
72 22
72 23
72 23
73 24
73 24
74 25
74 26
74 26
75 27
75 27
76 28
76 28
77 29
77 29
78 28
78 27
79 26
80 25
80 24
81 23
82 22
82 21
83 20
84 19
84 18
85 17
85 17
86 16
86 16
86 16
86 16
85 16
85 16
85 16
84 17
84 17
83 18
82 19
82 19
81 20
81 21
81 21
80 22
80 23
79 24
79 24
78 25
78 26
77 27
77 27
76 28
76 29
76 29
75 30
75 31
74 32
74 32
73 33
73 34
72 35
72 35
71 36
71 37
71 37
70 38
69 39
69 39
68 40
68 41
68 41
67 42
67 42
67 43
67 43
67 43
67 43
67 43
68 43
68 43
69 42
70 42
70 42
71 41
72 41
72 41
73 40
74 39
74 39
75 39
76 38
77 38
77 38
78 38
79 37
80 37
80 37
81 36
82 36
83 35
83 35
84 35
85 34
86 34
87 34
87 34
88 33
89 33
90 32
90 32
91 32
92 31
93 31
93 31
94 30
95 30
96 29
96 29
97 28
97 28
98 28
99 28
99 28
99 27
99 27
100 27
100 27
99 27
99 27
98 26
97 25
96 25
95 24
94 23
93 22
92 21
91 20
90 20
89 19
88 18
87 17
86 16
85 16
84 15
83 14
82 13
81 12
80 11
79 11
78 10
77 9
77 9
77 8
77 8
76 8
76 8
76 8
76 8
76 8
77 9
77 9
77 10
77 10
77 11
77 12
77 12
78 13
78 14
78 14
78 15
78 16
78 17
78 17
78 18
78 19
78 20
78 20
78 21
78 22
78 23
78 24
78 24
78 25
79 26
79 27
79 27
79 28
79 29
79 30
79 31
79 31
79 32
79 33
79 34
79 35
79 35
79 36
79 37
79 38
79 39
79 40
79 40
79 41
79 42
79 43
79 44
79 44
79 45
79 46
79 47
79 48
79 48
79 49
79 50
79 51
79 52
79 52
79 53
79 54
79 55
79 56
79 56
79 57
79 58
79 59
79 60
79 61
79 61
79 62
79 63
79 64
79 65
79 65
79 66
79 67
79 68
79 69
79 69
79 70
79 71
79 72
79 73
79 73
79 74
79 75
79 76
79 77
79 77
79 78
79 79
79 80
79 81
79 81
79 82
79 83
79 83
79 84
79 85
79 86
79 86
79 87
79 88
79 89
79 89
79 90
79 91
79 91
80 92
80 93
80 93
80 94
80 95
80 95
81 96
81 97
81 97
81 98
81 98
82 99
82 100
82 100
82 100
82 100
