0 40
0 40
0 40
0 40
0 40
0 39
0 39
0 39
0 39
1 39
1 39
2 38
2 38
3 38
3 38
4 37
5 37
5 37
6 36
7 36
7 36
8 36
9 35
10 35
10 35
11 34
12 34
12 34
13 33
14 33
14 33
15 32
16 32
16 32
17 31
17 31
17 30
17 30
18 30
18 30
18 29
18 29
18 28
18 28
18 27
18 27
18 26
18 25
18 25
17 24
17 24
17 23
17 22
17 22
16 21
16 21
15 20
15 19
15 19
14 18
14 17
14 17
13 16
13 15
13 15
12 14
12 13
12 13
12 12
12 11
12 11
11 10
11 9
11 9
11 8
11 7
11 7
11 6
11 6
11 6
11 6
11 7
11 7
11 8
11 8
11 9
12 10
12 11
12 11
12 12
12 13
12 14
12 15
12 15
12 16
12 17
12 18
12 19
12 20
12 20
12 21
12 22
12 23
12 24
12 25
12 26
12 27
12 27
12 28
12 29
12 30
12 31
12 32
12 33
12 33
12 34
12 35
12 36
12 37
12 38
12 39
12 40
12 40
12 41
12 42
12 43
13 44
13 45
13 46
13 47
13 48
13 48
13 49
13 50
13 51
13 52
13 53
13 54
13 55
13 55
13 56
13 57
13 58
13 59
13 60
13 60
13 61
13 62
14 63
14 64
14 65
14 65
14 66
14 67
14 68
14 69
14 69
14 70
14 71
14 72
14 73
14 73
14 74
14 75
14 76
14 76
14 77
14 78
14 78
14 79
14 79
14 80
14 80
13 81
13 81
13 81
13 81
13 80
13 80
12 79
12 78
12 78
12 77
12 76
12 76
12 75
11 74
11 73
11 73
11 72
11 71
11 70
11 69
11 69
11 68
11 67
10 66
10 65
10 64
10 64
10 63
10 62
10 61
10 60
10 59
10 58
10 57
9 56
9 55
9 54
9 53
9 52
9 51
9 50
9 49
9 48
9 48
9 47
9 46
8 45
8 44
8 43
8 43
8 42
8 42
8 42
8 42
7 42
7 42
7 43
7 43
7 44
7 45
7 45
6 46
6 47
6 47
6 48
5 49
5 50
5 50
5 51
4 52
4 53
4 53
4 54
3 55
3 56
3 56
3 57
2 58
2 59
2 59
1 60
1 61
1 61
0 62
0 62
0 63
0 63
0 63
1 62
1 62
2 61
2 60
3 59
3 58
4 57
5 56
5 55
6 54
6 53
7 52
7 52
8 51
9 51
10 50
10 50
11 49
11 49
12 48
13 48
13 48
14 49
14 49
15 49
15 49
16 50
17 50
17 50
18 50
18 50
19 51
19 51
20 52
20 52
21 52
21 52
21 53
21 53
22 53
22 53
22 53
22 54
22 54
22 54
22 54
22 53
22 53
22 52
22 52
22 51
22 51
22 50
22 49
22 48
22 47
23 46
23 45
23 44
23 43
23 42
23 41
23 40
23 39
23 38
24 37
24 36
24 35
24 34
24 33
24 33
24 33
24 33
24 33
24 33
25 32
25 32
26 32
26 32
27 31
28 31
28 31
29 30
29 30
30 29
31 29
31 29
32 28
33 28
33 28
34 27
35 27
35 27
36 26
37 26
37 26
38 25
39 25
39 25
40 24
41 23
41 23
42 23
43 23
43 23
44 22
44 22
45 21
45 21
45 20
45 20
46 20
46 20
45 19
45 19
45 18
45 18
45 17
45 17
44 16
44 16
43 15
43 15
42 14
42 13
42 13
41 12
40 12
40 12
39 11
39 10
39 10
38 9
38 8
38 8
38 7
38 6
38 6
37 5
37 4
37 4
36 3
36 2
36 2
36 1
36 1
35 0
35 0
35 0
35 1
35 1
36 2
36 3
36 3
36 4
36 5
36 6
36 6
36 7
36 8
36 9
36 10
36 11
36 11
36 12
36 13
36 14
36 15
36 16
36 16
36 17
36 18
36 19
37 20
37 21
37 22
37 23
37 23
37 24
37 25
37 26
37 27
37 28
37 29
37 30
37 30
37 31
37 32
37 33
37 34
37 35
37 36
37 37
37 37
37 38
37 39
37 40
37 41
37 42
37 43
37 44
37 45
37 45
37 46
37 47
37 48
37 49
37 50
37 51
37 51
37 52
37 53
37 54
37 55
37 56
37 57
37 57
37 58
37 59
37 60
37 61
37 62
37 62
37 63
36 64
36 65
36 66
36 66
36 67
36 68
36 69
36 70
36 70
36 71
36 72
36 72
36 73
36 74
36 74
36 75
36 75
36 75
36 75
36 75
36 74
36 74
36 73
36 73
36 72
35 71
35 70
35 70
35 69
35 68
35 67
35 67
35 66
35 65
35 64
35 63
35 63
35 62
34 61
34 60
34 59
34 59
34 58
34 57
34 56
33 55
33 54
33 53
33 52
33 51
33 50
32 49
32 48
32 47
32 46
32 46
32 45
32 44
31 43
31 42
31 41
31 40
31 40
30 39
30 39
30 38
30 38
29 37
29 37
29 37
29 37
29 37
29 38
29 38
29 39
29 40
29 41
29 41
29 42
28 43
28 44
28 44
28 45
27 46
27 47
27 47
27 48
26 49
26 50
26 50
26 51
25 52
25 53
25 53
25 54
24 55
24 56
24 56
23 57
23 58
23 58
22 59
21 60
21 60
21 61
21 62
21 62
20 62
20 62
20 62
20 61
20 61
20 60
21 59
21 58
22 57
22 56
23 55
23 54
24 53
24 52
25 51
25 50
25 49
26 48
26 47
27 46
27 45
28 44
28 43
29 42
29 41
29 41
30 40
31 39
32 39
33 38
33 38
34 38
34 38
35 39
35 39
36 40
37 40
37 40
38 41
38 41
39 42
40 43
40 43
40 44
41 45
41 46
41 46
42 47
43 48
43 48
44 49
45 50
45 50
46 51
47 52
47 52
48 53
49 54
49 54
50 55
51 55
51 55
52 56
52 56
53 57
54 57
54 57
55 58
55 58
56 58
56 58
57 59
57 59
58 59
58 59
58 59
58 59
58 59
58 59
58 58
58 57
58 56
58 55
58 54
58 53
58 52
58 51
58 50
58 49
59 48
59 47
59 46
59 45
59 44
59 43
59 42
59 41
59 40
59 39
59 38
59 37
59 36
59 35
59 34
59 33
59 32
59 31
59 30
59 29
59 28
59 27
60 26
60 25
60 24
60 23
60 22
60 21
60 20
60 19
60 18
60 17
60 16
60 15
60 15
60 14
60 14
60 13
60 13
60 13
61 12
61 12
62 11
62 11
63 10
64 10
64 10
65 9
66 9
66 9
67 8
68 8
69 7
69 7
70 6
71 6
72 5
72 5
73 5
74 4
75 4
75 4
76 4
77 3
78 3
78 3
79 3
80 3
80 3
81 2
81 2
82 2
83 2
83 2
84 1
84 1
85 1
85 1
86 1
86 1
86 1
86 2
86 2
85 3
84 3
83 4
82 4
81 5
80 5
79 6
78 6
77 7
76 7
75 8
75 8
74 9
73 9
72 10
71 10
71 10
70 11
70 11
69 12
69 12
68 13
68 13
68 14
68 15
68 15
68 16
68 17
68 17
68 18
68 19
68 19
68 20
68 21
68 21
69 22
69 23
69 23
70 24
70 25
70 25
71 26
71 27
71 27
71 28
71 28
72 29
72 29
73 29
73 29
73 30
73 30
74 30
74 30
75 29
76 28
76 27
77 26
78 25
79 24
79 23
80 22
81 21
82 20
82 19
83 18
83 18
84 17
85 16
86 15
86 15
87 14
87 14
87 14
87 14
87 15
87 15
86 16
86 17
86 17
85 18
85 19
85 19
84 20
84 21
84 21
83 22
83 23
82 24
82 24
81 25
80 26
79 27
79 27
78 28
77 29
76 30
76 30
75 31
74 32
74 33
73 34
73 34
72 35
71 36
70 37
70 37
69 38
68 39
68 40
67 41
67 41
66 42
65 42
64 43
64 43
63 44
63 45
62 46
62 46
61 47
60 48
60 48
59 49
58 49
58 49
57 50
56 51
56 51
56 51
55 51
55 51
56 51
56 51
57 50
57 50
58 49
59 48
59 48
60 47
61 47
62 46
62 46
63 46
64 45
65 45
65 45
66 44
67 44
68 43
69 43
69 43
70 42
71 42
72 41
73 41
73 41
74 40
75 40
76 39
77 39
77 39
78 38
79 38
80 37
81 37
81 37
82 37
83 36
84 36
85 36
85 36
86 36
87 35
88 35
89 35
89 35
90 35
91 35
92 35
92 35
93 35
94 35
95 35
95 35
96 35
97 35
97 35
98 35
98 35
99 35
99 35
99 35
100 34
100 34
99 34
99 34
99 34
98 34
98 34
97 33
97 33
96 32
95 31
94 30
93 29
93 28
92 27
91 26
90 25
89 24
88 23
87 22
86 21
86 20
85 19
84 18
83 17
82 16
81 15
80 14
79 13
79 12
78 11
77 10
76 9
76 9
76 8
76 8
76 7
76 7
76 7
76 7
76 7
76 8
76 8
76 9
76 9
76 10
76 10
75 11
75 12
75 12
75 13
75 14
75 15
75 15
75 16
75 17
75 17
75 18
75 19
75 20
75 20
75 21
75 22
75 23
75 24
75 24
75 25
75 26
75 27
75 27
75 28
75 29
75 30
75 31
75 31
75 32
75 33
75 34
75 35
75 36
75 36
75 37
75 38
75 39
75 40
75 41
75 41
75 42
75 43
75 44
75 45
75 46
75 47
75 47
75 48
75 49
75 50
75 51
75 52
75 52
75 53
75 54
75 55
75 56
75 57
75 58
75 59
75 59
75 60
75 61
75 62
75 63
75 64
75 64
75 65
75 66
75 67
75 68
75 69
75 70
75 70
75 71
75 72
75 73
75 74
75 75
75 75
75 76
75 77
75 78
75 79
75 80
75 80
75 81
75 82
75 83
75 84
75 85
75 85
75 86
75 87
75 88
75 89
75 89
75 90
76 91
76 92
76 93
76 93
76 94
76 95
76 96
76 96
76 97
76 98
76 98
77 99
77 100
