1 36
1 36
1 36
1 36
1 36
1 36
2 35
3 35
3 35
4 34
4 34
5 33
6 33
6 33
7 32
8 32
8 32
9 32
10 31
11 31
11 31
12 30
13 30
13 30
14 29
15 29
15 29
16 28
17 28
18 27
18 27
19 26
20 26
20 26
21 25
21 24
21 24
22 23
23 23
23 23
24 22
24 22
24 22
23 21
22 20
21 19
20 18
19 17
18 16
17 15
16 14
16 13
15 12
14 11
13 10
12 9
11 8
10 7
9 6
9 6
9 7
9 8
9 8
9 9
10 10
10 11
10 11
10 12
10 13
10 14
10 14
10 15
10 16
10 17
10 17
10 18
10 19
10 20
10 21
10 22
10 22
10 23
10 24
11 25
11 26
11 27
11 27
11 28
11 29
11 30
11 31
11 31
11 32
11 33
12 34
12 35
12 36
12 36
12 37
12 38
12 39
12 40
12 40
12 41
12 42
13 43
13 44
13 45
13 45
13 46
13 47
13 48
13 49
13 50
13 50
13 51
13 52
14 53
14 54
14 55
14 56
14 56
14 57
14 58
14 59
14 60
14 60
14 61
14 62
14 63
14 63
14 64
15 65
15 66
15 67
15 67
15 68
15 69
15 69
15 70
15 71
15 71
15 71
15 72
15 72
15 71
15 71
15 71
15 70
15 69
14 68
14 67
14 66
14 65
13 64
13 63
13 62
13 61
13 60
12 59
12 58
12 57
12 56
11 55
11 54
11 53
11 52
10 51
10 50
10 49
10 48
10 47
9 46
9 45
9 44
9 43
8 42
8 41
8 40
8 40
7 40
7 40
7 39
7 39
6 40
6 40
6 40
6 41
6 41
5 42
5 43
5 43
5 44
5 44
4 45
4 46
4 46
3 47
3 47
3 48
3 49
3 50
3 50
2 51
2 52
2 52
1 53
1 54
1 54
0 55
0 55
0 56
0 57
0 57
0 56
1 55
1 54
1 53
2 52
2 51
2 50
3 49
3 48
3 47
4 46
4 45
4 44
5 43
5 42
5 42
6 41
7 40
8 39
8 39
9 39
9 39
10 39
10 39
11 39
11 39
12 40
13 40
13 40
14 41
14 41
15 42
16 43
16 43
17 44
17 44
18 45
19 45
19 45
20 46
20 46
21 47
22 48
22 48
23 48
24 48
24 48
25 49
26 49
26 49
26 48
26 47
26 46
26 45
26 44
26 43
26 42
26 41
25 40
25 39
25 38
25 37
25 36
25 35
25 34
25 33
25 32
25 31
25 31
24 32
24 33
24 33
23 33
23 33
23 33
23 33
23 33
24 32
24 32
25 31
25 31
26 30
26 30
27 29
28 29
28 29
29 29
30 28
31 28
31 28
32 27
32 26
33 25
33 25
34 24
35 24
36 23
36 23
37 22
38 22
38 22
39 21
40 20
40 20
41 19
42 19
42 19
43 18
43 18
44 17
44 17
43 16
42 15
41 14
40 13
39 12
38 11
37 10
36 9
36 9
35 9
35 9
35 8
35 8
34 8
34 8
34 9
34 9
35 10
35 10
35 11
35 12
35 13
35 13
35 14
35 15
35 16
35 16
35 17
36 18
36 19
36 20
36 20
36 21
36 22
36 23
36 24
36 24
36 25
36 26
36 27
36 28
36 29
36 30
36 30
36 31
36 32
37 33
37 34
37 35
37 36
37 36
37 37
37 38
37 39
37 40
37 41
37 41
37 42
37 43
38 44
38 45
38 46
38 46
38 47
38 48
38 49
38 50
38 51
38 52
38 52
38 53
39 54
39 55
39 56
39 56
39 57
39 58
39 59
39 60
39 60
39 61
40 62
40 63
40 64
40 64
40 65
40 66
40 67
40 67
40 68
40 69
40 70
40 70
40 71
40 72
40 72
40 73
40 73
40 73
40 72
40 71
39 70
39 69
39 68
39 67
38 66
38 65
38 64
38 63
38 62
37 61
37 60
37 59
37 58
37 57
36 56
36 55
36 54
36 53
35 52
35 51
35 50
35 49
35 48
34 47
34 46
34 45
34 44
34 43
33 42
33 41
33 40
33 39
32 38
32 37
32 36
32 35
32 34
31 33
31 32
31 31
31 31
31 30
31 29
31 28
31 28
30 28
30 28
30 28
30 29
30 29
30 30
30 31
30 32
30 32
30 33
30 34
30 35
30 35
30 36
29 37
29 38
29 38
29 39
29 40
29 41
29 41
29 42
28 43
28 44
28 44
28 45
27 46
27 47
27 47
26 48
26 49
26 49
26 50
26 51
26 52
26 52
26 51
26 50
27 49
27 48
27 47
27 46
27 45
28 44
28 43
28 42
28 41
28 40
29 39
29 38
29 37
29 36
29 35
30 34
30 33
30 32
30 32
31 31
32 31
33 30
33 30
33 29
33 29
34 29
34 29
34 30
34 30
35 30
35 30
35 31
35 31
36 32
36 32
37 33
37 33
38 34
38 34
39 35
39 35
40 36
40 37
40 37
41 38
41 38
42 39
43 39
43 39
44 40
44 41
44 41
45 42
46 42
46 42
47 43
47 43
48 44
49 44
49 44
50 45
50 45
51 45
52 45
52 45
53 45
54 45
54 45
55 45
56 45
56 45
57 45
58 45
58 45
59 45
59 45
60 45
61 45
61 45
62 45
62 45
63 45
64 45
64 45
65 45
65 45
65 44
65 43
65 42
65 41
65 40
65 39
65 38
65 37
66 36
66 35
66 34
66 33
66 32
66 31
66 30
66 29
66 28
66 27
66 26
66 25
66 24
66 23
66 22
66 21
66 20
66 19
67 18
67 17
67 16
67 15
67 14
67 13
67 12
67 11
67 10
67 10
68 10
68 10
68 10
69 9
69 9
70 9
70 9
71 8
72 8
72 8
73 7
74 7
74 7
75 6
76 6
76 6
77 5
78 5
78 5
79 4
80 4
80 4
81 3
82 3
82 3
83 2
84 2
84 2
85 1
85 1
86 0
86 0
85 1
84 2
83 3
82 4
81 5
80 6
79 7
78 8
77 9
76 10
75 11
74 12
73 13
72 14
71 15
70 16
70 16
70 17
70 17
70 17
70 16
70 16
71 17
71 17
72 17
72 17
72 18
72 18
73 19
73 20
73 20
74 21
74 21
75 22
75 23
75 23
76 24
76 25
76 25
77 26
77 26
78 27
78 27
79 28
79 28
80 28
80 28
81 29
81 29
81 29
81 28
82 27
82 26
82 25
83 24
83 23
83 22
84 21
84 20
84 19
85 18
85 17
85 17
85 17
84 17
84 17
84 18
84 18
84 18
84 18
84 18
84 18
84 18
85 17
85 17
85 17
86 16
86 16
87 16
87 16
88 16
88 16
88 16
88 16
88 16
88 17
88 17
87 18
87 19
87 19
86 20
86 21
86 21
85 22
85 23
84 24
84 24
84 25
83 26
83 27
83 27
82 28
82 29
81 30
81 30
80 31
80 32
79 33
79 33
79 34
78 35
78 36
78 36
77 37
77 38
76 39
76 39
75 40
75 41
75 41
74 42
74 43
74 43
74 44
74 44
73 45
73 45
73 45
73 45
73 45
73 45
74 45
74 45
75 44
75 44
76 43
77 43
77 43
78 42
79 41
79 41
80 41
81 40
82 40
82 40
83 39
84 38
84 38
85 37
86 37
87 36
87 36
88 36
89 35
90 35
90 35
91 34
92 33
92 33
93 33
94 32
95 32
95 32
96 31
97 30
97 30
98 29
98 29
99 29
99 29
100 28
100 28
100 28
100 28
99 27
99 26
99 26
98 25
97 24
96 23
95 22
94 21
93 20
92 19
91 18
90 17
89 16
88 15
87 14
86 13
85 12
84 11
83 10
82 9
81 8
80 7
79 6
79 6
78 5
78 5
78 5
78 5
78 5
78 5
78 6
78 6
78 7
78 7
79 8
79 9
79 9
79 10
79 11
79 11
79 12
79 13
79 14
79 14
79 15
80 16
80 17
80 17
80 18
80 19
80 20
80 21
80 21
80 22
80 23
80 24
80 25
80 26
80 26
80 27
80 28
80 29
80 30
80 30
80 31
80 32
79 33
79 34
79 35
79 35
79 36
79 37
79 38
79 39
79 39
79 40
79 41
79 42
79 43
79 43
79 44
79 45
79 46
79 47
79 48
79 48
79 49
79 50
79 51
79 52
79 53
79 54
79 54
79 55
79 56
79 57
79 58
79 59
79 59
79 60
79 61
79 62
79 63
79 64
79 64
79 65
79 66
80 67
80 68
80 69
80 69
80 70
80 71
80 72
80 73
80 74
80 74
80 75
80 76
80 77
80 78
80 79
80 79
80 80
81 81
81 82
81 83
81 83
81 84
81 85
81 86
81 87
81 88
81 88
81 89
81 90
81 91
81 92
81 92
81 93
82 94
82 95
82 95
82 96
82 97
82 98
82 98
83 99
83 100
83 100
