13 14
13 14
12 14
12 14
12 14
12 14
12 14
13 14
13 14
14 13
14 12
14 12
15 11
15 10
15 10
15 9
15 8
15 8
16 7
16 6
16 6
16 5
16 4
16 4
16 3
16 2
16 2
16 2
15 1
15 1
14 0
14 0
13 1
13 1
12 2
11 2
11 2
10 3
9 3
9 3
9 4
8 5
8 6
8 7
8 7
7 8
7 9
6 10
6 11
6 11
5 12
5 13
4 14
4 15
4 15
4 16
4 17
3 18
3 19
3 20
3 20
3 21
3 22
2 23
2 24
2 25
2 25
2 26
1 27
1 28
1 29
1 29
1 30
1 31
0 32
0 33
0 34
0 34
0 35
0 36
0 37
0 38
0 39
0 40
0 40
0 41
0 42
0 43
0 44
0 45
0 45
0 46
0 47
0 48
0 49
0 49
0 50
1 51
1 52
1 52
2 53
2 54
3 55
3 55
4 55
5 55
5 55
6 55
7 55
7 55
8 54
9 53
10 52
10 52
11 51
12 51
13 50
14 50
14 50
15 49
16 48
17 47
17 47
18 46
19 46
20 45
21 45
22 44
23 43
24 43
25 42
26 42
27 41
28 40
29 40
30 39
31 39
32 38
33 38
34 37
35 36
36 36
37 35
38 35
39 34
39 34
39 33
39 32
39 32
39 31
39 30
39 30
38 29
38 29
37 28
37 28
36 28
36 28
35 28
35 28
34 29
34 29
33 30
33 31
33 31
32 32
31 33
31 33
31 34
30 35
30 36
30 36
30 37
29 38
29 39
29 40
29 40
29 41
28 42
28 43
28 44
28 44
28 45
28 46
28 47
28 47
28 48
28 49
28 50
28 50
28 51
28 52
28 53
28 53
29 54
29 54
30 54
30 54
31 53
31 53
32 52
33 51
33 51
34 50
34 49
35 48
35 48
35 47
36 46
36 45
36 44
36 44
37 43
37 42
38 41
38 40
38 40
38 39
39 38
39 37
39 37
39 36
39 35
39 35
39 34
39 33
39 33
39 33
38 33
38 33
38 34
38 34
38 35
37 36
37 37
37 37
37 38
36 39
36 40
36 40
36 41
36 42
36 43
36 43
36 44
36 45
36 46
36 46
36 47
36 48
36 48
36 49
36 50
36 50
36 51
36 52
36 52
37 53
37 53
37 54
37 54
38 54
38 54
38 54
39 53
40 53
40 53
41 52
41 51
41 51
42 50
42 49
42 49
43 48
44 47
44 47
45 46
45 45
45 45
46 44
46 43
46 43
47 42
47 41
47 41
47 40
47 40
47 39
47 39
48 39
48 39
48 39
48 39
48 40
48 41
48 41
47 42
47 43
47 43
47 44
47 45
47 45
47 46
46 47
46 48
46 48
46 49
46 50
46 50
46 51
45 52
45 53
45 53
45 54
45 54
45 55
45 55
45 56
45 56
45 56
45 56
45 55
45 55
45 54
45 53
45 53
45 52
45 51
45 51
45 50
46 49
46 48
46 48
47 47
47 46
47 46
47 45
47 44
47 44
48 43
48 42
48 42
49 41
49 40
49 40
50 39
50 39
51 39
51 39
51 39
51 40
51 40
51 41
51 41
51 42
51 43
51 43
51 44
51 45
51 46
51 46
51 47
50 48
50 49
50 49
50 50
50 51
50 52
50 53
50 53
49 54
49 55
49 55
49 56
49 56
49 57
49 57
49 56
49 56
50 55
50 55
50 54
50 53
50 53
50 52
51 51
51 50
51 50
51 49
51 48
51 47
51 47
51 46
52 45
52 44
52 44
52 43
53 42
53 41
53 41
53 40
53 39
53 39
54 38
54 38
55 37
55 37
56 37
56 37
56 38
56 38
56 39
56 39
56 40
56 41
56 41
56 42
56 43
56 43
56 44
56 45
56 46
56 46
56 47
56 48
56 48
56 49
56 50
56 51
56 51
56 52
56 53
56 54
56 54
56 55
56 56
56 56
56 57
56 57
56 57
56 57
56 56
56 55
56 55
57 54
57 54
58 53
58 52
58 52
58 51
58 50
58 50
59 49
59 48
59 48
60 47
60 46
60 46
61 45
61 44
61 44
62 43
62 42
62 42
63 41
63 40
63 40
64 39
64 39
65 38
65 37
65 37
65 37
66 36
66 36
66 36
67 36
67 36
67 36
67 37
67 37
66 37
66 37
66 38
66 39
66 39
66 40
66 40
65 41
65 42
65 42
65 43
65 44
65 44
65 45
64 46
64 47
64 47
64 48
63 49
63 50
63 50
63 51
63 52
63 52
62 53
62 54
62 54
62 55
62 55
61 56
61 56
61 56
61 55
61 55
61 55
62 54
62 54
62 53
62 52
62 52
63 51
63 50
63 50
63 49
64 48
64 47
64 47
64 46
65 45
65 44
65 44
65 43
66 42
66 41
66 40
66 40
66 39
67 38
67 37
67 37
68 36
68 35
68 35
69 34
69 33
69 33
70 33
70 33
71 32
71 32
71 32
71 33
71 33
71 34
71 34
71 35
71 36
71 36
71 37
70 38
70 39
70 39
70 40
70 41
70 42
70 42
70 43
69 44
69 45
69 46
69 46
69 47
68 48
68 49
68 49
68 50
68 50
68 51
68 52
68 52
68 52
68 51
68 51
68 51
68 50
68 49
68 49
69 48
69 48
69 47
69 46
69 46
69 45
70 44
70 43
70 43
71 42
71 41
72 40
72 40
73 39
73 38
74 37
74 37
74 36
75 35
75 34
75 34
76 33
77 32
77 32
78 31
78 31
78 31
78 32
78 32
78 33
78 34
78 34
77 35
77 36
77 36
77 37
76 38
76 39
76 39
76 40
75 41
75 42
75 43
75 43
75 44
74 45
74 46
74 47
74 47
74 48
74 49
74 50
74 50
74 51
74 52
74 52
74 53
74 53
74 54
74 54
75 54
75 54
76 53
76 53
76 53
77 52
77 51
77 51
78 50
78 50
79 49
79 49
80 48
80 47
80 47
81 46
81 45
81 45
82 44
82 43
82 43
83 42
83 42
84 41
84 40
84 40
85 39
85 39
86 38
86 37
86 37
86 36
86 36
87 35
87 35
88 34
88 34
88 33
88 33
88 32
88 32
88 31
88 31
89 30
89 30
89 30
88 30
88 30
88 31
88 31
88 32
88 32
87 33
87 34
87 34
87 35
87 35
86 36
86 37
86 37
86 38
86 39
86 39
85 40
85 41
85 41
85 42
84 43
84 44
84 45
84 45
84 46
83 47
83 48
83 48
83 49
82 50
82 51
82 52
82 52
82 53
81 54
81 55
81 55
81 56
81 57
81 57
81 58
81 58
82 59
82 59
82 59
82 58
82 58
83 57
83 57
83 56
84 55
84 54
84 54
85 53
85 52
86 51
86 50
86 50
87 49
87 48
88 47
88 47
89 46
89 45
90 44
90 44
91 43
92 42
92 42
93 41
93 40
94 39
94 39
95 38
96 37
96 37
97 36
97 36
97 35
97 35
97 35
98 34
98 34
98 33
98 33
98 32
98 32
98 31
98 31
99 31
99 31
99 32
99 32
99 32
99 33
99 34
99 34
98 35
98 36
98 36
97 37
97 38
96 39
96 39
96 40
95 41
95 42
94 43
94 44
94 44
94 45
93 46
93 47
92 48
92 49
92 49
92 50
91 51
91 52
90 53
90 54
89 55
89 56
89 56
89 57
88 58
88 59
87 60
87 61
86 62
86 63
86 63
86 64
85 65
85 66
84 67
84 68
83 69
83 70
82 71
82 72
82 72
82 73
81 74
81 75
80 76
80 77
80 78
79 79
79 80
79 80
79 81
78 82
78 83
77 84
77 85
76 86
76 87
76 87
76 88
75 89
75 90
74 91
74 92
74 93
73 94
73 95
73 95
72 96
72 97
71 98
71 99
71 99
70 100
70 100
69 100
69 100
68 99
68 98
68 98
68 97
68 96
68 95
68 95
68 94
68 93
69 92
69 91
69 90
69 90
69 89
70 88
70 87
70 86
71 85
71 84
71 84
72 83
72 82
73 81
73 80
74 79
74 78
74 78
75 77
75 76
76 75
76 74
77 73
77 72
78 71
78 71
79 70
79 69
80 68
81 67
82 66
82 65
83 64
83 64
84 63
84 62
85 61
86 60
87 59
87 58
88 57
88 57
89 56
90 55
91 54
92 53
93 52
94 51
94 51
95 50
96 49
97 48
98 47
99 46
100 45
