19 5
19 4
19 3
19 3
19 3
18 2
18 2
18 2
18 1
18 1
17 1
17 1
16 0
16 0
15 1
15 1
14 1
14 1
13 2
12 2
12 2
11 3
11 4
10 5
10 5
9 6
9 7
8 8
8 8
8 9
7 10
7 11
6 12
6 13
6 13
5 14
5 15
4 16
4 17
4 17
4 18
3 19
3 20
2 21
2 22
2 22
2 23
2 24
1 25
1 26
1 27
1 27
1 28
0 29
0 30
0 31
0 31
0 32
0 33
0 34
0 35
0 35
0 36
0 37
0 38
0 39
0 39
0 40
0 41
0 42
0 42
0 43
0 44
0 44
1 45
1 46
1 46
2 47
2 47
3 48
3 48
4 47
4 47
5 46
6 46
6 46
7 45
8 45
8 45
9 44
10 43
10 43
11 42
12 41
12 41
13 40
14 39
14 39
15 38
16 37
16 37
17 36
17 35
17 35
18 34
19 33
19 33
20 32
20 32
21 31
21 30
21 30
22 30
22 30
22 29
22 29
22 29
22 29
21 28
21 28
21 29
21 29
20 30
20 30
19 31
19 31
18 32
18 33
18 33
17 34
17 35
17 35
16 36
16 37
16 37
16 38
16 39
16 39
15 40
15 41
15 41
15 42
15 42
15 43
15 43
16 43
16 43
16 44
16 44
17 44
17 44
18 43
18 43
19 42
19 42
20 41
20 40
20 40
21 39
21 39
22 38
22 37
22 37
23 36
23 35
23 35
23 34
23 33
23 33
24 32
24 32
24 31
24 30
24 30
24 30
24 30
24 30
24 30
24 31
24 31
24 32
24 32
24 33
24 34
24 34
24 35
24 36
24 36
24 37
24 38
24 38
24 39
24 40
24 40
24 41
24 41
24 42
24 42
24 43
24 43
24 44
24 44
25 44
25 44
25 44
25 44
26 44
26 44
26 43
26 43
27 42
27 42
27 41
27 41
28 40
28 40
29 39
29 38
29 38
30 37
30 36
30 36
30 35
30 35
31 34
31 34
31 34
31 34
31 34
31 34
32 34
32 34
32 35
32 35
32 36
32 37
32 37
32 38
32 38
32 39
32 40
32 40
32 41
32 41
31 42
31 43
31 43
31 44
31 44
31 45
31 45
31 46
31 46
31 47
31 47
31 47
31 47
31 47
32 46
32 46
32 45
32 45
33 44
33 43
33 43
34 42
34 41
34 41
35 40
35 39
35 39
36 38
36 37
36 37
37 36
37 35
37 35
38 34
38 34
39 34
39 34
39 33
39 33
40 33
40 33
41 34
41 34
41 35
41 35
41 36
41 36
41 37
41 38
41 38
40 39
40 39
40 40
40 41
40 41
40 42
40 42
39 43
39 43
39 44
39 44
39 45
39 45
39 45
39 45
39 45
39 45
39 44
39 44
40 43
40 43
40 42
40 41
40 41
41 40
41 39
41 39
42 38
42 37
42 37
43 36
43 35
43 35
44 34
44 34
45 33
45 32
45 32
46 32
46 32
47 31
47 31
48 31
48 31
48 32
48 32
48 33
48 33
48 34
48 34
48 35
48 36
48 36
48 37
48 37
48 38
48 39
48 39
47 40
47 41
47 41
47 42
47 43
47 43
47 44
47 45
47 45
47 46
47 47
47 47
47 48
47 48
47 49
47 49
48 49
48 49
48 49
49 49
49 49
50 48
50 48
51 47
51 47
52 46
52 46
53 45
53 44
53 44
54 43
54 42
54 42
54 41
54 41
55 40
55 39
55 39
56 38
56 37
56 37
56 36
56 35
56 35
57 34
57 34
58 33
58 33
58 32
58 32
58 32
59 32
59 32
59 32
60 33
60 33
60 33
60 34
60 34
60 35
60 35
60 36
60 36
60 37
60 37
59 38
59 39
59 39
59 40
59 41
59 41
58 42
58 42
58 43
58 43
57 44
57 45
57 45
57 45
57 45
57 45
57 45
57 44
57 44
58 43
58 43
59 42
59 41
59 41
60 40
60 39
60 39
61 38
61 37
61 37
62 36
62 35
62 35
63 34
63 33
63 33
64 32
64 31
64 31
64 30
64 30
65 30
65 30
66 29
66 29
66 29
67 30
67 30
67 30
67 31
67 31
67 32
67 32
67 33
67 34
67 34
66 35
66 35
66 36
66 37
66 37
65 38
65 39
65 39
65 40
65 41
65 41
64 42
64 42
64 43
64 44
64 44
64 45
64 45
63 46
63 46
63 46
63 46
63 46
63 45
63 45
64 44
64 44
65 43
65 42
65 42
65 41
65 40
65 40
66 39
66 38
66 38
67 37
67 36
67 36
68 35
68 34
69 33
69 33
70 32
70 32
71 31
71 30
71 30
72 29
72 29
73 29
73 29
74 29
74 29
75 29
75 29
75 30
75 30
76 31
76 31
76 32
76 32
76 33
76 34
76 34
76 35
76 36
76 36
76 37
75 38
75 39
75 39
75 40
75 41
75 41
75 42
75 43
75 43
75 44
75 44
75 45
75 46
75 46
75 46
76 47
76 47
76 47
77 46
77 46
78 45
78 45
79 44
79 44
80 43
80 42
80 42
81 41
81 41
82 40
82 39
82 39
82 38
83 37
83 36
83 36
83 35
83 34
83 34
84 33
84 32
84 32
85 31
85 30
85 30
85 29
85 29
85 28
85 28
85 28
85 28
85 28
85 29
85 29
85 29
85 30
85 31
85 31
85 32
85 33
85 34
85 34
84 35
84 36
84 36
84 37
84 38
84 39
84 39
83 40
83 41
83 41
83 42
83 43
83 43
83 44
83 44
83 45
83 45
84 46
84 46
84 47
84 47
84 47
85 46
85 46
86 45
86 45
87 44
87 44
88 43
88 42
88 42
89 41
89 40
89 40
89 39
90 38
90 37
90 37
90 36
91 35
91 34
91 34
92 33
92 32
92 32
92 31
93 30
93 29
93 29
93 28
94 27
94 26
94 26
95 25
95 25
95 25
95 25
95 25
95 26
95 26
94 27
94 28
94 28
94 29
94 30
94 31
94 32
94 32
94 33
93 34
93 35
93 35
93 36
92 37
92 38
92 39
92 39
92 40
92 41
91 42
91 43
91 44
91 44
91 45
91 46
91 47
91 48
91 48
91 49
91 50
90 51
90 52
90 53
90 53
90 54
90 55
89 56
89 57
89 58
89 59
89 59
89 60
89 61
88 62
88 63
88 64
88 64
88 65
88 66
88 67
88 68
88 69
88 69
88 70
88 71
87 72
87 73
87 74
87 75
87 75
87 76
87 77
86 78
86 79
86 80
86 80
86 81
85 82
85 83
85 84
85 84
85 85
84 86
84 87
84 88
84 88
83 89
83 90
82 91
82 92
82 92
82 93
81 94
81 95
81 95
80 96
79 97
79 97
78 98
77 99
77 99
76 100
75 100
75 100
74 100
74 100
73 100
72 100
72 100
71 99
71 98
71 98
71 97
70 96
70 95
70 95
70 94
70 93
70 92
70 91
70 91
70 90
70 89
71 88
71 87
71 86
71 86
71 85
72 84
72 83
72 82
72 81
73 80
73 79
73 79
73 78
74 77
74 76
74 75
74 74
75 73
75 72
75 72
76 71
76 70
77 69
77 68
78 67
78 66
79 65
79 65
79 64
80 63
80 62
81 61
81 60
82 59
82 58
82 58
83 57
84 56
85 55
86 54
87 53
87 53
88 52
88 51
89 50
90 49
90 48
91 47
91 47
92 46
93 45
94 44
94 44
95 43
96 42
96 42
97 41
98 41
98 41
99 41
99 41
99 40
99 40
99 40
100 40
100 40
99 40
