20 7
20 6
20 6
20 5
20 5
20 5
20 4
20 4
20 4
20 3
20 3
19 2
19 2
19 2
18 1
18 1
17 0
17 0
16 0
16 0
15 1
14 1
14 1
13 2
13 2
12 3
11 3
11 3
10 4
10 5
10 5
9 6
8 6
8 6
7 7
7 8
7 8
6 9
5 10
5 10
5 11
4 12
4 13
4 13
3 14
3 15
3 15
3 16
2 17
2 18
2 18
1 19
1 20
1 20
1 21
0 22
0 23
0 23
0 24
0 25
0 26
0 26
0 27
0 28
0 29
0 29
0 30
0 31
0 32
0 32
0 33
0 34
0 35
0 35
0 36
0 37
0 38
0 38
0 39
0 40
0 40
1 41
1 42
1 42
1 43
1 44
1 44
2 45
2 45
3 46
3 46
4 46
4 46
5 46
5 46
6 45
7 45
7 45
8 44
9 43
9 43
10 42
11 41
11 41
12 40
12 39
12 39
13 38
14 37
14 37
15 36
15 36
16 35
16 34
16 34
17 33
17 33
18 32
18 32
19 31
20 31
21 30
22 30
23 29
24 29
25 28
26 28
27 27
28 27
29 26
30 26
30 26
29 26
29 26
28 25
28 25
28 25
27 24
27 24
26 23
26 23
26 23
25 22
25 22
24 23
24 23
23 23
23 23
22 24
22 25
22 25
21 26
21 26
21 27
21 28
21 28
20 29
20 30
20 30
19 31
19 32
19 32
19 33
19 34
19 35
19 35
19 36
19 37
19 37
19 38
19 39
19 39
19 40
19 40
19 41
19 41
20 41
20 41
21 41
21 41
22 40
22 40
23 39
23 38
23 38
24 37
24 36
25 35
25 35
25 34
26 33
26 32
26 32
27 31
27 30
27 30
28 29
28 28
28 28
29 27
29 26
29 26
29 26
29 25
29 25
29 25
29 26
29 26
29 26
29 27
29 27
29 28
29 29
29 30
29 30
29 31
29 32
29 32
29 33
29 34
29 34
29 35
29 36
29 36
29 37
29 38
29 38
30 39
30 39
31 38
32 37
33 36
34 35
35 34
35 33
36 32
37 31
38 30
39 29
39 29
38 28
38 28
38 28
38 28
38 28
38 28
39 28
39 28
39 28
39 29
39 29
40 30
40 30
40 31
40 31
40 32
40 33
40 34
40 34
39 35
39 36
39 36
39 37
39 38
39 39
39 39
38 40
38 41
38 41
38 42
38 43
38 43
38 44
38 44
38 44
38 44
38 44
39 43
39 42
39 42
39 41
39 40
39 39
39 39
40 38
41 37
41 37
41 36
42 35
42 34
42 34
42 33
43 32
43 31
43 31
44 30
44 29
44 29
45 28
45 27
45 27
46 26
46 26
47 26
47 26
47 26
47 27
47 27
47 28
47 29
47 29
47 30
47 30
47 31
47 32
47 32
47 33
46 34
46 35
46 35
46 36
46 37
46 37
46 38
46 38
46 39
46 39
46 39
46 40
46 40
46 40
46 39
46 39
47 38
47 38
47 37
47 36
47 36
48 35
48 34
48 34
48 33
49 32
49 31
49 31
50 30
50 29
50 29
51 28
51 27
51 27
52 26
52 25
52 25
53 24
53 24
54 24
54 24
54 24
55 24
55 24
55 25
55 25
55 26
55 26
55 27
55 28
55 28
55 29
55 29
54 30
54 31
54 31
54 32
54 33
54 33
54 34
54 35
54 35
54 36
54 37
54 37
54 38
54 38
54 39
54 39
54 39
54 39
54 39
54 38
54 38
55 37
55 37
55 36
55 35
55 35
55 34
56 33
56 32
56 32
57 31
57 30
57 30
58 29
58 28
58 28
58 27
58 26
58 26
59 25
59 25
59 25
60 25
60 25
60 25
60 25
60 25
60 26
60 26
60 27
60 27
60 28
60 28
60 29
60 30
60 30
59 31
59 32
59 32
59 33
59 34
59 34
59 35
59 36
59 36
59 37
59 37
58 38
58 38
59 38
59 38
59 38
59 38
59 37
59 37
60 36
60 35
60 35
60 34
60 34
60 33
61 32
61 31
61 31
62 30
62 29
62 29
63 28
63 28
64 27
64 27
65 26
65 26
65 25
65 25
66 26
66 26
66 26
66 27
66 27
66 28
66 28
66 29
66 30
66 30
65 31
65 32
65 32
65 33
65 34
65 34
65 35
65 35
65 36
65 37
65 37
65 38
65 38
65 38
65 38
65 38
65 38
65 37
65 37
66 36
66 35
66 35
66 34
66 33
66 33
66 32
67 31
67 30
67 30
68 29
68 28
68 28
69 27
69 26
69 26
70 25
70 24
70 24
71 23
71 23
71 23
72 23
72 23
72 23
72 24
72 24
73 25
73 25
73 26
73 26
73 27
73 27
73 28
73 28
73 29
73 30
73 30
73 31
73 32
73 32
73 33
73 34
73 34
72 35
72 36
72 36
72 37
72 38
72 38
72 39
72 39
72 39
72 39
72 39
72 39
73 38
73 38
73 37
73 37
74 36
74 35
74 35
75 34
75 33
75 33
76 32
76 31
76 31
77 30
77 29
77 29
78 28
78 27
78 27
79 26
80 25
80 25
81 24
81 23
81 23
82 22
82 21
82 21
83 20
83 20
83 19
83 19
84 18
84 18
84 18
84 18
84 18
84 18
84 19
84 19
84 20
84 20
84 21
84 21
83 22
83 22
83 23
83 24
83 24
82 25
82 26
82 26
82 27
82 28
82 28
82 29
82 30
82 30
81 31
81 32
81 32
81 33
81 33
81 34
81 35
81 35
81 35
81 36
81 36
82 36
82 36
82 36
82 35
82 35
82 34
82 34
83 33
83 33
84 32
84 31
84 31
85 30
85 29
85 29
86 28
86 28
86 27
86 26
86 26
87 25
87 25
87 25
87 25
87 25
87 25
88 25
88 25
88 25
88 24
88 24
88 24
88 23
88 23
89 23
89 23
89 22
89 22
90 21
90 21
91 20
91 20
92 19
92 19
93 18
93 18
93 18
93 17
93 17
93 17
93 17
93 17
93 17
93 18
93 18
92 19
92 20
92 20
92 21
92 22
92 22
91 23
91 24
91 24
91 25
90 26
90 27
90 27
90 28
90 29
90 30
90 30
90 31
89 32
89 33
89 33
89 34
88 35
88 36
88 37
88 37
88 38
87 39
87 40
87 41
87 41
87 42
87 43
86 44
86 45
86 46
86 46
86 47
86 48
86 49
86 50
86 50
86 51
86 52
85 53
85 54
85 55
85 56
85 56
85 57
85 58
84 59
84 60
84 61
84 61
84 62
84 63
83 64
83 65
83 66
83 67
83 67
83 68
83 69
82 70
82 71
82 72
82 72
82 73
82 74
81 75
81 76
81 77
81 78
81 78
81 79
81 80
80 81
80 82
80 83
80 84
80 84
80 85
80 86
79 87
79 88
79 89
79 89
79 90
78 91
78 92
78 92
78 93
77 94
77 95
77 95
76 96
76 97
75 98
75 98
74 99
74 99
73 100
73 100
72 100
72 100
71 100
70 100
70 100
70 99
70 99
69 98
69 98
69 97
69 96
69 95
69 95
69 94
69 93
69 92
69 92
69 91
69 90
69 89
69 88
69 88
69 87
70 86
70 85
70 84
70 84
71 83
71 82
72 81
72 80
72 80
72 79
73 78
73 77
73 76
73 76
73 75
74 74
74 73
75 72
75 71
75 71
76 70
77 69
77 68
78 67
78 67
78 66
79 65
79 64
80 63
80 62
80 62
81 61
81 60
82 59
82 58
83 57
83 57
84 56
85 55
86 54
87 53
87 53
88 52
88 51
89 50
89 49
90 48
90 48
91 47
92 46
93 45
94 44
94 44
95 43
96 42
97 41
97 41
98 40
99 40
100 39
