20 26
21 27
21 27
21 26
21 26
22 26
22 26
22 25
22 25
23 24
23 23
23 23
23 22
23 22
23 21
23 20
23 20
24 19
24 19
24 18
24 17
24 17
25 16
25 15
25 15
25 14
25 13
25 13
25 12
25 11
25 10
25 10
25 9
25 8
25 8
24 7
24 6
24 6
24 5
24 4
24 4
23 3
23 3
22 2
22 2
21 1
21 1
20 0
20 0
19 1
19 1
18 2
17 2
17 2
16 3
15 4
15 4
14 5
14 6
13 7
13 7
12 8
12 9
11 10
11 10
10 11
10 12
9 13
9 14
9 14
8 15
8 16
7 17
7 18
7 18
7 19
7 20
6 21
6 22
6 23
6 23
6 24
5 25
5 26
4 27
4 28
4 28
4 29
4 30
3 31
3 32
3 33
3 34
3 34
3 35
2 36
2 37
2 38
2 39
1 40
1 41
1 41
1 42
1 43
0 44
0 45
0 46
0 46
0 47
0 48
0 49
0 50
0 51
0 51
0 52
0 53
0 54
0 55
0 56
0 56
0 57
0 58
0 59
0 60
0 61
0 61
0 62
0 63
0 64
0 64
0 65
1 66
1 67
1 67
1 68
2 69
2 70
2 70
3 71
3 72
3 72
4 73
5 74
5 74
6 74
7 74
7 74
8 74
8 74
9 74
10 74
11 74
11 74
12 73
13 72
13 72
14 71
15 70
15 70
16 69
17 69
18 68
18 68
19 67
19 66
20 65
20 65
21 64
21 63
22 62
22 62
23 61
23 60
24 59
24 59
25 58
25 57
26 56
26 55
26 55
27 54
27 53
28 52
28 52
28 51
29 50
29 49
29 49
29 48
30 47
30 46
30 46
30 45
30 44
30 44
30 43
30 42
30 42
30 41
30 41
30 40
30 40
29 39
29 39
28 39
28 39
28 39
27 40
27 40
26 40
26 40
25 41
25 42
25 42
24 43
24 43
24 44
24 45
24 45
24 46
23 47
23 48
23 48
23 49
23 50
23 51
23 51
23 52
23 53
23 54
23 54
23 55
22 56
22 57
22 57
22 58
22 59
22 60
22 60
22 61
22 62
22 62
22 63
22 64
22 64
22 65
22 66
22 66
22 67
22 68
22 68
22 68
23 68
23 68
23 68
24 67
24 67
24 66
25 65
25 64
25 64
26 63
26 62
26 62
26 61
27 60
27 59
27 59
28 58
28 57
29 56
29 56
29 55
29 54
29 53
29 53
30 52
30 51
30 51
31 50
31 49
31 49
32 48
32 47
32 47
32 46
32 46
32 46
32 46
32 46
32 46
31 47
31 47
31 48
31 49
31 49
31 50
31 50
31 51
31 52
31 52
31 53
31 54
31 54
31 55
31 56
31 56
31 57
31 58
31 58
31 59
31 60
31 60
32 61
32 62
32 62
33 63
33 63
34 64
34 64
35 64
35 64
36 64
36 64
37 63
37 63
38 62
39 62
39 62
40 61
40 60
40 60
41 59
41 58
41 58
42 57
43 56
43 56
44 55
44 54
44 54
45 53
45 52
45 52
46 51
46 50
46 50
47 49
47 48
47 48
48 47
48 46
48 46
48 45
48 44
48 44
48 43
48 43
47 43
47 43
47 43
47 44
47 44
46 45
46 45
46 46
46 46
46 47
46 47
45 48
45 48
45 49
45 50
45 50
45 51
45 52
45 52
44 53
44 54
44 54
44 55
44 56
44 57
44 57
44 58
44 59
44 59
44 60
44 61
44 61
44 62
44 62
44 63
44 63
44 64
44 64
45 64
45 64
45 64
45 63
45 63
46 62
46 62
46 61
46 60
46 60
46 59
47 58
47 57
47 57
48 56
48 55
48 55
49 54
49 53
49 53
50 52
50 51
50 51
50 50
50 50
51 50
51 50
51 51
51 51
51 52
51 52
51 53
51 53
51 54
51 54
51 55
51 55
51 56
51 56
51 57
51 58
51 58
51 59
51 59
51 60
51 60
51 60
51 60
51 59
51 59
52 58
52 57
52 57
52 56
52 55
52 55
53 54
53 53
53 53
54 52
54 52
55 51
55 51
55 51
56 51
56 51
56 52
56 53
56 53
56 54
56 54
57 54
57 54
57 55
57 55
57 56
57 56
57 57
57 57
58 58
58 58
58 58
59 58
59 58
59 58
60 57
60 57
60 56
60 56
61 55
61 55
62 54
62 54
62 53
62 53
63 52
63 51
63 51
63 50
63 49
63 49
64 48
64 47
64 47
64 46
64 46
65 46
65 46
65 45
65 45
65 45
65 45
65 45
65 46
65 46
65 46
64 47
64 47
64 48
64 48
64 49
64 49
64 50
64 50
64 51
64 51
64 52
64 53
64 53
64 54
64 54
64 55
64 55
64 56
64 56
64 57
64 57
64 57
64 57
65 57
65 57
65 56
65 56
66 55
66 54
66 54
67 53
67 52
67 52
67 51
67 50
67 50
68 49
68 49
69 48
69 47
69 47
70 47
70 47
71 47
71 47
71 47
72 48
72 48
72 49
72 49
72 50
72 50
72 51
72 52
72 52
72 53
72 53
72 54
72 54
72 55
72 56
72 56
72 57
72 57
72 57
72 57
72 56
72 56
73 55
73 55
73 54
73 53
73 53
74 52
74 51
74 51
75 50
75 50
75 49
75 49
76 48
76 48
77 48
77 48
77 49
77 49
78 50
78 50
79 50
79 50
79 51
79 51
79 52
79 52
80 53
80 53
80 54
80 54
81 55
81 55
81 55
82 56
82 56
82 56
83 55
83 55
84 54
84 53
84 53
85 52
85 52
86 51
86 50
86 50
87 49
87 48
87 48
88 47
88 46
88 46
89 45
89 45
89 44
89 44
90 43
90 43
90 43
90 43
90 43
90 43
90 43
90 43
90 43
90 43
90 43
90 43
90 43
90 43
90 43
90 43
90 43
90 43
89 44
89 44
89 45
89 45
89 46
89 46
89 47
89 48
89 48
89 49
89 50
89 50
89 51
89 51
89 52
89 53
89 53
89 54
89 54
89 55
89 55
90 56
90 56
90 56
91 56
91 56
92 56
92 56
93 55
93 55
94 54
94 54
95 53
95 52
95 52
96 51
96 50
96 50
97 49
97 48
97 48
97 47
98 46
98 45
98 45
99 44
99 43
99 43
99 42
99 41
99 41
100 41
100 41
100 40
100 40
99 41
99 41
99 41
99 42
99 42
98 43
98 43
98 44
97 45
97 46
97 46
97 47
96 48
96 49
96 49
96 50
95 51
95 52
95 53
95 53
95 54
95 55
94 56
94 57
94 58
94 58
94 59
93 60
93 61
92 62
92 63
92 63
92 64
91 65
91 66
91 67
90 68
90 69
90 69
90 70
90 71
89 72
89 73
89 74
89 75
89 75
89 76
89 77
88 78
88 79
88 80
88 81
88 81
88 82
87 83
87 84
86 85
86 86
86 86
86 87
85 88
85 89
85 90
85 90
85 91
84 92
84 93
84 94
84 94
84 95
83 96
83 97
83 97
82 98
81 99
81 99
80 100
80 100
79 100
78 100
78 100
77 100
77 100
76 99
76 98
76 98
76 97
76 96
76 96
76 95
77 94
77 93
77 92
77 92
77 91
78 90
78 89
78 89
78 88
79 87
79 86
80 85
80 84
80 84
81 83
81 82
82 81
82 80
83 79
83 78
83 78
84 77
84 76
85 75
86 74
86 73
87 72
87 72
88 71
88 70
89 69
90 68
91 67
91 66
92 65
92 65
93 64
93 63
94 62
95 61
96 60
96 59
97 58
