20 4
21 4
21 4
21 3
21 3
21 3
21 3
21 2
21 2
21 2
21 2
21 1
21 1
21 1
20 1
20 1
20 1
20 1
19 0
19 0
18 1
18 1
17 1
17 1
16 2
16 2
15 3
15 3
14 4
13 5
13 5
12 6
12 7
12 7
11 8
11 9
10 10
10 10
9 11
9 12
8 13
8 13
8 14
7 15
7 16
7 17
7 17
6 18
6 19
5 20
5 21
5 21
5 22
4 23
4 24
4 25
3 26
3 27
3 27
3 28
3 29
2 30
2 31
2 32
2 32
2 33
2 34
1 35
1 36
1 37
1 37
1 38
1 39
1 40
0 41
0 42
0 43
0 44
0 44
0 45
0 46
0 47
0 48
0 48
0 49
0 50
0 51
0 51
0 52
0 53
0 54
0 55
0 55
1 56
1 57
1 57
2 58
2 58
3 59
3 59
4 59
5 59
5 59
6 58
7 57
7 57
8 56
8 55
9 54
9 54
10 53
11 52
12 51
12 51
13 50
14 49
14 48
15 47
15 47
16 46
17 45
17 44
18 43
18 43
19 42
19 41
20 40
20 39
20 39
21 38
21 37
22 36
22 35
22 35
23 34
23 33
24 32
24 32
25 31
25 30
25 30
26 29
26 28
26 28
27 27
27 26
27 26
27 26
27 26
26 26
26 26
25 27
25 27
24 28
24 29
24 29
23 30
22 31
22 31
22 32
22 33
22 33
22 34
21 35
21 36
21 36
21 37
20 38
20 39
20 39
20 40
20 41
20 41
20 42
20 43
20 44
20 44
20 45
20 45
20 46
20 46
20 46
21 46
21 46
22 45
22 45
23 44
23 44
24 43
24 42
24 42
25 41
25 40
26 39
26 39
26 38
27 37
27 36
27 36
28 35
28 34
29 33
29 32
29 32
29 31
30 30
30 29
30 29
31 28
31 28
31 27
31 27
32 26
32 26
32 27
32 27
32 27
32 28
32 29
32 29
32 30
32 31
32 32
32 32
32 33
32 34
32 35
32 35
32 36
32 37
32 38
32 38
32 39
32 40
32 40
33 41
33 42
33 42
33 43
33 43
34 44
34 44
34 44
35 43
35 43
36 43
36 43
37 42
37 41
37 41
38 40
38 40
38 39
39 38
39 37
39 37
40 36
40 35
40 35
41 34
41 33
41 33
42 32
42 32
43 31
43 30
43 30
44 29
44 29
45 29
45 29
46 29
46 29
46 29
46 29
47 30
47 30
47 31
47 31
47 32
47 33
47 33
47 34
47 35
47 35
46 36
46 37
46 37
46 38
46 39
46 39
45 40
45 41
45 41
45 42
45 43
45 43
44 44
44 44
44 44
44 45
44 45
44 45
44 44
44 44
44 43
44 43
45 42
45 41
45 41
45 40
46 39
46 38
46 38
47 37
47 36
48 35
48 35
48 34
49 33
49 32
49 32
50 31
51 30
51 30
52 29
52 29
52 28
52 28
53 28
53 28
54 29
54 29
54 30
54 30
54 31
54 31
54 32
54 33
54 33
53 34
53 35
53 35
53 36
53 37
53 37
52 38
52 39
52 39
52 40
52 40
52 41
52 41
51 42
51 42
51 42
51 42
51 42
52 41
52 40
52 40
52 39
52 38
52 38
53 37
53 36
53 36
54 35
54 34
54 34
54 33
55 32
55 31
55 31
56 30
56 30
57 29
57 29
58 28
58 28
59 28
59 28
59 28
60 29
60 29
60 30
60 30
60 31
60 32
60 32
60 33
60 34
60 34
59 35
59 36
59 36
59 37
59 38
59 38
59 39
58 40
58 41
58 41
58 42
58 43
58 43
58 44
58 45
58 45
58 46
58 46
58 47
58 47
59 47
59 47
59 47
60 47
60 47
60 46
60 46
61 45
61 45
62 44
62 43
62 43
63 42
63 41
63 41
63 40
63 39
63 38
63 38
64 37
64 36
64 36
64 35
64 34
64 34
65 33
65 32
65 32
65 31
65 31
65 31
65 30
65 30
65 30
66 30
66 30
66 30
66 31
66 31
66 32
66 32
67 33
67 33
67 34
67 35
67 35
66 36
66 36
66 37
66 38
66 38
66 39
65 40
65 41
65 41
64 42
64 43
64 43
63 44
63 44
62 45
62 45
62 46
62 46
62 46
62 46
63 45
63 45
64 44
64 43
64 43
64 42
65 41
65 40
65 40
66 39
66 38
67 37
67 37
68 36
68 35
69 34
69 34
70 33
70 32
71 31
71 31
72 30
72 30
73 29
73 28
73 28
74 28
75 28
75 28
75 27
75 27
76 27
76 27
76 28
76 28
76 29
76 29
76 30
76 30
76 31
76 31
76 32
76 33
76 33
76 34
75 35
75 36
75 36
75 37
75 37
74 38
74 39
74 39
74 40
74 40
74 41
74 41
74 41
74 41
74 41
74 40
74 40
75 39
75 39
75 38
75 37
75 37
75 36
76 35
76 34
76 34
77 33
77 32
77 32
77 31
78 30
78 29
78 29
79 28
79 28
80 27
80 27
80 27
81 27
81 27
81 28
81 28
81 29
81 29
81 30
81 31
81 31
80 32
80 33
80 33
80 34
80 35
80 36
80 36
79 37
79 38
79 38
79 39
79 39
79 40
79 40
79 41
79 41
80 41
80 41
80 41
81 40
81 40
82 39
82 38
82 38
83 37
84 36
84 36
85 35
85 34
85 34
85 33
86 32
86 31
86 31
87 30
87 29
88 28
88 28
88 27
89 26
89 25
89 25
90 24
90 23
90 23
91 22
91 22
91 21
91 21
91 21
91 21
91 22
91 22
90 23
90 24
90 24
90 25
90 26
90 27
90 27
90 28
89 29
89 30
89 30
89 31
88 32
88 33
88 33
87 34
87 35
87 35
87 36
87 37
87 38
87 38
87 39
87 39
87 40
87 40
87 41
87 41
88 41
88 41
88 41
89 40
89 39
89 39
90 38
90 38
91 37
91 36
92 35
92 35
92 34
93 33
93 32
93 32
94 31
94 30
95 29
95 29
95 28
96 27
96 26
96 26
96 25
97 24
97 23
97 23
98 22
98 21
98 21
98 20
98 20
99 20
99 20
99 20
99 20
99 21
99 22
99 22
99 23
99 24
99 24
99 25
99 26
99 27
99 27
99 28
98 29
98 30
98 30
98 31
98 32
98 33
98 33
98 34
97 35
97 36
97 37
97 37
97 38
97 39
96 40
96 41
96 42
96 42
96 43
96 44
96 45
96 46
96 47
96 47
96 48
96 49
95 50
95 51
95 52
95 52
95 53
95 54
95 55
95 56
95 57
95 57
95 58
95 59
94 60
94 61
94 62
94 62
94 63
94 64
93 65
93 66
93 67
93 68
93 68
93 69
93 70
93 71
93 72
93 73
93 73
93 74
93 75
92 76
92 77
92 78
92 78
92 79
92 80
91 81
91 82
91 83
91 83
91 84
90 85
90 86
90 87
90 87
90 88
89 89
89 90
89 90
89 91
88 92
88 93
88 94
88 94
87 95
87 96
87 96
86 97
85 98
85 98
84 99
84 99
83 100
83 100
82 100
82 100
81 100
80 100
80 100
79 99
79 99
78 98
78 97
78 97
77 96
77 95
76 94
76 94
76 93
76 92
76 91
76 91
76 90
75 89
75 88
75 87
75 87
75 86
75 85
75 84
75 83
75 83
75 82
76 81
76 80
76 79
76 79
76 78
77 77
77 76
78 75
78 74
78 74
78 73
79 72
79 71
80 70
80 69
80 69
81 68
81 67
82 66
82 65
83 64
83 63
83 63
84 62
84 61
85 60
85 59
86 58
86 57
86 57
87 56
87 55
88 54
88 53
89 52
89 52
90 51
91 50
91 49
92 48
92 48
93 47
94 46
94 46
95 45
95 44
95 44
96 43
96 43
97 43
97 43
98 42
98 42
98 42
98 42
98 42
98 42
98 42
98 42
98 42
99 42
99 42
100 42
