19 2
19 2
19 1
19 1
18 1
18 1
18 1
18 1
18 1
18 1
18 1
18 1
18 0
18 0
18 1
18 1
17 1
17 1
16 1
16 1
16 1
15 2
15 2
14 2
14 2
13 3
13 3
12 4
11 4
11 4
10 5
10 6
10 6
9 7
8 8
8 8
7 9
7 10
6 11
6 12
6 12
6 13
5 14
5 15
5 15
4 16
4 17
3 18
3 19
3 19
3 20
3 21
2 22
2 23
2 24
2 24
2 25
1 26
1 27
1 28
1 28
1 29
1 30
0 31
0 32
0 33
0 33
0 34
0 35
0 36
0 37
0 38
0 38
0 39
0 40
0 41
0 41
0 42
0 43
0 44
0 45
0 45
0 46
0 47
0 48
0 48
1 49
1 50
1 50
1 51
1 51
2 52
3 52
3 52
4 52
4 52
5 51
6 51
6 51
7 50
8 49
8 49
9 48
10 47
10 47
11 46
12 46
13 45
13 45
14 44
14 43
15 42
15 42
16 41
16 40
16 40
17 39
17 38
18 37
18 37
19 36
19 35
19 35
20 34
21 33
21 33
21 32
21 31
21 31
22 30
22 30
22 30
22 30
21 30
21 30
21 30
20 31
20 31
19 32
18 33
18 33
17 34
17 35
17 35
17 36
16 37
16 38
16 38
15 39
15 40
15 40
15 41
15 42
15 42
14 43
14 44
14 44
14 45
14 45
14 46
14 46
15 47
15 47
15 47
16 47
16 47
17 46
17 45
17 45
18 44
19 44
19 44
20 43
20 42
20 42
21 41
21 40
21 40
21 39
22 38
22 37
22 37
23 36
23 35
23 35
24 34
24 33
24 33
24 32
24 32
24 31
24 31
24 31
24 32
24 32
24 32
23 33
23 34
23 34
23 35
23 36
23 37
23 37
23 38
23 39
23 39
23 40
23 41
23 41
23 42
23 43
23 43
23 44
23 45
23 45
23 46
23 46
23 47
23 47
23 48
23 48
24 48
24 48
24 48
25 48
25 48
26 47
26 47
26 46
26 46
27 45
27 44
27 44
28 43
28 42
28 42
29 41
29 40
29 40
30 39
30 39
31 38
31 37
31 37
32 36
32 36
33 36
33 36
34 36
34 36
34 36
34 36
35 37
35 37
35 38
35 38
35 39
35 39
35 40
35 41
35 41
35 42
35 42
35 43
35 44
35 44
34 45
34 45
34 46
34 46
34 47
34 47
34 48
34 48
34 48
34 48
34 48
34 48
35 47
35 46
35 46
36 45
36 45
36 44
36 43
36 42
36 42
37 41
37 40
37 40
38 39
38 38
38 38
39 37
39 37
40 36
40 36
41 35
41 35
42 35
42 35
42 35
42 36
42 36
43 37
43 37
43 38
43 38
42 39
42 40
42 40
42 41
42 41
42 42
42 42
42 43
42 43
42 44
42 44
42 45
42 45
41 45
41 45
41 45
41 45
41 45
42 44
42 44
42 43
42 43
43 42
43 41
43 41
43 40
43 39
43 39
44 38
44 37
44 37
45 36
45 35
45 35
46 34
46 34
47 33
47 33
48 33
48 33
48 32
48 32
49 32
49 32
49 32
50 33
50 33
50 34
50 34
50 34
50 35
50 36
50 36
50 37
50 37
49 38
49 39
49 39
49 40
49 41
49 41
48 42
48 42
48 43
48 44
48 44
48 45
48 46
48 46
47 47
47 48
47 48
47 49
47 49
48 50
48 50
48 50
48 50
49 50
49 50
49 50
50 49
50 49
51 48
51 47
51 47
52 46
52 45
52 45
52 44
52 44
53 43
53 42
53 42
53 41
54 40
54 39
54 39
55 38
55 37
55 37
56 36
56 36
56 35
56 35
57 34
57 34
58 34
58 34
58 33
58 33
59 33
59 33
59 32
59 32
60 32
60 32
60 31
60 31
60 31
61 31
61 31
61 31
61 31
61 31
61 31
61 31
61 31
61 31
61 31
61 31
61 31
62 31
62 31
62 32
62 32
62 32
62 33
62 33
62 34
62 34
62 35
62 35
61 36
61 36
61 37
61 38
61 38
60 39
60 39
60 40
60 41
60 41
59 42
59 43
59 43
59 44
59 44
58 45
58 45
58 46
58 46
58 46
58 46
58 45
58 45
58 44
58 44
59 43
59 43
60 42
60 41
60 41
61 40
61 40
61 39
62 38
62 37
62 37
63 36
63 35
63 35
64 34
64 34
65 33
65 32
65 32
66 31
66 31
67 31
67 31
68 31
68 31
69 31
69 31
69 32
69 32
69 33
69 33
69 34
69 35
69 35
69 36
69 36
69 37
69 38
69 38
68 39
68 40
68 40
68 41
68 42
68 42
67 43
67 43
67 43
67 44
67 44
67 43
67 43
67 43
68 42
68 42
68 41
68 41
69 40
69 39
69 39
70 38
70 37
70 37
70 36
70 35
70 35
71 34
71 33
71 33
72 32
72 31
72 31
73 30
74 30
74 30
74 29
74 29
75 29
75 29
76 29
76 29
76 30
76 30
76 30
77 31
77 31
77 32
77 33
77 33
77 34
77 35
77 35
76 36
76 36
76 37
76 38
76 38
76 39
76 40
76 40
76 41
76 42
76 42
76 43
76 44
76 44
76 45
76 45
77 45
77 45
78 46
78 46
79 45
79 45
80 44
80 44
81 43
81 43
82 42
82 42
83 41
83 40
83 40
84 39
85 38
85 38
86 37
86 36
86 36
87 35
87 34
87 34
87 33
88 32
88 31
88 31
89 30
89 29
89 29
89 28
89 27
89 27
89 26
89 26
90 25
90 25
90 25
90 26
90 26
89 27
89 27
89 28
89 29
89 29
89 30
89 31
89 32
89 32
89 33
88 34
88 35
88 35
88 36
87 37
87 38
87 39
87 39
87 40
87 41
87 42
87 42
86 43
86 44
86 44
86 45
86 46
86 46
86 47
86 47
87 47
87 47
87 47
88 46
88 46
89 45
89 44
89 44
90 43
90 43
90 42
91 41
91 40
91 40
91 39
92 38
92 37
92 37
92 36
93 35
93 34
93 34
93 33
94 32
94 31
94 31
94 30
95 29
95 28
95 28
95 27
96 26
96 25
96 25
97 24
97 23
97 23
97 22
97 22
98 23
98 23
98 23
98 24
98 25
98 25
97 26
97 27
97 27
97 28
97 29
97 30
97 30
97 31
96 32
96 33
96 33
96 34
96 35
95 36
95 37
95 38
95 38
95 39
94 40
94 41
94 42
94 42
94 43
94 44
93 45
93 46
93 47
93 47
93 48
92 49
92 50
92 51
92 51
92 52
92 53
91 54
91 55
91 56
91 56
91 57
91 58
90 59
90 60
90 61
90 61
90 62
90 63
89 64
89 65
89 66
89 66
89 67
89 68
88 69
88 70
88 71
88 71
88 72
88 73
87 74
87 75
87 76
87 76
87 77
87 78
86 79
86 80
86 81
86 82
86 82
85 83
85 84
84 85
84 86
84 86
84 87
83 88
83 89
83 89
83 90
82 91
82 92
82 93
82 93
82 94
81 95
81 96
81 96
80 97
79 98
79 98
78 99
78 99
77 100
77 100
76 100
75 100
75 100
74 100
74 100
73 99
73 98
73 98
73 97
73 96
73 96
73 95
72 94
72 93
72 92
72 92
72 91
72 90
73 89
73 88
73 87
73 87
73 86
73 85
74 84
74 83
74 82
74 81
74 81
74 80
75 79
75 78
75 77
75 76
76 75
76 74
76 73
76 73
77 72
77 71
78 70
78 69
79 68
79 67
79 67
79 66
80 65
80 64
81 63
81 62
82 61
82 60
82 60
83 59
83 58
84 57
85 56
85 55
86 54
86 54
87 53
88 52
88 51
89 50
89 50
90 49
91 48
92 48
93 47
93 47
94 46
94 45
95 44
95 44
96 43
97 43
97 43
98 42
99 41
99 41
99 41
100 41
100 41
99 41
99 41
