23 6
24 5
24 5
24 5
24 4
24 4
24 4
24 3
24 3
24 3
24 2
24 2
24 2
24 1
24 1
24 1
23 0
23 0
22 0
22 0
21 1
21 1
20 2
19 2
19 2
18 3
18 4
17 5
17 5
16 6
15 7
14 8
14 8
13 9
12 10
12 11
11 12
11 12
10 13
10 14
9 15
9 16
9 16
8 17
8 18
7 19
7 20
6 21
6 22
6 22
6 23
5 24
5 25
5 26
4 27
4 28
4 28
4 29
3 30
3 31
2 32
2 33
2 33
2 34
1 35
1 36
1 37
0 38
0 39
0 39
0 40
0 41
0 42
0 43
0 43
0 44
0 45
0 46
0 47
0 47
0 48
0 49
0 49
1 50
1 50
2 50
3 50
3 50
4 50
5 49
6 49
6 49
7 48
8 47
9 46
9 46
10 45
11 44
12 43
12 43
13 42
14 41
14 40
15 39
15 39
16 38
17 37
18 36
19 35
19 35
20 34
21 33
22 32
22 32
23 31
23 30
24 29
24 28
24 28
25 27
26 26
26 26
26 25
27 24
27 23
27 23
28 22
28 22
28 22
28 22
27 22
27 22
27 23
27 23
26 24
25 25
25 25
24 26
24 27
24 27
23 28
23 29
22 30
22 30
22 31
21 32
21 33
21 34
21 34
21 35
20 36
20 37
20 37
20 38
19 39
19 40
19 40
19 41
19 42
19 43
19 43
19 44
19 45
19 45
20 46
20 46
20 46
20 46
21 46
21 46
22 45
22 44
22 44
23 43
24 42
24 42
25 41
25 40
26 39
26 39
26 38
27 37
27 36
27 35
27 35
28 34
28 33
29 32
29 32
29 31
29 30
29 29
29 29
30 28
30 28
30 28
30 28
30 29
30 29
30 30
30 30
30 31
29 32
29 33
29 33
29 34
29 35
29 36
29 36
29 37
29 38
29 38
29 39
29 40
29 40
29 41
29 41
30 42
30 42
30 42
31 41
31 41
32 40
32 40
33 39
33 38
33 38
34 37
34 36
34 36
35 35
35 34
35 34
36 33
36 32
36 32
36 31
36 31
36 30
36 30
36 30
36 31
36 31
36 32
36 33
36 33
36 34
36 35
36 35
36 36
36 37
36 37
35 38
35 39
35 39
35 40
35 41
35 41
35 41
35 42
35 42
35 42
35 41
35 41
36 40
36 40
37 39
37 38
37 38
38 37
38 36
38 36
39 35
39 34
40 33
40 33
41 32
41 31
41 31
42 30
42 30
43 30
43 30
43 30
44 31
44 31
44 32
44 32
44 33
44 34
44 35
44 35
44 36
44 37
44 37
43 38
43 39
43 39
43 40
43 40
43 41
43 41
43 41
43 41
43 41
44 40
44 40
45 39
45 38
45 38
46 37
46 36
46 36
46 35
47 34
47 33
47 33
48 32
48 32
49 31
49 31
49 31
49 31
49 32
49 32
49 33
49 34
49 34
49 35
49 36
49 36
49 37
49 38
49 38
48 39
48 39
48 40
48 40
48 40
48 40
49 40
49 40
50 39
50 38
50 38
51 37
51 37
51 36
52 35
52 34
52 34
53 33
54 32
54 32
54 31
55 30
55 29
55 29
56 29
56 29
56 29
56 30
56 30
57 31
57 31
56 32
56 33
56 33
56 34
56 35
56 36
56 36
56 37
56 38
56 38
56 39
56 39
56 40
56 40
56 40
57 40
57 40
58 39
58 39
59 38
59 37
59 37
60 36
61 35
61 35
62 34
62 33
62 33
62 32
63 31
63 30
63 30
64 29
64 29
64 28
64 28
64 29
64 29
64 30
64 31
64 31
64 32
64 33
64 33
64 34
63 35
63 36
63 36
63 37
63 38
63 38
63 39
63 39
64 40
64 40
64 40
65 39
65 39
66 38
67 37
67 37
68 36
69 35
69 35
70 34
70 33
71 32
71 32
72 31
73 30
74 29
74 29
75 28
75 27
75 27
76 26
76 25
77 24
77 24
77 23
77 23
77 23
77 23
77 24
77 25
77 25
77 26
76 27
76 28
76 28
76 29
76 30
76 30
76 31
76 32
76 33
76 33
76 34
76 35
76 35
76 36
76 37
76 37
77 38
77 38
78 38
78 38
79 37
79 37
80 36
80 35
80 35
81 34
81 33
82 32
82 32
83 31
83 30
84 29
84 29
85 28
86 27
87 26
87 26
88 25
88 24
89 23
89 23
90 22
90 21
90 21
91 20
91 20
91 20
91 21
91 21
91 22
90 23
90 24
90 24
90 25
89 26
89 27
89 28
89 28
89 29
88 30
88 31
87 32
87 33
87 33
87 34
86 35
86 36
86 37
86 38
85 39
85 40
85 40
85 41
85 42
85 43
84 44
84 45
84 46
84 47
84 47
84 48
83 49
83 50
83 51
83 52
82 53
82 54
82 54
82 55
82 56
81 57
81 58
81 59
81 60
80 61
80 62
80 63
80 63
80 64
79 65
79 66
79 67
79 68
78 69
78 70
78 70
78 71
77 72
77 73
77 74
77 75
76 76
76 77
76 77
76 78
75 79
75 80
74 81
74 82
74 82
74 83
73 84
73 85
72 86
72 87
72 87
72 88
71 89
71 90
71 91
70 92
70 93
70 93
69 94
68 95
67 96
67 96
66 97
66 98
65 99
65 99
64 100
63 100
63 100
62 100
61 100
61 100
61 99
61 99
61 98
60 97
60 96
60 96
60 95
60 94
61 93
61 92
61 91
61 91
61 90
61 89
62 88
62 87
62 86
62 85
63 84
63 83
63 82
63 82
63 81
63 80
64 79
64 78
64 77
64 76
64 75
65 74
65 73
65 72
65 72
66 71
66 70
67 69
67 68
68 67
68 66
69 65
69 64
70 63
70 62
70 62
71 61
71 60
72 59
72 58
73 57
73 56
74 55
74 54
75 53
75 53
76 52
76 51
77 50
78 49
78 48
79 47
80 46
80 45
81 44
81 44
82 43
83 42
84 41
84 40
85 39
86 38
86 38
87 37
88 36
89 35
90 34
91 33
91 33
92 32
93 31
94 30
94 30
95 29
96 29
97 28
97 28
98 28
99 27
100 27
