21 5
21 5
21 4
21 4
21 4
21 3
21 3
22 3
22 3
22 3
22 2
22 2
21 2
21 2
21 1
21 1
21 1
20 0
20 0
19 1
19 1
18 1
18 1
17 2
17 2
16 3
16 3
15 4
15 5
14 6
14 6
13 7
13 8
12 9
12 9
11 10
11 11
10 12
10 13
10 13
10 14
9 15
9 16
8 17
8 18
8 18
7 19
7 20
6 21
6 22
5 23
5 23
5 24
4 25
4 26
4 27
3 28
3 29
3 29
3 30
3 31
2 32
2 33
2 34
2 35
2 35
2 36
2 37
1 38
1 39
1 40
1 41
1 41
1 42
1 43
0 44
0 45
0 46
0 46
0 47
0 48
0 49
0 50
0 50
0 51
0 52
0 53
0 54
0 54
0 55
0 56
0 56
1 57
1 57
2 57
2 57
3 57
3 57
4 56
5 55
5 55
6 54
7 53
7 53
8 52
8 51
9 50
9 50
10 49
11 48
12 47
12 47
13 46
13 45
14 44
14 44
15 43
16 42
17 41
17 41
18 40
18 39
19 38
19 38
19 37
20 36
20 35
20 35
21 34
21 33
22 32
22 32
23 31
23 30
23 30
23 29
23 29
23 29
23 29
23 29
23 29
22 30
22 30
22 31
21 32
21 33
21 33
20 34
20 35
19 36
19 36
19 37
18 38
18 39
18 40
18 40
18 41
17 42
17 43
17 44
17 44
17 45
16 46
16 47
16 47
16 48
16 49
16 49
16 50
16 51
16 51
16 52
16 52
16 52
17 52
17 52
18 51
18 50
18 50
19 49
19 48
19 48
19 47
20 46
20 45
20 45
20 44
21 43
21 42
21 42
22 41
22 40
23 39
23 39
23 38
24 37
24 36
24 36
24 35
24 34
24 34
25 33
25 32
25 32
25 32
25 33
25 33
25 33
26 34
26 35
26 35
26 36
26 37
26 37
26 38
26 39
26 40
26 40
26 41
26 42
26 43
26 43
26 44
26 45
26 45
26 46
26 47
26 47
26 48
26 49
26 49
26 49
26 49
27 49
27 49
27 48
27 48
27 47
27 47
28 46
28 45
28 45
28 44
29 43
29 42
29 42
30 41
30 40
30 40
31 39
31 38
31 38
32 37
32 36
32 36
33 35
33 35
34 35
34 35
35 35
35 35
36 35
36 35
36 36
36 36
36 37
36 38
36 38
36 39
36 39
36 40
36 41
36 41
36 42
36 43
36 43
36 44
36 45
36 45
35 46
35 46
35 46
35 47
35 47
35 47
36 46
36 46
36 45
36 45
37 44
37 43
37 43
38 42
38 41
38 41
39 40
39 39
39 39
40 38
40 37
40 37
41 36
41 36
41 36
41 37
41 37
42 38
42 38
42 39
42 40
42 40
42 41
42 41
41 42
41 43
41 43
41 44
41 45
41 45
41 46
41 46
41 46
41 46
41 46
41 46
42 45
42 44
42 44
42 43
42 42
42 42
43 41
43 40
44 39
44 39
45 38
45 37
45 37
45 36
46 35
46 34
46 34
47 33
47 32
47 32
48 31
48 31
48 31
49 32
49 32
49 33
49 33
50 34
50 34
50 35
50 36
50 37
50 37
50 38
50 39
50 39
50 40
50 41
50 41
50 42
50 43
50 43
50 44
50 45
50 45
50 46
50 46
50 46
50 46
50 46
50 46
51 45
51 45
51 44
51 43
51 43
52 42
52 41
52 41
53 40
53 39
54 38
54 38
54 37
55 36
55 35
55 35
56 34
56 33
56 33
57 32
57 32
57 32
58 33
58 33
58 34
58 34
58 35
58 35
58 36
58 37
58 37
58 38
58 39
58 40
58 40
58 41
58 42
58 42
58 43
58 43
58 44
58 44
58 45
58 45
58 45
58 45
59 44
59 44
60 43
60 42
60 42
61 41
61 40
61 40
62 39
62 38
63 37
63 37
64 36
64 35
64 35
65 34
65 33
65 33
66 33
66 33
67 33
67 33
68 34
68 34
68 35
68 36
68 36
68 37
68 38
68 38
68 39
68 40
68 40
68 41
68 42
68 42
69 43
69 43
69 44
69 44
69 44
70 44
70 44
71 43
71 43
72 42
72 42
73 41
73 40
73 40
74 39
75 38
75 38
75 37
76 36
76 35
76 35
77 34
77 33
78 32
78 31
78 31
78 30
79 29
79 28
79 28
79 27
80 26
80 25
80 25
81 24
81 24
81 24
81 24
81 25
81 26
81 26
81 27
81 28
81 29
81 29
81 30
81 31
81 32
81 32
81 33
80 34
80 35
80 35
80 36
80 37
80 38
80 38
80 39
80 40
80 41
80 41
80 42
80 42
81 43
81 44
81 44
82 44
82 44
83 43
83 43
84 42
85 41
85 41
86 40
86 39
86 39
87 38
87 37
88 36
88 36
88 35
89 34
89 33
89 33
89 32
90 31
90 30
90 30
91 29
91 28
91 28
92 27
92 27
92 27
92 27
92 28
92 29
92 29
92 30
92 31
92 31
92 32
92 33
92 34
92 34
92 35
92 36
91 37
91 38
91 39
91 39
91 40
91 41
91 42
91 43
91 44
91 44
91 45
91 46
90 47
90 48
90 49
90 50
90 50
90 51
89 52
89 53
89 54
88 55
88 56
88 56
88 57
88 58
88 59
87 60
87 61
87 62
87 63
87 63
87 64
87 65
87 66
86 67
86 68
86 69
86 70
86 70
86 71
85 72
85 73
85 74
85 75
84 76
84 77
84 77
84 78
84 79
83 80
83 81
83 82
83 83
83 83
82 84
82 85
81 86
81 87
81 87
80 88
80 89
79 90
79 91
79 91
79 92
78 93
78 94
78 94
77 95
76 96
76 96
75 97
74 98
74 98
73 98
72 99
71 99
71 99
70 100
69 100
69 100
68 100
67 100
67 100
66 100
65 100
65 100
64 99
64 98
64 98
64 97
64 96
64 95
64 95
64 94
64 93
64 92
64 91
64 91
64 90
65 89
65 88
65 87
66 86
66 85
66 85
66 84
67 83
67 82
67 81
68 80
68 79
68 79
69 78
69 77
70 76
70 75
71 74
71 73
72 72
72 72
73 71
73 70
74 69
74 68
75 67
75 66
76 65
76 64
76 64
77 63
77 62
78 61
79 60
79 59
80 58
80 57
81 56
81 56
82 55
82 54
83 53
84 52
85 51
85 50
86 49
86 49
87 48
88 47
89 46
90 45
91 44
91 44
92 43
93 42
94 41
94 41
95 40
96 40
96 40
97 39
98 39
98 39
99 39
99 39
100 39
