23 7
23 6
23 5
23 4
23 4
22 3
22 3
22 2
22 2
21 1
21 1
20 1
20 1
19 1
19 1
18 1
18 1
17 1
17 1
16 2
16 3
16 3
15 4
15 5
15 5
14 6
13 7
13 7
13 8
12 9
12 10
12 10
11 11
11 12
10 13
10 14
10 14
9 15
9 16
8 17
8 18
8 18
8 19
7 20
7 21
7 22
7 22
7 23
6 24
6 25
5 26
5 27
5 27
5 28
5 29
4 30
4 31
4 32
4 32
4 33
4 34
3 35
3 36
3 37
3 38
3 38
3 39
2 40
2 41
1 42
1 43
1 43
1 44
1 45
1 46
1 47
1 48
1 48
1 49
1 50
0 51
0 52
0 53
0 54
0 54
0 55
0 56
0 57
0 58
0 58
0 59
0 60
0 61
0 62
0 62
0 63
0 64
0 65
0 65
0 66
0 67
0 68
0 69
0 69
1 70
1 71
1 71
2 72
2 73
2 73
3 74
3 75
3 75
4 75
5 75
5 75
6 75
6 75
7 75
8 75
8 75
9 74
10 73
10 73
11 72
12 72
12 72
13 71
14 70
14 70
15 69
16 68
16 68
17 67
18 66
18 66
19 65
19 64
19 64
20 63
20 62
21 61
21 61
22 60
22 59
22 59
23 58
23 57
24 56
24 56
24 55
25 54
25 53
25 53
26 52
26 51
26 51
27 50
27 49
27 49
27 48
27 48
27 48
27 48
27 47
27 47
26 47
26 47
26 47
26 47
25 47
25 47
25 47
25 47
25 47
24 48
24 48
24 48
24 48
24 48
24 48
24 48
23 49
23 49
23 49
23 50
23 50
23 51
23 51
22 51
22 51
22 52
22 52
21 53
21 54
21 54
21 55
21 56
21 56
20 57
20 57
20 58
20 59
20 59
19 60
19 61
19 61
19 62
19 63
19 63
19 64
19 65
19 65
19 66
19 66
19 67
19 67
20 67
20 67
20 67
21 67
21 67
21 66
21 65
21 65
22 64
22 64
23 63
23 62
23 62
23 61
23 60
23 60
24 59
24 58
24 58
24 57
24 56
24 56
25 55
25 55
25 54
25 53
25 53
25 52
25 52
25 51
25 51
25 50
25 50
25 50
25 50
25 50
24 50
24 50
24 51
24 51
24 51
24 52
24 52
24 53
24 53
24 54
24 54
24 55
24 55
24 56
24 56
24 57
24 57
24 58
24 58
24 59
24 59
24 60
24 60
25 61
25 62
25 62
25 63
25 63
26 64
26 65
26 65
26 66
26 66
27 67
27 67
28 67
28 67
28 67
29 67
29 67
30 67
30 67
31 66
31 66
32 65
32 65
33 64
33 64
34 63
34 62
34 62
35 61
35 60
35 60
36 59
36 59
36 58
36 57
36 57
37 56
37 56
37 55
37 54
37 54
37 54
38 53
38 53
37 52
37 52
37 52
37 52
37 52
37 52
37 52
37 52
36 52
36 52
36 52
36 53
36 53
36 53
36 54
36 54
36 55
36 55
36 56
36 56
36 57
36 57
35 58
35 59
35 59
35 60
35 60
35 61
35 61
35 62
35 62
35 63
35 63
35 63
35 64
35 64
36 64
36 64
36 64
36 64
36 63
36 63
37 62
37 62
37 61
37 60
37 60
37 59
37 59
38 58
38 58
38 58
39 57
39 57
39 57
39 57
39 58
39 58
39 58
39 59
39 59
39 59
39 60
39 60
39 61
39 61
39 62
39 62
39 62
39 63
39 63
39 63
40 62
40 62
40 62
40 61
40 60
40 60
41 59
41 59
42 58
42 57
42 57
42 56
42 56
43 56
43 56
43 56
44 57
44 57
44 57
45 58
45 58
45 58
45 59
45 59
46 60
46 60
46 60
47 61
47 61
47 61
48 61
48 61
49 61
49 61
49 60
49 60
50 60
50 60
51 59
51 59
51 59
52 58
52 58
52 57
52 57
52 56
52 56
52 55
52 55
52 54
52 53
52 53
52 53
52 52
52 52
52 52
52 52
52 52
52 53
52 53
52 53
52 53
52 54
52 54
51 55
51 55
51 56
51 56
51 57
51 57
51 58
51 58
51 59
51 59
51 60
51 60
51 61
51 61
51 61
51 61
52 61
52 61
52 60
52 60
52 59
52 59
52 58
52 58
53 57
53 57
53 56
53 56
54 55
54 55
54 55
55 55
55 55
55 56
55 56
55 57
55 57
56 57
56 57
56 58
56 58
56 59
56 59
56 59
56 60
56 60
56 60
56 60
56 60
57 59
57 59
57 58
57 58
57 57
57 57
58 56
58 56
58 56
59 56
59 56
59 56
59 56
60 57
60 57
60 58
60 58
60 59
60 59
61 60
61 60
61 60
61 61
61 61
62 62
62 62
62 62
63 63
63 63
63 63
64 62
64 62
65 62
65 62
66 61
66 61
67 60
67 59
67 59
68 58
68 58
68 57
68 57
69 56
69 55
69 55
70 54
70 54
71 53
71 53
71 52
71 52
71 52
72 51
72 51
72 51
72 51
72 51
71 51
71 51
71 52
71 52
71 52
71 52
71 52
71 52
71 52
71 52
71 52
71 53
71 53
71 53
71 54
71 54
71 55
71 55
71 56
71 57
71 57
71 58
71 58
71 59
71 60
71 60
71 61
71 61
71 62
71 63
71 63
71 64
71 64
72 65
72 65
72 65
73 64
73 64
74 63
74 63
75 62
75 62
76 61
76 61
77 60
77 59
77 59
78 58
78 57
79 56
79 56
80 55
80 54
80 54
80 53
81 52
81 51
81 51
82 50
82 49
82 49
83 48
83 47
83 47
83 46
83 46
84 46
84 46
84 46
83 46
83 46
83 47
83 47
83 48
83 48
82 49
82 49
81 50
81 51
81 51
81 52
81 52
81 53
80 54
80 55
80 55
80 56
79 57
79 58
79 58
79 59
79 60
79 61
79 61
79 62
78 63
78 64
78 64
78 65
77 66
77 67
77 68
77 68
77 69
77 70
77 71
77 72
77 72
77 73
77 74
76 75
76 76
76 77
76 77
76 78
76 79
76 80
76 81
76 81
76 82
75 83
75 84
75 85
75 85
75 86
75 87
75 88
75 89
75 89
75 90
74 91
74 92
74 92
74 93
74 94
74 95
74 95
73 96
73 97
73 97
72 98
72 99
72 99
72 100
72 100
71 100
71 100
70 100
70 100
69 100
69 100
68 99
68 99
67 98
67 98
67 97
67 96
67 96
66 95
66 95
66 94
66 93
66 93
67 92
67 91
67 91
67 90
67 89
67 88
67 88
68 87
68 86
69 85
69 85
69 84
70 83
70 82
71 81
71 80
71 80
72 79
72 78
73 77
73 76
74 75
74 75
75 74
75 73
76 72
77 71
77 70
78 69
78 69
79 68
79 67
80 66
81 65
82 64
82 63
83 62
83 62
84 61
85 60
86 59
86 58
87 57
88 56
89 55
89 55
90 54
91 53
92 52
92 51
93 50
94 49
94 49
95 48
96 47
97 46
98 45
99 44
100 43
