20 12
19 11
19 11
19 11
20 11
20 11
20 10
20 10
20 10
20 9
20 9
20 8
20 8
20 7
20 7
20 6
20 6
19 6
19 6
19 5
19 5
19 4
19 3
19 3
18 2
18 2
18 1
18 1
17 1
17 1
16 0
16 0
15 1
15 1
14 2
14 2
13 3
13 3
12 4
11 5
11 5
10 6
10 7
10 7
9 8
9 9
8 10
8 10
7 11
7 12
6 13
6 13
6 14
5 15
5 16
5 17
5 17
5 18
4 19
4 20
3 21
3 22
3 22
3 23
3 24
2 25
2 26
2 27
2 27
2 28
1 29
1 30
1 31
1 31
1 32
1 33
0 34
0 35
0 36
0 36
0 37
0 38
0 39
0 40
0 41
0 41
0 42
0 43
0 44
0 45
0 45
0 46
0 47
0 48
0 48
0 49
0 50
0 51
0 51
1 52
1 53
1 53
2 54
2 55
2 55
3 56
3 57
3 57
4 58
5 58
5 58
6 59
6 59
7 60
8 60
8 60
9 59
9 59
10 58
11 58
11 58
12 57
13 57
13 57
14 56
15 56
15 56
16 55
16 54
16 54
17 53
18 52
18 52
19 51
20 50
20 50
21 49
22 48
22 48
22 47
23 46
23 45
23 45
24 44
25 43
25 43
25 42
26 41
26 40
26 40
27 39
27 38
27 38
27 37
27 36
27 36
28 35
28 34
28 34
28 33
28 33
28 32
28 32
28 31
28 31
28 31
27 30
27 30
27 30
26 30
26 30
25 31
25 31
24 32
24 32
24 33
24 33
23 34
23 34
22 35
22 36
22 36
22 37
22 38
22 38
21 39
21 40
21 40
21 41
20 42
20 43
20 43
20 44
19 45
19 46
19 46
19 47
19 48
19 48
19 49
18 50
18 51
18 51
18 52
18 53
18 53
18 54
18 55
18 55
18 56
18 57
18 57
18 58
18 58
18 58
19 58
19 58
20 58
20 58
20 57
20 56
20 56
21 55
21 55
22 54
22 53
23 52
23 52
24 51
24 50
24 50
24 49
25 48
25 47
25 46
25 46
26 45
26 44
27 43
27 43
27 42
28 41
28 40
28 40
29 39
29 38
29 38
30 37
30 36
30 36
30 35
30 35
30 34
30 34
30 34
30 34
30 33
30 33
30 34
30 34
30 34
29 35
29 35
29 36
29 36
29 37
29 37
28 38
28 38
28 39
28 40
28 40
28 41
28 42
28 42
28 43
28 44
28 44
28 45
28 46
28 46
28 47
28 48
28 48
29 49
29 49
29 50
29 51
29 51
30 52
30 52
31 53
31 53
32 54
32 54
33 54
33 54
34 54
34 54
35 53
35 53
36 52
36 52
37 51
37 51
38 50
39 49
39 49
40 48
40 47
40 47
41 46
41 45
41 45
42 44
42 44
43 43
43 42
43 42
43 41
43 40
43 40
44 39
44 38
44 38
44 37
44 37
44 37
43 37
43 37
43 37
43 37
43 38
43 38
42 39
42 39
42 40
42 40
41 41
41 41
41 42
41 43
41 43
40 44
40 45
40 45
40 46
40 47
40 47
40 48
40 48
40 49
40 50
40 50
40 51
40 51
40 51
40 52
40 52
40 52
40 51
40 51
41 50
41 50
41 49
41 49
42 48
42 47
42 47
43 46
43 45
43 45
44 44
44 43
44 43
45 42
45 42
45 41
45 41
46 41
46 41
46 41
46 42
46 42
46 43
46 43
46 44
46 44
46 45
46 45
46 46
46 46
46 47
46 47
46 48
46 48
46 49
46 49
46 49
46 49
46 49
46 49
47 48
47 48
47 47
47 46
47 46
48 45
48 44
48 44
49 43
49 43
50 42
50 42
51 41
51 41
52 40
52 40
52 40
53 40
53 40
53 41
53 41
53 42
53 42
54 42
54 42
54 43
54 43
54 44
54 44
54 45
54 45
54 46
54 47
54 47
54 48
54 48
54 48
54 49
54 49
54 49
55 49
55 49
55 48
55 48
56 47
56 47
56 46
56 46
57 45
57 45
58 44
58 43
58 43
59 42
59 42
59 41
59 40
59 40
60 39
60 39
60 39
61 39
61 39
61 39
61 39
60 40
60 40
60 41
60 41
60 42
60 42
59 43
59 43
59 44
59 45
59 45
58 46
58 46
58 47
58 48
58 48
57 49
57 50
57 50
57 51
57 51
57 52
57 52
57 53
57 53
57 53
57 52
57 52
58 51
58 51
59 50
59 49
59 49
60 48
60 47
60 47
61 46
61 45
61 45
62 44
62 43
62 43
63 42
63 42
64 41
64 41
64 40
64 40
65 40
65 40
66 40
66 40
66 41
66 41
66 42
66 42
66 43
66 43
66 44
66 44
66 45
66 46
66 46
66 47
66 48
66 48
65 49
65 49
65 50
65 51
65 51
65 52
65 52
65 52
65 52
65 52
65 51
65 51
66 50
66 49
66 49
66 48
66 47
66 47
67 46
67 46
68 45
68 44
68 44
69 43
69 43
70 42
70 42
71 41
71 41
72 41
72 41
73 42
73 42
73 43
73 43
73 44
73 44
73 45
73 45
73 46
73 47
73 47
73 48
73 49
73 49
72 50
72 51
72 51
72 52
72 52
72 53
72 53
72 54
72 54
72 54
73 54
73 54
73 54
74 53
74 53
75 52
75 52
76 51
76 50
76 50
77 49
78 48
78 48
79 47
79 46
79 46
80 45
80 44
81 43
81 43
82 42
82 42
83 41
83 40
83 40
83 39
83 39
84 38
84 38
84 38
84 38
84 39
84 39
84 39
83 40
83 40
83 41
83 42
83 42
83 43
83 44
83 44
82 45
82 46
82 46
81 47
81 48
81 48
81 49
81 50
81 50
80 51
80 52
80 52
80 53
80 53
80 54
80 55
80 55
81 55
81 55
81 55
82 55
82 55
83 54
83 54
84 53
84 52
84 52
85 51
85 50
85 50
86 49
86 48
86 48
87 47
88 46
88 46
88 45
89 44
89 43
89 43
90 42
90 41
90 41
91 40
91 40
92 39
92 38
92 38
92 38
92 38
92 38
92 39
92 39
91 40
91 41
91 41
90 42
90 43
90 43
90 44
89 45
89 46
89 46
89 47
88 48
88 49
88 50
88 50
88 51
87 52
87 53
87 54
87 54
87 55
86 56
86 57
86 58
86 58
86 59
85 60
85 61
84 62
84 63
84 63
84 64
84 65
83 66
83 67
83 68
83 68
83 69
82 70
82 71
81 72
81 73
81 73
81 74
81 75
80 76
80 77
80 78
80 79
80 79
79 80
79 81
78 82
78 83
78 83
78 84
77 85
77 86
77 87
77 87
76 88
76 89
75 90
75 91
75 91
75 92
74 93
74 94
74 95
74 95
73 96
72 97
72 97
71 98
70 99
70 99
69 100
68 100
68 100
67 100
67 100
66 100
65 100
65 100
64 99
64 99
63 98
63 98
63 97
63 96
63 96
63 95
63 94
63 93
63 93
64 92
64 91
65 90
65 89
65 89
65 88
66 87
66 86
67 85
67 84
67 84
68 83
68 82
69 81
69 80
70 79
70 78
70 78
71 77
72 76
72 75
73 74
74 73
74 73
75 72
75 71
76 70
77 69
78 68
78 67
79 66
79 66
80 65
81 64
82 63
83 62
84 61
84 61
85 60
86 59
87 58
88 57
89 56
89 56
90 55
91 54
92 53
93 52
94 51
94 51
95 50
96 50
97 49
98 48
99 48
100 47
