15 8
16 8
16 8
16 7
16 7
16 7
16 6
16 6
16 5
16 5
16 5
16 4
16 4
17 3
17 3
17 3
17 2
17 2
16 2
16 2
16 1
16 1
16 1
16 0
16 0
15 0
15 0
14 0
14 0
14 1
14 1
13 2
13 2
12 2
11 2
11 2
10 3
10 4
10 4
9 5
8 6
8 6
8 7
7 8
7 9
7 9
6 10
6 11
5 12
5 13
5 13
4 14
4 15
3 16
3 16
3 17
3 18
2 19
2 20
2 21
2 21
2 22
2 23
1 24
1 25
1 26
1 26
1 27
0 28
0 29
0 30
0 30
0 31
0 32
0 33
0 34
0 35
0 35
0 36
0 37
0 38
0 39
0 39
0 40
0 41
0 42
0 42
0 43
0 44
0 45
0 45
1 46
1 46
1 47
1 47
2 47
2 47
3 47
4 47
4 47
5 46
5 46
6 45
7 45
7 45
8 44
9 43
9 43
10 42
10 41
10 41
11 40
12 40
12 40
13 39
14 38
14 38
15 37
15 37
16 36
16 35
16 35
17 34
18 34
18 34
19 33
19 32
19 32
20 31
20 31
20 30
20 30
21 30
21 30
21 29
21 29
20 29
20 29
20 28
20 28
19 28
19 28
19 29
19 29
18 30
17 30
17 30
16 31
16 31
16 32
15 33
15 34
15 34
14 35
14 36
14 36
13 37
13 38
13 38
13 39
13 40
13 40
12 41
12 42
12 42
12 43
12 43
12 44
12 44
13 44
13 44
13 44
14 43
14 43
15 42
15 42
16 41
16 40
16 40
17 39
17 38
17 38
18 37
19 36
19 36
19 35
20 34
20 33
20 33
21 32
21 31
21 31
22 30
22 29
22 29
22 28
22 28
23 27
23 27
23 27
23 28
23 28
23 29
23 29
23 30
23 30
22 31
22 32
22 32
22 33
22 34
22 35
22 35
22 36
22 37
22 37
22 38
22 38
22 39
22 39
22 40
22 40
22 41
22 41
23 41
23 41
23 41
24 41
24 41
24 40
24 40
25 39
25 39
26 38
26 37
26 37
27 36
27 35
27 35
28 34
28 33
28 33
29 32
29 32
30 31
30 30
30 30
30 30
31 29
31 29
31 29
32 29
32 29
32 29
32 30
32 30
33 31
33 31
33 32
33 32
33 33
33 33
33 34
33 35
33 35
33 36
33 37
33 37
33 38
33 38
32 39
32 40
32 40
32 41
32 41
32 42
32 42
32 42
32 42
32 42
33 42
33 42
33 41
33 40
33 40
34 39
34 38
34 38
35 37
35 36
35 36
36 35
36 34
36 34
37 33
37 32
37 32
38 31
38 31
39 30
39 30
40 30
40 30
40 30
41 30
41 30
41 31
41 31
41 32
41 33
41 33
41 34
41 34
40 35
40 36
40 36
40 37
40 37
40 38
40 39
40 39
40 39
39 40
39 40
39 40
39 40
39 40
40 40
40 40
40 39
40 38
40 38
41 37
41 37
42 36
42 35
42 35
43 34
43 33
43 33
44 32
44 31
44 31
45 30
45 29
45 29
45 29
46 28
46 28
46 28
47 29
47 29
47 29
47 30
47 30
47 31
47 32
47 32
47 33
47 33
46 34
46 35
46 35
46 36
46 37
46 37
46 38
46 39
46 39
45 40
45 40
45 41
45 42
45 42
45 43
45 43
46 44
46 44
46 44
46 44
47 44
47 44
48 43
48 43
49 42
49 42
50 41
50 40
50 40
51 39
51 39
52 38
52 37
52 37
53 36
53 35
53 35
54 34
54 34
54 33
54 32
54 32
55 31
55 31
55 30
55 30
55 30
55 29
55 29
55 29
55 29
55 29
55 29
56 29
56 29
56 29
57 29
57 29
57 29
57 29
58 30
58 30
58 30
58 31
58 31
57 32
57 32
57 33
57 34
57 34
57 35
57 35
56 36
56 37
56 37
56 38
56 38
56 39
56 39
55 40
55 40
55 41
55 41
55 41
55 41
55 41
56 40
56 40
56 39
56 38
56 38
57 37
57 36
57 36
58 35
59 34
59 34
60 33
60 32
60 32
61 31
61 30
61 30
62 29
62 28
62 28
63 27
63 27
64 26
64 26
65 26
65 26
65 26
66 27
66 27
66 28
66 28
65 29
65 29
65 30
65 31
65 31
65 32
65 33
65 33
64 34
64 35
64 35
63 36
63 37
63 37
63 38
63 39
63 39
62 40
62 40
62 40
62 40
62 40
62 40
63 39
63 39
64 38
64 37
64 37
64 36
64 36
65 35
65 34
66 33
66 33
67 32
67 31
67 31
68 30
68 29
68 29
69 28
69 27
69 27
70 27
70 27
71 26
71 26
72 26
72 26
72 27
72 27
72 27
73 28
73 28
72 29
72 30
72 30
72 31
72 32
72 32
72 33
72 34
72 34
71 35
71 36
71 36
71 37
71 38
71 38
71 39
71 39
71 40
71 41
71 41
71 42
71 42
71 43
71 43
72 43
72 43
73 43
73 43
74 43
74 43
75 42
75 42
76 41
76 40
76 40
77 39
78 39
78 39
79 38
79 37
79 37
80 36
80 35
80 35
81 34
81 33
82 32
82 32
83 31
83 30
83 30
84 29
84 28
84 28
84 27
84 27
84 26
84 26
84 26
84 26
84 27
84 27
84 28
84 29
84 29
83 30
83 31
83 31
83 32
83 33
83 33
82 34
82 35
82 35
82 36
82 37
82 37
82 38
82 39
82 39
82 40
82 40
82 41
82 41
83 42
83 42
84 42
84 42
84 41
84 41
85 40
85 40
86 39
86 39
87 38
87 37
87 37
88 36
88 35
88 35
88 34
89 33
89 32
89 32
90 31
91 30
91 30
91 29
92 28
92 27
92 27
92 26
93 25
93 24
93 24
93 23
93 23
94 22
94 22
94 21
94 21
94 21
94 22
94 22
94 23
94 23
94 24
94 25
94 26
94 26
94 27
93 28
93 29
93 29
93 30
93 31
93 32
93 32
93 33
92 34
92 35
92 36
92 36
92 37
92 38
92 39
92 39
92 40
92 41
92 42
92 43
92 44
92 44
92 45
91 46
91 47
91 48
91 48
91 49
91 50
90 51
90 52
90 53
90 53
90 54
90 55
90 56
90 57
90 58
90 58
90 59
90 60
89 61
89 62
89 63
89 63
89 64
89 65
88 66
88 67
88 68
88 68
88 69
88 70
87 71
87 72
87 73
87 74
87 74
87 75
87 76
86 77
86 78
86 79
86 79
86 80
86 81
85 82
85 83
85 84
85 84
85 85
84 86
84 87
83 88
83 89
83 89
83 90
82 91
82 92
82 93
82 93
81 94
81 95
80 96
80 96
80 97
79 98
79 99
79 99
78 100
78 100
77 100
76 100
76 100
76 100
75 100
75 100
74 99
74 99
74 98
75 97
75 96
75 96
75 95
75 94
75 93
75 92
75 91
75 91
75 90
75 89
75 88
76 87
76 86
76 85
76 84
76 84
76 83
77 82
77 81
77 80
77 79
78 78
78 77
78 77
78 76
79 75
79 74
79 73
79 72
80 71
80 70
80 69
80 69
80 68
81 67
81 66
82 65
82 64
83 63
83 62
83 62
83 61
84 60
84 59
84 58
85 57
85 56
85 56
86 55
86 54
87 53
87 52
88 51
88 51
89 50
90 49
91 48
91 48
92 47
92 46
93 45
93 45
94 44
95 43
95 43
96 42
96 41
96 41
97 40
98 40
98 40
99 39
99 39
99 39
100 39
100 39
100 39
99 39
99 39
