14 16
14 17
14 18
14 18
13 18
13 18
13 18
13 18
13 18
13 18
14 18
14 18
14 17
14 17
14 16
14 15
14 15
15 14
15 14
15 13
15 12
15 12
16 11
16 10
16 10
17 9
17 8
17 8
17 7
17 7
17 6
17 5
17 4
17 4
17 3
17 3
17 2
17 2
17 1
17 1
17 1
16 1
16 1
16 0
16 0
15 0
15 0
15 1
15 1
14 1
14 1
13 2
12 3
12 3
12 4
11 5
11 6
11 6
10 7
10 8
9 9
9 10
9 10
9 11
8 12
8 13
7 14
7 15
7 15
7 16
6 17
6 18
6 19
5 20
5 21
5 21
5 22
4 23
4 24
4 25
3 26
3 27
3 27
3 28
2 29
2 30
2 31
2 32
1 33
1 34
1 35
1 35
1 36
1 37
1 38
0 39
0 40
0 41
0 42
0 43
0 43
0 44
0 45
0 46
0 47
0 48
0 49
0 50
0 51
0 51
0 52
0 53
0 54
0 55
0 56
0 57
0 58
0 59
0 59
0 60
0 61
0 62
0 63
0 64
0 65
0 65
0 66
1 67
1 68
1 69
1 69
1 70
2 71
2 72
2 73
2 73
3 74
4 74
4 74
5 74
6 74
6 74
7 73
8 73
9 72
9 72
10 71
11 70
12 69
12 69
13 68
14 67
14 66
15 65
15 65
16 64
16 63
17 62
17 61
17 61
18 60
19 60
20 59
21 59
22 58
23 58
24 57
25 56
26 56
27 55
28 55
29 54
30 54
31 53
31 53
31 53
31 52
31 52
31 51
30 50
30 49
30 49
30 48
30 47
30 47
31 46
31 45
31 45
31 44
31 43
31 43
31 42
31 41
31 40
31 40
31 39
31 38
31 38
31 37
31 36
31 36
30 35
30 35
29 34
29 34
28 35
28 35
27 36
27 37
27 37
26 38
25 39
25 39
25 40
24 41
24 42
24 42
24 43
24 44
23 45
23 46
23 47
23 47
23 48
22 49
22 50
21 51
21 52
21 52
21 53
21 54
21 55
21 56
21 56
21 57
21 58
20 59
20 60
20 61
20 61
20 62
20 63
20 64
20 64
20 65
20 66
20 66
21 67
21 68
21 68
22 68
22 68
23 67
23 67
24 66
25 65
25 65
25 64
26 63
26 62
26 62
27 61
27 60
28 59
28 58
28 58
28 57
29 56
29 55
29 54
29 54
29 53
30 52
30 51
30 51
30 50
30 50
30 50
30 51
30 51
30 52
30 53
30 53
30 54
30 55
30 55
30 56
30 57
30 58
30 58
30 59
30 60
30 61
30 61
30 62
30 63
30 63
30 64
30 64
30 64
31 64
31 64
31 63
31 63
32 62
33 61
33 61
33 60
34 59
34 58
34 58
34 57
35 56
35 55
35 54
35 54
35 53
36 52
36 51
37 50
37 49
37 49
37 48
38 47
38 46
38 46
38 45
39 44
39 43
39 43
40 42
40 42
41 41
41 41
41 42
41 42
41 43
41 43
41 44
41 44
41 45
41 46
41 46
41 47
41 48
41 49
41 49
41 50
41 51
41 52
41 52
41 53
41 54
41 54
41 55
41 56
41 57
41 57
40 58
40 58
40 59
40 59
40 59
40 59
40 58
40 58
41 57
41 56
41 56
41 55
41 54
41 53
41 52
41 52
42 51
42 50
43 49
43 48
43 48
43 47
44 46
44 45
44 44
44 44
44 43
45 42
45 41
45 41
46 40
46 40
46 39
46 39
46 40
46 40
47 41
47 42
47 42
47 43
46 44
46 45
46 45
46 46
46 47
46 48
46 49
46 49
46 50
46 51
46 51
45 52
45 53
45 53
45 54
45 55
45 55
45 56
45 56
45 56
45 56
45 55
45 54
45 54
46 53
46 52
46 52
46 51
47 50
47 49
47 48
47 48
47 47
48 46
48 45
48 45
48 44
49 43
49 42
49 42
50 41
50 41
50 42
50 42
50 43
50 44
50 44
50 45
50 46
50 47
50 48
50 48
50 49
49 50
49 51
49 52
49 52
49 53
49 54
49 55
49 55
50 56
50 57
50 57
50 58
50 59
50 59
51 60
51 60
51 60
52 59
52 58
52 58
53 57
53 57
53 56
54 55
54 54
54 54
54 53
55 52
55 51
55 50
55 50
56 49
56 48
57 47
57 47
57 46
58 45
58 44
58 44
58 43
58 42
58 42
59 41
59 41
59 40
59 40
59 40
59 40
59 40
59 40
59 40
59 41
59 41
59 42
59 42
59 43
59 44
59 44
59 45
59 46
59 47
59 47
59 48
58 49
58 50
58 50
58 51
58 52
58 52
57 53
57 54
57 54
57 55
57 55
57 56
57 56
57 56
57 56
57 56
57 55
57 55
58 54
58 53
58 53
58 52
58 51
58 50
58 50
58 49
59 48
59 47
59 47
59 46
60 45
60 44
60 43
60 43
61 42
61 41
61 41
61 40
61 40
62 39
62 39
62 38
62 38
62 39
62 39
62 40
62 40
62 41
62 42
62 42
62 43
62 44
62 45
62 45
62 46
62 47
62 48
62 48
62 49
62 50
62 50
62 51
61 52
61 53
61 53
61 54
61 54
61 55
61 55
61 56
61 56
61 55
61 55
61 55
61 54
61 54
61 53
62 52
62 51
62 51
62 50
63 49
63 48
63 48
63 47
64 46
64 45
64 45
64 44
65 43
65 42
65 41
65 41
66 40
66 40
66 39
66 39
66 39
66 40
66 40
66 41
66 41
66 42
66 43
66 44
66 44
66 45
66 46
66 46
66 47
66 48
66 48
66 49
66 50
66 50
66 51
66 51
66 52
66 52
67 53
67 53
67 53
67 52
67 52
68 52
68 52
68 51
68 50
68 50
69 49
69 48
69 48
69 47
70 46
70 45
70 45
70 44
71 43
71 42
71 42
72 41
72 40
72 40
72 39
72 38
72 38
72 37
72 37
73 37
73 37
73 37
73 37
73 38
73 39
73 39
73 40
73 41
73 41
73 42
73 43
73 43
73 44
73 45
73 45
73 46
73 47
73 48
73 48
73 49
73 50
73 51
73 51
73 52
73 52
74 53
74 53
74 54
74 54
75 54
75 54
75 53
75 53
76 52
76 52
76 51
77 50
77 49
77 49
78 48
78 47
78 47
78 46
79 45
79 44
79 44
80 43
80 42
80 42
80 41
80 41
80 41
80 42
80 42
79 43
79 43
79 44
79 45
79 45
79 46
79 47
79 48
79 48
79 49
79 50
79 50
79 51
78 52
78 53
78 53
78 54
78 55
78 56
78 56
78 57
78 58
78 59
78 60
78 60
78 61
78 62
78 63
78 64
78 64
78 65
78 66
77 67
77 68
77 69
77 69
77 70
77 71
76 72
76 73
76 74
76 74
76 75
76 76
76 77
76 78
76 79
76 80
76 80
76 81
76 82
75 83
75 84
75 85
75 85
75 86
74 87
74 88
74 89
74 89
74 90
74 91
74 92
74 93
74 94
74 94
74 95
74 96
74 97
74 97
73 98
73 99
73 99
73 100
73 100
72 100
72 100
72 100
71 100
71 100
70 99
70 98
70 98
70 97
69 96
69 95
69 95
68 94
68 93
68 93
68 92
68 91
68 90
68 90
68 89
68 88
68 87
68 87
68 86
69 85
69 84
70 83
70 82
70 82
70 81
71 80
71 79
72 78
72 77
72 77
72 76
73 75
73 74
73 73
73 72
74 71
74 70
74 70
74 69
75 68
75 67
76 66
76 65
77 64
77 63
77 63
78 62
78 61
79 60
80 59
80 58
81 57
81 57
82 56
82 55
83 54
83 53
84 52
84 51
84 51
85 50
85 49
86 48
86 47
87 46
87 46
88 45
89 44
90 43
90 43
91 42
91 41
92 40
92 39
92 39
93 38
94 38
95 37
95 37
96 36
96 35
96 35
97 34
98 33
98 33
99 32
99 32
100 32
