18 10
18 9
18 8
18 8
18 7
18 7
18 6
18 6
18 6
18 5
18 5
18 4
18 4
18 4
18 3
18 3
18 2
18 2
18 1
18 1
18 1
17 1
17 1
16 0
16 0
16 1
16 1
15 1
14 1
14 1
13 2
13 2
12 3
12 4
12 4
11 5
10 6
10 6
9 7
9 8
8 9
8 10
8 10
8 11
7 12
7 13
7 13
6 14
6 15
5 16
5 17
5 17
5 18
5 19
4 20
4 21
4 22
4 22
4 23
3 24
3 25
2 26
2 27
2 27
2 28
2 29
1 30
1 31
1 32
1 32
1 33
1 34
0 35
0 36
0 37
0 38
0 38
0 39
0 40
0 41
0 42
0 43
0 43
0 44
0 45
0 46
0 47
0 48
0 49
0 49
0 50
0 51
0 52
0 53
0 54
0 54
0 55
0 56
0 57
0 58
0 58
0 59
1 60
1 61
1 62
1 62
1 63
2 64
2 65
2 65
3 66
4 67
4 67
5 68
6 69
6 69
7 69
8 69
8 69
9 68
9 68
10 67
11 67
11 67
11 66
12 65
12 64
12 64
13 63
13 62
14 61
14 61
15 60
15 59
16 58
16 57
16 57
16 56
16 55
17 54
17 53
17 52
17 52
17 51
18 50
18 49
19 48
19 47
19 47
19 46
20 45
20 44
20 44
21 43
21 42
22 41
22 41
23 40
23 39
23 39
24 38
24 38
25 37
26 37
26 37
27 36
27 36
28 36
28 36
29 36
29 36
30 36
30 36
31 36
31 36
31 36
32 37
32 37
32 37
31 37
31 37
31 37
31 37
30 37
30 37
29 37
29 37
28 37
28 37
27 38
27 38
26 39
26 39
25 40
24 40
24 40
24 41
23 42
23 43
23 43
23 44
22 45
22 46
22 46
22 47
21 48
21 49
21 49
21 50
20 51
20 52
20 52
20 53
20 54
20 55
20 55
20 56
20 57
20 57
20 58
20 59
20 59
20 59
20 60
20 60
21 59
21 59
21 58
21 58
22 57
22 56
22 56
22 55
23 54
23 53
23 53
23 52
24 51
24 50
24 50
24 49
25 48
25 47
25 47
26 46
26 45
27 44
27 43
27 43
27 42
28 41
28 40
28 39
28 39
29 38
30 37
30 37
30 36
30 35
30 35
31 34
31 34
31 34
31 33
31 33
31 33
31 34
31 35
31 35
31 36
31 37
31 37
31 38
30 39
30 40
30 40
30 41
29 42
29 43
29 44
29 44
29 45
29 46
29 47
29 48
29 49
29 49
29 50
28 51
28 52
28 53
28 53
28 54
28 55
28 55
28 56
28 57
28 58
28 58
28 59
28 59
28 59
28 60
28 60
29 59
29 59
29 58
29 58
29 57
30 56
30 55
30 55
30 54
31 53
31 52
31 52
32 51
32 50
33 49
33 49
33 48
34 47
34 46
34 45
34 45
35 44
35 43
36 42
36 41
36 41
36 40
37 39
37 38
37 37
37 37
38 36
39 35
39 35
40 34
40 34
40 33
40 33
41 32
41 32
41 31
41 31
41 32
41 32
41 33
41 33
40 34
40 35
40 35
40 36
40 37
40 38
40 38
40 39
39 40
39 41
39 42
39 42
39 43
39 44
38 45
38 46
38 47
38 47
38 48
37 49
37 50
37 51
37 51
36 52
36 53
36 53
36 54
36 55
36 55
36 56
36 56
36 57
36 57
36 57
36 56
36 56
37 55
37 54
37 54
37 53
37 52
37 52
37 51
38 50
38 49
38 49
38 48
39 47
39 46
39 45
39 45
39 44
40 43
40 42
40 41
40 41
41 40
41 39
42 38
42 37
42 37
43 36
43 35
43 35
44 34
44 33
44 33
45 33
45 33
45 33
45 34
45 34
46 35
46 35
46 36
45 37
45 38
45 38
45 39
45 40
45 41
45 41
45 42
44 43
44 44
44 45
44 45
44 46
44 47
44 47
43 48
43 49
43 49
43 50
43 51
43 51
43 52
43 52
43 52
43 52
43 51
43 51
43 50
43 49
43 49
44 48
44 47
44 47
44 46
45 45
45 44
45 43
45 43
45 42
46 41
46 40
46 39
46 39
46 38
47 37
47 36
47 35
47 35
48 34
48 33
49 32
49 32
50 31
50 30
50 30
51 29
51 29
51 28
51 28
52 28
52 28
52 29
52 29
52 30
52 31
52 31
52 32
51 33
51 34
51 34
51 35
51 36
51 37
51 37
51 38
50 39
50 40
50 41
50 41
50 42
50 43
50 44
50 45
50 45
50 46
50 47
50 47
50 48
50 48
50 49
50 49
50 49
51 49
51 49
52 48
52 48
52 47
52 46
52 46
52 45
53 44
53 43
53 43
53 42
54 41
54 40
54 39
54 39
55 38
55 37
56 36
56 35
56 35
57 34
57 33
57 33
58 32
58 31
58 31
58 30
58 30
58 30
58 30
58 30
58 30
58 30
58 30
58 30
58 31
58 31
58 32
58 33
58 33
58 34
57 35
57 36
57 36
57 37
56 38
56 39
56 39
56 40
55 41
55 42
55 43
55 43
55 44
54 45
54 46
54 46
54 47
54 48
54 48
54 49
54 49
54 50
54 50
53 50
53 50
53 50
54 50
54 50
54 49
54 49
55 48
55 47
55 47
55 46
55 45
55 45
55 44
56 43
56 42
56 41
56 41
57 40
57 39
58 38
58 37
58 37
58 36
59 35
59 34
59 34
60 33
60 32
61 31
61 30
61 30
61 29
62 28
62 27
62 27
63 26
63 26
63 26
63 26
63 27
63 27
63 28
63 29
63 29
63 30
62 31
62 32
62 33
62 33
62 34
61 35
61 36
61 36
61 37
61 38
60 39
60 40
60 41
60 41
60 42
59 43
59 44
59 45
59 45
59 46
58 47
58 48
58 48
58 49
58 49
58 50
58 51
58 51
58 51
58 51
58 50
58 50
58 49
58 49
59 48
59 47
59 47
59 46
60 45
60 44
60 44
60 43
61 42
61 41
61 40
61 40
62 39
62 38
63 37
63 37
63 36
64 35
64 34
64 33
64 33
65 32
65 31
66 30
66 30
67 29
67 28
67 28
67 28
67 28
67 28
67 28
67 29
67 30
67 30
67 31
67 32
67 33
67 33
67 34
66 35
66 36
66 36
66 37
66 38
66 39
66 40
66 40
66 41
65 42
65 43
65 43
64 44
64 45
64 45
64 46
64 47
64 47
63 48
63 49
63 49
63 50
63 50
64 50
64 50
64 50
64 49
64 49
65 48
65 47
65 47
66 46
66 45
66 45
66 44
67 43
67 42
67 41
67 41
68 40
68 39
69 38
69 37
69 37
69 36
70 35
70 34
70 34
71 33
71 32
72 31
72 31
72 30
73 29
73 28
73 28
73 27
73 27
74 27
74 27
74 27
73 27
73 27
73 28
73 29
73 29
72 30
72 31
72 31
72 32
71 33
71 34
71 34
71 35
70 36
70 37
70 38
70 38
70 39
69 40
69 41
69 42
69 42
69 43
69 44
69 45
69 45
68 46
68 47
68 47
68 48
68 48
69 49
69 49
69 49
70 49
70 49
70 48
70 48
71 47
71 46
71 46
71 45
72 44
72 43
72 43
73 42
73 41
74 40
74 39
74 39
74 38
75 37
75 36
75 36
76 35
76 34
77 33
77 32
77 32
77 31
78 30
78 29
78 28
78 28
79 27
80 26
80 26
80 25
80 24
80 24
81 23
81 23
82 22
82 22
82 21
82 21
82 21
82 20
82 20
82 20
82 21
82 21
82 21
82 22
82 22
82 23
82 23
81 24
81 24
81 25
81 26
81 26
81 27
80 28
80 29
80 29
80 30
79 31
79 32
79 32
79 33
78 34
78 35
78 36
78 36
78 37
77 38
77 39
77 40
77 40
77 41
77 42
76 43
76 44
76 45
76 45
76 46
76 47
75 48
75 49
75 50
75 50
75 51
75 52
74 53
74 54
74 55
74 55
74 56
73 57
73 58
72 59
72 60
72 60
72 61
72 62
71 63
71 64
71 65
71 66
71 66
71 67
71 68
70 69
70 70
70 71
70 72
70 72
70 73
70 74
69 75
69 76
69 77
69 77
69 78
69 79
68 80
68 81
68 82
68 82
68 83
67 84
67 85
67 86
67 86
67 87
66 88
66 89
66 90
66 90
66 91
66 92
66 93
66 93
66 94
65 95
65 96
65 96
64 97
64 98
64 98
63 99
63 99
62 100
62 100
61 100
61 100
60 100
60 100
59 100
59 100
58 99
58 99
57 98
57 98
56 97
56 97
56 96
56 95
56 95
56 94
56 93
56 92
56 92
56 91
56 90
56 89
56 89
56 88
57 87
57 86
57 85
58 84
58 83
58 83
58 82
59 81
59 80
59 79
59 78
60 77
60 76
60 76
60 75
61 74
61 73
62 72
62 71
63 70
63 69
63 69
64 68
64 67
65 66
65 65
66 64
66 63
67 62
67 62
68 61
69 60
69 59
70 58
71 57
71 57
72 56
73 55
73 54
74 53
75 52
75 52
76 51
77 50
78 50
79 49
80 48
80 48
81 47
82 46
83 46
84 45
84 45
85 44
86 43
87 43
88 42
88 42
89 41
90 41
91 40
91 40
92 39
93 39
94 38
94 38
95 37
96 37
96 37
97 36
98 35
98 35
99 35
99 35
100 34
100 34
100 34
100 34
100 34
99 34
99 34
