11 11
11 11
11 10
11 10
11 9
11 9
11 8
11 8
11 7
11 7
11 6
11 6
11 5
11 5
12 4
12 4
12 3
12 3
12 2
12 2
12 1
12 1
11 1
11 1
11 1
11 0
11 0
10 1
10 1
9 1
9 1
9 2
9 2
8 3
8 4
8 4
8 5
7 6
7 7
7 7
6 8
5 9
5 9
5 10
4 11
4 12
4 13
4 13
4 14
3 15
3 16
3 16
3 17
2 18
2 19
2 20
2 20
2 21
2 22
1 23
1 24
1 25
1 25
1 26
1 27
1 28
1 29
1 30
1 30
1 31
1 32
0 33
0 34
0 35
0 35
0 36
0 37
0 38
0 39
0 39
0 40
0 41
0 42
0 43
0 44
0 44
0 45
0 46
0 47
0 48
0 49
0 50
0 50
0 51
0 52
0 53
0 54
0 55
0 55
0 56
0 57
0 58
0 59
0 59
0 60
1 61
1 62
1 63
1 63
1 64
1 65
1 66
1 66
2 67
2 68
2 68
3 69
4 70
4 70
5 71
5 71
6 72
6 72
7 71
7 71
8 70
8 70
9 69
9 68
9 68
9 67
10 66
10 65
10 65
10 64
11 63
11 62
11 62
11 61
12 60
12 59
12 58
12 58
12 57
12 56
13 55
13 54
13 53
13 53
13 52
14 51
14 50
14 49
14 49
14 48
15 47
15 46
16 45
16 44
16 44
16 43
17 42
17 41
17 40
17 40
17 39
18 38
18 37
18 36
18 36
19 35
19 34
20 33
20 33
21 32
21 31
21 31
21 30
21 29
21 29
22 28
22 28
22 27
22 27
22 27
23 26
23 26
23 26
24 26
24 26
24 26
25 26
25 26
25 26
25 27
25 27
25 27
25 27
25 27
24 26
24 26
24 26
23 27
23 27
22 27
22 27
21 28
21 28
20 29
20 30
20 30
19 31
18 32
18 32
17 33
17 34
17 34
17 35
16 36
16 37
16 37
16 38
16 39
16 40
16 41
16 41
16 42
15 43
15 44
15 45
15 45
15 46
14 47
14 48
14 49
14 49
14 50
14 51
14 52
14 53
14 53
14 54
14 55
14 56
14 56
14 57
14 58
14 58
14 59
14 60
14 60
15 61
15 61
15 61
15 60
15 60
16 59
16 59
16 58
16 57
16 57
16 56
17 55
17 54
17 54
17 53
18 52
18 51
18 51
18 50
19 49
19 48
19 47
19 47
19 46
19 45
20 44
20 43
20 42
20 42
20 41
20 40
21 39
21 38
21 37
21 37
21 36
22 35
22 34
22 34
22 33
23 32
23 31
23 31
24 30
24 29
24 29
24 28
24 27
24 27
24 27
24 27
24 27
24 27
24 28
24 29
24 29
24 30
23 31
23 32
23 32
23 33
23 34
23 35
23 35
23 36
23 37
23 38
23 39
23 39
23 40
22 41
22 42
22 43
22 43
22 44
22 45
22 46
22 47
22 47
22 48
22 49
22 50
22 51
22 51
22 52
22 53
22 54
22 54
22 55
22 56
22 56
22 57
22 58
22 58
23 58
23 58
23 59
23 59
23 59
24 58
24 58
25 57
25 56
25 56
25 55
26 54
26 53
26 53
26 52
27 51
27 50
27 49
27 49
27 48
28 47
28 46
28 45
28 45
28 44
28 43
29 42
29 41
29 40
29 40
29 39
30 38
30 37
30 36
30 36
30 35
31 34
31 33
31 32
31 32
32 31
32 30
32 30
32 29
32 29
33 29
33 29
33 29
33 29
33 29
33 29
33 29
33 29
33 29
33 29
32 29
32 29
32 29
32 29
33 28
34 28
35 27
36 27
36 27
36 26
36 25
36 25
37 25
37 25
37 24
37 24
37 23
37 23
38 22
38 22
38 22
39 22
39 22
39 22
40 23
40 23
40 24
40 25
40 25
40 26
40 27
40 28
40 29
40 29
40 30
40 31
40 32
40 33
40 33
40 34
39 35
39 36
39 37
39 37
39 38
39 39
39 40
39 41
39 41
39 42
39 43
39 44
39 45
39 45
39 46
38 47
38 48
38 49
38 49
38 50
38 51
38 51
38 52
38 53
38 54
38 54
38 55
38 55
38 55
38 55
38 54
38 54
38 53
38 52
38 52
38 51
39 50
39 49
39 49
39 48
39 47
39 46
39 45
39 45
39 44
40 43
40 42
40 41
40 41
40 40
40 39
41 38
41 37
41 36
41 36
41 35
42 34
42 33
42 32
42 32
42 31
43 30
43 29
43 28
43 28
43 27
43 26
43 25
43 25
44 24
44 24
44 23
44 23
44 23
45 23
45 23
45 24
45 25
45 25
45 26
45 27
45 28
45 28
45 29
45 30
45 31
45 32
45 32
45 33
45 34
45 35
45 36
45 36
45 37
44 38
44 39
44 40
44 40
44 41
44 42
44 43
44 44
44 44
44 45
44 46
44 46
44 47
44 48
44 48
44 48
44 48
44 48
44 47
44 47
44 46
44 45
44 44
44 44
44 43
45 42
45 41
45 41
45 40
45 39
45 38
45 37
45 37
45 36
46 35
46 34
46 33
46 33
46 32
47 31
47 30
47 29
47 29
47 28
48 27
48 26
48 25
48 25
48 24
48 23
48 22
48 22
49 21
49 20
49 20
49 19
49 19
50 19
50 19
50 19
50 20
50 20
50 21
50 22
50 23
50 23
50 24
50 25
50 26
50 26
50 27
50 28
50 29
50 30
50 31
50 31
50 32
50 33
50 34
50 34
50 35
50 36
50 37
50 38
50 38
50 39
50 40
50 41
50 41
50 42
50 43
50 44
50 44
50 45
50 46
50 46
50 47
50 47
51 47
51 47
51 47
52 46
52 46
52 45
52 44
52 43
52 43
52 42
53 41
53 40
53 40
53 39
54 38
54 37
54 37
54 36
55 35
55 34
55 33
55 33
55 32
56 31
56 30
56 29
56 29
56 28
56 27
56 27
56 26
56 25
56 25
57 24
57 24
57 23
57 23
57 23
57 23
57 23
57 23
57 23
57 23
56 24
56 24
56 25
56 26
56 27
56 27
56 28
55 29
55 30
55 30
55 31
55 32
55 33
55 34
55 34
55 35
54 36
54 37
54 38
54 38
54 39
53 40
53 41
53 42
53 42
53 43
52 44
52 45
52 46
52 46
52 47
52 48
52 48
51 49
51 50
51 50
51 51
51 51
51 51
52 51
52 51
52 50
52 50
52 49
52 48
52 48
52 47
53 46
53 45
53 45
53 44
54 43
54 42
54 41
54 41
54 40
55 39
55 38
55 37
55 37
55 36
55 35
56 34
56 33
56 32
56 32
56 31
57 30
57 29
58 28
58 27
58 27
58 26
59 25
59 24
59 24
59 23
59 22
59 22
60 21
60 21
60 21
60 22
60 22
60 23
60 23
60 24
60 25
60 26
60 26
60 27
59 28
59 29
59 30
59 30
59 31
59 32
59 33
59 33
59 34
58 35
58 36
58 37
58 37
58 38
58 39
58 40
58 40
57 41
57 42
57 42
57 43
57 44
57 44
57 44
57 44
58 44
58 44
58 43
58 43
58 42
58 41
58 41
58 40
59 39
59 38
59 38
59 37
60 36
60 35
60 34
60 34
60 33
61 32
61 31
61 30
61 30
61 29
62 28
62 27
62 26
62 26
62 25
63 24
63 23
63 22
63 22
63 21
64 20
64 19
64 19
65 18
65 18
66 17
66 17
66 17
66 17
66 18
66 18
66 19
66 20
66 20
66 21
65 22
65 23
65 24
65 24
65 25
65 26
65 27
65 28
65 28
65 29
65 30
65 31
65 32
65 33
65 33
65 34
64 35
64 36
64 36
64 37
64 38
64 39
64 39
64 40
64 41
64 42
64 42
64 43
64 43
64 44
64 44
65 45
65 45
65 44
65 44
65 43
65 43
65 42
66 41
66 40
66 40
66 39
67 38
67 37
67 37
67 36
68 35
68 34
68 33
68 33
68 32
68 31
69 30
69 29
69 28
69 28
69 27
69 26
70 25
70 24
70 23
70 23
70 22
71 21
71 20
71 20
72 19
72 18
72 18
72 17
72 17
72 16
72 16
72 15
72 15
72 15
72 15
72 15
72 16
72 16
71 17
71 18
71 18
71 19
71 20
71 21
71 21
71 22
70 23
70 24
70 25
70 25
70 26
69 27
69 28
69 29
69 29
69 30
69 31
69 32
69 33
69 33
69 34
69 35
69 35
69 36
69 37
69 37
69 38
69 39
69 39
69 39
69 40
69 40
69 40
70 39
70 38
70 38
71 37
71 36
71 36
71 35
71 34
71 33
71 33
71 32
72 31
72 30
72 29
72 29
73 28
73 27
74 26
74 25
74 25
74 24
75 23
75 22
75 21
75 21
75 20
76 19
76 18
76 18
76 17
77 16
77 15
77 15
77 14
77 14
77 13
77 13
77 13
77 13
77 13
77 14
77 14
77 15
77 15
77 16
76 17
76 18
76 18
76 19
76 20
76 21
76 21
76 22
75 23
75 24
75 25
75 25
75 26
75 27
74 28
74 29
74 30
74 30
74 31
74 32
73 33
73 34
73 35
73 36
73 36
73 37
73 38
73 39
72 40
72 41
72 42
72 43
72 43
72 44
72 45
72 46
71 47
71 48
71 49
71 50
71 51
71 51
71 52
71 53
71 54
71 55
71 56
71 57
71 58
71 58
71 59
71 60
71 61
70 62
70 63
70 64
70 65
70 65
70 66
70 67
70 68
69 69
69 70
69 71
69 72
69 72
69 73
69 74
69 75
68 76
68 77
68 78
68 79
68 79
68 80
68 81
67 82
67 83
67 84
67 85
67 85
67 86
67 87
66 88
66 89
66 90
66 90
66 91
65 92
65 93
65 94
65 94
65 95
65 96
65 97
65 97
64 98
64 99
64 99
63 100
63 100
63 100
62 99
62 99
61 98
61 97
61 97
61 96
61 95
61 94
61 93
61 93
61 92
61 91
62 90
62 89
62 88
62 88
62 87
62 86
62 85
63 84
63 83
63 82
63 81
63 81
63 80
63 79
64 78
64 77
64 76
64 75
65 74
65 73
65 72
65 72
65 71
66 70
66 69
66 68
67 67
67 66
67 65
68 64
68 63
68 63
69 62
69 61
70 60
70 59
71 58
71 57
72 56
72 55
72 55
73 54
73 53
74 52
74 51
75 50
75 49
76 48
76 47
76 47
77 46
77 45
78 44
79 43
79 42
80 41
80 40
81 39
81 39
82 38
82 37
83 36
84 35
85 34
85 33
86 32
86 32
87 31
87 30
88 29
88 28
89 27
89 26
90 25
90 25
91 24
91 23
92 22
93 21
93 20
94 19
94 19
95 18
95 17
96 16
96 15
97 14
97 14
98 13
98 12
99 11
99 10
99 10
99 9
99 8
99 8
100 7
100 6
