1 11
1 10
1 10
1 10
1 10
1 10
1 10
1 10
2 10
2 10
3 9
3 9
4 9
4 9
5 8
6 8
6 8
7 7
8 7
8 7
9 7
10 7
10 7
11 6
12 6
12 6
13 6
13 6
14 7
15 7
15 7
15 7
16 8
16 9
16 9
16 10
16 10
16 11
15 12
15 13
15 13
15 14
14 15
14 16
14 16
13 17
13 18
12 19
12 19
11 20
11 21
10 22
10 23
10 23
9 24
9 25
8 26
8 26
7 27
7 28
6 29
6 29
5 30
5 31
4 32
4 32
3 33
3 34
2 35
2 35
1 36
1 37
1 37
0 38
0 39
0 39
0 40
0 40
0 40
0 40
0 40
1 39
1 39
2 38
3 38
3 38
4 37
5 37
5 37
6 36
7 35
7 35
8 34
8 34
9 33
10 33
10 33
11 33
12 33
12 33
13 32
13 32
14 33
14 33
15 33
15 33
15 34
15 34
15 35
15 35
15 36
15 37
15 37
15 38
15 39
15 40
15 40
14 41
14 42
14 42
14 43
13 44
13 45
13 46
13 46
13 47
12 48
12 49
12 49
12 50
11 51
11 52
11 53
11 53
11 54
11 55
10 56
10 57
10 58
10 58
10 59
9 60
9 61
9 62
8 63
8 64
8 64
8 65
8 66
7 67
7 68
7 69
7 70
7 70
7 71
7 72
6 73
6 74
6 75
6 76
6 76
6 77
5 78
5 79
4 80
4 81
4 81
4 82
4 83
3 84
3 85
3 86
3 86
3 87
2 88
2 89
2 90
2 90
2 91
1 92
1 93
1 93
1 94
1 95
1 95
0 95
0 95
0 95
0 95
0 94
1 93
1 92
2 91
2 90
2 89
3 88
3 87
4 86
4 85
4 84
5 83
5 82
6 81
6 80
6 79
7 78
7 77
8 76
8 75
8 74
9 73
9 72
10 71
10 70
10 69
11 68
11 67
12 66
12 65
12 64
13 63
13 62
14 61
14 60
14 59
15 58
15 57
16 56
16 55
16 54
17 53
17 52
18 51
18 50
19 49
19 48
19 47
20 46
20 45
21 44
21 43
21 42
22 41
22 40
23 39
23 38
23 37
24 36
24 35
25 34
25 33
25 32
26 31
26 30
27 29
27 28
27 27
28 26
28 25
29 24
29 23
29 22
30 21
30 20
31 19
31 18
31 17
32 16
32 15
33 14
33 13
33 12
34 11
34 10
35 9
35 8
35 7
36 6
36 5
37 4
37 3
37 3
38 2
38 2
37 2
37 2
36 3
36 3
35 4
35 4
34 5
34 6
34 6
33 7
33 8
33 8
32 9
32 10
32 10
32 11
31 12
31 13
31 13
31 14
30 15
30 16
30 16
30 17
29 18
29 19
29 20
29 20
29 21
29 22
28 23
28 24
28 25
28 25
28 26
27 27
27 28
27 29
27 29
27 30
26 31
26 32
25 33
25 34
25 34
25 35
25 36
24 37
24 38
24 39
24 39
24 40
23 41
23 42
23 43
23 43
23 44
23 45
23 46
23 46
23 47
22 48
22 49
22 49
22 50
22 50
22 51
22 51
22 52
22 52
22 53
22 53
22 52
23 51
23 50
23 49
23 48
24 47
24 46
24 45
24 44
25 43
25 42
25 41
25 40
26 39
26 38
26 37
26 37
26 36
27 35
27 34
27 33
27 33
28 32
28 31
28 31
29 30
29 29
29 29
30 28
31 28
31 28
32 27
32 26
32 26
33 25
34 25
34 25
35 24
35 24
36 24
36 24
37 24
37 24
37 24
37 24
37 25
37 25
36 26
36 26
35 27
35 28
35 28
35 29
34 30
34 31
34 31
33 32
32 33
32 33
31 34
31 35
30 36
30 36
29 37
29 38
28 39
28 39
27 40
27 41
27 41
26 42
26 42
25 43
25 43
25 44
25 44
25 44
26 44
26 44
27 43
27 43
28 42
29 42
29 42
30 41
30 41
31 40
32 40
32 40
33 39
33 39
34 38
34 38
35 38
35 38
35 38
34 39
34 39
33 40
33 41
33 41
32 42
32 43
32 43
31 44
31 45
30 46
30 46
29 47
28 48
27 49
27 49
26 50
26 51
25 52
25 52
24 53
23 54
22 55
22 55
21 56
21 57
20 58
20 58
19 59
18 60
18 60
17 61
17 62
17 62
16 63
16 63
16 63
17 63
17 63
18 63
18 63
19 62
19 62
20 61
21 60
21 60
22 59
22 58
23 57
23 57
24 56
25 56
26 55
26 55
27 54
28 53
28 53
29 52
30 51
30 51
31 50
32 50
32 50
33 49
33 49
33 48
33 48
34 47
34 47
34 47
33 47
33 47
33 47
32 48
32 48
31 49
31 49
30 50
29 51
29 51
28 52
27 53
27 53
26 54
26 55
25 56
25 56
25 57
24 58
24 59
24 60
24 60
23 61
23 62
22 63
22 63
22 64
21 65
21 66
21 67
21 67
21 68
20 69
20 70
20 71
20 71
20 72
19 73
19 74
19 74
19 75
19 76
19 77
19 77
19 78
19 79
19 79
19 80
19 81
19 81
20 82
20 82
21 83
22 83
22 83
23 83
23 83
24 82
25 82
25 82
26 81
27 80
27 80
28 79
29 79
30 78
30 78
31 77
32 76
32 76
33 75
34 74
34 74
35 73
35 72
36 71
36 71
37 70
37 69
37 69
38 68
38 67
38 67
38 66
39 65
39 64
39 64
39 63
39 63
39 62
39 61
39 61
38 60
38 59
38 59
37 58
37 57
37 57
36 56
36 56
36 56
35 56
35 56
34 57
34 57
34 58
34 58
34 59
34 59
34 60
34 60
34 61
34 62
34 62
34 63
34 64
34 64
35 65
35 65
36 66
36 67
36 67
37 68
37 69
37 69
38 70
39 71
39 71
40 72
41 72
41 72
42 73
43 74
43 74
44 75
45 75
45 75
46 75
47 75
47 75
48 76
48 76
49 76
50 76
50 76
51 76
51 76
51 75
52 74
52 73
52 72
53 71
53 70
53 69
53 68
54 67
54 66
54 65
55 64
55 63
55 62
56 61
56 60
56 59
57 58
57 57
57 56
57 55
58 54
58 53
58 52
59 51
59 50
59 49
60 48
60 47
60 46
61 45
61 44
61 43
61 42
62 41
62 40
62 39
63 38
63 37
63 36
64 35
64 34
64 33
64 32
65 31
65 30
65 29
66 28
66 27
66 26
67 25
67 24
67 23
68 22
68 21
68 20
68 19
69 18
69 17
69 16
70 15
70 14
70 14
70 15
70 16
69 17
69 18
69 19
69 19
69 20
69 21
69 22
69 22
69 23
68 24
68 25
68 26
68 26
68 27
68 28
67 29
67 30
67 31
67 31
67 32
66 33
66 34
66 35
66 35
66 36
65 37
65 38
65 39
64 40
64 41
64 41
64 42
64 43
63 44
63 45
63 46
63 46
63 47
63 48
62 49
62 50
62 51
62 52
62 52
61 53
61 54
60 55
60 56
60 56
60 57
59 58
59 59
59 60
59 60
59 61
59 62
59 63
59 63
59 64
58 65
58 66
58 66
58 67
58 68
58 68
58 69
58 69
58 70
58 70
59 69
59 68
60 67
60 66
61 65
61 64
62 63
62 62
63 61
64 60
64 59
65 58
65 57
66 56
66 55
67 54
67 53
68 52
69 51
69 50
70 49
70 48
71 47
71 46
72 45
72 44
73 43
74 42
74 41
75 40
75 39
76 38
76 37
77 36
78 35
78 34
79 33
79 32
80 31
80 30
81 29
81 28
82 27
83 26
83 25
84 24
84 23
85 22
85 21
86 20
86 19
87 18
88 17
88 16
89 15
89 14
90 13
90 12
91 11
91 10
92 9
93 8
93 7
94 6
94 5
95 4
95 3
96 2
96 1
97 0
97 0
98 1
99 1
99 1
99 2
99 2
100 3
100 3
99 4
99 5
99 5
99 6
99 7
99 8
99 8
99 9
98 10
98 11
98 11
98 12
98 13
98 14
98 15
98 15
98 16
97 17
97 18
97 19
97 19
97 20
97 21
97 22
97 23
97 23
97 24
97 25
97 26
97 27
97 27
97 28
96 29
96 30
96 31
96 31
96 32
96 33
96 34
96 35
96 35
96 36
96 37
96 38
96 39
96 40
96 40
96 41
96 42
95 43
95 44
95 45
95 45
95 46
95 47
95 48
95 49
95 49
95 50
95 51
94 52
94 53
94 54
94 54
94 55
94 56
94 57
94 58
94 59
94 59
94 60
94 61
94 62
94 63
94 64
94 64
94 65
94 66
94 67
94 68
94 68
94 69
94 70
93 71
93 72
93 73
93 73
93 74
93 75
93 76
93 76
93 77
93 78
93 79
93 79
93 80
93 81
93 81
93 82
93 83
93 84
93 84
93 85
93 86
93 86
93 87
93 88
93 88
92 89
92 90
92 90
92 91
92 92
92 92
91 93
91 93
90 94
90 94
90 95
90 95
89 96
89 96
88 96
88 96
87 97
87 97
86 97
86 97
85 98
85 98
84 98
83 98
83 98
82 99
82 99
81 100
81 100
80 100
80 100
79 100
79 100
78 100
78 100
78 100
77 100
77 100
77 99
77 99
77 98
77 97
77 96
77 95
77 94
77 93
77 92
76 91
76 90
76 89
76 88
76 87
76 86
76 85
76 84
76 83
76 82
76 81
76 80
76 79
76 78
76 77
76 76
75 75
75 74
75 73
75 72
75 71
75 70
75 69
75 68
75 67
75 66
75 65
75 64
75 63
75 62
75 61
75 60
74 59
74 58
74 57
74 56
74 55
74 54
74 53
74 52
74 51
74 50
74 49
74 48
74 47
74 46
74 45
74 44
73 43
73 42
73 41
73 40
73 39
73 38
73 37
73 36
73 35
73 35
73 35
73 35
73 35
74 34
74 34
75 33
75 33
76 32
76 32
77 31
77 31
78 30
79 29
79 29
80 28
81 28
81 28
82 27
82 27
83 26
84 26
84 26
85 25
85 25
85 25
86 24
86 24
86 24
86 23
86 23
86 23
85 22
85 22
85 21
85 21
84 21
84 21
84 21
84 21
84 21
84 21
84 22
84 22
84 22
84 23
84 23
84 23
84 24
84 24
83 25
83 25
83 26
83 26
82 27
82 27
82 28
82 29
82 29
81 30
81 31
81 31
81 32
81 33
81 33
80 34
80 35
80 35
80 36
80 36
79 37
79 38
79 38
79 39
79 39
79 40
79 40
78 41
78 41
78 42
78 43
78 43
78 44
78 44
77 45
77 45
77 46
77 46
77 46
76 47
76 47
76 47
76 47
76 47
76 47
76 46
76 46
76 46
76 46
76 46
76 46
76 46
76 46
76 46
77 45
77 45
77 45
78 44
78 44
79 44
79 44
80 43
80 43
81 42
81 42
82 41
82 41
83 40
83 40
84 39
84 39
85 39
85 39
86 38
86 38
87 37
87 37
87 37
87 37
87 37
87 37
87 37
87 37
86 37
86 37
86 37
85 37
85 37
85 38
85 38
84 39
84 39
83 40
83 40
83 41
83 41
82 42
81 43
81 43
80 44
80 45
80 45
79 46
79 47
79 47
78 48
78 49
78 49
77 50
77 51
77 51
76 52
76 53
76 53
75 54
75 55
75 55
75 56
74 57
74 58
74 58
74 59
74 60
74 60
73 61
73 62
73 62
73 63
73 63
73 63
73 64
73 64
73 64
74 64
74 64
75 64
75 64
76 64
76 64
77 64
77 64
78 63
78 63
79 62
79 62
80 61
80 60
80 60
81 59
82 59
82 59
83 58
83 58
84 57
84 57
84 57
85 57
85 57
85 57
84 58
84 58
84 58
83 59
83 60
83 60
82 61
81 61
81 61
80 62
80 63
80 63
79 64
79 65
79 65
78 66
78 67
77 68
77 68
76 69
76 70
76 70
76 71
75 72
75 73
75 73
74 74
74 75
74 75
73 76
73 77
73 77
73 78
73 79
73 79
73 80
73 80
74 81
74 81
74 82
74 82
75 82
75 82
76 83
76 83
77 83
77 83
78 82
79 82
79 82
80 81
80 81
81 80
81 80
82 79
82 78
82 78
83 77
84 77
84 77
85 76
85 76
85 75
85 74
85 74
86 73
86 73
86 72
86 72
86 71
86 71
86 70
86 69
86 69
85 68
85 68
85 67
85 67
84 66
84 66
83 65
83 65
82 64
82 64
81 63
81 63
80 62
80 62
79 62
79 62
78 61
78 61
77 60
77 60
76 59
76 59
75 58
75 58
75 57
75 57
74 56
74 56
74 55
