3 13
3 13
2 13
2 13
2 13
2 13
2 12
2 12
3 12
3 12
3 11
3 11
4 11
4 11
5 11
5 11
6 12
6 12
7 12
7 12
8 13
8 13
9 14
9 14
9 15
9 15
9 16
9 17
9 17
8 18
8 19
8 19
8 20
7 21
7 22
7 22
6 23
6 24
6 24
5 25
5 26
4 27
4 27
4 28
3 29
3 30
3 30
2 31
2 32
1 33
1 33
0 34
0 34
0 35
0 36
0 36
0 37
0 37
0 37
0 37
0 37
1 36
1 36
2 36
2 36
3 35
3 35
4 34
4 34
5 33
6 33
6 33
7 32
8 32
8 32
9 32
9 32
10 32
10 32
11 33
11 33
12 34
12 35
12 35
12 36
12 37
12 37
12 38
12 39
12 39
12 40
12 41
12 42
12 42
12 43
12 44
12 45
12 46
12 46
12 47
12 48
12 49
12 50
12 51
12 51
12 52
12 53
12 54
12 55
12 55
12 56
12 57
13 58
13 59
13 60
13 60
13 61
13 62
13 63
13 64
13 65
13 65
13 66
13 67
13 68
13 69
13 70
13 70
13 71
13 72
12 73
12 74
12 75
12 75
12 76
12 77
12 78
12 79
12 80
12 80
12 81
11 82
11 83
11 84
11 84
11 85
11 86
11 87
11 87
11 88
10 89
10 90
10 90
10 91
9 92
9 93
9 93
9 94
9 94
8 95
8 95
7 95
7 95
7 95
6 94
6 94
5 93
5 92
5 92
5 91
5 90
5 89
5 89
5 88
4 87
4 86
4 86
4 85
5 84
5 83
5 82
6 81
6 80
6 79
7 78
7 77
7 76
8 75
8 74
8 73
9 72
9 71
9 70
10 69
10 68
10 67
11 66
11 65
11 64
12 63
12 62
12 61
13 60
13 59
13 58
14 57
14 56
14 55
15 54
15 53
15 52
16 51
16 50
16 49
16 48
17 47
17 46
17 45
18 44
18 43
18 42
19 41
19 40
19 39
20 38
20 37
20 36
21 35
21 34
21 33
22 32
22 31
22 30
23 29
23 28
23 27
24 26
24 25
24 24
25 23
25 22
25 21
26 20
26 19
26 18
27 17
27 16
27 15
28 14
28 13
28 13
28 13
28 13
28 14
28 14
27 15
27 16
27 16
27 17
27 18
27 18
27 19
27 20
27 21
27 21
27 22
27 23
27 24
27 24
27 25
27 26
27 27
27 27
27 28
27 29
27 30
27 30
27 31
26 32
26 33
26 33
26 34
26 35
26 36
26 37
26 37
26 38
26 39
26 40
26 40
26 41
25 42
25 43
25 43
25 44
25 45
25 46
25 46
25 47
25 48
25 49
25 49
25 50
25 51
25 51
25 52
25 53
25 53
25 53
25 53
25 53
25 52
25 52
25 51
25 50
25 49
25 48
25 47
25 46
25 45
25 44
25 43
25 42
25 41
25 40
25 39
25 38
25 37
25 36
25 35
25 34
25 33
25 32
25 31
25 30
25 29
25 28
25 27
25 26
25 25
25 24
25 23
25 23
25 22
26 21
26 20
26 19
26 19
27 18
27 17
27 17
28 16
28 15
28 15
29 14
29 14
30 13
30 12
30 12
31 11
32 11
32 11
33 10
33 10
34 10
34 10
35 9
36 9
36 9
36 9
36 9
37 10
37 10
36 11
36 11
35 12
35 13
35 13
34 14
34 15
34 15
34 16
33 17
33 18
33 18
33 19
32 20
32 21
32 21
31 22
31 23
31 23
30 24
30 25
30 25
29 26
29 27
29 27
29 28
29 29
29 29
29 30
29 30
29 31
29 31
29 31
29 31
30 31
30 31
31 30
31 30
32 30
32 30
33 29
33 28
33 28
34 27
34 27
35 26
36 26
36 26
37 26
37 26
37 25
37 25
37 25
37 26
37 26
37 27
37 27
36 28
36 29
36 29
35 30
34 31
34 31
34 32
33 33
33 34
33 34
32 35
31 36
31 36
30 37
30 38
30 38
29 39
29 40
29 40
28 41
28 41
28 42
28 42
28 42
29 42
29 42
30 41
30 41
31 41
32 41
32 41
33 40
33 39
33 39
34 38
35 38
35 38
36 38
37 38
37 38
38 37
38 37
38 37
38 37
37 38
37 38
36 39
36 40
36 40
35 41
34 42
34 42
33 43
32 44
32 44
31 45
31 46
30 47
30 47
29 48
28 49
27 50
27 50
26 51
26 52
25 53
25 53
24 54
24 55
24 55
23 56
23 57
22 58
22 58
22 59
22 59
22 60
22 60
22 60
23 59
23 59
24 58
24 58
25 57
26 56
26 56
27 55
28 54
28 54
29 53
30 52
30 52
31 51
32 50
32 50
33 49
34 48
34 48
35 47
35 46
35 46
36 45
36 45
36 44
36 44
36 43
36 43
36 42
36 42
35 41
35 41
35 41
34 41
33 41
33 41
32 42
32 42
31 43
31 44
31 44
31 45
30 46
30 47
30 47
30 48
29 49
29 50
29 50
29 51
28 52
28 53
28 54
28 54
28 55
28 56
28 57
28 58
28 58
28 59
28 60
27 61
27 62
27 63
27 63
27 64
27 65
27 66
27 66
27 67
27 68
27 69
27 69
27 70
27 71
27 72
27 72
28 73
28 73
29 74
30 75
30 75
31 75
31 75
32 75
33 75
34 75
34 75
35 74
36 74
36 74
37 73
38 73
39 72
39 72
40 71
41 70
41 70
42 69
43 68
44 67
44 67
45 66
45 65
46 64
46 64
47 63
48 62
49 61
49 61
49 60
50 59
50 58
50 57
50 57
51 56
51 55
52 54
52 54
52 53
52 53
51 52
51 52
50 51
50 51
49 51
49 51
48 51
47 51
47 51
46 52
45 52
45 52
44 53
43 53
43 53
42 54
42 54
41 55
41 55
40 56
40 56
40 57
40 57
40 58
40 58
40 59
41 60
41 61
41 61
42 62
42 63
42 63
43 64
43 64
44 65
45 66
45 66
46 67
46 67
47 68
48 68
48 68
49 69
50 69
50 69
51 70
52 70
52 70
53 71
54 71
54 71
55 71
55 71
56 71
56 71
56 70
57 69
57 68
57 67
58 66
58 65
58 64
58 63
59 62
59 61
59 60
60 59
60 58
60 57
61 56
61 55
61 54
61 53
62 52
62 51
62 50
63 49
63 48
63 47
64 46
64 45
64 44
64 43
65 42
65 41
65 40
66 39
66 38
66 37
67 36
67 35
67 34
67 33
68 32
68 31
68 30
69 29
69 28
69 27
70 26
70 25
70 24
70 23
71 22
71 21
71 20
72 19
72 18
72 18
71 19
71 19
71 20
71 21
71 21
70 22
70 23
70 23
70 24
70 25
70 26
70 26
70 27
69 28
69 29
69 30
69 30
69 31
69 32
68 33
68 34
68 35
68 35
68 36
68 37
68 38
68 39
68 40
68 40
68 41
67 42
67 43
67 44
67 44
67 45
67 46
66 47
66 48
66 49
66 50
66 50
66 51
66 52
65 53
65 54
65 55
65 55
65 56
65 57
64 58
64 59
64 60
64 60
64 61
64 62
64 63
64 64
64 65
64 65
64 66
63 67
63 68
63 68
63 69
63 70
63 70
63 71
63 72
63 72
63 72
63 72
63 71
63 71
63 70
64 69
64 68
64 67
65 66
65 65
65 64
66 63
66 62
66 61
66 60
67 59
67 58
67 57
68 56
68 55
68 54
69 53
69 52
69 51
70 50
70 49
70 48
71 47
71 46
71 45
71 44
72 43
72 42
72 41
73 40
73 39
73 38
74 37
74 36
74 35
75 34
75 33
75 32
76 31
76 30
76 29
76 28
77 27
77 26
77 25
78 24
78 23
78 22
79 21
79 20
79 19
80 18
80 17
80 16
81 15
81 14
81 13
81 12
82 11
82 10
82 9
83 8
83 7
83 7
84 6
85 5
85 5
86 4
86 4
87 4
87 4
88 3
89 3
89 3
90 2
90 2
91 2
92 2
92 2
93 1
94 1
94 1
95 1
95 1
96 0
96 0
97 0
98 0
98 0
99 1
99 1
99 2
99 2
100 3
100 4
100 4
100 5
100 6
100 6
100 7
99 8
99 9
99 9
99 10
99 11
99 12
99 12
99 13
98 14
98 15
98 16
98 16
98 17
98 18
98 19
98 20
98 20
98 21
98 22
98 23
98 24
98 25
98 25
98 26
98 27
98 28
98 29
98 30
98 30
98 31
98 32
98 33
98 34
98 35
98 36
98 36
98 37
98 38
98 39
98 40
98 40
98 41
98 42
98 43
98 44
98 45
98 45
98 46
98 47
98 48
98 49
98 50
98 50
98 51
98 52
98 53
98 54
98 55
98 56
98 56
98 57
98 58
98 59
98 60
98 61
98 61
98 62
98 63
98 64
98 65
98 66
98 66
98 67
98 68
98 69
98 70
98 71
98 71
98 72
98 73
98 74
98 75
98 75
98 76
98 77
98 78
98 79
98 80
98 81
98 81
98 82
98 83
98 84
98 85
98 86
98 86
98 87
98 88
98 89
98 90
98 91
98 91
98 92
98 93
98 94
98 94
98 95
98 96
98 97
98 97
97 98
97 99
97 99
97 100
97 100
97 100
97 100
97 99
97 99
97 98
96 97
96 96
96 96
96 95
96 94
96 93
96 93
96 92
95 91
95 90
95 89
95 89
95 88
94 87
94 86
94 85
93 84
93 83
93 82
92 81
92 80
92 79
91 78
91 77
90 76
90 75
90 74
89 73
89 72
89 71
88 70
88 69
88 68
87 67
87 66
87 65
86 64
86 63
86 62
85 61
85 60
85 59
84 58
84 57
84 56
83 55
83 54
83 53
82 52
82 51
81 50
81 49
81 48
80 47
80 46
80 45
79 44
79 43
79 42
78 41
78 40
78 39
77 38
77 37
77 37
77 37
77 37
77 37
77 36
77 36
78 36
78 36
79 35
79 35
80 34
80 34
81 33
82 33
82 33
83 32
83 32
84 31
85 31
85 31
86 30
86 30
87 30
87 30
88 29
88 29
89 29
89 29
89 28
89 28
90 27
90 27
90 26
90 26
90 25
90 25
90 24
90 23
90 23
90 22
90 22
90 21
90 21
89 20
89 20
89 20
89 20
88 20
88 20
88 20
88 20
87 21
87 21
87 22
87 22
86 23
86 23
86 24
86 24
85 25
85 25
85 26
85 26
85 27
85 28
85 28
85 29
84 30
84 31
84 31
84 32
84 33
84 34
84 34
84 35
84 36
84 37
84 37
84 38
83 39
83 40
83 40
83 41
83 42
83 43
83 43
83 44
82 45
82 46
82 46
82 47
82 48
82 48
82 49
82 50
82 50
82 51
82 52
82 52
82 53
82 53
82 54
82 54
82 55
82 55
81 55
81 55
81 56
81 56
80 56
80 56
79 57
79 57
79 57
78 57
78 57
78 57
77 57
77 57
77 57
77 57
77 57
78 56
78 56
79 55
79 55
80 54
81 54
81 54
82 53
82 53
83 52
84 52
84 52
85 51
85 50
85 50
86 49
86 49
87 48
87 48
87 47
87 47
88 46
88 46
88 46
89 46
89 46
89 46
89 46
89 47
89 47
89 47
88 48
88 49
88 49
88 50
88 50
88 51
88 52
88 52
87 53
87 54
87 54
87 55
87 56
87 57
87 57
86 58
86 59
86 59
86 60
85 61
85 62
85 62
85 63
85 64
85 64
84 65
84 66
84 66
84 67
84 67
83 68
83 68
83 69
83 69
82 69
82 69
82 70
82 70
81 71
81 72
81 72
81 73
81 74
81 74
81 75
81 76
81 76
81 77
81 78
81 78
81 79
81 80
81 80
82 81
82 81
82 81
83 81
83 81
84 80
85 80
85 80
86 79
86 78
86 78
87 77
88 76
88 76
89 75
89 75
90 74
91 74
91 74
91 73
91 73
92 72
92 72
92 72
92 71
92 71
92 70
92 70
91 70
91 70
90 69
90 68
90 68
89 67
89 67
88 66
87 65
87 65
86 64
86 64
85 63
84 62
84 62
83 61
83 61
82 60
82 60
81 60
80 60
80 60
79 59
79 59
78 58
77 58
77 58
76 57
