8 14
9 13
9 13
8 12
8 12
8 12
8 12
9 12
9 12
9 11
9 11
10 11
10 11
10 11
11 11
11 11
12 12
12 12
13 12
13 12
14 12
15 12
15 12
16 13
16 13
17 14
17 14
17 15
17 15
18 16
18 16
18 17
18 18
18 18
18 19
18 20
18 20
18 21
18 21
17 22
17 23
17 23
16 24
16 25
16 25
15 26
15 27
15 27
14 28
14 28
13 29
13 29
12 30
12 31
12 31
11 31
11 31
10 32
10 32
10 32
10 32
10 32
10 32
10 32
11 31
11 31
12 31
12 31
13 30
13 30
14 30
14 30
15 31
15 31
15 31
16 32
16 32
17 33
17 33
17 34
17 35
17 35
17 36
17 37
17 37
16 38
16 39
16 39
16 40
16 41
16 42
16 42
16 43
15 44
15 45
15 45
15 46
14 47
14 48
14 48
14 49
13 50
13 51
13 52
13 52
12 53
12 54
11 55
11 55
10 56
10 57
9 58
9 59
9 59
8 60
8 61
7 62
7 62
6 63
5 64
5 64
5 65
4 66
4 67
4 67
3 68
3 68
2 69
2 69
1 69
1 69
0 68
0 68
0 67
0 66
0 66
0 65
1 64
1 63
2 62
2 61
3 60
3 59
3 58
4 57
4 56
5 55
5 54
6 53
6 52
6 51
7 50
7 49
8 48
8 47
8 46
9 45
9 44
10 43
10 42
11 41
11 40
11 39
12 38
12 37
13 36
13 35
14 34
14 33
14 32
15 31
15 30
16 29
16 28
17 27
17 26
17 25
18 24
18 23
19 22
19 21
19 20
20 19
20 18
21 17
21 16
22 15
22 14
22 13
23 12
23 11
24 10
24 9
25 8
25 7
25 7
24 7
24 7
24 7
24 7
24 7
24 6
24 6
25 5
25 5
26 4
26 4
27 3
28 3
28 3
29 3
30 3
30 3
31 2
31 2
32 1
33 1
33 1
34 1
34 1
35 0
35 0
36 1
36 1
36 1
36 2
36 2
36 3
36 3
36 4
36 5
36 5
35 6
35 7
35 7
35 8
34 9
34 10
34 10
34 11
34 12
34 13
34 14
34 14
34 15
33 16
33 17
33 17
33 18
32 19
32 20
32 21
32 21
32 22
31 23
31 24
31 25
31 25
31 26
31 27
30 28
30 29
30 30
30 30
30 31
29 32
29 33
29 34
29 34
29 35
29 36
28 37
28 38
28 39
28 39
28 40
27 41
27 42
27 42
27 43
27 44
27 45
27 45
27 46
26 47
26 48
26 48
26 49
26 49
26 50
26 50
26 50
26 50
26 49
26 49
26 48
26 48
26 47
26 46
26 46
26 45
26 44
26 43
26 43
26 42
26 41
26 41
26 40
27 39
27 38
27 38
27 37
27 36
27 35
27 35
27 34
28 33
28 32
28 32
28 31
29 30
29 29
29 29
30 28
30 27
30 27
30 26
31 25
31 24
31 24
32 23
32 22
32 22
33 21
33 21
34 20
34 19
34 19
35 18
35 18
36 17
36 17
36 17
37 16
37 16
38 16
38 16
38 16
39 17
39 17
39 17
38 18
38 18
38 19
38 19
37 20
37 20
36 21
36 22
36 22
35 23
35 23
34 24
34 25
34 25
33 26
33 27
33 27
32 28
32 29
32 29
31 30
31 30
30 31
30 32
30 32
29 33
29 33
28 33
28 33
28 34
28 34
28 34
28 34
28 34
29 34
29 34
30 33
30 33
31 32
31 32
32 31
32 31
33 30
33 30
34 29
34 29
35 29
35 29
36 28
36 28
36 28
36 28
36 29
36 29
36 29
35 30
35 30
34 31
34 32
34 32
33 33
32 34
32 34
31 35
30 36
30 36
29 37
28 38
28 38
27 39
26 40
26 40
25 41
24 42
24 42
23 43
23 43
22 44
22 44
22 44
22 45
22 45
22 45
22 45
23 44
23 44
24 44
24 44
25 43
25 43
26 42
26 42
27 41
27 41
28 40
29 40
29 40
30 39
30 39
31 39
31 39
31 39
32 39
32 39
32 39
32 39
32 40
32 40
32 41
32 41
31 42
31 42
30 43
30 43
30 44
30 45
30 45
29 46
29 47
29 47
28 48
28 48
28 49
28 50
28 50
27 51
27 52
27 52
27 53
27 54
27 55
27 55
27 56
27 56
27 57
27 58
27 58
27 59
27 60
27 60
27 61
27 61
28 62
28 62
28 62
29 62
29 62
29 62
30 62
30 62
31 61
31 60
31 60
32 59
32 59
33 58
34 57
34 57
35 56
35 55
35 55
36 54
36 53
36 53
37 52
37 51
37 51
38 50
38 49
38 49
39 48
39 47
39 47
39 46
39 46
40 45
40 45
40 44
40 44
39 43
39 43
39 42
39 42
38 41
38 41
37 41
37 41
36 41
35 41
35 41
34 41
34 41
33 41
33 41
32 42
31 42
31 42
30 43
30 43
29 43
29 43
28 44
28 44
27 45
27 45
27 46
27 46
27 47
27 47
27 47
27 48
27 48
28 49
28 49
28 49
29 50
30 50
30 50
31 50
31 50
32 50
32 50
33 50
34 50
34 50
35 50
36 50
36 50
37 50
38 50
38 50
39 50
40 50
40 50
41 49
42 49
42 49
43 49
44 49
44 49
45 49
46 49
46 49
47 48
48 48
48 48
49 48
49 48
50 48
50 48
50 48
51 48
51 48
51 48
51 47
51 47
52 46
52 45
53 44
53 43
54 42
55 41
55 40
56 39
57 38
57 37
58 36
58 35
59 34
60 33
60 32
61 31
61 30
62 29
63 28
63 27
64 26
64 25
65 24
66 23
66 22
67 21
68 20
68 19
69 18
69 17
70 16
70 16
69 16
69 16
69 16
69 16
69 16
69 16
69 17
69 17
69 17
69 18
69 18
69 19
69 19
69 20
69 21
69 21
68 22
68 23
68 23
68 24
68 25
68 25
68 26
67 27
67 28
67 28
67 29
66 30
66 31
66 32
66 32
66 33
65 34
65 35
65 35
65 36
64 37
64 38
64 39
64 39
64 40
63 41
63 42
63 42
63 43
62 44
62 45
62 46
62 46
62 47
61 48
61 49
61 50
61 50
61 51
60 52
60 53
60 53
60 54
59 55
59 56
59 56
58 57
58 58
58 58
57 59
57 60
57 60
56 61
56 61
56 61
56 61
55 60
55 60
55 59
55 58
55 58
56 57
56 56
56 56
56 55
56 54
56 53
56 53
57 52
57 51
58 50
58 50
58 49
59 48
59 47
60 46
60 45
61 44
61 43
62 42
62 41
63 40
63 39
64 38
64 37
65 36
65 35
66 34
66 33
67 32
67 31
68 30
68 29
69 28
69 27
70 26
70 25
71 24
71 23
72 22
72 21
72 21
73 20
74 19
75 18
75 18
76 17
76 16
76 16
77 15
78 15
78 15
79 14
79 14
80 13
81 13
81 13
82 12
82 12
83 11
84 11
84 11
85 10
86 10
86 10
87 9
88 9
88 9
89 8
89 8
90 7
91 7
91 7
92 7
92 7
93 6
94 6
94 6
95 6
95 6
96 6
96 6
97 5
97 5
98 5
99 5
99 5
99 5
100 5
100 5
100 6
100 6
100 6
99 7
99 7
99 7
99 8
99 8
98 9
98 9
98 9
98 10
98 10
97 11
97 11
97 12
97 12
96 13
96 13
96 14
96 14
96 15
96 16
96 16
95 17
95 17
95 18
95 19
95 19
95 20
95 20
95 21
95 22
95 22
94 23
94 23
94 24
94 25
94 26
94 26
94 27
94 28
94 28
93 29
93 30
93 30
93 31
93 32
93 32
93 33
93 34
93 34
93 35
93 36
93 36
92 37
92 38
92 38
92 39
92 40
92 40
92 41
92 42
92 42
92 43
91 44
91 45
91 45
91 46
91 47
91 47
91 48
91 49
91 49
91 50
91 51
91 51
90 52
90 53
90 53
90 54
90 55
90 55
90 56
90 57
90 57
90 58
90 59
90 59
89 60
89 61
89 61
89 62
89 63
89 63
89 64
89 65
89 65
89 66
89 67
89 67
88 68
88 69
88 69
88 70
88 71
88 71
88 72
88 73
88 73
87 74
87 74
87 75
87 76
87 76
87 77
87 78
87 78
86 79
86 80
86 80
86 81
86 82
86 82
85 83
85 84
85 84
85 85
85 85
84 86
84 87
84 87
84 88
84 89
84 89
83 90
83 91
83 91
83 92
83 92
82 93
82 93
81 94
81 95
81 95
80 96
80 96
80 97
80 97
79 98
79 98
78 99
78 99
78 100
78 100
77 100
77 100
76 100
76 100
76 100
75 100
75 100
74 99
74 99
73 98
73 97
73 97
72 96
72 95
72 95
72 94
72 93
72 93
72 92
71 91
71 90
71 90
71 89
70 88
70 87
70 86
70 86
70 85
70 84
69 83
69 82
69 81
69 81
69 80
69 79
68 78
68 77
68 76
68 76
68 75
68 74
68 73
68 72
68 71
68 70
68 70
68 69
68 68
68 67
68 66
68 65
68 64
68 63
68 62
69 61
69 60
69 59
69 58
69 57
69 56
69 55
69 54
69 53
69 52
69 51
69 50
69 49
69 48
69 47
69 46
69 45
69 44
70 43
70 42
70 41
70 40
70 39
70 38
70 37
70 36
70 35
70 34
70 34
69 34
69 34
69 34
69 35
69 35
69 35
69 35
69 35
70 35
70 35
71 35
71 35
72 34
72 34
73 34
73 34
74 33
75 33
75 33
76 32
77 32
77 32
78 31
79 31
79 31
80 30
81 30
81 30
82 29
83 29
83 29
84 28
85 28
85 28
86 27
86 27
87 27
87 27
87 26
87 26
87 26
87 25
87 25
87 24
87 24
86 23
86 23
86 23
85 22
85 22
85 21
85 21
85 21
84 20
84 20
84 20
84 20
83 20
83 20
83 20
83 20
83 20
82 20
82 20
82 20
81 21
81 21
81 22
81 22
80 23
80 24
80 24
79 25
79 26
79 26
79 27
79 28
79 28
78 29
78 30
78 30
77 31
77 32
77 32
77 33
77 34
77 34
76 35
76 36
76 36
76 37
76 38
76 38
75 39
75 39
75 40
75 41
75 41
74 42
74 42
74 43
74 43
74 44
74 44
74 44
74 44
74 45
74 45
74 44
74 44
75 44
75 44
76 43
76 43
76 43
77 42
77 42
78 42
78 42
78 42
79 42
79 42
79 42
79 42
80 42
80 42
79 43
79 43
79 44
79 44
79 45
79 45
78 45
78 45
78 46
78 46
77 47
77 47
77 47
77 48
77 48
77 48
76 48
76 48
76 49
76 49
76 49
76 49
77 48
77 48
77 48
77 48
78 48
78 48
79 48
79 48
79 48
79 48
79 49
79 49
79 49
79 50
79 50
78 51
78 51
77 52
77 52
77 53
77 53
76 54
75 54
75 54
75 55
75 55
74 55
74 55
73 55
73 55
73 55
72 55
72 55
72 54
72 54
72 54
72 53
72 53
72 52
72 52
72 51
72 51
73 50
73 50
73 49
73 49
74 49
