3 13
4 12
4 11
4 11
4 10
4 10
4 9
4 9
4 8
4 8
5 8
5 8
5 7
5 7
6 7
6 7
6 7
7 7
7 7
8 7
8 7
9 7
9 7
10 8
10 8
11 9
11 9
12 9
12 9
13 10
13 10
13 11
13 12
13 12
13 13
13 13
13 14
13 15
13 15
13 16
13 17
13 17
12 18
12 19
12 19
11 20
11 21
11 21
10 22
10 23
10 23
9 24
8 25
8 25
7 26
7 27
7 27
6 28
5 29
5 29
4 30
4 30
3 31
3 31
3 32
3 32
3 32
3 32
3 31
3 31
4 31
4 31
5 31
5 31
6 30
6 30
7 30
7 30
8 30
8 30
9 31
10 31
10 31
11 32
11 32
11 33
11 34
11 34
12 35
12 36
12 36
12 37
12 38
12 38
12 39
12 40
12 41
12 41
12 42
12 43
12 44
12 44
12 45
11 46
11 47
11 48
11 48
11 49
11 50
10 51
10 52
10 53
10 53
10 54
10 55
9 56
9 57
9 58
9 58
9 59
9 60
8 61
8 62
8 63
8 63
8 64
7 65
7 66
6 67
6 68
6 68
6 69
6 70
5 71
5 72
5 73
5 73
5 74
4 75
4 76
4 77
4 77
4 78
3 79
3 80
3 80
2 81
2 82
2 82
1 83
1 84
1 84
1 85
1 85
0 86
0 86
0 87
0 87
0 87
0 87
0 87
0 86
0 86
0 85
0 84
0 84
0 83
1 82
1 81
1 81
1 80
2 79
2 78
2 77
3 76
3 75
3 74
4 73
4 72
4 71
5 70
5 69
5 68
5 67
6 66
6 65
6 64
7 63
7 62
7 61
8 60
8 59
8 58
9 57
9 56
9 55
10 54
10 53
10 52
11 51
11 50
11 49
12 48
12 47
12 46
12 45
13 44
13 43
13 42
14 41
14 40
14 39
15 38
15 37
15 36
16 35
16 34
16 33
17 32
17 31
17 30
18 29
18 28
18 27
19 26
19 25
19 24
19 23
20 22
20 21
20 20
21 19
21 18
21 17
22 16
22 15
22 14
23 13
23 12
23 12
22 12
22 12
22 12
21 11
21 11
21 11
21 11
20 11
20 11
20 10
20 10
20 10
21 10
21 10
21 10
22 9
22 8
22 8
23 7
24 7
24 7
25 6
25 5
25 5
26 4
27 4
27 4
28 3
28 3
29 2
29 1
29 1
30 1
30 1
31 1
31 1
31 1
31 1
31 1
31 2
31 2
31 3
31 3
31 4
31 4
31 5
31 6
31 6
30 7
30 8
30 8
30 9
30 10
30 11
30 11
30 12
29 13
29 14
29 15
29 15
29 16
29 17
29 18
29 18
29 19
28 20
28 21
28 22
28 22
28 23
28 24
28 25
28 26
28 26
28 27
27 28
27 29
27 30
27 30
27 31
27 32
26 33
26 34
26 35
26 35
26 36
26 37
26 38
26 38
25 39
25 40
25 40
25 41
25 42
25 43
25 43
25 44
25 44
25 45
25 46
25 46
25 46
25 46
25 46
25 45
25 45
24 44
24 43
24 43
24 42
24 41
24 41
24 40
24 39
24 39
24 38
25 37
25 36
25 36
25 35
25 34
25 34
25 33
25 32
25 32
25 31
25 30
25 30
25 29
25 29
26 28
26 28
26 27
26 27
26 26
26 26
26 25
26 24
26 24
27 23
27 23
28 22
28 22
29 21
29 20
29 20
30 19
30 19
31 18
31 18
32 17
32 17
33 17
33 17
34 16
34 16
35 15
35 15
35 15
36 14
36 14
36 14
36 14
36 14
36 15
36 15
35 15
35 15
34 16
34 16
34 17
34 18
34 18
33 19
33 20
32 21
32 22
31 23
31 24
30 25
30 26
29 27
29 27
28 28
28 29
27 30
27 31
27 31
26 32
26 33
26 33
25 34
25 34
25 35
25 36
25 36
24 36
24 36
24 36
24 36
25 36
25 36
25 36
26 35
26 35
27 34
27 34
28 33
28 33
29 32
29 32
30 32
30 32
30 31
30 31
31 31
31 31
32 30
32 30
32 30
32 30
32 31
32 31
31 32
31 32
31 33
31 33
30 34
29 34
29 34
28 35
28 36
28 36
27 37
27 38
27 38
26 39
25 39
25 39
24 40
24 41
24 41
23 42
23 42
22 43
22 44
22 44
21 45
21 45
21 46
21 46
20 46
20 46
20 47
20 47
21 47
21 47
21 46
21 46
22 46
22 46
23 45
23 45
24 44
25 43
25 43
26 42
26 42
27 41
28 40
28 40
29 39
29 39
30 39
30 39
30 38
30 38
30 38
30 38
30 39
30 39
30 39
29 40
29 41
29 41
28 42
28 42
27 43
27 43
27 44
27 45
27 45
26 46
26 47
26 47
25 48
25 49
25 49
25 50
25 51
25 51
25 52
25 53
25 54
25 54
25 55
25 56
25 57
25 57
25 58
25 59
25 60
25 60
25 61
25 62
25 63
25 63
25 64
25 65
25 65
25 66
25 67
25 68
25 68
25 69
25 69
25 70
25 71
25 71
25 72
25 72
26 72
26 72
26 73
26 73
26 73
26 73
26 73
26 72
26 72
27 71
27 71
27 70
27 69
27 69
28 68
28 67
28 67
29 66
29 65
29 65
30 64
31 63
31 63
31 62
32 61
32 60
32 60
33 59
33 58
33 58
33 57
33 56
33 56
34 55
34 54
34 54
34 53
34 53
35 52
35 52
35 51
35 51
35 50
35 50
35 49
35 49
35 48
35 48
35 48
34 48
34 48
34 48
34 48
34 48
33 48
33 48
33 48
32 48
32 48
32 48
31 48
31 48
30 49
30 49
29 49
29 49
28 50
28 50
27 51
26 51
26 51
25 51
25 51
24 52
24 52
23 53
23 53
22 53
22 53
22 54
22 54
21 54
21 54
21 54
21 55
21 55
21 55
21 55
21 55
22 56
22 56
22 56
23 56
23 56
23 57
23 57
24 57
24 57
25 57
25 57
26 57
26 57
27 57
28 57
28 57
29 57
30 57
30 57
31 57
32 57
32 57
33 57
33 57
34 57
35 57
35 57
36 57
37 57
37 57
38 57
39 57
39 57
40 57
41 57
41 57
42 56
43 56
43 56
44 56
45 56
45 56
46 55
47 55
47 55
48 54
49 54
49 54
50 54
50 54
51 54
51 54
51 54
52 53
52 52
53 51
53 50
54 49
54 48
55 47
55 46
56 45
56 44
57 43
57 42
58 41
58 40
59 39
59 38
60 37
60 36
61 35
61 34
62 33
62 32
63 31
63 30
64 29
64 28
65 27
65 26
66 25
66 24
67 23
67 22
68 21
68 20
69 19
69 18
70 17
70 16
71 15
71 14
72 13
72 12
73 11
73 11
73 11
73 11
72 11
72 11
72 11
72 11
72 12
72 12
72 12
72 13
72 13
71 14
71 14
71 15
71 15
71 16
71 17
71 17
71 18
70 19
70 20
70 20
70 21
69 22
69 23
69 23
69 24
68 25
68 26
68 27
68 27
68 28
67 29
67 30
67 31
67 31
67 32
67 33
66 34
66 35
66 36
66 36
66 37
65 38
65 39
65 40
65 40
65 41
64 42
64 43
64 44
64 44
64 45
64 46
63 47
63 48
63 49
63 49
63 50
63 51
63 52
63 52
63 53
62 54
62 55
62 55
62 56
62 57
62 58
62 58
61 59
61 59
61 60
61 60
61 60
61 60
61 60
61 60
61 59
61 59
61 58
61 57
61 57
61 56
61 56
61 55
62 54
62 53
63 52
63 51
64 50
64 49
65 48
65 47
66 46
66 45
67 44
67 43
68 42
68 41
69 40
69 39
70 38
70 37
71 36
71 35
72 34
72 33
73 32
73 31
74 30
74 29
75 28
75 27
76 26
76 25
77 24
77 23
78 22
78 21
79 20
79 19
80 18
80 17
81 16
81 15
82 14
82 13
83 12
83 11
84 10
84 9
85 8
85 7
85 7
86 6
87 6
88 5
89 5
89 5
90 4
90 4
91 3
91 3
92 3
92 3
93 2
93 2
94 2
94 2
95 1
95 1
96 1
97 1
97 1
97 1
98 1
98 1
99 1
99 1
99 1
99 1
99 1
100 1
100 1
100 1
100 1
99 1
99 1
99 2
99 2
98 3
98 3
98 4
98 4
97 5
97 5
97 6
97 6
97 7
97 7
96 8
96 9
96 9
96 10
96 10
96 11
96 12
96 12
95 13
95 14
95 14
95 15
95 16
95 16
95 17
95 17
95 18
95 19
95 19
95 20
94 21
94 22
94 22
94 23
94 24
94 24
94 25
94 26
94 26
94 27
94 28
94 28
94 29
94 30
94 31
94 31
94 32
94 33
94 33
94 34
93 35
93 36
93 36
93 37
93 38
93 38
93 39
93 40
93 40
93 41
93 42
93 43
93 43
93 44
93 45
93 45
93 46
93 47
93 48
93 48
93 49
93 50
93 51
93 51
93 52
93 53
93 53
93 54
93 55
93 56
93 56
93 57
92 58
92 59
92 59
92 60
92 61
92 61
92 62
92 63
92 63
92 64
92 65
92 66
92 66
92 67
92 68
92 68
92 69
91 70
91 71
91 71
91 72
91 73
91 73
91 74
91 75
91 76
91 76
91 77
91 78
91 78
90 79
90 80
90 80
90 81
90 82
90 83
90 83
89 84
89 85
89 85
89 86
89 87
89 87
89 88
88 89
88 90
88 90
88 91
88 92
88 92
87 93
87 94
87 94
86 95
86 96
86 96
86 97
86 97
85 98
85 98
85 99
85 99
84 100
84 100
84 100
83 100
83 100
83 100
82 100
82 100
82 99
82 99
81 98
81 98
80 97
80 96
80 96
80 95
80 94
80 93
80 93
80 92
79 91
79 90
79 90
79 89
78 88
78 87
78 86
78 86
78 85
78 84
77 83
77 82
77 81
77 81
77 80
76 79
76 78
76 77
76 77
76 76
75 75
75 74
75 73
75 73
75 72
75 71
75 70
75 69
75 68
75 67
75 66
74 65
74 64
74 63
74 62
74 61
74 60
74 59
74 58
74 57
74 56
74 55
74 54
74 53
74 52
74 51
73 50
73 49
73 48
73 47
73 46
73 45
73 44
73 43
73 42
73 41
73 40
73 39
73 38
73 37
73 36
72 35
72 34
72 33
72 32
72 31
72 30
72 29
72 28
72 28
71 29
71 29
70 28
70 28
70 28
70 28
70 28
70 28
71 28
71 28
71 28
72 28
72 28
73 28
73 28
74 27
74 27
75 27
76 27
76 27
77 26
78 26
78 26
79 25
80 25
80 25
81 24
82 24
82 24
83 23
84 23
84 23
85 22
86 22
86 22
87 21
87 21
88 20
88 20
88 19
88 19
88 18
88 18
88 18
88 18
88 17
88 17
88 17
87 16
87 16
87 16
87 16
87 15
87 15
86 15
86 15
86 14
86 14
86 14
86 14
86 14
86 14
85 14
85 14
85 15
85 15
85 15
85 16
85 16
84 16
84 16
84 17
84 17
83 18
83 18
82 19
82 20
82 20
81 21
81 22
81 22
81 23
81 24
81 24
80 25
80 26
80 26
79 27
79 28
79 28
78 29
78 30
78 30
77 31
77 32
77 32
76 33
76 34
76 34
76 35
76 36
76 36
75 37
75 37
74 38
74 39
74 39
74 40
74 40
73 41
73 41
73 41
73 42
73 42
73 42
73 42
73 42
73 42
73 42
73 41
73 41
74 41
74 41
74 41
74 41
74 41
75 40
75 40
75 40
76 40
76 40
76 39
76 39
77 39
77 39
78 38
78 38
79 38
79 38
80 38
80 38
81 37
81 37
81 37
82 37
82 37
82 37
82 37
82 37
82 37
82 37
82 38
82 38
82 38
82 39
82 39
81 40
81 40
81 40
80 41
80 41
80 42
80 42
80 43
80 43
79 44
79 44
79 45
79 45
78 46
78 46
78 47
78 47
78 47
77 47
77 47
77 47
77 47
77 47
77 47
77 47
78 46
78 46
78 45
78 45
79 45
79 45
80 45
80 45
80 44
80 44
81 44
81 44
81 45
81 45
82 45
82 45
82 46
82 46
82 47
82 47
81 48
81 48
81 48
80 49
80 49
80 50
80 50
79 51
79 51
78 51
78 51
77 52
77 52
76 52
76 52
75 52
75 52
75 52
75 52
74 52
74 52
74 51
74 51
74 50
74 50
74 50
74 49
74 49
75 48
75 48
75 48
76 47
76 47
76 47
77 47
77 47
77 46
77 46
78 46
