0 19
0 18
0 18
0 18
0 18
0 17
0 17
0 17
1 17
1 17
2 17
2 17
3 17
3 17
4 16
4 16
5 16
6 16
6 16
7 15
7 15
8 14
9 14
9 14
10 14
11 13
12 13
12 13
13 13
13 13
14 13
14 13
15 14
15 14
15 15
15 16
15 16
14 17
14 18
14 18
14 19
13 20
13 21
13 22
13 22
12 23
12 24
11 25
11 25
10 26
10 27
9 28
9 28
8 29
8 30
7 31
7 31
6 32
6 33
6 33
5 34
5 35
5 35
4 36
4 37
4 37
4 38
4 38
4 38
4 38
5 38
5 38
6 38
6 38
7 37
7 37
8 36
8 36
9 35
10 35
10 35
11 34
11 34
12 33
13 33
13 33
14 32
14 32
15 32
15 32
15 33
15 33
16 34
16 34
16 35
16 35
16 36
16 37
16 37
16 38
16 39
16 40
16 40
16 41
16 42
16 42
16 43
16 44
16 45
16 46
16 46
16 47
16 48
16 49
16 50
16 50
16 51
16 52
16 53
16 54
16 54
16 55
16 56
15 57
15 58
15 59
15 59
15 60
15 61
15 62
15 63
15 64
15 64
15 65
15 66
15 67
15 68
15 69
15 69
15 70
15 71
14 72
14 73
14 74
14 74
14 75
14 76
14 77
14 78
14 78
14 79
13 80
13 81
13 82
13 82
13 83
12 84
12 85
12 85
12 86
12 87
12 88
12 88
12 89
11 90
11 91
11 91
11 92
10 93
10 94
10 94
9 95
9 95
8 96
8 96
8 96
8 96
8 95
8 95
8 94
8 93
9 92
9 91
9 90
9 89
10 88
10 87
10 86
10 85
11 84
11 83
11 82
11 81
11 80
12 79
12 78
12 77
12 76
13 75
13 74
13 73
13 72
14 71
14 70
14 69
14 68
15 67
15 66
15 65
15 64
15 63
16 62
16 61
16 60
16 59
17 58
17 57
17 56
17 55
18 54
18 53
18 52
18 51
18 50
19 49
19 48
19 47
19 46
20 45
20 44
20 43
20 42
21 41
21 40
21 39
21 38
21 37
22 36
22 35
22 34
22 33
23 32
23 31
23 30
23 29
24 28
24 27
24 26
24 25
25 24
25 23
25 22
25 21
25 20
26 19
26 18
26 17
26 16
27 15
27 14
27 13
27 12
28 11
28 10
28 9
28 9
28 9
28 9
28 9
28 9
28 9
28 9
28 10
28 10
27 11
27 12
27 12
27 13
27 14
27 15
27 16
27 16
27 17
26 18
26 19
26 20
26 20
26 21
26 22
26 23
26 24
26 25
26 25
26 26
26 27
25 28
25 29
25 30
25 30
25 31
25 32
25 33
25 34
25 35
25 35
25 36
24 37
24 38
24 39
24 39
24 40
24 41
24 42
24 42
24 43
24 44
24 45
24 45
24 46
24 47
24 48
24 48
24 49
24 50
24 50
24 51
24 52
24 52
24 53
24 53
24 54
24 54
24 54
24 54
24 53
24 53
24 52
24 51
24 51
24 50
24 49
24 48
24 48
24 47
24 46
24 45
24 45
24 44
24 43
24 42
24 41
24 41
24 40
24 39
24 38
24 38
24 37
24 36
24 35
24 35
24 34
24 33
24 33
24 32
25 31
25 30
25 30
25 29
25 28
25 28
25 27
25 26
25 26
25 25
26 24
26 23
26 23
27 22
28 21
28 21
29 20
29 19
29 19
30 18
31 17
31 17
32 16
32 15
32 15
33 14
33 14
34 13
34 13
35 13
35 13
35 13
35 14
35 14
35 15
35 15
34 16
34 17
34 17
34 18
33 19
33 20
33 20
33 21
32 22
32 23
32 23
31 24
31 25
30 26
30 26
30 27
29 28
29 29
29 30
29 30
28 31
28 32
28 32
28 33
27 34
27 35
27 35
26 36
26 36
26 37
26 37
26 38
26 38
26 38
27 38
27 38
28 38
28 38
29 37
29 37
30 36
31 36
31 36
32 35
32 34
32 34
33 33
34 33
34 33
35 32
35 32
35 31
35 31
35 32
35 32
35 32
34 33
34 34
34 34
33 35
33 35
32 36
32 37
32 37
31 38
31 38
30 39
30 40
30 40
29 41
29 41
28 42
28 42
28 43
28 43
29 43
29 43
29 43
30 42
30 42
31 42
32 42
32 42
33 41
33 41
33 41
33 42
33 42
32 43
32 43
31 44
31 45
30 46
30 46
29 47
29 48
28 49
28 49
27 50
27 51
26 52
26 52
25 53
25 54
24 55
24 56
24 56
23 57
23 58
22 59
22 59
22 60
21 61
21 62
21 62
20 63
19 64
19 64
18 65
18 66
18 66
18 66
19 66
19 66
20 65
21 65
21 65
22 64
22 63
22 63
23 62
23 61
24 60
24 60
25 59
25 58
26 57
26 57
27 56
28 56
29 55
29 55
30 54
31 53
31 53
32 52
32 51
32 51
33 50
33 50
34 49
34 49
34 49
34 48
34 48
34 48
33 48
33 48
33 48
32 49
32 49
31 50
31 51
31 51
31 52
31 53
31 54
31 54
31 55
30 56
30 57
30 58
30 58
30 59
30 60
30 61
30 62
30 62
30 63
29 64
29 65
29 66
29 66
29 67
29 68
29 69
29 70
29 70
29 71
29 72
29 73
29 74
29 74
30 75
30 76
30 76
30 77
30 78
30 78
31 79
31 79
32 79
33 79
33 79
34 79
35 79
35 79
36 78
37 77
37 77
38 76
39 75
40 74
40 74
41 73
41 72
42 71
42 71
43 70
44 69
45 68
45 68
46 67
46 66
47 65
47 64
47 64
48 63
48 62
49 61
49 61
49 60
50 59
50 58
50 57
50 57
51 56
51 55
51 55
51 54
51 53
51 53
50 52
50 52
49 51
49 51
48 51
48 51
47 51
46 51
46 51
45 52
45 52
44 52
44 52
43 53
43 53
42 53
42 53
42 53
42 54
42 54
43 55
43 55
43 56
43 57
43 57
44 58
44 58
45 59
46 60
46 60
47 61
47 62
47 62
48 63
48 63
49 64
50 65
50 65
51 66
51 66
52 66
53 66
53 66
54 67
54 67
55 67
55 67
56 67
56 67
56 66
57 65
57 64
57 63
57 62
58 61
58 60
58 59
58 58
59 57
59 56
59 55
59 54
60 53
60 52
60 51
60 50
61 49
61 48
61 47
62 46
62 45
62 44
62 43
63 42
63 41
63 40
63 39
64 38
64 37
64 36
64 35
65 34
65 33
65 32
66 31
66 30
66 29
66 28
67 27
67 26
67 25
67 24
68 23
68 22
68 21
68 20
69 19
69 18
69 17
69 16
70 15
70 14
70 14
70 14
70 14
70 14
70 15
70 16
70 17
70 17
70 18
70 19
70 20
70 20
70 21
70 22
69 23
69 24
69 25
69 25
69 26
69 27
68 28
68 29
68 30
68 30
68 31
68 32
67 33
67 34
67 35
67 36
67 36
67 37
67 38
66 39
66 40
66 41
66 41
66 42
66 43
65 44
65 45
65 46
65 47
65 47
65 48
65 49
64 50
64 51
64 52
64 53
64 53
64 54
64 55
63 56
63 57
63 58
63 59
63 59
63 60
63 61
62 62
62 63
62 64
62 64
62 65
61 66
61 67
61 68
61 68
60 69
60 70
60 70
60 71
60 72
60 72
60 72
60 72
60 71
60 71
60 70
61 69
61 68
61 67
62 66
62 65
62 64
63 63
63 62
63 61
64 60
64 59
65 58
65 57
65 56
66 55
66 54
66 53
67 52
67 51
67 50
68 49
68 48
68 47
69 46
69 45
69 44
70 43
70 42
70 41
71 40
71 39
72 38
72 37
72 36
73 35
73 34
73 33
74 32
74 31
74 30
75 29
75 28
75 27
76 26
76 25
76 24
77 23
77 22
77 21
78 20
78 19
79 18
79 17
79 16
80 15
80 14
80 13
81 12
81 11
81 10
82 9
82 8
82 8
83 8
83 8
83 7
83 7
84 6
84 6
85 5
85 5
86 4
87 4
87 4
88 3
88 3
89 2
90 2
90 2
91 1
92 1
92 1
93 1
93 1
94 0
95 0
95 0
96 0
96 0
97 1
97 1
98 2
98 2
99 3
99 3
99 4
99 4
100 5
100 6
100 6
99 7
99 8
99 8
99 9
99 10
99 11
99 11
99 12
99 13
99 14
99 15
99 15
99 16
98 17
98 18
98 19
98 19
98 20
98 21
98 22
98 23
98 24
98 24
98 25
98 26
98 27
98 28
98 28
98 29
98 30
98 31
98 32
98 33
98 33
98 34
98 35
98 36
98 37
98 38
98 38
98 39
98 40
97 41
97 42
97 43
97 43
97 44
97 45
97 46
97 47
97 48
97 48
97 49
97 50
97 51
97 52
97 53
97 53
97 54
97 55
97 56
97 57
97 58
97 59
97 59
97 60
97 61
96 62
96 63
96 64
96 65
96 65
96 66
96 67
96 68
96 69
96 70
96 70
96 71
96 72
96 73
96 74
96 75
96 75
96 76
96 77
96 78
96 79
96 80
96 81
96 81
96 82
96 83
96 84
96 85
96 86
96 86
96 87
96 88
96 89
96 90
96 90
96 91
96 92
96 93
96 94
96 94
96 95
95 96
95 97
95 97
95 98
95 99
95 99
95 100
95 100
95 100
95 100
95 100
95 100
95 100
95 100
95 100
95 99
95 99
95 98
95 98
94 97
94 97
94 96
94 95
94 95
94 94
93 93
93 92
93 92
93 91
92 90
92 89
92 88
92 88
92 87
91 86
91 85
91 84
90 83
90 82
90 81
89 80
89 79
88 78
88 77
88 76
87 75
87 74
87 73
86 72
86 71
86 70
85 69
85 68
85 67
84 66
84 65
83 64
83 63
83 62
82 61
82 60
82 59
81 58
81 57
81 56
80 55
80 54
80 53
79 52
79 51
78 50
78 49
78 48
77 47
77 46
77 45
76 44
76 43
76 43
75 44
75 44
75 44
75 44
75 44
75 43
75 43
76 43
76 43
77 42
77 42
78 41
79 40
79 40
80 39
81 39
81 39
82 38
83 38
83 38
84 37
84 37
85 36
85 36
86 35
86 35
87 34
88 34
88 34
88 33
88 33
89 32
89 31
89 31
89 30
89 30
89 29
89 29
89 28
89 28
89 27
89 26
89 26
88 25
88 25
88 24
88 24
87 23
87 23
87 23
86 23
86 23
86 23
86 23
85 24
85 24
85 25
85 26
85 26
84 27
84 28
84 28
84 29
84 30
84 31
84 31
83 32
83 33
83 33
83 34
83 35
83 36
83 36
83 37
83 38
83 38
83 39
83 40
83 40
83 41
83 42
83 42
83 43
83 44
83 44
82 45
82 46
82 46
82 47
82 48
82 48
81 49
81 49
81 50
81 50
80 51
80 51
79 52
79 52
78 52
78 52
78 53
78 53
77 53
77 53
77 54
77 54
77 54
77 54
78 53
78 53
79 53
79 53
80 52
80 51
80 51
81 50
82 49
82 49
83 48
83 47
83 47
84 46
85 46
85 46
86 45
86 44
86 44
87 43
87 43
88 43
88 43
88 42
88 42
88 42
88 42
88 42
88 42
88 43
88 43
88 43
88 44
88 44
88 45
88 45
87 46
87 47
87 47
87 48
86 49
86 50
86 50
85 51
85 52
85 52
85 53
84 54
84 55
84 55
84 56
83 57
83 58
83 58
83 59
82 60
82 61
82 61
82 62
82 63
82 64
82 64
81 65
81 66
81 66
80 67
80 67
80 68
80 69
80 69
79 70
79 71
79 71
79 72
79 72
79 73
79 74
79 74
79 75
79 75
80 75
80 75
81 76
81 76
82 76
82 76
83 75
83 75
84 74
85 74
85 74
86 73
86 73
87 72
87 72
88 71
88 71
89 70
89 70
89 69
89 69
90 69
90 69
90 68
90 68
89 68
89 68
89 67
89 67
88 66
88 65
88 65
88 64
88 64
88 63
87 62
87 61
87 61
86 60
86 59
86 59
86 58
85 57
85 56
85 56
84 55
83 55
83 55
82 54
82 53
82 53
81 53
81 53
80 52
80 52
79 52
