5 14
5 15
4 16
4 17
4 17
3 16
2 16
2 16
2 15
2 14
2 14
3 15
3 15
4 14
4 14
5 14
5 14
6 13
7 13
7 13
8 13
9 12
10 12
10 12
11 12
12 12
12 12
13 11
14 11
14 11
15 10
16 10
16 10
17 10
17 10
18 10
19 10
19 10
20 9
20 9
20 9
21 10
21 10
21 11
21 11
20 12
20 13
19 14
19 14
18 15
18 16
17 17
17 17
16 18
16 19
15 20
15 20
14 21
14 22
13 23
13 23
12 24
11 25
11 26
10 27
10 27
9 28
8 28
7 29
7 29
6 30
6 31
6 31
5 32
4 32
4 32
4 32
4 33
4 33
4 33
5 33
5 33
6 33
6 33
7 32
7 32
8 31
8 31
9 30
10 30
10 30
11 30
12 30
12 30
13 29
13 29
14 28
15 28
15 28
16 28
16 28
16 27
16 27
17 27
17 27
17 27
17 27
17 27
16 28
16 28
16 29
16 29
15 30
14 31
14 31
14 32
13 33
13 34
13 34
12 35
12 36
12 36
11 37
11 38
10 39
10 40
10 40
9 41
8 42
8 42
7 43
6 44
6 44
5 45
5 46
4 47
4 47
3 48
3 48
3 48
3 48
3 48
4 47
5 47
5 47
6 46
6 46
7 46
8 45
9 45
9 45
10 44
11 43
11 43
12 43
13 43
13 43
14 43
14 43
15 44
16 44
16 44
17 45
17 46
17 46
17 47
17 48
17 49
17 49
17 50
17 51
17 52
17 53
17 53
17 54
17 55
17 56
17 57
17 58
17 59
17 59
17 60
17 61
17 62
16 63
16 64
16 65
16 66
16 66
16 67
15 68
15 69
15 70
15 71
14 72
14 73
14 74
14 74
14 75
13 76
13 77
13 78
13 79
12 80
12 81
12 81
11 82
11 83
10 84
10 85
9 86
9 87
9 87
8 88
8 89
7 90
7 91
6 92
6 93
6 93
5 94
4 95
3 96
3 96
2 97
2 98
1 99
1 99
0 100
0 100
0 99
1 98
1 97
2 96
2 95
3 94
3 93
3 92
4 91
4 90
5 89
5 88
6 87
6 86
6 85
7 84
7 83
8 82
8 81
9 80
9 79
10 78
10 77
10 76
11 75
11 74
12 73
12 72
13 71
13 70
13 69
14 68
14 67
15 66
15 65
16 64
16 63
16 62
17 61
17 60
18 59
18 58
19 57
19 56
19 55
20 54
20 53
21 52
21 51
22 50
22 49
22 48
23 47
23 46
24 45
24 44
25 43
25 42
25 41
26 40
26 39
27 38
27 37
28 36
28 35
29 34
29 33
29 32
30 31
30 30
31 29
31 28
32 27
32 26
32 25
33 24
33 23
34 22
34 21
35 20
35 19
35 18
36 17
36 16
37 15
37 14
38 13
38 12
38 12
37 12
37 12
36 11
36 10
36 10
36 9
36 9
36 9
36 9
36 10
36 11
36 11
36 12
35 13
35 14
35 14
35 15
35 16
34 17
34 18
34 19
34 20
34 20
34 21
33 22
33 23
33 24
33 25
32 26
32 27
32 27
32 28
32 29
32 30
31 31
31 32
31 33
31 34
31 34
31 35
31 36
31 37
30 38
30 39
30 40
30 41
30 42
30 42
30 43
29 44
29 45
29 46
29 47
28 48
28 49
28 49
28 50
28 51
28 52
28 53
28 54
28 55
28 55
28 56
27 57
27 58
27 58
27 59
27 60
27 60
28 61
28 61
28 61
28 60
28 59
28 58
29 57
29 56
29 55
29 54
29 53
29 52
30 51
30 50
30 49
30 48
30 47
30 46
31 45
31 44
31 43
31 42
31 41
31 40
31 39
32 38
32 37
32 36
32 35
32 34
32 33
33 32
33 31
33 30
33 29
33 28
33 27
34 26
34 25
34 24
34 23
34 23
35 22
35 21
36 20
36 19
37 18
37 18
37 17
37 16
37 16
38 15
39 14
39 14
40 13
40 13
41 12
42 11
42 11
43 11
44 11
44 11
45 10
45 10
46 9
47 9
47 9
48 9
48 9
49 9
49 9
50 8
50 8
50 8
51 8
51 8
51 8
50 9
49 10
48 11
47 12
46 13
45 14
45 15
44 16
43 17
42 18
41 19
40 20
40 20
39 21
39 22
38 23
38 23
37 24
37 24
37 23
37 23
37 23
38 23
38 23
39 23
39 23
40 22
40 22
41 22
41 22
42 22
42 22
43 22
43 22
44 22
44 22
44 23
44 23
43 24
43 25
43 25
42 26
41 27
41 27
40 28
40 29
40 29
39 30
38 31
38 31
37 32
36 32
36 32
35 33
35 34
35 34
34 35
34 35
34 35
34 35
34 35
35 34
35 34
36 33
37 33
37 33
38 32
38 32
39 32
40 32
40 32
41 31
41 31
42 31
42 31
42 31
42 32
42 32
41 33
40 34
39 35
38 36
37 37
36 38
35 39
34 40
33 41
32 42
31 43
30 44
29 45
28 46
27 47
26 48
26 48
25 49
24 50
23 51
23 51
23 51
23 50
23 50
24 50
24 50
25 49
25 48
25 48
26 47
27 46
27 46
28 46
29 45
30 45
30 45
31 44
32 43
32 43
33 42
34 41
34 41
35 40
36 40
36 40
37 39
38 39
38 39
39 38
40 38
40 38
41 38
41 38
41 38
41 39
41 39
40 40
40 40
40 41
39 42
39 43
39 43
38 44
38 45
37 46
37 47
37 47
36 48
36 49
35 50
35 51
35 51
35 52
34 53
34 54
33 55
33 56
33 56
33 57
33 58
32 59
32 60
32 61
32 61
32 62
32 63
31 64
31 65
31 66
31 66
31 67
30 68
30 69
30 70
30 70
29 71
29 71
30 72
30 72
31 72
31 72
32 71
33 70
33 70
34 69
35 69
36 68
36 68
37 67
38 66
39 65
39 65
40 64
41 63
41 62
42 61
42 61
43 60
44 59
45 58
46 57
46 57
47 56
47 55
48 54
48 53
48 53
49 52
50 51
50 51
51 50
51 49
51 49
51 49
50 50
50 50
49 51
49 51
48 52
47 52
46 53
46 53
45 54
44 55
43 56
43 56
42 57
41 57
40 58
40 58
39 59
38 60
38 60
37 61
37 62
37 62
36 63
36 63
37 64
37 64
38 65
39 65
39 65
40 65
41 65
42 65
42 65
43 65
44 65
44 65
45 65
46 64
47 64
47 64
48 63
49 63
49 63
50 62
51 62
51 62
52 62
52 62
52 62
52 61
52 61
52 61
52 60
53 59
53 58
54 57
54 56
55 55
55 54
55 53
56 52
56 51
57 50
57 49
58 48
58 47
59 46
59 45
59 44
60 43
60 42
61 41
61 40
62 39
62 38
62 37
63 36
63 35
64 34
64 33
65 32
65 31
66 30
66 29
66 28
67 27
67 26
68 25
68 24
69 23
69 22
69 22
69 22
69 21
69 20
69 20
69 20
69 20
69 20
69 20
69 20
69 20
69 21
69 21
69 22
68 23
68 24
68 24
68 25
68 26
67 27
67 28
67 29
67 30
67 30
67 31
66 32
66 33
66 34
65 35
65 36
65 36
65 37
64 38
64 39
64 40
64 41
63 42
63 43
63 44
63 44
63 45
62 46
62 47
62 48
62 49
61 50
61 51
61 52
61 52
61 53
61 54
61 55
60 56
60 57
60 58
60 59
60 60
60 60
60 61
60 62
60 63
59 64
59 65
59 66
59 67
59 67
59 68
59 69
59 70
59 71
59 72
59 73
59 73
59 74
58 75
58 76
58 77
58 77
58 78
58 79
58 80
58 80
58 81
57 82
57 83
57 83
56 84
56 85
56 85
56 86
56 86
56 86
57 85
57 84
57 84
57 83
58 82
58 81
58 80
58 79
59 78
59 77
59 76
59 75
60 74
60 73
60 72
60 71
61 70
61 69
61 68
61 67
62 66
62 65
62 64
62 63
63 62
63 61
63 60
63 59
64 58
64 57
64 56
65 55
65 54
65 53
65 52
66 51
66 50
66 49
66 48
67 47
67 46
67 45
67 44
68 43
68 42
68 41
68 40
69 39
69 38
69 37
69 36
70 35
70 34
70 33
70 32
71 31
71 30
71 29
71 28
72 27
72 26
72 26
73 25
73 24
74 23
75 22
75 21
76 20
76 19
77 18
77 18
78 17
78 16
79 15
79 14
79 14
79 13
80 12
80 11
80 10
80 10
81 9
82 9
82 9
83 8
84 8
85 7
85 7
86 6
87 6
87 6
88 5
89 5
89 5
90 4
90 3
90 3
91 3
92 3
92 3
93 2
93 2
94 1
95 1
95 1
96 1
96 1
97 0
97 0
98 0
98 0
99 0
99 0
99 1
99 1
99 1
100 1
100 1
100 2
100 3
100 3
99 4
99 5
99 5
99 6
98 7
98 8
98 8
98 9
98 10
97 11
97 12
97 13
97 13
97 14
97 15
96 16
96 17
96 18
96 19
96 19
96 20
95 21
95 22
95 23
95 24
94 25
94 26
94 26
94 27
94 28
94 29
93 30
93 31
93 32
93 33
93 34
93 34
93 35
92 36
92 37
92 38
92 39
91 40
91 41
91 41
91 42
91 43
91 44
90 45
90 46
90 47
90 48
90 49
90 49
90 50
90 51
90 52
90 53
90 54
90 55
90 56
90 56
90 57
90 58
89 59
89 60
89 61
89 62
89 62
89 63
89 64
89 65
89 66
89 67
89 68
89 69
89 69
89 70
89 71
89 72
88 73
88 74
88 75
88 76
88 76
88 77
88 78
88 79
88 80
88 81
88 82
88 82
88 83
88 84
87 85
87 86
87 87
87 88
87 88
87 89
87 90
87 91
87 91
86 92
86 93
86 93
86 94
86 94
85 93
85 93
85 92
85 92
84 91
84 90
84 90
84 89
83 88
83 87
83 87
83 86
82 85
82 84
81 83
81 82
81 81
80 80
80 79
80 78
79 77
79 76
78 75
78 74
78 73
77 72
77 71
76 70
76 69
76 68
75 67
75 66
75 65
74 64
74 63
73 62
73 61
73 60
72 59
72 58
71 57
71 56
71 55
70 54
70 53
70 52
69 51
69 50
68 49
68 48
68 48
68 47
68 47
68 46
68 45
68 45
69 44
69 44
70 43
70 42
71 41
71 41
72 40
73 39
73 39
74 38
75 38
75 38
76 37
77 36
77 36
78 35
79 35
79 35
80 34
80 33
80 33
80 32
80 32
81 31
81 31
80 30
80 30
80 29
80 28
80 28
79 27
79 27
78 27
78 27
77 28
77 28
76 29
76 29
75 30
75 31
75 31
75 32
74 33
74 34
74 34
74 35
73 36
73 37
73 37
73 38
73 39
73 40
73 40
72 41
72 42
72 42
72 43
72 44
72 45
72 45
72 46
72 47
72 47
72 48
72 48
72 49
72 49
72 49
73 48
73 48
74 48
74 48
75 47
75 47
76 46
77 46
77 46
78 46
78 46
79 46
79 46
80 47
80 47
80 48
80 48
80 49
79 50
79 51
79 51
79 52
78 53
78 54
78 54
77 55
77 56
76 57
76 57
75 58
74 59
73 60
73 60
72 61
71 62
70 63
70 63
69 64
69 65
68 66
68 66
67 67
66 68
66 68
66 69
66 70
66 70
66 70
67 71
68 71
68 71
69 71
69 71
70 70
71 70
72 69
72 69
73 68
74 68
74 68
75 67
76 66
76 66
77 65
77 65
78 64
78 64
79 63
79 63
78 62
78 62
78 61
78 61
77 61
76 61
76 61
75 61
75 61
74 62
73 62
73 62
72 62
71 62
71 62
70 62
70 62
69 62
69 62
68 62
68 62
