2 6
2 6
2 6
2 5
2 5
2 5
2 5
2 5
3 5
3 5
4 5
4 5
5 5
5 5
6 5
7 5
7 5
8 4
9 4
9 4
10 4
10 4
11 4
12 4
12 4
13 4
13 4
13 5
13 5
13 5
13 6
13 6
12 7
12 8
12 8
11 9
11 10
11 10
10 11
9 12
9 12
8 13
7 14
7 14
6 15
5 16
5 16
4 17
4 18
3 19
3 19
2 20
2 21
1 22
1 23
1 23
0 22
0 22
0 23
0 23
0 24
0 24
0 24
0 24
1 24
1 24
2 24
2 24
3 24
3 24
4 24
5 24
5 24
6 24
7 24
7 24
8 24
8 24
9 25
9 25
9 26
9 26
10 27
10 28
10 28
10 29
10 30
10 30
10 31
10 32
10 33
10 33
10 34
10 35
10 36
10 36
10 37
9 38
9 39
9 40
9 40
9 41
9 42
9 43
9 43
9 44
9 45
9 46
9 47
9 47
9 48
9 49
8 50
8 51
8 52
8 52
8 53
8 54
7 55
7 56
7 57
7 58
7 58
7 59
7 60
6 61
6 62
6 63
6 63
6 64
6 65
5 66
5 67
5 68
5 69
5 69
5 70
5 71
4 72
4 73
4 74
4 75
4 75
4 76
3 77
3 78
3 79
3 79
3 80
3 81
3 82
3 83
3 84
3 84
3 85
2 86
2 87
2 87
2 88
2 89
2 89
2 90
2 90
1 90
1 90
1 90
1 89
1 89
0 88
0 87
0 87
0 86
0 85
0 85
0 84
1 83
1 82
1 81
1 80
2 79
2 78
2 77
2 76
3 75
3 74
3 73
4 72
4 71
4 70
4 69
5 68
5 67
5 66
6 65
6 64
6 63
6 62
7 61
7 60
7 59
7 58
8 57
8 56
8 55
9 54
9 53
9 52
9 51
10 50
10 49
10 48
11 47
11 46
11 45
11 44
12 43
12 42
12 41
12 40
13 39
13 38
13 37
14 36
14 35
14 34
14 33
15 32
15 31
15 30
15 29
16 28
16 27
16 26
17 25
17 24
17 23
17 22
18 21
18 20
18 19
19 18
19 17
19 16
19 15
20 14
20 13
20 12
20 11
21 10
21 9
21 9
20 8
20 8
20 8
20 9
20 9
20 10
20 10
20 11
19 12
19 13
19 13
19 14
19 15
19 16
19 16
19 17
18 18
18 19
18 19
18 20
18 21
18 22
18 23
18 24
18 24
18 25
18 26
18 27
18 28
18 28
18 29
18 30
18 31
18 32
18 32
18 33
17 34
17 35
17 36
17 36
17 37
17 38
17 39
17 39
17 40
17 41
17 42
17 42
17 43
17 44
17 45
17 45
17 46
17 47
17 47
17 48
17 49
17 49
17 50
17 50
17 50
17 49
17 48
17 47
17 46
17 45
17 44
18 43
18 42
18 41
18 40
18 39
18 38
18 37
18 36
18 35
18 34
18 33
18 32
19 31
19 30
19 29
19 28
19 27
19 26
19 25
19 25
19 24
19 23
18 22
18 21
18 20
18 20
19 19
19 19
19 18
19 18
20 17
20 17
21 16
21 15
21 15
22 14
23 14
23 14
24 13
25 13
25 13
26 12
27 11
27 11
28 10
29 10
29 10
30 9
31 9
31 9
32 9
32 9
33 9
33 9
33 9
33 10
33 10
32 11
32 11
31 12
31 13
31 13
31 14
30 15
30 16
30 16
29 17
28 18
28 18
27 19
26 20
25 21
25 21
24 22
24 23
23 24
23 25
23 25
22 26
21 27
21 27
21 28
20 29
20 30
20 30
19 31
19 32
19 32
18 33
18 34
18 34
18 35
18 35
18 36
18 36
18 36
19 35
19 35
20 34
21 34
21 34
22 33
23 33
23 33
24 32
25 31
25 31
26 30
27 30
27 30
28 29
28 29
29 28
29 28
30 28
30 28
30 28
30 28
30 28
29 29
29 29
29 29
28 30
28 31
28 31
27 32
27 32
26 33
25 34
25 34
25 35
24 36
24 37
24 37
23 38
22 39
22 39
21 40
21 41
20 42
20 42
19 43
19 44
18 45
18 45
17 46
17 47
16 48
16 48
15 49
15 50
14 51
14 52
14 52
13 53
13 54
12 55
12 56
12 56
11 57
11 58
11 58
10 59
10 60
10 60
10 61
10 61
10 61
10 60
10 60
11 59
12 59
12 59
13 58
13 57
13 57
14 56
15 56
16 55
16 55
17 54
18 53
18 53
19 52
20 51
20 51
21 50
21 49
21 49
22 48
23 47
23 47
24 46
25 46
25 46
26 45
26 45
27 44
27 44
28 43
28 43
28 42
28 42
28 42
28 42
27 42
27 42
26 43
26 43
25 44
25 45
25 45
24 46
24 47
23 48
23 48
23 49
22 50
22 51
22 51
22 52
22 53
21 54
21 55
21 56
21 56
21 57
20 58
20 59
20 59
20 60
19 61
19 62
19 63
19 63
19 64
19 65
19 66
19 66
19 67
18 68
18 69
18 70
18 70
18 71
18 72
18 72
19 73
19 74
19 74
19 75
19 76
19 76
20 77
20 77
21 77
21 77
22 77
22 77
23 76
24 76
24 76
25 75
26 75
27 74
27 74
28 73
29 72
29 72
30 71
30 70
31 69
31 69
32 68
33 67
33 67
34 66
34 65
35 64
35 64
36 63
37 62
37 62
38 61
38 60
38 60
39 59
39 58
39 58
40 57
40 56
40 56
40 55
40 54
40 54
40 53
40 52
40 51
40 51
40 50
40 50
39 49
39 49
38 48
38 48
37 48
37 48
36 49
36 49
35 50
34 50
34 50
33 51
33 51
32 52
32 52
31 53
31 53
30 53
30 53
30 54
30 54
30 54
30 54
30 54
30 54
30 54
30 54
30 54
31 55
31 55
31 55
31 55
31 56
31 56
32 57
32 57
32 57
33 58
33 58
34 59
34 60
34 60
35 61
35 62
35 62
36 63
36 64
37 65
37 65
37 66
38 67
38 68
38 69
38 69
39 70
40 71
40 71
41 72
41 73
41 73
42 74
43 75
43 75
44 75
44 75
45 76
45 76
46 76
46 76
47 76
47 76
47 76
47 76
47 75
48 74
48 73
49 72
49 71
49 70
50 69
50 68
50 67
51 66
51 65
52 64
52 63
52 62
53 61
53 60
53 59
54 58
54 57
55 56
55 55
55 54
56 53
56 52
56 51
57 50
57 49
58 48
58 47
58 46
59 45
59 44
60 43
60 42
60 41
61 40
61 39
61 38
62 37
62 36
63 35
63 34
63 33
64 32
64 31
64 30
65 29
65 28
66 27
66 26
66 25
67 24
67 23
67 22
68 21
68 20
69 19
69 18
69 18
70 17
70 16
70 16
70 16
70 16
70 16
69 16
69 16
69 17
69 17
69 18
68 19
68 20
68 20
68 21
68 22
68 23
68 24
68 24
68 25
68 26
67 27
67 28
67 29
67 29
67 30
67 31
66 32
66 33
66 34
66 35
66 35
66 36
65 37
65 38
65 39
64 40
64 41
64 41
64 42
64 43
64 44
63 45
63 46
63 47
63 48
63 49
63 49
63 50
62 51
62 52
62 53
62 54
61 55
61 56
61 56
61 57
61 58
60 59
60 60
60 61
60 61
60 62
60 63
60 64
60 65
60 66
60 66
60 67
60 68
59 69
59 70
59 71
59 71
59 72
59 73
59 73
59 74
59 75
59 75
59 76
59 77
59 77
59 77
59 76
59 76
59 75
60 74
60 73
60 72
61 71
61 70
61 69
61 68
62 67
62 66
62 65
63 64
63 63
63 62
64 61
64 60
64 59
64 58
65 57
65 56
65 55
66 54
66 53
66 52
67 51
67 50
67 49
67 48
68 47
68 46
68 45
69 44
69 43
69 42
70 41
70 40
70 39
71 38
71 37
71 36
71 35
72 34
72 33
72 32
73 31
73 30
73 29
74 28
74 27
74 26
74 25
75 24
75 23
75 22
76 21
76 20
76 19
77 18
77 17
77 16
77 15
78 14
78 13
78 12
79 11
79 10
79 10
80 9
80 8
80 8
81 7
81 7
82 6
82 6
83 5
84 5
84 5
85 4
86 4
86 4
87 3
87 3
88 2
89 2
89 2
90 1
90 1
91 1
92 1
92 1
93 0
94 0
94 0
95 0
95 0
96 1
97 1
97 1
98 1
98 1
98 2
98 2
99 3
99 3
99 4
99 5
99 5
99 6
99 7
99 7
100 8
100 9
100 9
100 10
100 11
100 12
100 13
100 13
100 14
99 15
99 16
99 16
99 17
99 18
99 19
99 20
99 20
99 21
99 22
98 23
98 24
98 25
98 25
98 26
98 27
98 28
98 29
98 30
98 31
98 31
98 32
98 33
97 34
97 35
97 36
97 36
97 37
97 38
97 39
97 40
97 41
97 41
97 42
97 43
96 44
96 45
96 46
96 46
96 47
96 48
96 49
96 50
96 51
96 51
96 52
96 53
96 54
96 55
96 56
96 56
96 57
96 58
96 59
96 60
96 61
96 61
96 62
96 63
96 64
96 65
96 66
96 66
96 67
96 68
96 69
96 70
96 71
96 71
96 72
96 73
96 74
96 75
96 76
96 76
96 77
96 78
96 79
96 80
96 80
96 81
96 82
96 83
96 84
96 85
96 85
96 86
96 87
96 88
96 89
96 90
96 90
96 91
96 92
96 93
96 93
96 94
96 95
96 96
96 96
96 97
96 98
96 98
95 99
95 99
95 100
95 100
95 100
95 100
94 100
94 100
94 100
93 99
93 98
93 98
92 97
92 97
92 96
92 95
92 95
92 94
91 93
91 92
91 91
90 90
90 89
90 88
89 87
89 86
89 85
88 84
88 83
88 82
87 81
87 80
87 79
86 78
86 77
86 76
85 75
85 74
85 73
84 72
84 71
84 70
83 69
83 68
83 67
82 66
82 65
82 64
81 63
81 62
81 61
80 60
80 59
80 58
79 57
79 56
79 55
78 54
78 53
78 52
77 51
77 50
77 49
76 48
76 47
76 46
75 45
75 44
75 43
74 42
74 41
74 40
73 39
73 38
73 38
72 39
72 39
72 39
73 39
73 39
73 39
74 38
75 38
75 38
76 37
76 37
77 36
78 35
78 35
79 34
80 34
80 34
81 33
82 33
82 33
83 32
83 32
84 31
84 31
85 30
85 30
85 29
85 29
85 29
85 28
85 27
85 27
85 26
85 26
84 25
84 24
84 24
83 23
83 23
83 22
83 21
83 21
82 20
82 20
82 20
82 20
82 20
82 20
82 20
82 21
82 21
81 22
81 22
81 23
81 24
81 24
81 25
80 26
80 27
80 27
80 28
80 29
80 30
80 30
80 31
79 32
79 33
79 33
79 34
78 35
78 36
78 36
78 37
78 38
78 39
78 39
78 40
77 41
77 42
77 42
77 43
77 44
77 44
77 45
77 46
77 46
76 47
76 48
76 48
76 49
76 50
76 50
75 51
75 52
75 52
74 53
74 54
74 54
73 55
73 56
73 56
73 57
73 57
73 58
73 58
73 58
73 58
74 57
74 57
75 56
75 56
76 55
76 54
76 54
77 53
78 52
78 52
79 51
80 50
80 50
81 49
82 49
82 49
83 48
83 48
84 47
84 47
85 46
86 46
86 46
86 45
86 45
87 44
87 44
88 44
88 44
88 44
88 44
88 44
88 44
87 44
87 44
87 44
86 45
86 45
85 46
85 46
84 47
84 47
83 48
83 49
83 49
82 50
82 50
81 51
81 52
81 52
81 53
80 54
80 55
80 55
80 56
79 57
79 58
79 58
79 59
79 60
79 61
79 61
78 62
78 63
78 63
78 64
77 65
77 66
77 66
76 67
76 68
76 68
76 69
76 70
76 70
75 71
75 72
75 72
75 73
75 74
75 74
75 75
75 76
75 77
75 77
75 78
74 79
74 80
74 80
74 81
73 82
73 83
73 83
73 84
73 85
73 86
73 86
72 87
72 88
72 88
72 89
72 89
72 89
72 89
73 88
73 88
74 87
74 87
75 86
76 86
76 86
77 85
77 85
78 84
79 84
79 84
80 83
80 83
81 82
82 82
82 82
83 81
83 81
84 80
84 79
84 79
85 78
85 78
85 77
85 76
85 76
86 75
86 75
86 74
86 74
85 73
85 73
85 72
85 72
84 71
84 71
84 70
84 69
84 69
83 68
83 68
82 67
81 67
81 67
80 66
80 65
80 65
79 64
79 64
78 63
77 63
77 63
76 62
76 62
75 61
75 61
74 60
73 60
73 60
72 59
72 59
71 59
71 59
70 58
70 58
69 58
69 58
68 57
