0 29
0 29
0 29
0 29
0 29
0 29
0 29
0 29
0 29
0 29
0 29
0 29
0 28
0 28
1 28
1 28
2 27
2 27
3 27
3 27
4 26
4 26
5 26
5 26
6 26
6 26
6 26
7 27
7 27
7 27
7 28
7 28
7 29
7 29
7 30
7 30
6 31
6 32
6 32
5 33
5 34
5 34
4 35
4 35
3 36
3 37
3 37
2 38
2 38
2 38
1 39
1 39
1 39
1 39
1 39
1 39
1 39
1 39
2 39
2 39
2 39
3 39
3 39
4 39
4 39
5 40
5 40
5 41
5 41
5 42
5 43
5 43
5 44
5 45
5 46
5 46
5 47
6 48
6 49
6 49
6 50
6 51
6 52
6 52
6 53
6 54
6 55
6 55
6 56
6 57
6 57
6 58
5 59
5 60
5 61
5 61
5 62
5 63
5 63
5 64
4 65
4 66
4 66
4 67
3 68
3 69
3 69
3 70
3 71
3 71
2 72
2 72
1 73
1 73
1 74
1 74
0 74
0 74
0 74
0 74
0 73
0 73
0 72
0 72
0 71
0 70
0 70
0 69
0 69
0 68
0 68
1 68
1 68
1 67
2 66
2 65
3 64
3 63
3 62
4 61
4 60
5 59
5 58
5 57
6 56
6 55
7 54
7 53
7 52
8 51
8 50
9 49
9 48
9 47
10 46
10 45
11 44
11 43
11 42
12 41
12 40
13 39
13 38
13 37
14 36
14 35
15 34
15 33
15 32
16 31
16 30
17 29
17 28
17 27
18 26
18 25
19 24
19 23
19 22
20 21
20 20
21 19
21 18
21 17
22 16
22 15
23 14
23 13
23 13
24 13
24 13
23 12
23 12
23 12
23 13
23 13
23 14
22 15
22 16
22 17
22 17
22 18
22 19
22 20
22 21
22 22
22 22
22 23
22 24
21 25
21 26
21 27
21 27
21 28
21 29
21 30
21 31
21 32
21 32
21 33
21 34
20 35
20 36
20 37
20 38
20 38
20 39
20 40
20 41
20 41
20 42
20 43
20 43
20 44
20 45
20 45
20 46
20 46
20 46
20 46
20 46
20 45
20 44
20 44
20 43
20 42
20 41
21 40
21 39
21 38
21 37
21 36
21 35
21 34
22 33
22 32
22 31
22 30
22 29
22 28
22 27
23 26
23 25
23 24
23 23
23 22
23 21
23 20
24 19
24 18
24 17
24 16
24 16
25 16
25 16
25 15
25 15
25 15
25 15
26 14
26 14
26 14
26 13
26 13
26 13
27 13
27 13
27 13
28 13
28 13
29 13
29 13
30 12
30 12
31 12
31 12
31 12
32 11
32 11
32 11
32 11
32 11
32 11
32 11
32 11
32 11
32 11
32 11
32 11
32 11
32 11
32 12
32 12
32 13
31 14
31 15
30 16
30 17
29 18
29 19
28 20
28 21
27 22
27 23
27 23
26 24
25 25
25 25
25 25
24 26
24 26
23 26
23 26
23 26
23 26
23 26
23 26
23 26
24 26
24 26
25 25
25 25
26 24
26 24
27 24
27 24
28 24
28 24
29 24
29 24
29 24
30 25
30 25
30 26
30 26
30 27
30 27
29 28
29 28
29 29
29 29
28 30
28 31
28 31
27 32
27 32
26 33
26 33
25 33
25 33
24 33
24 33
24 34
24 34
24 34
24 34
24 34
24 33
24 33
25 33
25 33
25 32
25 32
26 32
26 32
27 32
27 32
27 32
28 32
28 32
28 33
28 34
28 34
27 35
27 35
26 36
26 37
26 37
26 37
25 38
24 39
23 40
23 41
22 42
21 43
21 43
20 44
19 45
19 45
18 46
17 46
17 46
16 47
16 48
16 48
15 49
15 49
15 49
15 49
15 50
15 50
16 50
16 50
17 49
17 49
18 48
19 48
19 48
20 47
20 46
20 46
21 45
22 45
22 45
23 44
23 44
24 43
24 43
25 42
25 42
26 42
26 42
27 42
27 42
27 43
27 43
27 44
27 44
27 45
27 46
27 46
27 47
26 48
26 49
26 50
26 50
25 51
25 52
24 53
24 53
24 54
23 55
23 56
23 57
23 57
23 58
22 59
22 60
22 61
22 61
22 62
22 63
22 64
22 64
22 65
22 66
22 66
23 67
23 67
23 68
23 68
24 68
25 68
25 68
26 67
26 67
27 66
27 65
27 65
28 64
29 63
29 63
30 62
30 61
31 60
31 60
32 59
32 58
33 57
33 56
33 56
34 55
34 54
35 53
35 52
35 52
36 51
37 50
37 50
38 49
38 48
38 48
38 47
38 47
38 47
38 47
37 48
37 48
36 49
35 49
35 49
34 50
34 50
33 51
33 51
32 51
32 51
31 51
31 51
30 51
30 51
29 51
29 51
29 50
29 50
28 50
28 50
28 50
28 49
28 49
28 49
28 50
28 50
29 50
29 50
30 51
30 52
30 52
31 53
31 53
32 54
33 55
33 55
34 56
35 56
35 56
36 57
36 58
36 58
37 59
38 59
38 59
38 60
38 60
39 60
39 60
39 60
39 61
39 61
39 61
39 61
39 61
39 61
39 61
39 60
39 60
38 60
38 60
38 60
38 60
39 59
39 58
40 57
41 56
41 55
42 54
43 53
43 52
44 51
44 50
45 49
46 48
46 47
47 46
48 45
48 44
49 43
50 42
50 41
51 40
52 39
52 38
53 37
54 36
54 35
55 34
56 33
56 32
57 31
57 30
58 29
59 28
59 27
60 26
61 25
61 24
62 23
63 22
63 21
64 20
65 19
65 18
66 17
67 16
67 15
68 14
68 13
69 12
70 11
70 10
71 9
72 8
72 7
73 6
73 6
72 7
72 7
71 6
71 6
71 6
71 6
71 7
71 8
71 8
71 9
70 10
70 11
70 11
70 12
70 13
70 14
70 15
70 16
70 16
70 17
70 18
70 19
69 20
69 21
69 22
69 23
69 23
69 24
69 25
69 26
68 27
68 28
68 29
68 30
68 31
68 31
68 32
68 33
68 34
68 35
67 36
67 37
67 38
67 39
67 40
67 40
67 41
67 42
67 43
67 44
66 45
66 46
66 47
66 48
66 49
66 49
66 50
66 51
66 52
65 53
65 54
65 55
65 56
65 56
65 57
65 58
65 59
65 60
65 61
65 62
65 63
65 63
65 64
65 65
64 66
64 67
64 68
64 68
64 69
64 70
64 71
64 72
64 73
64 73
64 74
63 75
63 76
63 77
63 77
63 78
63 79
63 80
63 81
63 81
63 82
63 83
63 84
63 84
63 85
63 86
63 86
63 87
63 87
64 86
64 86
64 85
65 84
65 83
65 83
65 82
65 81
66 80
66 79
66 78
66 77
66 76
67 75
67 74
67 73
67 72
67 71
68 70
68 69
68 68
68 67
68 66
68 65
69 64
69 63
69 62
69 61
69 60
70 59
70 58
70 57
70 56
70 55
71 54
71 53
71 52
71 51
71 50
72 49
72 48
72 47
72 46
72 45
73 44
73 43
73 42
73 41
73 40
74 39
74 38
74 37
74 36
74 35
75 34
75 33
75 32
75 31
75 30
75 29
76 28
76 27
76 26
76 25
76 24
77 23
77 22
77 21
77 20
77 19
78 18
78 17
78 16
78 16
79 15
80 14
80 13
81 12
81 12
81 11
82 10
82 9
82 9
83 8
83 8
84 8
85 7
86 7
86 7
87 6
88 6
89 5
89 5
90 4
91 4
92 3
93 3
94 2
95 2
95 2
96 2
97 1
98 1
98 1
99 0
99 0
99 0
99 0
100 1
100 2
100 2
99 3
99 3
99 4
99 5
99 6
99 6
99 7
99 8
99 9
99 10
99 11
99 12
99 12
99 13
99 14
98 15
98 16
98 17
98 18
98 18
98 19
98 20
97 21
97 22
97 23
97 24
96 25
96 26
96 27
96 27
96 28
96 29
96 30
96 31
95 32
95 33
95 34
95 35
95 36
95 37
95 37
95 38
95 39
95 40
95 41
95 42
94 43
94 44
94 45
94 46
94 47
94 48
94 49
94 49
94 50
94 51
94 52
94 53
93 54
93 55
93 56
93 57
93 58
93 59
93 59
93 60
93 61
93 62
93 63
93 64
93 65
93 66
93 66
93 67
93 68
92 69
92 70
92 71
92 72
92 72
92 73
92 74
92 75
91 76
91 77
91 78
91 79
91 79
91 80
91 81
90 82
90 83
90 84
90 84
90 85
90 86
90 87
90 88
90 89
90 89
90 90
90 91
89 92
89 93
89 94
89 94
89 95
88 96
88 97
88 98
88 98
87 99
87 100
87 100
87 100
87 100
87 99
87 98
87 98
87 97
87 96
86 95
86 94
86 93
86 92
86 91
86 90
85 89
85 88
85 87
85 86
85 85
85 84
84 83
84 82
84 81
84 80
84 79
83 78
83 77
83 76
83 75
83 74
83 73
82 72
82 71
82 70
82 69
82 68
81 67
81 66
81 65
81 64
81 63
81 62
80 61
80 60
80 59
80 58
80 57
80 56
79 55
79 54
79 53
79 52
79 51
78 50
78 49
78 48
78 47
78 46
78 45
77 44
77 43
77 42
77 41
77 40
77 39
76 38
76 37
76 36
76 36
75 35
74 35
74 35
73 34
73 34
72 33
72 32
72 32
72 32
73 32
73 32
74 31
75 31
75 31
76 31
77 30
78 30
78 30
79 29
80 28
80 28
81 28
82 27
83 27
83 27
84 26
84 25
84 25
85 24
85 24
86 23
86 22
86 22
86 21
86 21
85 20
85 19
85 19
85 18
85 18
85 18
85 18
85 18
84 18
84 18
84 17
84 17
84 17
84 17
84 17
83 17
83 17
83 17
83 17
82 18
82 18
81 19
81 20
81 20
81 21
80 22
80 23
80 24
80 24
80 25
80 26
79 27
79 28
79 29
79 29
79 30
79 31
78 32
78 33
78 34
78 34
78 35
77 36
77 37
77 38
77 38
76 39
76 40
76 40
75 41
75 41
75 41
74 42
74 42
73 42
73 42
73 42
72 42
72 42
72 42
71 42
71 42
70 43
70 43
70 43
70 44
70 44
70 44
71 44
71 44
72 43
72 43
73 42
74 42
74 42
75 41
76 41
76 41
77 41
77 41
78 40
78 40
79 41
79 41
80 41
80 41
80 42
80 42
81 43
81 43
80 44
80 44
80 45
80 46
80 47
80 47
79 48
79 49
78 50
78 50
78 51
78 52
77 53
77 54
77 55
77 55
77 56
76 57
76 58
75 59
75 60
75 60
74 61
73 62
73 63
72 64
72 64
71 65
71 66
70 67
70 67
70 68
69 69
69 70
69 70
68 71
68 71
68 72
68 72
69 72
69 72
70 72
71 72
71 72
72 71
73 70
73 70
74 69
75 68
75 68
76 67
77 67
77 67
78 66
78 65
78 65
79 64
79 63
79 63
80 62
80 61
80 61
80 60
81 59
81 58
81 57
81 57
81 56
81 55
81 55
81 54
81 53
81 53
80 52
80 52
80 51
80 51
79 51
78 51
78 51
77 51
77 51
76 51
75 51
75 51
74 51
74 51
73 51
72 51
72 51
71 50
71 50
70 49
70 49
69 48
69 48
69 47
