2 9
3 10
3 10
3 9
3 9
3 9
3 9
4 9
4 9
5 9
5 9
6 9
6 9
7 8
8 8
8 8
9 8
9 8
10 8
10 8
10 9
10 9
11 10
11 10
10 11
10 11
10 12
10 13
10 14
10 14
9 15
8 16
8 16
8 17
7 18
7 19
7 19
7 20
6 21
6 22
6 22
5 23
4 24
4 24
3 25
3 26
3 26
3 27
2 28
2 29
2 29
1 30
0 31
0 31
0 32
0 32
0 32
0 33
0 33
1 32
1 32
2 32
2 32
3 31
3 30
3 30
4 29
5 29
5 29
6 28
7 28
7 28
8 27
8 27
9 27
9 27
10 28
10 28
10 29
10 29
11 30
11 31
11 31
11 32
11 33
11 33
11 34
11 35
11 35
11 36
11 37
11 38
11 38
11 39
10 40
10 41
10 41
10 42
10 43
10 44
10 45
10 45
10 46
10 47
10 48
10 49
10 49
10 50
10 51
9 52
9 53
9 54
9 54
9 55
9 56
9 57
9 58
9 59
9 60
9 60
9 61
8 62
8 63
8 64
8 64
8 65
8 66
8 67
8 68
8 69
8 69
8 70
8 71
8 72
8 73
8 74
8 74
8 75
7 76
7 77
7 78
7 78
7 79
7 80
7 81
7 81
7 82
6 83
6 84
6 84
6 85
5 86
5 87
5 87
5 88
4 89
4 90
4 90
4 91
4 91
3 92
3 92
2 93
2 93
1 93
1 93
1 93
1 92
1 91
1 91
1 90
1 89
1 89
2 88
2 87
2 87
2 86
3 85
3 84
3 83
4 82
4 81
4 80
5 79
5 78
5 77
5 76
6 75
6 74
6 73
7 72
7 71
7 70
8 69
8 68
8 67
9 66
9 65
9 64
10 63
10 62
10 61
10 60
11 59
11 58
11 57
12 56
12 55
12 54
13 53
13 52
13 51
14 50
14 49
14 48
15 47
15 46
15 45
15 44
16 43
16 42
16 41
17 40
17 39
17 38
18 37
18 36
18 35
19 34
19 33
19 32
20 31
20 30
20 29
20 28
21 27
21 26
21 25
22 24
22 23
22 22
23 21
23 20
23 19
24 18
24 17
24 16
25 15
25 14
25 13
25 12
26 11
26 10
26 9
27 8
27 7
27 7
27 7
27 7
27 8
27 9
27 9
26 10
26 11
26 11
26 12
26 13
26 14
26 14
26 15
25 16
25 17
25 18
25 18
25 19
25 20
25 21
25 21
25 22
25 23
25 24
25 25
25 25
25 26
24 27
24 28
24 29
24 29
24 30
24 31
24 32
24 33
24 34
24 34
24 35
24 36
24 37
24 37
24 38
24 39
24 40
24 40
24 41
24 42
24 42
24 43
24 44
24 45
24 45
24 46
24 46
24 47
24 47
24 47
24 46
24 45
24 44
24 43
24 42
24 41
25 40
25 39
25 38
25 37
25 36
25 35
25 34
25 33
25 32
25 31
25 30
25 29
26 28
26 27
26 26
26 25
26 24
26 23
26 22
26 22
26 21
26 20
26 19
26 18
26 18
26 17
26 17
27 16
27 15
27 15
28 14
28 14
29 13
29 12
29 12
30 11
31 10
31 10
32 10
33 10
33 10
34 9
35 9
35 9
36 9
36 9
37 9
37 9
37 10
37 10
37 11
37 11
36 12
36 13
36 13
36 14
35 15
35 16
35 16
34 17
34 18
33 19
33 19
32 20
32 21
31 22
31 22
30 23
30 24
30 24
29 25
29 26
28 27
28 27
27 28
26 29
26 29
26 30
26 30
25 31
25 31
25 31
26 31
26 31
26 30
26 30
27 29
28 29
28 29
29 28
30 28
30 28
31 27
32 27
32 27
33 26
34 26
34 26
35 25
35 25
36 25
36 25
36 25
36 25
36 26
36 26
35 27
35 27
34 28
34 28
33 29
33 30
33 30
32 31
32 31
32 31
31 32
31 32
31 32
32 32
32 32
32 33
32 33
32 34
32 34
31 35
31 35
31 36
31 37
31 37
30 38
29 39
29 39
29 40
28 41
28 42
28 42
27 43
26 44
26 44
26 45
25 46
25 47
25 47
24 48
24 49
23 50
23 50
22 51
21 52
21 52
20 53
20 54
20 54
19 55
19 55
19 55
19 55
20 54
20 54
21 53
22 53
22 53
23 52
24 51
24 51
25 50
26 49
26 49
27 48
28 47
28 47
29 46
30 45
30 45
31 44
32 44
32 44
33 43
33 42
33 42
34 41
34 41
35 40
35 40
35 40
35 40
34 40
34 40
33 40
33 40
32 41
32 41
31 42
31 43
31 43
31 44
30 45
30 46
30 46
30 47
29 48
29 49
29 49
29 50
28 51
28 52
28 53
28 53
28 54
27 55
27 56
27 57
27 57
27 58
26 59
26 60
26 61
26 61
26 62
26 63
26 64
26 65
26 65
26 66
25 67
25 68
25 68
25 69
25 70
25 71
25 71
25 72
25 73
25 74
25 74
25 75
25 75
26 76
26 77
26 77
27 77
27 77
28 77
29 77
29 77
30 76
31 76
31 76
32 75
33 74
33 74
34 73
35 72
36 71
36 71
37 70
38 69
38 69
39 68
39 67
40 66
40 66
41 65
42 64
42 64
43 63
44 62
44 62
45 61
45 61
45 60
45 59
45 59
45 58
45 57
45 57
45 56
45 55
45 55
44 54
44 54
43 53
43 53
42 53
42 53
41 53
41 53
40 54
39 54
39 54
38 55
38 56
38 56
37 57
37 57
36 58
36 59
36 59
36 60
36 60
36 60
36 60
36 61
36 61
37 61
37 61
37 61
38 61
38 61
39 62
39 62
40 63
41 63
41 63
42 64
43 65
43 65
44 66
44 67
44 67
45 68
46 69
46 69
47 70
48 70
48 70
49 71
50 72
50 72
51 72
52 72
52 72
53 72
54 72
54 72
55 72
56 72
56 72
57 72
57 72
58 72
58 72
59 73
59 73
59 72
59 71
59 70
60 69
60 68
60 67
60 66
60 65
60 64
61 63
61 62
61 61
61 60
61 59
61 58
61 57
62 56
62 55
62 54
62 53
62 52
62 51
62 50
63 49
63 48
63 47
63 46
63 45
63 44
64 43
64 42
64 41
64 40
64 39
64 38
64 37
65 36
65 35
65 34
65 33
65 32
65 31
65 30
66 29
66 28
66 27
66 26
66 25
66 24
67 23
67 22
67 21
67 20
67 20
67 20
67 20
66 21
66 22
66 22
66 23
66 24
66 25
66 25
66 26
65 27
65 28
65 28
65 29
65 30
65 31
65 32
65 33
65 33
65 34
65 35
64 36
64 37
64 38
64 38
64 39
64 40
63 41
63 42
63 43
63 43
63 44
63 45
63 46
62 47
62 48
62 49
62 50
62 50
62 51
62 52
61 53
61 54
61 55
61 56
61 56
61 57
61 58
61 59
60 60
60 61
60 62
60 63
60 63
60 64
60 65
59 66
59 67
59 68
59 68
59 69
58 70
58 71
58 72
58 72
58 73
58 74
58 75
58 76
58 76
58 77
58 78
58 79
58 79
58 80
58 81
58 82
58 82
58 83
58 83
58 84
58 84
58 83
59 82
59 81
59 80
59 79
60 78
60 77
60 76
60 75
61 74
61 73
61 72
62 71
62 70
62 69
62 68
63 67
63 66
63 65
64 64
64 63
64 62
64 61
65 60
65 59
65 58
65 57
66 56
66 55
66 54
67 53
67 52
67 51
67 50
68 49
68 48
68 47
68 46
69 45
69 44
69 43
70 42
70 41
70 40
70 39
71 38
71 37
71 36
71 35
72 34
72 33
72 32
73 31
73 30
73 29
73 28
74 27
74 26
74 25
75 24
75 23
75 22
75 21
76 20
76 19
76 18
76 17
77 16
77 15
77 14
78 13
78 12
78 11
78 10
79 9
79 8
79 7
79 6
80 5
80 4
80 4
81 3
81 2
81 2
82 1
82 1
83 0
83 0
84 0
84 0
85 1
86 1
86 1
87 2
87 2
88 2
88 2
89 3
89 3
90 4
91 4
91 4
92 4
92 4
93 5
93 5
94 6
94 7
94 7
95 8
95 9
95 9
95 10
96 11
96 12
96 12
96 13
96 14
96 15
96 15
96 16
97 17
97 18
97 19
97 19
97 20
98 21
98 22
98 23
98 23
98 24
98 25
98 26
98 27
98 27
98 28
98 29
98 30
98 31
98 32
98 32
98 33
98 34
98 35
98 36
98 36
98 37
98 38
98 39
98 40
98 41
98 41
98 42
98 43
98 44
98 45
98 46
98 47
98 47
98 48
98 49
98 50
98 51
98 52
98 52
98 53
98 54
98 55
98 56
98 57
98 58
98 58
98 59
98 60
99 61
99 62
99 63
99 63
99 64
99 65
99 66
99 67
99 68
99 69
99 69
99 70
99 71
99 72
99 73
99 74
99 74
99 75
99 76
99 77
99 78
99 79
99 79
99 80
99 81
99 82
99 83
99 83
99 84
99 85
99 86
99 87
99 87
99 88
99 89
99 90
99 90
99 91
99 92
99 93
99 93
99 94
100 95
100 96
100 96
100 97
100 98
100 98
100 99
100 99
100 100
100 100
99 100
99 100
99 100
99 99
99 98
99 98
98 97
98 96
98 96
98 95
97 94
97 93
97 92
97 92
97 91
96 90
96 89
96 88
96 88
96 87
95 86
95 85
95 84
95 84
94 83
94 82
93 81
93 80
92 79
92 78
91 77
90 76
90 75
89 74
89 73
88 72
88 71
87 70
86 69
86 68
85 67
85 66
84 65
84 64
83 63
82 62
82 61
81 60
81 59
80 58
80 57
79 56
78 55
78 54
77 53
77 52
76 51
76 50
75 49
74 48
74 47
73 46
73 45
72 44
72 43
71 42
71 42
71 42
71 42
71 42
72 41
72 41
73 40
74 40
74 40
75 39
75 39
76 38
77 38
78 37
78 37
79 36
80 36
80 36
81 35
82 35
82 35
83 34
83 34
84 33
84 33
85 32
85 32
86 31
86 31
86 30
86 30
86 29
86 29
86 28
86 27
86 27
85 26
85 26
84 25
84 25
83 24
83 24
83 23
83 23
82 23
82 23
82 23
81 24
81 24
81 25
81 26
81 26
80 27
80 27
80 28
80 29
80 29
80 30
80 31
80 32
80 32
79 33
79 34
79 34
79 35
79 36
79 37
79 37
79 38
79 39
79 39
79 40
78 41
78 42
78 42
78 43
78 44
78 45
78 45
77 46
77 47
77 47
76 48
76 49
76 49
76 50
76 50
75 51
75 51
75 52
75 52
74 52
74 52
74 53
74 53
74 53
74 53
75 52
75 52
76 52
76 52
77 51
77 51
78 50
79 49
79 49
80 48
81 48
81 48
82 47
82 47
83 46
84 46
84 46
85 45
85 45
86 44
86 44
87 43
87 43
87 43
87 43
87 43
87 43
87 43
87 43
86 44
86 44
86 45
86 45
85 46
85 46
84 47
84 48
84 48
83 49
83 50
83 50
83 51
82 52
82 53
82 53
81 54
81 55
81 55
81 56
80 57
80 58
80 58
80 59
79 60
79 61
79 61
79 62
79 63
79 63
79 64
78 65
78 66
78 66
77 67
77 67
77 68
77 69
77 69
77 70
77 70
77 71
77 71
77 72
77 72
77 72
77 72
78 72
78 72
79 72
79 72
80 71
80 71
81 71
81 71
82 70
82 70
83 70
84 70
84 70
85 69
85 69
86 68
87 68
87 68
88 67
88 67
88 66
88 66
89 65
89 65
89 65
89 64
89 64
89 63
89 63
89 62
89 62
88 62
88 62
88 61
88 61
87 60
87 60
86 59
86 59
85 58
85 57
85 57
84 56
84 56
83 55
83 55
82 54
81 54
81 54
80 53
80 53
79 52
78 52
78 52
77 51
77 51
76 50
76 49
76 49
75 48
74 48
