3 15
3 16
2 17
2 18
2 19
2 19
1 18
1 17
1 17
0 16
0 16
0 15
0 15
1 15
1 15
2 15
3 15
3 15
4 14
5 14
5 14
6 13
7 13
7 13
8 13
9 12
10 12
10 12
11 11
12 11
12 11
13 11
14 11
14 11
15 11
15 11
16 11
16 11
16 12
16 12
16 13
16 13
16 14
16 15
16 15
15 16
15 17
15 17
15 18
14 19
14 20
14 20
13 21
13 22
12 23
12 23
11 24
10 25
10 25
9 26
8 27
7 28
7 28
6 29
5 30
5 30
4 31
4 31
3 32
2 32
2 32
2 32
2 32
3 32
3 32
4 32
4 32
5 32
5 32
6 32
7 31
8 31
8 31
9 30
10 30
10 30
11 29
12 29
12 29
13 29
14 29
14 29
15 29
16 29
16 29
17 29
17 29
17 30
17 30
17 31
17 31
16 32
16 33
15 34
15 34
14 35
14 36
13 37
13 37
12 38
12 39
11 40
11 40
10 41
9 42
8 43
8 43
7 44
7 45
6 46
6 46
5 47
4 48
4 48
4 49
4 49
4 49
5 49
5 49
6 49
6 49
7 48
8 48
8 48
9 47
10 46
10 46
11 46
12 46
12 46
13 47
14 48
14 48
14 49
15 50
15 51
15 51
15 52
15 53
15 54
15 55
15 56
15 56
15 57
15 58
15 59
15 60
15 61
15 62
15 63
15 63
15 64
15 65
15 66
14 67
14 68
14 69
14 70
14 71
14 71
14 72
13 73
13 74
13 75
13 76
12 77
12 78
12 78
12 79
11 80
11 81
10 82
10 83
9 84
9 85
9 85
9 86
8 87
8 88
8 89
7 90
7 91
7 91
6 92
5 93
5 94
4 95
4 95
3 96
3 97
2 98
2 98
1 99
1 100
1 100
0 100
0 100
0 100
0 99
1 98
1 97
1 96
2 95
2 94
3 93
3 92
3 91
4 90
4 89
4 88
5 87
5 86
6 85
6 84
6 83
7 82
7 81
7 80
8 79
8 78
9 77
9 76
9 75
10 74
10 73
10 72
11 71
11 70
12 69
12 68
12 67
13 66
13 65
13 64
14 63
14 62
14 61
15 60
15 59
16 58
16 57
16 56
17 55
17 54
17 53
18 52
18 51
19 50
19 49
19 48
20 47
20 46
20 45
21 44
21 43
22 42
22 41
22 40
23 39
23 38
23 37
24 36
24 35
24 34
25 33
25 32
26 31
26 30
26 29
27 28
27 27
27 26
28 25
28 24
29 23
29 22
29 21
30 20
30 19
30 18
31 17
31 16
32 15
32 14
32 13
33 12
33 11
33 10
34 9
34 8
35 7
35 6
35 5
36 4
36 3
36 3
37 2
38 2
38 2
38 1
38 1
38 1
37 0
37 0
37 0
38 1
38 1
38 2
37 3
37 4
37 4
37 5
37 6
37 7
37 8
37 9
37 9
37 10
36 11
36 12
36 13
35 14
35 15
35 15
35 16
35 17
35 18
34 19
34 20
34 21
34 22
34 23
34 23
34 24
34 25
34 26
34 27
33 28
33 29
33 30
33 31
33 32
33 32
33 33
32 34
32 35
32 36
32 37
31 38
31 39
31 39
31 40
31 41
31 42
30 43
30 44
30 45
30 46
30 47
30 47
30 48
30 49
29 50
29 51
29 52
29 53
29 53
29 54
28 55
28 56
28 57
28 57
28 58
27 59
27 60
27 60
27 61
27 62
27 62
26 63
26 63
27 63
27 63
27 62
27 61
28 60
28 59
28 58
28 57
28 56
29 55
29 54
29 53
29 52
30 51
30 50
30 49
30 48
30 47
31 46
31 45
31 44
31 43
31 42
32 41
32 40
32 39
32 38
32 37
33 36
33 35
33 34
33 33
34 32
34 31
34 30
34 29
34 28
35 27
35 26
35 25
35 25
35 24
35 23
35 22
35 22
35 21
35 20
35 19
35 19
35 18
35 18
36 17
37 17
37 17
38 16
39 15
39 15
40 14
41 14
42 13
42 13
43 12
44 12
44 12
45 11
45 11
46 11
46 11
47 11
47 11
47 10
47 10
48 10
48 10
48 10
47 11
46 12
46 13
45 14
44 15
43 16
43 17
42 18
41 19
40 20
40 21
39 22
38 23
37 24
37 25
36 26
35 27
34 28
34 29
33 30
32 31
32 31
32 31
33 30
33 30
34 29
34 29
35 28
35 27
35 27
36 26
37 26
37 26
38 25
38 25
39 25
40 25
40 25
41 25
41 25
42 25
42 25
42 26
42 26
41 27
41 28
41 28
40 29
39 30
39 30
38 31
38 32
37 33
37 33
37 33
36 34
35 35
34 36
33 37
32 38
31 39
31 40
30 41
29 42
28 43
27 44
26 45
26 45
25 46
24 47
23 48
23 48
22 49
21 50
21 50
20 51
19 52
19 52
19 52
19 52
20 51
20 51
21 50
22 50
22 50
23 49
24 48
24 48
25 47
26 47
27 46
27 46
28 45
29 45
29 45
30 44
31 44
32 43
32 43
33 42
33 42
34 42
35 42
35 42
35 42
34 43
34 44
34 44
34 45
33 46
33 47
33 47
32 48
32 49
31 50
31 50
30 51
29 52
29 53
28 54
28 54
27 55
27 56
26 57
26 57
25 58
24 59
24 59
24 60
24 61
24 61
24 62
24 62
25 61
25 61
26 60
27 60
27 60
28 59
29 59
30 58
30 58
31 57
32 57
32 57
33 57
33 57
34 58
34 59
34 59
34 60
34 61
34 62
34 63
34 63
34 64
33 65
33 66
33 67
33 68
32 69
32 70
32 70
32 71
32 72
31 73
31 74
31 75
31 76
31 76
31 77
30 78
30 79
30 80
29 81
29 82
29 82
29 83
29 84
28 85
28 86
28 87
28 88
28 88
28 89
27 90
27 91
27 91
27 92
27 92
27 93
27 93
28 93
28 93
29 92
30 92
30 92
31 91
32 90
32 90
33 89
34 88
34 87
35 86
35 86
36 85
37 84
38 83
39 82
39 82
40 81
41 80
41 79
42 78
43 77
43 77
44 76
45 75
45 74
46 73
46 73
47 72
47 71
48 70
48 69
48 69
48 68
49 67
49 66
49 66
49 65
49 65
48 65
47 65
47 65
46 66
45 66
45 66
44 67
43 67
43 67
42 68
41 68
41 68
40 69
39 69
38 70
38 70
37 70
36 71
35 71
35 71
34 72
34 73
34 73
33 74
33 74
34 75
34 75
35 76
36 77
36 77
37 77
38 77
38 77
39 77
40 78
41 78
41 78
42 78
43 78
44 78
44 78
45 78
46 78
47 78
47 78
48 77
49 77
49 77
50 77
50 77
51 76
51 76
51 76
51 76
51 75
52 74
52 73
52 72
53 71
53 70
53 69
53 68
54 67
54 66
54 65
55 64
55 63
55 62
56 61
56 60
56 59
56 58
57 57
57 56
57 55
58 54
58 53
58 52
59 51
59 50
59 49
59 48
60 47
60 46
60 45
61 44
61 43
61 42
62 41
62 40
62 39
62 38
63 37
63 36
63 35
64 34
64 33
64 33
64 32
64 31
64 31
64 30
64 30
64 29
64 29
64 28
64 28
64 27
64 27
64 27
64 26
64 26
64 26
64 26
64 26
64 26
64 26
64 27
64 27
64 28
64 29
64 30
64 30
64 31
63 32
63 33
63 34
63 34
63 35
63 36
62 37
62 38
62 39
62 40
62 40
62 41
61 42
61 43
61 44
61 45
60 46
60 47
60 48
60 48
60 49
60 50
60 51
59 52
59 53
59 54
59 55
59 56
59 56
59 57
59 58
59 59
58 60
58 61
58 62
58 63
58 64
58 64
58 65
57 66
57 67
57 68
57 69
56 70
56 71
56 71
56 72
56 73
56 74
56 75
56 76
56 77
56 78
56 78
56 79
56 80
56 81
56 81
56 82
56 83
56 84
56 85
56 85
56 86
55 87
55 88
55 89
55 89
55 90
55 91
55 91
55 92
55 92
55 93
55 93
56 92
56 92
56 91
56 90
57 89
57 88
57 87
57 86
58 85
58 84
58 83
58 82
59 81
59 80
59 79
59 78
60 77
60 76
60 75
60 74
61 73
61 72
61 71
61 70
61 69
62 68
62 67
62 66
62 65
63 64
63 63
63 62
63 61
64 60
64 59
64 58
64 57
65 56
65 55
65 54
65 53
66 52
66 51
66 50
66 49
66 48
67 47
67 46
67 45
67 44
68 43
68 42
68 41
68 40
69 39
69 38
69 37
69 36
70 35
70 34
70 33
70 32
71 31
71 30
71 29
71 29
72 28
73 27
73 26
74 25
75 24
75 24
75 23
75 22
75 22
76 21
76 21
77 20
78 20
78 20
79 19
80 19
81 18
81 18
82 17
83 16
84 15
84 15
85 14
86 14
87 13
87 13
88 12
89 12
90 11
90 11
91 11
92 10
93 10
93 10
94 9
95 9
95 9
96 9
96 9
97 8
97 8
98 9
98 9
99 9
99 9
100 10
100 10
100 11
100 11
100 12
99 13
99 14
99 14
99 15
99 16
98 17
98 18
98 19
98 19
98 20
97 21
97 22
97 23
96 24
96 25
96 25
96 26
95 27
95 28
95 29
95 30
94 31
94 32
94 32
94 33
94 34
93 35
93 36
93 37
93 38
92 39
92 40
92 41
92 41
92 42
92 43
92 44
92 45
91 46
91 47
91 48
91 49
91 50
91 50
91 51
91 52
91 53
90 54
90 55
90 56
90 57
90 58
90 58
90 59
90 60
90 61
89 62
89 63
89 64
89 65
89 65
89 66
89 67
89 68
89 69
89 70
89 71
89 71
89 72
89 73
89 74
88 75
88 76
88 77
88 78
88 79
88 79
88 80
88 81
87 82
87 83
87 84
87 85
87 85
87 86
87 87
87 88
87 89
87 90
87 90
87 91
87 92
87 93
86 94
86 95
86 96
86 97
86 97
86 98
86 99
86 99
86 100
86 100
86 100
86 100
86 99
86 98
86 98
86 97
86 96
86 96
86 95
85 94
85 93
84 92
84 91
84 90
83 89
83 88
82 87
82 86
82 85
81 84
81 83
81 82
80 81
80 80
79 79
79 78
79 77
78 76
78 75
77 74
77 73
77 72
76 71
76 70
75 69
75 68
75 67
74 66
74 65
73 64
73 63
73 62
72 61
72 60
72 59
71 58
71 57
70 56
70 55
70 54
69 53
69 52
68 51
68 50
68 50
68 50
67 49
67 48
67 48
67 48
68 48
69 48
69 48
70 47
70 46
70 46
71 45
72 45
73 44
73 44
74 43
75 43
75 43
76 42
77 42
78 41
78 41
79 40
80 40
80 40
81 39
81 39
82 38
83 38
83 38
83 37
83 37
84 36
84 36
84 35
84 34
84 34
83 33
83 33
82 32
82 32
81 31
81 31
80 31
79 31
79 31
78 32
78 32
77 33
77 34
77 34
76 35
75 36
75 36
75 37
75 38
75 39
75 40
75 40
75 41
74 42
74 43
74 44
74 44
74 45
74 46
74 47
74 47
74 48
74 49
74 50
74 51
74 51
74 52
73 53
73 54
73 55
73 56
72 57
72 58
72 59
72 59
71 60
70 60
70 60
69 60
69 60
68 59
68 59
67 59
67 59
68 58
68 58
69 57
69 56
69 56
70 55
71 55
71 55
72 54
73 53
73 53
74 52
75 52
75 52
76 51
77 51
77 51
78 51
79 51
79 51
80 51
80 51
80 51
79 52
78 53
77 54
76 55
75 55
74 56
73 57
72 58
72 58
72 59
72 59
71 59
71 59
71 60
71 60
71 61
71 62
71 62
71 63
70 64
70 65
70 65
70 66
70 67
70 68
70 68
69 69
69 70
69 70
69 71
69 71
68 72
68 73
68 73
68 73
68 73
69 73
69 73
70 72
70 71
70 71
71 70
71 69
71 69
72 68
72 67
72 67
73 66
74 65
74 65
75 64
75 63
75 63
76 62
76 62
77 61
77 61
78 61
78 61
78 62
78 62
78 63
78 63
78 64
78 65
78 65
77 66
77 67
77 67
76 68
76 69
75 70
75 70
75 71
75 71
75 72
75 72
75 73
75 73
76 72
77 72
