2 23
2 23
2 22
2 21
2 21
1 21
1 21
2 21
2 21
2 21
2 21
3 21
3 21
3 22
3 22
4 22
4 22
5 23
5 23
5 24
5 24
6 25
6 26
6 26
6 27
6 28
6 28
6 29
6 30
6 30
6 31
6 32
6 32
7 33
7 34
7 34
7 35
7 36
7 36
7 37
7 38
7 39
7 39
7 40
7 41
7 41
6 42
6 43
6 43
6 44
6 45
6 45
5 46
5 47
5 47
4 48
4 49
4 49
3 50
2 51
2 51
1 52
1 53
1 53
0 54
0 54
0 55
0 55
0 55
0 55
0 55
0 55
0 55
1 55
1 55
2 54
2 54
3 54
3 54
4 55
4 55
5 56
5 56
6 57
6 57
6 58
6 59
6 59
6 60
7 61
7 62
7 62
7 63
7 64
7 65
7 66
7 66
7 67
7 68
7 69
7 69
7 70
7 71
7 72
7 73
7 73
7 74
7 75
7 76
7 77
7 77
7 78
7 79
7 80
7 81
7 81
7 82
6 83
6 84
6 85
6 85
6 86
6 87
6 88
6 89
6 89
6 90
6 91
6 91
5 92
5 93
5 93
5 94
5 95
5 95
5 96
5 97
5 97
4 97
4 97
4 98
4 98
3 98
3 98
3 97
3 97
3 96
3 95
3 94
4 93
4 92
4 91
4 90
4 89
4 88
5 87
5 86
5 85
5 84
5 83
5 82
5 81
6 80
6 79
6 78
6 77
6 76
6 75
6 74
7 73
7 72
7 71
7 70
7 69
7 68
8 67
8 66
8 65
8 64
8 63
8 62
8 61
9 60
9 59
9 58
9 57
9 56
9 55
9 54
10 53
10 52
10 51
10 50
10 49
10 48
11 47
11 46
11 45
11 44
11 43
11 42
11 41
12 40
12 39
12 38
12 37
12 36
12 35
12 34
13 33
13 32
13 31
13 30
13 29
13 28
14 27
14 26
14 25
14 24
14 23
14 22
14 21
15 20
15 19
15 18
15 17
15 17
15 17
15 17
15 17
15 17
15 17
15 17
15 16
15 16
15 16
16 16
16 16
16 16
17 15
17 15
17 15
17 15
17 15
18 15
18 15
18 15
19 14
19 14
20 13
20 13
20 13
21 12
21 12
21 12
22 12
22 12
22 12
22 12
22 12
22 12
22 12
22 12
22 12
21 13
21 13
21 13
21 13
21 13
21 13
21 13
20 13
20 13
20 13
20 14
20 14
20 14
20 14
19 15
19 15
19 15
19 16
19 16
19 17
19 17
19 18
19 18
19 19
19 20
19 20
19 21
19 22
19 23
19 23
19 24
19 25
19 26
19 26
19 27
19 28
19 29
19 29
19 30
19 31
19 32
19 32
19 33
19 34
19 35
19 36
19 36
19 37
19 38
19 39
19 40
19 40
19 41
18 42
18 43
18 44
18 44
18 45
18 46
18 47
18 48
18 49
18 49
18 50
18 51
18 52
18 53
18 53
18 54
18 55
18 56
18 56
18 57
18 58
18 59
18 59
18 60
18 61
18 61
18 62
18 63
18 63
18 64
18 64
18 64
18 63
18 63
18 62
18 62
18 61
18 60
18 60
18 59
18 58
18 57
18 57
18 56
18 55
18 55
18 54
18 53
18 52
18 52
18 51
18 50
18 49
18 48
18 48
18 47
18 46
18 45
18 44
18 43
18 42
18 41
18 40
18 39
18 39
18 38
18 37
18 37
18 36
18 35
18 35
18 34
18 34
18 33
18 33
18 32
18 32
19 32
19 32
19 31
19 31
20 30
20 30
21 29
21 28
21 28
22 27
23 27
23 27
24 26
25 26
25 26
26 25
26 25
27 25
27 25
28 24
28 24
28 24
28 24
28 25
28 25
27 26
27 26
26 27
26 27
25 28
25 29
25 29
24 30
24 31
23 32
23 32
22 33
22 34
22 34
21 35
21 36
20 37
20 37
19 38
19 39
19 39
18 40
17 41
17 41
17 42
17 43
17 43
16 44
16 44
16 45
16 45
15 45
15 45
16 46
16 46
16 46
16 46
17 45
17 45
18 44
18 44
19 43
20 43
20 43
21 42
22 41
22 41
23 40
23 40
24 39
25 39
25 39
26 38
26 38
27 38
27 38
27 38
28 38
28 38
27 39
27 39
27 39
26 40
26 41
26 41
25 42
24 42
24 42
23 43
23 44
23 44
22 45
22 46
21 47
21 47
20 48
20 49
19 50
19 50
18 51
17 52
17 52
16 53
16 54
15 55
15 55
14 56
13 57
13 57
12 58
12 58
11 59
11 59
11 59
11 59
12 59
12 59
12 59
13 58
13 58
14 57
15 57
15 57
16 56
17 56
17 56
18 55
18 54
18 54
19 53
19 53
20 53
20 53
21 52
21 52
21 52
22 53
22 53
22 53
22 54
22 54
21 55
21 56
21 56
21 57
21 58
21 58
21 59
20 60
20 61
20 61
20 62
19 63
19 64
19 64
19 65
19 66
19 67
19 67
19 68
18 69
18 70
18 70
18 71
18 72
18 73
18 74
18 74
18 75
18 76
18 77
18 77
18 78
18 79
18 80
18 81
18 81
18 82
18 83
18 84
18 84
18 85
18 86
18 87
18 87
18 88
18 89
18 89
18 90
18 90
19 91
19 91
19 91
19 91
20 91
20 91
20 91
21 90
21 89
21 89
22 88
22 87
22 87
23 86
23 85
24 84
24 84
24 83
25 82
25 81
25 81
25 80
26 79
26 78
26 78
27 77
27 76
28 75
28 75
29 74
29 73
29 73
29 72
29 71
29 71
30 70
30 69
30 69
31 68
31 67
31 67
31 66
31 65
31 65
31 65
31 64
31 64
31 64
31 63
31 63
31 63
31 63
31 63
30 62
30 62
30 62
30 62
29 62
29 62
28 62
28 62
28 62
27 63
27 63
26 63
26 63
25 64
25 64
24 65
24 65
23 65
23 65
23 66
23 66
22 67
22 67
22 68
22 68
22 68
22 69
22 69
22 70
22 70
22 71
22 71
22 71
23 72
23 72
23 73
23 73
24 74
24 74
25 75
25 75
26 75
26 75
27 76
27 76
28 76
28 76
29 77
30 77
30 77
31 77
31 77
32 78
33 78
33 78
34 78
35 78
35 78
36 79
37 79
37 79
38 79
38 79
39 79
40 79
40 79
41 80
41 80
42 80
42 80
43 80
43 80
44 80
44 80
45 81
45 81
46 81
46 81
46 80
46 80
46 79
47 78
47 77
48 76
48 75
49 74
49 73
49 72
50 71
50 70
51 69
51 68
51 67
52 66
52 65
53 64
53 63
54 62
54 61
54 60
55 59
55 58
56 57
56 56
56 55
57 54
57 53
58 52
58 51
59 50
59 49
59 48
60 47
60 46
61 45
61 44
61 43
62 42
62 41
63 40
63 39
64 38
64 37
64 36
65 35
65 34
66 33
66 32
66 31
67 30
67 29
68 28
68 27
69 26
69 25
69 25
68 25
68 25
68 25
68 26
68 26
68 27
68 27
68 28
68 28
67 29
67 29
67 30
67 31
67 31
67 32
67 33
67 33
67 34
66 35
66 36
66 36
66 37
65 38
65 39
65 39
65 40
65 41
65 42
65 42
65 43
64 44
64 45
64 46
64 46
64 47
64 48
63 49
63 50
63 51
63 51
63 52
63 53
62 54
62 55
62 56
62 56
62 57
62 58
61 59
61 60
61 61
61 61
61 62
61 63
61 64
61 65
61 65
61 66
60 67
60 68
60 69
60 69
60 70
60 71
60 72
60 72
60 73
60 74
60 75
60 76
60 76
60 77
60 78
60 79
60 79
60 80
60 81
60 81
60 82
60 82
60 83
60 83
60 83
60 82
60 82
60 81
60 80
60 80
60 79
60 78
60 77
60 77
60 76
61 75
61 74
61 73
61 73
61 72
62 71
62 70
62 69
63 68
63 67
63 66
64 65
64 64
64 63
65 62
65 61
65 60
66 59
66 58
66 57
67 56
67 55
67 54
68 53
68 52
68 51
69 50
69 49
69 48
70 47
70 46
70 45
71 44
71 43
72 42
72 41
72 40
73 39
73 38
73 37
74 36
74 35
74 34
75 33
75 32
75 31
76 30
76 29
76 28
77 27
77 26
77 25
78 24
78 23
78 22
79 21
79 20
79 19
80 18
80 17
80 16
81 15
81 14
81 13
82 12
82 11
82 11
83 10
84 9
85 8
85 8
86 7
86 7
87 6
88 5
88 5
89 4
89 4
90 3
91 3
91 3
92 2
93 2
93 2
94 1
95 1
95 1
96 0
97 0
97 0
98 0
98 0
98 0
99 1
99 1
99 1
100 1
100 1
100 2
100 2
99 2
99 2
99 3
99 3
99 4
99 4
99 5
99 5
99 6
99 6
99 7
99 7
99 8
99 8
98 9
98 9
98 10
98 10
98 11
98 12
98 12
97 13
97 13
97 14
97 15
97 15
96 16
96 17
96 17
96 18
96 19
96 19
95 20
95 21
95 21
95 22
95 23
95 23
94 24
94 25
94 25
94 26
94 27
94 27
94 28
94 29
94 29
93 30
93 31
93 31
93 32
93 33
93 33
92 34
92 35
92 35
92 36
92 37
92 38
92 38
91 39
91 40
91 40
91 41
91 42
91 43
91 43
91 44
91 45
91 45
91 46
91 47
91 47
91 48
91 49
91 49
91 50
91 51
91 51
91 52
91 53
91 54
91 54
91 55
91 56
91 56
91 57
91 58
91 58
90 59
90 60
90 60
90 61
90 62
90 62
90 63
90 64
90 64
90 65
90 66
90 66
90 67
90 68
90 68
90 69
90 69
90 70
90 71
90 71
90 72
90 73
90 73
90 74
90 74
90 75
90 76
90 76
90 77
90 78
90 78
89 79
89 79
89 80
89 81
89 81
89 82
89 83
89 83
89 84
89 84
89 85
89 86
89 86
89 87
89 88
89 88
88 89
88 89
88 90
88 91
88 91
88 92
88 93
88 93
88 94
88 94
88 95
88 96
88 96
88 97
88 98
88 98
88 99
88 99
88 100
88 100
88 100
87 100
87 100
87 100
87 99
87 99
87 98
87 97
87 97
87 96
86 95
86 94
86 93
86 93
86 92
86 91
86 90
86 89
86 89
86 88
85 87
85 86
85 85
85 84
84 83
84 82
84 81
84 80
83 79
83 78
83 77
83 76
82 75
82 74
82 73
82 72
81 71
81 70
81 69
81 68
80 67
80 66
80 65
80 64
79 63
79 62
79 61
79 60
78 59
78 58
78 57
78 56
77 55
77 54
77 53
77 52
76 51
76 50
76 49
76 48
75 47
75 46
75 45
75 44
74 43
74 42
74 41
74 40
73 39
73 38
73 37
73 37
73 37
73 37
73 37
73 36
73 36
74 35
74 35
75 34
75 34
76 33
76 33
77 32
78 31
78 31
79 30
80 30
80 30
81 29
82 28
82 28
83 27
83 27
84 26
85 26
85 26
86 25
86 25
87 24
87 24
87 24
87 24
87 24
87 24
87 24
86 24
86 24
85 24
85 24
85 24
84 24
84 24
83 24
83 24
83 23
83 23
83 23
83 23
83 23
83 23
82 24
82 24
82 25
82 25
81 26
81 26
81 27
81 27
80 28
80 29
80 29
80 30
79 31
79 32
79 32
78 33
78 34
78 34
78 35
77 36
77 37
77 37
77 38
77 39
77 40
77 40
76 41
76 42
76 42
76 43
76 43
75 44
75 45
75 45
75 46
75 46
75 46
75 46
75 46
75 46
75 46
75 46
76 45
76 45
76 44
76 44
77 43
77 43
78 42
79 41
79 41
80 41
80 41
80 40
80 40
81 40
81 40
82 40
82 40
82 40
82 40
82 41
82 41
82 42
82 42
81 43
81 43
80 44
80 44
79 45
79 46
79 46
78 47
78 47
78 48
78 49
78 49
77 50
77 51
77 51
76 52
76 53
76 53
76 54
76 54
75 55
75 55
75 55
75 56
75 56
75 56
75 56
75 56
75 55
75 55
76 55
76 55
76 54
76 54
77 53
77 53
78 53
78 53
78 53
79 53
79 53
79 53
80 53
80 53
80 53
81 53
81 53
81 54
81 54
82 54
82 54
82 55
82 55
82 56
82 56
82 57
82 57
81 58
81 58
80 59
80 59
79 60
79 61
79 61
78 62
78 62
78 63
78 63
77 64
77 64
76 64
76 64
75 64
75 64
75 64
74 63
74 63
74 63
73 63
73 63
73 62
73 62
73 61
73 61
73 60
