5 14
5 15
5 16
5 16
5 16
4 15
4 15
5 15
6 15
6 15
7 14
8 13
8 13
9 13
10 12
11 12
11 12
12 12
13 11
14 11
14 11
15 10
16 10
16 10
17 10
17 10
18 9
19 9
19 9
20 9
20 9
21 9
21 9
22 10
22 10
22 10
22 11
22 12
22 12
21 13
21 14
21 14
20 15
20 16
19 17
19 18
19 18
18 19
17 20
16 21
16 21
15 22
14 23
14 24
13 25
13 25
12 26
11 27
10 28
10 28
9 29
8 29
7 30
7 30
6 31
5 32
5 32
4 33
4 33
3 34
3 34
3 34
4 33
4 33
5 32
5 32
6 31
7 30
7 30
8 29
9 29
10 28
10 28
11 27
12 27
12 27
13 26
13 26
14 26
14 26
15 27
15 27
14 28
14 29
14 29
14 30
13 31
13 32
13 32
13 33
12 34
12 35
12 35
11 36
11 37
10 38
10 39
10 39
9 40
9 41
8 42
8 42
7 43
7 44
6 45
6 45
5 46
4 47
4 47
3 48
3 49
3 49
3 49
3 49
4 48
4 48
5 48
6 47
7 47
7 47
8 46
9 45
9 45
10 45
11 44
12 44
12 44
13 44
14 44
14 44
15 45
16 45
16 45
16 46
17 47
17 48
17 49
17 49
17 50
17 51
18 52
18 53
18 54
18 55
18 55
18 56
18 57
18 58
18 59
18 60
18 61
18 62
18 62
18 63
18 64
18 65
18 66
18 67
18 68
18 69
18 69
18 70
18 71
18 72
17 73
17 74
17 75
17 76
17 76
17 77
16 78
16 79
16 80
15 81
15 82
15 82
14 83
14 84
13 85
13 86
13 86
12 87
11 88
11 89
10 90
10 90
9 91
8 92
8 93
7 94
7 94
6 95
6 96
5 97
5 97
4 98
3 98
2 99
2 99
1 100
1 100
0 100
0 100
0 99
1 98
1 97
2 96
2 95
2 94
3 93
3 92
4 91
4 90
4 89
5 88
5 87
5 86
6 85
6 84
7 83
7 82
7 81
8 80
8 79
9 78
9 77
9 76
10 75
10 74
11 73
11 72
11 71
12 70
12 69
12 68
13 67
13 66
14 65
14 64
14 63
15 62
15 61
16 60
16 59
16 58
17 57
17 56
18 55
18 54
18 53
19 52
19 51
19 50
20 49
20 48
21 47
21 46
21 45
22 44
22 43
23 42
23 41
23 40
24 39
24 38
25 37
25 36
25 35
26 34
26 33
26 32
27 31
27 30
28 29
28 28
28 27
29 26
29 25
30 24
30 23
30 22
31 21
31 20
32 19
32 18
32 17
33 16
33 15
33 14
34 13
34 12
35 11
35 10
35 9
36 8
36 7
37 6
37 5
37 5
38 4
38 3
38 3
37 2
37 1
37 1
38 1
38 1
38 1
39 1
39 1
39 2
39 3
39 3
39 4
38 5
38 6
38 6
38 7
37 8
37 9
37 10
37 11
36 12
36 13
36 13
36 14
35 15
35 16
35 17
35 18
34 19
34 20
34 21
34 21
34 22
34 23
34 24
34 25
33 26
33 27
33 28
33 29
33 30
33 30
33 31
33 32
33 33
32 34
32 35
32 36
32 37
32 37
32 38
32 39
31 40
31 41
31 42
31 42
31 43
31 44
31 45
31 45
31 46
31 47
31 48
31 48
31 49
31 49
31 50
31 50
31 49
31 48
31 47
31 46
31 45
31 44
31 43
31 42
32 41
32 40
32 39
32 38
32 37
32 36
32 35
32 34
32 33
32 32
32 31
32 30
32 29
32 28
32 27
32 26
32 25
32 24
33 23
33 22
33 21
33 20
33 19
33 18
33 17
33 16
33 15
33 14
33 14
34 14
35 13
36 13
36 13
35 12
35 11
35 11
35 10
35 9
35 9
36 8
36 8
37 7
38 7
38 7
39 6
40 6
41 5
41 5
42 4
43 4
43 4
44 4
44 4
45 4
45 4
46 4
46 4
45 5
44 6
44 7
43 8
42 9
41 10
41 11
40 12
39 13
38 14
38 15
37 16
36 17
35 18
35 19
34 20
34 20
34 21
35 22
35 23
35 24
35 24
34 24
34 24
34 23
34 22
34 22
35 21
35 21
36 20
37 20
37 20
38 20
38 20
39 20
39 20
40 20
40 20
40 20
41 21
41 22
41 22
40 23
40 24
40 24
39 25
38 26
38 26
37 27
37 28
36 29
36 29
35 30
35 31
34 32
34 32
33 33
32 33
31 34
31 34
30 35
29 35
29 35
28 36
28 36
28 36
29 36
29 36
30 35
30 35
31 34
32 33
32 33
33 33
34 32
35 32
35 32
36 31
37 31
37 31
36 32
36 33
35 34
34 35
33 36
33 37
32 38
31 39
30 40
30 41
29 42
28 43
27 44
27 45
26 46
25 47
24 48
24 49
23 50
23 50
22 51
21 52
21 53
20 54
20 54
19 54
19 54
20 53
20 53
21 52
22 51
22 51
23 50
24 49
25 48
25 48
26 47
27 46
28 45
28 45
29 44
30 44
31 43
31 43
32 42
33 42
33 42
34 42
34 42
34 43
34 44
34 44
34 45
34 46
34 47
34 48
34 48
34 49
33 50
33 51
32 52
32 53
32 53
32 54
31 55
31 56
30 57
30 58
30 58
30 59
29 60
29 61
28 62
28 63
28 63
28 64
28 65
27 66
27 67
27 68
27 68
27 69
27 70
27 71
27 71
28 72
28 73
28 73
29 74
29 74
30 73
31 73
31 73
32 72
33 72
34 71
34 71
35 70
36 69
37 68
37 68
38 67
39 66
39 65
40 64
40 64
41 63
42 62
43 61
44 60
44 60
45 59
45 58
46 57
46 56
47 55
47 55
48 54
48 53
49 52
49 51
49 51
50 50
50 49
50 49
50 48
50 48
49 48
48 48
48 48
47 49
47 50
47 50
46 51
45 51
44 52
43 52
43 52
42 53
41 54
40 55
40 55
39 56
38 56
37 57
37 57
36 58
35 59
35 59
34 60
34 60
34 61
34 61
35 60
35 60
36 61
36 61
37 62
38 62
39 63
39 63
40 64
41 65
41 65
42 65
43 66
44 66
44 66
45 66
46 67
47 67
47 67
48 67
49 67
49 67
50 67
51 67
51 67
52 67
52 67
53 67
53 67
53 67
53 67
53 66
53 66
52 66
52 66
52 66
52 65
53 64
53 63
53 62
54 61
54 60
54 59
55 58
55 57
56 56
56 55
56 54
57 53
57 52
57 51
58 50
58 49
58 48
59 47
59 46
59 45
60 44
60 43
60 42
61 41
61 40
62 39
62 38
62 37
63 36
63 35
63 34
64 33
64 32
64 31
65 30
65 29
65 28
66 27
66 26
66 25
67 24
67 23
67 22
68 21
68 20
69 19
69 18
69 17
70 16
70 15
70 14
71 13
71 12
71 12
71 12
71 11
71 10
71 10
70 9
70 8
70 8
70 8
70 8
70 8
70 8
70 9
70 10
70 10
69 11
69 12
69 12
69 13
69 14
68 15
68 16
68 17
68 17
68 18
68 19
67 20
67 21
67 22
67 23
67 23
67 24
66 25
66 26
66 27
66 28
65 29
65 30
65 31
65 31
65 32
65 33
65 34
65 35
64 36
64 37
64 38
64 39
64 40
64 41
64 41
64 42
64 43
63 44
63 45
63 46
63 47
62 48
62 49
62 50
62 50
62 51
62 52
62 53
62 54
62 55
62 56
62 57
62 58
62 59
62 59
62 60
62 61
61 62
61 63
61 64
61 64
61 65
61 66
61 67
61 68
61 68
61 69
61 70
61 71
61 71
61 72
61 73
61 74
61 74
61 75
61 76
61 76
61 76
61 76
61 75
61 74
62 73
62 72
62 71
62 70
62 69
63 68
63 67
63 66
63 65
64 64
64 63
64 62
64 61
64 60
65 59
65 58
65 57
65 56
65 55
66 54
66 53
66 52
66 51
67 50
67 49
67 48
67 47
67 46
68 45
68 44
68 43
68 42
68 41
69 40
69 39
69 38
69 37
70 36
70 35
70 34
70 33
70 32
71 31
71 30
71 29
71 28
71 27
72 26
72 25
72 24
72 23
73 22
73 21
73 20
73 19
73 18
74 17
74 16
74 15
74 15
75 15
76 14
77 14
78 13
79 13
79 13
80 12
80 11
80 11
81 10
82 9
82 9
83 8
84 7
84 7
85 7
86 6
87 6
88 6
88 6
89 5
90 5
91 4
91 4
92 3
93 3
94 2
94 2
95 1
96 1
96 1
97 1
98 1
98 1
99 0
99 0
99 1
99 1
100 1
100 1
99 2
99 3
99 3
99 4
99 5
99 6
99 6
99 7
98 8
98 9
98 10
98 10
98 11
97 12
97 13
97 14
96 15
96 16
96 16
96 17
96 18
95 19
95 20
95 21
95 22
95 22
95 23
95 24
95 25
94 26
94 27
94 28
94 29
94 30
94 30
94 31
93 32
93 33
93 34
93 35
92 36
92 37
92 38
92 38
92 39
92 40
92 41
92 42
92 43
92 44
92 45
92 46
92 46
92 47
92 48
92 49
92 50
91 51
91 52
91 53
91 54
91 55
91 55
91 56
91 57
91 58
91 59
91 60
91 61
91 62
91 62
91 63
91 64
91 65
91 66
91 67
91 68
91 68
91 69
91 70
91 71
90 72
90 73
90 74
90 75
90 75
90 76
90 77
90 78
90 79
90 80
90 80
90 81
91 82
91 83
91 84
91 84
91 85
91 85
90 86
90 86
90 86
90 86
90 85
89 84
89 83
89 82
88 81
88 80
88 79
87 78
87 77
87 76
86 75
86 74
86 73
85 72
85 71
85 70
84 69
84 68
84 67
83 66
83 65
83 64
82 63
82 62
81 61
81 60
81 59
80 58
80 57
80 56
79 55
79 54
79 53
78 52
78 51
78 50
77 49
77 48
77 47
76 46
76 45
76 44
75 43
75 42
75 41
74 40
74 39
74 38
73 37
73 36
73 36
72 37
72 38
72 38
72 38
72 38
73 38
73 38
74 37
75 37
75 37
76 36
77 36
77 36
78 35
79 34
80 33
80 33
81 32
82 32
82 32
83 31
84 31
84 31
84 31
83 30
83 29
82 28
82 28
81 27
81 26
81 26
81 26
80 27
80 27
80 28
80 28
80 29
79 30
79 31
79 31
78 32
78 33
78 33
78 34
78 35
78 36
78 36
77 37
76 38
76 39
75 40
74 41
73 42
72 43
71 44
71 45
70 46
69 47
69 47
68 48
68 48
68 48
68 48
69 47
70 47
70 47
71 46
72 45
72 45
73 45
74 44
75 44
75 44
76 43
77 43
78 42
78 42
79 42
80 42
80 42
79 43
79 44
78 45
78 46
77 47
76 48
76 49
75 50
75 51
74 52
74 52
73 53
73 54
72 55
72 56
71 57
71 57
70 58
70 59
69 60
69 60
69 61
68 62
68 63
68 63
68 64
68 65
68 65
69 66
69 66
70 67
70 67
71 66
71 66
72 66
72 66
72 65
72 65
73 64
73 64
73 63
73 62
73 62
73 61
73 60
73 59
73 59
73 58
74 57
74 56
74 56
74 55
74 54
74 54
75 53
76 52
76 52
77 51
77 51
78 51
79 51
79 51
80 51
80 51
81 52
81 52
81 53
81 54
81 54
81 55
81 56
81 56
80 57
80 58
80 58
80 59
79 60
79 61
79 61
78 62
77 63
77 63
76 64
76 65
76 65
75 66
75 67
75 67
75 68
75 69
75 69
75 70
75 70
76 70
77 70
77 70
78 69
79 69
79 69
80 69
81 68
82 68
