3 19
2 19
2 19
1 18
1 18
1 18
1 18
1 18
2 19
3 19
3 19
4 18
5 18
5 18
6 18
7 17
8 17
8 17
9 17
10 16
11 16
11 16
12 16
13 15
14 15
14 15
15 15
16 14
17 14
17 14
18 14
19 14
19 14
20 15
20 15
21 15
21 15
21 15
21 16
21 17
21 17
21 18
21 18
20 19
20 20
20 20
19 21
19 22
18 23
18 23
17 24
16 25
16 25
15 26
14 27
13 28
13 28
12 29
11 30
10 31
10 31
9 32
8 33
8 33
7 34
6 34
5 35
5 35
4 36
3 37
3 37
2 38
1 38
1 38
0 38
0 38
0 38
0 38
1 37
1 37
2 36
3 36
3 36
4 36
5 36
5 36
6 36
7 35
8 35
8 35
9 34
10 34
10 34
11 33
12 33
12 33
13 33
14 33
14 33
15 33
16 33
16 33
17 33
17 33
17 33
17 34
17 34
16 35
16 36
16 36
15 37
15 38
14 39
14 39
13 40
13 41
12 42
12 43
12 43
11 44
10 45
10 46
9 47
9 47
8 48
8 49
7 50
7 50
6 51
5 52
4 53
4 53
3 54
2 55
2 55
1 56
1 56
0 56
0 56
0 56
0 56
1 56
1 56
2 55
2 55
3 55
4 54
5 54
5 54
6 53
7 53
7 53
8 53
9 53
9 53
10 54
11 54
11 54
12 55
13 56
13 56
13 57
14 58
14 59
14 60
14 60
14 61
14 62
15 63
15 64
15 65
15 66
15 66
15 67
15 68
15 69
15 70
15 71
15 72
15 73
15 73
15 74
15 75
15 76
15 77
15 78
15 79
15 79
15 80
14 81
14 82
13 83
13 84
13 84
12 85
11 86
11 87
10 88
10 88
9 89
8 90
8 91
7 92
7 92
6 93
5 94
5 95
4 96
4 96
3 97
2 97
1 98
1 98
0 99
0 99
0 98
1 97
1 96
2 95
2 94
2 93
3 92
3 91
4 90
4 89
4 88
5 87
5 86
6 85
6 84
6 83
7 82
7 81
8 80
8 79
8 78
9 77
9 76
10 75
10 74
10 73
11 72
11 71
11 70
12 69
12 68
13 67
13 66
13 65
14 64
14 63
15 62
15 61
15 60
16 59
16 58
17 57
17 56
17 55
18 54
18 53
19 52
19 51
19 50
20 49
20 48
21 47
21 46
21 45
22 44
22 43
23 42
23 41
23 40
24 39
24 38
25 37
25 36
25 35
26 34
26 33
27 32
27 31
27 30
28 29
28 28
29 27
29 26
29 25
30 24
30 23
30 22
31 21
31 20
32 19
32 18
32 17
33 16
33 15
34 14
34 13
34 12
35 11
35 10
36 9
36 8
36 7
37 6
37 5
38 4
38 3
38 3
37 2
37 1
37 1
37 1
37 0
37 0
37 1
37 1
37 2
37 3
37 4
37 4
37 5
37 6
36 7
36 8
36 9
36 10
36 10
36 11
36 12
35 13
35 14
35 15
35 16
35 16
35 17
34 18
34 19
34 20
34 21
33 22
33 23
33 24
33 24
33 25
33 26
32 27
32 28
32 29
32 30
31 31
31 32
31 33
31 33
31 34
30 35
30 36
30 37
30 38
29 39
29 40
29 41
29 41
29 42
29 43
29 44
28 45
28 46
28 47
28 48
28 48
28 49
28 50
27 51
27 52
27 53
27 54
27 54
27 55
27 56
27 57
27 57
27 58
27 59
27 60
27 60
27 61
27 61
27 62
27 62
27 61
27 61
27 60
27 59
28 58
28 57
28 56
28 55
28 54
28 53
29 52
29 51
29 50
29 49
29 48
29 47
30 46
30 45
30 44
30 43
30 42
31 41
31 40
31 39
31 38
31 37
31 36
32 35
32 34
32 33
32 32
32 31
32 30
33 29
33 28
33 27
33 26
33 25
33 24
34 23
34 22
34 21
34 21
34 20
35 19
35 18
36 17
36 16
37 15
37 14
37 14
37 13
37 12
37 11
37 11
38 10
38 9
38 9
39 8
40 8
40 8
41 7
41 6
42 5
42 5
43 4
44 4
44 4
45 3
46 3
46 3
47 2
47 2
47 2
48 2
48 2
48 2
47 3
47 3
47 4
47 4
46 5
46 6
45 7
44 8
43 9
43 10
42 11
41 12
41 13
40 14
39 15
39 16
38 17
37 18
36 19
36 20
35 21
35 21
34 22
34 23
33 24
33 25
32 26
32 26
31 26
31 26
32 26
32 26
32 26
33 25
34 25
34 25
35 24
36 24
36 24
37 24
38 24
38 24
39 23
40 23
40 23
41 23
41 23
42 23
42 23
42 24
42 24
42 25
41 26
41 27
41 27
40 28
39 29
39 29
38 30
37 31
36 32
36 32
35 33
34 34
33 35
32 36
32 36
31 37
30 38
29 38
28 39
28 39
27 40
26 41
25 42
25 42
24 43
23 43
23 43
22 44
21 45
21 45
21 45
22 44
22 44
23 44
24 44
24 44
25 43
26 42
26 42
27 41
28 41
28 41
29 40
30 40
30 40
31 39
32 39
32 39
33 40
33 40
34 40
34 40
34 41
34 42
34 42
33 43
33 44
33 44
32 45
32 46
31 47
31 47
30 48
29 49
28 50
28 50
27 51
26 52
25 53
25 53
24 54
23 55
22 56
22 56
21 57
20 57
20 57
19 58
19 59
19 59
19 59
20 58
20 58
21 57
22 57
22 57
23 56
24 56
25 55
25 55
26 54
27 54
27 54
28 53
29 53
29 53
30 53
31 53
31 53
32 54
32 55
32 55
32 56
31 57
31 58
31 59
31 59
31 60
31 61
30 62
30 63
30 64
30 64
30 65
30 66
29 67
29 68
29 69
29 70
29 70
29 71
29 72
28 73
28 74
28 75
28 76
28 76
28 77
27 78
27 79
27 80
26 81
26 82
26 82
26 83
25 84
25 85
24 86
24 87
24 87
24 88
23 89
23 90
23 90
22 91
22 92
22 92
22 93
22 93
22 94
22 94
23 93
23 93
24 92
25 92
25 92
26 91
27 90
27 89
28 88
28 88
29 87
29 86
30 85
30 84
31 83
31 83
32 82
33 81
34 80
35 79
36 78
36 78
37 77
37 76
38 75
38 74
39 73
39 72
39 72
40 71
40 70
41 69
41 68
42 67
42 67
42 66
43 65
43 64
43 64
44 63
44 62
44 62
43 61
43 61
43 61
42 61
41 61
41 61
40 62
40 62
39 63
38 63
38 63
37 64
37 64
36 65
35 65
35 65
34 66
34 67
34 67
34 68
34 68
33 69
33 70
33 70
34 71
34 72
34 72
35 73
36 74
36 74
37 74
38 75
39 75
39 75
40 75
41 75
42 75
42 75
43 75
44 75
44 75
45 75
46 75
47 75
47 75
48 75
48 75
49 75
49 75
49 75
49 75
49 75
49 75
49 74
50 73
50 72
50 71
50 70
51 69
51 68
51 67
52 66
52 65
52 64
53 63
53 62
53 61
53 60
54 59
54 58
54 57
55 56
55 55
55 54
56 53
56 52
56 51
56 50
57 49
57 48
57 47
58 46
58 45
58 44
59 43
59 42
59 41
59 40
60 39
60 38
60 37
61 36
61 35
61 34
62 33
62 32
62 31
62 30
63 29
63 28
63 28
64 28
64 28
63 27
63 27
63 27
63 27
63 27
64 27
64 27
64 28
64 29
64 29
64 30
64 31
64 31
64 32
64 33
64 34
64 35
64 35
64 36
63 37
63 38
63 39
63 40
62 41
62 42
62 42
62 43
62 44
62 45
61 46
61 47
61 48
61 49
61 50
61 50
61 51
60 52
60 53
60 54
59 55
59 56
59 57
58 58
58 59
58 59
58 60
58 61
58 62
58 63
58 64
58 65
58 66
58 67
58 68
58 68
58 69
58 70
58 71
58 72
57 73
57 74
57 75
57 76
57 77
57 77
57 78
56 79
56 80
55 81
55 82
55 82
55 83
55 84
55 85
55 85
55 86
54 87
54 88
54 88
54 89
54 89
54 90
54 90
54 89
54 89
54 88
55 87
55 86
55 85
56 84
56 83
56 82
56 81
57 80
57 79
57 78
58 77
58 76
58 75
59 74
59 73
59 72
59 71
60 70
60 69
60 68
61 67
61 66
61 65
62 64
62 63
62 62
63 61
63 60
63 59
63 58
64 57
64 56
64 55
65 54
65 53
65 52
66 51
66 50
66 49
67 48
67 47
67 46
67 45
68 44
68 43
68 42
69 41
69 40
69 39
70 38
70 37
70 36
70 35
71 34
71 33
71 32
72 31
72 30
72 30
73 29
74 28
74 27
75 26
76 25
76 25
76 24
76 23
76 22
76 22
77 21
77 20
78 19
78 18
78 18
79 17
80 16
80 16
81 15
82 15
82 15
83 15
84 15
84 15
85 14
86 14
86 14
87 13
88 13
88 13
89 12
90 12
90 12
91 11
92 11
92 11
93 11
94 11
94 11
95 10
95 10
96 9
97 9
97 9
98 9
98 9
98 8
98 8
99 8
99 8
99 9
99 9
100 9
100 9
100 9
99 10
99 10
99 11
99 11
98 12
98 12
98 13
98 14
98 14
98 15
97 16
97 17
97 17
97 18
96 19
96 20
96 21
96 21
96 22
95 23
95 24
95 25
94 26
94 27
94 27
94 28
94 29
94 30
93 31
93 32
93 33
93 34
93 35
93 35
93 36
93 37
92 38
92 39
92 40
92 41
92 42
91 43
91 44
91 45
91 45
91 46
91 47
91 48
91 49
90 50
90 51
90 52
90 53
90 54
90 55
90 55
90 56
90 57
90 58
90 59
89 60
89 61
89 62
89 63
89 64
89 64
89 65
89 66
89 67
88 68
88 69
88 70
88 71
88 72
88 72
88 73
88 74
88 75
88 76
88 77
88 78
88 79
88 79
88 80
88 81
88 82
88 83
88 84
88 85
88 85
88 86
88 87
87 88
87 89
87 90
87 91
87 91
87 92
87 93
87 94
87 95
87 95
87 96
87 97
87 98
87 98
87 99
87 99
87 100
87 100
86 100
86 100
86 100
85 100
85 100
84 100
84 100
84 99
84 98
84 98
83 97
83 97
83 96
83 95
83 95
83 94
82 93
82 92
82 92
82 91
81 90
81 89
81 88
80 87
80 86
79 85
79 84
79 83
78 82
78 81
78 80
77 79
77 78
76 77
76 76
76 75
75 74
75 73
75 72
74 71
74 70
73 69
73 68
73 67
72 66
72 65
72 64
71 63
71 62
71 61
70 60
70 59
69 58
69 57
69 56
68 55
68 54
68 53
67 52
67 51
66 50
66 49
66 48
65 47
65 46
65 46
66 47
66 47
66 46
66 46
65 45
65 45
66 44
67 44
67 44
68 43
69 43
69 43
70 42
71 41
71 41
72 41
73 40
74 40
74 40
75 40
76 39
77 39
77 39
78 38
79 38
79 38
80 37
81 37
81 37
82 36
82 36
82 36
82 35
82 35
81 34
80 34
80 34
79 33
79 33
78 32
77 32
77 32
76 32
75 32
75 32
74 33
74 33
73 34
73 34
73 35
73 35
72 36
72 37
72 37
72 38
72 39
72 39
72 40
72 41
72 41
72 42
72 43
72 43
72 44
72 45
72 45
72 46
71 47
71 48
71 48
70 49
70 50
70 50
69 51
69 52
69 52
68 53
68 54
68 54
67 55
66 55
66 55
65 56
65 56
65 57
65 57
65 57
66 56
66 56
67 56
68 56
68 56
69 55
70 55
71 54
71 54
72 53
73 53
74 52
74 52
75 51
76 50
76 50
77 50
78 50
78 50
79 50
79 50
80 50
80 50
79 51
78 52
77 53
76 54
75 54
74 55
73 56
72 57
72 57
71 58
70 58
69 59
69 59
68 60
67 60
67 60
66 61
66 61
65 62
65 62
65 63
65 63
65 64
65 64
66 64
66 64
66 64
67 63
68 62
68 61
69 60
69 60
68 61
68 61
67 62
67 62
67 61
67 61
67 61
68 61
68 61
69 60
70 60
70 60
71 59
72 59
72 59
73 58
74 57
74 57
75 57
75 57
76 56
76 56
77 56
77 56
77 57
77 57
77 58
77 58
77 59
77 59
77 60
77 60
76 61
76 62
76 62
75 63
75 63
74 63
74 63
73 64
73 64
72 65
72 65
71 65
71 65
71 65
