4 18
5 17
5 17
4 16
3 16
2 15
2 15
2 15
2 15
2 15
3 14
3 14
4 13
5 13
5 13
6 12
7 12
8 11
8 11
9 11
10 10
11 10
11 10
12 9
13 9
13 9
14 9
15 8
16 8
16 8
17 8
17 8
18 8
19 8
19 8
20 8
20 8
21 9
21 9
21 10
21 10
22 11
22 11
22 12
22 13
22 13
22 14
22 15
22 15
22 16
21 17
21 18
21 18
20 19
20 20
19 21
19 21
19 22
18 23
18 24
18 24
17 25
16 25
15 26
15 26
14 27
13 28
13 28
12 29
11 30
11 30
10 31
9 31
9 31
8 32
7 32
7 32
6 32
6 32
6 32
6 32
7 31
7 31
8 30
9 29
9 29
10 28
11 27
11 27
12 27
13 26
14 26
14 26
15 25
16 25
16 25
17 25
17 25
18 25
18 25
19 25
19 25
19 26
19 26
19 27
18 28
18 29
18 29
18 30
17 31
17 32
17 32
16 33
16 34
15 35
15 36
15 36
14 37
13 38
13 39
12 40
12 40
11 41
11 42
10 43
10 43
9 44
9 45
8 46
8 47
8 47
7 48
6 49
6 49
5 50
5 51
5 51
4 51
4 51
4 51
5 51
5 51
6 50
7 50
7 50
8 49
9 49
10 48
10 48
11 47
12 47
13 46
13 46
14 46
15 46
16 46
16 46
17 47
18 47
18 47
19 48
20 49
20 49
20 50
20 51
21 52
21 53
21 54
21 54
21 55
21 56
21 57
21 58
21 59
21 60
21 60
21 61
21 62
21 63
20 64
20 65
20 66
20 67
20 67
20 68
20 69
20 70
19 71
19 72
19 73
19 74
19 74
19 75
18 76
18 77
17 78
17 79
17 79
16 80
16 81
15 82
15 83
14 84
14 84
13 85
13 86
12 87
12 88
11 89
11 89
10 90
9 91
9 92
8 93
8 93
7 94
6 95
5 96
5 96
4 97
3 97
2 98
2 98
1 99
0 100
0 100
0 100
0 99
1 98
1 97
2 96
2 95
3 94
3 93
3 92
4 91
4 90
5 89
5 88
5 87
6 86
6 85
7 84
7 83
8 82
8 81
8 80
9 79
9 78
10 77
10 76
11 75
11 74
11 73
12 72
12 71
13 70
13 69
14 68
14 67
14 66
15 65
15 64
16 63
16 62
16 61
17 60
17 59
18 58
18 57
19 56
19 55
19 54
20 53
20 52
21 51
21 50
22 49
22 48
22 47
23 46
23 45
24 44
24 43
25 42
25 41
25 40
26 39
26 38
27 37
27 36
27 35
28 34
28 33
29 32
29 31
30 30
30 29
30 28
31 27
31 26
32 25
32 24
33 23
33 22
33 21
34 20
34 19
35 18
35 17
36 16
36 15
36 14
37 13
37 12
38 11
38 10
38 9
39 8
39 7
40 6
40 5
41 4
41 3
41 3
42 2
42 2
41 1
41 0
41 0
41 0
41 0
41 1
41 1
41 2
41 3
41 3
40 4
40 5
39 6
39 7
39 7
39 8
39 9
39 10
38 11
38 12
38 13
38 14
38 14
38 15
37 16
37 17
37 18
37 19
36 20
36 21
36 21
36 22
35 23
35 24
35 25
35 26
34 27
34 28
34 28
34 29
34 30
34 31
33 32
33 33
33 34
33 35
33 36
33 36
33 37
33 38
33 39
33 40
33 41
33 42
33 43
33 43
33 44
33 45
33 46
33 47
33 48
33 48
33 49
32 50
32 51
32 51
32 52
32 53
32 53
32 54
32 55
32 55
32 55
32 55
32 55
32 54
32 53
32 52
33 51
33 50
33 49
33 48
33 47
33 46
33 45
34 44
34 43
34 42
34 41
34 40
34 39
34 38
35 37
35 36
35 35
35 34
35 33
35 32
35 31
36 30
36 29
36 28
36 27
36 26
36 25
36 24
37 23
37 22
37 21
37 20
37 20
38 19
38 18
39 17
39 17
38 16
37 16
37 16
38 15
38 15
39 14
39 14
40 13
41 13
41 13
42 12
43 12
43 12
44 12
45 11
46 11
46 11
47 11
48 11
48 11
49 11
49 11
50 11
50 11
51 11
51 11
52 11
52 11
52 11
52 11
51 12
50 13
49 14
48 15
47 16
46 17
45 18
45 19
44 20
43 21
42 22
41 23
40 24
39 25
38 26
38 26
38 27
38 27
38 27
38 27
39 26
40 26
40 26
41 25
41 25
42 24
43 24
43 24
44 24
45 24
46 24
46 24
47 23
47 23
48 23
49 23
49 23
49 24
49 24
49 25
49 25
49 26
49 26
48 27
47 28
47 28
46 29
45 30
44 31
44 31
43 32
42 33
41 34
41 34
40 35
39 36
39 36
38 37
37 37
37 37
37 37
37 37
37 37
38 37
38 37
39 36
39 36
40 35
40 35
41 34
42 34
42 34
43 34
44 34
44 34
45 33
45 33
46 33
46 33
45 34
44 35
43 36
42 37
41 38
40 39
39 40
38 41
37 42
36 42
35 43
34 44
33 45
32 46
31 47
30 48
29 49
28 50
27 51
27 51
26 52
26 53
25 54
25 55
25 55
24 54
24 54
25 53
26 53
26 53
27 52
28 51
28 51
29 50
30 50
31 49
31 49
32 48
33 47
34 47
35 46
35 46
36 45
37 45
38 44
39 44
39 44
40 43
41 42
42 41
42 41
43 40
44 40
45 39
45 39
46 39
47 39
47 39
48 39
48 39
47 39
47 39
47 40
46 41
46 42
46 43
46 43
45 44
44 45
44 46
43 47
43 47
42 48
42 49
41 50
41 51
40 52
40 52
40 53
39 54
39 55
38 56
38 57
37 58
37 59
37 59
37 60
36 61
36 62
36 63
35 64
35 65
35 65
35 66
34 67
34 68
34 69
33 70
33 71
33 71
33 72
32 73
32 74
32 75
32 75
32 76
32 77
32 78
32 78
32 79
32 80
32 80
33 80
33 80
34 80
34 80
35 79
35 78
35 78
36 77
36 76
37 75
37 75
38 74
39 73
39 72
40 71
40 71
41 70
41 69
42 68
42 67
43 66
43 65
43 65
44 64
44 63
45 62
46 61
46 60
47 59
47 59
48 58
48 57
49 56
49 55
50 54
50 54
50 53
51 52
51 51
52 50
52 49
52 49
53 48
53 48
53 47
53 47
53 48
53 48
52 49
52 49
51 50
50 50
50 50
49 51
48 51
47 52
47 52
46 53
45 54
44 55
44 55
43 56
43 57
43 57
42 58
42 58
42 59
42 60
42 61
42 61
42 62
42 63
42 63
43 64
44 65
44 65
45 66
46 66
47 67
47 67
48 67
49 67
49 67
50 67
51 67
52 67
52 67
53 66
54 66
54 66
55 66
56 66
56 66
57 65
57 65
57 65
57 64
57 64
58 64
58 64
58 63
59 62
59 61
59 60
59 59
60 58
60 57
60 56
60 55
61 54
61 53
61 52
61 51
62 50
62 49
62 48
62 47
63 46
63 45
63 44
63 43
64 42
64 41
64 40
64 39
65 38
65 37
65 36
65 35
66 34
66 33
66 32
66 31
67 30
67 29
67 28
67 27
68 26
68 25
68 24
68 23
69 22
69 21
69 21
68 20
67 19
67 19
67 19
67 19
66 18
66 18
66 18
66 18
67 17
67 17
67 17
67 17
67 18
67 19
67 19
67 20
67 21
67 21
67 22
66 23
66 24
66 25
66 25
66 26
66 27
66 28
66 29
66 30
66 31
66 31
66 32
66 33
66 34
65 35
65 36
65 37
65 38
65 38
65 39
65 40
65 41
64 42
64 43
64 44
64 45
64 46
64 46
64 47
64 48
64 49
63 50
63 51
63 52
63 53
63 54
63 54
63 55
63 56
63 57
62 58
62 59
62 60
62 61
62 61
62 62
62 63
62 64
61 65
61 66
61 67
61 68
61 69
61 69
61 70
61 71
60 72
60 73
60 74
60 74
60 75
59 76
59 77
59 78
59 78
58 79
58 80
57 81
57 81
56 82
56 82
56 83
56 83
56 83
57 82
57 81
57 81
57 80
58 79
58 78
58 77
59 76
59 75
59 74
60 73
60 72
60 71
61 70
61 69
61 68
62 67
62 66
62 65
62 64
63 63
63 62
63 61
64 60
64 59
64 58
65 57
65 56
65 55
66 54
66 53
66 52
67 51
67 50
67 49
68 48
68 47
68 46
69 45
69 44
69 43
70 42
70 41
70 40
71 39
71 38
71 37
71 36
72 35
72 34
72 33
73 32
73 31
73 30
74 29
74 28
74 27
75 26
75 25
75 25
76 24
76 23
77 22
78 21
78 20
79 19
79 19
79 18
80 17
80 16
80 16
81 15
82 15
82 15
83 14
84 14
85 13
85 13
86 12
87 11
87 11
88 10
89 9
89 9
90 8
91 7
91 7
92 7
92 7
93 6
94 6
94 6
95 6
95 6
96 6
96 6
97 7
97 7
98 7
98 7
98 8
98 8
99 9
99 9
100 10
100 11
100 11
99 12
99 13
99 13
99 14
99 15
98 16
98 17
98 18
98 18
98 19
97 20
97 21
97 22
96 23
96 24
96 24
96 25
95 26
95 27
95 28
95 29
94 30
94 31
94 31
94 32
94 33
93 34
93 35
93 36
93 37
92 38
92 39
92 40
92 40
92 41
91 42
91 43
91 44
91 45
90 46
90 47
90 48
90 48
90 49
90 50
90 51
89 52
89 53
89 54
89 55
89 55
89 56
89 57
88 58
88 59
88 60
88 61
88 61
88 62
88 63
88 64
88 65
88 66
88 67
88 67
88 68
88 69
88 70
88 71
88 71
88 72
87 73
87 74
87 74
87 75
87 76
87 77
87 77
87 78
87 79
87 80
87 81
87 81
88 82
88 83
88 83
88 84
88 84
88 84
88 83
88 83
87 82
87 81
86 80
86 79
85 78
84 77
84 76
83 75
82 74
82 73
81 72
81 71
80 70
79 69
79 68
78 67
77 66
77 65
76 64
76 63
75 62
74 61
74 60
73 59
73 58
72 57
71 56
71 55
70 54
69 53
69 52
68 51
68 50
67 49
67 49
68 50
68 51
68 51
67 50
67 50
67 49
67 49
68 48
68 48
69 48
70 47
71 47
71 47
72 46
73 45
73 45
74 44
75 43
75 43
76 42
77 42
77 42
78 41
78 41
79 40
79 40
79 39
79 39
79 39
78 38
78 38
78 38
78 37
78 36
77 35
77 34
77 33
77 32
77 32
76 31
76 31
75 30
75 30
75 31
75 31
74 32
74 33
74 33
74 34
74 35
74 36
74 36
74 37
73 38
73 39
73 39
73 40
72 41
72 42
72 43
72 43
72 44
72 45
72 46
72 46
71 47
71 48
70 49
69 50
69 51
68 52
67 53
67 54
66 55
65 56
65 57
64 58
64 58
63 59
63 59
62 59
62 59
62 58
62 58
63 57
63 57
64 56
65 56
66 55
66 55
67 54
68 54
69 53
69 53
70 52
71 52
72 51
72 51
73 50
74 50
75 49
75 49
76 49
77 48
78 48
78 48
79 47
80 47
80 47
81 47
81 47
82 47
82 47
81 48
80 48
79 49
78 50
77 50
76 51
75 52
74 52
73 53
72 54
71 54
70 55
69 56
68 56
67 57
67 57
66 58
66 59
66 59
66 60
66 60
66 61
65 62
65 63
65 63
65 64
65 65
65 66
65 66
65 67
65 68
65 69
65 69
65 70
65 70
66 71
66 72
66 72
67 73
67 73
67 73
67 72
67 71
67 70
67 69
66 68
66 67
66 66
66 65
66 64
66 64
66 63
67 62
67 61
67 61
68 60
68 59
68 59
69 58
70 57
70 57
71 56
72 56
72 56
73 55
74 55
74 55
75 54
76 54
76 54
77 55
78 55
78 55
79 56
79 56
79 57
79 58
79 58
80 59
80 60
80 60
79 61
79 62
79 62
78 63
77 64
77 64
76 65
76 66
75 67
75 67
74 68
73 69
73 69
72 70
72 71
72 71
71 72
70 72
70 72
69 73
69 73
70 73
70 73
71 73
71 73
72 73
73 73
73 73
74 72
75 71
