8 12
7 12
7 12
6 11
6 10
5 9
5 9
4 9
4 9
4 9
5 9
5 9
6 8
7 8
7 8
8 7
9 7
9 7
10 6
11 6
11 6
12 6
13 6
14 6
14 6
15 6
15 6
15 7
15 7
15 7
15 8
15 8
15 9
15 9
15 10
14 11
14 12
14 12
13 13
13 14
13 14
13 15
12 16
12 17
12 17
11 18
10 19
10 19
9 20
9 21
9 21
8 22
7 23
7 23
6 24
5 25
5 25
5 26
5 26
4 26
4 26
4 27
4 27
5 27
5 27
6 28
6 28
7 28
8 28
8 28
9 29
9 29
10 30
10 30
11 31
11 32
11 32
11 33
11 34
11 35
11 35
11 36
11 37
11 38
11 38
11 39
10 40
10 41
10 41
10 42
10 43
10 44
10 45
10 46
10 46
10 47
9 48
9 49
8 50
8 51
8 51
8 52
8 53
8 54
8 55
7 56
7 57
7 58
7 59
7 60
7 61
7 61
7 62
7 63
7 64
7 65
7 66
6 67
6 68
6 69
6 70
6 71
6 72
6 72
6 73
6 74
5 75
5 76
5 77
5 78
5 79
5 80
4 81
4 82
4 83
4 83
4 84
4 85
4 86
3 87
3 88
3 89
3 90
3 90
3 91
3 92
2 93
2 94
2 95
2 95
2 96
1 97
1 98
1 98
0 99
0 100
0 100
0 100
0 100
0 99
1 98
1 97
1 97
1 96
2 95
2 94
3 93
3 92
3 92
3 91
4 90
4 89
4 88
5 87
5 86
5 85
5 84
6 83
6 82
6 81
7 80
7 79
7 78
8 77
8 76
8 75
9 74
9 73
9 72
9 71
10 70
10 69
10 68
11 67
11 66
11 65
12 64
12 63
12 62
13 61
13 60
13 59
13 58
14 57
14 56
14 55
15 54
15 53
15 52
16 51
16 50
16 49
17 48
17 47
17 46
17 45
18 44
18 43
18 42
19 41
19 40
19 39
20 38
20 37
20 36
20 35
21 34
21 33
21 32
22 31
22 30
22 29
23 28
23 27
23 26
24 25
24 24
24 23
24 22
25 21
25 20
25 19
26 18
26 17
26 16
27 15
27 14
27 13
28 12
28 11
28 10
28 9
29 8
29 7
29 6
30 5
30 4
30 4
31 3
32 2
33 2
34 1
34 1
34 1
33 1
32 1
32 1
32 2
32 2
32 3
32 4
31 5
31 6
31 7
31 7
31 8
30 9
30 10
30 11
30 12
29 13
29 14
29 15
29 15
29 16
28 17
28 18
28 19
28 20
27 21
27 22
27 23
27 23
27 24
27 25
27 26
26 27
26 28
26 29
26 30
26 31
26 31
26 32
26 33
25 34
25 35
25 36
25 37
25 37
25 38
25 39
25 40
25 41
25 42
25 42
25 43
24 44
24 45
24 45
24 46
24 46
24 47
24 47
24 47
24 46
24 46
24 45
25 44
25 43
25 42
25 41
26 40
26 39
26 38
26 37
27 36
27 35
27 34
27 33
28 32
28 31
28 30
28 29
29 28
29 27
29 26
29 26
29 25
29 24
30 23
30 22
30 21
30 20
30 19
31 18
31 17
31 16
31 16
31 15
31 15
31 14
31 14
31 14
32 14
32 14
33 13
34 13
34 13
35 13
36 13
36 13
37 13
37 13
37 13
38 13
38 13
37 14
37 14
37 15
37 16
37 16
36 17
36 18
36 18
35 19
35 20
35 20
34 21
33 22
32 23
31 24
30 25
30 25
29 26
28 27
27 28
27 28
26 29
25 29
25 29
24 30
24 30
23 30
23 30
23 30
23 30
24 30
24 30
25 29
26 29
26 29
27 28
28 28
28 28
29 27
30 27
30 27
31 27
32 27
32 27
33 26
33 26
34 26
34 26
35 26
35 26
35 27
35 27
34 28
34 29
33 30
32 31
32 32
31 33
30 34
30 35
29 36
29 36
28 37
27 38
26 39
25 40
25 40
24 40
23 40
23 40
22 41
22 41
21 41
21 41
21 41
22 41
22 41
23 41
23 41
24 41
25 41
25 41
26 40
27 40
27 40
28 41
29 41
29 41
30 42
30 43
30 43
30 44
30 45
30 45
30 46
30 47
30 48
30 48
30 49
30 50
30 51
30 52
30 52
30 53
29 54
29 55
29 55
29 56
29 57
28 58
28 59
28 60
28 60
27 61
27 62
26 63
26 64
26 64
25 65
24 66
24 67
23 68
23 68
23 69
22 70
22 71
22 72
22 72
22 73
21 74
21 75
21 75
21 76
20 77
20 78
20 78
20 79
20 80
20 80
21 81
21 81
22 81
23 81
23 81
24 80
25 80
26 79
26 79
27 78
27 77
28 76
28 76
29 75
30 74
31 73
31 73
32 72
33 71
33 70
34 69
34 69
35 68
35 67
36 66
36 65
36 65
37 64
37 63
38 62
38 61
38 61
38 60
39 59
39 58
39 57
39 57
39 56
39 55
39 55
38 55
38 55
37 55
37 55
36 56
35 57
35 57
34 58
33 59
33 59
32 60
32 61
31 62
31 62
30 63
30 64
30 64
29 65
29 66
29 66
29 67
29 67
30 68
31 68
31 68
32 68
33 68
33 68
34 67
35 67
36 66
37 66
37 66
38 65
38 64
39 63
39 62
40 61
41 60
41 59
42 58
43 57
43 56
44 55
44 54
45 53
46 52
46 51
47 50
48 49
48 48
49 47
49 46
50 45
51 44
51 43
52 42
53 41
53 40
54 39
54 38
55 37
56 36
56 35
57 34
57 33
58 32
59 31
59 30
60 29
61 28
61 27
62 26
62 25
63 24
64 23
64 22
65 21
66 20
66 19
67 18
67 17
68 16
68 16
69 17
69 17
69 17
68 17
68 17
68 18
67 19
67 20
67 21
66 22
66 23
66 23
66 24
66 25
65 26
65 27
65 28
65 29
64 30
64 31
64 32
64 32
64 33
64 34
63 35
63 36
63 37
63 38
63 39
62 40
62 41
62 42
62 42
62 43
62 44
61 45
61 46
61 47
61 48
60 49
60 50
60 51
60 51
60 52
60 53
59 54
59 55
59 56
59 57
58 58
58 59
58 60
58 60
58 61
58 62
58 63
57 64
57 65
57 66
57 67
57 68
57 68
57 69
56 70
56 71
56 72
56 73
55 74
55 75
55 75
55 76
55 77
54 78
54 79
54 80
54 80
54 81
53 82
53 83
53 83
53 84
53 84
53 85
53 85
53 84
53 84
53 83
54 82
54 81
54 80
55 79
55 78
55 77
56 76
56 75
56 74
57 73
57 72
57 71
58 70
58 69
58 68
59 67
59 66
59 65
60 64
60 63
60 62
61 61
61 60
61 59
62 58
62 57
62 56
63 55
63 54
63 53
64 52
64 51
64 50
64 49
65 48
65 47
65 46
66 45
66 44
66 43
67 42
67 41
67 40
68 39
68 38
68 37
69 36
69 35
69 34
70 33
70 32
70 31
71 30
71 29
71 28
72 27
72 26
72 25
73 24
73 23
73 22
74 21
74 20
74 19
75 18
75 17
75 17
76 17
77 16
78 16
79 16
80 16
81 15
82 15
82 15
83 14
83 13
84 12
84 12
85 11
86 10
86 10
87 10
88 9
89 9
89 9
90 8
91 8
92 7
92 7
93 7
94 6
95 6
95 6
96 6
97 5
98 5
98 5
99 4
99 4
99 4
100 5
100 5
99 6
99 7
99 7
99 8
98 9
98 10
98 11
98 11
98 12
97 13
97 14
97 15
97 16
96 17
96 18
96 18
96 19
96 20
95 21
95 22
95 23
95 24
94 25
94 26
94 27
94 27
94 28
93 29
93 30
93 31
92 32
92 33
92 34
91 35
91 36
91 36
91 37
91 38
90 39
90 40
90 41
90 42
89 43
89 44
89 45
89 45
89 46
89 47
88 48
88 49
88 50
88 51
88 52
87 53
87 54
87 55
87 55
87 56
87 57
87 58
87 59
86 60
86 61
86 62
86 63
86 64
86 65
86 65
86 66
85 67
85 68
85 69
85 70
84 71
84 72
84 73
84 73
84 74
84 75
84 76
83 77
83 78
83 79
83 80
83 81
83 81
83 82
83 83
83 84
82 85
82 86
82 87
82 88
82 88
81 89
81 90
80 91
80 92
80 92
80 93
79 94
79 95
79 95
78 96
78 97
78 97
77 98
77 98
77 98
76 97
76 96
76 96
76 95
75 94
75 93
75 93
75 92
75 91
74 90
74 89
74 88
74 88
74 87
74 86
73 85
73 84
73 83
73 82
73 81
72 80
72 79
72 78
72 77
72 76
72 75
71 74
71 73
71 72
71 71
71 70
70 69
70 68
70 67
70 66
70 65
69 64
69 63
69 62
69 61
69 60
69 59
68 58
68 57
68 56
68 55
68 54
67 53
67 52
67 51
67 50
67 49
66 48
66 47
66 46
66 45
66 44
66 43
65 42
65 41
65 40
65 40
64 39
64 39
63 38
63 38
63 37
63 37
63 37
64 36
65 36
65 36
66 35
67 35
68 34
68 34
69 33
70 33
70 33
71 33
72 33
73 33
73 33
74 32
75 32
75 32
76 32
76 32
77 32
78 32
78 32
78 31
78 31
79 30
79 30
80 29
80 29
80 28
80 28
81 27
81 26
81 26
80 25
80 25
79 24
79 24
78 24
78 24
77 25
76 25
76 25
75 26
74 27
74 27
73 28
73 29
72 30
72 30
72 31
71 32
71 33
71 33
70 34
70 35
70 35
70 36
70 36
70 37
70 38
70 38
70 39
70 39
71 39
71 39
72 40
72 40
73 41
73 42
73 42
73 43
73 44
73 44
73 45
73 46
73 47
73 47
73 48
73 49
73 50
73 50
73 51
73 52
73 53
73 53
73 54
73 55
73 56
73 56
73 57
72 58
72 59
72 59
71 60
70 60
70 60
69 61
69 62
69 62
68 63
67 64
67 64
66 65
66 66
66 66
65 67
65 67
65 68
65 68
66 69
66 69
67 69
67 69
68 69
69 69
69 69
70 68
71 68
71 68
72 67
73 67
73 67
74 66
74 66
75 65
75 65
75 64
75 63
75 63
74 62
74 62
73 61
73 61
72 60
72 60
71 60
71 60
70 60
69 60
69 60
68 60
68 60
67 59
67 59
66 59
66 59
66 59
