4 18
3 19
3 19
2 19
2 19
1 18
1 17
1 17
1 16
1 16
0 17
0 17
0 17
0 17
1 16
2 16
2 16
3 16
4 16
4 16
5 15
6 15
7 14
8 14
8 14
9 14
10 13
11 13
11 13
12 13
13 12
14 12
14 12
15 12
16 12
16 12
17 12
18 12
18 12
19 12
20 12
20 12
20 13
20 14
20 14
21 15
21 16
21 16
21 17
20 18
20 19
20 20
20 20
19 21
19 22
18 23
18 24
18 24
17 25
17 26
16 27
16 27
15 28
15 29
14 30
14 31
14 31
13 32
12 33
11 34
11 34
10 35
9 36
9 36
8 36
7 37
6 37
6 37
5 38
4 39
4 39
3 39
2 39
2 39
1 39
1 39
0 39
0 39
0 39
1 38
1 38
2 37
2 36
2 36
3 35
4 35
4 35
5 34
6 34
6 34
7 33
8 33
8 33
9 32
10 32
10 32
11 31
12 31
12 31
13 31
13 31
14 30
15 30
15 30
16 30
16 30
16 30
16 31
16 31
16 32
15 33
15 34
15 34
14 35
14 36
13 37
13 38
13 38
12 39
12 40
11 41
11 42
11 42
10 43
9 44
9 45
8 46
8 46
7 47
6 48
6 49
5 50
5 50
4 51
4 52
3 53
3 54
3 54
2 55
1 56
1 56
0 57
0 57
0 58
0 58
1 57
1 57
2 57
3 57
3 57
4 56
5 55
5 55
6 55
7 54
8 54
9 54
9 54
10 53
11 53
11 53
12 54
13 54
13 54
13 55
14 56
14 57
14 58
14 58
14 59
14 60
14 61
14 62
14 63
14 63
14 64
14 65
14 66
14 67
14 68
14 69
14 69
14 70
14 71
14 72
14 73
14 74
14 75
14 76
14 76
14 77
14 78
13 79
13 80
13 81
13 82
13 82
13 83
13 84
12 85
12 86
12 87
12 87
11 88
11 89
10 90
10 91
10 91
9 92
8 93
7 94
7 94
6 95
5 96
4 97
4 97
3 98
2 99
2 99
2 98
3 97
3 96
3 95
4 94
4 93
4 92
5 91
5 90
5 89
6 88
6 87
7 86
7 85
7 84
8 83
8 82
8 81
9 80
9 79
9 78
10 77
10 76
10 75
11 74
11 73
11 72
12 71
12 70
12 69
13 68
13 67
13 66
14 65
14 64
15 63
15 62
15 61
16 60
16 59
16 58
17 57
17 56
17 55
18 54
18 53
18 52
19 51
19 50
19 49
20 48
20 47
20 46
21 45
21 44
21 43
22 42
22 41
22 40
23 39
23 38
24 37
24 36
24 35
25 34
25 33
25 32
26 31
26 30
26 29
27 28
27 27
27 26
28 25
28 24
28 23
29 22
29 21
29 20
30 19
30 18
30 17
31 16
31 15
32 14
32 13
32 12
33 11
33 10
33 9
34 8
34 7
34 6
35 5
35 4
35 4
36 3
37 2
37 2
36 2
36 2
36 1
36 0
36 0
37 1
37 1
37 2
37 3
37 4
37 5
37 5
37 6
37 7
36 8
36 9
36 10
36 11
36 11
36 12
35 13
35 14
35 15
35 16
34 17
34 18
34 19
34 19
34 20
34 21
34 22
33 23
33 24
33 25
33 26
33 27
33 27
33 28
33 29
32 30
32 31
32 32
32 33
31 34
31 35
31 36
31 36
31 37
31 38
31 39
30 40
30 41
30 42
30 43
30 44
30 44
30 45
30 46
30 47
29 48
29 49
29 50
29 51
29 51
29 52
29 53
28 54
28 55
28 56
28 56
28 57
28 58
28 59
28 59
27 60
27 60
27 61
27 61
27 60
27 60
28 59
28 59
28 58
28 57
29 56
29 55
29 54
29 53
29 52
29 51
30 50
30 49
30 48
30 47
30 46
31 45
31 44
31 43
31 42
31 41
32 40
32 39
32 38
32 37
32 36
32 35
33 34
33 33
33 32
33 31
33 30
34 29
34 28
34 27
34 26
34 25
34 24
35 23
35 22
35 21
35 21
35 20
36 19
36 18
37 17
37 16
37 15
38 14
38 13
38 13
38 12
38 11
38 11
39 10
39 9
39 9
40 8
41 8
41 8
42 7
43 7
44 6
44 6
45 5
46 5
46 5
47 5
48 5
48 5
49 5
49 5
50 5
50 5
50 6
50 6
49 7
49 8
49 8
48 9
47 10
46 11
46 12
45 13
44 14
43 15
42 16
41 17
41 18
40 19
39 20
39 20
38 21
37 22
36 23
35 24
34 25
34 25
33 26
32 26
32 26
31 26
31 26
31 27
31 27
32 27
32 27
33 27
33 27
34 27
35 26
36 26
36 26
37 26
38 26
38 26
39 26
40 25
41 25
41 25
42 25
42 25
43 25
43 25
43 26
43 26
42 27
42 27
41 28
41 29
41 29
40 30
39 31
38 32
37 33
36 34
35 34
34 35
33 36
32 37
31 38
31 38
30 39
29 40
28 41
27 42
26 43
26 43
25 43
25 43
25 43
26 43
26 43
27 42
28 42
28 42
29 42
30 41
31 41
31 41
32 40
33 39
33 39
34 38
35 38
36 37
36 37
37 37
38 36
39 36
39 36
40 36
41 36
41 36
42 36
42 36
43 36
43 36
42 37
41 38
40 39
39 40
38 41
37 42
36 43
35 44
34 45
33 46
32 47
31 48
30 49
29 50
28 51
27 51
26 52
25 53
24 54
23 55
22 56
21 57
20 58
19 59
18 60
17 61
16 62
15 63
14 64
13 65
13 65
12 66
12 67
11 68
11 69
11 69
11 68
11 68
12 68
12 68
13 67
13 67
14 66
14 65
15 64
15 64
16 63
17 63
18 62
19 62
19 62
20 61
21 60
22 59
22 59
23 58
24 57
25 57
26 56
26 56
27 55
28 54
29 53
29 53
30 52
31 52
32 51
33 51
33 51
34 50
35 49
35 49
36 48
36 48
36 49
36 49
36 50
36 50
35 51
35 52
35 52
35 53
34 54
34 55
34 55
33 56
33 57
32 58
32 59
32 59
31 60
31 61
30 62
30 63
29 64
29 64
29 65
28 66
28 67
28 68
28 69
27 70
27 71
27 71
27 72
26 73
26 74
26 75
26 76
25 77
25 78
25 78
25 79
24 80
24 81
23 82
23 83
23 83
23 84
22 85
22 86
22 87
22 87
22 88
22 89
22 89
23 90
23 90
24 89
25 89
25 89
26 88
27 87
27 87
28 86
29 85
30 85
31 84
31 84
32 83
33 82
34 81
35 80
35 80
36 79
37 78
38 77
39 76
39 76
40 75
41 74
41 73
42 72
43 71
43 71
44 70
44 69
45 68
45 68
46 67
47 66
47 66
47 66
46 66
46 66
45 67
45 67
44 67
43 68
42 68
42 68
41 69
40 69
39 70
39 70
38 71
37 71
36 72
35 72
35 72
34 73
33 73
33 73
32 74
32 74
31 75
31 75
32 74
32 74
33 75
34 75
34 75
35 75
36 75
37 75
37 75
38 75
39 76
40 76
41 76
41 76
42 76
43 76
44 76
44 76
45 76
46 76
47 76
48 76
48 76
49 76
50 76
50 76
51 76
51 76
52 75
52 75
52 75
53 75
53 75
53 75
53 74
54 73
54 72
54 71
55 70
55 69
56 68
56 67
56 66
57 65
57 64
57 63
58 62
58 61
58 60
59 59
59 58
59 57
60 56
60 55
61 54
61 53
61 52
62 51
62 50
62 49
63 48
63 47
63 46
64 45
64 44
64 43
65 42
65 41
66 40
66 39
66 38
67 37
67 36
67 35
68 34
68 33
68 32
69 31
69 30
69 29
70 28
70 27
71 26
71 25
71 24
72 23
72 22
72 22
71 21
71 20
71 20
71 19
71 19
70 19
70 19
71 20
71 20
71 21
70 22
70 23
70 23
70 24
70 25
70 26
70 27
70 28
70 29
70 29
70 30
70 31
70 32
69 33
69 34
69 35
69 36
69 36
69 37
69 38
68 39
68 40
68 41
68 42
67 43
67 44
67 45
67 45
67 46
67 47
66 48
66 49
66 50
66 51
66 52
65 53
65 54
65 55
65 55
65 56
65 57
64 58
64 59
64 60
64 61
64 62
64 63
63 64
63 65
63 66
63 66
63 67
63 68
63 69
62 70
62 71
62 72
62 73
62 74
62 74
62 75
62 76
61 77
61 78
61 79
61 80
61 80
61 81
60 82
60 83
60 84
60 84
60 85
60 86
60 87
60 87
60 88
60 89
60 89
61 89
61 89
61 89
61 88
61 87
62 86
62 85
62 84
62 83
63 82
63 81
63 80
63 79
64 78
64 77
64 76
64 75
65 74
65 73
65 72
65 71
66 70
66 69
66 68
66 67
66 66
67 65
67 64
67 63
67 62
68 61
68 60
68 59
68 58
69 57
69 56
69 55
69 54
70 53
70 52
70 51
70 50
71 49
71 48
71 47
71 46
71 45
72 44
72 43
72 42
72 41
73 40
73 39
73 38
73 37
74 36
74 35
74 34
74 33
75 32
75 31
75 30
75 29
76 28
76 27
76 26
76 26
77 25
78 24
78 23
79 22
80 21
80 21
80 20
81 19
81 18
81 17
81 17
82 16
83 16
84 15
85 15
85 15
86 14
87 14
88 13
88 13
89 12
90 12
91 11
91 11
92 11
93 11
93 11
94 11
95 11
95 11
96 11
96 11
97 11
97 11
98 11
98 11
98 11
99 11
99 11
99 11
99 11
100 12
100 13
100 13
100 14
100 14
99 15
99 16
99 16
99 17
99 18
99 19
99 19
99 20
98 21
98 22
98 22
98 23
97 24
97 25
97 26
97 26
97 27
97 28
96 29
96 30
96 31
96 32
96 32
96 33
95 34
95 35
95 36
94 37
94 38
94 38
94 39
94 40
94 41
94 42
93 43
93 44
93 45
93 46
93 47
93 47
93 48
93 49
92 50
92 51
92 52
92 53
91 54
91 55
91 56
91 56
91 57
91 58
91 59
91 60
90 61
90 62
90 63
90 64
90 65
90 66
90 66
90 67
90 68
90 69
89 70
89 71
89 72
89 73
89 74
89 74
89 75
89 76
89 77
88 78
88 79
88 80
88 81
88 81
88 82
88 83
87 84
87 85
87 86
87 87
87 87
87 88
87 89
87 90
87 91
87 91
88 92
88 93
88 93
88 94
88 94
88 95
88 96
88 96
88 97
88 98
88 98
87 99
87 99
87 100
87 100
87 100
87 100
87 100
87 99
87 98
87 98
87 97
88 96
88 95
88 95
88 94
87 93
87 92
86 91
86 90
85 89
85 88
84 87
84 86
84 85
83 84
83 83
82 82
82 81
81 80
81 79
80 78
80 77
80 76
79 75
79 74
78 73
78 72
77 71
77 70
76 69
76 68
76 67
75 66
75 65
74 64
74 63
73 62
73 61
72 60
72 59
72 58
71 57
71 56
70 55
70 54
69 53
69 52
68 51
68 50
68 50
69 51
70 51
70 51
70 50
70 50
71 49
71 49
72 49
73 48
74 48
74 48
75 48
76 47
77 47
77 47
78 46
79 45
79 45
80 44
81 43
81 43
82 43
83 43
83 43
84 42
84 42
84 42
84 42
84 41
84 41
83 40
82 39
82 39
81 38
81 38
80 38
80 38
79 38
79 38
79 39
79 40
79 40
79 41
79 41
79 42
78 43
78 44
78 44
78 45
78 46
78 46
78 47
78 48
78 48
77 49
77 50
76 51
75 52
75 53
74 54
73 55
73 56
72 57
72 57
71 58
70 59
70 59
70 59
70 59
71 59
71 59
72 58
73 58
73 58
74 57
75 56
75 56
76 56
77 55
78 55
78 55
79 54
80 54
80 54
81 53
82 53
83 52
83 52
84 52
84 52
85 52
85 52
84 53
83 53
82 54
81 54
80 55
79 56
78 56
77 57
76 57
75 58
75 58
75 59
75 60
75 61
74 62
74 63
74 64
74 65
74 66
74 66
74 65
74 65
73 66
72 67
72 67
72 68
72 69
72 70
72 71
72 71
72 72
72 72
72 73
72 73
72 73
73 74
73 74
73 74
73 74
74 73
74 72
74 72
74 71
74 71
74 70
75 69
75 68
75 68
76 67
76 66
76 66
77 65
77 64
77 64
78 63
78 63
79 62
79 62
80 63
80 63
81 63
81 63
81 64
81 65
81 65
81 66
81 67
81 67
80 68
80 69
80 69
79 70
78 70
78 70
77 71
77 72
77 72
76 73
76 73
76 74
76 74
76 74
77 73
