12 12
11 13
11 13
10 12
9 12
9 12
8 11
8 11
8 12
8 12
9 12
9 12
10 11
10 11
11 10
12 10
12 10
13 10
14 9
15 9
15 9
16 8
17 8
17 8
18 8
19 8
19 8
20 9
20 9
20 10
20 11
20 11
19 12
19 13
19 13
19 14
18 15
18 16
17 17
17 18
17 18
16 19
16 20
15 21
15 22
15 22
15 23
14 24
14 25
13 26
13 27
13 27
12 28
12 29
11 30
11 30
10 31
10 32
10 32
9 33
8 33
8 33
8 34
8 34
7 34
7 34
7 34
8 35
8 35
8 35
9 35
9 35
10 36
10 36
10 37
10 38
10 38
11 39
11 40
11 40
11 41
11 42
11 43
11 44
11 44
11 45
12 46
12 47
12 47
12 48
12 49
12 50
12 50
12 51
12 52
12 53
12 53
12 54
12 55
12 56
12 56
12 57
12 58
12 59
12 59
12 60
12 61
12 62
12 63
12 64
12 64
12 65
12 66
11 67
11 68
11 69
11 70
11 70
11 71
11 72
10 73
10 74
10 75
10 76
10 76
10 77
9 78
9 79
9 80
8 81
8 82
8 82
8 83
8 84
7 85
7 86
7 87
7 87
7 88
6 89
6 90
5 91
5 92
5 92
4 93
4 94
3 95
3 95
2 96
1 97
1 97
0 98
0 99
0 99
0 100
0 100
0 99
0 98
0 98
1 97
1 96
1 96
1 95
2 94
2 93
2 92
3 91
3 90
3 89
4 88
4 87
5 86
5 85
5 84
6 83
6 82
6 81
7 80
7 79
7 78
8 77
8 76
8 75
9 74
9 73
10 72
10 71
10 70
11 69
11 68
11 67
12 66
12 65
12 64
13 63
13 62
13 61
14 60
14 59
14 58
15 57
15 56
16 55
16 54
16 53
17 52
17 51
17 50
18 49
18 48
18 47
19 46
19 45
19 44
20 43
20 42
21 41
21 40
21 39
22 38
22 37
22 36
23 35
23 34
23 33
24 32
24 31
24 30
25 29
25 28
25 27
26 26
26 25
27 24
27 23
27 22
28 21
28 20
28 19
29 18
29 17
29 16
30 15
30 14
30 13
31 12
31 11
32 10
32 9
32 8
33 7
33 6
33 5
34 4
34 3
34 3
35 3
36 3
37 3
37 3
38 2
38 1
38 1
37 0
37 0
37 0
37 1
36 2
36 3
36 4
36 4
36 5
35 6
35 7
34 8
34 9
34 10
33 11
33 12
33 12
33 13
33 14
32 15
32 16
32 17
32 18
32 19
32 20
31 21
31 22
31 23
31 23
31 24
31 25
30 26
30 27
30 28
30 29
30 30
30 31
29 32
29 33
29 34
29 35
29 35
29 36
29 37
29 38
28 39
28 40
28 41
28 42
28 43
28 43
28 44
28 45
28 46
27 47
27 48
27 49
27 50
27 50
27 51
27 52
27 53
27 54
27 54
27 55
27 56
27 56
26 56
26 56
26 56
26 55
26 54
26 54
26 53
27 52
27 51
27 51
27 50
27 49
27 48
27 47
27 46
27 46
27 45
27 44
28 43
28 42
28 41
28 40
29 39
29 38
29 37
29 36
29 35
30 34
30 33
30 32
30 32
30 31
31 30
31 29
31 28
31 27
32 26
32 25
32 24
32 23
33 22
33 21
33 20
33 19
34 18
34 17
34 17
34 16
35 15
35 14
35 13
36 12
36 11
36 11
36 10
36 9
36 8
36 8
37 7
37 7
37 7
38 7
38 7
39 7
40 7
40 7
41 6
41 6
42 6
42 6
43 6
43 6
43 7
43 7
43 8
43 8
43 9
42 10
42 11
42 12
42 12
42 13
41 14
41 15
40 16
40 17
40 17
39 18
39 19
38 20
38 21
38 21
37 22
37 23
36 24
36 24
35 25
34 26
34 26
33 27
32 27
32 27
31 28
31 28
30 28
30 28
30 29
30 29
29 29
29 29
30 29
30 29
31 30
31 30
32 29
32 29
33 29
34 29
34 29
35 29
36 28
37 28
37 28
38 28
38 28
39 28
39 28
39 28
39 29
39 29
39 30
39 30
38 31
38 32
38 32
37 33
36 33
36 33
35 34
34 35
34 35
33 36
32 36
31 37
31 37
30 38
29 39
29 39
28 40
27 40
26 41
26 41
25 42
24 42
24 42
23 43
22 44
22 44
21 45
21 45
20 46
20 46
20 47
20 47
20 47
20 46
20 46
21 46
22 46
22 46
23 45
23 45
24 44
25 44
25 44
26 44
27 44
27 44
28 45
28 45
29 46
29 46
29 47
29 48
29 49
29 49
29 50
29 51
29 52
29 52
28 53
28 54
27 55
27 56
27 56
26 57
26 58
25 59
25 60
25 60
24 61
24 62
23 63
23 64
23 64
23 65
22 66
22 67
21 68
21 69
21 69
20 70
20 71
19 72
19 73
19 73
19 74
18 75
18 76
17 77
17 78
17 78
17 79
16 80
16 81
16 81
16 82
16 83
16 84
16 84
16 85
16 86
16 86
17 87
18 87
18 87
19 87
20 87
20 87
21 87
22 86
23 86
23 86
24 85
25 84
26 83
26 83
27 82
28 81
29 81
30 80
30 80
31 79
31 78
32 77
32 76
32 76
33 75
34 74
34 73
35 72
35 72
35 71
36 70
36 69
36 69
37 68
37 67
37 67
36 67
36 67
36 67
35 68
34 68
34 68
34 69
33 70
33 71
33 71
32 72
31 72
30 73
30 73
30 74
29 75
29 76
29 76
28 77
27 78
27 78
26 79
26 80
26 80
25 81
25 82
25 82
26 83
26 84
26 84
27 85
27 86
27 86
28 86
29 86
29 86
30 85
31 85
31 85
32 84
33 83
34 83
35 82
35 82
36 81
37 80
37 79
38 78
38 78
39 77
39 76
40 75
40 74
41 73
41 73
42 72
42 71
43 70
43 69
44 68
44 67
45 66
45 65
46 64
46 63
47 62
48 61
48 60
49 59
49 58
50 57
50 56
51 55
51 54
52 53
53 52
53 51
54 50
54 49
55 48
55 47
56 46
56 45
57 44
57 43
58 42
59 41
59 40
60 39
60 38
61 37
61 36
62 35
62 34
63 33
63 32
64 31
64 31
65 30
66 29
66 28
67 27
67 27
68 26
68 26
68 25
68 25
69 25
69 25
70 24
70 24
71 23
71 23
72 22
72 22
73 21
73 21
73 21
72 22
72 23
72 23
71 24
71 25
70 26
70 27
70 27
70 28
69 29
69 30
69 31
69 32
68 33
68 34
68 35
68 35
68 36
67 37
67 38
67 39
66 40
66 41
66 42
65 43
65 44
65 44
65 45
65 46
64 47
64 48
64 49
64 50
64 51
64 52
63 53
63 54
63 55
63 55
63 56
63 57
62 58
62 59
62 60
62 61
61 62
61 63
61 64
61 64
61 65
61 66
61 67
60 68
60 69
60 70
60 71
60 72
60 72
60 73
60 74
60 75
59 76
59 77
59 78
59 79
59 79
59 80
59 81
59 82
59 83
59 83
59 84
58 85
58 86
58 86
58 87
58 88
58 89
58 89
57 90
57 90
57 91
57 91
57 91
58 90
58 89
58 89
58 88
59 87
59 86
59 85
59 84
60 83
60 82
60 81
60 80
61 79
61 78
61 77
62 76
62 75
62 74
62 73
63 72
63 71
63 70
63 69
64 68
64 67
64 66
65 65
65 64
65 63
65 62
66 61
66 60
66 59
66 58
67 57
67 56
67 55
67 54
68 53
68 52
68 51
69 50
69 49
69 48
69 47
70 46
70 45
70 44
70 43
71 42
71 41
71 40
72 39
72 38
72 37
72 36
73 35
73 34
73 33
73 32
74 31
74 30
74 30
75 29
76 28
77 27
78 26
78 26
79 25
80 24
81 23
81 23
82 22
83 21
83 21
84 20
85 19
86 19
87 18
88 17
89 16
90 16
91 15
92 14
92 14
93 13
94 12
95 12
96 11
96 11
97 11
97 11
98 11
98 11
98 11
99 11
99 11
99 12
99 12
99 13
100 14
100 15
100 15
100 16
99 17
99 18
99 19
99 19
99 20
99 21
99 22
98 23
98 24
98 25
98 26
98 26
98 27
98 28
98 29
98 30
97 31
97 32
97 33
97 34
97 35
97 35
97 36
97 37
96 38
96 39
96 40
96 41
96 42
96 43
95 44
95 45
95 46
95 46
95 47
95 48
95 49
95 50
95 51
94 52
94 53
94 54
94 55
94 56
94 57
94 58
94 58
94 59
94 60
94 61
94 62
93 63
93 64
93 65
93 66
93 67
93 68
93 68
93 69
93 70
93 71
93 72
93 73
93 74
93 75
93 76
93 77
93 77
93 78
93 79
93 80
93 81
93 82
93 83
93 83
93 84
94 85
94 86
94 87
94 87
94 88
93 89
93 90
93 90
93 91
93 92
93 93
93 93
93 94
93 95
93 96
93 96
92 97
92 98
92 98
92 99
92 99
91 100
91 100
91 100
90 100
90 100
90 99
90 99
89 98
89 98
89 97
88 96
88 95
88 95
88 94
87 93
87 92
87 92
87 91
86 90
86 89
85 88
85 87
85 87
85 86
85 85
84 84
84 83
84 82
84 82
84 81
83 80
83 79
82 78
82 77
81 76
81 75
80 74
80 73
79 72
79 71
79 70
78 69
78 68
77 67
77 66
76 65
76 64
75 63
75 62
74 61
74 60
73 59
73 58
73 57
72 56
72 55
71 54
71 53
70 52
70 51
69 50
69 49
68 48
68 47
68 47
69 48
69 48
68 47
68 47
68 46
68 45
68 45
69 44
69 44
70 43
71 42
71 42
72 41
73 40
74 39
74 39
75 38
76 37
77 36
77 36
78 35
78 34
79 33
79 33
80 32
80 31
81 30
81 30
81 29
81 28
81 27
81 27
81 26
82 25
82 24
82 24
82 23
82 22
82 22
81 21
81 20
81 20
81 20
81 20
80 21
80 22
80 22
80 23
79 24
79 25
79 26
79 26
79 27
79 28
79 29
79 30
79 31
79 31
79 32
79 33
78 34
78 35
78 36
78 36
78 37
77 38
77 39
77 39
77 40
77 41
77 42
77 42
76 43
76 44
76 44
75 45
75 46
75 46
74 47
74 48
74 48
73 49
73 49
73 50
73 51
73 51
72 52
72 53
72 53
73 54
73 55
73 55
73 56
73 57
73 57
74 58
74 58
74 59
74 59
74 60
74 60
74 60
73 61
72 62
72 62
71 63
71 64
70 65
70 65
69 66
68 67
68 68
67 69
67 69
66 70
66 71
65 72
65 73
65 73
64 74
64 75
63 76
63 77
63 77
62 78
62 79
62 79
62 80
62 81
62 81
63 82
63 82
64 83
64 83
65 83
66 83
66 83
67 82
67 82
68 82
69 82
69 82
70 81
70 81
71 80
71 80
72 80
72 80
72 79
72 79
73 78
73 77
73 77
73 76
73 76
73 75
73 74
73 73
73 73
73 72
73 71
73 70
73 70
73 69
73 68
73 68
72 67
72 66
72 66
71 65
70 64
70 64
69 63
69 63
68 62
68 62
67 62
67 62
66 62
65 62
65 62
65 62
64 61
