0 30
1 31
1 31
1 30
2 29
2 28
2 28
3 27
3 26
4 25
4 24
5 23
5 23
6 22
7 21
7 20
8 19
8 19
9 18
10 17
11 17
12 16
12 16
13 15
14 15
15 14
15 14
16 13
17 12
17 12
18 12
19 12
20 12
20 12
20 13
19 14
19 15
18 16
18 17
17 18
17 19
16 20
16 21
15 22
15 23
15 23
15 24
15 25
15 26
15 27
15 28
15 29
16 30
16 31
16 32
16 33
16 34
16 35
16 36
16 36
15 37
15 38
15 38
15 39
15 40
15 41
15 42
16 43
16 44
16 45
16 46
16 47
16 48
16 48
16 49
16 50
16 51
16 52
16 53
16 54
16 55
16 56
16 57
16 58
16 59
16 60
16 61
16 61
16 62
16 63
16 64
16 65
16 66
16 67
16 68
17 69
17 70
17 71
17 72
17 73
17 74
17 75
17 76
17 76
17 77
17 78
17 79
17 80
17 81
17 82
17 83
17 84
17 85
17 85
17 86
17 87
18 88
18 89
18 90
18 91
18 91
18 92
17 93
17 94
17 95
17 95
16 96
16 97
16 97
15 97
14 97
14 97
13 97
12 97
11 97
10 97
10 97
9 96
8 95
8 94
7 93
7 93
8 92
8 91
9 90
9 89
10 88
10 87
11 86
11 85
12 84
12 83
13 82
13 81
14 80
14 79
15 78
15 77
16 76
16 75
17 74
17 73
18 72
18 71
19 70
19 69
20 68
20 67
21 66
21 65
22 64
22 63
23 62
23 61
24 60
24 59
25 58
25 57
26 56
26 55
27 54
27 53
28 52
28 51
29 50
29 49
30 48
30 47
31 46
31 45
32 44
32 43
33 42
33 41
34 40
34 39
35 38
35 37
36 36
36 35
37 34
37 33
38 32
38 31
39 30
39 29
40 28
40 27
41 26
41 25
42 24
42 23
42 23
42 24
42 25
42 26
42 27
42 28
42 29
42 29
41 28
41 28
41 27
41 27
42 26
43 26
43 26
44 25
44 24
45 23
45 23
46 22
47 21
48 21
49 20
49 20
50 19
51 19
52 18
52 18
53 17
54 16
55 16
56 15
56 15
57 14
57 13
58 12
58 12
58 11
57 10
57 9
57 8
57 7
56 6
56 5
56 4
56 3
55 2
55 1
55 0
55 0
55 1
54 2
54 3
53 4
53 5
53 5
52 6
52 7
52 7
51 8
51 9
50 10
50 10
49 11
49 12
48 13
48 14
48 14
48 15
47 16
47 17
47 18
47 19
46 20
46 21
46 22
46 22
46 23
46 24
45 25
45 26
45 27
45 28
45 29
45 30
44 31
44 32
44 33
44 33
44 34
44 35
44 36
43 37
43 38
43 39
43 40
43 41
43 42
43 43
42 44
42 45
42 46
42 47
42 47
42 48
42 49
41 50
41 51
41 52
41 53
41 54
40 55
40 56
40 57
40 57
40 58
40 59
40 60
39 61
39 62
39 63
39 64
39 64
39 65
39 66
38 67
38 68
38 69
38 69
38 70
38 70
38 69
38 68
39 67
39 66
39 65
39 64
39 63
39 62
40 61
40 60
40 59
40 58
40 57
41 56
41 55
41 54
41 53
41 52
41 51
42 50
42 49
42 48
42 47
42 46
42 45
43 44
43 43
43 42
43 42
43 43
43 44
44 45
44 46
44 47
44 48
44 49
45 50
45 51
45 52
45 52
46 53
46 54
46 54
45 53
45 53
45 54
45 55
45 56
45 57
44 58
44 59
44 60
44 61
44 62
44 63
44 63
44 64
44 65
44 66
44 67
44 68
44 69
44 70
44 71
44 72
44 73
44 74
44 74
44 75
44 76
44 77
44 78
44 79
44 80
44 81
44 82
44 83
44 84
44 85
44 86
44 86
44 87
44 88
44 89
43 90
43 91
43 92
43 93
43 94
43 94
43 95
43 96
43 97
43 98
43 98
42 99
42 100
42 100
42 100
42 99
42 98
42 97
42 96
42 95
43 94
43 93
43 92
43 91
43 90
43 89
43 88
43 87
43 86
43 85
44 84
44 83
44 82
44 81
44 80
44 79
44 78
44 77
44 76
44 75
45 74
45 73
45 72
45 71
45 70
45 69
45 68
45 67
45 66
45 65
46 64
46 63
46 62
46 61
46 60
46 59
46 58
46 57
46 56
46 55
47 54
47 53
47 52
47 51
47 50
47 49
47 49
48 48
49 47
50 47
51 46
51 46
51 45
52 44
52 43
52 43
52 42
52 41
52 40
52 40
53 41
53 42
53 42
53 43
54 44
54 45
54 46
54 46
54 47
54 48
54 49
54 50
54 51
54 51
54 52
55 53
55 54
55 55
55 55
55 56
56 57
56 58
56 59
56 59
56 60
57 61
57 62
57 63
57 63
57 64
58 65
58 66
58 66
59 67
59 68
60 69
60 70
60 70
61 71
61 72
62 73
62 74
62 74
62 75
62 76
62 77
62 78
62 79
62 79
62 80
62 81
62 82
62 83
62 84
62 84
62 85
62 86
61 87
61 88
61 89
61 89
61 90
60 91
60 92
60 92
59 93
59 93
58 93
58 93
58 92
58 91
58 90
58 90
58 89
58 88
57 87
57 86
57 85
57 84
57 84
57 83
57 82
57 81
57 80
57 79
57 78
57 77
57 76
57 76
57 75
57 74
57 73
57 72
57 71
57 70
57 69
57 68
57 68
57 67
57 66
57 65
57 64
57 63
57 63
57 62
57 61
57 61
58 60
59 59
59 59
60 58
61 58
61 58
62 57
62 56
63 55
63 54
64 53
64 52
65 51
65 50
66 49
66 48
67 47
67 46
68 45
68 44
69 43
69 42
70 41
70 40
71 39
72 38
72 37
73 36
73 35
74 34
74 33
75 32
75 31
76 30
76 29
77 28
77 27
78 26
78 25
79 24
79 23
80 22
80 21
81 20
81 20
81 21
81 22
81 23
81 24
81 25
81 25
81 26
81 26
80 25
80 24
80 24
80 25
80 26
79 27
79 28
79 29
79 30
79 30
79 31
79 32
79 33
80 34
80 35
80 36
80 37
80 37
80 38
80 39
80 40
81 41
81 42
81 43
81 44
81 44
82 45
83 46
83 46
84 46
85 46
86 46
86 46
87 46
88 45
89 45
89 45
90 44
91 43
92 42
92 42
93 41
93 40
94 39
94 39
94 38
95 37
95 36
95 36
95 35
95 34
95 33
94 32
94 31
94 30
94 29
94 28
94 27
94 26
94 25
93 24
93 23
93 22
93 21
93 20
93 20
93 21
93 22
92 23
92 24
92 25
92 26
92 27
91 28
91 29
91 30
91 30
91 31
90 32
90 33
90 34
90 34
90 35
90 36
90 37
89 38
89 39
89 40
89 41
89 42
89 42
89 43
89 44
89 45
89 46
88 47
88 48
88 49
88 50
88 51
88 52
88 52
88 53
88 54
88 55
88 56
88 57
88 58
88 59
88 60
88 61
88 62
88 62
88 63
88 64
88 65
88 66
88 67
88 68
88 69
88 70
88 71
88 71
88 72
88 73
88 74
88 75
88 76
88 77
88 77
87 76
86 75
85 75
84 74
84 74
84 74
84 73
84 73
85 72
85 71
85 71
86 71
86 71
87 71
88 71
88 71
89 72
90 72
90 72
91 73
91 74
91 74
91 75
92 76
92 77
92 78
92 78
92 79
92 80
92 81
92 82
92 83
92 83
92 84
92 85
92 86
92 87
92 88
92 89
92 90
92 90
92 91
92 92
92 93
92 94
92 95
92 95
92 96
92 97
92 98
92 98
93 99
93 99
94 98
94 98
95 97
95 96
95 96
96 95
97 94
97 94
98 93
99 93
100 92
