2 15
2 16
2 17
2 18
2 19
2 20
2 20
1 19
1 19
0 19
0 19
0 20
0 20
0 21
0 21
0 22
0 23
0 23
1 24
1 24
2 24
3 24
4 24
4 24
5 23
6 23
7 22
7 22
8 21
9 21
10 20
11 20
11 20
12 19
13 18
14 18
15 17
15 17
16 16
17 15
18 14
18 14
19 13
20 12
21 11
21 11
22 10
23 10
23 10
22 11
21 12
20 13
19 14
18 15
17 16
16 17
15 18
14 19
14 19
14 20
14 21
14 22
14 23
14 24
14 25
14 26
14 27
14 28
14 28
14 29
14 29
14 30
13 31
13 32
13 32
13 33
13 34
13 35
13 36
13 37
13 37
13 38
13 39
13 40
13 41
13 42
13 43
13 44
13 45
13 46
13 46
13 47
13 48
13 49
13 50
14 51
14 52
14 53
14 54
14 55
14 55
14 56
14 57
14 58
14 59
14 60
14 61
14 62
14 63
14 64
14 64
14 65
14 66
14 67
14 68
14 69
14 70
14 71
14 71
14 72
14 73
14 74
14 75
14 76
14 77
14 77
14 78
14 79
14 80
14 81
14 82
14 82
14 83
13 84
13 85
13 85
12 86
12 87
12 87
11 88
10 88
10 88
9 87
8 87
8 87
7 86
6 85
5 84
5 84
6 83
6 82
7 81
7 80
8 79
8 78
9 77
9 76
10 75
10 74
11 73
11 72
12 71
12 70
13 69
13 68
14 67
14 66
15 65
15 64
16 63
16 62
17 61
17 60
18 59
18 58
19 57
19 56
20 55
20 54
21 53
21 52
22 51
22 50
23 49
23 48
24 47
24 46
25 45
25 44
26 43
26 42
27 41
27 40
28 39
28 38
29 37
29 36
30 35
30 34
31 33
31 32
32 31
32 30
32 30
33 30
34 30
35 30
35 30
36 29
36 28
37 27
37 27
38 26
38 25
39 24
39 24
40 23
41 22
41 21
42 20
42 20
43 19
44 18
45 17
46 16
46 16
47 15
48 14
49 14
50 13
50 13
51 12
52 11
53 11
54 10
54 10
55 9
56 8
56 8
57 8
58 7
59 7
59 7
60 7
60 7
59 6
58 5
57 4
57 3
56 2
55 1
55 1
55 2
55 2
54 2
54 2
54 1
54 0
54 0
53 1
53 2
53 2
53 3
52 4
52 5
52 6
52 6
52 7
51 8
51 9
51 10
51 10
51 11
51 12
50 13
50 14
50 15
50 16
49 17
49 18
49 19
49 19
49 20
48 21
48 22
47 23
47 24
47 25
46 26
46 27
46 27
46 28
45 29
45 30
44 31
44 32
43 33
43 34
43 34
43 35
42 36
42 37
42 38
41 39
41 40
41 41
41 42
40 43
40 44
40 44
40 45
39 46
39 47
39 48
38 49
38 50
38 51
37 52
37 53
37 53
37 54
36 55
36 56
36 57
36 58
35 59
35 60
35 61
35 61
35 62
35 63
34 64
34 65
34 66
34 66
34 65
35 64
35 63
35 62
35 61
36 60
36 59
36 58
36 57
37 56
37 55
37 54
38 53
38 52
38 51
38 50
39 49
39 48
39 47
39 46
40 45
40 44
40 43
40 42
41 41
41 40
41 39
42 38
42 37
42 36
42 35
43 34
43 33
43 32
43 31
44 30
44 29
44 29
45 29
46 28
47 28
47 28
47 28
47 29
47 29
47 30
47 31
47 32
47 33
47 33
47 34
47 35
46 36
46 37
46 38
46 39
46 39
46 40
46 41
46 42
46 43
45 44
45 45
45 46
45 47
45 48
45 48
45 49
45 50
45 51
45 52
45 53
45 54
45 55
45 56
45 57
45 58
45 58
45 59
45 60
44 61
44 62
44 63
44 64
44 65
44 66
43 67
43 68
43 69
43 69
43 70
43 71
43 72
43 73
43 74
42 75
42 76
42 77
42 78
42 79
42 80
42 80
42 81
42 82
42 83
42 84
41 85
41 86
41 87
41 88
41 89
41 89
41 88
41 87
41 86
41 85
41 84
41 83
42 82
42 81
42 80
42 79
42 78
42 77
42 76
42 75
42 74
42 73
42 72
42 71
43 70
43 69
43 68
43 67
43 66
43 65
43 64
43 63
43 62
43 61
43 60
43 59
43 58
44 57
44 56
44 55
44 54
44 53
44 52
44 51
44 51
45 50
46 49
47 48
48 47
49 46
49 46
49 45
50 44
50 43
50 42
51 41
51 40
51 40
51 39
51 38
51 37
51 36
52 35
52 34
52 33
52 32
52 31
52 31
53 30
54 29
54 29
55 28
55 28
56 28
57 28
57 28
58 29
58 29
59 30
59 31
59 31
59 32
60 33
60 34
60 34
60 35
60 36
59 37
59 38
59 39
59 39
59 40
59 41
59 42
59 43
59 44
59 45
59 45
59 46
59 47
58 48
58 49
58 50
58 51
58 51
58 52
58 53
57 54
57 55
57 56
57 56
57 57
57 58
57 59
57 59
58 60
58 61
58 61
58 62
58 63
58 63
59 64
60 65
60 65
60 66
61 67
61 68
61 69
61 69
62 70
62 71
63 72
63 73
63 73
63 74
63 75
63 76
63 77
63 78
63 78
63 79
63 80
64 81
64 82
64 83
64 84
64 84
64 85
64 86
63 87
63 88
63 89
63 90
63 90
63 91
63 92
62 93
62 94
62 95
62 96
62 96
61 97
61 98
61 98
60 98
60 98
60 97
59 96
59 95
59 95
59 94
59 93
58 92
58 91
58 90
58 89
58 89
58 88
58 87
58 86
57 85
57 84
57 83
57 82
57 81
57 81
57 80
57 79
57 78
58 77
58 76
58 75
58 74
58 73
58 73
58 72
58 71
58 70
59 69
59 68
59 67
59 66
59 66
59 65
60 64
60 63
61 62
61 61
61 61
62 60
62 59
63 58
63 57
63 57
64 56
64 55
65 54
65 53
66 52
66 51
67 50
67 49
68 48
68 47
69 46
69 45
70 44
70 43
71 42
71 41
72 40
72 39
73 38
73 37
74 36
74 35
75 34
75 33
76 32
76 31
77 30
77 29
78 28
78 27
79 26
79 25
80 24
80 23
81 22
81 21
82 20
82 19
83 18
83 17
84 16
84 15
85 14
85 14
85 15
84 16
84 17
84 17
83 16
83 16
82 17
82 17
81 18
81 19
80 20
80 20
80 21
80 22
79 23
79 24
79 25
79 26
79 26
79 27
79 28
79 29
79 30
79 31
79 32
79 33
79 33
79 34
79 35
79 36
79 37
79 38
79 39
79 40
79 40
79 41
79 42
79 43
79 44
79 45
79 45
80 46
81 47
81 47
82 47
83 48
84 48
84 48
85 47
86 47
87 46
87 46
88 45
89 45
90 44
91 44
91 44
92 43
93 42
94 41
94 41
95 40
95 39
96 38
96 38
97 37
97 36
97 36
98 35
98 35
98 34
97 33
97 32
97 31
97 30
96 29
96 28
96 27
96 26
95 25
95 24
95 23
94 22
94 21
94 20
94 19
93 18
93 17
93 16
93 15
92 14
92 13
92 13
92 14
92 15
93 16
93 17
93 18
93 19
93 19
93 18
92 17
92 16
92 16
92 17
92 17
92 18
92 19
92 20
92 21
92 22
92 22
92 23
92 24
92 25
91 26
91 27
91 28
91 29
91 30
91 30
91 31
91 32
91 33
91 34
91 35
91 36
91 37
91 38
91 39
91 40
91 40
91 41
91 42
91 43
91 44
90 45
90 46
90 47
90 48
90 49
90 50
90 50
90 51
90 52
90 53
90 54
90 55
90 56
90 57
90 58
90 59
90 60
90 60
90 61
90 62
90 63
90 64
90 65
90 66
90 67
90 68
90 68
90 69
90 70
90 71
90 72
90 73
90 74
90 74
90 75
90 76
90 77
90 78
90 78
90 79
89 80
89 81
89 81
88 80
87 79
86 78
85 77
84 76
84 75
83 74
82 73
81 72
80 71
80 71
81 70
82 70
83 69
83 69
83 68
84 67
84 66
84 65
85 64
85 63
85 63
86 62
86 61
87 60
87 60
88 59
89 58
89 58
90 58
91 58
91 58
92 59
93 59
93 59
93 60
94 61
94 62
94 62
94 63
94 64
94 65
94 66
94 66
94 67
94 68
94 69
94 70
94 71
94 72
94 72
94 73
93 74
93 75
93 76
93 77
92 78
92 79
92 79
92 80
91 81
91 82
90 83
90 84
90 85
89 86
89 87
89 87
89 88
88 89
88 90
88 91
88 92
87 93
87 94
87 94
86 95
86 96
85 97
85 98
85 98
84 99
84 100
84 100
84 100
85 100
85 100
86 99
87 99
87 99
88 98
89 97
90 97
91 96
91 96
92 95
93 95
94 94
95 94
96 93
96 93
97 92
98 91
99 91
100 90
