0 11
0 11
0 11
1 12
1 12
2 13
3 13
3 13
4 12
5 12
5 12
6 12
7 12
8 12
9 12
9 12
10 12
11 11
12 11
12 11
13 10
14 10
15 9
16 9
16 9
17 8
17 7
18 6
18 6
19 5
19 4
20 3
20 3
21 2
21 2
22 2
22 2
21 3
20 4
19 5
18 6
17 6
16 7
15 8
14 9
13 10
13 10
13 11
13 12
12 13
12 14
12 15
12 16
12 16
11 17
11 17
11 18
11 19
11 20
11 20
11 21
11 22
11 23
11 24
11 25
11 25
11 26
11 27
11 28
12 29
12 30
12 31
12 32
12 33
12 33
12 34
12 35
12 36
12 37
12 38
12 39
12 39
12 40
12 41
12 42
12 43
12 44
12 45
12 46
12 46
12 47
12 48
12 49
12 50
12 51
12 52
12 53
12 54
12 55
12 55
12 56
12 57
11 58
11 59
11 60
11 61
11 61
11 62
11 63
11 64
11 65
11 66
11 66
11 67
11 68
10 69
10 70
10 71
10 71
10 72
9 73
9 74
9 74
8 75
8 76
7 77
7 77
6 78
5 78
5 78
4 77
3 77
3 77
4 76
4 75
5 74
5 73
6 72
6 71
7 70
7 69
8 68
8 67
9 66
9 65
10 64
10 63
11 62
11 61
12 60
12 59
13 58
13 57
14 56
14 55
15 54
15 53
16 52
16 51
17 50
17 49
18 48
18 47
19 46
19 45
20 44
20 43
21 42
21 41
22 40
22 39
23 38
23 37
24 36
24 35
25 34
25 33
26 32
26 31
27 30
27 29
28 28
28 27
29 26
29 25
29 25
30 25
31 26
32 26
33 26
33 26
34 25
35 24
35 24
36 23
36 22
37 21
37 21
38 20
39 20
40 19
40 19
41 18
42 17
43 16
43 16
44 15
45 14
46 14
47 13
47 13
48 13
49 12
50 12
50 12
51 11
52 11
53 10
53 10
54 10
54 10
54 9
53 8
53 7
52 6
52 5
51 4
51 3
51 3
51 4
51 4
51 3
50 2
50 1
50 1
50 0
50 0
49 1
49 2
49 2
49 3
48 4
48 5
48 6
48 6
48 7
47 8
47 9
46 10
46 11
46 11
46 12
45 13
45 14
44 15
44 16
44 16
44 17
43 18
43 19
43 20
43 21
42 22
42 23
42 23
42 24
41 25
41 26
41 27
41 28
40 29
40 30
40 30
40 31
39 32
39 33
39 34
39 35
38 36
38 37
38 38
38 38
38 39
37 40
37 41
37 42
36 43
36 44
36 44
37 43
38 42
38 41
39 40
40 39
41 38
41 37
42 36
42 36
42 37
43 38
43 39
43 40
43 40
43 41
43 41
42 41
42 41
42 42
42 43
42 44
42 45
42 46
42 46
42 47
42 48
41 49
41 50
41 51
41 51
41 52
41 53
41 54
41 55
41 56
41 57
41 57
41 58
41 59
40 60
40 61
40 62
40 63
40 63
40 64
40 65
40 66
40 67
40 68
40 69
40 69
40 70
40 71
40 72
40 73
40 74
40 75
40 75
40 76
40 77
40 78
40 79
40 80
40 80
40 81
40 82
40 83
40 84
40 85
40 85
40 86
40 87
40 88
40 89
40 90
40 90
40 91
40 92
40 93
40 93
40 92
40 91
40 90
41 89
41 88
41 87
41 86
41 85
41 84
41 83
41 82
42 81
42 80
42 79
42 78
42 77
42 76
42 75
42 74
43 73
43 72
43 71
43 70
43 69
43 68
43 67
43 66
44 65
44 64
44 63
44 62
44 61
44 60
44 59
44 58
45 57
45 56
45 55
45 54
45 54
46 53
46 52
47 51
48 50
48 49
49 48
49 48
49 47
49 46
50 45
50 44
50 43
50 43
50 42
50 41
50 40
50 39
50 38
50 38
51 37
51 36
52 35
52 35
52 34
53 33
53 32
53 32
54 32
54 32
55 33
55 33
55 34
55 35
55 35
55 36
55 37
55 38
55 39
55 39
55 40
55 41
54 42
54 43
54 44
54 44
54 45
54 46
53 47
53 48
53 49
53 49
53 50
53 51
53 52
53 53
53 54
53 55
53 55
53 56
52 57
52 58
52 59
52 59
52 60
53 61
53 62
53 62
53 63
54 64
54 65
54 65
55 66
55 67
55 67
56 68
57 69
57 69
58 70
59 71
59 71
59 72
60 73
60 74
60 75
60 75
60 76
60 77
60 78
60 78
60 79
60 80
60 81
60 82
60 82
59 83
59 84
59 84
58 85
58 86
57 87
57 87
56 87
55 87
55 87
54 86
53 85
52 84
52 84
51 83
51 82
50 81
50 80
50 80
49 79
49 78
48 77
48 76
48 76
48 75
48 74
47 73
47 72
47 71
47 71
47 70
48 69
48 68
48 67
48 67
48 66
49 65
49 64
50 63
50 62
50 62
51 61
51 60
52 59
52 58
53 57
53 57
54 56
54 55
55 54
56 53
56 52
57 51
57 51
58 50
59 49
59 48
60 47
61 46
61 46
62 45
63 45
64 44
65 44
66 43
66 43
67 42
67 41
68 40
68 39
69 38
70 37
70 36
71 35
72 34
72 33
73 32
73 31
74 30
75 29
75 28
76 27
77 26
77 25
78 24
78 23
79 22
80 21
80 20
81 19
82 18
82 17
83 16
83 15
84 14
84 14
84 15
83 16
83 17
83 17
82 18
82 18
81 19
80 19
80 19
79 20
79 21
78 22
78 23
78 23
78 24
78 25
77 26
77 27
77 28
77 28
77 29
77 30
77 31
76 32
76 33
76 34
76 35
76 35
76 36
76 37
76 38
76 39
76 40
76 41
76 41
76 42
77 43
77 44
77 44
78 45
79 46
79 46
80 46
81 46
82 46
82 46
83 46
84 45
85 45
86 45
86 45
87 44
88 43
89 42
89 42
90 41
91 40
92 40
93 39
93 39
94 38
95 37
96 36
96 36
97 35
98 34
98 34
99 33
100 32
100 32
99 31
98 30
98 29
97 28
96 27
95 26
95 25
94 24
93 23
92 22
92 21
91 20
91 20
92 21
92 22
92 22
92 21
92 20
92 20
92 21
91 22
91 23
91 23
91 24
91 25
91 26
91 27
91 27
91 28
91 29
90 30
90 31
90 32
90 33
90 33
90 34
90 35
90 36
90 37
90 38
90 39
90 40
90 40
90 41
90 42
90 43
90 44
89 45
89 46
89 47
89 48
89 49
89 49
89 50
89 51
89 52
89 53
88 54
88 55
88 56
88 57
88 58
88 58
88 59
88 60
88 61
88 62
88 63
88 64
88 64
88 65
88 66
88 67
88 68
88 69
88 70
88 70
88 71
88 72
87 73
87 74
87 75
87 75
87 76
87 77
87 78
87 78
86 77
85 76
84 75
83 74
82 73
82 72
81 71
80 70
79 69
78 68
78 68
79 67
80 67
81 66
81 66
82 65
82 64
82 64
83 63
83 62
84 61
84 60
84 60
85 60
86 59
87 59
87 59
88 59
89 59
89 59
90 60
91 60
91 60
92 61
92 62
92 62
92 63
93 64
93 65
93 65
93 66
93 67
93 68
93 69
93 69
93 70
93 71
92 72
92 73
92 74
92 75
92 75
92 76
92 77
91 78
91 79
91 80
91 80
91 81
90 82
90 83
90 84
89 85
89 86
89 86
88 87
88 88
87 89
87 90
87 90
86 91
86 92
85 93
85 94
85 94
85 95
84 96
84 97
84 98
84 98
84 99
84 100
84 100
84 100
85 100
85 100
86 99
87 99
88 98
88 98
89 97
90 97
91 96
92 96
93 95
93 95
94 94
95 93
96 93
97 92
98 91
