1 19
1 20
1 21
0 22
0 23
0 24
0 24
0 24
0 23
0 23
0 24
0 24
0 24
1 24
2 24
2 24
3 23
4 23
4 23
5 22
6 22
7 21
7 21
8 20
9 19
10 18
10 18
11 17
12 16
12 15
13 14
13 14
14 13
15 12
15 12
16 11
17 11
17 11
16 12
16 13
15 14
15 15
14 16
14 17
13 18
13 19
12 20
12 21
11 22
11 23
11 23
11 24
11 25
11 26
12 27
12 28
12 29
12 30
12 31
12 31
11 32
11 33
11 33
11 33
11 34
10 35
10 36
10 37
10 37
10 38
10 39
10 40
10 41
10 42
10 43
10 43
10 44
10 45
10 46
10 47
10 48
10 49
10 50
10 50
10 51
10 52
10 53
11 54
11 55
11 56
11 57
11 58
11 58
11 59
11 60
11 61
11 62
11 63
11 64
11 65
11 66
11 66
11 67
11 68
11 69
11 70
11 71
11 72
11 73
11 74
11 74
11 75
11 76
11 77
11 78
11 79
11 80
11 81
11 81
11 82
11 83
10 84
10 85
10 86
10 87
10 87
10 88
10 89
9 90
9 91
9 92
9 92
9 93
8 94
8 95
8 96
8 96
7 97
6 97
6 97
5 96
5 96
4 95
4 94
3 93
3 92
3 92
3 91
4 90
4 89
5 88
5 87
5 86
6 85
6 84
7 83
7 82
8 81
8 80
8 79
9 78
9 77
10 76
10 75
10 74
11 73
11 72
12 71
12 70
13 69
13 68
13 67
14 66
14 65
15 64
15 63
15 62
16 61
16 60
17 59
17 58
18 57
18 56
18 55
19 54
19 53
20 52
20 51
20 50
21 49
21 48
22 47
22 46
23 45
23 44
23 43
24 42
24 41
25 40
25 39
25 38
26 37
26 36
27 35
27 34
28 33
28 32
28 31
29 30
29 29
30 28
30 27
30 27
31 27
32 26
33 26
34 26
34 26
34 25
35 24
35 23
35 22
35 22
36 21
36 20
37 19
37 19
38 18
39 17
40 16
40 16
41 15
42 14
43 13
43 13
44 12
45 11
45 11
46 10
47 9
47 9
47 8
47 7
47 6
47 5
46 4
46 3
46 2
46 1
46 0
46 0
46 1
46 2
46 3
46 4
46 5
46 5
46 4
46 3
46 3
45 4
44 5
44 5
44 6
43 7
43 8
43 8
43 9
42 10
42 11
42 12
41 13
41 14
41 14
41 15
40 16
40 17
39 18
39 19
39 20
38 21
38 22
38 22
38 23
38 24
37 25
37 26
37 27
37 28
36 29
36 30
36 31
36 31
36 32
36 33
35 34
35 35
35 36
35 37
35 38
34 39
34 40
34 41
34 41
34 42
34 43
34 44
33 45
33 46
33 47
33 48
33 48
33 49
33 50
32 51
32 52
32 53
32 54
32 54
32 53
32 52
33 51
33 50
33 49
33 48
34 47
34 46
34 45
34 44
35 43
35 42
35 41
35 40
36 39
36 38
36 37
36 37
37 38
38 38
38 38
38 38
38 39
37 40
37 41
37 42
37 42
37 43
37 44
37 45
37 46
37 47
37 48
37 49
37 49
37 50
37 51
37 52
37 53
37 54
37 55
37 56
37 57
37 58
37 58
37 59
37 60
37 61
37 62
36 63
36 64
36 65
36 66
36 67
36 67
36 68
36 69
36 70
36 71
36 72
36 73
36 74
36 75
36 76
36 76
36 77
36 78
36 79
36 80
36 81
36 82
36 83
36 84
36 85
36 85
36 86
36 87
36 88
36 89
36 90
36 91
36 91
36 90
36 89
36 88
37 87
37 86
37 85
37 84
37 83
37 82
37 81
37 80
38 79
38 78
38 77
38 76
38 75
38 74
38 73
39 72
39 71
39 70
39 69
39 68
39 67
39 66
39 65
40 64
40 63
40 62
40 61
40 60
40 59
40 58
40 57
41 56
41 55
41 54
41 53
41 53
41 52
42 51
42 50
43 49
43 48
44 47
44 46
44 46
44 45
45 44
45 43
45 42
46 41
46 40
46 40
46 39
46 38
47 37
47 36
47 35
47 34
47 34
48 33
48 32
49 31
49 31
49 31
50 31
50 31
50 32
50 33
50 34
50 34
50 35
50 36
50 37
50 38
50 38
50 39
50 40
50 41
50 42
50 42
50 43
50 44
50 45
50 46
50 47
50 47
50 48
50 49
50 50
50 51
50 52
50 52
50 53
50 54
50 55
50 56
50 56
50 57
50 58
50 59
50 60
50 60
51 61
51 62
51 62
51 63
52 64
52 65
52 65
52 66
53 67
53 68
53 68
53 69
54 70
54 71
54 72
54 72
54 73
55 74
55 75
55 76
55 76
55 77
55 78
55 79
55 80
55 81
55 81
55 82
55 83
56 84
56 85
56 86
56 86
56 87
56 88
56 89
56 89
56 90
56 90
56 91
56 91
55 90
55 90
54 89
53 89
53 89
52 88
52 87
51 86
51 85
51 85
50 84
50 83
49 82
49 81
49 81
49 80
49 79
48 78
48 77
48 76
48 76
48 75
48 74
48 73
48 72
48 71
48 71
48 70
48 69
49 68
49 67
49 66
49 66
49 65
50 64
50 63
51 62
51 61
51 61
51 60
52 59
52 58
53 57
53 56
53 56
54 55
55 54
55 53
56 52
56 52
57 51
58 50
59 49
59 49
59 48
60 47
60 46
61 45
61 44
62 43
62 42
63 41
63 40
63 39
64 38
64 37
65 36
65 35
66 34
66 33
66 32
67 31
67 30
68 29
68 28
69 27
69 26
70 25
70 24
70 23
71 22
71 21
72 20
72 19
73 18
73 17
73 16
74 15
74 14
75 13
75 12
76 11
76 10
77 9
77 8
77 8
77 9
77 9
76 10
76 11
76 11
75 12
75 13
75 13
75 14
75 15
74 16
74 17
74 18
74 18
74 19
73 20
73 21
73 22
72 23
72 24
72 24
72 25
72 26
72 27
71 28
71 29
71 30
71 31
71 32
71 32
71 33
71 34
71 35
71 36
71 37
71 38
71 39
71 39
71 40
71 41
71 42
71 43
71 44
71 44
71 45
72 46
72 47
72 48
72 48
73 48
74 48
74 48
75 48
76 47
77 47
77 47
78 46
79 45
80 44
80 44
81 43
82 42
82 41
83 40
83 40
84 39
84 38
85 37
85 37
86 36
87 35
87 35
88 34
88 33
89 32
89 32
90 31
90 31
89 30
89 29
88 28
88 27
87 26
87 25
86 24
86 23
85 22
85 21
84 20
84 19
83 18
83 17
82 16
82 16
82 17
82 18
82 18
82 19
82 19
82 20
82 20
82 21
82 22
81 23
81 24
81 25
81 25
81 26
81 27
81 28
81 29
81 30
81 31
81 32
81 33
81 33
81 34
81 35
81 36
81 37
81 38
81 39
81 40
81 41
81 41
81 42
81 43
81 44
81 45
81 46
81 47
81 48
81 49
81 50
81 50
81 51
81 52
81 53
81 54
81 55
81 56
81 57
81 58
81 58
81 59
81 60
81 61
81 62
81 63
81 64
81 65
81 65
81 66
81 67
80 68
80 69
80 70
80 71
80 71
80 72
80 73
80 74
80 75
80 75
80 76
80 77
80 78
80 79
80 79
79 78
79 77
78 76
78 75
77 74
76 73
76 72
75 71
75 70
74 69
74 68
73 67
73 67
74 68
75 68
76 69
76 69
76 68
76 67
76 66
76 65
76 64
76 63
76 63
77 62
77 61
78 60
78 60
79 59
79 58
79 58
80 58
81 57
82 57
82 57
83 57
84 57
84 57
85 58
85 59
85 59
85 60
86 61
86 62
86 62
86 63
86 64
86 65
86 66
86 66
86 67
86 68
86 69
85 70
85 71
85 72
85 73
85 73
85 74
84 75
84 76
84 77
84 78
83 79
83 80
83 80
83 81
83 82
83 83
82 84
82 85
82 86
82 87
82 87
82 88
81 89
81 90
81 91
80 92
80 93
80 93
80 94
80 95
79 96
79 97
79 98
79 98
79 99
79 100
79 100
79 100
80 100
81 100
81 100
82 99
83 98
84 97
84 97
85 96
86 95
87 95
88 94
88 94
89 93
90 92
90 91
91 90
92 89
92 89
93 88
94 87
95 87
96 86
96 86
97 86
98 85
99 85
100 85
