4 19
3 20
2 21
2 21
1 21
1 21
0 20
0 20
0 21
0 21
0 22
0 22
0 23
0 23
1 23
2 23
2 23
3 22
4 21
4 21
5 20
6 20
7 19
8 19
8 19
9 18
10 17
11 16
12 15
12 15
13 14
14 13
15 13
16 12
16 12
17 11
18 10
19 10
20 9
20 9
21 8
22 8
23 7
23 7
24 7
25 7
25 7
24 8
24 9
23 10
22 11
21 12
21 13
20 14
19 15
18 16
18 17
17 18
17 18
17 19
17 20
17 21
18 22
18 23
18 24
18 25
18 25
18 26
17 27
17 28
17 28
17 29
17 30
17 31
17 32
17 32
17 33
17 34
17 35
16 36
16 37
16 38
16 39
16 40
16 40
16 41
16 42
16 43
16 44
16 45
16 46
16 47
16 48
16 49
16 49
16 50
16 51
16 52
16 53
16 54
16 55
16 56
16 57
16 58
16 59
16 59
16 60
16 61
16 62
16 63
16 64
16 65
16 66
16 66
16 67
16 68
16 69
16 70
16 71
16 72
16 72
16 73
16 74
15 75
15 76
15 77
15 77
15 78
15 79
15 80
15 81
15 81
15 82
14 83
14 84
14 84
13 85
12 85
12 85
11 84
11 84
10 83
9 82
9 82
9 81
10 80
10 79
11 78
11 77
12 76
12 75
13 74
13 73
14 72
14 71
15 70
15 69
16 68
16 67
16 66
17 65
17 64
18 63
18 62
19 61
19 60
20 59
20 58
21 57
21 56
22 55
22 54
22 53
23 52
23 51
24 50
24 49
25 48
25 47
26 46
26 45
27 44
27 43
28 42
28 41
29 40
29 39
29 38
30 37
30 36
31 35
31 34
32 33
32 32
33 31
33 30
34 29
34 28
35 27
35 26
35 26
36 26
37 26
38 26
39 26
40 26
40 26
41 25
41 24
42 23
42 22
42 22
43 21
43 20
44 19
44 19
45 18
46 18
47 17
47 17
48 16
48 15
49 14
49 13
50 12
50 12
51 11
52 10
53 9
53 9
54 9
55 8
56 8
56 8
57 7
58 7
59 6
59 6
59 5
59 4
59 3
59 2
59 1
59 0
59 0
59 1
59 2
59 3
59 4
59 4
58 5
58 5
57 5
56 5
56 5
55 6
55 7
54 8
54 8
53 9
53 10
52 11
52 12
51 13
51 14
51 14
51 15
50 16
50 17
50 18
50 19
49 20
49 21
49 21
49 22
48 23
48 24
47 25
47 26
46 27
46 28
46 28
46 29
45 30
45 31
45 32
45 33
44 34
44 35
44 35
44 36
43 37
43 38
43 39
43 40
42 41
42 42
42 42
42 43
42 44
41 45
41 46
41 47
41 48
41 48
41 49
41 50
40 51
40 52
40 53
40 53
40 52
41 51
41 50
42 49
42 48
43 47
43 46
43 46
44 46
45 46
46 46
46 46
46 46
46 47
46 48
46 48
46 49
46 50
45 51
45 52
45 53
45 53
45 54
45 55
45 56
45 57
45 58
45 59
45 60
45 61
45 61
45 62
45 63
45 64
45 65
44 66
44 67
44 68
44 69
44 70
44 70
44 71
44 72
44 73
44 74
44 75
44 76
44 77
44 78
44 79
44 80
44 80
44 81
44 82
44 83
43 84
43 85
43 86
43 87
43 87
43 88
43 89
44 90
44 91
44 92
44 93
44 93
44 94
44 95
44 96
44 97
44 98
44 98
44 97
44 96
44 95
44 94
44 93
44 92
44 91
44 90
44 89
44 88
44 87
44 86
44 85
44 84
44 83
44 82
44 81
44 80
45 79
45 78
45 77
45 76
45 75
45 74
45 73
45 72
45 71
45 70
45 69
45 68
45 67
45 66
45 65
45 64
45 63
45 62
45 61
45 61
46 60
46 59
47 58
48 57
48 56
49 55
49 55
49 54
49 53
49 52
50 51
50 50
50 49
50 48
50 48
50 47
51 46
51 45
51 44
52 43
52 42
52 42
52 41
53 40
53 39
53 38
53 37
54 36
54 35
54 35
55 34
55 33
56 32
56 31
56 31
57 30
58 30
58 30
59 31
59 31
60 32
60 33
60 33
60 34
60 35
60 36
60 37
60 37
60 38
60 39
60 40
60 41
60 42
60 43
60 43
60 44
60 45
60 46
60 47
60 48
60 49
60 49
60 50
60 51
59 52
59 53
59 54
59 54
59 55
59 56
59 57
59 58
59 59
59 59
59 60
59 61
59 62
59 62
59 63
59 64
59 65
59 65
59 66
59 67
60 68
60 69
60 70
60 70
60 71
60 72
61 73
61 74
61 75
61 75
61 76
61 77
62 78
62 79
62 80
62 80
62 81
62 82
62 83
62 84
62 84
62 85
62 86
62 87
62 88
62 88
62 89
61 90
61 91
61 92
61 92
61 93
61 93
60 93
59 93
59 93
59 92
58 91
58 90
58 90
57 89
57 88
56 87
56 86
56 86
56 85
56 84
55 83
55 82
55 81
55 81
55 80
55 79
54 78
54 77
54 76
54 76
54 75
54 74
54 73
54 73
54 72
54 71
54 70
54 70
54 69
55 68
55 67
55 67
56 66
56 65
57 64
57 63
57 63
58 62
59 61
59 60
60 59
60 59
61 58
61 57
62 56
62 55
63 54
64 53
64 52
65 51
65 50
66 49
67 48
67 47
68 46
69 45
69 44
70 43
70 42
71 41
72 40
72 39
73 38
73 37
74 36
75 35
75 34
76 33
76 32
77 31
78 30
78 29
79 28
79 27
80 26
81 25
81 24
82 23
83 22
83 21
84 20
84 19
85 18
86 17
86 16
87 15
87 14
88 13
88 13
88 14
88 15
87 16
87 17
87 18
87 18
86 18
86 18
86 19
85 20
85 21
85 21
85 22
85 23
84 24
84 25
84 26
84 27
84 27
84 28
84 29
83 30
83 31
83 32
83 33
83 33
83 34
83 35
83 36
83 37
83 38
83 38
83 39
83 40
84 41
84 42
84 43
84 44
84 44
84 45
85 46
85 47
85 47
86 48
87 49
87 49
88 49
89 49
90 49
90 49
91 48
92 48
92 48
93 47
94 47
95 46
95 46
96 45
97 44
97 44
98 43
98 42
98 42
99 41
99 40
100 39
100 39
100 38
99 37
99 36
98 35
98 34
97 33
97 32
97 31
96 30
96 29
95 28
95 27
95 26
94 25
94 24
93 23
93 22
92 21
92 20
92 20
93 20
93 20
93 21
93 21
92 21
92 21
92 22
92 22
92 23
92 24
91 25
91 26
91 27
91 27
91 28
91 29
91 30
91 31
91 32
91 33
91 34
91 34
91 35
91 36
91 37
90 38
90 39
90 40
90 41
90 42
90 42
90 43
90 44
90 45
90 46
90 47
90 48
90 49
90 50
90 50
90 51
90 52
90 53
90 54
90 55
90 56
90 57
90 58
90 58
90 59
90 60
90 61
90 62
90 63
90 64
90 64
90 65
90 66
90 67
90 68
90 69
90 69
90 70
90 71
90 72
90 73
90 74
90 74
90 75
89 76
89 77
89 77
89 78
89 79
89 79
89 80
89 80
89 79
88 78
88 77
88 76
88 75
87 74
87 73
87 72
87 71
86 70
86 69
86 68
86 67
85 66
85 65
85 65
86 66
87 66
87 66
87 65
87 64
87 64
88 63
88 62
88 62
89 61
89 60
89 60
90 59
91 59
91 59
92 58
93 58
93 58
94 59
95 59
95 59
96 60
96 61
96 61
96 62
96 63
96 64
96 64
96 65
96 66
96 67
96 68
96 69
96 70
96 70
96 71
95 72
95 73
95 74
94 75
94 76
94 76
94 77
94 78
94 79
93 80
93 81
93 82
93 83
93 84
93 84
93 85
92 86
92 87
92 88
91 89
91 90
91 90
91 91
90 92
90 93
89 94
89 95
89 95
89 96
88 97
88 98
88 98
88 99
88 100
88 100
89 100
89 100
90 100
91 100
91 100
92 99
93 98
94 97
94 97
95 96
96 95
97 94
