1 23
0 24
0 25
0 25
0 24
0 23
0 23
0 22
0 22
0 22
1 21
1 21
2 20
3 20
3 20
4 19
5 19
5 19
6 18
7 18
8 17
8 17
9 17
10 16
11 16
11 16
12 15
13 15
14 14
14 14
15 13
16 12
16 12
17 12
18 12
18 12
19 12
19 12
18 13
17 14
16 15
16 16
15 17
14 18
13 19
13 19
13 20
13 21
13 22
13 23
13 24
13 24
13 25
13 25
12 26
12 27
12 27
12 28
12 29
12 29
12 30
12 31
12 32
12 33
12 34
12 34
12 35
12 36
12 37
13 38
13 39
13 40
13 41
13 41
13 42
13 43
13 44
13 45
13 46
13 47
13 48
13 48
13 49
13 50
13 51
13 52
13 53
13 54
13 55
13 56
13 56
13 57
13 58
13 59
13 60
13 61
13 62
13 63
13 64
13 64
13 65
13 66
12 67
12 68
12 69
12 69
12 70
12 71
12 72
12 73
12 74
12 74
12 75
12 76
11 77
11 78
11 79
11 79
11 80
10 81
10 82
10 82
10 83
9 84
9 85
9 85
8 85
7 85
7 85
6 84
5 84
5 84
5 83
6 82
6 81
7 80
7 79
8 78
8 77
9 76
9 75
10 74
10 73
11 72
11 71
12 70
12 69
13 68
13 67
14 66
14 65
15 64
15 63
15 62
16 61
16 60
17 59
17 58
18 57
18 56
19 55
19 54
20 53
20 52
21 51
21 50
22 49
22 48
23 47
23 46
24 45
24 44
25 43
25 42
25 41
26 40
26 39
27 38
27 37
28 36
28 35
29 34
29 33
30 32
30 31
31 30
31 29
32 28
32 27
33 26
33 25
34 24
34 23
35 22
35 21
35 21
36 21
37 21
38 21
39 21
39 21
40 20
40 19
41 18
41 17
41 17
42 16
43 15
44 14
44 14
45 13
46 12
47 11
47 11
48 10
49 9
50 8
50 8
51 7
52 6
53 5
53 5
54 5
55 6
56 6
56 6
57 5
57 5
58 4
58 3
58 3
57 3
56 2
55 2
54 1
53 1
52 1
51 0
50 0
50 0
50 1
51 2
51 3
51 4
51 4
50 4
50 4
49 3
49 3
48 4
48 5
48 5
48 6
47 7
47 8
47 9
47 9
47 10
46 11
46 12
46 13
46 14
45 15
45 16
45 16
45 17
44 18
44 19
44 20
43 21
43 22
43 22
43 23
43 24
43 25
42 26
42 27
42 28
42 29
42 29
42 30
41 31
41 32
41 33
41 34
40 35
40 36
40 36
40 37
39 38
39 39
39 40
38 41
38 42
38 42
38 43
37 44
37 45
37 46
36 47
36 48
36 48
36 49
36 50
35 51
35 52
35 53
35 53
35 52
36 51
36 50
36 49
36 48
37 47
37 46
37 45
37 44
38 43
38 42
38 41
38 40
39 39
39 38
39 37
39 37
40 36
41 36
42 35
42 35
43 34
43 34
43 35
43 35
43 36
43 37
43 38
43 39
43 39
43 40
43 41
43 42
43 43
43 44
43 44
43 45
43 46
43 47
42 48
42 49
42 50
42 51
42 52
42 52
42 53
42 54
42 55
42 56
42 57
42 58
42 59
42 60
42 60
42 61
42 62
42 63
41 64
41 65
41 66
41 67
41 68
41 68
41 69
41 70
41 71
41 72
41 73
41 74
41 74
41 75
41 76
41 77
41 78
41 79
41 79
41 78
41 77
41 76
41 75
41 74
40 73
40 72
40 71
40 70
40 69
40 68
40 67
40 66
40 65
40 64
40 63
40 62
39 61
39 60
39 59
39 58
39 57
39 56
39 55
39 55
40 54
40 53
41 52
41 51
42 50
42 49
43 48
43 48
43 47
44 46
44 45
44 44
44 43
45 42
45 41
45 41
45 40
46 39
46 38
46 37
46 36
47 35
47 34
47 34
48 33
48 32
49 31
49 31
50 30
50 30
51 30
51 30
52 31
52 32
52 32
52 33
52 34
52 35
52 35
52 36
52 37
53 38
53 39
53 40
53 40
53 41
52 42
52 43
52 44
52 44
52 45
52 46
52 47
52 48
52 49
52 49
52 50
52 51
52 52
52 53
52 53
52 54
53 55
53 56
53 56
54 57
54 58
54 58
54 59
55 60
55 61
55 61
55 62
56 63
56 64
56 64
56 65
57 66
57 67
57 67
57 68
58 69
58 70
58 70
58 71
57 72
57 73
57 74
57 74
57 75
57 76
57 77
57 78
57 79
57 79
57 80
56 81
56 82
56 82
55 83
55 84
54 85
54 85
53 86
52 86
52 86
51 85
50 84
50 84
49 83
48 82
48 82
48 81
48 80
47 79
47 78
47 77
47 77
47 76
46 75
46 74
46 73
46 73
46 72
46 71
46 70
46 69
46 69
46 68
47 67
47 66
47 65
47 65
47 64
48 63
48 62
49 61
49 60
49 60
50 59
50 58
51 57
52 56
52 55
53 54
53 54
54 53
55 52
55 51
56 50
57 49
57 49
58 48
59 47
59 46
60 45
61 44
61 44
62 43
62 42
63 41
63 40
64 39
65 38
65 37
66 36
67 35
67 34
68 33
68 32
69 31
70 30
70 29
71 28
71 27
72 26
73 25
73 24
74 23
74 22
75 21
76 20
76 19
77 18
78 17
78 16
79 15
79 14
80 13
80 13
80 14
80 15
80 16
80 16
80 17
80 17
79 16
79 16
79 17
78 18
78 19
78 19
78 20
77 21
77 22
77 23
76 24
76 25
76 25
76 26
76 27
76 28
76 29
76 30
76 31
76 32
76 32
76 33
76 34
75 35
75 36
75 37
75 38
75 38
75 39
76 40
76 41
76 42
76 42
77 43
78 44
78 44
79 45
80 45
80 45
81 45
82 44
83 44
83 44
84 43
85 43
86 42
86 42
87 41
88 41
89 40
89 40
90 39
90 38
91 37
91 37
92 36
92 35
93 34
93 33
93 33
93 32
92 31
92 30
92 29
91 28
91 27
90 26
90 25
90 24
89 23
89 22
89 22
89 23
89 24
89 24
89 23
89 22
89 22
89 22
89 23
88 24
88 25
88 25
88 26
88 27
88 28
88 29
88 30
88 30
88 31
88 32
88 33
87 34
87 35
87 36
87 37
87 37
87 38
87 39
87 40
87 41
87 42
87 43
87 44
87 45
87 45
87 46
87 47
87 48
87 49
86 50
86 51
86 52
86 53
86 54
86 54
86 55
86 56
86 57
86 58
86 59
86 60
86 61
86 61
86 62
86 63
86 64
86 65
86 66
86 67
86 68
86 68
86 69
86 70
86 71
86 72
86 72
86 73
86 74
86 75
86 75
85 76
85 77
85 77
84 76
83 75
82 75
81 74
80 73
79 72
78 72
77 71
76 70
76 70
77 70
78 70
78 70
78 69
78 68
78 67
78 66
78 66
79 65
79 64
80 63
80 62
80 62
81 61
82 60
82 60
83 59
84 58
85 58
86 57
86 57
87 57
88 56
89 56
89 56
90 56
91 56
92 56
92 56
93 57
94 58
94 58
95 59
95 60
96 61
96 61
96 62
96 63
96 64
96 64
96 65
96 66
96 67
96 68
96 68
96 69
95 70
95 71
95 72
95 72
95 73
94 74
94 75
94 76
93 77
93 78
93 78
93 79
92 80
92 81
91 82
91 83
91 83
90 84
90 85
89 86
89 87
88 88
88 89
88 89
87 90
87 91
86 92
86 93
86 93
85 94
85 95
84 96
84 96
84 97
83 98
83 99
83 99
83 100
83 100
84 100
84 100
85 100
86 100
86 100
87 99
88 99
88 99
89 98
90 98
91 97
92 97
92 97
93 96
94 96
95 95
96 95
96 95
97 94
98 94
99 93
100 93
