0 24
0 25
1 26
1 27
1 27
2 26
2 26
2 25
2 24
2 24
3 23
4 23
4 23
5 22
6 22
7 21
7 21
8 20
9 20
10 19
11 19
11 19
12 18
13 17
14 17
15 16
15 16
16 15
17 14
18 13
18 13
19 12
20 11
21 10
21 10
22 10
23 9
24 9
24 9
23 10
22 11
21 12
20 13
20 14
19 15
18 16
17 17
17 17
17 18
17 19
17 19
17 20
17 20
17 21
17 22
17 22
17 23
17 24
17 25
17 26
17 27
17 27
17 28
17 29
17 30
17 31
17 32
17 32
17 33
17 34
17 35
17 36
17 37
17 38
17 39
17 39
17 40
17 41
17 42
18 43
18 44
18 45
18 46
18 47
18 47
18 48
18 49
18 50
18 51
18 52
18 53
18 54
18 54
18 55
18 56
18 57
18 58
18 59
18 60
18 61
18 61
18 62
18 63
18 64
17 65
17 66
17 67
17 68
17 68
17 69
17 70
17 71
17 72
17 73
17 74
17 74
17 75
16 76
16 77
16 78
16 78
16 79
15 80
15 81
15 81
14 82
13 83
13 83
12 83
11 83
11 83
10 82
9 82
9 82
8 81
8 80
7 79
7 78
7 78
8 77
8 76
9 75
9 74
10 73
10 72
11 71
11 70
12 69
12 68
13 67
13 66
14 65
14 64
15 63
15 62
16 61
16 60
17 59
17 58
18 57
18 56
19 55
19 54
20 53
20 52
21 51
22 50
22 49
23 48
23 47
24 46
24 45
25 44
25 43
26 42
26 41
27 40
27 39
28 38
28 37
29 36
29 35
30 34
30 33
31 32
31 31
32 30
32 29
33 28
33 27
34 26
34 25
35 24
35 23
36 22
36 22
37 23
38 23
39 24
39 24
40 23
40 23
41 22
41 21
42 20
42 20
43 19
44 18
44 18
45 17
46 17
47 16
47 16
48 15
49 14
49 14
50 13
51 13
52 12
52 12
53 11
54 11
55 10
55 10
56 9
57 9
57 9
57 8
56 7
56 6
56 5
56 4
55 3
55 2
55 1
55 1
56 2
56 3
56 3
56 2
56 2
55 1
55 0
55 0
55 1
55 1
54 2
54 3
54 3
54 4
53 5
53 6
53 6
53 7
52 8
52 9
51 10
51 11
51 11
51 12
51 13
50 14
50 15
50 16
50 17
50 17
50 18
49 19
49 20
49 21
49 22
48 23
48 24
48 24
48 25
47 26
47 27
47 28
46 29
46 30
46 30
46 31
45 32
45 33
45 34
44 35
44 36
44 36
44 37
43 38
43 39
43 40
43 41
42 42
42 43
42 43
42 42
42 41
42 40
43 39
43 38
43 37
43 36
43 35
43 35
44 35
45 35
46 35
46 35
46 34
47 33
47 32
47 32
47 32
47 33
47 33
48 34
48 34
48 35
49 36
49 37
49 37
49 38
49 38
49 39
49 40
49 40
49 41
48 42
48 43
48 43
48 44
48 45
47 46
47 47
47 48
47 48
47 49
47 50
46 51
46 52
46 53
46 54
46 54
46 55
46 56
45 57
45 58
45 59
45 60
45 60
45 61
45 62
45 63
44 64
44 65
44 66
44 67
44 67
44 68
44 69
44 70
44 71
44 72
44 73
44 73
44 74
44 75
45 76
45 77
45 78
45 78
45 79
45 80
45 81
45 82
45 82
45 83
45 84
45 85
45 86
45 86
46 87
46 88
46 88
46 89
46 90
46 90
46 89
46 88
46 87
46 86
46 85
46 84
46 83
46 82
46 81
47 80
47 79
47 78
47 77
47 76
47 75
47 74
47 73
47 72
47 71
47 70
47 69
47 68
47 67
47 66
47 65
47 64
47 63
48 62
48 61
48 60
48 59
48 58
48 57
48 56
48 55
48 54
48 53
48 53
49 52
49 51
50 50
50 49
50 49
50 48
50 47
50 46
50 46
50 45
50 44
50 43
50 43
50 42
51 41
51 40
51 40
51 39
52 38
52 37
52 37
53 36
53 35
54 34
54 34
55 33
55 32
56 31
56 31
57 30
57 29
58 28
58 28
59 28
60 28
60 28
61 28
61 28
61 29
61 29
61 30
61 31
61 32
61 32
61 33
60 34
60 35
60 36
60 36
60 37
60 38
59 39
59 40
59 41
59 41
59 42
59 43
58 44
58 45
58 46
58 46
58 47
58 48
58 49
58 50
58 50
58 51
58 52
58 52
58 53
59 54
59 55
59 55
59 56
60 57
60 58
60 58
61 59
61 60
62 61
62 62
62 62
62 63
63 64
63 65
64 66
64 67
64 67
64 68
64 69
65 70
65 71
65 72
65 72
65 73
65 74
65 75
65 76
65 77
65 77
65 78
65 79
64 80
64 81
64 82
64 82
64 83
63 84
63 85
63 86
63 86
62 87
62 88
61 89
61 89
60 90
59 90
59 90
58 89
57 88
56 87
56 87
55 86
55 85
54 84
54 84
54 83
53 82
53 81
52 80
52 79
51 78
51 77
51 77
51 76
51 75
51 74
51 73
51 72
51 71
51 70
51 70
51 69
51 68
52 67
52 66
52 65
52 64
52 64
52 63
53 62
53 61
53 60
53 59
54 58
54 57
54 57
55 56
55 55
56 54
57 53
57 52
58 51
58 51
59 50
60 49
61 48
61 47
62 46
63 45
63 45
64 44
64 43
65 42
66 41
66 40
67 39
68 38
69 37
69 36
70 35
71 34
71 33
72 32
73 31
73 30
74 29
75 28
76 27
76 26
77 25
78 24
78 23
79 22
80 21
80 20
81 19
82 18
83 17
83 16
84 15
85 14
85 13
86 12
86 12
86 11
86 11
85 12
85 12
84 13
84 14
84 14
84 15
83 16
83 17
83 17
83 18
82 19
82 20
82 21
81 22
81 23
81 23
81 24
81 25
80 26
80 27
80 28
80 29
80 29
80 30
80 31
79 32
79 33
79 34
79 35
79 35
79 36
79 37
79 38
79 39
79 40
79 41
79 41
79 42
80 43
80 44
80 44
81 45
81 46
81 46
82 46
83 46
84 46
84 46
85 45
86 45
87 44
87 44
88 43
89 43
90 42
90 42
91 41
92 40
93 40
94 39
94 39
95 38
96 37
96 37
97 36
98 35
98 35
99 34
100 33
100 33
100 32
99 31
99 30
98 29
98 28
97 27
97 26
96 25
96 24
96 23
95 22
95 21
94 20
94 19
93 18
93 17
93 17
94 18
94 19
94 19
94 18
94 18
94 18
94 19
93 20
93 21
93 21
93 22
93 23
92 24
92 25
92 26
92 27
92 27
92 28
92 29
92 30
92 31
92 32
92 33
92 34
92 35
92 35
92 36
92 37
92 38
91 39
91 40
91 41
91 42
91 43
91 43
91 44
91 45
91 46
91 47
91 48
91 49
91 50
91 51
91 52
91 52
91 53
91 54
91 55
90 56
90 57
90 58
90 59
90 60
90 60
90 61
90 62
90 63
90 64
90 65
90 66
90 66
90 67
90 68
89 69
89 70
89 71
89 71
89 72
88 73
88 74
88 75
88 75
87 76
87 77
87 77
87 78
87 79
87 79
87 78
86 77
86 76
86 75
86 74
85 73
85 72
85 71
85 70
84 69
84 68
84 67
84 67
85 66
86 66
86 66
86 65
87 64
87 63
87 63
87 62
87 61
87 61
88 61
89 61
89 61
90 61
91 61
91 61
92 62
92 62
93 63
93 64
93 64
93 65
93 66
93 67
93 67
93 68
93 69
93 70
93 71
93 72
93 72
93 73
93 74
92 75
92 76
92 77
92 77
92 78
91 79
91 80
91 81
91 82
90 83
90 84
90 84
90 85
89 86
89 87
88 88
88 89
88 89
88 90
88 91
87 92
87 93
87 94
87 94
87 95
86 96
86 97
86 97
86 98
86 99
86 99
87 100
87 100
88 100
89 100
89 100
90 99
91 99
91 99
92 98
93 98
94 97
94 97
95 96
96 95
97 95
98 94
