0 22
0 22
0 22
0 22
0 22
0 22
1 22
1 22
2 21
2 21
3 20
4 20
4 20
5 19
6 18
6 18
7 17
8 17
8 17
9 16
10 15
10 15
11 14
12 14
13 13
13 13
14 12
15 12
15 12
16 11
17 11
18 10
18 10
19 9
20 9
20 9
21 8
22 8
22 8
23 8
23 8
24 7
25 7
25 7
26 7
26 7
25 8
24 8
23 9
22 10
21 10
20 11
20 11
19 12
19 13
19 13
18 13
18 13
18 13
18 13
18 14
18 14
18 15
18 15
18 16
18 17
18 17
18 18
18 19
18 20
18 20
18 21
18 22
18 23
18 24
18 24
18 25
19 26
19 27
19 28
19 28
19 29
19 30
19 31
19 32
19 33
19 33
19 34
19 35
19 36
19 37
19 38
19 39
19 39
19 40
19 41
19 42
19 43
19 44
19 45
19 45
19 46
19 47
19 48
19 49
19 50
19 51
19 51
19 52
19 53
20 54
20 55
20 56
20 57
20 57
20 58
20 59
20 60
20 61
20 62
20 63
20 63
20 64
20 65
20 66
20 67
20 68
20 69
20 69
20 70
20 71
20 72
20 73
20 74
20 74
20 75
20 76
20 77
20 78
20 78
20 79
20 80
20 81
20 81
20 82
19 83
19 84
19 84
19 85
18 86
18 87
18 87
17 88
17 89
16 90
16 90
15 91
15 92
15 92
14 92
13 92
13 92
12 92
12 92
11 91
11 90
11 90
10 89
9 88
9 88
9 87
9 86
9 85
9 84
9 84
8 83
8 82
8 82
8 81
8 80
8 80
9 79
9 78
10 77
10 76
11 75
12 74
12 73
13 72
13 71
14 70
15 69
15 68
16 67
17 66
17 65
18 64
18 63
19 62
20 61
20 60
21 59
21 58
22 57
23 56
23 55
24 54
24 53
25 52
26 51
26 50
27 49
27 48
28 47
29 46
29 45
30 44
30 43
31 42
32 41
32 40
33 39
34 38
34 37
35 36
35 35
36 34
37 33
37 32
38 31
38 30
39 29
40 28
40 27
41 26
41 25
42 24
42 24
42 24
42 24
42 24
42 24
42 23
42 23
43 22
43 22
44 21
44 21
45 20
46 19
46 19
47 18
48 17
48 17
49 16
50 15
50 15
51 14
52 14
53 13
53 13
54 12
55 11
55 11
56 10
57 9
57 9
58 8
58 8
59 7
59 7
58 6
57 5
56 4
55 3
54 2
54 2
54 1
54 1
54 0
54 0
53 1
53 1
53 2
53 3
53 3
53 4
53 5
53 6
53 7
53 7
53 8
52 9
52 10
52 11
52 11
52 12
52 13
51 14
51 15
51 16
51 16
51 17
50 18
50 19
50 20
49 21
49 22
49 22
49 23
49 24
48 25
48 26
48 27
48 28
48 28
48 29
47 30
47 31
47 32
47 33
46 34
46 35
46 35
46 36
46 37
45 38
45 39
45 40
45 41
45 41
45 42
45 43
44 44
44 45
44 46
44 47
44 47
44 48
43 49
43 50
42 51
42 52
42 52
42 53
41 54
41 55
41 56
41 56
41 57
40 58
40 59
40 59
40 58
41 57
41 56
41 55
41 54
42 53
42 52
42 51
42 50
43 49
43 48
43 47
43 46
44 45
44 44
44 43
44 42
45 41
45 40
45 40
46 41
46 42
46 42
47 43
47 44
47 44
47 45
47 46
47 47
47 48
47 48
47 49
47 50
47 51
47 52
47 53
47 53
47 54
47 55
47 56
47 57
47 58
47 59
47 59
47 60
47 61
47 62
47 63
47 64
47 65
47 65
47 66
47 67
47 68
47 69
47 70
47 70
47 71
47 72
47 73
47 74
47 75
47 76
47 76
47 77
47 78
47 79
47 80
47 81
47 81
47 82
47 83
47 84
47 85
47 86
47 86
47 87
47 88
47 89
47 90
47 90
47 91
47 92
47 93
47 94
47 94
47 95
47 96
47 96
47 95
47 94
47 93
47 92
47 91
47 90
47 89
47 88
48 87
48 86
48 85
48 84
48 83
48 82
48 81
48 80
48 79
48 78
48 77
48 76
48 75
48 74
48 73
48 72
48 71
49 70
49 69
49 68
49 67
49 66
49 65
49 64
49 63
49 62
49 61
49 60
49 59
49 58
49 57
49 56
49 55
49 54
49 53
50 52
50 51
50 50
50 49
50 48
50 47
50 46
50 45
50 44
50 44
51 43
51 42
52 41
52 40
52 40
53 39
53 39
53 38
53 37
53 37
53 36
53 36
54 36
54 36
55 35
56 35
56 35
57 34
57 34
58 33
59 33
59 33
60 32
60 31
60 31
61 31
62 31
62 31
63 32
63 33
63 33
64 34
64 34
64 35
64 36
64 37
64 38
64 38
64 39
64 40
64 41
64 41
64 42
64 43
64 44
64 45
64 45
64 46
64 47
64 48
64 49
64 50
64 50
64 51
63 52
63 53
63 54
63 54
63 55
63 56
63 57
63 57
63 58
63 59
63 60
63 60
63 61
63 62
63 62
64 63
64 64
64 64
65 65
65 66
65 66
66 67
66 67
67 68
67 69
67 69
68 70
68 71
68 71
68 72
69 73
69 74
69 74
70 75
70 76
70 76
70 77
70 78
70 79
70 79
70 80
70 81
70 82
70 82
70 83
69 84
69 85
69 85
69 86
68 87
68 88
68 88
67 89
67 90
67 90
66 91
66 91
65 91
65 91
64 90
63 90
63 90
62 89
62 89
62 88
61 87
61 86
61 86
61 85
61 84
61 84
61 83
61 82
61 81
61 81
61 80
61 79
61 78
61 77
61 77
61 76
62 75
62 74
62 74
62 73
63 72
63 71
63 70
63 70
63 69
64 68
64 67
65 66
65 65
65 65
65 64
66 63
66 62
66 61
66 61
66 60
67 59
67 58
68 57
68 56
68 56
69 55
69 54
70 53
70 52
70 52
70 51
71 50
71 49
71 48
72 47
72 46
72 45
73 44
73 43
73 42
74 41
74 40
74 39
75 38
75 37
75 36
76 35
76 34
76 33
77 32
77 31
77 30
78 29
78 28
78 27
78 26
79 25
79 24
79 23
80 22
80 21
80 20
81 19
81 18
81 17
82 16
82 15
82 14
83 13
83 12
83 11
84 10
84 9
84 8
85 7
85 6
85 5
86 4
86 3
86 3
87 4
87 4
87 4
87 5
87 6
87 6
87 7
86 8
86 9
86 9
86 10
86 11
86 12
86 13
86 13
86 14
85 15
85 16
85 17
85 17
85 18
85 19
84 20
84 21
84 22
84 23
84 23
84 24
84 25
83 26
83 27
83 28
83 28
83 29
83 30
83 31
83 32
83 32
83 33
83 34
83 35
83 36
83 36
83 37
83 38
83 39
83 39
84 40
84 41
84 41
85 42
86 42
86 42
87 42
88 42
88 42
89 42
90 42
90 42
91 41
92 41
92 41
93 40
94 40
94 40
95 39
96 39
96 39
97 38
97 38
98 37
98 37
99 36
99 36
99 35
98 34
98 33
98 32
98 31
97 30
97 29
97 28
96 27
96 26
96 25
96 24
95 23
95 22
95 21
95 20
94 19
94 18
94 18
94 18
94 18
94 19
94 20
94 20
94 21
93 22
93 23
93 23
93 24
93 25
93 26
93 27
93 27
93 28
93 29
92 30
92 31
92 32
92 33
92 33
92 34
92 35
92 36
92 37
92 38
92 39
92 39
92 40
92 41
91 42
91 43
91 44
91 45
91 45
91 46
91 47
91 48
90 49
90 50
90 51
90 52
90 52
90 53
90 54
90 55
90 56
90 57
90 58
90 59
90 59
90 60
90 61
89 62
89 63
89 64
89 65
89 65
89 66
89 67
89 68
88 69
88 70
88 71
88 72
88 72
88 73
88 74
87 75
87 76
87 77
87 77
87 78
87 79
87 80
87 81
87 81
87 82
86 83
86 84
86 85
86 85
86 86
86 86
86 85
86 84
86 83
86 82
85 81
85 80
85 79
85 78
85 77
85 76
85 75
85 74
84 73
84 72
84 71
84 70
84 69
84 68
84 67
84 66
84 65
83 64
83 63
83 62
83 61
83 60
83 60
83 59
82 58
82 57
82 56
82 56
82 55
82 55
82 55
82 55
83 55
83 55
84 55
84 55
85 55
86 55
86 55
87 56
88 56
88 56
89 57
90 57
90 57
91 58
92 58
92 58
93 59
93 59
94 60
94 61
94 61
94 62
95 63
95 64
95 64
95 65
95 66
95 67
95 67
95 68
95 69
95 70
95 71
95 71
95 72
94 73
94 74
93 75
93 76
93 76
93 77
92 78
92 79
92 80
92 80
92 81
91 82
91 83
90 84
90 85
90 85
90 86
90 87
89 88
89 89
89 90
89 90
89 91
88 92
88 93
87 94
87 95
87 95
86 96
86 97
86 97
86 98
85 99
85 100
85 100
85 100
85 100
85 100
86 100
86 100
87 100
88 100
88 100
89 99
89 99
90 99
91 99
91 99
92 98
93 98
93 98
94 97
95 97
95 97
96 96
97 96
97 96
98 96
99 95
100 95
