0 31
1 32
1 32
1 31
2 30
2 29
2 29
3 28
3 27
4 26
4 26
5 25
6 24
7 23
7 23
8 22
9 21
10 21
11 20
11 20
12 19
13 18
14 18
15 17
15 17
16 16
17 15
18 15
19 14
19 14
20 13
21 13
22 12
22 12
23 11
23 10
23 10
24 10
24 10
23 11
22 12
21 12
20 13
19 14
18 15
17 15
16 16
15 17
15 17
15 18
15 19
15 20
15 21
14 22
14 23
14 24
14 25
14 26
14 26
14 26
13 27
13 28
13 28
13 29
14 30
14 31
14 32
14 32
14 33
14 34
14 35
14 36
14 37
15 38
15 39
15 40
15 41
15 42
15 43
15 44
15 44
15 45
15 46
15 47
15 48
15 49
15 50
15 51
16 52
16 53
16 54
16 55
16 56
16 57
16 58
16 59
16 59
16 60
16 61
16 62
17 63
17 64
17 65
17 66
17 67
17 68
17 69
17 70
18 71
18 72
18 73
18 74
18 75
18 75
18 76
18 77
18 78
18 79
19 80
19 81
19 82
19 83
19 84
19 84
19 85
19 86
19 87
19 88
19 89
19 90
19 90
19 91
19 92
19 93
19 94
19 94
18 95
18 96
18 96
17 97
16 98
16 98
15 99
14 99
14 99
13 98
12 98
11 97
11 97
10 96
10 95
9 94
9 93
8 92
8 92
8 91
7 90
7 89
6 88
6 87
5 86
5 85
5 85
5 84
6 83
6 82
7 81
7 80
8 79
8 78
9 77
9 76
9 75
10 74
10 73
11 72
11 71
12 70
12 69
13 68
13 67
13 66
14 65
14 64
15 63
15 62
16 61
16 60
17 59
17 58
17 57
18 56
18 55
19 54
19 53
20 52
20 51
20 50
21 49
21 48
22 47
22 46
23 45
23 44
24 43
24 42
24 41
25 40
25 39
26 38
26 37
27 36
27 35
28 34
28 33
28 33
29 33
30 33
31 33
32 33
33 34
34 34
35 34
36 34
37 34
37 34
37 33
38 32
38 31
38 30
38 29
39 28
39 27
39 27
39 26
40 25
40 24
40 23
41 22
41 21
41 20
42 19
42 18
42 18
43 17
44 16
45 15
46 14
46 14
47 14
48 13
49 13
50 13
50 13
51 12
52 12
52 12
53 11
53 11
53 10
52 9
52 8
52 7
52 6
51 5
51 4
51 3
51 2
50 1
50 0
50 0
50 1
50 2
50 3
49 4
49 5
49 6
49 7
49 8
49 8
48 8
48 8
48 9
47 10
47 11
47 11
47 12
46 13
46 14
45 15
45 16
45 16
45 17
45 18
44 19
44 20
44 21
44 22
44 23
43 24
43 25
43 26
43 26
43 27
43 28
42 29
42 30
42 31
42 32
42 33
41 34
41 35
41 36
41 36
41 37
40 38
40 39
40 40
39 41
39 42
39 43
39 44
38 45
38 46
38 46
38 47
37 48
37 49
37 50
36 51
36 52
36 52
36 53
35 54
35 55
35 56
35 56
34 57
34 58
34 58
34 58
34 57
35 56
35 55
35 54
36 53
36 52
37 51
37 50
37 49
38 48
38 47
38 47
39 46
39 45
40 44
40 43
41 42
41 41
41 41
41 42
41 42
41 43
41 43
41 44
41 45
41 45
41 46
41 47
41 48
41 49
41 50
41 51
41 51
41 52
41 53
41 54
41 55
40 56
40 57
40 58
40 59
40 60
40 61
40 61
40 62
40 63
40 64
40 65
40 66
40 67
40 68
40 69
40 70
40 71
40 72
40 72
40 73
40 74
40 75
40 76
40 77
40 78
40 79
40 80
40 81
40 82
40 82
40 83
40 84
40 85
39 86
39 87
39 88
39 89
39 89
39 90
39 91
39 92
39 93
39 94
39 95
39 95
39 96
39 97
39 98
39 98
39 99
39 99
39 98
39 97
39 96
39 95
39 94
40 93
40 92
40 91
40 90
40 89
40 88
40 87
40 86
40 85
40 84
40 83
40 82
41 81
41 80
41 79
41 78
41 77
41 76
41 75
41 74
41 73
41 72
41 71
41 70
42 69
42 68
42 67
42 66
42 65
42 64
42 63
42 63
43 62
44 61
44 60
45 59
46 58
46 58
46 57
46 56
46 55
46 54
46 53
46 52
46 51
46 50
46 50
46 49
46 48
46 48
46 49
46 49
47 49
47 49
48 50
48 51
48 51
49 52
49 53
49 53
49 54
50 55
50 56
50 56
50 57
50 58
50 59
50 60
50 61
50 61
50 62
50 63
50 64
50 65
50 66
50 66
50 67
50 68
51 69
51 70
51 71
51 71
51 72
52 73
52 74
52 75
52 75
52 76
53 77
53 78
53 79
53 79
54 80
55 81
55 81
55 82
55 83
55 84
55 84
55 85
56 86
56 87
56 87
56 88
56 89
56 90
56 90
56 91
55 92
55 93
55 94
55 94
55 95
54 96
54 97
54 97
53 98
52 99
52 99
51 99
51 99
50 98
50 97
50 97
50 96
49 95
49 94
49 93
49 93
49 92
49 91
49 90
49 89
49 88
49 87
49 87
49 86
49 85
49 84
50 83
50 82
50 81
50 80
50 80
50 79
50 78
50 77
50 76
50 76
50 75
51 74
51 73
51 73
52 72
52 71
52 71
53 70
54 69
54 69
55 68
55 67
56 66
57 65
58 64
58 63
59 62
60 61
60 60
61 59
62 58
62 57
63 56
64 55
65 54
65 53
66 52
67 51
67 50
68 49
69 48
70 47
70 46
71 45
72 44
72 43
73 42
74 41
74 40
75 39
76 38
77 37
77 36
78 35
79 34
79 33
80 32
81 31
81 30
82 29
83 28
84 27
84 26
85 25
85 25
85 25
84 24
84 23
84 23
83 24
83 24
83 25
83 26
83 27
83 27
83 28
82 29
82 30
81 31
81 32
81 32
81 33
81 34
80 35
80 36
80 37
80 38
80 38
80 39
80 40
80 41
79 42
79 43
79 44
79 45
79 45
79 46
79 47
79 48
79 49
79 50
79 51
79 52
79 52
79 53
79 54
80 55
80 56
80 57
80 57
80 58
81 59
81 60
81 60
82 60
83 60
84 60
84 60
85 60
86 59
87 59
87 59
88 58
89 57
90 56
90 56
91 55
92 54
93 53
93 53
94 52
94 51
95 50
95 50
95 49
95 48
95 47
95 46
95 45
95 44
95 43
95 42
95 41
95 40
96 39
96 38
96 37
96 36
96 35
96 34
96 33
96 32
96 31
96 30
96 29
96 29
96 30
95 31
95 32
95 33
94 34
94 35
94 35
94 36
93 37
93 38
93 38
93 39
93 40
92 41
92 42
92 43
92 44
92 44
92 45
92 46
91 47
91 48
91 49
91 50
90 51
90 52
90 53
90 53
90 54
90 55
90 56
90 57
90 58
89 59
89 60
89 61
89 62
89 63
89 64
89 65
89 65
89 66
89 67
89 68
89 69
89 70
89 71
89 72
89 73
89 74
89 75
89 75
89 76
89 77
89 78
89 79
89 80
89 81
89 81
89 82
89 83
89 84
89 84
88 83
87 82
86 81
85 80
84 79
83 78
82 77
82 77
82 78
82 79
82 80
82 81
82 81
81 80
81 80
81 79
82 78
82 77
82 77
83 76
83 76
84 76
85 75
86 75
86 75
87 75
88 75
89 75
89 75
90 75
91 74
92 74
93 74
93 74
94 75
94 76
94 76
94 77
94 78
94 78
94 79
94 80
94 81
94 82
94 82
94 83
94 84
93 85
93 86
93 87
93 87
93 88
92 89
92 90
92 91
91 92
91 93
91 93
91 94
90 95
90 96
90 97
90 97
90 98
90 99
90 99
90 100
90 100
90 100
91 100
91 100
92 100
93 100
94 100
94 100
95 99
95 98
96 97
96 97
97 96
98 95
99 94
100 93
