0 26
0 25
0 25
0 25
0 25
0 25
0 25
1 24
1 24
2 23
2 23
3 22
4 22
4 22
5 21
6 21
6 21
7 20
8 19
8 19
9 18
10 17
10 17
11 16
12 15
12 15
13 15
14 14
15 14
15 14
16 13
17 13
18 12
18 12
19 11
20 11
20 11
21 11
22 11
22 11
23 11
23 11
24 11
24 11
23 12
22 13
21 14
20 14
19 15
18 16
18 16
17 16
16 16
16 16
16 16
16 16
16 16
16 17
16 18
16 18
16 19
16 20
16 20
16 21
16 22
16 22
16 23
16 24
16 25
16 26
16 26
16 27
16 28
16 29
16 29
16 30
16 31
16 32
16 33
16 34
16 34
16 35
16 36
17 37
17 38
17 39
17 39
17 40
17 41
17 42
17 43
17 44
17 44
17 45
17 46
17 47
17 48
17 49
17 49
17 50
17 51
17 52
18 53
18 54
18 55
18 56
18 56
18 57
18 58
18 59
18 60
18 61
18 61
18 62
18 63
18 64
18 65
18 66
18 66
18 67
18 68
18 69
18 70
18 71
18 71
18 72
18 73
18 74
18 75
18 75
18 76
18 77
18 77
18 78
17 79
17 80
17 80
17 81
16 82
16 83
16 83
15 84
15 85
14 86
14 86
13 87
13 88
13 88
12 89
11 89
11 89
10 90
9 90
9 90
8 89
7 89
7 89
6 88
6 88
5 87
5 87
4 86
4 86
4 85
4 85
4 84
4 83
4 83
5 82
5 81
6 80
6 79
7 78
8 77
8 76
9 75
9 74
10 73
11 72
11 71
12 70
12 69
13 68
14 67
14 66
15 65
15 64
16 63
17 62
17 61
18 60
18 59
19 58
20 57
20 56
21 55
21 54
22 53
23 52
23 51
24 50
25 49
25 48
26 47
26 46
27 45
28 44
28 43
29 42
29 41
30 40
31 39
31 38
32 37
32 36
33 35
34 34
34 33
35 32
35 31
36 30
37 29
37 28
38 27
38 26
39 25
40 24
40 23
41 22
41 21
42 20
42 20
41 20
40 21
39 21
39 21
39 21
38 20
38 20
38 20
38 20
38 20
39 19
39 19
40 19
40 19
41 18
41 18
42 17
43 17
43 17
44 16
45 16
45 16
46 15
47 15
47 15
48 14
49 14
49 14
50 13
51 13
51 13
52 12
53 11
53 11
54 10
55 10
55 10
56 10
56 10
56 9
56 8
56 7
55 6
55 5
55 4
55 3
55 2
55 2
54 1
54 1
54 0
54 0
53 1
53 1
52 2
52 2
52 3
51 4
51 5
51 5
51 6
50 7
50 8
50 9
50 9
50 10
49 11
49 12
49 13
49 13
49 14
48 15
48 16
47 17
47 18
47 18
47 19
46 20
46 21
45 22
45 23
45 23
45 24
44 25
44 26
44 27
43 28
43 29
43 29
43 30
42 31
42 32
41 33
41 34
41 34
41 35
41 36
40 37
40 38
40 39
40 40
40 40
40 41
39 42
39 43
39 44
39 44
39 45
38 46
38 47
38 47
38 48
37 49
37 50
37 50
36 51
36 52
36 52
36 51
37 50
37 49
37 48
38 47
38 46
38 45
38 44
39 43
39 42
39 41
40 40
40 39
40 39
41 38
41 37
42 36
42 35
42 35
42 36
42 36
43 37
43 37
43 38
43 39
43 40
43 40
43 41
43 42
43 43
43 44
43 44
43 45
43 46
43 47
43 48
43 49
43 49
43 50
43 51
42 52
42 53
42 54
42 54
42 55
42 56
42 57
42 58
42 59
42 60
42 60
42 61
42 62
42 63
42 64
42 65
42 66
42 66
42 67
42 68
42 69
42 70
42 71
42 71
42 72
42 73
41 74
41 75
41 76
41 76
41 77
41 78
41 79
41 79
41 80
41 81
41 82
41 82
41 83
41 84
41 85
41 85
41 86
41 87
41 87
41 86
41 85
41 84
41 83
41 82
42 81
42 80
42 79
42 78
42 77
42 76
42 75
42 74
42 73
42 72
43 71
43 70
43 69
43 68
43 67
43 66
43 65
43 64
43 63
43 62
43 61
44 60
44 59
44 58
44 57
44 56
44 55
44 54
44 53
44 52
44 51
45 50
45 49
45 48
45 47
45 46
45 45
45 45
45 44
46 43
46 42
46 41
47 40
47 39
47 39
47 38
48 37
48 36
48 36
49 35
49 34
49 34
50 33
51 33
51 33
52 32
52 32
53 31
54 31
54 31
55 30
55 30
56 29
57 29
57 29
58 30
58 30
59 30
59 30
60 31
60 32
60 32
60 33
60 34
60 34
60 35
60 36
60 37
60 38
60 38
60 39
60 40
60 41
60 41
60 42
59 43
59 44
59 44
59 45
59 46
59 47
59 47
59 48
58 49
58 50
58 50
58 51
58 52
58 53
58 53
58 54
58 55
58 55
59 56
59 57
59 57
60 58
60 59
60 59
61 60
61 61
61 61
62 62
62 63
62 63
62 64
62 65
62 66
62 66
62 67
63 68
63 69
63 69
63 70
64 71
64 72
64 73
64 73
64 74
64 75
64 76
64 76
64 77
64 78
64 79
64 79
64 80
63 81
63 82
63 82
63 83
63 84
63 85
63 85
63 86
62 87
62 88
62 89
62 89
61 90
61 90
60 91
60 91
59 92
59 92
59 91
59 91
58 90
58 90
58 89
58 88
58 88
58 87
57 86
57 85
57 85
57 84
58 83
58 82
58 81
58 81
58 80
58 79
58 78
58 78
58 77
59 76
59 75
59 74
59 74
59 73
60 72
60 71
60 70
60 70
60 69
61 68
61 67
61 66
61 66
62 65
62 64
63 63
63 63
63 62
64 61
64 60
64 59
64 59
64 58
65 57
65 56
66 55
66 54
66 53
67 52
67 51
68 50
68 49
68 48
69 47
69 46
69 45
70 44
70 43
71 42
71 41
71 40
72 39
72 38
73 37
73 36
73 35
74 34
74 33
75 32
75 31
75 30
76 29
76 28
76 27
77 26
77 25
78 24
78 23
78 22
79 21
79 20
80 19
80 18
80 17
81 16
81 15
82 14
82 13
82 12
83 11
83 10
83 9
84 8
84 7
85 6
85 5
85 5
86 4
86 3
86 3
86 2
86 2
86 2
86 2
85 2
85 2
85 3
85 4
85 4
85 5
84 6
84 7
84 7
84 8
84 9
84 10
84 10
84 11
84 12
83 13
83 14
83 15
83 15
83 16
83 17
82 18
82 19
82 20
82 20
82 21
82 22
82 23
82 24
82 25
82 25
82 26
82 27
82 28
82 29
82 29
82 30
82 31
82 32
82 32
83 33
84 34
84 34
85 35
85 36
85 36
86 37
87 37
87 37
88 37
89 37
90 37
90 37
91 36
92 36
92 36
93 35
94 35
94 35
95 35
96 35
96 35
97 34
97 33
97 33
98 32
98 32
98 31
98 30
98 29
97 28
97 27
97 26
97 25
97 24
97 23
97 22
96 21
96 20
96 19
96 18
96 17
96 16
96 15
96 14
95 13
95 12
95 11
95 10
95 10
94 9
94 9
94 8
94 8
93 9
93 9
93 10
93 11
93 11
93 12
93 13
93 14
93 14
93 15
92 16
92 17
92 18
92 18
92 19
92 20
91 21
91 22
91 23
91 24
91 24
91 25
91 26
90 27
90 28
90 29
90 30
90 30
90 31
90 32
90 33
89 34
89 35
89 36
89 37
89 38
89 38
89 39
89 40
89 41
88 42
88 43
88 44
88 45
88 45
88 46
88 47
88 48
87 49
87 50
87 51
87 52
87 52
87 53
87 54
87 55
87 56
87 57
87 58
87 59
87 59
87 60
87 61
86 62
86 63
86 64
86 64
86 65
86 66
85 67
85 68
85 69
85 69
85 70
85 71
85 72
85 73
85 73
85 74
84 75
84 76
84 76
84 77
84 78
84 78
84 78
84 77
83 76
83 75
83 74
82 73
82 72
82 71
81 70
81 69
81 68
80 67
80 66
80 66
80 65
79 64
79 63
79 62
79 62
79 61
79 61
79 61
79 61
79 61
80 61
80 61
81 60
81 60
82 60
83 60
83 60
84 60
85 60
85 60
86 59
87 59
87 59
88 59
88 59
89 60
90 60
90 60
91 61
91 62
91 62
91 63
91 64
91 64
91 65
91 66
91 67
91 67
91 68
91 69
91 70
91 71
91 72
91 72
91 73
90 74
90 75
90 76
90 76
90 77
89 78
89 79
88 80
88 81
88 81
88 82
88 83
87 84
87 85
87 86
87 87
87 87
87 88
87 89
86 90
86 91
86 92
86 92
86 93
85 94
85 95
85 95
85 96
85 97
85 98
85 98
85 99
85 100
85 100
85 100
86 100
86 100
87 100
87 100
88 99
89 99
89 99
90 98
91 97
91 97
92 96
93 96
93 96
94 95
95 94
95 94
96 93
97 92
97 92
98 92
99 91
100 91
