0 18
0 19
0 20
0 20
0 19
0 19
0 19
0 19
1 18
2 18
2 18
3 17
4 16
4 16
5 15
6 14
7 13
7 13
8 12
9 11
10 10
11 9
11 9
12 8
13 8
14 7
15 7
15 7
16 6
17 5
18 4
18 4
19 3
20 3
20 3
21 3
22 3
22 3
23 3
23 3
22 4
21 5
20 6
19 7
18 8
17 9
16 10
15 11
14 12
13 13
13 13
13 14
13 15
14 16
14 17
14 18
14 18
13 18
13 18
13 19
13 19
13 20
13 21
12 22
12 23
12 24
12 24
12 25
12 26
12 27
12 28
12 29
12 30
12 31
12 31
12 32
12 33
12 34
12 35
12 36
12 37
12 38
12 39
12 40
12 40
12 41
12 42
12 43
12 44
11 45
11 46
11 47
11 48
11 49
11 50
11 50
11 51
11 52
11 53
11 54
11 55
11 56
11 57
11 58
11 58
11 59
11 60
11 61
11 62
11 63
11 64
11 65
11 66
11 66
11 67
11 68
11 69
11 70
11 71
11 71
11 72
11 73
11 74
11 75
11 76
11 76
11 77
10 78
10 79
10 79
9 80
9 81
9 81
8 82
7 82
7 82
6 82
5 82
5 82
4 81
3 80
3 80
3 79
4 78
4 77
5 76
5 75
6 74
6 73
7 72
7 71
8 70
8 69
8 68
9 67
9 66
10 65
10 64
11 63
11 62
12 61
12 60
13 59
13 58
13 57
14 56
14 55
15 54
15 53
16 52
16 51
17 50
17 49
18 48
18 47
19 46
19 45
19 44
20 43
20 42
21 41
21 40
22 39
22 38
23 37
23 36
24 35
24 34
24 33
25 32
25 31
26 30
26 29
27 28
27 27
28 26
28 25
29 24
29 23
29 23
30 24
31 25
32 25
33 26
33 26
34 25
34 24
34 24
34 23
35 22
35 21
35 21
36 20
37 19
37 19
38 18
39 18
40 17
40 17
41 16
42 16
43 15
43 15
44 15
45 14
46 14
46 14
47 13
48 13
48 13
49 13
50 12
51 12
51 12
52 11
52 11
53 11
53 11
53 10
52 9
52 8
52 7
51 6
51 5
50 4
50 3
50 2
49 1
49 0
49 0
49 1
49 2
49 2
49 2
48 2
47 2
47 2
47 3
46 4
46 5
46 6
46 6
45 7
45 8
44 9
44 10
43 11
43 12
43 12
43 13
42 14
42 15
41 16
41 17
40 18
40 19
40 19
40 20
39 21
39 22
38 23
38 24
38 25
37 26
37 27
37 27
37 28
36 29
36 30
35 31
35 32
35 33
34 34
34 35
34 35
34 36
33 37
33 38
32 39
32 40
31 41
31 42
31 42
31 43
30 44
30 45
29 46
29 47
29 47
29 48
29 49
29 50
29 50
29 49
30 48
30 47
30 46
31 45
31 44
31 43
32 42
32 41
32 40
32 39
33 38
33 37
33 36
34 35
34 34
34 33
35 32
35 31
35 31
36 32
37 32
38 33
38 33
38 34
38 34
37 34
37 34
37 35
37 36
37 37
37 38
37 38
37 39
37 40
36 41
36 42
36 43
36 44
36 44
36 45
36 46
36 47
36 48
35 49
35 50
35 51
35 52
35 53
35 53
35 54
35 55
35 56
34 57
34 58
34 59
34 60
34 61
34 61
34 62
34 63
34 64
34 65
34 66
34 67
34 68
34 68
34 69
34 70
34 71
33 72
33 73
33 74
33 75
33 76
33 76
33 77
33 78
33 79
33 80
33 81
33 81
33 82
33 83
33 84
33 85
33 85
33 84
33 83
33 82
33 81
33 80
33 79
34 78
34 77
34 76
34 75
34 74
34 73
34 72
34 71
34 70
34 69
34 68
34 67
34 66
35 65
35 64
35 63
35 62
35 61
35 60
35 59
35 58
35 57
35 56
35 55
35 54
35 53
36 52
36 51
36 50
36 49
36 48
36 47
36 46
36 46
37 45
37 44
38 43
38 42
39 41
39 40
40 39
40 39
40 38
40 37
40 36
41 35
41 34
41 33
41 32
41 32
41 31
42 30
42 29
43 28
43 27
43 27
44 26
44 25
45 24
45 24
46 23
47 22
47 22
48 21
49 21
49 21
50 22
50 22
51 23
51 24
51 24
51 25
52 26
52 27
52 27
52 28
52 29
52 30
52 31
52 31
52 32
52 33
51 34
51 35
51 36
51 36
51 37
51 38
50 39
50 40
50 41
50 41
50 42
50 43
49 44
49 45
49 46
49 46
49 47
49 48
49 49
49 50
49 50
49 51
49 52
49 53
49 53
50 54
50 55
50 55
50 56
51 57
51 58
51 58
51 59
52 60
52 61
52 62
52 62
53 63
53 64
54 65
54 66
54 66
54 67
54 68
54 69
54 70
54 70
54 71
55 72
55 73
55 74
55 74
55 75
55 76
55 77
55 78
55 79
55 79
55 80
55 81
55 81
54 82
54 82
53 81
52 81
52 81
51 80
50 80
50 80
49 79
48 78
47 78
46 77
46 77
45 76
44 75
43 74
43 74
42 73
42 72
41 71
41 70
41 70
41 69
40 68
40 67
40 67
40 66
40 65
40 64
40 64
40 63
41 62
41 61
42 60
42 59
42 59
43 58
44 57
44 56
45 55
46 54
46 54
47 53
48 52
49 51
49 50
50 49
51 48
51 48
52 47
53 46
54 45
55 44
56 43
56 43
57 42
58 41
59 41
60 40
61 39
61 39
62 38
63 37
64 36
65 35
65 35
65 34
66 33
66 32
67 31
67 30
68 29
68 28
69 27
69 26
69 25
70 24
70 23
71 22
71 21
72 20
72 19
73 18
73 17
73 16
74 15
74 14
75 13
75 12
76 11
76 10
77 9
77 8
77 8
77 9
77 10
77 11
77 11
76 11
76 11
75 12
75 12
75 13
74 14
74 15
74 15
73 16
73 17
72 18
72 19
72 19
72 20
72 21
71 22
71 23
71 24
71 25
71 25
71 26
71 27
70 28
70 29
70 30
70 30
70 31
70 32
70 33
70 34
70 35
70 36
70 36
70 37
70 38
70 39
70 40
70 41
70 41
71 42
71 43
71 43
72 43
73 43
73 43
74 43
75 42
76 42
76 42
77 41
78 40
79 40
80 39
80 39
81 38
82 37
83 37
84 36
85 35
85 35
86 34
87 34
88 33
88 33
89 32
90 31
91 30
91 30
92 29
93 29
94 28
94 28
95 27
95 26
95 26
94 25
93 24
92 23
91 22
90 21
89 20
88 19
87 18
86 17
86 17
86 18
86 19
86 20
86 21
86 21
85 21
85 21
84 22
84 23
84 23
84 24
84 25
84 26
84 27
84 28
84 28
84 29
84 30
84 31
83 32
83 33
83 34
83 35
83 35
83 36
83 37
83 38
83 39
83 40
83 41
83 42
83 42
83 43
83 44
83 45
82 46
82 47
82 48
82 49
82 50
82 50
82 51
82 52
82 53
82 54
82 55
82 56
82 57
82 57
82 58
82 59
81 60
81 61
81 62
81 63
81 63
81 64
81 65
81 66
81 67
81 68
81 69
81 69
81 70
80 71
80 72
80 73
80 73
80 74
80 75
80 76
80 76
80 75
79 74
79 73
78 72
78 71
77 70
77 69
76 68
76 67
75 66
75 65
75 65
76 65
77 65
77 65
78 64
78 64
78 63
79 62
79 61
79 61
80 60
81 59
81 59
82 59
83 58
84 58
84 58
85 58
86 58
86 58
87 58
88 58
88 58
89 59
89 59
90 60
90 61
91 62
91 62
91 63
91 64
91 65
91 66
91 66
91 67
91 68
91 69
91 70
91 70
91 71
90 72
90 73
90 74
89 75
89 76
89 76
89 77
88 78
88 79
88 80
87 81
87 82
87 82
86 83
86 84
85 85
85 86
84 87
84 87
83 88
82 89
82 90
81 91
80 92
80 92
79 93
78 94
78 95
77 96
77 96
76 97
75 98
74 99
74 99
73 100
73 100
73 100
74 100
74 100
75 100
76 100
76 100
77 100
78 99
79 99
80 99
80 99
81 99
82 99
83 98
84 98
85 98
85 98
86 97
87 97
88 96
89 96
90 95
90 95
91 95
92 94
93 94
94 93
95 93
95 93
96 93
97 93
98 92
99 92
100 92
