5 14
4 15
3 15
3 15
2 14
2 14
2 14
2 14
2 14
2 14
3 14
4 14
4 14
5 13
6 12
6 12
7 11
8 11
9 10
9 10
10 9
11 9
12 8
12 8
13 7
14 7
15 6
16 6
16 6
17 5
18 4
18 4
19 3
20 3
21 2
21 2
22 1
23 1
23 1
23 0
23 0
24 0
24 0
23 0
23 0
22 1
21 2
20 3
19 3
18 4
17 5
16 6
16 6
16 6
16 7
16 7
16 8
16 8
17 9
17 10
17 10
17 11
17 12
17 13
17 13
17 14
17 15
17 16
17 17
17 18
17 18
17 19
17 20
18 21
18 22
18 23
18 24
18 24
18 25
18 26
18 27
18 28
18 29
18 30
18 31
18 31
18 32
18 33
18 34
18 35
18 36
18 37
18 38
18 39
18 39
18 40
18 41
18 42
18 43
18 44
18 45
18 46
18 47
18 47
18 48
18 49
18 50
18 51
18 52
18 53
18 54
18 55
18 56
18 56
18 57
18 58
18 59
18 60
18 61
18 62
18 63
18 64
18 64
18 65
18 66
18 67
18 68
18 69
18 70
18 71
18 71
18 72
18 73
18 74
18 75
18 76
18 77
18 78
18 78
18 79
18 80
17 81
17 82
17 83
17 84
17 84
17 85
17 86
16 87
16 88
16 89
16 90
16 90
16 91
15 92
15 93
15 94
15 94
15 95
14 96
14 97
14 97
13 98
12 99
12 99
11 100
10 100
10 100
9 100
8 100
8 100
7 99
6 99
6 99
5 98
4 98
3 97
3 97
3 96
2 95
2 94
2 94
1 93
1 92
0 91
0 91
0 90
0 89
0 89
0 88
1 87
1 86
2 85
2 84
3 83
3 82
4 81
4 80
5 79
5 78
6 77
6 76
7 75
7 74
8 73
8 72
9 71
9 70
10 69
10 68
11 67
11 66
12 65
12 64
13 63
13 62
14 61
14 60
15 59
15 58
16 57
16 56
17 55
17 54
18 53
18 52
19 51
19 50
20 49
20 48
21 47
21 46
22 45
22 44
23 43
23 42
24 41
24 40
25 39
25 38
26 37
26 36
27 35
27 34
28 33
28 32
29 31
29 30
30 29
30 28
31 27
31 26
31 26
30 25
30 25
30 25
30 25
30 25
31 25
31 25
31 25
32 24
33 23
33 23
34 22
35 21
35 21
36 20
37 19
38 18
38 18
39 17
40 16
40 15
41 14
41 14
42 13
43 13
44 12
44 12
45 12
46 11
47 11
47 11
48 10
48 10
49 9
49 9
50 9
50 9
50 9
50 9
49 9
49 9
48 9
47 8
46 8
45 8
44 7
43 7
43 7
43 6
43 6
43 6
43 6
43 7
43 7
43 8
43 9
43 9
43 10
42 11
42 12
42 12
42 13
41 14
41 15
41 16
41 16
41 17
41 18
40 19
40 20
40 21
40 22
40 22
40 23
39 24
39 25
39 26
38 27
38 28
38 28
38 29
38 30
37 31
37 32
37 33
37 34
37 34
37 35
36 36
36 37
36 38
35 39
35 40
35 40
35 41
34 42
34 43
33 44
33 45
33 45
33 46
32 47
32 48
32 48
31 49
31 50
31 50
31 51
31 51
31 50
32 49
32 48
33 47
33 46
34 45
34 44
34 43
35 42
35 41
36 40
36 39
37 38
37 37
38 36
38 35
38 34
39 33
39 32
40 31
40 30
41 29
41 28
41 28
41 29
41 29
41 30
41 30
41 31
41 31
41 32
41 33
41 33
41 34
41 35
41 36
41 36
41 37
41 38
41 38
41 39
41 40
41 41
41 41
41 42
41 43
41 43
41 44
41 45
41 46
41 47
41 47
41 48
41 49
41 50
41 51
41 51
42 52
42 53
42 53
42 54
42 55
42 56
42 56
42 57
42 58
42 59
42 59
42 60
42 61
42 61
42 62
42 62
42 63
42 64
42 64
42 64
42 63
42 63
42 62
42 61
42 60
42 59
42 58
42 57
42 56
42 55
42 54
42 53
42 52
42 51
42 50
43 49
43 48
43 47
43 46
43 45
43 44
43 43
43 42
43 41
43 40
43 39
43 38
43 37
43 36
43 36
43 35
44 34
44 33
45 32
45 31
45 31
46 30
46 29
46 29
46 28
46 27
46 27
47 26
47 25
47 25
48 24
48 24
49 23
50 23
50 23
51 23
51 23
52 23
53 23
53 23
54 24
54 24
54 25
54 26
54 26
54 27
55 28
55 29
55 29
55 30
55 31
55 32
55 32
55 33
55 34
55 35
55 36
55 36
55 37
56 38
56 39
56 39
57 40
57 41
57 41
58 42
58 43
59 44
59 44
60 45
60 46
60 46
60 47
61 48
61 49
61 49
61 50
62 51
62 52
62 53
62 53
62 54
62 55
62 56
62 57
62 58
62 58
62 59
62 60
62 61
62 62
62 63
62 64
62 64
62 65
61 66
61 67
61 68
61 68
61 69
60 70
60 71
60 72
60 72
59 73
59 74
59 74
58 75
58 76
58 76
57 76
56 76
56 76
55 75
55 75
54 74
54 73
53 72
53 72
53 71
53 70
53 69
53 68
53 68
53 67
53 66
53 65
53 64
53 64
53 63
54 62
54 61
54 60
54 60
54 59
55 58
55 57
56 56
56 55
56 55
57 54
57 53
58 52
58 51
59 50
59 50
59 49
60 48
60 47
61 46
61 45
61 45
62 44
63 43
63 42
64 41
64 41
65 40
65 39
66 38
66 38
66 37
67 36
67 35
67 34
68 33
68 32
68 31
68 30
69 29
69 28
69 27
70 26
70 25
70 24
71 23
71 22
71 21
71 20
72 19
72 18
72 18
72 17
72 16
72 16
71 16
71 16
71 16
71 16
71 16
71 17
71 17
71 18
71 18
71 19
71 19
71 20
71 21
71 21
71 22
71 23
71 24
71 24
71 25
72 26
72 27
72 27
72 28
72 29
72 30
72 30
72 31
73 32
73 33
73 33
74 34
74 35
74 35
75 36
76 36
76 36
77 35
78 35
78 35
79 34
80 34
81 33
81 33
82 32
83 31
84 30
84 30
85 29
86 28
86 27
87 26
87 26
88 25
88 24
89 23
89 23
90 22
90 21
91 20
91 20
91 19
92 18
92 17
92 17
92 16
92 16
91 16
90 15
89 15
88 14
87 14
86 14
85 13
84 13
84 13
84 13
84 14
84 14
84 14
84 15
84 16
84 16
84 17
84 18
84 19
84 19
84 20
84 21
84 22
84 22
84 23
84 24
84 25
84 26
84 26
84 27
84 28
83 29
83 30
83 31
83 32
83 32
83 33
83 34
83 35
83 36
83 37
83 38
83 39
83 39
83 40
83 41
83 42
83 43
83 44
83 45
83 45
83 46
83 47
83 48
83 49
83 50
83 51
83 52
83 52
83 53
83 54
82 55
82 56
82 57
82 58
82 58
82 59
82 60
82 61
82 62
82 63
82 63
83 64
83 65
83 65
83 66
83 67
83 67
83 67
83 66
83 65
82 64
82 63
82 62
82 61
81 60
81 59
81 58
81 57
80 56
80 55
80 54
80 54
79 55
78 56
78 56
77 56
77 56
77 55
77 55
77 55
77 55
78 54
78 54
79 53
79 53
80 53
81 53
81 53
82 52
83 52
83 52
84 52
85 52
85 52
86 53
86 53
87 54
87 54
87 55
87 56
87 57
87 58
87 58
87 59
87 60
87 61
87 62
87 62
87 63
86 64
86 65
85 66
85 67
85 67
85 68
85 69
84 70
84 71
84 72
84 72
84 73
83 74
83 75
82 76
82 77
82 77
82 78
81 79
81 80
80 81
80 82
80 82
80 83
80 84
80 85
80 85
80 86
80 86
81 86
81 86
82 85
83 85
84 84
84 84
85 83
86 82
87 81
87 81
88 80
89 79
90 78
91 77
91 77
92 76
93 75
94 74
95 73
95 73
96 73
97 72
98 72
99 71
100 71
