0 22
0 23
0 24
0 24
0 23
0 23
0 23
1 24
2 24
2 24
3 23
4 23
4 23
5 22
6 21
7 21
8 20
8 20
9 19
10 18
11 17
11 17
12 16
13 15
14 14
15 13
15 13
16 12
17 12
18 11
18 11
19 10
20 9
21 8
21 8
22 7
23 7
23 7
24 7
24 7
24 7
23 8
22 9
22 10
21 11
20 12
19 13
19 14
18 15
17 16
16 17
16 18
15 19
15 19
15 20
15 21
15 22
16 23
16 24
16 25
16 26
16 26
16 27
16 27
16 28
16 29
16 30
16 31
16 32
16 32
16 33
16 34
16 35
16 36
16 37
16 38
16 39
16 39
16 40
16 41
16 42
16 43
16 44
16 45
16 46
16 47
16 48
16 49
16 49
16 50
16 51
16 52
16 53
16 54
16 55
16 56
16 57
16 58
16 58
16 59
16 60
16 61
16 62
16 63
16 64
16 65
16 66
16 67
16 68
16 68
16 69
16 70
16 71
16 72
16 73
16 74
16 75
16 75
16 76
16 77
16 78
16 79
16 80
16 81
16 81
16 82
15 83
15 84
15 85
15 85
15 86
15 87
15 88
15 88
14 89
14 90
14 90
13 91
13 92
13 92
12 93
11 93
11 93
10 93
10 93
9 92
8 91
8 91
7 90
6 89
6 89
6 88
5 87
5 86
5 85
5 85
5 84
4 83
4 82
4 81
4 81
4 80
3 79
3 78
3 77
3 77
3 76
3 75
3 74
3 73
3 73
4 72
5 71
5 70
6 69
7 68
8 67
8 66
9 65
10 64
11 63
11 62
12 61
13 60
14 59
14 58
15 57
16 56
17 55
17 54
18 53
19 52
20 51
21 50
21 49
22 48
23 47
24 46
24 45
25 44
26 43
27 42
27 41
28 40
29 39
30 38
30 37
31 36
32 35
33 34
33 33
34 32
35 31
35 31
35 32
36 33
36 34
36 34
35 33
35 32
35 32
35 32
36 31
37 31
37 31
38 30
38 29
39 28
39 28
40 27
41 26
41 25
42 24
42 24
43 23
44 22
44 21
45 20
45 20
46 19
47 18
48 17
48 17
49 16
49 15
50 14
50 14
51 13
52 12
52 12
53 11
53 11
54 11
54 11
53 10
53 9
52 8
52 7
51 6
50 5
50 4
49 3
49 2
48 1
48 1
48 2
48 2
48 2
48 1
48 1
48 2
48 3
48 3
48 4
47 5
47 6
47 6
47 7
47 8
46 9
46 10
46 11
46 11
46 12
46 13
45 14
45 15
45 16
45 17
45 17
45 18
44 19
44 20
44 21
44 22
43 23
43 24
43 25
43 25
43 26
43 27
43 28
43 29
42 30
42 31
42 32
42 33
42 34
42 34
42 35
42 36
41 37
41 38
41 39
41 40
40 41
40 42
40 43
40 43
40 44
39 45
39 46
39 47
39 48
38 49
38 50
38 50
38 51
38 52
37 53
37 54
37 55
37 55
37 56
36 57
36 58
35 59
35 60
35 60
34 61
34 62
33 63
33 64
33 64
33 65
32 66
32 67
32 68
32 68
32 69
31 70
31 71
31 72
31 72
30 73
30 73
30 74
30 74
29 74
29 74
29 74
29 73
30 72
30 71
31 70
31 69
31 68
32 67
32 66
32 65
33 64
33 63
34 62
34 61
34 60
35 59
35 58
35 57
36 56
36 55
37 54
37 53
37 52
38 51
38 50
38 49
39 48
39 47
40 46
40 45
40 45
41 46
42 46
42 46
42 47
42 47
42 48
41 49
41 50
41 51
41 51
41 52
41 53
41 54
41 55
41 56
41 56
41 57
41 58
40 59
40 60
40 61
40 62
40 62
40 63
40 64
40 65
40 66
40 67
40 68
40 69
40 70
40 70
40 71
40 72
40 73
39 74
39 75
39 76
39 77
39 77
39 78
39 79
39 80
39 81
39 82
39 82
39 83
39 84
39 85
39 86
39 86
39 87
39 88
39 88
39 89
39 90
39 90
39 91
39 91
39 91
39 90
39 90
39 89
39 88
40 87
40 86
40 85
40 84
40 83
41 82
41 81
41 80
41 79
41 78
42 77
42 76
42 75
42 74
42 73
43 72
43 71
43 70
43 69
43 68
44 67
44 66
44 65
44 64
44 63
44 62
45 61
45 60
45 59
45 58
45 57
46 56
46 55
46 54
46 53
46 52
47 51
47 50
47 49
47 48
47 47
48 46
48 45
48 44
48 43
48 42
49 41
49 40
49 39
49 39
50 40
50 40
50 39
50 38
50 37
50 37
51 36
51 35
51 35
52 34
52 33
52 33
53 32
54 31
54 31
55 31
55 31
55 31
55 32
55 32
55 33
55 34
55 34
55 35
54 36
54 37
54 38
54 38
54 39
53 40
53 41
53 42
53 42
53 43
52 44
52 45
52 45
52 46
52 47
52 48
52 48
52 49
52 50
52 50
52 51
52 52
52 52
52 53
52 54
52 54
52 55
53 56
53 57
53 57
53 58
54 59
54 60
54 60
54 61
55 62
55 63
55 64
55 64
55 65
56 66
56 67
56 68
56 68
56 69
56 70
56 71
56 72
56 73
56 73
56 74
57 75
57 76
57 77
57 77
57 78
56 79
56 80
56 81
56 81
56 82
55 83
55 84
55 85
55 85
54 86
54 87
54 87
53 88
53 89
53 89
52 89
52 89
52 88
52 88
52 87
51 86
51 85
51 85
51 84
51 83
51 82
51 81
51 80
51 80
51 79
51 78
51 77
52 76
52 75
52 74
52 73
52 73
52 72
52 71
53 70
53 69
53 68
53 67
53 67
53 66
54 65
54 64
55 63
55 62
55 62
55 61
55 60
56 59
56 58
56 57
56 56
56 56
57 55
57 54
58 53
58 52
58 52
59 51
60 50
60 50
61 49
62 48
62 47
63 46
64 45
65 44
66 43
67 42
67 41
68 40
69 39
70 38
71 37
72 36
72 35
73 34
74 33
75 32
76 31
77 30
77 29
78 28
79 27
79 27
79 26
78 25
78 24
78 24
78 23
78 22
78 22
77 22
77 22
76 23
76 23
75 24
75 25
75 25
75 26
74 27
74 28
74 28
74 29
74 30
73 31
73 32
73 33
73 33
73 34
73 35
73 36
73 37
73 38
73 39
73 39
73 40
74 41
74 42
74 43
74 43
74 44
75 45
75 46
75 47
75 47
76 48
77 48
77 48
78 48
79 48
79 48
80 48
81 47
82 47
83 47
83 47
84 46
85 46
85 46
86 45
87 45
88 44
88 44
89 43
90 43
91 42
91 42
92 41
92 40
92 40
93 39
93 38
93 38
93 37
93 36
93 36
93 35
93 34
93 34
93 33
93 32
93 31
93 30
93 29
92 28
92 27
92 26
92 25
92 24
92 23
92 22
92 21
92 20
92 19
91 18
91 17
91 16
91 15
91 14
91 13
91 13
91 14
91 15
91 16
91 16
90 17
90 17
90 18
90 19
89 20
89 21
89 22
89 22
89 23
89 24
88 25
88 26
88 27
88 27
88 28
88 29
88 30
88 31
88 32
88 33
88 34
88 34
88 35
88 36
88 37
87 38
87 39
87 40
87 41
87 41
87 42
87 43
87 44
87 45
87 46
87 47
87 48
87 48
87 49
87 50
87 51
87 52
87 53
87 54
87 55
87 55
87 56
87 57
87 58
87 59
87 60
87 60
87 61
87 62
87 63
87 64
87 64
87 65
87 66
87 67
87 68
87 68
87 69
87 70
87 71
87 72
87 72
87 73
87 74
87 75
87 75
87 76
87 77
87 78
87 79
87 79
87 80
87 81
87 82
87 82
87 83
87 84
87 84
86 85
86 86
86 86
86 87
86 87
86 86
86 85
86 84
86 83
86 82
86 81
86 80
86 79
85 78
85 77
85 76
85 75
85 74
85 73
85 72
85 71
85 70
85 70
86 69
86 68
86 68
87 67
87 66
87 66
87 65
88 64
88 63
88 62
88 62
89 61
89 60
89 60
90 59
90 59
91 59
91 59
91 60
92 61
92 62
92 62
92 63
92 64
92 65
92 66
92 66
92 67
92 68
91 69
91 70
91 71
91 72
91 72
91 73
91 74
90 75
90 76
90 77
90 78
89 79
89 80
89 81
89 81
89 82
89 83
89 84
88 85
88 86
88 87
88 88
88 88
88 89
87 90
87 91
87 92
86 93
86 94
86 94
86 95
86 96
86 97
86 98
86 98
85 99
85 100
85 100
85 100
85 100
86 99
86 99
87 98
87 97
88 96
88 96
89 95
89 94
90 93
90 92
90 92
90 91
91 90
91 89
92 88
92 87
92 87
93 86
93 85
94 84
94 83
94 83
95 82
95 81
96 80
96 79
96 79
97 78
98 77
98 77
99 76
99 76
99 75
99 75
99 75
100 75
