0 26
0 26
0 25
0 24
0 24
0 23
0 23
1 22
1 21
1 21
2 20
3 19
3 19
4 18
4 17
5 16
5 16
6 15
7 14
8 13
9 12
9 12
10 11
11 10
11 9
12 8
12 8
13 7
14 6
15 5
15 5
16 4
17 4
18 3
18 3
19 3
20 2
21 2
21 2
22 1
23 1
23 1
22 2
22 3
21 4
21 5
20 6
20 7
19 8
19 9
18 10
18 11
18 11
17 12
17 13
17 13
16 12
16 12
16 12
15 13
15 13
15 14
15 15
15 15
14 16
14 17
14 17
13 18
13 19
12 20
12 20
12 21
11 22
11 23
11 24
11 24
11 25
10 26
10 27
9 28
9 29
9 29
9 30
8 31
8 32
8 32
8 33
8 34
8 34
8 35
8 35
9 36
9 37
9 37
10 38
10 38
11 39
11 39
12 40
13 40
13 40
14 41
14 41
15 42
15 42
16 43
16 44
16 44
16 45
17 46
17 47
17 47
17 48
17 49
17 50
17 51
17 51
17 52
17 53
17 54
17 55
17 56
17 56
17 57
16 58
16 59
16 60
16 60
16 61
15 62
15 63
15 64
15 64
15 65
15 66
15 67
15 67
14 68
14 69
14 69
13 70
13 71
13 71
12 71
12 71
11 71
11 71
10 70
10 70
10 69
9 68
9 67
9 67
10 66
10 65
11 64
11 63
12 62
12 61
13 60
13 59
14 58
14 57
15 56
15 55
16 54
16 53
17 52
17 51
18 50
19 49
19 48
20 47
20 46
21 45
21 44
22 43
22 42
23 41
23 40
24 39
24 38
25 37
25 36
26 35
26 34
27 33
27 32
28 31
29 30
29 29
30 28
30 27
31 26
31 25
32 24
32 23
33 22
33 21
34 20
34 19
35 18
35 17
36 16
36 15
37 14
37 14
36 15
36 16
36 16
35 16
35 16
35 15
35 15
35 16
35 16
36 16
36 16
37 17
37 17
38 17
39 17
39 17
40 17
41 17
41 17
42 16
43 16
43 16
44 16
45 15
46 15
46 15
47 15
48 14
49 14
50 14
50 14
51 14
52 13
53 13
53 13
54 13
55 12
56 12
56 12
57 12
58 11
59 11
59 11
60 10
61 10
61 10
60 9
59 8
58 7
57 6
56 5
55 4
54 3
53 2
52 1
52 1
53 2
54 2
54 2
53 1
53 1
53 0
53 0
53 1
53 1
52 2
52 3
52 3
52 4
52 5
52 5
52 6
51 7
51 8
51 8
51 9
50 10
50 11
50 12
50 12
50 13
49 14
49 15
49 15
48 16
48 17
47 18
47 19
47 19
47 20
47 21
46 22
46 23
46 24
46 24
45 25
45 26
44 27
44 28
44 28
44 29
43 30
43 31
43 32
43 32
42 33
42 34
41 35
41 36
41 36
41 37
40 38
40 39
40 39
39 40
39 41
38 42
38 42
38 43
38 43
39 42
39 41
40 40
40 39
41 38
41 37
42 36
42 35
43 34
43 33
44 32
44 31
45 30
45 29
45 29
45 30
45 31
45 31
44 31
44 31
44 30
44 30
44 30
44 30
44 30
45 30
45 30
46 30
46 30
47 31
47 31
48 31
48 31
48 32
48 32
49 32
49 32
49 33
49 33
49 33
49 34
49 34
48 35
48 35
48 36
48 37
48 37
48 38
47 39
47 40
47 40
46 41
45 42
45 42
44 43
44 44
44 44
44 45
44 45
44 46
44 46
44 46
44 47
44 47
45 48
45 48
46 49
46 49
46 50
46 51
46 51
47 52
47 53
47 53
47 54
47 55
47 56
47 56
47 57
47 58
47 59
47 59
47 60
46 61
46 62
46 62
46 63
46 64
46 65
46 66
46 66
46 67
45 68
45 69
45 69
45 70
45 71
45 71
44 72
44 72
44 73
44 73
44 72
44 72
44 71
44 71
44 71
44 70
45 69
45 68
45 67
45 66
46 65
46 64
46 63
46 62
47 61
47 60
47 59
48 58
48 57
48 56
48 55
49 54
49 53
49 52
50 51
50 50
50 49
50 48
51 47
51 46
51 45
51 44
52 43
52 42
52 42
53 41
53 40
53 40
53 39
53 39
53 39
54 38
54 38
55 37
55 37
56 36
57 35
57 35
58 34
58 34
59 34
60 34
60 34
61 34
61 34
62 35
62 35
63 36
63 36
63 37
63 38
63 38
63 39
63 40
63 40
63 41
63 42
63 42
62 43
62 43
61 44
61 45
60 46
60 46
59 47
59 48
59 48
58 49
57 50
57 50
57 51
57 52
57 52
57 53
57 54
57 54
57 55
57 55
57 56
57 57
57 57
58 58
58 59
58 59
59 60
59 61
59 61
59 62
59 63
59 63
59 64
59 65
59 66
59 67
59 67
59 68
59 69
59 70
59 70
59 71
59 72
59 73
59 74
59 74
59 75
58 76
58 77
58 77
57 78
57 79
57 79
56 80
56 80
55 81
55 81
54 81
54 81
53 82
52 82
52 82
51 82
50 82
50 82
49 81
49 81
48 80
48 80
48 79
48 78
48 78
48 77
49 76
49 75
49 74
49 74
50 73
51 72
51 71
52 70
52 70
52 69
53 68
53 67
54 66
54 65
54 65
55 64
56 63
57 62
57 62
58 61
59 60
60 59
60 59
61 58
61 58
62 57
62 56
63 55
64 54
65 53
65 52
66 51
67 50
67 49
68 48
69 47
70 46
70 45
71 44
72 43
72 42
73 41
74 40
74 39
75 38
76 37
77 36
77 35
78 34
78 34
79 33
80 33
80 33
80 32
80 32
80 32
79 32
79 32
79 33
79 33
78 34
78 34
78 35
77 36
77 37
77 37
76 38
75 39
75 39
74 40
74 41
74 41
73 42
73 42
73 43
73 44
73 44
73 45
73 45
73 46
73 47
73 47
73 48
73 48
74 49
74 49
74 50
74 51
74 51
75 52
76 52
76 52
77 53
77 53
78 53
79 53
80 53
80 53
81 53
82 53
83 53
83 53
84 53
85 53
86 53
86 53
87 52
88 52
88 52
89 52
90 51
91 51
91 51
92 50
93 50
93 50
94 49
95 49
95 49
96 49
96 49
97 48
97 48
98 49
98 49
98 49
98 49
98 49
98 49
98 49
97 49
97 49
97 49
97 48
96 47
96 46
96 45
95 44
95 43
94 42
94 41
94 40
93 39
93 38
93 38
93 39
93 40
93 40
92 40
92 40
91 41
91 42
91 42
91 43
91 44
91 45
91 45
91 46
90 47
90 48
90 48
90 49
90 50
90 51
90 51
90 52
90 53
89 54
89 55
89 56
89 56
89 57
88 58
88 59
87 60
87 61
87 61
87 62
87 63
86 64
86 65
86 66
86 66
86 67
85 68
85 69
85 69
85 70
84 71
84 72
84 72
84 73
84 73
83 72
83 71
82 70
81 69
80 68
80 67
79 66
78 65
78 64
77 63
77 63
76 64
76 64
76 64
76 64
77 64
77 64
78 64
79 64
80 64
80 64
81 64
82 64
83 64
83 64
84 64
85 64
86 64
86 64
87 64
88 64
89 64
89 64
90 65
91 65
91 65
92 65
92 65
93 66
93 66
93 67
93 68
93 68
92 69
92 70
92 70
91 71
90 72
90 72
89 73
89 74
88 75
88 75
87 76
86 77
86 78
85 79
85 79
85 80
84 81
84 82
83 83
83 84
82 85
82 86
82 86
81 87
81 88
80 89
80 90
79 91
79 91
78 92
77 93
77 94
76 95
76 95
75 96
75 97
74 98
74 99
74 99
74 100
74 100
75 100
76 100
76 100
77 99
78 98
79 97
79 97
80 96
81 96
82 95
83 95
84 94
85 94
85 94
86 93
87 93
88 92
89 92
90 91
91 91
91 91
92 91
93 90
94 90
95 89
96 89
96 89
97 89
98 88
99 88
100 88
