0 20
0 21
0 22
0 23
0 23
0 23
0 22
0 21
0 21
0 21
0 20
0 20
0 19
0 19
1 18
1 17
1 17
2 16
2 15
2 15
2 14
3 13
3 12
3 12
4 11
5 11
6 10
6 10
7 9
8 8
9 7
9 7
10 6
11 6
12 5
12 5
13 4
14 4
15 3
16 3
16 3
17 3
18 2
19 2
19 2
20 2
21 1
22 1
23 1
23 1
24 1
25 0
26 0
26 0
27 1
28 1
28 1
29 1
30 1
31 1
31 1
32 2
32 3
32 3
32 4
32 4
31 5
30 6
29 7
28 7
27 8
26 9
25 10
24 11
23 12
22 12
21 13
20 14
20 14
20 15
20 16
20 16
19 17
18 17
18 17
17 17
17 17
16 18
16 19
16 19
15 20
15 21
15 21
14 22
14 23
14 23
14 24
14 24
13 25
13 26
13 26
13 27
13 28
13 28
13 29
13 29
13 30
13 31
13 31
13 32
13 33
13 34
13 34
13 35
13 36
13 36
13 37
13 37
13 38
13 39
13 39
14 40
14 41
14 41
14 42
14 42
14 43
14 44
14 44
14 45
14 45
14 46
14 46
15 47
15 48
15 48
15 49
16 50
16 51
16 51
16 52
17 53
17 54
17 54
17 55
18 56
18 57
18 58
18 58
18 59
19 60
19 61
19 62
19 62
19 63
19 64
19 65
19 66
19 66
19 67
19 68
19 69
19 70
19 71
19 71
19 72
18 73
18 74
18 74
18 75
17 76
17 77
17 78
17 78
17 79
16 80
16 81
16 82
16 82
15 83
15 84
14 85
14 85
13 86
12 86
12 86
11 86
11 86
10 85
10 85
11 84
11 83
12 82
13 81
13 80
14 79
15 78
15 77
16 76
16 75
17 74
18 73
18 72
19 71
20 70
20 69
21 68
22 67
22 66
23 65
24 64
24 63
25 62
25 61
26 60
27 59
27 58
28 57
29 56
29 55
30 54
31 53
31 52
32 51
33 50
33 49
34 48
34 47
35 46
36 45
36 44
37 43
37 43
36 44
36 45
36 45
35 44
35 44
34 43
33 43
33 43
34 42
34 42
35 41
36 41
36 41
37 41
38 41
39 40
40 40
41 40
41 40
42 40
43 39
44 39
45 39
45 39
46 39
47 38
48 38
49 38
49 38
50 37
51 37
52 36
52 36
53 36
54 35
55 35
55 35
54 34
54 33
53 32
53 31
52 30
51 29
51 28
50 27
50 26
49 25
49 25
49 26
49 27
49 28
49 29
49 30
49 30
48 31
47 31
47 31
46 32
46 33
45 34
45 35
45 35
45 36
44 37
44 38
44 39
44 39
44 40
43 41
43 42
42 43
42 44
42 44
42 45
41 46
41 47
41 48
40 49
40 50
40 50
40 51
39 52
39 53
39 54
38 55
38 56
38 56
38 57
37 58
37 59
37 60
37 60
36 61
36 62
36 62
37 61
37 60
38 59
39 58
39 57
40 56
40 55
41 54
41 54
42 53
42 53
42 53
42 52
42 52
42 51
42 51
43 51
43 51
44 51
44 51
45 52
45 52
45 52
46 53
46 53
46 54
46 54
45 55
45 56
45 56
45 57
45 57
45 58
45 59
45 59
44 60
44 60
44 61
44 62
44 62
44 63
44 63
44 64
44 65
44 65
44 66
44 66
44 67
44 68
44 68
44 69
45 70
45 71
45 71
45 72
45 73
45 74
45 74
45 75
45 76
45 77
45 77
45 78
46 79
46 80
46 81
46 81
46 82
46 83
46 83
46 84
45 85
45 86
45 86
45 87
45 88
45 89
45 89
45 90
45 90
45 91
45 92
45 92
44 93
44 93
44 92
44 91
45 90
45 89
45 88
45 87
46 86
46 85
46 84
46 83
47 82
47 81
47 80
47 79
48 78
48 77
48 76
48 75
49 74
49 73
49 72
49 71
50 70
50 69
50 68
50 67
51 66
51 65
51 64
51 63
52 62
52 61
52 60
52 60
53 59
53 59
52 58
52 58
53 58
53 58
54 57
54 57
55 57
55 57
55 56
55 56
56 56
56 56
57 56
57 56
57 57
57 57
57 58
57 59
57 59
58 60
58 61
58 61
58 62
58 63
58 63
58 64
58 65
58 65
57 66
57 67
57 67
56 68
56 69
56 69
55 70
55 71
55 71
54 72
54 72
54 73
54 73
53 74
53 74
54 75
54 75
55 76
55 76
56 77
56 78
56 78
56 79
56 79
57 80
57 80
57 81
57 82
57 82
57 83
57 84
57 84
57 85
56 86
56 87
56 87
56 88
56 89
56 90
56 91
56 91
56 92
55 93
55 94
55 94
54 95
54 96
53 97
53 98
53 98
52 99
52 100
52 100
51 100
51 100
50 100
50 100
50 99
50 99
50 98
50 97
50 96
50 96
50 95
51 94
51 93
51 93
52 92
52 91
53 90
53 89
53 89
53 88
54 87
54 86
54 86
55 85
55 84
56 83
56 82
56 82
57 81
58 80
58 80
59 79
60 78
60 78
60 77
61 76
61 75
62 74
62 73
63 72
63 71
64 70
64 69
65 68
65 67
65 66
66 65
66 64
67 63
67 62
68 61
68 60
69 59
69 58
70 57
70 56
70 55
71 54
71 53
72 52
72 51
73 50
73 49
74 48
74 47
75 46
75 45
75 44
76 43
76 42
77 41
77 40
78 39
78 38
79 37
79 36
80 35
80 34
80 34
79 33
79 33
79 32
79 32
78 33
78 33
78 34
78 34
78 35
78 36
78 36
77 37
77 37
76 38
76 39
76 39
76 40
76 40
76 41
76 41
75 42
75 43
75 43
75 44
75 45
75 45
75 46
75 47
75 47
75 48
75 49
75 49
76 50
76 51
76 51
76 52
76 52
77 52
77 52
78 53
78 53
79 54
79 54
80 54
80 54
81 55
82 55
82 55
83 55
83 55
84 55
85 55
86 55
86 55
87 55
88 55
88 55
89 55
90 54
91 54
91 54
92 54
93 54
93 54
94 54
95 54
95 54
96 54
97 54
97 54
98 55
98 55
99 56
99 56
99 57
99 57
99 58
99 58
99 59
99 60
99 60
99 61
99 61
100 61
100 61
100 61
100 61
100 60
99 59
99 58
98 57
98 56
98 55
97 54
97 53
97 52
96 51
96 50
95 49
95 48
95 47
94 46
94 45
94 44
93 43
93 42
92 41
92 40
92 40
92 41
93 42
93 43
93 43
92 43
92 43
91 44
91 45
91 45
91 46
90 47
90 48
90 48
90 49
89 50
89 51
89 51
89 52
89 53
89 54
89 55
89 56
89 56
89 57
88 58
88 59
88 60
88 60
88 61
88 62
88 63
88 64
88 65
88 65
88 66
87 67
87 68
87 69
87 69
87 70
86 71
86 72
86 73
86 73
86 74
86 75
86 76
86 76
86 77
85 78
85 79
85 79
84 80
84 81
84 81
83 82
83 82
83 83
83 83
82 82
81 81
80 80
80 79
79 78
78 77
78 77
79 76
79 76
79 75
79 74
79 74
79 73
79 73
79 72
79 72
79 72
80 71
80 71
81 70
82 70
82 70
83 70
84 70
84 70
85 70
86 70
86 70
87 71
88 71
88 71
89 72
89 72
90 73
90 73
90 74
90 74
89 75
89 75
89 76
89 76
88 77
88 78
88 78
87 79
87 80
86 81
86 81
86 82
85 83
85 84
85 84
84 85
84 86
83 87
83 87
83 88
82 89
82 90
82 90
81 91
81 92
81 92
81 93
81 94
81 94
82 95
82 96
82 96
83 97
84 97
84 97
85 97
86 97
86 97
87 98
87 98
88 98
88 98
89 98
89 98
90 97
90 97
