0 23
0 23
0 23
0 23
0 23
0 23
0 23
0 23
0 23
0 23
0 24
0 24
0 25
0 25
1 26
1 26
1 27
1 27
1 28
1 28
2 29
2 29
2 30
2 30
2 30
3 30
3 30
3 30
4 30
4 30
4 29
4 29
5 28
5 28
6 27
6 27
6 26
6 26
7 25
8 24
8 24
9 23
9 23
10 22
10 21
10 21
11 20
12 19
12 19
13 18
13 17
13 17
14 16
14 16
15 15
16 14
16 14
17 13
17 13
18 12
18 11
18 11
19 10
20 10
20 10
21 9
21 8
21 8
22 7
22 7
23 6
24 5
24 5
25 4
25 3
25 3
26 2
26 2
27 1
27 1
27 1
27 0
27 0
28 0
28 0
27 0
27 0
27 0
27 1
27 1
26 2
26 3
25 4
24 5
24 6
23 7
22 8
22 9
21 10
20 11
20 12
19 13
18 14
18 15
17 16
17 16
17 16
17 16
17 16
17 16
17 16
18 16
18 16
18 17
18 17
18 18
18 18
18 19
18 19
18 20
18 20
18 21
18 21
18 22
18 23
18 23
18 24
18 24
18 25
18 26
18 26
18 27
18 28
18 28
18 29
18 30
18 30
18 31
18 32
18 33
18 33
18 34
18 35
18 35
18 36
18 37
18 37
18 38
18 39
18 39
18 40
18 41
18 42
18 42
18 43
18 44
18 44
19 45
19 46
19 46
19 47
19 48
19 48
19 49
19 50
19 51
19 51
19 52
19 53
19 53
19 54
19 55
19 55
19 56
19 57
19 58
19 58
19 59
20 60
20 61
20 61
20 62
20 63
20 63
20 64
20 65
20 65
20 66
20 67
20 67
20 68
20 69
20 69
20 70
20 71
20 71
20 72
20 73
20 73
20 74
20 74
20 75
20 76
20 76
19 77
19 77
19 78
19 78
19 79
19 80
19 80
19 81
19 81
19 82
19 82
19 83
19 83
18 83
18 83
18 83
17 84
17 84
16 84
16 84
15 85
15 85
14 85
14 85
13 85
13 85
13 85
12 85
12 85
11 85
11 85
11 84
11 84
10 83
10 82
10 82
10 81
9 80
9 79
9 79
9 78
8 77
8 76
8 76
7 75
7 74
7 74
7 73
7 72
7 72
7 72
7 71
7 71
6 71
6 71
6 71
6 71
7 71
7 71
7 71
8 70
8 69
9 68
9 67
10 66
11 65
11 64
12 63
13 62
13 61
14 60
14 59
15 58
16 57
16 56
17 55
18 54
18 53
19 52
19 51
20 50
21 49
21 48
22 47
23 46
23 45
24 44
24 43
25 42
26 41
26 40
27 39
27 38
28 37
29 36
29 35
30 34
31 33
31 32
32 31
32 30
33 29
34 28
34 27
35 26
36 25
36 24
37 23
37 22
38 21
38 21
38 21
38 21
38 21
38 21
38 21
37 22
37 22
37 23
37 23
37 24
37 24
37 25
37 26
37 26
37 27
37 27
38 28
38 29
38 29
38 30
38 30
38 30
39 31
39 31
39 31
39 31
40 30
40 30
40 29
40 29
41 28
41 28
41 27
41 27
42 26
42 26
43 25
43 25
44 24
44 24
44 24
45 23
45 23
46 23
46 23
47 22
47 22
48 22
48 22
49 22
49 22
50 22
50 22
51 21
51 21
52 21
52 21
53 21
53 21
54 20
54 20
55 19
55 19
56 19
56 19
57 18
58 18
58 18
59 17
59 17
59 16
59 16
60 16
60 16
60 16
60 16
60 16
60 16
60 16
60 16
60 16
60 15
59 14
59 13
58 12
58 11
57 10
57 9
56 8
56 7
55 6
55 5
54 4
54 3
53 2
53 1
53 1
53 1
53 1
53 1
52 2
52 2
52 3
52 3
52 4
52 4
51 5
51 6
51 6
51 7
51 8
51 8
51 9
50 10
50 11
50 11
49 12
49 13
49 13
48 14
48 15
48 15
48 16
48 17
48 18
48 18
48 19
47 20
47 21
47 21
47 22
47 23
47 24
47 24
47 25
46 26
46 27
46 27
46 28
46 29
46 30
46 31
46 31
46 32
45 33
45 34
45 34
45 35
44 36
44 37
44 37
44 38
44 39
44 40
44 40
44 41
43 42
43 43
43 43
43 44
42 45
42 46
42 46
42 47
42 48
42 49
42 49
42 50
41 51
41 52
41 52
41 53
40 54
40 55
40 55
40 56
39 57
39 58
39 58
39 59
39 60
39 61
39 61
38 62
38 63
38 63
38 64
38 64
37 65
37 66
37 66
37 67
37 67
37 68
37 68
37 68
37 69
37 69
37 69
37 69
37 69
37 68
37 68
37 67
38 66
38 65
38 64
38 63
39 62
39 61
39 60
40 59
40 58
40 57
41 56
41 55
41 54
41 53
42 52
42 51
42 51
42 51
42 51
42 51
42 51
42 51
42 51
42 51
42 51
42 50
42 50
42 50
42 50
42 50
43 50
43 50
43 50
44 51
44 51
44 52
44 52
45 52
45 52
45 53
45 53
46 54
46 54
46 55
46 56
46 56
47 57
47 57
47 58
47 59
47 59
48 60
48 61
48 61
48 62
48 63
48 63
48 64
48 65
48 66
48 66
48 67
48 68
48 68
48 69
48 70
48 71
48 71
48 72
48 73
48 74
48 74
48 75
47 76
47 77
47 78
47 78
47 79
47 80
47 80
47 81
47 82
47 83
47 83
47 84
47 85
47 86
47 86
47 87
47 88
47 89
47 89
47 90
47 91
47 91
47 92
47 93
47 93
47 94
47 95
47 95
47 96
47 96
47 97
47 97
47 97
47 97
47 97
47 96
47 96
47 95
47 95
47 94
47 93
47 92
47 91
47 90
47 89
47 88
47 87
47 86
47 85
47 84
47 83
47 82
47 81
47 80
47 79
47 78
46 77
46 76
46 75
46 74
46 73
46 72
46 71
46 70
46 69
46 68
46 67
46 66
46 65
46 64
46 63
46 62
46 61
46 60
46 60
46 60
46 60
46 60
46 60
46 60
46 61
46 61
47 61
47 61
47 61
47 61
47 61
47 60
47 60
48 59
48 59
48 58
48 58
48 57
48 57
49 56
49 55
49 55
50 54
50 54
50 53
50 52
50 52
51 51
51 51
51 50
51 50
52 49
52 49
53 48
53 48
53 47
53 47
54 46
54 46
55 45
55 45
56 44
56 44
57 43
57 43
58 42
58 42
59 42
59 42
59 41
59 41
60 41
60 41
60 41
60 42
60 42
60 42
60 43
60 43
60 44
60 44
60 45
60 45
60 46
60 46
60 47
60 47
60 48
60 48
60 49
60 49
59 50
59 50
59 51
59 52
59 52
59 53
59 53
58 54
58 54
58 55
58 55
58 56
58 57
58 57
58 58
58 58
58 59
58 60
58 60
58 61
58 61
57 62
57 62
57 63
57 63
57 64
57 64
57 65
57 66
57 66
57 66
58 67
58 67
58 68
58 68
58 69
58 69
59 70
59 70
59 71
59 72
59 72
60 73
60 73
60 74
60 74
61 75
61 75
61 76
61 76
62 77
62 78
62 78
62 79
62 79
63 80
63 80
63 81
63 81
63 82
63 83
63 83
63 84
63 84
63 85
63 85
63 86
63 86
63 87
63 87
63 88
63 88
62 89
62 89
62 90
62 90
62 91
62 91
61 91
61 91
61 92
61 92
60 93
60 93
59 93
59 93
59 93
58 93
58 93
58 93
57 92
57 92
57 92
57 91
57 91
57 90
57 90
57 89
57 88
57 88
57 87
57 86
57 86
57 85
58 84
58 83
58 83
58 82
59 81
59 80
59 80
60 79
60 78
61 77
61 76
61 76
61 75
62 74
62 73
62 73
63 72
63 71
64 70
64 70
65 69
65 68
65 68
66 67
66 66
66 66
67 65
67 65
68 64
68 64
68 63
68 63
68 63
68 63
68 63
68 63
68 63
68 62
68 61
69 60
69 59
69 58
69 57
69 56
70 55
70 54
70 53
70 52
70 51
70 50
71 49
71 48
71 47
71 46
71 45
72 44
72 43
72 42
72 41
72 40
73 39
73 38
73 37
73 36
73 35
73 34
74 33
74 32
74 31
74 30
74 29
75 28
75 27
75 26
75 26
75 25
75 25
75 24
75 24
75 24
75 24
75 24
75 24
75 24
75 25
75 25
74 26
74 27
74 27
74 28
74 29
74 29
74 30
73 31
73 32
73 32
73 33
73 34
73 34
73 35
73 36
73 36
73 37
73 38
73 38
73 39
73 40
73 40
73 41
73 41
74 42
74 43
74 43
75 44
75 44
76 45
76 45
77 45
77 45
78 45
79 45
79 45
80 45
80 45
81 44
82 44
82 44
83 44
83 44
84 44
85 44
85 44
86 44
86 44
87 44
87 44
88 43
88 43
89 43
90 43
90 43
91 42
91 42
91 41
91 41
92 41
92 41
92 41
92 41
92 41
92 41
91 41
91 41
91 41
91 40
90 39
90 38
89 37
89 36
88 35
88 34
87 33
87 32
87 31
86 30
86 29
85 28
85 27
84 26
84 25
84 25
84 25
84 25
84 24
84 24
84 24
84 25
84 25
84 25
84 26
84 26
84 27
84 28
84 28
84 29
83 30
83 31
83 31
83 32
83 33
83 34
83 35
83 35
83 36
83 37
83 38
83 39
83 39
83 40
82 41
82 42
82 43
82 43
82 44
82 45
82 46
82 47
82 47
82 48
82 49
82 50
82 51
82 52
82 52
82 53
82 54
81 55
81 56
81 57
81 57
81 58
81 59
81 60
81 61
81 61
81 62
81 63
81 64
81 65
81 65
81 66
81 67
81 68
81 69
81 69
81 70
81 71
81 72
81 72
81 73
81 74
81 75
81 75
81 76
81 76
81 77
81 77
81 77
81 77
81 77
81 76
81 76
81 75
81 75
81 74
81 73
81 73
80 72
80 71
79 70
79 69
78 68
78 67
78 67
77 68
77 68
77 68
76 67
76 67
76 67
76 67
76 67
76 67
76 67
77 66
77 66
78 66
78 66
79 65
79 64
79 64
80 63
80 63
81 62
81 62
82 61
83 60
83 60
84 59
84 59
85 58
86 57
86 57
87 57
87 57
88 57
88 57
88 57
89 57
89 57
89 58
89 58
89 58
89 59
89 60
89 60
89 61
89 62
89 62
89 63
89 64
89 64
88 65
88 66
88 66
87 67
87 68
87 68
87 69
87 70
87 71
87 71
86 72
86 73
86 73
86 74
85 75
85 76
85 76
85 77
84 78
84 79
84 79
84 80
83 81
83 82
83 82
83 83
82 84
82 85
82 86
82 86
82 87
81 88
81 89
81 89
81 90
81 91
81 92
81 93
81 93
80 94
80 95
80 95
80 96
80 97
80 97
81 98
81 99
81 99
82 100
82 100
83 100
83 100
84 99
85 99
85 99
86 98
87 97
87 97
88 96
89 96
90 95
90 95
91 94
92 93
92 92
93 91
93 91
94 90
94 89
95 88
95 88
96 87
96 86
97 85
97 85
98 84
99 83
99 83
99 82
99 81
99 81
100 80
