2 37
2 38
2 38
2 37
3 36
3 35
3 34
3 33
4 32
4 31
4 30
4 30
4 29
5 28
5 27
5 26
5 25
6 24
6 23
6 23
7 22
8 21
8 20
9 19
10 18
10 18
11 17
12 16
13 16
14 15
14 15
15 15
16 14
17 14
18 13
19 13
19 13
20 12
21 12
22 11
22 11
23 12
23 12
24 13
24 13
23 14
22 15
21 16
20 17
19 18
18 19
18 19
18 20
17 21
17 22
17 23
17 23
16 24
16 24
16 25
16 26
16 27
16 27
16 28
16 29
15 30
15 31
15 32
15 32
15 33
15 34
15 35
15 36
15 37
16 38
16 39
16 40
16 41
16 42
16 43
16 43
16 44
16 45
16 46
16 47
16 48
16 49
16 50
16 51
16 52
16 53
16 54
16 55
16 56
16 56
16 57
16 58
16 59
16 60
16 61
16 62
17 63
17 64
17 65
17 66
17 67
17 68
17 69
17 70
17 70
17 71
17 72
17 73
17 74
18 75
18 76
18 77
18 78
18 79
18 80
18 80
18 81
18 82
19 83
19 84
19 85
19 86
19 86
19 87
19 88
19 89
19 89
18 90
18 91
18 91
17 91
16 92
15 92
15 92
14 93
13 93
13 93
12 93
11 92
10 92
9 92
9 92
8 91
7 90
6 90
5 89
5 89
4 88
4 87
3 86
3 85
2 84
2 84
2 83
1 82
1 81
1 80
1 79
0 78
0 77
0 77
1 76
1 75
2 74
2 73
3 72
3 71
4 70
4 69
5 68
5 67
6 66
6 65
7 64
7 63
8 62
9 61
9 60
10 59
10 58
11 57
11 56
12 55
12 54
13 53
13 52
14 51
14 50
15 49
15 48
16 47
16 46
17 45
18 44
18 43
19 42
19 41
20 40
20 39
21 38
21 37
22 36
22 35
23 34
23 33
24 32
24 31
25 30
25 30
26 30
27 29
28 29
29 29
30 29
31 28
32 28
32 28
33 27
33 26
34 25
34 24
35 23
35 23
36 22
37 21
38 20
39 19
39 19
40 18
41 18
42 17
43 17
44 16
44 16
45 15
46 15
47 14
48 14
49 13
49 13
50 12
51 12
52 11
53 11
53 11
54 10
55 10
55 10
54 9
54 8
53 7
53 6
52 5
52 5
51 4
51 3
50 2
50 2
50 1
50 1
49 0
49 0
48 1
48 2
48 2
47 3
47 4
47 4
47 5
46 6
46 7
46 8
46 9
45 10
45 11
45 11
45 12
45 13
44 14
44 15
44 16
44 17
44 18
43 19
43 20
43 21
43 21
43 22
42 23
42 24
42 25
42 26
41 27
41 28
41 29
41 30
40 31
40 32
40 33
40 33
40 34
39 35
39 36
39 37
39 38
38 39
38 40
38 41
38 42
37 43
37 44
37 45
37 45
37 46
37 47
37 48
36 49
36 50
36 51
36 52
36 53
36 53
36 54
35 55
35 56
35 57
35 57
35 56
36 55
36 54
37 53
37 52
37 51
38 50
38 49
39 48
39 47
39 46
40 45
40 44
41 43
41 42
41 41
42 40
42 39
43 38
43 37
43 37
44 38
44 39
45 40
45 40
45 41
44 42
44 43
44 43
44 44
43 45
43 46
43 47
43 47
43 48
43 49
43 50
43 51
43 52
43 53
43 54
43 55
43 56
43 57
43 57
43 58
43 59
43 60
43 61
43 62
43 63
42 64
42 65
42 66
42 67
42 68
42 69
42 70
42 70
42 71
42 72
42 73
42 74
42 75
42 76
42 77
42 78
42 79
42 80
42 81
42 81
42 82
42 83
42 84
42 85
41 86
41 87
41 88
41 89
41 90
41 90
41 91
41 92
41 93
41 94
41 95
41 96
41 97
41 97
41 98
40 99
40 100
40 100
40 100
40 100
40 99
40 98
40 97
40 96
40 95
41 94
41 93
41 92
41 91
41 90
41 89
41 88
41 87
41 86
41 85
41 84
42 83
42 82
42 81
42 80
42 79
42 78
42 77
42 76
42 75
42 74
43 73
43 72
43 71
43 70
43 69
43 68
43 67
43 66
43 65
43 64
43 63
44 62
44 61
44 60
44 59
44 58
44 57
44 57
44 56
45 55
45 54
45 53
46 52
46 51
46 50
46 49
47 48
47 47
47 46
48 45
48 44
48 44
48 43
48 42
49 41
49 40
49 39
49 38
49 38
49 37
50 36
50 35
50 35
51 34
51 34
52 35
52 35
53 36
53 37
53 37
53 38
53 39
53 40
53 40
53 41
53 42
53 43
53 44
53 44
53 45
53 46
52 47
52 48
52 49
52 49
52 50
52 51
52 52
52 53
52 54
52 55
52 55
52 56
52 57
52 58
53 59
53 60
53 61
53 62
53 62
53 63
53 64
54 65
54 66
54 67
54 67
54 68
54 69
55 70
55 71
55 72
55 72
55 73
56 74
56 75
56 75
57 76
57 77
57 77
57 78
57 79
57 79
57 80
57 81
57 81
56 82
56 83
56 83
55 84
55 85
55 85
54 86
53 86
53 86
52 85
52 84
52 84
52 83
51 82
51 81
51 81
51 80
51 79
51 78
51 77
51 77
51 76
51 75
51 74
51 73
51 72
51 72
51 71
52 70
52 69
52 68
53 67
53 66
53 66
54 65
54 64
55 63
55 62
55 62
56 61
56 60
57 59
57 58
57 58
58 57
59 56
59 55
60 54
61 53
62 52
63 51
63 50
64 49
65 48
66 47
67 46
67 45
68 44
69 43
70 42
71 41
71 40
72 39
73 38
74 37
75 36
75 35
76 34
77 33
78 32
79 31
79 30
80 29
81 28
82 27
83 26
83 25
84 24
85 23
85 23
84 22
83 21
83 21
82 20
82 19
82 19
82 18
82 17
82 17
82 18
82 19
81 20
81 21
81 22
81 22
81 23
81 24
80 25
80 26
80 27
80 28
80 28
80 29
80 30
80 31
80 32
80 33
80 34
80 35
80 36
80 36
80 37
80 38
80 39
80 40
80 41
80 42
80 43
80 43
80 44
80 45
81 46
81 47
81 48
81 49
81 49
82 50
83 51
84 52
84 52
85 53
86 53
87 54
87 54
88 53
89 53
90 52
90 52
91 51
92 50
93 49
93 49
93 48
94 47
94 46
95 45
95 44
95 44
95 43
95 42
95 41
95 40
95 39
95 38
95 37
95 36
95 35
95 34
96 33
96 32
96 31
96 30
96 29
96 28
96 27
96 26
96 25
96 24
96 23
96 23
96 24
95 25
95 26
95 26
95 27
95 28
95 29
95 29
95 30
94 31
94 32
94 33
94 34
93 35
93 36
93 37
93 37
93 38
93 39
93 40
93 41
93 42
92 43
92 44
92 45
92 46
92 47
92 48
92 48
92 49
92 50
92 51
92 52
92 53
92 54
91 55
91 56
91 57
91 58
91 59
91 60
91 61
91 62
91 62
91 63
91 64
91 65
91 66
91 67
90 68
90 69
90 70
90 71
90 72
90 73
90 73
90 74
90 75
90 76
90 77
90 78
90 79
90 80
90 81
90 82
90 83
90 83
90 84
89 85
89 86
89 87
89 87
89 86
88 85
88 84
87 83
87 82
87 81
86 80
86 79
85 78
85 77
85 76
84 75
84 74
83 73
83 72
83 72
84 71
85 71
85 71
85 70
85 70
86 69
87 69
87 69
88 69
89 70
90 70
90 70
91 71
92 71
92 71
92 72
93 73
93 74
93 74
93 75
93 76
93 77
93 77
93 78
93 79
92 80
92 81
92 82
92 83
92 83
92 84
92 85
91 86
91 87
91 88
91 89
91 89
91 90
90 91
90 92
90 93
90 94
89 95
89 96
89 96
89 97
89 98
89 99
89 99
89 100
89 100
90 100
90 100
91 100
92 100
92 100
93 99
94 98
95 98
96 97
96 97
97 96
98 95
99 94
100 93
