1 19
0 19
0 19
0 18
0 18
0 18
0 19
0 19
1 20
1 20
2 21
3 21
3 21
4 21
5 21
6 21
6 21
7 21
8 20
9 20
10 20
10 20
11 19
12 19
13 18
14 18
14 18
15 17
16 17
17 16
17 16
18 15
19 15
20 14
20 14
21 14
22 14
22 14
23 13
23 13
23 13
22 14
21 14
20 15
19 16
18 16
17 17
16 17
15 18
15 18
15 19
15 20
15 21
15 21
15 22
15 22
15 23
15 24
15 25
15 25
15 26
15 27
15 28
15 29
15 30
15 30
15 31
15 32
15 33
15 34
15 35
15 36
15 36
15 37
15 38
15 39
16 40
16 41
16 42
16 43
16 44
16 44
16 45
16 46
16 47
16 48
17 49
17 50
17 51
17 52
17 53
17 53
17 54
17 55
17 56
17 57
17 58
18 59
18 60
18 61
18 62
18 63
18 64
18 64
18 65
18 66
18 67
18 68
18 69
18 70
18 71
18 72
18 73
18 74
18 75
18 75
18 76
18 77
18 78
19 79
19 80
19 81
19 82
19 83
19 83
19 84
19 85
19 86
20 87
20 88
20 89
20 90
20 90
20 91
20 92
20 93
20 93
20 94
19 95
19 96
19 96
18 97
18 98
18 98
17 99
17 100
17 100
16 100
15 100
15 100
14 100
13 100
12 100
12 100
11 99
10 99
9 98
9 98
8 97
8 96
7 95
7 95
6 94
5 93
5 92
4 91
4 91
4 90
3 89
3 88
3 87
2 86
2 85
2 85
2 84
1 83
1 82
1 81
1 81
2 80
3 79
3 78
4 77
5 76
6 75
7 74
7 73
8 72
9 71
10 70
10 69
11 68
12 67
13 66
14 65
14 64
15 63
16 62
17 61
18 60
18 59
19 58
20 57
21 56
21 55
22 54
23 53
24 52
25 51
25 50
26 49
27 48
28 47
29 46
29 45
30 44
31 43
32 42
32 41
33 40
34 39
35 38
36 37
36 36
37 35
38 34
38 34
38 35
38 36
38 37
38 38
38 39
38 39
37 38
36 38
36 38
36 39
36 39
37 40
37 40
38 40
38 40
39 40
40 39
41 39
41 39
42 38
43 37
44 36
44 36
45 35
46 34
47 33
48 32
48 32
49 31
50 30
50 29
51 28
51 28
52 27
53 26
54 25
55 24
55 24
56 23
56 22
57 21
57 21
58 20
59 19
59 19
59 18
59 18
59 17
59 17
59 16
59 15
59 15
58 14
58 14
58 13
57 12
57 11
56 10
56 9
55 8
55 7
54 6
54 5
53 4
53 3
52 2
52 1
52 1
51 0
51 0
51 1
51 1
50 2
50 3
50 3
50 4
49 5
49 6
49 7
49 7
49 8
49 9
49 10
49 11
49 12
49 13
49 14
49 15
49 16
49 17
49 17
49 18
49 19
49 20
49 21
48 22
48 23
48 24
48 25
48 26
48 26
48 27
47 28
47 29
47 30
47 31
46 32
46 33
46 34
46 34
46 35
46 36
45 37
45 38
45 39
45 40
45 41
44 42
44 43
44 44
44 44
44 45
44 46
43 47
43 48
43 49
43 50
43 51
43 52
42 53
42 54
42 55
42 55
42 56
42 57
41 58
41 59
41 60
41 61
41 62
40 63
40 64
40 65
40 65
40 66
40 67
39 68
39 69
39 70
39 71
39 71
39 72
39 73
38 74
38 75
38 76
38 76
38 77
37 78
37 79
37 79
37 80
36 81
36 82
36 82
36 83
36 84
36 84
36 85
36 85
36 84
37 83
37 82
37 81
37 80
38 79
38 78
38 77
38 76
39 75
39 74
39 73
39 72
40 71
40 70
40 69
40 68
41 67
41 66
41 65
41 64
42 63
42 62
42 61
42 61
43 60
43 59
44 58
44 58
44 58
45 59
45 60
45 60
45 61
45 62
45 63
45 64
45 64
45 65
45 66
45 67
45 68
45 69
45 70
45 71
45 71
45 72
45 73
45 74
45 75
45 76
45 77
45 77
45 78
45 79
45 80
45 81
45 82
45 83
45 84
45 84
45 85
45 86
45 87
45 88
45 89
45 90
45 90
45 91
45 92
45 93
45 94
45 95
45 95
45 96
45 97
45 97
45 98
45 99
45 99
45 100
45 100
46 100
46 100
46 99
46 98
46 97
46 97
46 96
46 95
46 94
46 93
46 92
47 91
47 90
47 89
47 88
47 87
47 86
47 85
47 84
47 83
47 82
47 81
48 80
48 79
48 78
48 77
48 76
48 75
48 74
48 73
48 72
48 71
49 70
49 69
49 68
49 67
49 66
49 65
49 64
49 63
49 62
49 61
49 60
50 59
50 58
50 57
50 56
50 55
50 54
50 54
50 53
50 53
50 52
50 52
51 51
51 50
51 50
51 49
51 48
51 48
52 47
52 46
53 45
53 45
54 44
54 43
54 43
55 42
56 41
56 41
57 40
57 40
58 41
58 41
58 42
58 43
58 43
58 44
57 45
57 46
57 46
57 47
56 48
56 49
56 50
56 50
56 51
55 52
55 53
55 54
55 54
54 55
54 56
54 56
54 57
54 58
54 58
54 59
54 59
54 60
54 60
55 61
55 61
56 62
56 62
57 63
57 63
58 64
59 65
59 65
59 66
60 67
60 68
60 68
60 69
60 70
61 71
61 72
61 73
61 73
61 74
61 75
61 76
61 77
61 77
61 78
61 79
61 80
61 81
61 81
61 82
60 83
60 84
60 85
60 85
60 86
59 87
59 88
59 88
58 89
58 89
57 90
57 90
56 89
56 89
56 88
56 87
56 86
56 86
56 85
55 84
55 83
55 82
55 82
55 81
55 80
55 79
55 78
55 77
55 76
55 76
55 75
55 74
56 73
56 72
56 71
56 70
56 70
56 69
56 68
57 67
57 66
57 65
57 64
57 64
57 63
58 62
58 61
58 60
58 59
59 58
59 57
59 57
60 56
60 55
61 54
61 53
62 52
62 52
62 51
63 50
63 49
64 48
64 47
65 46
65 45
66 44
66 43
67 42
67 41
68 40
68 39
69 38
69 37
70 36
70 35
71 34
71 33
72 32
72 31
73 30
73 29
74 28
74 27
74 27
74 26
75 25
75 24
75 24
75 23
75 22
75 22
75 21
75 20
75 20
75 20
74 21
74 22
74 22
74 23
74 24
74 25
74 26
74 27
74 27
74 28
74 29
74 30
74 31
74 32
74 33
74 33
74 34
74 35
73 36
73 37
73 38
73 39
73 39
73 40
73 41
74 42
74 43
74 44
74 44
75 45
76 46
76 46
77 47
78 47
78 47
79 47
80 47
80 47
81 47
82 46
83 46
83 46
84 46
85 45
86 45
86 45
87 44
88 43
88 43
89 42
90 42
90 42
91 41
91 40
91 40
91 39
91 38
91 38
91 37
91 36
90 35
90 34
90 33
90 32
89 31
89 30
89 29
89 28
88 27
88 26
88 25
88 24
87 23
87 22
87 21
87 20
86 19
86 18
86 17
86 17
86 18
86 19
86 19
85 20
84 21
84 21
84 22
84 23
84 24
84 24
84 25
84 26
84 27
84 28
84 29
84 30
84 30
84 31
84 32
84 33
84 34
84 35
84 36
84 36
84 37
84 38
84 39
84 40
84 41
84 42
84 43
84 43
84 44
84 45
84 46
84 47
84 48
84 49
84 50
84 51
84 51
84 52
84 53
84 54
84 55
84 56
84 57
84 58
84 59
84 59
84 60
84 61
84 62
84 63
84 64
84 65
84 66
84 67
84 67
84 68
84 69
84 70
84 71
84 72
84 73
84 73
84 74
85 75
85 76
85 77
85 77
85 78
85 79
85 80
85 81
85 81
85 82
85 83
85 84
85 84
85 85
85 86
85 86
84 85
83 84
83 83
82 82
81 81
80 80
80 79
79 78
79 78
79 77
80 76
80 75
80 74
80 74
80 73
80 72
80 71
80 71
80 70
81 69
81 68
81 68
81 67
82 66
82 65
82 65
83 64
84 63
84 62
85 61
85 61
86 60
87 59
87 59
88 60
89 60
89 60
90 61
90 62
90 62
90 63
90 64
90 65
90 66
90 67
90 67
90 68
90 69
89 70
89 71
89 72
89 72
89 73
89 74
89 75
88 76
88 77
88 78
88 79
88 79
88 80
88 81
88 82
88 83
87 84
87 85
87 86
87 87
87 88
87 88
87 89
86 90
86 91
85 92
85 93
85 93
85 94
85 95
85 96
85 96
84 97
84 98
84 98
84 98
85 98
85 98
85 97
86 96
86 95
86 95
87 94
87 93
88 92
88 92
89 91
89 90
90 89
90 89
90 88
91 87
91 86
92 85
92 84
92 84
93 83
94 82
94 81
95 80
95 80
96 79
96 78
97 77
97 76
97 76
98 75
99 75
99 75
100 74
100 74
100 74
100 74
100 74
99 75
