0 37
1 36
2 36
2 36
2 35
2 34
2 33
2 32
2 31
2 31
3 30
3 29
4 28
4 27
5 26
5 26
6 25
7 24
8 23
9 22
9 22
10 21
11 20
12 20
13 19
14 18
14 18
15 17
16 17
17 16
18 16
18 16
19 15
20 15
21 14
21 14
20 15
19 16
18 16
17 17
16 18
16 18
16 19
16 20
16 21
16 22
16 23
16 24
16 25
16 26
16 27
16 27
15 28
15 28
15 29
15 30
15 31
15 32
15 33
15 34
15 35
15 35
15 36
15 37
15 38
15 39
16 40
16 41
16 42
16 43
16 44
16 45
16 45
16 46
16 47
16 48
16 49
16 50
16 51
16 52
16 53
16 54
16 55
16 56
16 57
16 58
16 58
16 59
16 60
16 61
16 62
16 63
16 64
16 65
16 66
16 67
16 68
16 69
16 69
16 70
16 71
16 72
16 73
17 74
17 75
17 76
17 77
17 78
17 79
17 79
17 80
17 81
16 82
16 83
16 84
16 84
16 85
16 86
16 87
16 87
15 88
14 89
14 89
13 89
12 90
11 90
11 90
10 90
9 90
8 90
8 90
7 89
6 89
5 88
5 88
4 87
3 86
3 85
2 84
2 84
3 83
3 82
4 81
4 80
5 79
6 78
6 77
7 76
8 75
8 74
9 73
9 72
10 71
11 70
11 69
12 68
12 67
13 66
14 65
14 64
15 63
15 62
16 61
17 60
17 59
18 58
19 57
19 56
20 55
20 54
21 53
22 52
22 51
23 50
23 49
24 48
25 47
25 46
26 45
27 44
27 43
28 42
28 41
29 40
30 39
30 38
31 37
31 36
32 35
33 34
33 33
34 32
34 31
35 30
36 29
36 28
37 27
38 26
38 25
39 24
39 23
40 22
40 22
41 23
42 23
43 24
43 24
43 23
44 22
44 21
44 21
44 20
44 19
45 18
45 17
45 16
45 16
46 15
47 15
48 14
48 14
49 13
50 13
51 12
51 12
52 11
53 11
53 11
54 10
55 10
55 10
55 9
55 8
55 7
55 6
54 5
54 4
54 3
54 2
54 1
54 0
54 0
54 1
54 2
53 3
53 4
53 5
53 5
52 6
51 6
51 6
51 7
50 8
50 9
50 9
50 10
49 11
49 12
49 13
48 14
48 15
48 15
48 16
48 17
47 18
47 19
47 20
47 21
47 22
46 23
46 24
46 25
46 25
46 26
46 27
45 28
45 29
45 30
45 31
45 32
44 33
44 34
44 35
44 35
44 36
44 37
43 38
43 39
43 40
43 41
43 42
42 43
42 44
42 45
42 45
42 46
42 47
42 48
42 49
41 50
41 51
41 52
41 53
41 54
41 55
41 55
41 56
40 57
40 58
40 59
39 60
39 61
39 61
39 62
38 63
38 64
38 64
38 63
38 62
39 61
39 60
39 59
39 58
40 57
40 56
40 55
40 54
41 53
41 52
41 51
41 50
42 49
42 48
42 47
42 46
43 45
43 44
43 43
43 43
44 43
45 44
46 44
46 44
46 45
46 46
46 46
46 47
46 48
46 49
46 50
46 51
46 51
46 52
46 53
46 54
46 55
47 56
47 57
47 58
47 59
47 60
47 61
47 61
47 62
47 63
47 64
47 65
47 66
47 67
47 68
47 69
47 70
47 71
47 72
47 72
47 73
47 74
47 75
47 76
47 77
46 78
46 79
46 80
46 81
46 82
46 83
46 84
46 84
46 85
46 86
46 87
46 88
46 89
46 90
46 91
46 91
46 92
46 93
46 94
46 95
46 95
46 96
46 97
46 98
46 98
46 98
46 97
46 96
46 95
46 94
46 93
46 92
46 91
46 90
46 89
46 88
46 87
46 86
46 85
46 84
46 83
46 82
46 81
46 80
46 79
46 78
46 77
46 76
46 75
46 74
46 73
46 72
46 71
46 70
46 69
46 68
46 67
46 66
46 65
46 64
46 63
46 62
46 62
46 61
46 60
47 59
47 58
47 57
47 56
48 55
48 54
48 53
48 52
49 51
49 50
49 49
49 49
49 48
50 47
50 46
51 45
51 44
51 44
51 43
52 42
52 41
52 40
53 39
53 38
53 38
54 37
55 36
55 36
56 36
56 36
57 37
57 38
57 38
57 39
57 40
57 41
57 41
57 42
57 43
57 44
57 44
57 45
57 46
57 47
57 48
57 48
57 49
57 50
58 51
58 52
58 53
58 53
58 54
59 55
59 56
59 57
59 57
59 58
60 59
60 60
60 61
60 61
61 62
61 63
62 64
62 65
62 65
62 66
63 67
63 68
63 69
63 69
63 70
64 71
64 72
64 72
64 73
64 74
64 75
64 75
64 76
64 77
63 78
63 79
63 80
63 80
62 81
62 82
61 83
61 84
61 84
60 85
60 86
60 86
59 87
59 87
58 86
58 86
58 85
57 84
57 83
57 83
57 82
57 81
57 80
57 79
57 79
57 78
57 77
57 76
57 75
57 74
57 73
57 73
57 72
57 71
57 70
57 69
57 69
57 68
57 67
58 66
58 65
58 64
58 64
58 63
59 62
59 61
59 60
59 60
59 59
60 58
60 57
61 56
61 55
61 55
62 54
62 53
63 52
63 51
64 50
64 49
65 48
66 47
66 46
67 45
67 44
68 43
68 42
69 41
69 40
70 39
71 38
71 37
72 36
72 35
73 34
73 33
74 32
75 31
75 30
76 29
76 28
77 27
77 26
78 25
78 24
79 23
80 22
80 21
81 20
81 19
82 18
82 17
83 16
83 16
83 16
82 15
82 14
82 14
82 15
82 16
82 17
82 18
82 18
82 19
82 20
82 21
82 22
82 23
82 24
82 25
82 26
82 26
82 27
82 28
82 29
82 30
82 31
82 32
82 33
82 34
82 35
82 35
82 36
83 37
83 38
83 39
83 40
84 41
84 42
84 42
85 43
85 44
86 45
86 46
86 46
87 46
88 47
89 47
89 47
90 47
91 47
92 47
93 47
93 47
94 46
95 45
95 45
95 44
96 43
96 42
96 41
96 41
97 40
97 39
98 38
98 38
98 37
98 36
98 35
98 34
97 33
97 32
97 31
97 30
97 29
97 28
97 27
97 26
97 25
97 24
96 23
96 22
96 21
96 20
96 19
96 18
96 18
96 19
96 20
95 21
95 22
95 23
95 24
94 25
94 26
94 27
94 27
94 28
93 29
93 30
93 31
93 31
93 32
93 33
93 34
93 35
92 36
92 37
92 38
92 39
92 40
92 40
92 41
92 42
91 43
91 44
91 45
91 46
91 47
91 48
90 49
90 50
90 51
90 51
90 52
90 53
90 54
90 55
89 56
89 57
89 58
89 59
89 60
89 61
89 61
89 62
89 63
89 64
89 65
89 66
89 67
89 68
89 69
89 70
89 70
89 71
89 72
89 73
88 74
88 75
88 76
88 77
88 77
88 78
88 79
88 80
88 81
88 82
88 82
88 83
88 83
88 82
87 81
87 80
87 79
86 78
86 77
86 76
86 75
85 74
85 73
85 72
84 71
84 70
84 70
84 71
84 71
84 70
85 69
85 68
85 67
85 67
86 66
87 65
87 65
88 64
89 63
89 63
90 64
91 64
91 64
92 65
93 65
93 65
93 66
94 67
94 68
94 68
94 69
94 70
94 71
94 72
94 72
94 73
94 74
93 75
93 76
93 77
93 78
93 78
93 79
92 80
92 81
92 82
92 83
91 84
91 85
91 85
91 86
90 87
90 88
90 89
89 90
89 91
89 91
88 92
88 93
87 94
87 95
87 95
87 96
87 97
87 98
87 98
87 99
87 100
87 100
88 100
89 100
89 100
90 100
91 100
92 100
92 100
93 99
94 98
94 97
95 96
95 96
96 95
97 94
98 94
99 93
100 92
