0 33
1 32
2 32
2 32
2 31
3 30
3 29
4 28
4 27
5 26
5 25
5 25
5 24
6 23
6 22
6 21
7 20
7 19
8 18
8 17
8 16
9 15
9 14
9 14
10 13
11 12
12 12
13 11
13 11
14 10
15 10
16 9
17 9
17 9
18 9
19 9
20 8
21 8
22 8
23 8
23 8
22 8
21 7
20 7
20 7
20 8
19 9
19 10
19 11
19 12
18 13
18 14
18 15
18 15
18 16
17 17
17 18
17 18
17 19
17 20
17 21
17 22
17 23
17 24
17 25
17 25
17 26
17 27
17 28
17 29
17 30
17 31
17 32
17 33
17 34
17 35
17 35
17 36
17 37
17 38
17 39
17 40
17 41
17 42
18 43
18 44
18 45
18 46
18 47
18 48
18 49
18 50
18 51
18 51
18 52
18 53
18 54
18 55
18 56
18 57
18 58
19 59
19 60
19 61
19 62
19 63
19 64
19 65
19 66
19 67
19 67
19 68
19 69
19 70
19 71
19 72
19 73
19 74
20 75
20 76
20 77
20 78
20 79
20 80
20 81
20 82
20 82
20 83
20 84
20 85
20 86
20 87
20 88
20 89
20 90
20 90
20 91
20 92
20 93
20 94
20 95
20 95
19 96
19 97
19 97
18 98
17 99
17 99
16 99
15 100
14 100
14 100
13 100
12 100
11 100
11 100
10 100
9 99
8 99
7 99
7 99
7 98
8 97
8 96
8 95
8 94
9 93
9 92
9 91
9 90
10 89
10 88
10 87
10 86
11 85
11 84
11 83
11 82
12 81
12 80
12 79
12 78
13 77
13 76
13 75
13 74
14 73
14 72
14 71
14 70
15 69
15 68
15 67
15 66
16 65
16 64
16 63
16 62
17 61
17 60
17 59
17 58
18 57
18 56
18 55
18 54
19 53
19 52
19 51
19 50
20 49
20 48
20 47
20 46
21 45
21 44
21 43
21 42
22 41
22 40
22 39
22 38
23 37
23 36
23 35
23 34
24 33
24 32
24 31
24 31
25 31
26 31
27 31
28 31
29 31
30 31
31 31
32 31
33 31
34 31
35 31
36 31
36 31
37 30
38 29
39 28
40 28
41 27
42 26
42 26
42 25
43 24
43 23
44 22
44 21
44 20
45 19
45 18
46 17
46 16
46 16
47 15
48 14
49 14
50 13
51 12
51 12
52 12
53 11
54 11
55 10
56 10
56 10
57 9
58 9
59 8
59 8
60 7
61 7
61 7
61 7
60 6
60 5
59 4
59 3
58 2
58 1
57 0
57 0
57 1
56 2
56 3
55 4
55 5
55 6
54 7
54 8
54 8
53 8
52 7
51 7
51 7
50 8
50 9
49 10
49 10
49 11
48 12
48 13
48 14
47 15
47 16
47 16
47 17
47 18
46 19
46 20
46 21
46 22
46 23
45 24
45 25
45 26
45 26
45 27
44 28
44 29
44 30
43 31
43 32
42 33
42 34
42 35
41 36
41 37
41 37
41 38
41 39
40 40
40 41
40 42
40 43
40 44
40 45
39 46
39 47
39 48
39 48
39 49
38 50
38 51
37 52
37 53
37 54
36 55
36 56
36 56
36 57
35 58
35 59
35 60
35 60
36 61
36 62
36 62
36 61
37 60
37 59
38 58
38 57
39 56
39 55
40 54
40 53
41 52
41 51
42 50
42 49
43 48
43 47
44 46
44 45
45 44
45 43
46 42
46 41
47 40
47 39
47 39
47 40
47 41
47 42
47 43
48 44
48 45
48 46
48 47
48 48
48 48
47 47
47 47
47 48
47 49
47 50
47 51
47 52
47 53
47 53
47 54
47 55
47 56
47 57
47 58
47 59
47 60
47 61
47 62
47 62
47 63
47 64
47 65
47 66
47 67
47 68
47 69
47 70
47 71
47 72
47 72
47 73
47 74
47 75
47 76
47 77
47 78
47 79
47 79
47 80
47 81
47 82
47 83
47 84
47 84
47 85
47 86
47 87
47 88
47 88
47 89
47 89
47 89
47 88
47 87
47 86
47 85
48 84
48 83
48 82
48 81
48 80
48 79
48 78
48 77
48 76
48 75
49 74
49 73
49 72
49 71
49 70
49 69
49 68
49 67
49 66
49 65
50 64
50 63
50 62
50 61
50 60
50 59
50 58
50 57
50 56
50 55
51 54
51 53
51 52
51 51
51 50
51 50
52 49
52 48
53 47
54 46
55 45
55 44
56 43
56 43
56 42
57 41
57 40
57 39
57 39
57 39
57 40
57 41
57 41
57 42
58 43
58 44
58 45
58 45
58 46
58 47
57 48
57 49
57 50
57 50
57 51
57 52
57 53
57 54
57 55
57 55
57 56
57 57
57 58
57 59
57 59
57 60
57 61
57 62
57 63
57 64
57 64
57 65
57 66
57 67
57 68
57 68
58 69
58 70
59 71
59 71
60 72
60 73
61 74
61 74
62 75
62 76
63 77
63 77
63 78
64 79
64 80
64 80
64 81
64 82
64 83
64 83
64 84
63 85
63 86
63 86
63 87
62 88
62 89
62 89
61 90
60 91
60 91
59 92
58 92
58 92
57 91
56 90
56 90
56 89
56 88
56 88
56 87
56 86
56 85
56 84
56 84
56 83
56 82
56 81
56 80
56 79
56 79
56 78
57 77
57 76
58 75
58 74
58 74
58 73
59 72
59 71
59 70
59 69
60 68
60 67
60 67
60 66
61 65
61 64
61 63
62 62
62 61
63 60
63 59
63 58
64 57
64 56
64 55
65 54
65 53
66 52
66 51
66 50
67 49
67 48
67 47
68 46
68 45
69 44
69 43
69 42
70 41
70 40
70 39
71 38
71 37
72 36
72 35
72 34
73 33
73 32
73 31
74 30
74 29
75 28
75 27
75 26
76 25
76 24
76 23
77 22
77 21
78 20
78 19
78 18
79 17
79 16
79 16
80 17
80 18
81 19
81 20
82 21
82 21
82 22
82 23
82 23
81 24
80 24
80 24
80 25
80 26
80 27
80 28
80 29
80 29
80 30
80 31
80 32
80 33
80 34
80 35
80 35
80 36
80 37
81 38
81 39
81 40
81 41
81 41
82 42
83 43
84 44
84 44
85 44
86 44
87 44
88 44
88 44
89 44
90 43
91 43
92 43
92 43
93 42
94 41
95 40
95 40
96 39
97 38
98 37
98 37
98 36
99 35
99 34
100 33
100 32
100 32
100 31
100 30
100 29
99 28
99 27
99 26
99 25
99 24
99 23
99 22
98 21
98 20
98 19
98 18
98 17
98 16
98 15
98 14
97 13
97 12
97 11
97 10
97 10
97 11
96 12
96 13
96 14
95 15
95 16
95 17
94 18
94 19
94 19
94 20
93 21
93 22
93 23
92 24
92 25
92 25
92 26
91 27
91 28
91 29
91 30
90 31
90 32
90 33
90 33
90 34
90 35
89 36
89 37
89 38
89 39
89 40
88 41
88 42
88 43
88 43
88 44
88 45
88 46
88 47
88 48
87 49
87 50
87 51
87 52
87 53
87 54
87 55
87 55
87 56
87 57
87 58
87 59
87 60
87 61
87 62
87 63
87 64
87 65
87 65
87 66
87 67
87 68
87 69
87 70
87 71
87 72
87 73
87 73
87 74
87 75
87 76
87 77
87 78
87 78
87 79
86 80
86 81
86 81
85 80
85 79
84 78
84 77
83 76
83 75
82 74
82 73
81 72
81 72
81 71
81 70
81 69
81 68
81 68
81 67
81 67
82 66
82 66
83 65
84 65
84 65
85 65
86 64
87 64
87 64
88 64
89 64
90 64
90 64
91 65
92 65
92 65
92 66
92 67
92 68
92 68
92 69
92 70
92 71
92 72
92 73
92 73
92 74
92 75
92 76
91 77
91 78
91 79
91 80
91 80
90 81
90 82
89 83
89 84
88 85
88 86
88 86
88 87
87 88
87 89
87 90
87 90
87 91
87 92
87 93
87 93
87 94
87 94
88 94
89 94
89 94
90 93
91 93
91 93
92 92
93 91
94 90
95 89
95 89
96 88
97 87
98 86
99 85
