0 32
1 32
2 33
3 33
4 33
4 33
4 32
4 31
4 30
4 29
4 28
4 27
4 26
4 26
4 25
4 24
5 23
5 22
5 21
5 20
6 19
6 18
6 17
6 16
7 15
7 14
7 13
7 13
8 12
9 11
10 10
10 9
11 8
12 7
12 7
13 6
14 6
15 5
16 5
17 4
17 4
18 4
19 4
20 4
21 4
22 4
22 4
22 5
21 6
21 7
21 8
20 9
20 10
20 11
19 12
19 13
19 14
18 15
18 16
18 16
18 17
18 18
17 19
17 20
17 21
17 22
17 23
17 24
16 25
16 26
16 27
16 28
16 28
16 29
16 30
16 31
16 31
15 31
15 31
15 32
15 33
15 34
15 35
16 36
16 37
16 38
16 39
16 40
16 41
16 41
16 42
16 43
16 44
16 45
16 46
16 47
17 48
17 49
17 50
17 51
17 52
17 53
17 54
17 54
17 55
17 56
17 57
17 58
17 59
17 60
17 61
18 62
18 63
18 64
18 65
18 66
18 67
18 68
18 69
18 70
18 70
18 71
18 72
18 73
18 74
18 75
18 76
18 77
18 78
18 79
18 80
18 81
18 82
18 83
18 84
18 84
18 85
18 86
18 87
19 88
19 89
19 90
19 91
19 92
19 92
19 93
19 94
18 95
18 96
18 97
18 97
17 98
17 99
17 99
16 100
15 100
15 100
14 100
13 100
12 100
11 100
11 100
10 100
9 100
8 100
7 100
7 100
6 99
5 98
4 97
3 96
3 96
4 95
4 94
5 93
5 92
6 91
6 90
7 89
7 88
8 87
8 86
9 85
9 84
10 83
11 82
11 81
12 80
12 79
13 78
13 77
14 76
14 75
15 74
15 73
16 72
16 71
17 70
18 69
18 68
19 67
19 66
20 65
20 64
21 63
21 62
22 61
22 60
23 59
24 58
24 57
25 56
25 55
26 54
26 53
27 52
27 51
28 50
28 49
29 48
29 47
30 46
31 45
31 44
32 43
32 42
33 41
33 40
34 39
34 38
35 37
35 36
36 35
36 34
37 33
37 33
38 33
39 32
40 32
41 31
42 31
43 31
44 30
45 30
46 29
47 29
47 29
47 28
48 27
48 26
48 25
49 24
49 23
49 22
50 21
50 20
50 20
51 19
52 18
53 17
54 16
54 16
55 15
56 14
57 13
57 13
58 12
59 12
60 11
60 11
61 10
62 10
62 10
62 9
61 8
61 7
60 6
60 5
60 4
59 3
59 2
58 1
58 0
58 0
58 0
57 1
57 2
57 2
56 3
56 3
56 4
56 5
55 6
55 7
55 8
55 8
55 9
54 10
54 11
53 12
53 13
52 14
52 15
52 15
52 16
51 17
51 18
51 19
50 20
50 21
50 22
49 23
49 24
49 24
49 25
48 26
48 27
48 28
47 29
47 30
47 31
47 32
46 33
46 34
46 34
46 35
46 36
45 37
45 38
45 39
45 40
45 41
44 42
44 43
44 44
44 44
44 45
43 46
43 47
43 48
42 49
42 50
42 50
42 51
42 52
42 52
42 52
42 51
43 50
43 49
44 48
44 47
45 46
45 45
46 44
46 43
47 42
47 41
48 40
48 39
49 38
49 37
50 36
50 35
51 34
51 33
51 33
51 34
51 35
51 36
51 37
51 38
51 39
51 40
51 41
51 41
51 42
51 43
51 44
51 45
51 45
51 46
50 47
50 48
50 48
50 49
50 50
50 51
50 52
50 53
50 54
50 55
50 55
50 56
50 57
50 58
50 59
50 60
50 61
50 62
50 63
50 64
50 64
50 65
50 66
50 67
50 68
50 69
50 70
50 71
50 72
50 73
50 74
50 74
50 75
50 76
50 77
50 78
50 79
50 80
50 80
50 81
49 82
49 83
49 84
49 84
49 85
49 86
49 86
49 86
49 85
49 84
49 83
49 82
50 81
50 80
50 79
50 78
50 77
50 76
50 75
50 74
50 73
51 72
51 71
51 70
51 69
51 68
51 67
51 66
51 65
51 64
51 63
52 62
52 61
52 60
52 59
52 58
52 57
52 56
52 55
52 54
53 53
53 52
53 51
53 50
53 49
53 49
54 48
54 47
55 46
56 45
56 44
57 43
57 43
57 42
58 41
58 40
58 39
59 38
59 37
59 37
60 36
60 35
60 35
60 36
60 36
60 37
61 38
61 39
61 39
61 40
61 41
61 42
61 42
61 43
61 44
61 45
61 46
61 47
61 47
61 48
61 49
61 50
61 51
61 51
61 52
61 53
61 54
61 55
61 55
61 56
61 57
61 58
61 58
61 59
62 60
62 61
62 62
62 62
62 63
63 64
63 65
63 65
64 66
65 67
65 67
65 68
65 69
65 70
65 70
66 71
66 72
66 72
66 73
66 74
66 75
66 76
66 76
66 77
66 78
65 79
65 80
65 81
65 81
65 82
64 83
64 84
64 84
63 85
63 85
62 85
62 85
61 85
61 85
60 84
59 83
59 83
59 82
59 81
59 80
59 80
59 79
59 78
59 77
59 76
59 76
59 75
59 74
59 73
59 72
59 72
59 71
60 70
60 69
61 68
61 67
61 67
62 66
62 65
63 64
63 63
64 62
64 62
64 61
65 60
65 59
66 58
66 57
66 56
67 55
67 54
68 53
68 52
68 51
69 50
69 49
69 48
70 47
70 46
71 45
71 44
71 43
72 42
72 41
73 40
73 39
73 38
74 37
74 36
75 35
75 34
75 33
76 32
76 31
77 30
77 29
77 28
78 27
78 26
78 25
79 24
79 23
80 22
80 21
80 20
81 19
81 18
82 17
82 16
82 16
82 17
82 18
83 19
83 20
83 21
83 22
83 22
82 21
82 21
82 22
81 23
81 24
81 24
81 25
81 26
80 27
80 28
80 29
80 30
80 30
80 31
80 32
80 33
80 34
80 35
80 36
80 37
80 38
80 39
80 39
80 40
80 41
80 42
80 43
80 44
80 45
80 46
80 46
80 47
81 48
81 49
82 50
82 51
82 51
83 52
84 52
84 52
85 52
86 51
87 51
88 51
88 51
89 50
90 49
91 48
91 48
92 47
93 46
94 45
95 44
95 44
95 43
96 42
96 41
97 40
97 39
97 39
97 38
98 37
98 36
98 35
98 35
98 35
98 34
98 33
98 32
98 31
98 30
98 29
97 28
97 27
97 26
97 25
97 24
97 23
97 22
97 21
97 21
96 20
96 20
95 21
95 22
95 22
95 23
94 24
94 25
93 26
93 27
93 27
93 28
93 29
93 30
92 31
92 32
92 33
92 34
92 35
92 35
92 36
92 37
91 38
91 39
91 40
91 41
91 42
90 43
90 44
90 45
90 45
90 46
90 47
89 48
89 49
89 50
89 51
89 52
89 53
88 54
88 55
88 56
88 56
88 57
88 58
88 59
88 60
88 61
87 62
87 63
87 64
87 65
87 66
87 67
87 67
87 68
87 69
87 70
87 71
87 72
87 73
87 74
87 74
87 75
87 76
86 77
86 78
86 79
86 79
86 80
86 81
86 81
86 80
85 79
85 78
85 77
84 76
84 75
84 74
84 73
83 72
83 71
83 70
82 69
82 68
82 68
82 69
82 70
82 70
82 69
82 68
82 68
83 67
83 67
84 67
85 67
86 67
86 67
87 67
88 67
89 67
90 67
90 67
91 68
92 68
92 68
92 69
92 69
92 70
92 71
92 72
92 73
92 73
92 74
91 75
91 76
91 77
90 78
90 79
90 79
90 80
89 81
89 82
89 83
89 84
88 85
88 86
88 86
87 87
87 88
86 89
86 90
86 90
86 91
85 92
85 93
85 93
85 94
85 94
86 95
86 95
87 95
88 95
88 95
89 95
90 95
91 95
91 95
92 94
93 94
94 93
95 93
95 93
96 92
97 92
98 91
99 91
100 90
