0 41
1 40
2 39
2 39
2 38
3 37
3 36
3 35
3 34
4 33
4 32
4 31
4 31
4 30
5 29
5 28
5 27
6 26
6 25
6 24
6 23
7 22
7 21
7 21
7 20
8 19
8 18
8 17
9 16
9 15
9 14
9 13
10 12
10 11
10 10
11 9
11 8
11 8
12 7
13 7
14 6
15 6
16 5
17 5
18 4
19 4
19 4
20 3
21 2
22 2
23 1
24 0
24 0
24 1
24 2
24 3
25 4
25 5
25 6
25 7
25 7
25 8
25 9
25 10
25 11
25 12
24 13
24 14
24 15
24 16
24 17
24 18
24 18
23 19
22 20
22 20
22 21
22 22
22 23
22 24
22 25
22 26
22 27
22 28
22 28
22 29
22 30
22 31
22 32
22 33
22 34
22 35
22 36
22 37
22 38
22 38
22 39
22 40
22 41
22 42
22 43
22 44
22 45
23 46
23 47
23 48
23 49
23 50
23 51
23 52
23 53
23 53
23 54
23 55
23 56
23 57
23 58
23 59
23 60
23 61
23 62
23 63
23 64
23 65
23 66
23 67
23 68
23 68
23 69
23 70
23 71
23 72
23 73
24 74
24 75
24 76
24 77
24 78
24 79
24 80
24 80
24 81
24 82
24 83
24 84
24 85
24 86
24 87
24 88
24 89
24 89
24 90
24 91
24 92
24 93
24 93
24 94
23 95
23 96
23 96
22 97
21 97
21 97
20 98
19 98
19 98
18 98
17 97
16 97
16 97
15 96
14 95
13 94
13 94
12 93
12 92
11 91
11 90
10 89
10 89
10 88
10 87
11 86
11 85
11 84
11 83
12 82
12 81
12 80
12 79
13 78
13 77
13 76
13 75
13 74
14 73
14 72
14 71
14 70
15 69
15 68
15 67
15 66
16 65
16 64
16 63
16 62
16 61
17 60
17 59
17 58
17 57
18 56
18 55
18 54
18 53
19 52
19 51
19 50
19 49
19 48
20 47
20 46
20 45
20 44
21 43
21 42
21 41
21 40
22 39
22 38
22 37
22 37
23 37
24 37
25 37
26 37
27 37
28 37
29 37
30 37
31 37
32 37
33 37
34 37
34 37
35 36
35 35
36 34
36 33
37 32
37 31
38 30
38 29
39 28
39 28
39 27
40 26
40 25
41 24
41 23
42 22
42 21
43 20
43 19
43 19
44 18
45 17
46 17
47 16
48 15
48 15
49 15
50 15
51 15
51 15
52 15
53 14
54 14
54 14
54 13
54 12
53 11
53 10
53 9
53 8
53 7
53 6
52 5
52 4
52 3
52 3
52 4
51 5
51 6
51 7
50 8
50 9
50 9
50 10
49 11
49 12
49 13
49 13
48 14
48 15
47 16
47 17
47 17
47 18
47 19
46 20
46 21
46 22
46 23
45 24
45 25
45 26
45 26
45 27
44 28
44 29
44 30
44 31
43 32
43 33
43 34
43 35
42 36
42 37
42 37
42 38
41 39
41 40
41 41
41 42
40 43
40 44
40 45
40 46
39 47
39 48
39 49
39 49
39 50
38 51
38 52
38 53
38 54
37 55
37 56
37 56
36 57
36 58
35 59
35 59
35 60
35 60
36 59
36 58
37 57
37 56
38 55
38 54
39 53
40 52
40 51
41 50
41 49
42 48
42 47
43 46
44 45
44 44
45 43
45 42
46 41
46 40
47 39
47 39
47 40
47 41
47 42
47 43
47 44
47 45
47 46
47 47
47 48
47 48
47 49
47 50
47 51
47 51
47 52
47 53
47 54
46 55
46 56
46 57
46 58
46 59
46 59
46 60
46 61
46 62
46 63
45 64
45 65
45 66
45 67
45 68
45 68
45 69
45 70
45 71
45 72
45 73
45 74
45 75
45 76
45 77
45 78
45 79
45 80
45 80
45 81
45 82
45 83
45 84
45 85
45 86
45 87
45 88
45 88
45 89
46 90
46 91
46 92
46 92
46 93
46 94
46 94
46 94
46 93
46 92
46 91
46 90
47 89
47 88
47 87
47 86
47 85
47 84
47 83
47 82
47 81
47 80
48 79
48 78
48 77
48 76
48 75
48 74
48 73
48 72
48 71
48 70
49 69
49 68
49 67
49 66
49 65
49 65
49 64
49 63
50 62
50 61
50 60
50 59
51 58
51 57
51 56
51 55
51 54
52 53
52 52
52 51
52 50
53 49
53 48
53 47
53 47
54 46
54 45
55 44
55 43
56 42
56 42
56 41
57 40
57 39
57 39
58 38
58 38
58 39
58 39
58 40
58 41
58 41
58 42
58 43
58 44
58 45
58 45
58 46
58 47
57 48
57 49
57 50
57 51
57 51
57 52
57 53
56 54
56 55
56 56
56 57
56 57
56 58
56 59
56 60
56 61
56 62
56 62
56 63
56 64
57 65
57 66
57 67
57 67
57 68
58 69
58 70
58 71
58 71
59 72
59 73
60 74
60 75
60 75
60 76
61 77
61 78
61 79
61 79
61 80
61 81
61 82
61 83
61 83
61 84
60 85
60 86
60 87
60 87
60 88
59 89
59 90
59 91
59 91
58 92
57 92
56 93
56 93
55 94
54 94
54 94
53 93
52 93
52 93
52 92
51 91
51 90
51 90
51 89
52 88
52 87
52 87
52 86
53 85
53 84
53 83
54 82
54 81
54 81
54 80
55 79
55 78
56 77
56 76
57 75
57 74
57 74
58 73
58 72
59 71
59 70
60 69
60 68
61 67
61 67
62 66
62 65
63 64
64 63
65 62
65 61
66 60
66 60
66 59
67 58
67 57
68 56
68 55
68 54
69 53
69 52
69 51
70 50
70 49
71 48
71 47
71 46
72 45
72 44
72 43
73 42
73 41
74 40
74 39
74 38
75 37
75 36
75 35
76 34
76 33
77 32
77 31
77 30
78 29
78 28
78 27
79 26
79 25
80 24
80 23
80 22
81 21
81 20
81 19
82 18
82 17
83 16
83 15
83 15
83 16
82 17
82 18
82 19
81 20
81 21
81 21
80 22
79 22
79 22
79 23
79 24
79 25
78 26
78 27
78 28
78 29
78 30
78 30
78 31
78 32
78 33
78 34
79 35
79 36
79 37
79 38
79 39
79 39
79 40
80 41
80 42
80 43
81 44
81 45
81 45
82 46
83 47
83 48
84 49
84 49
85 49
86 50
87 50
88 50
88 50
89 49
90 49
91 48
91 48
91 47
92 46
92 45
93 44
93 43
93 43
94 42
94 41
95 40
95 39
95 39
95 38
95 37
95 36
95 35
95 34
96 33
96 32
96 31
96 30
96 29
96 28
96 27
96 26
96 25
96 24
97 23
97 22
97 21
97 20
97 19
97 18
97 18
97 19
97 20
97 21
96 22
96 23
96 24
96 25
96 26
96 26
95 27
95 28
94 29
94 30
94 30
94 31
94 32
94 33
94 34
93 35
93 36
93 37
93 38
93 39
93 39
93 40
93 41
92 42
92 43
92 44
92 45
92 46
92 47
91 48
91 49
91 50
91 51
91 51
91 52
91 53
90 54
90 55
90 56
90 57
90 58
90 59
89 60
89 61
89 62
89 62
89 63
89 64
89 65
89 66
88 67
88 68
88 69
88 70
88 71
88 71
88 72
88 73
88 74
88 75
88 76
88 77
88 78
88 79
88 79
88 80
88 81
88 82
88 83
88 83
88 82
87 81
87 80
87 79
86 78
86 77
85 76
85 75
85 74
84 73
84 72
84 71
83 70
83 69
83 69
83 70
84 71
84 72
84 73
84 73
84 72
84 71
84 71
84 70
84 70
85 70
86 70
86 70
87 70
88 71
89 71
89 71
90 72
91 72
91 72
92 73
92 74
92 74
92 75
93 76
93 77
93 78
93 78
93 79
93 80
92 81
92 82
92 83
92 84
92 84
92 85
92 86
92 87
91 88
91 89
91 90
91 91
91 91
91 92
90 93
90 94
89 95
89 96
89 96
89 97
89 98
89 99
89 99
89 100
89 100
90 100
90 100
91 99
92 99
92 99
93 98
94 97
94 96
95 95
95 95
96 94
97 93
98 92
99 91
100 90
