0 24
0 25
0 26
0 26
1 25
1 24
2 23
2 23
3 22
3 21
4 20
4 19
5 18
5 18
6 17
7 16
7 15
8 14
9 13
9 13
10 12
11 11
11 10
12 9
13 8
13 8
14 7
15 7
16 6
17 6
17 6
16 7
16 8
15 9
15 10
15 10
15 11
14 12
14 13
14 14
14 14
13 15
13 16
13 16
13 17
13 18
13 19
13 19
13 20
13 21
13 22
13 23
13 24
13 25
13 26
13 27
13 27
13 28
13 29
13 30
13 31
13 32
13 33
14 34
14 35
14 36
14 37
14 38
14 39
14 40
14 40
14 41
14 42
14 43
15 44
15 45
15 46
15 47
15 48
15 49
15 50
16 51
16 52
16 53
16 54
16 54
16 55
16 56
16 57
16 58
16 59
16 60
16 61
16 62
16 63
16 64
16 65
16 66
16 67
16 67
16 68
16 69
16 70
17 71
17 72
17 73
17 74
17 75
17 75
17 76
16 77
16 78
16 79
16 79
16 80
15 81
15 82
15 82
14 83
14 84
14 84
13 85
12 86
12 86
11 86
10 86
10 86
10 85
11 84
11 83
11 82
11 81
12 80
12 79
12 78
13 77
13 76
13 75
13 74
14 73
14 72
14 71
15 70
15 69
15 68
15 67
16 66
16 65
16 64
17 63
17 62
17 61
17 60
18 59
18 58
18 57
19 56
19 55
19 54
19 53
20 52
20 51
20 50
21 49
21 48
21 47
21 46
22 45
22 44
22 43
23 42
23 41
23 40
23 39
24 38
24 37
24 36
25 35
25 34
25 33
25 32
26 31
26 30
26 30
27 30
28 30
29 31
30 31
31 31
32 31
33 31
34 32
35 32
36 32
36 32
37 31
38 30
38 29
39 28
39 28
40 27
41 26
42 25
43 24
43 24
44 24
45 23
46 23
47 22
48 22
48 22
49 21
50 21
51 20
52 20
52 20
53 19
54 19
54 19
55 18
56 17
56 17
55 16
55 15
54 14
54 13
53 12
53 11
52 10
52 9
51 8
51 7
50 6
50 5
49 4
49 3
48 2
48 1
47 0
47 0
47 1
47 2
47 3
47 4
47 5
47 6
47 7
47 8
46 9
46 10
46 11
46 12
46 13
46 14
46 15
46 16
46 17
46 17
45 17
44 17
44 17
44 18
43 19
43 20
43 21
42 22
42 23
42 23
42 24
41 25
41 26
41 27
40 28
40 29
40 30
39 31
39 32
39 32
39 33
39 34
39 35
39 36
39 37
39 38
38 39
38 40
38 41
38 42
38 43
38 44
38 45
38 45
38 46
38 47
37 48
37 49
37 50
37 51
36 52
36 53
36 54
36 54
36 55
36 56
36 57
35 58
35 59
35 60
35 61
35 62
35 62
34 63
34 64
33 65
33 65
33 66
33 66
33 65
33 64
34 63
34 62
34 61
34 60
35 59
35 58
35 57
35 56
35 55
36 54
36 53
36 52
36 51
37 50
37 49
37 48
37 47
37 46
38 45
38 44
38 43
38 42
39 41
39 40
39 39
39 39
40 40
41 41
42 41
43 42
43 42
43 43
43 43
42 43
42 43
42 44
42 45
42 46
41 47
41 48
41 49
41 50
41 51
41 51
41 52
41 53
41 54
41 55
41 56
41 57
41 58
41 59
41 60
41 61
41 62
41 62
41 63
41 64
41 65
41 66
41 67
41 68
40 69
40 70
40 71
40 72
40 73
40 74
40 75
40 75
40 76
40 77
40 78
40 79
40 80
40 81
40 82
40 83
40 84
40 84
40 85
40 86
40 87
40 88
40 89
40 90
40 90
40 91
40 92
40 93
40 93
40 92
40 91
40 90
40 89
40 88
41 87
41 86
41 85
41 84
41 83
41 82
41 81
41 80
41 79
41 78
41 77
41 76
42 75
42 74
42 73
42 72
42 71
42 70
42 69
42 68
42 67
42 66
42 65
42 64
43 63
43 62
43 61
43 60
43 59
43 58
43 57
43 57
43 56
44 55
44 54
45 53
45 52
46 51
46 50
47 49
47 48
47 48
48 47
48 46
49 45
49 44
49 44
49 43
49 42
49 41
49 40
49 40
50 40
50 40
50 41
50 42
50 42
50 43
51 44
51 45
51 45
51 46
51 47
51 48
51 49
51 50
51 50
51 51
51 52
51 53
51 54
51 54
51 55
51 56
51 57
51 58
51 58
51 59
51 60
51 61
51 62
51 63
51 63
51 64
52 65
52 66
52 67
52 67
53 68
53 69
54 70
54 70
54 71
55 72
55 73
55 73
56 74
57 75
57 75
57 76
57 77
57 78
57 78
56 79
56 80
56 80
56 81
55 82
55 83
55 83
54 84
53 85
52 86
52 86
51 86
51 86
50 85
49 84
49 84
49 83
48 82
48 81
48 80
48 80
48 79
48 78
49 77
49 76
49 75
49 75
49 74
50 73
50 72
51 71
51 70
51 70
52 69
52 68
53 67
53 66
54 65
54 64
54 64
54 63
55 62
55 61
56 60
56 59
56 59
57 58
58 57
59 56
59 56
59 55
60 54
60 53
61 52
61 51
61 50
62 49
62 48
62 47
63 46
63 45
64 44
64 43
64 42
65 41
65 40
66 39
66 38
66 37
67 36
67 35
68 34
68 33
68 32
69 31
69 30
69 29
70 28
70 27
71 26
71 25
71 24
72 23
72 22
73 21
73 20
73 19
74 18
74 17
74 16
75 15
75 14
76 13
76 12
76 12
76 13
77 14
77 15
78 16
78 17
78 18
79 19
79 20
80 21
80 22
80 22
80 23
80 23
80 24
80 25
80 26
80 26
80 27
80 28
79 29
79 30
79 31
79 31
79 32
79 33
79 34
79 35
79 36
79 37
79 38
79 39
79 40
79 41
79 41
79 42
79 43
79 44
79 45
79 46
79 47
79 48
79 49
79 50
79 50
79 49
80 48
80 47
81 46
81 45
81 44
82 43
82 42
83 41
83 40
83 40
83 39
84 38
84 37
84 37
85 36
85 35
86 34
86 34
87 33
87 33
88 32
89 32
89 32
90 31
91 31
91 31
92 30
93 30
93 30
93 29
93 28
93 27
93 26
93 25
93 24
93 23
93 22
93 21
93 20
93 19
93 18
93 17
93 16
93 15
93 15
93 16
92 17
92 18
92 19
92 19
92 20
91 21
91 22
91 22
91 23
91 24
91 25
90 26
90 27
90 28
90 29
90 29
90 30
90 31
90 32
90 33
90 34
89 35
89 36
89 37
89 38
89 39
89 40
89 40
89 41
89 42
89 43
89 44
89 45
89 46
89 47
89 48
89 49
89 50
89 51
89 52
89 52
89 53
89 54
89 55
89 56
88 57
88 58
88 59
88 60
88 61
88 61
88 62
88 63
88 64
88 65
88 66
88 67
88 67
88 68
88 69
88 70
88 71
88 71
87 72
87 72
86 71
85 70
84 70
83 69
83 69
82 70
82 71
82 71
82 70
82 70
83 69
83 69
84 68
85 67
85 67
86 66
87 66
88 65
88 65
89 64
90 63
91 63
92 62
92 62
93 62
94 63
95 63
95 63
95 64
96 65
96 66
96 66
96 67
97 68
97 69
97 70
97 70
97 71
97 72
97 73
96 74
96 75
96 76
96 77
96 77
96 78
95 79
95 80
95 81
95 82
94 83
94 84
94 84
94 85
93 86
93 87
92 88
92 89
91 90
91 91
91 91
91 92
91 93
90 94
90 95
90 96
90 96
89 97
89 98
89 98
89 99
89 100
89 100
90 100
90 100
91 99
92 99
92 99
93 98
94 98
95 97
95 97
96 96
97 95
98 94
99 93
100 92
