1 41
1 41
0 40
0 40
0 39
0 39
0 38
0 38
0 38
0 37
0 36
0 36
0 35
0 35
0 34
0 34
1 33
1 32
1 32
1 31
2 30
2 29
2 29
3 28
3 27
4 26
4 26
4 25
5 24
5 23
5 23
6 22
6 21
6 21
7 20
7 19
7 19
7 18
7 18
7 18
7 18
7 19
7 19
7 20
7 21
7 21
7 22
7 23
7 23
7 24
7 25
7 26
7 27
7 28
7 28
7 29
8 30
8 31
8 32
8 32
8 33
8 34
8 35
8 36
8 37
8 38
8 38
8 39
8 40
8 41
9 42
9 43
9 44
9 45
9 45
9 46
9 47
9 48
9 49
9 50
9 51
9 52
9 53
9 54
9 54
9 55
9 56
9 57
9 58
10 59
10 60
10 61
10 62
10 63
10 63
10 64
10 65
10 66
10 67
10 68
10 69
10 70
10 71
10 72
10 72
10 73
10 74
10 75
10 76
11 77
11 78
11 79
11 80
11 81
11 81
11 82
11 83
11 84
12 85
12 86
12 87
12 88
12 88
12 89
12 90
12 91
12 92
12 93
12 93
12 94
13 95
13 96
13 97
13 97
13 98
13 99
13 99
14 100
14 100
14 100
14 100
15 99
15 98
15 98
15 97
15 96
16 95
16 94
16 93
16 93
16 92
16 91
17 90
17 89
17 88
17 88
17 87
17 86
18 85
18 84
18 83
18 83
18 82
18 81
18 80
18 79
18 78
18 77
18 76
18 76
18 75
18 74
18 73
19 72
19 71
19 70
19 69
19 69
19 68
19 67
20 66
20 65
20 64
20 64
20 63
20 62
20 61
20 60
20 60
20 59
21 58
21 57
21 56
21 56
21 55
22 54
22 53
22 53
22 52
22 52
23 51
23 51
23 51
23 51
23 52
23 52
23 52
23 53
23 53
23 54
23 54
23 55
23 56
23 56
23 57
23 57
23 58
23 58
23 59
23 60
23 60
23 61
23 62
23 62
23 63
23 64
23 64
23 65
23 66
23 66
24 67
24 67
24 67
24 67
24 66
24 66
24 65
24 65
24 64
25 63
25 62
25 61
25 61
25 60
26 59
26 58
26 58
26 57
27 56
27 55
27 54
27 54
27 53
28 52
28 51
28 50
28 50
29 49
29 48
29 48
29 47
29 46
29 46
30 45
30 45
31 46
31 46
31 47
31 47
32 48
32 49
32 49
32 50
33 51
33 52
33 53
33 53
33 54
33 55
33 56
33 56
33 57
34 58
34 59
34 60
34 60
34 61
34 62
34 63
34 63
34 64
34 65
34 65
34 66
34 66
35 67
35 67
35 67
35 66
35 66
35 65
35 64
35 64
35 63
35 62
35 61
35 61
35 60
36 59
36 58
36 57
36 57
36 56
36 55
36 54
36 53
36 53
36 52
37 51
37 50
37 49
37 49
37 48
37 47
37 46
37 46
38 45
38 44
38 44
38 43
38 43
39 42
39 42
39 43
39 43
40 44
40 44
41 45
41 46
41 46
42 47
42 48
42 48
42 49
42 50
42 51
42 51
43 52
43 53
43 53
44 54
44 54
44 55
44 55
45 55
45 55
46 54
47 54
47 54
47 53
48 52
48 51
48 51
49 50
49 49
50 48
50 48
50 47
51 46
51 45
51 44
51 44
51 43
52 42
52 41
52 40
52 40
52 39
52 38
53 37
53 36
53 35
53 35
53 34
54 33
54 32
54 32
54 31
54 30
54 29
54 28
54 28
54 27
53 26
53 25
53 25
53 24
53 24
52 23
52 23
51 24
51 24
50 25
49 26
49 26
48 27
48 28
48 28
48 29
47 30
47 31
47 31
47 32
46 33
46 34
46 34
46 35
46 36
46 37
46 38
46 38
46 39
46 40
46 41
46 41
46 42
46 43
46 44
46 44
47 45
47 46
47 46
48 47
48 48
48 48
49 48
49 48
50 48
50 48
51 47
51 46
51 46
51 45
52 44
52 43
52 43
52 42
53 41
53 40
53 40
53 39
54 38
54 37
54 37
54 36
54 35
54 35
54 34
54 33
54 33
54 32
54 32
54 32
54 32
54 32
54 33
54 33
54 34
54 35
54 35
55 36
55 36
55 37
55 38
55 38
56 39
56 40
56 40
57 41
57 41
58 41
58 41
59 41
60 41
60 41
61 40
61 40
62 39
62 38
62 38
63 37
63 36
64 35
64 35
64 34
65 33
65 32
65 32
65 31
66 30
66 29
66 29
66 28
66 27
66 26
66 25
66 25
66 24
67 23
67 22
67 21
67 21
67 20
67 19
67 18
67 18
67 17
66 16
66 15
66 15
66 14
66 14
66 13
66 13
65 12
65 12
65 12
65 12
64 13
64 13
64 14
64 15
64 15
64 16
64 17
64 17
64 18
64 19
64 19
64 20
64 21
64 22
64 22
64 23
64 24
64 24
65 25
65 26
65 26
66 26
66 26
67 26
67 26
68 25
68 24
68 24
68 23
68 22
68 22
68 21
69 20
69 19
69 19
69 18
70 17
70 16
70 16
70 15
70 14
70 14
70 13
70 12
70 11
70 11
70 10
70 9
70 9
70 9
70 8
70 8
70 8
70 8
70 9
70 9
70 10
70 10
70 11
70 12
70 13
70 13
70 14
70 15
70 16
70 17
70 17
70 18
70 19
70 20
70 21
70 22
70 23
70 23
70 24
70 25
70 26
71 27
71 28
71 29
71 30
71 30
71 31
71 32
71 33
71 34
71 35
71 36
71 36
71 37
71 38
71 39
72 40
72 41
72 42
72 43
72 44
72 44
72 45
72 46
72 47
72 48
73 49
73 50
73 51
73 52
73 53
73 54
73 54
73 55
73 56
73 57
73 58
74 59
74 60
74 61
74 62
74 63
74 64
74 64
74 65
74 66
74 67
74 68
74 69
74 70
74 71
74 72
74 73
74 74
74 74
74 75
74 76
74 77
74 78
74 79
74 80
74 81
74 82
74 82
74 83
74 84
74 85
74 86
74 87
74 88
74 88
74 89
74 90
74 91
74 92
74 92
73 93
73 94
73 94
73 95
73 96
73 96
72 96
72 96
71 96
70 96
70 96
69 95
69 94
69 94
69 93
68 92
68 91
68 91
68 90
68 89
67 88
67 87
67 86
67 85
67 85
67 84
67 83
67 82
67 81
67 80
67 79
67 78
67 77
67 77
67 76
67 75
67 74
67 73
67 72
67 71
67 70
67 70
67 69
67 68
67 67
67 66
67 65
67 64
67 63
67 62
67 62
67 61
67 60
68 59
68 58
68 57
68 56
68 56
68 55
69 54
69 53
69 52
69 51
70 50
70 49
70 49
70 48
71 47
71 46
71 45
71 44
72 43
72 42
72 42
72 41
73 40
73 39
74 38
74 37
74 37
74 36
75 35
75 34
75 33
75 33
76 32
76 31
77 30
77 29
77 29
78 28
78 27
78 27
78 27
78 27
78 27
78 28
78 28
78 29
78 29
78 30
78 31
78 31
77 32
77 33
77 33
77 34
77 35
77 35
77 36
77 37
77 37
78 38
78 38
78 39
78 39
79 39
79 39
79 39
80 38
81 37
81 37
82 36
82 35
82 35
83 34
83 33
84 32
84 31
84 31
84 30
84 29
85 28
85 27
85 26
85 26
85 25
86 24
86 23
86 22
87 21
87 20
87 20
87 19
87 18
88 17
88 16
88 15
88 15
88 14
88 13
89 12
89 11
89 10
89 9
89 9
89 8
89 7
89 6
89 5
89 5
89 4
89 3
89 2
89 2
89 1
89 0
89 0
88 0
88 0
87 1
87 1
87 2
86 3
86 4
86 4
85 5
85 6
84 7
84 7
84 8
83 9
83 10
83 11
83 11
83 12
83 13
83 14
83 15
83 15
83 16
83 17
82 18
82 19
82 20
82 20
82 21
82 22
83 23
83 24
83 25
83 26
83 26
83 27
83 28
83 29
83 30
83 30
84 31
84 32
84 32
85 33
85 34
85 34
86 35
86 35
87 34
88 34
88 34
89 33
90 32
90 32
91 31
91 30
92 29
92 29
93 28
93 27
94 26
94 25
94 25
94 24
95 23
95 22
95 21
95 21
96 20
96 19
97 18
97 17
97 17
98 16
98 15
98 15
99 14
99 13
99 13
100 13
100 13
99 13
99 13
99 13
99 14
