6 7
5 8
4 9
4 9
3 8
3 8
3 8
3 8
3 8
3 8
4 8
5 8
5 8
6 8
7 8
7 8
8 8
9 7
10 7
10 7
11 6
12 6
13 5
13 5
14 4
15 4
16 3
16 3
17 2
18 1
18 1
19 0
19 0
20 1
20 1
20 2
20 3
20 3
20 4
20 5
19 6
19 7
19 8
19 8
19 9
19 10
18 11
18 12
18 13
18 14
18 14
18 15
17 16
17 17
17 18
17 19
16 20
16 21
16 21
16 22
15 23
15 24
14 25
14 26
14 27
13 28
13 29
13 29
13 30
12 31
12 32
12 33
11 34
11 35
11 35
10 36
10 37
9 38
9 39
8 40
8 41
8 41
8 42
7 43
7 44
6 45
6 46
5 47
5 48
5 48
4 49
4 50
3 51
3 52
2 53
2 53
2 54
1 55
1 56
1 57
1 57
0 58
0 59
0 59
0 60
0 60
0 60
0 60
1 59
1 58
1 58
2 57
3 56
3 56
4 55
5 54
6 53
6 53
7 52
8 51
9 51
10 50
10 50
11 49
12 48
13 47
14 46
14 46
15 45
16 44
16 43
17 42
17 42
18 41
19 40
20 39
21 38
21 38
22 37
23 36
24 35
24 35
25 34
26 33
27 32
27 32
28 31
28 30
29 29
29 29
30 28
30 28
30 27
30 27
29 27
29 27
29 27
29 28
29 28
29 29
28 30
28 31
28 31
28 32
27 33
27 34
27 35
27 35
27 36
27 37
26 38
26 39
26 40
26 41
26 41
26 42
26 43
25 44
25 45
25 46
25 46
25 47
24 48
24 49
24 50
24 50
24 51
24 52
24 52
24 52
24 52
24 52
24 51
25 50
25 49
25 49
25 48
26 47
26 46
26 45
26 45
26 44
27 43
27 42
27 41
27 40
28 39
28 38
28 38
28 37
29 36
29 35
29 34
29 34
29 33
30 32
30 31
30 31
31 31
31 31
31 31
31 31
32 32
32 33
32 33
32 34
32 35
32 36
32 36
32 37
32 38
32 39
32 39
32 40
31 41
31 42
31 42
31 43
31 44
31 45
31 45
31 46
31 47
31 47
31 47
31 48
31 48
31 48
31 47
31 47
31 46
31 45
31 44
31 43
31 43
32 42
32 41
33 40
33 39
33 39
33 38
34 37
34 36
35 35
35 34
35 34
35 33
36 32
36 31
36 31
36 30
36 30
37 30
37 30
37 30
37 31
37 32
37 32
37 33
37 34
37 34
37 35
37 36
37 37
37 38
37 38
37 39
37 40
37 40
37 41
37 42
37 43
37 43
37 44
37 45
37 45
37 45
38 45
38 45
39 44
39 44
40 43
40 42
41 41
41 40
41 40
42 39
42 38
43 37
43 36
43 36
43 35
44 34
44 33
45 32
45 31
45 31
46 30
46 29
47 28
47 28
47 27
48 26
48 25
48 25
49 24
49 23
49 23
49 22
49 22
49 23
49 23
49 23
48 24
48 24
47 25
47 26
47 26
46 27
46 28
45 29
45 30
45 30
45 31
45 32
45 33
45 34
45 34
45 35
44 36
44 37
44 37
44 38
44 39
44 39
44 40
44 41
44 41
45 42
45 42
46 42
46 42
46 41
47 40
47 39
47 39
48 38
48 37
49 36
49 36
50 35
50 34
51 33
51 32
51 32
51 31
51 30
51 29
51 29
51 28
52 27
52 26
52 26
51 25
51 25
51 25
51 26
51 27
51 27
51 28
50 29
50 30
50 30
50 31
50 32
50 33
50 33
50 34
50 34
50 35
50 35
51 36
51 36
51 36
52 35
53 34
53 34
54 33
54 32
54 32
55 31
55 30
55 30
56 29
56 28
56 28
57 27
57 26
57 26
57 25
58 24
58 23
58 23
58 22
58 21
58 21
58 20
58 19
58 19
58 18
58 17
58 16
58 16
58 15
59 14
59 13
59 13
59 12
59 12
59 12
59 12
59 12
59 12
59 12
59 13
59 13
58 14
58 14
57 15
57 16
57 16
57 17
56 18
56 19
56 19
56 20
55 21
55 22
55 23
55 23
55 24
55 25
55 26
55 27
55 27
55 28
55 29
55 30
55 30
55 31
55 32
55 32
55 33
55 33
56 33
56 33
57 32
57 31
57 31
58 30
58 29
59 28
59 28
60 27
60 26
61 25
61 24
61 24
61 23
62 22
62 21
62 20
62 20
62 19
62 18
62 17
62 17
61 16
61 16
61 16
60 17
60 17
60 18
60 19
60 20
60 20
60 21
59 22
59 23
59 24
59 25
58 26
58 27
58 27
58 28
58 29
58 30
57 31
57 32
57 33
57 34
57 34
57 35
57 36
57 37
56 38
56 39
56 40
56 41
56 42
56 42
56 43
56 44
56 45
56 46
55 47
55 48
55 49
55 50
55 51
55 52
55 52
55 53
55 54
54 55
54 56
54 57
54 58
54 59
54 60
53 61
53 62
53 63
53 63
53 64
53 65
53 66
53 67
53 68
53 69
52 70
52 71
52 72
52 73
52 74
52 75
52 76
52 76
52 77
52 78
52 79
52 80
52 81
52 82
52 83
52 84
52 84
52 85
52 86
52 87
52 88
52 89
52 90
52 90
52 91
51 92
51 93
51 94
51 94
51 95
50 96
50 97
50 97
49 98
49 99
49 99
48 100
47 100
47 100
46 100
45 100
45 100
44 100
44 100
43 100
43 100
42 99
42 98
42 98
41 97
41 96
41 96
41 95
41 94
41 94
41 93
41 92
41 91
41 91
41 90
41 89
41 88
41 88
41 87
42 86
42 85
42 84
42 84
42 83
42 82
42 81
42 80
42 80
42 79
43 78
43 77
44 76
44 75
44 75
45 74
45 73
46 72
46 71
47 70
47 69
47 69
48 68
48 67
49 66
49 65
50 64
50 63
51 62
51 62
52 61
52 60
53 59
53 58
54 57
54 56
55 55
55 55
56 54
56 53
57 52
58 51
58 50
59 49
59 49
60 48
60 47
61 46
62 45
62 44
63 43
63 42
64 41
64 41
65 40
65 39
66 38
67 37
67 36
68 35
68 35
69 34
69 33
70 32
71 31
71 30
72 29
72 29
73 28
73 27
74 26
74 25
75 24
75 24
75 23
76 22
76 21
77 20
77 19
77 19
77 18
78 17
78 16
79 15
79 14
79 14
79 13
80 12
80 11
80 10
80 10
80 9
80 8
80 7
80 6
80 6
80 5
80 4
80 3
80 2
80 2
79 1
79 1
79 1
78 2
78 2
78 3
77 4
77 5
77 6
77 7
76 8
76 9
76 9
76 10
76 11
76 12
75 13
75 14
75 15
75 16
75 17
75 17
75 18
75 19
75 20
74 21
74 22
74 23
74 24
74 25
74 25
74 26
74 27
74 28
74 29
74 29
75 30
76 30
76 30
77 30
78 30
79 29
80 29
81 29
81 29
82 28
83 27
84 26
85 25
85 24
86 23
87 22
88 21
89 20
89 20
90 19
91 18
92 17
93 16
94 15
95 14
96 13
97 12
98 11
99 10
100 9
