7 12
7 13
6 14
6 15
6 16
6 16
5 16
4 16
4 16
3 15
3 14
3 14
4 13
4 12
4 12
5 12
5 12
6 11
6 10
7 9
7 9
8 8
9 8
10 7
10 7
11 6
11 5
12 4
12 4
13 3
14 3
15 2
15 2
16 1
17 1
17 1
18 0
19 0
19 0
19 1
19 1
20 2
20 2
20 3
20 3
19 4
19 5
19 5
19 6
18 7
18 8
18 8
18 9
17 10
17 11
17 12
17 12
17 13
16 14
16 15
16 16
15 17
15 18
15 18
15 19
14 20
14 21
14 22
14 23
13 24
13 25
13 25
13 26
12 27
12 28
11 29
11 30
10 31
10 32
10 32
10 33
9 34
9 35
8 36
8 37
8 38
7 39
7 40
7 40
7 41
6 42
6 43
6 44
5 45
5 46
5 47
4 48
4 49
4 49
4 50
3 51
3 52
3 53
2 54
2 55
2 55
1 56
1 57
0 58
0 58
0 59
0 60
0 61
0 61
0 61
0 61
1 61
1 61
2 60
3 59
3 59
4 58
5 57
6 56
6 56
7 55
8 54
9 53
9 53
10 52
11 51
12 50
13 49
13 49
14 48
15 47
16 46
16 46
17 45
18 45
19 44
19 44
20 43
21 42
21 42
22 41
22 41
23 40
23 40
24 40
24 40
24 40
24 41
24 41
24 42
24 42
24 43
24 44
24 45
24 45
24 46
23 47
23 48
23 48
23 49
22 50
22 51
22 51
22 52
21 53
21 54
21 55
21 55
21 56
20 57
20 58
20 58
20 59
19 60
19 61
19 61
18 62
18 62
18 63
18 63
18 63
18 63
18 63
19 62
19 61
19 61
19 60
20 59
20 58
20 57
20 57
21 56
21 55
22 54
22 53
22 53
22 52
23 51
23 50
23 50
24 49
24 48
25 47
25 46
25 46
26 45
26 44
27 43
27 43
28 42
28 41
28 41
29 40
29 40
30 40
30 40
30 40
31 41
31 41
31 42
30 43
30 44
30 44
30 45
30 46
30 47
30 47
30 48
30 49
29 50
29 51
29 52
29 52
29 53
28 54
28 55
28 56
28 56
28 57
27 58
27 59
27 60
27 60
27 61
27 62
27 62
26 63
26 64
26 64
26 64
26 64
27 64
27 64
27 63
28 62
28 61
28 61
28 60
29 59
29 58
29 58
30 57
30 56
31 55
31 54
31 54
32 53
32 52
33 51
33 51
34 50
34 49
35 48
35 47
35 47
36 46
36 45
36 45
37 44
37 44
37 43
37 43
37 43
37 44
37 44
37 45
37 46
37 46
37 47
37 48
37 49
37 49
36 50
36 51
36 51
36 52
36 53
36 54
36 54
36 55
36 56
36 57
36 57
36 58
36 59
36 59
36 59
36 60
36 60
37 60
37 60
37 60
38 60
38 60
38 59
38 59
39 59
39 59
39 59
39 59
40 58
40 58
40 58
41 58
41 58
42 57
42 57
43 56
43 56
44 55
44 55
45 54
45 53
45 53
46 52
46 51
46 51
47 50
47 49
48 48
48 48
49 47
50 46
50 46
51 45
51 44
51 44
52 43
53 42
53 42
54 41
54 40
54 40
55 39
56 38
56 38
56 37
56 37
57 37
57 37
57 37
57 37
57 37
56 38
56 38
55 39
55 39
54 40
54 41
54 41
53 42
52 43
52 43
52 44
51 45
51 46
51 46
50 47
49 48
49 48
48 49
48 50
47 51
47 51
47 52
47 53
47 54
47 54
47 55
47 55
47 56
47 57
47 57
48 58
49 58
49 58
50 58
50 58
51 57
52 57
52 57
52 56
53 55
53 54
53 54
53 53
54 52
54 51
54 51
55 50
55 49
56 48
56 47
56 47
57 46
57 45
57 45
57 44
57 43
57 43
57 42
57 42
56 41
56 41
56 42
56 42
55 43
55 44
55 44
55 45
55 46
55 46
54 47
54 48
54 48
54 49
53 50
53 51
53 51
53 52
53 53
53 53
53 54
53 55
53 55
54 56
54 56
55 57
55 57
56 57
57 57
57 57
58 57
59 57
59 57
60 56
61 55
61 55
62 54
62 53
63 52
63 52
64 51
64 50
65 49
65 49
66 48
66 47
67 46
67 46
68 45
68 44
68 44
69 43
69 43
70 42
70 42
70 41
70 41
70 41
70 40
70 40
70 40
70 40
70 40
70 40
69 41
69 42
69 42
68 43
68 43
67 44
67 45
67 45
67 46
66 47
66 48
66 48
65 49
65 50
65 50
65 51
64 52
64 53
64 53
63 54
63 55
63 55
63 56
63 57
63 57
63 57
64 58
64 58
65 58
65 58
66 57
66 57
67 56
68 55
68 55
68 54
69 53
69 52
69 52
70 51
70 50
71 49
71 49
71 48
72 47
72 46
72 46
72 45
73 44
73 43
73 43
73 42
73 42
73 41
73 40
73 40
73 40
73 41
73 41
73 42
73 42
72 43
72 43
72 44
71 45
71 46
71 46
71 47
71 48
71 48
70 49
70 50
69 51
69 51
69 52
69 53
69 53
69 54
68 55
68 56
68 57
68 57
68 58
68 59
68 60
68 61
68 62
68 62
68 63
68 64
69 65
69 66
69 67
69 68
69 68
69 69
69 70
69 71
69 72
69 73
69 74
69 74
69 75
69 76
69 77
69 78
69 79
69 79
69 80
69 81
68 82
68 83
68 84
68 84
68 85
67 86
67 87
67 88
67 88
67 89
66 90
66 91
65 92
65 93
65 93
64 94
64 95
63 96
63 96
62 97
62 98
61 99
61 99
60 100
59 100
59 100
58 100
58 100
58 99
58 99
58 98
58 98
58 97
58 96
58 95
58 95
58 94
59 93
59 92
59 92
60 91
60 90
61 89
61 88
61 88
61 87
62 86
62 85
63 84
63 83
63 83
64 82
64 81
65 80
65 79
65 79
66 78
66 77
67 76
67 75
67 75
68 74
69 73
70 72
70 72
71 71
72 70
73 69
73 69
74 68
74 67
75 66
75 65
75 65
76 64
77 63
78 62
78 62
79 61
79 60
80 59
80 59
81 58
81 57
82 56
82 56
82 55
83 54
83 53
83 53
84 52
84 51
84 51
84 50
84 49
84 48
84 48
84 47
84 46
84 46
84 45
84 45
84 44
84 44
83 44
83 44
82 45
82 45
81 46
81 47
81 47
80 48
79 49
79 49
78 50
78 51
78 51
78 52
77 53
77 54
77 54
77 55
77 56
77 57
77 57
77 58
78 59
78 60
78 60
79 61
80 62
81 63
81 63
82 64
83 65
83 65
84 65
85 65
86 65
87 65
87 65
88 64
89 64
90 63
90 63
91 62
92 61
93 61
94 60
95 59
95 59
96 58
97 57
98 56
99 55
100 54
