1 26
1 26
1 26
2 25
2 25
2 25
3 24
3 23
3 23
4 22
4 22
5 21
5 21
5 21
5 21
5 21
5 21
5 22
5 23
5 23
5 24
5 25
5 26
5 26
5 27
5 28
5 29
5 29
5 30
5 31
4 32
4 33
4 34
4 34
4 35
4 36
4 37
4 38
4 39
4 39
4 40
4 41
3 42
3 43
3 44
3 44
3 45
3 46
3 47
2 48
2 49
2 50
2 51
2 51
2 52
2 53
2 54
2 55
2 56
2 57
2 57
2 58
2 59
1 60
1 61
1 62
1 63
1 63
1 64
1 65
1 66
1 66
1 67
1 68
1 69
1 70
1 70
1 71
0 72
0 73
0 74
0 74
0 75
0 76
0 77
0 77
0 78
0 79
0 80
0 80
0 81
0 81
0 81
0 81
0 81
1 80
1 80
1 79
1 78
1 78
2 77
2 76
2 76
3 75
3 74
4 73
4 73
4 72
5 71
5 70
5 70
6 69
6 68
7 67
7 67
8 66
8 65
9 64
9 64
9 63
10 62
10 61
10 60
10 60
10 59
11 58
11 57
12 56
12 55
12 55
13 54
13 53
14 52
14 51
14 51
14 50
15 49
15 48
16 47
16 46
16 46
16 45
17 44
17 43
17 43
18 42
19 41
19 41
19 40
19 39
19 39
20 39
20 39
20 39
20 40
20 40
20 41
20 42
20 42
20 43
19 44
19 45
19 45
19 46
19 47
19 48
19 49
19 49
19 50
19 51
18 52
18 53
18 54
18 55
18 55
18 56
18 57
18 58
18 59
18 60
18 60
18 61
18 62
18 63
18 64
18 64
18 65
17 66
17 67
17 67
17 68
17 69
17 70
17 70
18 71
18 71
18 71
18 71
18 70
18 70
18 69
19 68
19 67
19 67
19 66
19 65
20 64
20 63
20 62
20 62
20 61
21 60
21 59
21 58
21 58
21 57
21 56
22 55
22 54
22 53
22 53
23 52
23 51
23 51
23 50
23 49
23 49
24 48
24 48
24 49
24 49
24 50
24 50
25 51
25 52
25 52
25 53
25 54
25 54
25 55
25 56
25 56
25 57
25 58
25 58
25 58
25 58
25 58
25 58
25 57
26 56
26 55
26 55
26 54
26 53
26 52
26 52
26 51
27 50
27 49
27 48
27 48
27 47
28 46
28 45
28 45
29 44
29 43
29 43
29 42
29 42
30 41
30 41
30 42
30 42
31 43
31 43
31 44
31 45
31 45
31 46
31 47
31 48
31 48
31 49
32 50
32 51
32 51
32 52
32 53
32 54
32 54
32 55
33 56
33 57
33 57
33 58
34 59
34 60
34 60
35 61
35 61
36 62
37 62
37 62
38 62
38 62
39 61
40 60
40 60
41 59
41 58
42 57
42 56
42 56
42 55
43 54
43 53
44 52
44 51
44 51
44 50
45 49
45 48
45 47
46 46
46 45
46 45
46 44
46 43
47 42
47 41
47 40
47 40
47 39
47 38
48 37
48 36
48 35
48 35
48 34
48 33
49 32
49 31
49 30
49 30
49 29
49 28
49 27
49 26
49 26
49 25
49 24
49 23
49 23
48 22
48 22
47 22
47 22
46 22
46 22
46 23
45 24
45 25
45 25
45 26
44 27
44 28
44 29
44 29
44 30
44 31
43 32
43 33
43 34
43 34
43 35
43 36
42 37
42 38
42 39
42 39
42 40
41 41
41 42
41 43
41 43
41 44
41 45
41 46
41 46
41 47
41 48
41 48
42 49
42 49
42 49
43 48
43 48
43 47
44 46
44 45
44 45
44 44
45 43
45 42
45 41
45 41
45 40
46 39
46 38
46 38
46 37
47 36
47 35
47 35
48 34
48 33
48 33
48 32
48 32
48 32
48 33
48 34
48 34
48 35
48 36
48 37
48 37
48 38
48 39
48 39
48 40
49 41
49 42
49 42
49 43
49 44
49 44
50 45
50 46
50 46
51 47
51 47
52 46
53 46
53 46
54 45
54 45
55 44
55 43
56 42
56 42
57 41
57 40
58 39
58 38
58 38
58 37
59 36
59 35
60 34
60 33
60 33
60 32
61 31
61 30
62 29
62 28
62 28
62 27
62 26
63 25
63 24
63 23
63 22
63 22
63 21
63 20
64 19
64 18
64 17
64 16
64 16
64 15
64 14
65 13
65 12
65 11
65 11
65 10
65 9
65 8
65 7
65 7
65 6
65 5
65 4
65 4
65 3
65 3
64 3
64 3
63 4
63 5
63 5
63 6
62 7
62 8
62 8
61 9
61 10
60 11
60 12
60 12
60 13
60 14
59 15
59 16
59 17
59 17
59 18
58 19
58 20
58 21
58 21
57 22
57 23
57 23
58 24
58 25
58 25
58 26
58 26
59 26
59 26
60 25
60 25
61 24
61 23
61 23
61 22
62 21
62 20
62 20
62 19
63 18
63 17
63 17
63 16
64 15
64 14
64 14
64 13
64 12
64 12
65 11
65 11
65 11
65 12
65 12
65 13
65 14
65 14
65 15
65 16
65 17
65 17
65 18
65 19
65 20
65 21
65 21
65 22
65 23
65 24
65 25
65 25
65 26
65 27
65 28
65 29
65 30
65 31
65 31
65 32
65 33
65 34
65 35
65 36
65 36
65 37
65 38
65 39
65 40
65 41
65 42
65 42
65 43
65 44
65 45
65 46
65 47
65 48
65 49
65 49
65 50
65 51
65 52
65 53
65 54
65 55
65 56
65 57
65 57
65 58
65 59
65 60
66 61
66 62
66 63
66 64
66 64
66 65
66 66
66 67
66 68
66 69
66 70
66 70
66 71
66 72
66 73
67 74
67 75
67 76
67 77
67 77
67 78
67 79
67 80
67 81
67 82
67 83
67 84
67 84
67 85
67 86
67 87
67 88
67 89
67 90
67 90
67 91
67 92
67 93
67 94
67 95
67 95
67 96
67 97
67 98
67 98
66 99
66 100
66 100
66 100
65 100
65 100
64 99
63 99
63 99
62 98
62 97
62 97
61 96
60 95
60 95
60 94
59 93
59 92
59 92
58 91
58 90
58 90
58 89
57 88
57 87
57 87
57 86
57 85
57 85
57 84
58 83
58 82
58 82
59 81
59 80
60 79
60 79
60 78
61 77
61 76
62 75
62 74
62 74
62 73
63 72
63 71
63 70
64 69
64 68
64 68
65 67
65 66
66 65
67 64
67 63
68 62
68 62
68 61
69 60
69 59
70 58
70 57
70 56
71 55
71 54
71 54
71 53
72 52
72 51
73 50
73 49
74 48
74 47
75 46
75 45
75 45
75 44
76 43
76 42
76 41
77 40
77 39
77 38
77 37
78 36
78 35
78 35
78 34
79 33
79 32
79 31
80 30
80 29
80 28
80 27
81 26
81 25
81 25
81 24
82 23
82 22
82 21
83 20
83 19
83 18
84 17
84 16
84 16
84 15
85 14
85 13
85 12
86 11
86 10
86 10
86 9
86 8
87 7
87 6
87 5
87 5
87 4
87 3
87 3
86 2
86 1
86 1
85 0
85 0
84 1
84 1
83 2
83 2
82 3
82 4
81 5
81 5
81 6
80 7
80 8
80 8
80 9
79 10
79 11
79 11
79 12
78 13
78 14
78 14
78 15
78 16
77 17
77 18
77 19
77 19
77 20
77 21
77 22
77 23
77 24
77 24
77 25
77 26
78 27
78 28
78 29
78 29
78 30
78 31
79 32
79 33
79 34
79 35
79 35
80 36
80 37
81 38
81 38
82 39
82 40
83 41
83 41
84 41
85 42
86 42
86 42
87 41
88 41
89 40
90 40
90 40
91 39
92 39
93 38
94 38
95 37
95 37
96 36
97 35
98 34
98 33
99 32
100 31
