3 6
2 7
2 8
2 8
1 8
1 8
0 8
0 8
0 8
0 8
0 8
0 8
0 8
0 8
0 8
0 8
0 8
0 8
0 8
0 8
0 8
0 8
0 8
0 8
0 8
0 8
0 8
0 8
0 8
0 8
0 8
0 8
0 8
0 8
0 8
0 8
0 8
0 8
0 8
0 8
0 8
0 8
0 8
0 8
0 8
0 8
0 8
0 8
0 8
0 8
0 8
0 8
0 8
0 8
0 8
0 8
0 7
0 7
0 7
0 7
0 7
1 6
1 6
2 5
3 5
3 5
4 5
4 5
5 4
6 4
6 4
7 3
7 3
8 2
8 2
9 2
10 2
10 2
11 1
11 1
11 1
12 0
12 0
12 0
12 0
12 0
12 1
12 1
12 2
12 3
11 4
11 5
11 6
11 6
11 7
11 8
11 9
10 10
10 11
10 12
10 13
10 13
10 14
9 15
9 16
9 17
8 18
8 19
8 19
8 20
8 21
8 22
7 23
7 24
7 25
7 26
7 26
7 27
6 28
6 29
6 30
5 31
5 32
5 32
5 33
5 34
5 35
4 36
4 37
4 38
4 39
4 39
4 40
4 41
3 42
3 43
3 44
3 44
3 45
3 46
3 47
3 48
3 48
3 49
3 50
3 51
3 51
2 52
2 53
2 53
2 54
2 54
3 54
3 54
3 54
3 54
4 53
4 53
5 52
5 52
6 52
7 51
8 51
8 51
9 50
10 49
10 49
11 48
12 47
13 47
14 46
14 46
15 45
16 44
17 43
17 43
18 42
19 41
19 40
20 39
20 39
21 38
22 37
22 36
23 35
23 35
24 34
25 33
25 33
25 32
26 31
26 30
26 30
27 29
27 29
27 28
27 28
27 28
27 28
27 28
26 29
26 29
26 30
25 31
25 32
25 32
25 33
25 34
25 35
24 36
24 37
24 38
24 39
24 39
24 40
23 41
23 42
23 43
22 44
22 45
22 45
22 46
22 47
22 48
21 49
21 50
21 51
21 52
21 52
21 53
21 54
21 55
21 55
21 56
21 57
21 57
21 57
21 57
21 57
22 56
22 55
23 54
23 53
23 53
23 52
23 51
23 50
24 49
24 48
24 47
24 46
24 46
24 45
25 44
25 43
25 42
25 41
26 40
26 39
26 39
26 38
26 37
26 36
27 35
27 34
27 33
27 32
27 31
27 31
28 30
28 29
29 28
29 27
29 27
29 26
29 26
30 26
30 26
31 27
31 27
31 28
31 29
31 29
31 30
31 31
31 32
31 33
31 34
31 35
31 35
31 36
31 37
31 38
31 39
31 40
31 40
31 41
31 42
31 43
31 44
31 45
31 46
31 46
31 47
31 48
31 49
31 50
31 50
31 51
30 52
30 53
30 53
30 54
30 54
30 54
30 54
30 54
30 53
31 52
31 51
31 50
31 50
31 49
31 48
32 47
32 46
32 45
32 44
32 44
32 43
33 42
33 41
33 40
33 39
34 38
34 37
34 37
34 36
34 35
34 34
35 33
35 32
35 31
35 30
35 30
35 29
36 28
36 27
36 27
37 26
37 26
37 26
37 27
37 28
37 28
37 29
38 30
38 31
38 31
38 32
38 33
38 34
38 35
38 36
38 36
38 37
38 38
37 39
37 40
37 41
37 41
37 42
37 43
37 44
37 45
37 45
37 46
37 47
37 48
37 48
37 49
37 50
37 50
37 50
37 50
38 49
38 49
39 48
39 47
39 47
39 46
40 45
40 44
41 43
41 42
41 42
41 41
42 40
42 39
43 38
43 37
43 37
44 36
44 35
45 34
45 33
46 32
46 31
46 31
47 30
47 29
48 28
48 27
48 27
48 26
49 25
49 24
49 24
50 23
51 22
51 22
51 21
51 21
51 21
51 21
51 21
51 21
51 21
50 21
50 21
50 22
50 22
49 23
49 24
49 24
49 25
48 26
48 27
48 27
48 28
48 29
47 30
47 31
47 32
47 33
47 33
47 34
47 35
46 36
46 37
46 38
46 39
46 39
46 40
46 41
46 42
46 43
46 43
46 44
46 45
46 46
46 46
47 47
47 48
47 48
47 49
47 49
48 48
48 48
49 47
49 46
50 45
50 45
50 44
51 43
51 42
51 42
51 41
51 40
52 39
52 38
52 37
52 37
52 36
53 35
53 34
53 33
53 33
53 32
53 31
53 30
53 30
53 29
53 28
53 27
53 26
53 26
53 26
53 26
53 26
52 27
52 28
52 28
52 29
51 30
51 31
51 32
51 32
51 33
51 34
51 35
51 36
51 36
51 37
51 38
51 39
51 39
52 40
52 41
52 41
52 42
52 42
53 42
54 42
54 42
55 41
55 41
56 40
56 39
57 38
57 38
58 37
58 36
59 35
59 34
59 34
60 33
60 32
61 31
61 30
61 30
61 29
62 28
62 27
63 26
63 25
63 25
64 24
64 23
65 22
65 21
66 20
66 19
66 19
66 18
66 17
67 16
67 15
67 14
67 14
68 13
68 12
68 12
67 11
67 11
66 11
66 11
65 12
65 13
65 13
64 14
64 15
63 16
63 16
63 17
63 18
62 19
62 20
62 21
62 21
62 22
61 23
61 24
61 25
61 25
60 26
60 27
60 27
61 28
61 28
61 29
61 29
62 29
62 29
63 28
63 28
64 27
64 26
64 26
65 25
65 24
66 23
66 23
66 22
67 21
67 20
67 20
67 19
67 18
67 18
67 17
67 16
67 16
67 16
66 16
66 16
66 17
66 18
66 19
66 20
66 20
66 21
66 22
65 23
65 24
65 25
65 26
65 26
65 27
65 28
65 29
65 30
64 31
64 32
64 33
64 34
64 35
64 35
64 36
64 37
64 38
64 39
64 40
63 41
63 42
63 43
63 44
63 45
63 46
63 47
63 47
63 48
63 49
63 50
63 51
63 52
63 53
62 54
62 55
62 56
62 57
62 58
62 59
62 60
62 60
62 61
62 62
62 63
62 64
62 65
62 66
62 67
61 68
61 69
61 70
61 71
61 72
61 73
61 74
61 75
61 75
61 76
61 77
61 78
61 79
61 80
60 81
60 82
60 83
60 84
60 85
60 86
60 87
60 87
60 88
60 89
60 90
60 91
60 92
60 93
60 94
60 95
60 96
60 96
60 97
60 98
60 99
60 99
60 100
60 100
60 100
59 99
59 99
58 98
58 97
58 97
58 96
58 95
57 94
57 93
57 92
57 92
57 91
57 90
56 89
56 88
56 87
56 86
56 86
56 85
56 84
56 83
56 82
56 81
56 80
56 80
56 79
56 78
56 77
56 76
56 75
56 74
56 73
56 73
56 72
56 71
57 70
57 69
57 68
57 67
57 67
57 66
58 65
58 64
58 63
58 63
59 62
59 61
60 60
60 60
60 59
61 58
61 57
62 56
62 55
62 55
63 54
64 53
64 52
65 51
66 50
66 50
67 49
68 48
68 47
69 46
70 45
70 45
71 44
71 43
72 42
73 41
73 40
74 39
74 39
75 38
75 37
76 36
76 35
77 34
77 33
78 32
78 32
78 31
79 30
79 29
79 28
79 27
80 26
80 25
80 25
80 24
81 23
81 22
82 21
82 20
83 19
83 18
83 18
83 17
83 16
83 15
84 14
84 13
84 12
84 11
84 11
84 10
84 9
84 8
84 7
84 6
84 5
84 4
84 4
83 3
83 3
83 4
83 5
83 6
83 6
83 7
82 8
82 9
81 10
81 11
81 11
81 12
81 13
80 14
80 15
80 16
80 17
79 18
79 19
79 20
79 20
79 21
79 22
78 23
78 24
78 25
78 26
77 27
77 28
77 29
77 29
77 30
77 31
76 32
76 33
76 34
76 35
76 36
75 37
75 38
75 39
75 39
75 40
75 41
75 42
75 43
75 44
75 44
75 45
75 46
75 47
75 47
76 48
77 48
77 48
78 47
79 47
79 47
80 46
81 45
82 45
83 44
84 43
84 43
85 42
86 41
87 40
88 40
89 39
90 38
91 37
91 37
92 36
93 35
94 35
95 34
96 33
97 32
98 32
99 31
100 30
