4 8
4 8
3 8
2 8
2 8
2 8
3 8
3 8
4 7
4 7
5 6
6 6
7 5
7 5
8 4
9 4
9 4
10 3
11 3
11 3
12 2
13 2
13 2
14 1
14 1
15 0
15 0
16 0
16 0
16 0
16 1
16 1
16 2
16 3
16 4
16 4
16 5
16 6
16 7
16 8
16 9
16 9
16 10
16 11
15 12
15 13
15 14
15 15
14 16
14 17
14 18
14 18
14 19
14 20
14 21
13 22
13 23
13 24
13 25
13 26
13 26
13 27
12 28
12 29
12 30
11 31
11 32
11 32
11 33
10 34
10 35
9 36
9 37
8 38
8 39
8 39
8 40
7 41
7 42
6 43
6 44
5 45
5 46
5 46
4 47
4 48
3 49
3 50
2 51
2 51
1 52
1 53
0 54
0 54
0 55
0 56
0 56
0 56
0 55
0 55
0 55
1 54
2 54
3 53
3 53
4 52
5 52
6 51
7 51
7 51
8 50
9 49
10 49
11 48
11 48
12 47
13 46
14 45
15 44
15 44
16 43
17 42
18 41
19 40
19 40
20 39
21 38
22 37
23 36
23 36
24 35
25 34
25 33
26 32
26 32
27 31
27 30
28 29
28 29
29 28
29 27
30 26
30 25
30 25
30 24
30 24
30 24
29 24
29 24
29 24
29 25
28 26
28 27
28 27
28 28
28 29
27 30
27 31
27 32
27 32
27 33
27 34
26 35
26 36
26 37
26 38
26 38
26 39
26 40
26 41
26 42
26 43
26 44
26 45
26 45
26 46
26 47
26 48
25 49
25 50
25 51
25 52
25 52
25 53
25 54
25 55
25 55
25 55
25 55
26 54
26 53
26 53
26 52
27 51
27 50
28 49
28 48
28 48
28 47
29 46
29 45
29 44
29 43
30 42
30 41
30 40
30 40
30 39
31 38
31 37
31 36
31 35
32 34
32 33
32 32
32 32
32 31
32 30
33 29
33 28
33 27
33 27
33 26
33 25
33 24
33 24
33 24
33 25
33 25
33 25
33 26
34 27
34 28
34 28
34 29
34 30
34 31
34 32
34 32
34 33
34 34
34 35
34 36
34 36
34 37
34 38
35 39
35 40
35 41
35 41
35 42
35 43
35 44
35 45
35 45
35 46
35 47
35 47
35 48
35 48
35 49
35 49
35 50
35 50
35 49
35 49
35 49
35 48
36 47
36 46
37 45
37 44
37 44
37 43
38 42
38 41
38 40
38 39
39 38
39 37
39 37
39 36
40 35
40 34
40 33
41 32
41 31
41 31
42 30
42 29
43 28
43 28
44 27
44 26
44 26
44 26
44 27
44 27
44 28
44 28
44 29
45 30
45 31
45 31
45 32
45 33
45 34
45 34
45 35
45 36
45 36
46 37
46 38
46 38
47 39
47 39
48 38
48 38
49 37
50 36
51 35
51 35
52 34
53 33
54 32
54 32
55 31
56 30
56 29
57 28
57 28
57 27
58 26
58 25
59 24
59 23
59 23
59 22
60 21
60 20
60 20
61 19
61 19
60 18
60 18
60 18
59 19
59 19
59 20
58 21
58 22
58 22
58 23
57 24
57 25
56 26
56 27
56 27
56 28
55 29
55 30
55 31
55 31
55 32
55 33
55 34
55 34
55 35
55 36
55 36
56 37
56 37
56 37
57 36
58 36
58 36
59 35
59 34
60 33
60 33
60 32
61 31
61 30
62 29
62 28
62 28
63 27
63 26
64 25
64 24
65 23
65 22
65 22
65 21
66 20
66 19
66 19
66 18
66 17
66 17
66 17
66 18
66 18
65 19
65 19
65 20
64 21
64 22
64 22
64 23
64 24
64 24
65 25
65 26
65 26
65 27
65 27
66 27
66 27
66 27
67 26
67 26
68 25
69 24
69 24
69 23
69 22
69 22
70 21
70 20
70 20
70 19
70 18
70 18
70 17
70 16
70 16
70 15
70 15
70 15
70 14
70 14
70 14
69 13
69 13
69 13
69 12
69 12
69 12
68 12
68 12
68 12
67 13
67 13
66 14
66 15
65 16
65 16
65 17
65 18
64 19
64 20
64 21
64 21
64 22
63 23
63 24
63 25
63 25
63 26
63 27
63 28
63 29
63 29
63 30
63 31
63 32
63 32
63 33
63 33
64 32
64 32
65 33
65 33
66 32
66 32
67 31
67 31
68 30
68 29
68 29
69 28
69 28
69 27
69 26
69 26
69 25
69 25
69 25
69 25
69 25
69 26
69 27
69 28
69 29
69 30
69 30
69 31
69 32
69 33
68 34
68 35
68 36
68 37
68 37
68 38
68 39
68 40
68 41
67 42
67 43
67 44
67 45
67 46
67 47
67 47
67 48
67 49
67 50
67 51
67 52
66 53
66 54
66 55
66 56
66 57
66 58
66 58
66 59
66 60
66 61
66 62
66 63
65 64
65 65
65 66
65 67
65 68
65 69
65 69
65 70
65 71
64 72
64 73
64 74
64 75
64 76
64 77
63 78
63 79
63 80
63 80
63 81
63 82
63 83
63 84
62 85
62 86
62 87
62 88
62 89
62 89
62 90
61 91
61 92
61 93
61 94
60 95
60 96
60 96
59 97
59 98
59 98
58 99
57 100
57 100
56 100
56 100
55 100
54 100
54 100
53 100
53 100
52 99
52 98
52 98
51 97
51 96
51 96
51 95
50 94
50 93
50 93
50 92
50 91
50 90
50 90
51 89
51 88
52 87
52 86
52 86
53 85
53 84
54 83
54 82
55 81
55 80
55 80
55 79
56 78
56 77
57 76
57 75
58 74
58 73
58 73
59 72
59 71
60 70
60 69
61 68
61 67
62 66
62 65
62 65
63 64
63 63
64 62
65 61
65 60
66 59
66 58
67 57
67 57
68 56
68 55
69 54
70 53
70 52
71 51
71 50
72 49
72 49
72 48
73 47
73 46
74 45
74 44
74 43
75 42
75 41
75 41
76 40
76 39
77 38
78 37
78 36
79 35
79 35
80 34
80 33
81 32
81 31
82 30
82 29
83 28
83 28
84 27
84 26
85 25
85 24
86 23
86 22
86 22
87 21
87 20
88 19
88 18
88 18
88 17
89 16
89 15
89 14
89 14
89 13
89 12
89 12
89 11
89 10
89 10
89 9
89 9
88 8
88 8
87 7
87 7
87 6
87 6
86 6
86 6
85 7
85 7
85 8
84 9
84 10
84 11
84 11
84 12
84 13
84 14
84 15
84 16
84 16
84 17
84 18
84 19
83 20
83 21
83 22
83 23
83 23
83 24
83 25
82 26
82 27
82 28
82 28
82 29
83 30
83 31
83 31
84 32
84 33
84 33
85 33
86 33
86 33
87 33
88 32
89 32
89 32
90 31
91 31
92 30
93 30
93 30
94 29
95 28
96 27
96 27
97 26
98 25
98 25
99 24
99 23
99 23
100 23
100 23
100 23
100 23
100 23
100 23
99 23
