0 12
1 13
1 14
1 14
0 14
0 14
0 14
0 14
0 14
0 14
1 14
1 14
2 14
2 14
3 14
4 13
5 13
5 13
6 12
7 11
8 10
8 10
9 9
10 9
11 8
11 8
12 7
13 6
14 5
14 5
15 4
16 4
16 4
17 4
17 4
18 4
18 4
18 5
18 5
18 6
18 7
18 8
18 8
18 9
17 10
17 11
17 11
17 12
17 13
17 14
17 15
17 15
17 16
17 17
16 18
16 19
16 20
16 21
16 21
16 22
16 23
16 24
15 25
15 26
15 27
15 28
15 28
15 29
15 30
15 31
14 32
14 33
14 34
14 35
14 36
14 36
14 37
14 38
14 39
14 40
14 41
14 42
14 43
14 44
14 45
14 45
14 46
14 47
14 48
13 49
13 50
13 51
13 52
13 52
13 53
13 54
13 55
13 56
13 57
13 57
13 58
13 59
13 60
13 61
13 61
13 62
13 63
13 63
13 64
13 65
13 65
14 66
14 66
14 66
14 65
14 65
15 64
15 63
15 63
15 62
16 61
16 60
16 59
16 59
16 58
16 57
17 56
17 55
17 54
17 54
17 53
18 52
18 51
18 50
19 49
19 48
19 48
19 47
19 46
20 45
20 44
20 43
20 43
20 42
21 41
21 40
22 39
22 38
22 38
23 37
23 36
24 35
24 34
25 33
25 32
26 31
26 30
27 29
27 28
28 27
28 26
28 26
28 26
28 27
28 27
28 27
28 26
28 25
28 25
28 26
28 26
28 27
28 28
28 29
28 30
28 30
28 31
27 32
27 33
27 34
27 34
27 35
27 36
27 37
27 38
27 38
27 39
27 40
27 41
27 42
27 43
27 43
27 44
27 45
27 46
27 46
28 47
28 48
28 48
28 49
28 50
28 50
28 50
28 50
28 49
28 49
28 48
29 47
29 46
29 46
29 45
29 44
29 43
29 42
29 42
29 41
29 40
30 39
30 38
30 37
30 37
30 36
30 35
31 34
31 33
31 32
31 32
31 31
31 30
31 29
31 28
31 27
31 27
31 26
32 25
32 24
32 23
32 23
33 22
33 21
33 21
33 21
33 22
33 22
33 23
33 24
33 25
33 25
33 26
33 27
34 28
34 29
34 30
34 31
34 31
34 32
34 33
34 34
34 35
34 36
34 36
34 37
34 38
34 39
34 40
34 40
34 41
35 42
35 43
35 43
35 44
35 45
35 46
35 46
35 47
35 47
35 47
35 47
36 46
36 45
36 45
36 44
36 43
36 42
36 41
36 41
36 40
37 39
37 38
37 37
37 37
37 36
37 35
37 34
37 33
37 32
37 31
37 31
37 30
37 29
38 28
38 27
38 26
38 25
38 25
38 24
38 23
39 22
39 21
39 20
39 20
40 19
40 18
40 18
40 17
40 17
40 17
41 18
41 19
41 19
41 20
41 21
41 22
41 22
41 23
42 24
42 25
42 26
42 26
42 27
43 28
43 29
43 30
43 30
43 31
43 32
43 33
43 34
43 34
43 35
43 36
43 36
44 37
44 38
44 38
44 38
44 38
44 38
45 37
45 37
45 36
45 35
45 34
45 33
45 33
45 32
46 31
46 30
46 29
46 29
46 28
47 27
47 26
47 25
47 25
47 24
48 23
48 22
48 21
48 21
49 20
49 19
50 18
50 18
51 17
51 17
52 16
52 16
53 16
53 16
54 16
54 16
54 17
54 17
54 17
54 17
54 17
53 17
53 17
53 17
52 17
52 17
51 17
51 17
50 17
50 17
50 18
50 19
50 19
50 20
49 21
49 22
49 22
49 23
49 24
48 25
48 26
48 27
48 27
48 28
48 29
47 30
47 31
47 32
47 32
47 33
47 34
47 35
47 36
47 37
47 38
47 38
47 39
46 40
46 41
46 42
46 42
46 43
47 44
47 45
47 45
47 46
47 47
47 47
47 47
48 47
48 47
49 46
49 46
49 45
50 44
50 43
50 42
50 42
50 41
51 40
51 39
51 38
51 38
51 37
51 36
51 35
51 34
51 34
51 33
51 32
52 31
52 30
52 29
52 28
52 28
52 27
52 26
53 25
53 24
53 23
53 23
53 22
53 21
53 20
53 19
53 19
53 18
54 17
54 16
54 16
54 15
54 15
54 15
54 16
54 16
54 17
54 18
54 18
54 19
54 20
54 21
54 21
54 22
54 23
54 24
54 25
54 26
54 26
54 27
54 28
54 29
53 30
53 31
53 32
53 33
53 33
53 34
53 35
53 36
53 37
53 38
53 38
53 39
54 40
54 41
54 42
54 42
54 43
54 44
54 45
54 45
55 46
55 46
55 47
55 47
56 46
56 46
56 45
56 45
56 44
57 43
57 42
57 42
57 41
58 40
58 39
58 38
58 38
58 37
59 36
59 35
59 34
59 34
59 33
59 32
60 31
60 30
60 29
60 28
60 28
60 27
60 26
60 25
61 24
61 23
61 22
61 21
61 21
61 20
62 19
62 18
63 17
63 16
63 16
64 15
64 14
65 13
65 12
65 12
65 11
66 10
66 9
66 9
67 8
68 8
68 8
69 7
69 7
69 7
70 8
70 8
70 8
70 8
70 8
69 8
69 8
69 8
68 7
68 7
68 7
67 8
67 8
66 9
66 9
65 10
65 11
65 11
65 12
64 13
64 14
64 14
64 15
63 16
63 17
63 18
63 18
63 19
63 20
62 21
62 22
62 23
62 23
62 24
61 25
61 26
61 27
61 27
61 28
61 29
60 30
60 31
60 32
60 32
60 33
60 34
60 34
60 35
60 36
60 37
60 37
60 37
60 37
61 37
61 37
62 36
62 35
62 35
62 34
63 33
63 32
63 32
63 31
64 30
64 29
64 28
64 28
64 27
64 26
65 25
65 24
65 23
65 23
65 22
65 21
66 20
66 19
66 18
66 18
66 17
67 16
67 15
68 14
68 13
68 13
68 12
69 11
69 10
69 9
69 9
70 8
70 7
70 7
70 6
70 6
70 6
69 7
69 7
69 7
68 8
68 8
68 9
68 10
68 10
68 11
68 12
68 13
68 13
68 14
68 15
68 15
68 16
68 17
68 18
68 19
68 19
68 20
68 21
68 22
68 23
68 23
68 24
68 25
68 26
68 27
68 28
68 29
68 29
68 30
68 31
68 32
68 33
68 34
68 35
68 36
68 37
68 37
68 38
68 39
68 40
67 41
67 42
67 43
67 44
67 45
67 45
67 46
67 47
67 48
67 49
67 50
67 51
67 52
67 53
67 54
67 54
67 55
67 56
67 57
67 58
67 59
67 60
67 61
67 62
67 62
67 63
67 64
67 65
67 66
67 67
67 68
67 69
67 70
67 70
67 71
67 72
67 73
67 74
67 75
67 76
67 77
67 78
67 78
67 79
67 80
68 81
68 82
68 83
68 84
68 84
68 85
68 86
68 87
68 88
68 89
68 89
68 90
68 91
67 92
67 93
67 94
67 94
67 95
67 96
67 97
67 97
67 98
67 99
67 99
66 100
66 100
66 100
65 100
65 100
65 99
65 99
64 98
64 97
64 97
64 96
64 95
64 95
64 94
64 93
64 92
64 91
64 91
64 90
64 89
64 88
64 87
64 86
64 85
64 85
64 84
64 83
65 82
65 81
65 80
65 79
65 79
65 78
65 77
66 76
66 75
66 74
66 73
67 72
67 71
67 70
67 70
67 69
67 68
68 67
68 66
68 65
68 64
68 63
68 62
69 61
69 60
69 59
69 58
69 58
69 57
69 56
70 55
70 54
70 53
70 52
71 51
71 50
71 49
71 48
72 47
72 46
72 45
72 45
72 44
73 43
73 42
74 41
74 40
74 39
75 38
75 37
76 36
76 35
76 35
77 34
77 33
78 32
78 31
79 30
79 29
80 28
80 27
80 27
80 26
81 25
81 24
81 23
82 22
82 21
82 21
83 20
84 19
84 18
85 17
85 17
85 16
86 15
86 14
86 14
87 13
87 12
87 12
88 11
88 10
88 10
89 9
89 8
89 8
90 7
90 6
90 6
90 5
90 4
90 4
90 3
90 3
90 2
90 2
89 1
89 1
89 0
89 0
88 1
87 1
87 1
86 2
86 3
86 3
86 4
85 5
85 6
85 6
85 7
85 8
84 9
84 10
84 11
84 11
84 12
83 13
83 14
82 15
82 16
82 16
82 17
82 18
82 19
82 20
82 21
82 22
82 22
82 23
82 24
81 25
81 26
81 27
81 27
81 28
82 29
82 30
82 31
82 31
82 32
83 33
83 34
83 34
84 35
85 35
85 35
86 35
87 35
88 35
88 35
89 34
90 33
91 33
92 32
92 32
93 31
94 30
95 30
96 29
96 29
97 28
98 27
99 26
100 25
