2 11
1 12
1 12
0 12
0 12
0 12
0 12
0 12
0 12
0 12
0 12
0 12
0 12
0 12
0 11
0 11
0 11
0 11
0 11
1 11
1 11
2 11
3 11
3 11
4 10
4 9
4 9
5 8
6 8
6 8
7 7
7 6
7 6
8 5
8 4
8 4
9 3
10 3
10 3
11 2
11 2
12 1
12 1
12 1
13 1
13 1
13 1
14 1
14 1
14 1
14 1
14 1
14 2
14 2
14 3
13 4
13 5
13 6
13 6
13 7
12 8
12 9
12 10
12 11
11 12
11 13
11 13
11 14
10 15
10 16
10 17
9 18
9 19
9 20
8 21
8 22
8 22
8 23
7 24
7 25
7 26
7 27
6 28
6 29
6 30
6 30
6 31
5 32
5 33
5 34
5 35
4 36
4 37
4 38
4 38
4 39
3 40
3 41
3 42
3 43
2 44
2 45
2 45
2 46
1 47
1 48
0 49
0 50
0 50
0 51
0 52
0 53
0 53
0 54
0 54
0 54
0 54
0 54
1 53
1 53
2 53
3 52
4 52
4 52
5 51
6 50
6 49
7 48
7 48
8 47
8 46
9 45
9 44
10 43
10 43
11 42
12 41
12 40
13 39
13 39
13 38
14 37
14 36
15 35
15 34
15 34
16 33
17 32
17 31
18 30
18 30
19 29
20 28
20 27
21 26
21 26
22 25
22 24
23 23
23 23
24 22
24 22
24 21
24 21
24 22
24 22
24 22
24 23
24 24
23 25
23 26
23 27
23 27
23 28
23 29
23 30
22 31
22 32
22 33
22 34
22 34
22 35
22 36
22 37
21 38
21 39
21 40
21 41
21 41
21 42
21 43
20 44
20 45
20 46
20 47
20 47
20 48
20 49
19 50
19 51
19 52
19 52
19 53
19 54
19 54
19 55
19 55
19 55
19 55
19 54
19 53
19 53
19 52
19 51
20 50
20 49
20 48
20 48
20 47
21 46
21 45
21 44
21 43
22 42
22 41
22 41
22 40
23 39
23 38
23 37
23 36
24 35
24 34
24 34
24 33
24 32
24 31
25 30
25 29
25 28
25 27
25 27
26 26
26 25
26 25
26 25
27 26
27 26
27 27
27 28
27 29
27 30
27 30
27 31
27 32
27 33
27 34
27 34
27 35
27 36
27 37
27 38
27 39
27 39
27 40
27 41
27 42
27 43
27 43
27 44
27 45
27 46
27 46
27 47
27 47
26 48
26 48
26 48
26 48
26 47
26 47
26 46
27 45
27 44
27 43
27 43
27 42
27 41
27 40
28 39
28 38
28 37
28 36
28 36
28 35
28 34
28 33
29 32
29 31
29 30
29 29
29 29
29 28
30 27
30 26
30 26
31 25
31 24
31 24
31 24
31 24
31 24
32 25
32 26
32 26
32 27
32 28
32 29
32 29
32 30
32 31
32 32
32 33
32 34
32 35
32 35
32 36
32 37
32 38
32 39
32 40
32 40
32 41
32 42
32 43
32 44
32 44
32 45
32 46
32 47
32 47
32 48
32 48
33 48
33 48
34 47
35 46
35 46
36 45
36 44
37 43
37 42
38 41
38 40
38 40
38 39
39 38
39 37
39 36
39 35
40 34
40 33
40 33
40 32
41 31
41 30
42 29
42 28
43 27
43 26
43 26
43 25
44 24
44 23
45 22
45 21
45 21
45 20
46 19
46 18
46 18
46 18
46 18
46 18
45 18
45 18
45 19
45 20
45 21
45 21
44 22
44 23
43 24
43 25
43 25
43 26
43 27
42 28
42 29
42 30
42 30
42 31
41 32
41 33
40 34
40 35
40 35
40 36
40 37
40 38
40 39
40 40
40 40
40 41
40 42
40 43
40 43
40 44
40 44
41 44
41 44
42 43
42 43
43 42
43 41
44 40
44 39
44 39
44 38
45 37
45 36
46 35
46 34
47 33
47 32
47 32
47 31
47 30
47 29
48 28
48 27
48 26
48 25
48 25
49 24
49 23
50 22
50 21
50 21
50 20
50 19
50 18
50 18
50 18
50 18
50 19
49 20
49 21
49 21
49 22
49 23
49 24
49 25
49 26
49 26
49 27
48 28
48 29
48 29
48 30
49 31
49 32
49 32
49 33
49 33
50 34
50 34
51 33
51 33
52 32
52 31
53 30
53 30
54 29
54 28
54 28
55 27
55 26
55 26
55 25
56 24
56 23
56 23
56 22
57 21
57 20
57 19
57 19
57 18
57 17
58 16
58 15
58 14
58 14
58 13
58 12
59 11
59 10
59 9
59 9
59 8
59 7
60 6
60 5
60 4
60 4
60 3
61 2
61 1
61 1
61 0
61 0
61 0
61 1
61 1
60 1
60 1
59 2
59 3
59 3
59 4
58 5
58 6
58 7
58 7
58 8
57 9
57 10
57 11
57 11
57 12
56 13
56 14
56 14
56 15
56 16
56 17
56 18
56 18
56 19
56 20
56 21
56 22
56 22
56 23
57 24
57 25
57 26
57 26
57 27
58 28
58 29
58 29
59 30
59 30
60 29
61 28
61 28
62 27
62 26
63 25
63 25
63 24
64 23
64 22
64 21
64 21
64 20
65 19
65 18
65 17
65 17
65 16
65 15
65 14
65 13
65 13
65 12
65 11
65 10
65 9
65 9
64 8
64 7
64 7
63 6
63 6
62 7
62 8
62 8
62 9
61 10
61 11
61 12
61 12
61 13
60 14
60 15
59 16
59 17
59 17
59 18
59 19
59 20
58 21
58 22
58 23
58 24
58 25
58 25
58 26
58 27
58 28
58 29
58 30
58 31
58 32
58 33
58 34
58 34
58 35
58 36
58 37
58 38
57 39
57 40
57 41
57 42
57 43
57 44
57 44
57 45
57 46
57 47
57 48
57 49
57 50
57 51
57 52
57 53
57 54
57 54
57 55
57 56
57 57
57 58
57 59
57 60
56 61
56 62
56 63
56 64
56 65
56 66
56 67
56 67
56 68
56 69
56 70
56 71
56 72
56 73
56 74
56 75
56 76
56 77
56 78
56 79
56 80
56 80
56 81
56 82
56 83
56 84
56 85
56 86
56 87
56 88
56 89
56 89
56 90
56 91
56 92
56 93
56 94
56 95
56 95
56 96
56 97
56 98
56 98
55 99
55 99
54 100
54 100
53 100
52 100
52 100
51 99
50 99
50 99
49 98
49 97
49 97
49 96
48 95
48 94
48 94
48 93
47 92
47 91
47 90
47 90
47 89
47 88
47 88
47 87
48 86
48 85
48 84
48 84
48 83
48 82
49 81
49 80
49 79
49 79
49 78
50 77
50 76
50 75
50 74
51 73
51 72
51 72
52 71
52 70
53 69
53 68
54 67
54 66
55 65
55 64
55 64
56 63
56 62
57 61
57 60
58 59
58 58
59 57
59 56
59 56
60 55
60 54
61 53
61 52
62 51
62 50
63 49
63 48
64 47
64 46
64 46
64 45
65 44
65 43
66 42
66 41
67 40
67 39
68 38
68 37
69 36
69 35
69 35
69 34
70 33
70 32
71 31
71 30
72 29
72 28
72 27
73 26
73 25
74 24
74 23
74 23
74 22
75 21
75 20
75 19
76 18
76 17
76 16
77 15
77 14
77 14
77 13
78 12
78 11
78 10
79 9
79 8
79 8
79 7
79 6
80 5
80 4
80 3
80 3
80 2
80 2
79 2
79 2
79 3
79 3
78 4
78 4
78 5
77 6
77 7
77 7
77 8
77 9
76 10
76 11
76 12
76 12
76 13
76 14
76 15
76 16
76 16
76 17
76 18
76 19
76 19
76 20
76 21
76 22
76 22
77 23
78 23
79 24
79 24
80 24
81 23
82 23
83 23
83 23
84 22
85 22
86 21
87 20
88 20
89 19
90 19
91 18
91 18
92 17
93 16
94 16
95 15
96 14
97 13
98 13
99 12
100 11
