6 8
6 9
5 10
5 11
5 12
5 12
4 12
3 12
3 12
3 11
3 11
3 11
3 11
4 11
4 11
5 11
5 11
6 10
6 10
7 9
8 8
8 8
9 7
10 7
10 7
11 6
12 5
12 5
13 4
13 4
14 3
14 3
15 3
15 3
15 4
15 4
15 4
15 5
15 6
15 7
15 7
15 8
14 9
14 10
14 11
14 11
14 12
14 13
13 14
13 15
13 16
13 17
13 18
12 19
12 20
12 21
12 21
12 22
11 23
11 24
10 25
10 26
9 27
9 28
9 28
9 29
8 30
8 31
7 32
7 33
6 34
6 35
6 35
6 36
5 37
5 38
4 39
4 40
3 41
3 42
3 42
3 43
2 44
2 45
2 46
2 47
1 48
1 49
1 49
1 50
1 51
0 52
0 53
0 54
0 54
0 55
0 56
0 56
0 57
0 57
0 57
0 57
1 56
1 55
2 54
2 54
3 53
3 52
4 51
4 51
5 50
5 49
6 48
6 48
7 47
8 46
9 45
9 45
10 44
11 43
12 42
12 42
13 41
14 40
15 39
15 39
16 38
17 37
18 36
18 36
19 35
20 34
21 33
21 33
22 32
23 31
23 30
24 29
24 29
25 28
25 27
26 26
26 25
26 25
26 24
27 23
27 22
27 22
27 21
27 21
27 22
27 22
27 22
27 22
27 23
26 24
26 25
26 26
26 26
26 27
26 28
25 29
25 30
25 31
25 32
25 32
25 33
25 34
24 35
24 36
24 37
24 37
24 38
23 39
23 40
23 41
23 41
23 42
23 43
23 44
23 44
23 44
23 44
23 44
24 43
24 43
24 42
25 41
25 40
25 39
25 39
25 38
26 37
26 36
26 35
27 34
27 33
27 33
27 32
28 31
28 30
28 29
29 28
29 27
29 27
29 26
30 25
30 24
30 24
31 23
31 23
31 23
31 24
31 24
32 25
32 25
32 26
32 27
32 28
32 28
32 29
31 30
31 31
31 31
31 32
31 33
31 34
31 34
31 35
31 36
31 37
31 37
31 38
31 39
31 39
31 40
31 40
31 40
31 40
31 39
31 39
31 39
31 38
31 37
32 36
32 35
32 34
32 34
32 33
33 32
33 31
34 30
34 29
34 29
34 28
35 27
35 26
35 25
36 24
36 23
36 23
37 22
37 21
37 21
37 20
37 20
37 20
37 21
37 21
38 22
38 23
38 23
38 24
38 25
38 26
38 27
38 27
38 28
38 29
38 30
38 31
38 31
38 32
38 33
38 34
38 34
38 35
38 36
38 36
38 36
39 36
39 36
40 35
41 35
41 35
42 34
43 33
43 32
44 31
44 31
45 30
45 29
46 28
46 27
47 26
47 26
47 25
48 24
48 23
48 22
49 21
49 20
49 20
50 19
50 18
51 17
51 16
51 16
52 15
53 14
53 14
53 13
53 13
53 13
52 14
52 14
51 15
50 16
50 16
49 17
49 18
48 19
48 20
48 20
48 21
47 22
47 23
47 24
46 25
46 26
46 26
46 27
45 28
45 29
45 30
45 30
45 31
45 32
45 32
45 33
45 33
46 33
46 33
47 34
47 34
48 33
49 32
49 32
50 31
50 30
51 29
51 28
51 28
52 27
53 26
53 25
54 24
54 24
54 23
55 22
55 21
56 20
56 19
56 19
56 18
56 17
57 16
57 15
57 14
57 14
57 13
57 13
56 13
56 13
55 13
55 13
55 14
54 15
54 16
54 16
54 17
53 18
53 19
53 20
53 20
53 21
53 22
53 23
53 24
53 24
53 25
52 26
52 27
52 27
53 28
53 29
53 29
53 30
53 30
54 30
54 30
55 29
55 28
55 28
56 27
56 26
57 25
57 24
57 24
58 23
58 22
59 21
59 20
59 20
60 19
60 18
61 17
61 16
61 16
61 15
62 14
62 13
62 13
63 12
63 12
63 11
64 10
64 9
64 9
65 8
65 7
65 7
65 6
65 5
65 5
65 4
65 4
65 3
65 3
65 3
65 3
65 3
65 3
65 3
65 3
64 3
64 3
64 3
64 3
63 3
63 3
63 4
63 4
62 5
62 6
62 6
62 7
61 8
61 9
61 10
61 10
61 11
60 12
60 13
60 14
60 14
60 15
59 16
59 17
59 18
59 18
59 19
59 20
59 21
59 22
59 22
59 23
59 23
60 23
60 23
61 22
61 22
62 21
63 20
64 19
64 19
65 18
65 17
66 16
66 15
66 15
67 14
67 13
68 12
68 11
68 11
69 10
69 9
69 9
69 8
69 8
68 7
68 7
67 8
67 8
67 9
66 10
66 11
66 11
66 12
66 13
65 14
65 15
65 16
65 17
65 17
65 18
64 19
64 20
64 21
64 22
63 23
63 24
63 24
63 25
63 26
63 27
62 28
62 29
62 30
62 31
62 32
62 32
62 33
62 34
62 35
62 36
62 37
61 38
61 39
61 40
61 41
61 42
61 43
61 43
61 44
61 45
61 46
61 47
61 48
61 49
60 50
60 51
60 52
60 53
60 54
60 55
60 56
60 56
60 57
60 58
60 59
60 60
60 61
60 62
60 63
60 64
60 65
60 66
60 67
60 68
60 69
60 69
60 70
60 71
60 72
60 73
60 74
60 75
59 76
59 77
59 78
59 79
59 80
59 81
59 82
59 82
59 83
59 84
59 85
59 86
59 87
59 88
59 89
59 90
59 90
59 91
59 92
59 93
59 93
59 94
59 95
59 95
58 96
58 97
57 98
57 98
56 99
56 100
56 100
55 100
54 100
53 100
53 100
52 100
51 100
50 100
50 100
49 100
48 99
47 99
47 99
46 98
45 97
45 97
44 96
44 95
44 95
43 94
43 94
43 93
43 92
43 91
43 91
44 90
44 89
45 88
45 88
46 87
46 86
47 85
47 84
47 84
48 83
48 82
49 81
49 80
50 79
50 78
51 77
51 77
52 76
52 75
53 74
53 73
54 72
54 71
55 70
55 69
56 68
56 67
56 67
57 66
57 65
58 64
58 63
59 62
59 61
60 60
60 59
61 58
61 57
62 56
62 56
63 55
63 54
64 53
64 52
65 51
65 50
66 49
66 48
67 47
67 46
68 45
68 45
68 44
69 43
69 42
70 41
70 40
71 39
71 38
71 37
72 36
72 35
73 34
73 33
73 33
73 32
74 31
74 30
75 29
75 28
76 27
76 26
76 25
77 24
77 23
78 22
78 21
78 21
78 20
79 19
79 18
79 17
80 16
80 15
80 14
80 13
81 12
81 11
81 11
81 10
81 9
81 8
82 7
82 6
82 5
82 4
82 3
82 3
82 2
82 1
82 1
82 0
82 0
81 1
81 1
80 2
80 2
80 3
80 4
79 5
79 6
79 7
79 7
79 8
78 9
78 10
78 11
78 12
77 13
77 14
77 15
77 15
77 16
77 17
76 18
76 19
76 20
76 21
76 21
76 22
76 23
77 24
77 25
77 26
77 27
77 27
78 28
79 29
79 29
80 30
81 30
82 31
82 31
83 30
84 30
85 29
86 28
87 28
88 27
89 27
90 26
90 26
91 25
92 24
93 23
94 22
95 21
96 21
97 20
98 19
99 18
100 17
