8 0
7 1
6 2
5 3
5 3
4 3
3 3
2 3
2 3
1 2
1 1
1 1
1 1
1 1
1 1
2 1
2 1
3 1
3 1
4 1
5 2
6 2
6 2
7 2
8 2
8 2
9 2
10 2
10 2
11 2
12 2
12 2
13 1
13 1
14 1
14 1
15 1
15 1
15 1
15 1
15 1
14 1
14 1
14 2
14 3
14 4
14 5
14 5
14 6
13 7
13 8
13 9
12 10
12 11
12 11
11 12
11 13
10 14
10 15
10 15
10 16
9 17
9 18
9 19
8 20
8 21
8 21
7 22
7 23
6 24
6 25
5 26
5 27
5 27
5 28
5 29
4 30
4 31
4 32
4 32
3 33
3 34
2 35
2 36
2 36
1 37
1 38
1 38
0 39
0 39
0 40
0 40
0 40
0 40
0 40
0 40
0 40
1 40
1 40
2 40
2 40
3 39
4 39
4 39
5 38
6 37
7 36
7 36
8 35
9 35
10 34
10 34
11 33
12 32
13 32
14 31
14 31
15 30
16 29
17 28
17 28
18 27
19 26
20 25
20 25
21 24
22 23
23 22
23 22
24 21
24 21
25 20
25 20
25 20
25 20
24 21
24 21
24 21
23 22
23 23
23 23
23 24
23 25
23 26
23 26
23 27
23 28
22 29
22 30
22 31
22 31
22 32
21 33
21 34
21 35
21 35
21 36
21 37
21 38
21 38
21 39
21 40
21 40
21 41
21 42
21 42
21 42
21 42
21 41
21 41
21 40
21 40
21 39
22 38
22 37
23 36
23 35
23 35
23 34
23 33
24 32
24 31
24 30
24 30
24 29
25 28
25 27
26 26
26 25
26 25
26 24
27 23
27 22
27 22
27 21
27 21
27 21
27 21
28 21
28 21
28 22
28 23
28 23
28 24
28 25
28 26
28 26
28 27
28 28
28 29
28 30
28 30
28 31
28 32
28 33
28 33
28 34
28 35
28 35
28 36
28 37
28 37
28 38
28 38
28 38
28 38
28 38
28 38
28 37
28 36
28 35
28 35
29 34
29 33
30 32
30 31
30 31
30 30
30 29
31 28
31 27
31 26
31 26
31 25
32 24
32 23
32 22
32 22
33 21
33 20
33 20
34 20
34 20
34 20
34 20
34 21
34 22
34 22
34 23
34 24
34 25
34 26
34 26
34 27
34 28
34 29
34 30
34 30
34 31
34 32
34 33
34 34
34 34
34 35
34 36
34 36
34 37
34 38
34 38
34 39
34 39
35 39
35 39
36 39
36 39
37 38
37 37
37 37
38 36
39 35
39 35
40 34
41 33
41 32
42 31
42 31
43 30
43 29
44 28
44 27
44 27
45 26
45 25
46 24
46 23
46 23
47 22
48 21
48 21
48 20
49 19
49 18
49 18
49 17
49 17
49 16
49 16
49 15
49 15
48 15
48 15
48 15
47 16
47 16
46 17
46 18
46 18
46 19
45 20
45 21
44 22
44 23
44 23
44 24
44 25
43 26
43 27
43 28
43 28
43 29
42 30
42 31
42 32
42 32
42 33
42 34
42 34
43 35
43 36
43 36
44 36
44 36
45 35
46 35
46 35
47 34
48 33
49 32
49 32
50 31
50 30
51 29
51 28
51 28
52 27
52 26
53 25
53 24
53 24
53 23
54 22
54 21
55 20
55 19
55 19
55 18
55 17
55 17
55 17
54 17
54 17
54 17
54 18
54 18
54 19
53 20
53 21
53 21
53 22
53 23
53 23
52 24
52 25
52 25
52 26
52 26
52 27
52 27
53 27
53 27
54 27
54 27
55 26
56 25
56 25
57 24
58 23
59 22
59 22
60 21
61 20
62 19
62 19
63 18
64 17
65 16
65 16
66 15
66 14
66 14
67 13
67 12
67 12
67 11
67 10
67 10
67 9
67 9
67 8
67 8
67 7
67 7
67 7
67 7
66 6
66 6
66 6
66 6
66 6
66 6
66 6
66 6
65 7
65 7
65 8
65 9
65 10
65 10
64 11
64 11
63 12
63 13
63 13
63 14
62 15
62 16
62 17
62 17
62 18
61 19
61 20
61 21
61 21
61 22
61 23
60 24
60 25
60 26
60 26
60 27
60 28
60 29
60 30
60 30
60 31
60 32
60 33
60 33
61 34
61 35
61 35
62 36
62 36
63 36
63 36
64 35
64 35
65 34
65 34
66 33
66 32
66 32
66 32
65 33
65 33
65 33
65 34
65 34
65 35
65 36
64 37
64 38
64 39
64 39
64 40
63 41
63 42
63 43
63 44
62 45
62 46
62 46
62 47
62 48
61 49
61 50
61 51
61 52
60 53
60 54
60 55
60 55
60 56
60 57
60 58
60 59
59 60
59 61
59 62
59 63
59 64
59 64
59 65
59 66
58 67
58 68
58 69
58 70
57 71
57 72
57 73
57 73
57 74
57 75
56 76
56 77
56 78
56 79
56 80
55 81
55 82
55 83
55 83
55 84
55 85
55 86
54 87
54 88
54 89
54 90
54 90
54 91
53 92
53 93
52 94
52 95
52 95
51 96
51 97
50 98
50 98
49 99
48 100
48 100
47 100
46 100
46 100
45 100
44 100
44 100
43 100
42 100
42 100
41 99
41 99
40 99
40 99
39 98
39 97
39 97
39 96
39 95
39 95
39 94
39 93
39 92
39 91
39 91
39 90
39 89
39 88
39 88
40 87
40 86
41 85
41 84
41 84
41 83
42 82
42 81
43 80
43 79
44 78
44 77
44 77
44 76
45 75
45 74
46 73
46 72
46 71
47 70
47 69
47 69
48 68
48 67
49 66
49 65
50 64
51 63
51 62
52 61
52 60
53 59
53 59
53 58
54 57
54 56
55 55
55 54
56 53
56 52
57 51
57 50
58 49
58 48
58 48
59 47
59 46
60 45
61 44
61 43
62 42
63 41
63 40
64 39
64 39
65 38
65 37
66 36
67 35
68 34
68 33
69 32
69 32
70 31
70 30
71 29
72 28
72 27
73 26
73 25
74 24
74 24
75 23
75 22
76 21
77 20
77 19
78 18
78 18
79 17
79 16
80 15
80 14
81 13
81 13
82 12
83 11
83 11
83 10
83 9
83 9
83 8
83 8
83 8
83 7
83 6
83 5
83 5
83 4
83 3
83 3
82 2
82 1
82 1
82 1
82 1
82 2
82 2
82 3
81 4
81 5
81 6
81 6
81 7
81 8
80 9
80 10
80 11
80 12
80 12
80 13
80 14
80 15
80 16
80 16
81 17
81 18
81 18
82 19
82 20
82 20
83 21
83 21
84 21
85 20
86 20
86 20
87 19
88 19
89 18
89 18
90 17
91 16
92 16
93 15
93 15
94 14
95 13
96 12
96 12
97 11
98 10
98 10
99 10
99 10
100 10
100 10
99 10
99 10
99 10
99 10
99 10
99 10
99 10
99 10
99 10
