0 12
0 13
0 14
0 14
0 13
0 13
0 12
0 12
0 12
0 11
0 11
0 10
0 10
1 9
1 9
2 8
2 7
2 7
3 6
3 5
3 5
4 4
4 3
4 3
5 2
5 2
6 1
6 1
7 0
7 0
8 0
8 0
8 0
8 0
8 1
8 2
8 2
8 3
8 4
8 4
9 5
9 6
9 6
9 7
9 8
9 9
9 10
9 10
9 11
9 12
9 13
9 14
9 15
9 16
9 16
9 17
9 18
9 19
9 20
9 21
9 22
9 23
9 23
9 24
9 25
9 26
9 27
9 28
9 29
9 30
9 30
9 31
9 32
9 33
9 34
9 35
9 36
9 37
9 38
9 39
9 39
9 40
9 41
9 42
9 43
9 44
9 45
9 46
9 47
9 48
9 48
9 49
9 50
9 51
9 52
9 53
9 54
9 55
9 55
9 56
9 57
9 58
9 59
9 60
9 61
9 61
9 62
9 63
10 64
10 65
10 66
10 67
10 67
10 68
10 69
10 70
10 71
10 72
10 72
10 73
10 74
10 75
10 75
11 76
11 76
12 77
12 77
12 76
12 76
13 75
13 74
13 74
14 73
14 72
15 71
15 71
15 70
16 69
16 68
16 67
16 67
16 66
17 65
17 64
18 63
18 62
18 62
19 61
19 60
20 59
20 58
20 58
20 57
21 56
21 55
21 54
21 54
21 53
22 52
22 51
22 51
23 50
23 49
23 49
23 48
23 48
23 48
23 48
23 48
23 48
23 48
23 48
23 48
23 47
23 47
22 46
22 46
22 45
22 44
22 43
22 43
22 42
22 41
22 41
22 40
22 39
22 38
22 38
22 37
22 36
22 36
23 35
23 35
23 35
23 34
23 34
23 34
23 35
23 35
24 36
24 36
24 37
24 38
24 39
24 39
24 40
25 41
25 42
25 43
25 43
25 44
25 45
25 46
25 47
25 48
25 48
25 49
25 50
25 51
25 52
25 53
25 53
25 54
26 55
26 56
26 57
26 57
26 58
26 59
26 60
26 60
26 61
26 62
26 62
27 63
27 63
27 64
27 64
27 64
27 64
27 63
27 62
27 61
27 60
27 60
27 59
27 58
28 57
28 56
28 55
28 55
28 54
28 53
28 52
28 51
28 51
28 50
28 49
28 48
28 47
28 46
28 46
28 45
28 44
29 43
29 42
29 41
29 41
29 40
29 39
29 39
30 38
30 37
30 37
30 36
30 36
30 36
31 37
31 38
31 38
31 39
31 40
31 40
31 41
32 42
32 43
32 43
32 44
32 45
32 46
32 47
32 47
33 48
33 49
33 49
33 50
33 51
33 51
34 52
34 53
34 53
34 54
34 54
34 54
34 54
35 53
35 52
35 52
35 51
35 50
35 50
35 49
36 48
36 47
36 46
36 46
36 45
37 44
37 43
37 43
37 42
38 41
38 40
38 39
38 39
38 38
38 37
38 37
39 36
39 36
39 35
39 35
40 35
40 35
40 35
40 36
40 36
41 37
41 38
41 38
41 39
41 40
41 41
41 41
41 42
42 43
42 44
42 44
42 45
42 46
42 47
42 47
43 48
43 48
44 49
44 49
45 50
46 50
46 50
47 50
47 50
48 49
49 48
49 48
50 47
50 46
50 46
51 45
51 44
52 43
52 42
52 42
52 41
53 40
53 39
53 38
53 38
53 37
54 36
54 35
54 34
54 34
54 33
54 32
54 31
54 30
54 30
54 29
54 28
54 27
54 26
54 26
54 25
54 24
54 24
53 23
53 23
52 22
52 22
52 22
51 23
50 23
50 23
49 24
49 25
49 25
48 26
48 27
48 27
48 28
48 29
48 30
48 30
48 31
47 32
47 33
47 33
47 34
47 35
47 36
47 36
47 37
48 38
48 39
48 40
48 40
49 41
49 42
49 42
49 43
49 44
49 44
50 44
51 44
51 44
52 43
52 43
53 42
53 42
53 41
54 40
54 39
54 39
54 38
54 37
54 36
54 36
54 35
55 34
55 33
55 33
55 32
55 31
55 30
55 30
55 29
55 28
55 28
55 27
55 26
55 26
55 26
55 26
55 27
55 27
55 28
55 29
55 29
55 30
55 31
55 31
55 32
55 33
55 34
55 34
55 35
55 36
55 36
56 37
56 38
56 38
56 39
56 39
57 39
57 39
58 38
58 38
59 37
60 36
60 36
61 35
61 34
61 34
61 33
62 32
62 31
62 30
62 30
62 29
63 28
63 27
63 27
63 26
63 25
63 24
63 24
63 23
64 22
64 21
64 21
64 20
64 19
64 18
64 18
63 17
63 17
63 16
63 16
63 16
62 16
62 16
62 17
62 17
62 18
62 19
62 19
62 20
62 21
62 21
62 22
62 23
62 24
62 25
62 25
62 26
62 27
62 28
62 29
62 29
62 30
62 31
62 32
62 33
62 33
62 34
63 35
63 36
63 37
63 37
63 38
64 39
64 40
64 40
64 41
65 42
65 43
65 43
66 44
66 45
66 45
67 44
68 44
68 44
69 43
69 43
69 42
70 41
70 40
70 40
70 39
71 38
71 37
71 36
71 36
71 35
72 34
72 33
72 32
72 32
72 31
72 30
72 29
72 28
72 28
72 27
72 26
72 25
72 24
72 24
72 23
72 22
72 22
72 21
72 21
71 20
71 20
71 20
71 20
70 21
70 22
70 22
70 23
70 24
70 24
70 25
70 26
70 27
70 27
70 28
70 29
70 30
70 31
70 31
70 32
70 33
70 34
70 35
70 36
70 36
70 37
70 38
70 39
70 40
70 41
70 42
70 42
70 43
70 44
70 45
71 46
71 47
71 48
71 49
71 49
71 50
71 51
71 52
71 53
71 54
71 55
71 56
71 56
71 57
71 58
72 59
72 60
72 61
72 62
72 62
72 63
72 64
72 65
72 66
72 67
72 68
72 68
72 69
72 70
72 71
72 72
72 73
72 74
72 75
72 75
72 76
72 77
73 78
73 79
73 80
73 81
73 81
73 82
73 83
73 84
73 85
73 86
73 86
73 87
73 88
73 89
73 90
73 91
73 92
73 92
73 93
72 94
72 95
72 96
72 96
72 97
72 98
72 99
72 99
71 100
71 100
70 100
70 100
69 99
69 99
68 98
68 97
68 97
67 96
67 95
66 94
66 94
66 93
65 92
65 91
65 90
65 90
65 89
65 88
65 87
65 86
65 85
65 84
65 84
65 83
65 82
65 81
65 80
65 79
65 78
65 78
65 77
65 76
65 75
65 74
65 73
65 72
65 71
65 71
65 70
66 69
66 68
66 67
66 66
67 65
67 64
67 64
67 63
68 62
68 61
68 60
68 59
69 58
69 57
69 57
69 56
70 55
70 54
70 53
71 52
71 51
71 51
71 50
72 49
72 48
72 47
73 46
73 45
73 45
73 44
74 43
74 42
74 41
75 40
75 39
75 39
76 38
76 37
77 36
77 35
77 35
78 34
78 33
79 32
79 31
79 31
80 30
80 29
80 29
81 28
81 27
81 27
82 26
82 26
82 26
82 26
82 26
82 27
82 27
82 27
82 28
82 28
82 29
82 29
81 29
81 29
81 30
81 30
81 31
81 31
81 32
81 33
81 33
81 34
81 34
81 35
81 35
81 36
81 37
81 37
81 38
81 38
81 39
81 39
81 40
81 40
82 41
82 41
83 40
83 40
84 39
84 39
84 38
85 37
85 36
85 36
86 35
86 34
86 34
86 33
87 32
87 31
87 30
87 30
87 29
88 28
88 27
88 27
88 26
88 25
88 24
88 24
88 23
89 22
89 21
89 20
89 20
89 19
88 18
88 17
88 17
88 16
88 15
88 15
87 14
87 13
87 13
86 13
86 13
85 14
85 14
84 15
84 15
83 16
83 17
83 17
83 18
82 19
82 20
82 20
82 21
81 22
81 23
81 23
81 24
81 25
81 26
81 27
81 27
81 28
81 29
81 30
81 31
81 31
81 32
81 33
81 34
81 34
81 35
81 36
81 37
81 38
81 38
81 39
82 40
82 41
82 42
82 42
83 43
83 44
83 44
84 45
85 46
85 46
86 46
87 46
87 46
88 45
88 44
88 44
89 43
90 42
90 42
91 41
91 40
92 39
92 39
93 38
94 37
95 36
95 36
96 35
96 34
97 33
97 33
98 32
98 31
98 31
99 30
99 29
99 29
99 28
99 28
99 28
100 27
100 27
100 27
100 27
99 27
