1 24
0 25
0 26
0 26
0 25
0 24
0 24
0 23
0 23
1 22
1 22
2 21
2 20
3 19
3 19
4 18
5 17
5 16
6 15
6 15
7 14
7 13
8 12
8 11
9 10
9 10
10 9
11 8
11 7
12 6
12 6
13 5
14 4
15 3
15 3
16 2
17 1
17 1
18 0
19 0
19 0
20 1
20 1
20 2
20 3
20 3
20 4
20 5
20 6
20 6
20 7
20 8
20 9
20 10
20 11
20 11
20 12
19 13
19 14
19 15
18 16
18 17
18 17
18 18
18 19
17 20
17 21
17 22
17 23
17 23
17 24
16 25
16 26
15 27
15 28
14 29
14 30
14 30
14 31
13 32
13 33
12 34
12 35
12 36
11 37
11 38
11 38
11 39
10 40
10 41
10 42
9 43
9 44
9 44
9 45
9 46
8 47
8 48
8 49
8 49
7 50
7 51
6 52
6 52
6 53
6 54
6 54
6 55
6 55
6 56
6 56
6 57
6 57
7 56
7 56
8 55
9 55
9 55
10 54
10 53
11 52
11 52
12 51
12 50
13 49
13 49
14 48
15 47
16 46
16 46
17 45
17 44
18 43
18 43
19 42
20 41
20 41
21 40
21 39
21 39
22 38
23 38
23 38
24 39
24 39
24 40
24 40
24 41
24 42
24 43
24 43
24 44
24 45
24 46
24 47
24 47
24 48
23 49
23 50
23 51
23 51
23 52
22 53
22 54
21 55
21 56
21 56
21 57
20 58
20 59
20 59
19 60
19 61
19 61
19 61
20 60
20 60
20 59
20 58
20 58
21 57
21 56
22 55
22 54
22 54
22 53
23 52
23 51
23 50
23 50
23 49
24 48
24 47
25 46
25 45
25 45
26 44
26 43
27 42
27 42
28 41
29 40
29 40
30 40
30 40
31 41
31 41
31 42
31 43
31 43
31 44
31 45
31 46
31 46
31 47
31 48
31 49
31 50
31 50
31 51
30 52
30 53
30 54
30 54
30 55
29 56
29 57
29 58
29 58
29 59
29 60
29 60
29 61
29 61
29 61
29 61
29 60
29 60
30 59
30 58
30 58
30 57
31 56
31 55
31 55
32 54
32 53
33 52
33 51
33 51
33 50
34 49
34 48
35 47
35 46
35 46
36 45
36 44
37 43
37 43
37 42
38 41
38 40
38 40
39 39
39 38
40 37
40 36
40 36
41 35
41 35
41 35
41 36
41 36
41 37
41 38
41 38
41 39
40 40
40 41
40 41
40 42
39 43
39 44
39 44
39 45
39 46
39 47
39 47
39 48
38 49
38 50
38 51
38 51
38 52
38 53
38 54
38 54
38 55
38 56
38 57
38 57
39 58
39 58
39 59
39 59
40 60
40 60
40 61
40 61
41 61
41 61
42 61
42 61
43 60
43 60
44 59
45 58
45 58
46 57
46 56
46 56
47 55
47 54
48 53
48 53
49 52
49 51
50 50
50 50
51 49
52 48
52 48
53 47
53 46
54 45
54 45
55 44
55 43
56 42
56 42
57 41
57 40
58 39
58 39
59 38
59 37
59 37
60 36
61 35
61 35
62 34
62 34
63 33
63 33
63 33
62 33
62 33
62 34
62 34
62 35
61 36
61 37
61 37
60 38
59 39
59 39
58 40
58 41
57 42
57 42
57 43
56 44
56 45
56 45
55 46
54 47
54 47
53 48
53 49
53 49
53 50
53 51
53 51
53 52
53 52
53 53
53 53
54 54
54 54
55 55
55 55
56 55
56 55
57 54
57 53
57 53
58 52
58 51
59 50
59 50
59 49
60 48
60 47
60 47
60 46
61 45
61 44
61 44
61 43
62 42
62 41
62 41
62 40
62 40
62 39
62 38
62 38
62 37
62 37
62 37
61 38
61 38
61 39
61 39
60 40
60 41
60 41
60 42
60 43
60 43
60 44
59 45
59 46
59 46
59 47
59 48
59 49
59 49
59 50
59 51
59 51
59 52
59 53
59 53
59 54
59 55
59 55
60 56
60 56
60 57
60 57
61 57
61 57
62 57
62 57
62 57
63 56
63 56
63 56
64 55
64 55
65 54
65 54
66 53
67 53
67 53
68 52
68 52
69 51
70 50
70 50
71 49
71 48
71 48
72 47
73 47
73 47
74 46
74 45
74 45
75 44
76 44
76 44
77 43
77 43
77 42
77 42
78 41
78 41
79 40
79 39
79 39
80 38
80 37
80 37
81 36
81 35
81 35
81 36
81 36
81 35
81 35
81 34
81 33
81 33
81 33
81 32
81 32
81 32
80 32
80 32
80 32
79 33
79 33
78 34
78 35
78 35
77 36
76 37
76 37
75 38
74 39
74 39
74 40
73 41
73 42
73 42
72 43
72 44
72 44
71 45
71 46
71 46
70 47
70 47
70 48
70 48
70 48
71 49
71 49
71 50
71 50
72 50
72 50
72 51
72 51
72 52
72 52
72 52
72 52
73 53
73 53
73 53
74 52
74 52
75 52
75 52
75 51
75 51
76 51
76 51
76 50
76 50
76 50
76 49
76 49
76 48
76 48
77 47
77 46
77 46
78 45
78 44
78 44
78 43
78 43
79 42
79 41
79 41
80 40
80 40
80 39
80 38
80 38
81 37
81 36
81 36
81 35
81 34
81 34
81 33
81 33
81 32
81 32
81 32
81 32
81 33
81 33
80 33
80 33
80 34
80 34
80 35
80 35
79 36
79 36
79 37
79 38
79 39
79 39
79 40
79 41
79 42
79 42
79 43
79 44
79 45
79 46
79 47
79 47
79 48
79 49
78 50
78 51
78 52
78 52
78 53
78 54
78 55
78 56
78 57
78 58
78 58
78 59
77 60
77 61
77 62
77 63
76 64
76 65
76 65
76 66
75 67
75 68
75 69
74 70
74 71
74 71
74 72
73 73
73 74
73 75
73 76
72 77
72 78
72 78
72 79
71 80
71 81
71 82
70 83
70 84
70 84
69 85
69 86
68 87
68 88
67 89
67 90
67 90
67 91
66 92
66 93
65 94
65 95
65 95
64 96
64 97
63 98
63 99
63 99
62 100
62 100
61 100
61 100
61 99
61 98
61 97
61 97
61 96
62 95
62 94
62 93
63 92
63 91
63 91
63 90
64 89
64 88
64 87
65 86
65 85
65 84
66 83
66 82
66 82
66 81
67 80
67 79
68 78
68 77
68 76
69 75
69 74
70 73
70 72
70 72
71 71
71 70
72 69
72 68
73 67
73 66
74 65
74 64
75 63
75 63
76 62
76 61
77 60
77 59
78 58
78 57
79 56
79 55
79 55
80 54
80 53
81 52
82 51
82 50
83 49
83 49
84 48
84 47
85 46
85 45
85 45
86 44
87 43
87 43
88 42
89 41
90 40
90 40
91 39
91 38
92 37
92 37
93 36
93 35
93 35
93 34
94 33
94 32
94 32
95 31
95 30
95 30
94 29
94 28
94 28
94 27
94 26
94 26
93 25
93 24
93 24
92 24
92 24
91 25
91 26
91 26
91 27
90 28
90 29
90 29
90 30
90 31
89 32
89 33
89 34
89 34
89 35
89 36
88 37
88 38
88 39
88 39
88 40
88 41
88 42
88 43
88 44
88 45
88 45
88 46
88 47
89 48
89 49
89 50
89 50
90 51
90 52
91 53
91 54
91 54
92 55
93 56
93 56
94 56
95 56
96 56
96 56
97 55
98 54
99 53
100 52
