1 38
1 39
1 40
1 40
1 39
1 39
1 39
2 38
2 38
2 37
2 37
3 37
3 37
3 36
3 36
4 35
4 35
4 35
4 34
4 34
5 34
5 34
5 34
5 34
5 34
5 35
5 35
5 36
5 36
4 37
4 38
4 38
4 39
4 40
4 40
4 41
4 42
4 43
4 43
4 44
4 45
4 46
4 47
4 47
4 48
3 49
3 50
3 51
3 51
3 52
3 53
3 54
3 54
3 55
3 56
3 57
3 58
3 59
3 59
3 60
2 61
2 62
2 63
2 63
2 64
2 65
2 66
2 67
2 67
2 68
1 69
1 70
1 70
1 71
1 72
1 73
1 73
1 74
1 75
1 75
0 76
0 77
0 77
0 78
0 79
0 79
0 80
0 80
0 81
0 81
0 81
0 81
0 81
0 81
0 81
0 80
0 80
1 79
1 79
2 79
2 79
2 78
2 77
2 77
3 76
3 76
4 75
5 74
5 74
5 73
6 72
6 71
6 71
7 70
7 69
8 68
8 68
9 67
9 66
10 65
10 65
11 64
11 63
12 62
12 62
13 61
13 60
14 59
14 59
15 58
15 57
15 57
15 56
16 55
16 54
16 54
17 53
18 52
18 52
18 51
19 50
19 49
19 49
19 48
20 47
20 46
20 45
20 45
20 44
21 43
21 42
21 42
21 41
21 41
21 40
21 40
21 40
21 41
21 42
21 42
21 43
21 44
21 44
21 45
20 46
20 47
20 48
20 48
20 49
20 50
20 51
20 52
20 52
20 53
19 54
19 55
19 56
19 56
19 57
19 58
19 59
19 60
19 60
19 61
18 62
18 63
18 63
18 64
18 64
18 65
18 65
19 64
19 64
19 63
19 63
19 62
20 61
20 60
20 60
20 59
21 58
21 57
21 56
21 56
21 55
22 54
22 53
22 52
22 52
22 51
22 50
22 49
22 48
22 48
23 47
23 46
23 46
24 45
24 44
24 44
24 45
24 45
24 46
24 46
24 47
24 48
24 48
24 49
24 50
24 50
24 51
24 52
24 52
24 53
24 54
24 54
24 55
24 55
24 56
24 56
25 56
25 56
25 55
25 55
25 54
25 53
25 53
25 52
26 51
26 50
26 50
26 49
27 48
27 47
27 46
27 46
27 45
28 44
28 43
28 43
28 42
29 41
29 40
29 40
30 39
30 39
30 39
31 40
31 40
31 41
31 42
31 42
31 43
31 44
31 45
31 45
31 46
31 47
31 48
31 48
32 49
32 50
32 50
32 51
32 52
32 52
33 52
33 52
34 52
34 52
35 51
36 51
36 51
36 50
37 49
37 48
37 48
37 47
38 46
38 45
38 45
38 44
39 43
39 42
39 41
39 41
39 40
40 39
40 38
40 38
40 37
41 36
41 35
41 34
41 34
41 33
42 32
42 31
42 30
42 30
42 29
42 28
42 27
42 27
42 26
42 25
42 24
42 24
41 23
41 23
41 23
40 24
40 24
39 25
39 26
39 26
39 27
38 28
38 29
38 30
38 30
38 31
37 32
37 33
37 34
37 34
37 35
36 36
36 37
36 37
36 38
36 39
36 40
36 40
36 41
36 42
36 42
36 43
36 43
37 43
37 43
38 43
38 43
38 42
38 41
38 41
39 40
40 39
40 39
40 38
41 37
41 36
41 36
41 35
42 34
42 33
42 33
42 32
42 31
42 31
43 30
43 30
43 30
43 31
43 32
43 32
43 33
43 34
43 34
43 35
43 36
43 36
44 37
44 38
44 38
44 39
44 39
45 40
45 41
45 41
46 41
46 41
47 40
48 40
48 40
49 39
49 39
50 38
50 37
51 36
51 36
51 35
52 34
52 33
52 33
53 32
53 31
54 30
54 30
54 29
55 28
55 27
55 26
55 26
55 25
55 24
56 23
56 22
56 21
56 21
56 20
56 19
57 18
57 17
57 16
57 16
57 15
57 14
57 13
57 12
57 11
57 11
57 10
57 9
57 8
57 8
57 7
57 6
57 5
57 5
57 4
57 3
57 3
56 3
56 3
55 3
55 3
54 4
54 5
54 5
54 6
53 7
53 8
53 8
53 9
52 10
52 11
52 11
52 12
51 13
51 14
51 14
51 15
50 16
50 17
50 17
50 18
50 19
50 20
50 20
50 21
50 22
50 23
50 24
50 25
50 25
50 26
50 27
50 28
50 29
50 30
50 30
50 31
50 32
50 33
50 34
50 35
50 35
50 36
50 37
50 38
50 39
50 40
50 41
50 41
50 42
50 43
50 44
50 45
50 46
50 47
50 47
50 48
50 49
50 50
51 51
51 52
51 53
51 54
51 55
51 55
51 56
51 57
51 58
51 59
51 60
51 61
51 62
51 63
51 63
51 64
51 65
51 66
51 67
51 68
51 69
51 70
51 71
51 71
51 72
51 73
51 74
51 75
51 76
51 77
51 78
51 78
51 79
51 80
51 81
51 82
51 83
51 84
51 85
51 85
51 86
51 87
51 88
51 89
51 90
51 90
51 91
51 92
50 93
50 94
50 95
50 95
50 96
50 97
50 98
50 98
49 99
49 100
49 100
48 100
48 100
47 100
47 100
47 99
47 98
47 97
47 97
47 96
46 95
46 94
46 94
46 93
46 92
46 91
46 90
46 89
46 89
46 88
46 87
46 86
46 85
46 84
46 84
46 83
46 82
47 81
47 80
47 79
47 78
47 78
47 77
47 76
48 75
48 74
48 73
48 73
48 72
49 71
49 70
49 69
50 68
50 67
50 67
50 66
51 65
51 64
52 63
52 62
53 61
53 60
53 60
54 59
54 58
55 57
55 56
56 55
56 54
56 54
57 53
57 52
58 51
59 50
59 49
60 48
60 48
60 47
61 46
61 45
62 44
62 43
63 42
63 41
63 41
63 40
64 39
64 38
65 37
65 36
66 35
66 34
66 34
66 33
67 32
67 31
68 30
68 29
69 28
69 27
69 27
69 26
70 25
70 24
71 23
71 22
72 21
72 20
72 20
72 19
73 18
73 17
73 16
74 15
74 14
74 14
74 13
74 12
75 11
75 10
75 9
75 8
75 8
75 7
75 6
75 5
75 4
75 4
75 3
76 2
76 1
76 1
75 0
75 0
74 0
74 0
73 1
73 1
72 2
72 3
72 3
71 4
71 5
71 5
70 6
70 7
69 8
69 8
68 9
68 10
68 10
68 11
68 12
68 13
68 13
68 14
68 15
67 16
67 17
67 18
67 18
67 19
67 20
67 21
67 22
67 22
67 23
67 24
67 25
67 26
67 27
67 28
67 28
67 29
67 30
68 31
68 32
68 33
68 33
68 34
68 35
68 36
68 37
68 37
69 38
69 39
70 40
70 41
70 41
71 42
71 43
71 43
72 44
73 44
73 44
74 44
75 43
76 43
77 43
77 43
78 42
79 41
80 41
81 40
81 40
82 39
83 38
84 37
85 36
86 35
86 35
87 34
88 33
89 32
90 31
91 30
92 29
93 28
93 28
94 27
95 26
96 25
97 25
98 24
99 23
100 22
