6 20
5 21
4 22
4 23
3 24
3 24
2 24
2 24
1 23
1 23
1 23
1 23
1 23
2 23
3 23
3 23
4 23
5 22
6 22
6 22
7 22
8 22
9 22
9 22
10 21
11 21
11 21
12 20
13 19
13 19
14 19
14 19
15 20
15 20
15 21
15 21
16 22
16 23
16 23
16 24
15 25
15 26
15 26
15 27
15 28
15 29
14 30
14 31
14 32
14 33
14 33
14 34
13 35
13 36
12 37
12 38
12 38
11 39
11 40
10 41
10 42
9 43
9 43
8 44
8 45
7 46
7 47
6 48
6 49
6 49
6 50
5 51
5 52
5 53
4 54
4 55
4 55
3 56
3 57
2 58
2 59
1 60
1 60
1 61
0 62
0 63
0 63
0 64
0 65
0 65
0 65
0 65
1 65
1 65
2 64
3 63
3 63
4 62
5 61
6 61
7 60
7 60
8 59
9 58
9 57
10 56
10 56
11 55
12 54
13 53
14 52
14 52
15 51
16 50
16 49
17 48
17 48
18 47
19 46
20 45
21 44
21 44
22 43
23 42
24 41
24 41
25 40
26 39
27 38
27 38
28 37
28 36
29 35
29 35
30 34
30 33
30 33
31 32
31 32
30 33
30 33
30 34
30 34
30 35
29 36
29 37
28 38
28 39
28 39
28 40
28 41
28 42
27 43
27 44
27 45
27 46
27 46
27 47
26 48
26 49
26 50
26 51
25 52
25 53
25 54
25 54
25 55
25 56
24 57
24 58
24 59
24 60
24 60
24 61
24 62
24 63
24 64
24 64
24 65
24 65
24 65
24 65
24 65
24 64
24 63
24 63
24 62
25 61
25 60
25 59
26 58
26 57
26 57
26 56
26 55
26 54
27 53
27 52
27 51
27 50
27 49
27 49
27 48
28 47
28 46
28 45
28 44
29 43
29 42
29 42
29 41
30 40
30 39
30 39
31 38
32 38
32 38
33 37
33 37
33 37
33 38
33 38
33 39
34 40
34 41
34 41
34 42
34 43
34 44
34 44
34 45
33 46
33 47
33 47
33 48
33 49
33 50
33 50
33 51
33 52
33 52
33 53
33 53
33 53
33 52
33 52
34 51
34 50
34 50
34 49
34 48
35 47
35 46
35 45
35 44
35 44
35 43
35 42
36 41
36 40
36 39
36 39
36 38
37 37
37 36
38 35
38 34
38 34
38 33
39 32
39 31
39 31
39 31
40 32
40 33
40 33
40 34
40 34
40 35
40 36
40 37
40 37
40 38
40 39
40 40
40 41
40 41
40 42
40 43
40 44
40 44
40 45
40 46
40 46
40 47
40 48
40 48
40 49
40 49
41 48
41 48
42 47
43 47
43 47
44 46
44 45
45 44
45 44
46 43
47 42
47 41
48 40
48 40
49 39
49 38
50 37
50 36
51 35
51 35
52 34
52 33
53 32
53 31
54 30
54 29
54 29
55 28
55 27
56 26
56 25
57 24
57 23
57 23
57 22
58 21
58 20
59 19
59 18
59 18
59 18
59 18
59 18
58 19
57 20
57 20
57 21
56 22
56 23
55 24
55 25
55 25
55 26
55 27
54 28
54 29
54 30
54 31
54 31
54 32
53 33
53 34
53 35
53 35
52 36
52 37
52 37
52 38
52 39
52 39
52 40
52 40
52 40
53 40
53 40
54 39
54 39
55 38
55 37
56 36
56 36
56 35
57 34
57 33
58 32
58 31
58 31
58 30
59 29
59 28
60 27
60 26
60 26
60 25
61 24
61 23
61 23
61 23
61 23
61 24
61 25
61 25
60 26
59 27
59 27
59 28
59 29
59 30
59 31
59 31
59 32
59 33
59 33
59 34
59 35
59 35
60 36
60 36
61 36
61 36
62 35
63 35
63 35
64 34
64 33
65 32
65 32
66 31
66 30
67 29
67 28
67 28
68 27
68 26
69 25
69 24
69 24
69 23
70 22
70 21
70 20
70 20
71 19
71 18
71 18
70 17
70 16
70 16
70 15
70 15
70 14
70 14
69 14
69 14
69 14
69 15
69 15
68 16
68 16
68 17
68 18
68 19
68 19
68 20
68 20
68 20
68 20
68 20
68 20
68 20
68 19
68 19
68 18
68 17
68 17
68 17
68 17
68 17
67 17
67 17
67 17
67 17
66 18
66 18
66 19
65 20
65 21
65 21
65 22
65 23
64 24
64 25
64 26
64 27
64 27
64 28
64 29
64 30
64 31
64 31
64 32
65 33
65 34
65 35
65 35
66 36
66 37
66 37
67 38
67 38
68 37
69 37
69 37
70 36
71 36
72 35
72 35
72 34
73 33
73 32
73 31
73 31
73 30
74 29
74 28
74 27
74 27
74 26
74 25
74 24
74 24
73 23
73 22
73 22
73 21
73 21
72 21
71 21
71 21
71 22
71 22
70 23
70 24
69 25
69 26
69 26
69 27
69 28
68 29
68 30
68 31
68 32
68 32
68 33
68 34
68 35
67 36
67 37
67 38
67 39
67 39
67 40
66 41
66 42
66 43
66 44
65 45
65 46
65 47
65 47
65 48
65 49
65 50
65 51
64 52
64 53
64 54
64 55
64 56
64 56
64 57
64 58
64 59
64 60
64 61
63 62
63 63
63 64
63 65
63 66
63 67
63 67
63 68
63 69
63 70
63 71
63 72
63 73
62 74
62 75
62 76
62 77
62 78
62 79
62 80
62 81
62 81
62 82
62 83
62 84
62 85
62 86
62 87
62 88
62 89
62 90
62 90
62 91
62 92
61 93
61 94
61 95
61 96
61 96
60 97
60 98
60 98
59 99
59 100
59 100
58 100
57 100
57 100
56 100
55 100
55 100
54 99
53 99
53 99
52 98
51 98
50 97
50 97
50 96
49 95
49 94
49 94
49 93
49 92
49 91
49 90
49 90
49 89
49 88
49 87
49 86
49 85
49 85
49 84
50 83
50 82
50 81
50 81
51 80
51 79
52 78
52 77
53 76
53 75
53 75
54 74
54 73
55 72
56 71
56 70
57 69
57 69
58 68
58 67
59 66
60 65
61 64
61 63
62 62
62 62
63 61
64 60
64 59
65 58
66 57
67 56
67 55
68 54
68 54
69 53
69 52
70 51
71 50
72 49
72 48
73 47
74 46
74 45
75 44
75 44
76 43
76 42
77 41
77 40
78 39
79 38
79 37
80 36
80 35
81 34
81 34
82 33
82 32
83 31
83 30
84 29
84 28
85 27
85 26
86 25
86 25
87 24
87 23
88 22
88 21
89 20
89 19
90 18
90 17
90 17
90 16
91 15
91 14
91 13
91 12
92 11
92 10
92 10
92 9
92 8
93 7
93 6
93 5
93 4
93 4
93 3
93 2
93 2
92 1
92 0
92 0
92 1
92 1
91 1
91 1
91 2
90 3
90 4
89 5
89 6
89 6
89 7
88 8
88 9
88 10
88 11
87 12
87 13
87 14
87 14
87 15
87 16
87 17
86 18
86 19
86 20
86 21
86 22
86 22
86 23
86 24
86 25
86 26
86 27
86 27
87 28
87 29
88 30
88 30
89 30
90 30
91 30
91 30
92 29
93 28
94 28
95 27
96 26
97 25
98 25
99 24
100 23
