4 19
4 19
3 18
2 17
2 17
2 16
2 15
2 15
2 14
2 14
3 13
3 13
4 12
5 12
6 11
6 11
7 10
8 10
9 9
10 9
10 9
11 8
12 7
13 7
14 6
14 6
15 6
16 5
17 5
18 4
19 4
19 4
20 4
21 4
22 3
23 3
24 3
24 3
25 3
26 3
27 3
27 3
28 3
29 4
30 4
30 4
30 5
29 6
29 7
28 8
28 9
27 10
27 11
27 12
26 13
26 14
25 15
25 16
24 17
24 18
23 19
23 20
23 21
22 22
22 23
21 24
21 25
20 26
20 27
20 28
19 29
19 30
18 31
18 32
17 33
17 34
17 35
16 36
16 37
15 38
15 39
14 40
14 41
13 42
13 43
13 44
12 45
12 46
11 47
11 48
10 49
10 50
10 51
9 52
9 53
8 54
8 55
7 56
7 57
7 58
6 59
6 60
5 61
5 62
4 63
4 64
3 65
3 66
3 67
2 68
2 69
1 70
1 71
0 72
0 73
0 73
0 74
0 75
0 75
0 74
1 73
1 72
1 71
1 71
2 70
2 69
3 68
3 68
4 67
5 67
6 66
7 66
7 66
8 65
9 64
10 64
11 63
11 63
12 62
13 61
14 61
15 60
16 59
16 59
17 58
18 57
19 57
20 56
21 55
21 55
22 54
23 53
24 53
25 52
26 51
26 51
27 50
28 49
29 48
30 47
31 46
31 46
32 45
33 45
34 44
34 44
35 43
36 42
36 42
35 41
34 40
33 40
32 39
31 38
30 37
29 37
28 36
27 35
26 34
25 34
24 33
23 32
22 31
21 31
20 30
20 30
20 31
19 32
19 33
19 34
19 34
18 35
17 35
17 35
16 34
16 34
16 35
16 36
16 37
16 38
16 39
16 40
16 41
16 41
16 42
16 43
16 44
16 45
16 46
16 47
16 48
16 49
16 50
16 51
16 51
16 52
16 53
16 54
16 55
16 56
16 57
15 58
15 59
15 60
15 61
15 62
15 63
15 64
15 64
15 65
15 66
15 67
15 68
15 69
15 70
15 71
15 72
15 73
15 74
15 75
15 76
15 77
15 77
15 78
15 79
15 80
15 81
14 82
14 83
14 84
14 85
14 86
14 86
14 87
14 88
14 89
14 90
14 91
14 92
14 93
14 94
14 94
14 95
15 96
15 97
15 98
15 98
15 99
15 100
15 100
16 100
17 100
17 100
18 100
19 100
19 100
20 100
21 99
22 99
22 99
23 98
24 97
25 97
26 96
26 96
27 95
28 94
29 94
30 93
31 92
31 92
32 91
33 90
34 89
34 88
35 87
36 86
36 86
37 85
38 84
39 83
39 82
40 81
41 80
41 80
42 79
43 78
44 77
45 77
46 76
47 75
47 75
48 74
49 74
50 73
51 73
51 73
52 72
53 72
54 71
54 71
55 71
56 70
57 70
57 70
58 70
58 70
59 69
60 69
60 69
60 68
60 67
60 66
60 65
61 64
61 63
61 62
61 61
61 60
61 59
61 58
61 57
62 56
62 55
62 54
62 53
62 52
62 51
62 50
62 49
63 48
63 47
63 46
63 45
63 44
63 43
63 42
63 41
63 40
64 39
64 38
64 37
64 36
64 35
64 34
64 33
64 32
65 31
65 30
65 29
65 28
65 27
65 26
65 25
65 24
66 23
66 22
66 21
66 20
66 19
66 19
65 18
64 17
64 17
64 16
64 15
63 14
63 13
63 12
63 12
63 11
63 10
63 9
63 9
64 8
64 7
64 7
65 7
66 7
66 7
67 6
68 6
69 5
69 5
70 4
71 3
72 3
73 2
73 2
74 1
75 1
76 0
76 0
77 1
78 1
78 1
79 2
79 3
79 3
79 4
80 5
80 6
80 7
80 7
80 8
80 9
80 10
80 11
80 12
80 13
80 14
80 15
80 15
80 16
80 17
79 18
79 19
79 20
79 21
79 22
78 23
78 24
78 25
78 25
78 26
78 27
78 28
78 29
78 30
77 31
77 32
77 33
77 34
77 35
77 36
77 37
77 37
77 38
77 39
76 40
76 41
76 42
76 43
76 44
76 45
75 46
75 47
75 48
75 49
75 49
75 50
75 51
75 52
75 53
75 54
74 55
74 56
74 57
74 58
74 59
74 60
74 61
74 61
74 62
74 63
74 64
73 65
73 66
73 67
73 68
73 69
73 69
73 70
73 71
73 72
73 73
73 74
73 75
73 76
73 77
73 77
73 78
73 79
74 80
74 81
74 82
74 83
74 83
74 84
74 85
75 86
75 87
75 88
75 88
75 89
76 90
76 91
76 92
76 92
77 93
78 94
78 94
79 95
80 96
80 96
81 96
82 97
83 97
83 97
84 97
85 96
86 96
86 96
87 95
88 95
88 95
89 94
90 93
91 92
91 92
92 91
93 90
94 89
94 89
94 88
95 87
95 86
95 85
95 85
95 84
95 83
95 82
95 81
95 80
95 79
95 78
95 77
95 76
95 75
95 74
95 73
95 72
95 71
95 70
95 69
95 68
95 67
95 66
95 65
95 64
95 63
95 62
95 61
95 60
95 59
95 58
94 57
94 56
94 55
94 54
94 53
94 52
94 51
94 50
94 49
94 48
94 47
94 46
94 45
94 44
94 43
94 42
94 41
94 40
94 39
94 38
94 37
94 36
94 35
94 34
94 33
94 32
94 31
94 30
94 29
94 29
95 30
95 31
95 31
94 30
93 29
93 29
92 30
91 30
91 30
90 31
89 32
89 33
88 34
88 34
87 35
87 36
86 37
86 38
85 39
85 40
85 40
84 41
84 42
83 43
83 43
83 44
82 45
82 46
82 46
81 47
81 48
81 48
81 49
81 50
81 51
81 51
81 52
81 53
81 53
82 54
83 55
83 55
84 56
84 57
85 58
85 58
86 59
87 59
88 60
88 60
89 61
90 61
90 61
91 61
92 62
93 62
93 62
94 62
95 62
96 62
96 62
97 63
98 63
98 63
99 63
99 63
100 63
