7 29
6 30
6 30
6 29
6 28
6 28
6 27
6 26
6 25
6 25
7 24
7 24
8 23
9 22
9 22
10 21
11 20
11 20
12 19
13 18
14 18
15 17
15 17
16 16
17 15
18 15
19 14
19 14
20 13
21 12
22 12
23 11
23 11
24 10
25 10
26 9
26 9
27 8
28 8
29 7
29 7
30 6
31 6
31 6
32 6
32 6
33 7
33 7
33 8
32 9
32 10
31 11
31 12
30 13
30 14
29 15
29 16
28 17
28 18
27 19
27 20
26 21
26 22
25 23
25 24
24 25
24 26
23 27
23 28
22 29
22 30
21 31
21 32
20 33
20 34
19 35
19 36
18 37
18 38
17 39
17 40
16 41
16 42
15 43
15 44
14 45
14 46
13 47
13 48
12 49
12 50
11 51
11 52
10 53
10 54
10 54
10 55
9 56
9 57
8 58
8 59
7 60
7 61
6 62
6 63
5 64
5 65
4 66
4 67
3 68
3 69
3 69
2 70
1 70
1 70
0 71
0 71
0 71
0 70
0 70
1 70
2 69
3 69
3 69
4 68
5 67
6 66
6 66
7 65
8 64
9 63
10 62
10 62
11 61
12 60
13 60
14 59
15 58
15 58
16 57
17 57
18 56
19 55
20 55
21 54
21 54
22 53
23 52
24 51
25 50
26 49
26 49
27 48
28 47
29 47
30 46
30 46
31 45
32 44
33 44
34 43
34 43
35 42
36 42
37 41
37 41
36 40
35 39
34 38
33 37
32 36
31 36
30 35
29 34
28 33
27 32
26 31
26 31
25 32
24 32
23 33
22 33
22 33
21 34
21 35
21 35
20 34
19 34
19 34
19 35
19 36
19 37
19 38
19 38
19 39
19 40
19 41
18 42
18 43
18 44
18 45
18 45
18 46
18 47
18 48
18 49
18 50
18 51
18 52
18 53
18 54
18 54
18 55
18 56
18 57
18 58
18 59
17 60
17 61
17 62
17 63
17 64
17 65
17 65
17 66
17 67
17 68
17 69
17 70
17 71
17 72
17 73
17 74
17 75
17 75
17 76
17 77
17 78
17 79
16 80
16 81
16 82
16 83
16 84
16 84
16 85
16 86
16 87
16 88
16 89
16 90
16 90
16 91
16 92
16 93
16 94
16 95
16 95
16 96
17 97
17 98
17 98
17 99
17 99
18 100
18 100
19 100
20 100
20 100
21 99
22 98
22 98
23 97
24 96
24 95
25 94
25 94
26 93
26 92
27 91
28 90
28 89
29 88
29 88
30 87
30 86
31 85
32 84
32 83
33 82
33 82
34 81
35 80
35 79
36 78
37 77
37 77
37 76
38 75
38 74
39 73
39 72
39 71
40 70
40 69
41 68
41 67
42 66
42 65
42 64
43 63
43 62
44 61
44 60
44 59
45 58
45 57
46 56
46 55
46 54
47 53
47 52
48 51
48 50
49 49
49 48
49 47
50 46
50 45
51 44
51 43
51 42
52 41
52 40
53 39
53 38
53 37
54 36
54 35
55 34
55 33
55 32
56 31
56 30
57 29
57 28
58 27
58 26
58 25
59 24
59 23
60 22
60 21
60 21
60 22
60 23
60 23
59 22
58 21
58 21
58 20
58 19
58 19
58 18
58 17
58 17
59 16
60 15
60 15
61 14
62 13
62 13
63 12
64 11
65 10
65 10
66 9
67 8
68 7
69 6
69 6
70 5
71 4
72 4
73 3
73 3
74 2
75 2
76 1
76 1
77 1
78 0
79 0
79 0
80 1
81 2
81 2
81 3
81 4
81 5
81 6
81 6
81 7
81 8
81 9
81 10
81 11
81 11
81 12
81 13
81 14
80 15
80 16
80 17
80 18
80 18
80 19
80 20
79 21
79 22
79 23
79 24
79 25
78 26
78 27
78 28
78 28
78 29
78 30
77 31
77 32
77 33
77 34
77 35
77 36
76 37
76 38
76 39
76 39
76 40
76 41
75 42
75 43
75 44
75 45
75 46
75 47
74 48
74 49
74 50
74 50
74 51
74 52
73 53
73 54
73 55
73 56
73 57
72 58
72 59
72 60
72 60
72 61
72 62
71 63
71 64
71 65
71 66
71 67
70 68
70 69
70 70
70 70
70 71
70 72
70 73
69 74
69 75
69 76
69 77
69 77
69 78
69 79
69 80
69 81
69 82
69 82
69 83
70 84
70 85
70 86
70 86
71 87
71 88
72 89
72 89
73 90
74 90
74 90
75 90
76 91
77 91
78 91
78 91
79 90
80 90
81 89
82 89
82 89
83 88
84 88
85 87
86 87
86 87
87 86
88 86
89 85
90 85
90 85
91 84
92 84
93 83
93 83
94 82
95 81
96 80
96 80
97 79
98 78
98 78
98 77
98 76
98 75
98 74
97 73
97 72
97 71
97 70
97 69
97 68
97 67
97 66
97 65
96 64
96 63
96 62
96 61
96 60
96 59
96 58
96 57
96 56
95 55
95 54
95 53
95 52
95 51
95 50
95 49
95 48
95 47
94 46
94 45
94 44
94 43
94 42
94 41
94 40
94 39
94 38
93 37
93 36
93 35
93 34
93 33
93 33
94 34
94 35
94 35
93 34
93 34
92 33
92 32
91 31
91 31
90 32
90 33
89 34
89 34
88 35
88 36
87 37
87 38
86 39
86 39
86 40
85 41
85 42
84 43
84 44
84 44
83 45
83 46
82 47
82 48
82 48
81 49
81 50
81 50
81 51
81 51
81 52
81 53
81 53
82 54
82 55
82 55
83 56
83 57
84 58
84 58
85 59
86 60
86 60
87 61
88 61
89 62
89 62
90 62
91 62
92 62
92 62
93 62
94 62
95 62
95 62
96 62
97 62
97 62
98 62
98 62
99 63
100 63
