9 19
8 20
7 20
7 20
7 19
7 18
7 18
6 17
6 16
6 16
7 15
7 15
8 15
9 14
10 14
10 14
11 13
12 12
12 12
13 11
14 11
15 10
16 10
16 10
17 9
18 9
19 8
20 8
20 8
21 7
22 7
23 6
24 6
24 6
25 5
26 5
27 4
28 4
28 4
29 3
30 3
31 2
31 2
32 2
33 2
34 2
34 2
35 2
36 2
36 2
37 2
37 2
36 3
36 4
35 5
35 6
34 7
34 8
33 9
32 10
32 11
31 12
31 13
30 14
29 15
29 16
28 17
28 18
27 19
27 20
26 21
25 22
25 23
24 24
24 25
23 26
22 27
22 28
21 29
21 30
20 31
20 32
19 33
18 34
18 35
17 36
17 37
16 38
16 39
15 40
14 41
14 42
13 43
13 44
12 45
11 46
11 47
10 48
10 49
9 50
9 51
8 52
8 52
8 53
7 54
7 55
6 56
6 57
5 58
5 59
4 60
4 61
3 62
3 63
2 64
2 65
2 65
1 66
0 66
0 66
0 66
0 66
1 65
2 65
2 65
3 64
4 64
5 63
5 63
6 62
7 61
8 61
9 60
9 60
10 59
11 58
12 58
13 57
14 56
14 56
15 55
16 54
17 53
18 53
19 52
20 51
20 51
21 50
22 50
23 49
24 48
25 48
26 47
26 47
27 46
28 46
29 45
30 44
31 44
32 43
32 43
33 42
34 42
35 41
36 41
37 40
37 40
38 39
39 39
40 38
41 38
42 37
42 37
43 37
44 36
45 36
45 36
44 35
43 34
42 33
41 32
41 31
40 30
39 29
38 28
37 27
36 26
35 25
34 24
34 23
33 22
32 21
31 20
30 19
30 19
29 18
28 18
28 18
27 17
26 17
26 17
25 17
25 17
25 18
25 19
25 20
25 21
25 21
25 22
25 23
24 24
24 25
24 26
24 27
24 27
24 28
24 29
24 30
24 31
24 32
24 33
24 34
24 35
24 36
24 36
24 37
24 38
23 39
23 40
23 41
23 42
23 43
23 44
22 45
22 46
22 47
22 48
22 48
22 49
22 50
22 51
22 52
22 53
21 54
21 55
21 56
21 57
21 58
21 59
21 60
21 60
21 61
21 62
21 63
21 64
21 65
21 66
20 67
20 68
20 69
20 70
20 71
20 72
20 73
20 73
20 74
20 75
20 76
20 77
19 78
19 79
19 80
19 81
19 82
19 83
19 83
19 84
19 85
19 86
19 87
19 88
19 89
19 90
19 91
19 91
19 92
19 93
19 94
19 95
19 96
19 96
20 97
20 98
21 99
21 99
22 100
22 100
23 100
24 100
25 100
25 100
26 100
27 100
28 100
28 100
29 99
30 99
31 98
32 98
32 98
33 97
34 96
35 95
36 94
36 94
37 93
38 92
39 91
40 90
40 90
41 89
42 89
43 88
44 88
45 87
45 87
46 86
47 86
48 85
49 85
49 85
50 84
51 83
51 83
52 83
53 83
53 83
54 83
54 83
54 83
54 82
54 81
54 80
55 79
55 78
55 77
55 76
55 75
55 74
55 73
56 72
56 71
56 70
56 69
56 68
56 67
57 66
57 65
57 64
57 63
57 62
57 61
57 60
58 59
58 58
58 57
58 56
58 55
58 54
58 53
59 52
59 51
59 50
59 49
59 48
59 47
60 46
60 45
60 44
60 43
60 42
60 41
60 40
61 39
61 38
61 37
61 36
61 35
61 34
61 33
62 32
62 31
62 30
62 29
62 28
62 27
63 26
63 25
63 24
63 23
63 22
63 21
63 20
64 19
64 18
64 17
64 16
64 16
64 16
64 15
63 14
63 13
63 13
64 12
64 11
64 11
65 10
65 9
65 9
66 8
67 7
68 6
68 6
69 5
70 4
71 3
71 3
72 3
73 2
74 2
75 2
75 2
76 1
77 1
78 0
79 0
79 0
80 0
81 1
82 1
82 1
83 2
84 3
84 3
85 4
86 5
86 5
86 6
86 7
86 8
86 9
86 10
86 10
86 11
86 12
86 13
86 14
86 15
86 16
86 17
86 18
86 18
86 19
86 20
86 21
86 22
85 23
85 24
85 25
85 26
85 27
85 27
85 28
85 29
84 30
84 31
84 32
84 33
84 34
84 35
83 36
83 37
83 38
83 38
83 39
83 40
82 41
82 42
82 43
82 44
82 45
82 46
81 47
81 48
81 49
81 49
81 50
81 51
80 52
80 53
80 54
80 55
80 56
80 57
79 58
79 59
79 60
79 61
79 61
79 62
79 63
79 64
78 65
78 66
78 67
78 68
78 68
78 69
78 70
78 71
77 72
77 73
77 74
77 75
77 75
77 76
77 77
77 78
77 79
77 80
77 81
77 82
77 82
77 83
77 84
77 85
77 86
77 87
77 87
78 88
78 89
79 90
79 91
79 91
80 92
80 93
81 94
81 94
82 94
83 95
84 95
84 95
85 95
86 95
87 95
87 95
88 95
89 94
90 94
90 94
91 93
92 92
93 91
93 91
94 90
95 90
96 89
96 89
97 88
97 87
98 86
98 86
99 85
100 84
100 84
100 83
100 82
100 81
100 80
99 79
99 78
99 77
99 76
99 75
99 74
99 73
99 72
98 71
98 70
98 69
98 68
98 67
98 66
98 65
98 64
97 63
97 62
97 61
97 60
97 59
97 58
97 57
97 56
96 55
96 54
96 53
96 52
96 51
96 50
96 49
96 48
95 47
95 46
95 45
95 44
95 43
95 42
95 41
95 40
94 39
94 38
94 37
94 36
94 35
94 35
94 34
94 33
94 33
94 32
94 31
94 31
93 30
93 29
92 28
92 28
91 29
91 30
91 30
91 31
90 32
90 33
90 33
90 34
89 35
89 36
89 37
88 38
88 39
88 39
88 40
87 41
87 42
87 43
87 43
86 44
86 45
85 46
85 46
85 47
84 48
84 49
84 49
84 50
84 51
84 51
84 52
84 52
85 53
85 54
85 54
85 55
86 56
86 57
86 57
87 58
88 59
88 59
89 60
90 60
90 60
91 60
92 61
93 61
93 61
94 61
95 61
95 61
96 61
97 61
97 61
98 62
98 62
98 62
99 62
