3 27
4 27
4 27
4 26
4 26
4 25
4 24
4 24
5 24
5 24
6 23
7 22
7 22
8 21
9 21
10 20
10 20
11 19
12 18
12 17
13 16
13 16
14 15
15 14
16 14
17 13
17 13
18 12
19 11
20 11
21 10
22 9
22 9
23 8
24 8
25 7
26 7
26 7
27 6
28 5
29 5
30 4
30 4
31 3
32 3
33 2
33 2
34 1
35 1
35 1
36 0
36 0
37 1
37 1
36 2
36 3
35 4
34 5
34 6
33 7
33 8
32 9
31 10
31 11
30 12
29 13
29 14
28 15
27 16
27 17
26 18
25 19
25 20
24 21
24 22
23 23
22 24
22 25
21 26
20 27
20 28
19 29
18 30
18 31
17 32
17 33
16 34
15 35
15 36
14 37
13 38
13 39
12 40
11 41
11 42
10 43
9 44
9 45
8 46
8 47
7 48
6 49
6 50
5 51
5 51
5 52
4 53
4 54
4 55
3 56
3 57
3 58
3 59
2 60
2 61
2 62
1 63
1 64
1 64
1 65
1 66
0 67
0 68
0 69
0 69
0 70
0 71
0 71
0 72
0 72
1 72
1 72
2 71
3 71
3 71
4 70
5 70
6 69
6 69
7 68
8 68
9 67
9 67
10 66
11 65
12 65
13 64
14 63
14 63
15 62
16 61
17 60
18 59
18 59
19 58
20 57
21 57
22 56
23 55
23 55
24 54
25 53
26 53
27 52
27 52
28 51
29 50
30 49
30 49
31 48
32 47
33 46
33 46
34 45
35 44
35 44
36 43
37 42
37 42
36 41
36 40
35 39
35 38
34 37
34 36
33 35
32 34
32 33
31 32
31 31
30 30
30 29
29 28
29 27
28 26
28 26
28 26
28 26
27 27
27 27
27 28
27 29
27 29
27 30
26 31
26 32
26 32
26 33
26 34
26 35
26 36
26 37
26 37
26 38
26 39
25 40
25 41
25 42
25 43
25 43
25 44
25 45
24 46
24 47
24 48
24 49
24 49
24 50
24 51
24 52
23 53
23 54
23 55
23 56
23 56
23 57
22 58
22 59
22 60
22 61
21 62
21 63
21 63
21 64
20 65
20 66
20 67
20 68
19 69
19 70
19 71
19 71
19 72
19 73
19 74
18 75
18 76
18 77
18 78
18 78
18 79
18 80
18 81
17 82
17 83
17 84
17 85
17 85
17 86
17 87
17 88
17 89
17 90
17 91
17 91
17 92
17 93
17 94
17 95
17 95
18 96
18 97
19 98
19 98
20 99
21 100
21 100
22 100
23 100
23 100
24 100
25 99
26 99
26 99
27 98
28 98
29 97
30 97
30 97
31 96
32 95
33 94
34 93
34 93
35 92
36 91
37 90
37 90
38 89
39 88
40 87
41 86
41 86
42 85
42 84
43 83
43 83
43 82
44 81
44 80
45 79
45 78
45 77
46 76
46 75
47 74
47 73
47 72
48 71
48 70
49 69
49 68
49 67
50 66
50 65
51 64
51 63
51 62
52 61
52 60
53 59
53 58
53 57
54 56
54 55
55 54
55 53
55 52
56 51
56 50
57 49
57 48
57 47
58 46
58 45
59 44
59 43
59 42
60 41
60 40
61 39
61 38
61 37
62 36
62 35
63 34
63 33
63 32
64 31
64 30
65 29
65 28
65 28
64 28
63 28
63 28
63 27
63 27
63 27
64 26
64 26
65 25
65 25
66 24
67 23
67 23
68 22
69 21
69 21
70 20
71 19
71 19
72 18
73 18
73 18
74 17
75 17
75 17
76 16
77 16
77 16
78 16
78 16
79 16
79 16
79 17
79 17
79 18
79 19
79 19
79 20
79 21
79 21
79 22
78 23
78 24
78 25
78 25
78 26
77 27
77 28
77 29
77 29
77 30
77 31
76 32
76 33
76 34
76 34
76 35
76 36
75 37
75 38
75 39
75 40
75 40
75 41
74 42
74 43
74 44
73 45
73 46
73 46
73 47
73 48
72 49
72 50
72 51
72 52
72 52
72 53
72 54
71 55
71 56
71 57
71 58
71 58
71 59
71 60
71 61
71 62
71 63
71 64
71 65
71 65
71 66
71 67
71 68
71 69
71 70
71 70
71 71
71 72
71 73
71 74
71 74
71 75
72 76
72 77
72 77
73 78
73 79
74 80
74 80
75 81
76 82
76 82
77 82
78 82
79 82
79 82
80 82
81 81
82 81
83 81
83 81
84 81
85 80
86 80
87 80
87 80
88 80
89 79
90 79
90 79
91 79
92 78
93 78
94 78
94 78
95 77
96 77
96 77
97 77
98 77
98 77
99 76
99 76
100 76
100 76
100 75
100 74
99 73
99 72
99 71
99 70
99 69
99 68
98 67
98 66
98 65
98 64
98 63
97 62
97 61
97 60
97 59
97 58
96 57
96 56
96 55
96 54
96 53
96 52
95 51
95 50
95 49
95 48
95 47
94 46
94 45
94 44
94 43
94 42
93 41
93 40
93 39
93 38
93 37
93 36
92 35
92 34
92 33
92 33
93 34
93 34
92 34
92 34
91 34
91 34
90 35
90 35
89 36
88 36
88 36
87 37
87 38
87 38
86 39
85 40
85 40
84 41
83 42
83 42
82 43
81 44
81 44
80 45
80 46
80 46
79 47
79 48
79 48
79 49
79 50
79 50
79 51
79 51
80 52
80 53
80 53
81 54
82 54
82 54
83 54
84 55
85 55
85 55
86 55
87 55
88 55
88 55
89 55
90 55
91 55
92 55
92 55
93 55
94 55
95 55
96 55
