9 23
10 22
10 22
9 22
9 22
10 21
10 21
11 20
11 20
12 19
13 18
13 18
14 17
15 16
15 16
16 15
17 15
18 14
18 14
19 13
20 12
20 12
21 11
22 10
23 9
23 9
24 8
25 7
25 7
26 6
26 5
26 5
27 4
27 4
28 4
28 4
29 4
29 4
29 5
28 6
28 7
27 8
27 9
27 10
26 11
26 12
25 13
25 14
24 15
24 16
24 17
23 18
23 19
22 20
22 21
22 22
21 23
21 24
20 25
20 26
19 27
19 28
19 29
18 30
18 31
17 32
17 33
17 34
16 35
16 36
15 37
15 38
14 39
14 40
14 41
13 42
13 43
12 44
12 45
12 46
11 47
11 48
10 49
10 50
10 51
9 52
9 53
8 54
8 55
7 56
7 57
7 58
6 59
6 60
5 61
5 62
5 63
4 64
4 65
3 66
3 67
2 68
2 69
2 70
1 71
1 72
0 73
0 74
0 74
0 75
0 76
0 77
0 78
0 79
0 79
0 79
0 79
1 78
1 77
1 77
2 76
3 75
3 75
4 74
5 73
6 72
6 72
7 71
8 70
8 69
9 68
10 67
10 67
11 66
11 65
12 64
13 63
13 62
14 61
14 61
15 60
16 59
17 58
17 57
18 56
19 55
19 55
20 54
21 53
21 52
22 51
23 50
23 50
24 49
25 48
26 47
26 46
27 45
28 44
28 44
29 43
30 42
31 41
32 40
32 40
33 39
34 38
35 37
35 37
36 36
36 36
37 35
38 35
38 35
38 35
39 35
39 35
38 36
38 36
37 36
36 36
35 36
34 37
33 37
32 37
31 37
30 37
29 37
28 37
27 38
26 38
25 38
24 38
24 38
24 37
24 37
24 36
24 36
24 36
25 36
25 36
25 37
25 38
25 38
25 39
25 40
25 41
25 41
25 42
25 43
25 44
25 45
25 45
25 46
25 47
24 48
24 49
24 50
24 50
24 51
24 52
24 53
24 54
24 55
24 56
24 56
24 57
24 58
23 59
23 60
23 61
23 62
23 62
23 63
23 64
23 65
22 66
22 67
22 68
22 69
22 70
22 70
22 71
22 72
22 73
21 74
21 75
21 76
21 77
21 77
21 78
21 79
21 80
21 81
21 82
21 83
21 83
21 84
21 85
21 86
21 87
21 88
21 88
21 89
21 90
22 91
22 92
22 93
22 93
22 94
22 95
22 96
22 96
22 97
23 98
23 99
23 99
24 100
24 100
25 100
26 100
26 100
27 100
27 100
28 99
29 99
30 98
30 98
31 97
32 96
33 95
33 95
34 94
35 93
35 92
36 91
36 91
37 90
37 89
38 88
38 88
39 87
40 86
41 85
41 85
42 84
42 83
43 82
43 82
44 81
45 81
45 81
46 80
46 80
46 79
46 79
47 79
47 79
47 79
47 79
47 79
46 79
46 79
46 79
46 78
47 77
47 76
47 75
48 74
48 73
48 72
49 71
49 70
49 69
50 68
50 67
50 66
51 65
51 64
51 63
52 62
52 61
52 60
53 59
53 58
53 57
54 56
54 55
54 54
55 53
55 52
55 51
56 50
56 49
56 48
57 47
57 46
57 45
58 44
58 43
58 42
59 41
59 40
59 39
60 38
60 37
60 36
61 35
61 34
61 33
62 32
62 31
62 30
63 29
63 28
63 27
64 26
64 25
64 24
65 23
65 22
65 22
65 21
65 20
65 19
65 18
65 18
65 17
65 16
65 16
65 15
65 14
65 14
66 13
66 12
66 12
67 11
67 10
68 9
68 9
69 8
69 7
70 6
70 6
71 5
72 4
72 4
73 3
74 2
74 2
75 1
76 1
76 1
77 0
78 0
78 0
79 1
80 1
80 1
81 2
81 2
81 3
81 4
81 5
81 5
81 6
82 7
82 8
82 8
82 9
82 10
82 11
82 12
82 12
82 13
82 14
82 15
82 16
82 17
82 18
82 18
82 19
82 20
81 21
81 22
81 23
81 23
81 24
81 25
81 26
80 27
80 28
80 29
80 30
80 30
80 31
80 32
80 33
79 34
79 35
79 36
79 37
79 37
79 38
79 39
78 40
78 41
78 42
78 43
78 43
78 44
78 45
78 46
78 47
78 48
78 49
78 50
78 50
78 51
77 52
77 53
77 54
77 55
76 56
76 57
76 57
76 58
76 59
76 60
76 61
76 62
76 63
76 63
76 64
76 65
75 66
75 67
75 68
75 68
75 69
76 70
76 71
76 72
76 72
76 73
76 74
76 75
76 75
77 76
77 77
77 77
78 77
79 77
79 77
80 77
81 77
81 77
82 77
83 76
84 76
84 76
85 76
86 75
87 75
87 75
88 74
89 73
89 73
90 72
91 71
92 70
92 70
93 69
93 68
94 67
94 67
95 66
96 65
96 65
97 64
97 63
97 63
98 62
99 62
99 62
99 61
99 60
99 60
99 60
99 59
99 59
99 58
99 58
98 57
98 56
98 56
97 55
97 55
97 54
97 53
97 52
97 51
97 50
97 49
97 48
97 47
97 46
97 45
97 44
97 43
97 42
96 41
96 40
96 39
96 38
96 37
96 36
96 35
96 34
96 33
96 32
96 31
96 30
96 29
96 28
96 27
96 27
96 26
97 25
97 24
97 23
97 23
97 22
97 21
97 20
97 20
97 19
97 19
97 18
97 18
97 18
97 18
96 18
96 18
95 19
95 20
95 20
94 21
94 22
94 22
93 23
93 24
92 25
92 25
91 26
91 27
90 28
90 29
90 29
89 30
89 31
88 32
88 33
88 33
88 34
87 35
87 36
87 36
86 37
86 38
85 39
85 39
84 40
84 41
84 41
84 42
84 43
84 43
84 44
84 44
84 44
84 45
84 45
85 45
85 45
86 46
86 46
87 46
87 46
88 46
89 46
89 46
90 46
90 46
91 46
92 46
92 46
93 46
94 46
94 46
95 47
95 47
96 48
97 48
97 48
98 49
98 49
98 49
99 50
99 50
99 50
100 50
100 50
