0 20
0 21
1 22
1 23
1 23
0 22
0 22
0 21
0 21
0 21
0 21
1 20
2 19
2 19
3 18
3 17
3 17
4 16
4 15
5 14
5 14
6 13
7 12
8 11
8 11
9 10
10 9
10 9
11 8
12 8
12 8
13 7
13 7
14 7
14 7
14 8
13 9
13 10
13 11
13 12
12 13
12 14
12 15
11 16
11 17
11 18
11 19
10 20
10 21
10 22
9 23
9 24
9 25
8 26
8 27
8 28
8 29
7 30
7 31
7 32
6 33
6 34
6 35
6 36
5 37
5 38
5 39
4 40
4 41
4 42
4 43
3 44
3 45
3 45
3 46
3 47
2 48
2 49
2 50
2 51
2 52
1 53
1 54
1 55
1 55
0 56
0 56
0 56
1 57
1 57
2 56
3 56
3 56
4 55
4 54
4 54
5 53
6 53
7 52
7 52
8 51
9 50
10 49
10 49
11 48
11 47
12 46
12 45
12 45
13 44
14 43
14 43
15 42
16 41
17 40
17 40
18 39
19 38
19 38
20 37
20 36
20 36
19 35
19 34
18 33
18 32
17 31
17 30
16 29
16 28
15 27
15 27
14 28
14 28
14 28
13 29
13 29
13 30
13 30
13 31
13 32
13 33
13 34
13 34
13 35
12 36
12 37
12 38
12 38
12 39
12 40
12 41
12 42
12 42
12 43
12 44
12 45
12 46
12 47
12 48
12 48
12 49
12 50
11 51
11 52
11 53
11 53
11 54
11 55
11 56
11 57
11 58
11 59
11 59
11 60
11 61
11 62
10 63
10 64
10 65
10 66
10 66
10 67
10 68
10 69
10 70
10 71
10 71
10 72
10 73
9 74
9 75
9 76
9 77
9 77
9 78
9 79
8 80
8 81
8 82
8 83
8 83
8 84
8 85
8 86
8 87
8 88
8 89
8 89
8 90
7 91
7 92
7 93
7 93
7 94
7 95
7 96
7 97
7 97
7 98
7 99
7 99
7 100
7 100
8 100
8 100
9 100
9 100
10 100
10 100
11 99
12 98
12 98
13 97
14 96
14 96
15 95
16 94
17 93
17 93
18 92
19 91
20 90
20 90
21 89
22 88
23 87
23 87
24 86
25 85
25 84
26 83
26 83
27 82
28 81
28 80
29 79
29 79
30 78
31 77
32 76
32 76
33 75
33 74
34 73
34 73
35 72
35 71
36 70
36 70
37 69
37 68
37 68
37 67
38 66
38 65
38 64
39 63
39 62
39 61
40 60
40 59
41 58
41 57
41 56
42 55
42 54
42 53
43 52
43 51
43 50
44 49
44 48
44 47
45 46
45 45
45 44
46 43
46 42
47 41
47 40
47 39
48 38
48 37
48 36
49 35
49 34
49 33
50 32
50 31
50 30
51 29
51 28
51 27
52 26
52 25
52 24
53 23
53 22
54 21
54 20
54 19
55 18
55 17
55 16
56 15
56 14
56 14
56 13
56 13
55 13
55 13
55 13
55 13
56 13
56 13
57 12
57 12
58 11
59 11
59 11
60 10
61 10
61 10
62 9
63 8
63 8
64 7
65 6
65 6
66 5
67 4
67 4
68 3
69 3
69 3
70 2
71 2
71 2
72 1
73 1
73 1
74 0
74 0
75 1
75 1
75 2
75 2
75 3
75 4
75 4
75 5
74 6
74 7
74 7
74 8
74 9
73 10
73 11
73 12
73 12
73 13
73 14
72 15
72 16
72 17
72 18
72 18
72 19
71 20
71 21
71 22
71 23
70 24
70 25
70 25
70 26
70 27
70 28
69 29
69 30
69 31
69 32
69 32
69 33
69 34
69 35
68 36
68 37
68 38
68 39
68 39
68 40
68 41
68 42
67 43
67 44
67 45
67 46
67 46
67 47
67 48
67 49
66 50
66 51
66 52
66 53
66 53
66 54
66 55
66 56
66 57
66 58
66 59
66 60
66 60
66 61
66 62
66 63
66 64
66 65
66 66
66 66
66 67
66 68
66 69
66 70
66 71
66 72
66 72
66 73
66 74
66 75
66 76
66 76
67 77
67 78
68 79
68 79
69 80
69 81
69 81
70 82
71 83
71 83
72 83
73 84
74 84
74 84
75 84
76 83
77 83
78 83
78 83
79 82
80 82
81 81
81 81
82 80
83 80
84 79
84 79
85 78
86 78
87 77
87 77
88 76
89 75
90 74
90 74
91 73
92 72
92 72
92 71
92 70
91 69
91 68
91 67
91 66
91 65
90 64
90 63
90 62
90 61
90 60
90 59
89 58
89 57
89 56
89 55
89 54
88 53
88 52
88 51
88 50
88 49
87 48
87 47
87 46
87 45
87 44
87 43
86 42
86 41
86 40
86 39
86 38
85 37
85 36
85 35
85 34
85 33
84 32
84 31
84 30
84 29
84 28
84 27
83 26
83 25
83 24
83 24
83 23
83 22
83 21
83 20
83 20
83 19
83 19
83 19
83 20
83 20
82 21
82 21
81 22
81 22
80 23
80 24
80 24
80 25
79 26
79 27
79 27
78 28
78 29
77 30
77 30
77 31
76 32
76 33
76 33
76 34
75 35
75 36
75 36
74 37
74 38
74 38
74 39
74 40
74 40
74 41
74 42
74 42
75 43
75 43
76 44
76 45
76 45
77 45
78 46
79 46
79 46
80 46
81 46
82 46
82 46
83 46
84 46
85 46
85 46
86 46
87 47
88 47
88 47
89 47
90 47
91 47
92 47
92 47
93 47
94 47
95 47
96 47
96 47
97 47
98 48
99 48
100 48
