5 16
4 15
4 14
4 14
3 14
3 14
3 14
3 14
3 14
4 13
4 13
5 12
5 12
6 11
7 11
7 11
8 10
9 9
9 9
10 8
11 7
11 7
12 6
13 6
14 5
14 5
15 4
15 3
15 3
16 2
17 2
17 2
18 1
19 1
19 1
20 0
20 0
21 0
21 0
21 1
21 1
21 2
20 3
20 4
19 5
19 6
19 7
18 8
18 9
18 10
17 11
17 12
16 13
16 14
16 15
15 16
15 17
15 18
14 19
14 20
13 21
13 22
13 23
12 24
12 25
11 26
11 27
11 28
10 29
10 30
10 31
9 32
9 33
8 34
8 35
8 36
7 37
7 38
6 39
6 40
6 41
5 42
5 43
5 44
4 45
4 46
3 47
3 48
3 49
2 50
2 51
2 52
1 53
1 54
0 55
0 56
0 56
0 57
0 58
0 59
0 60
0 61
0 62
0 63
0 63
0 63
1 63
1 63
2 62
2 62
3 61
4 61
4 61
5 60
6 59
7 58
7 58
8 57
9 57
10 56
10 56
11 55
12 54
13 53
13 53
14 52
15 51
16 51
17 50
17 50
18 49
19 48
20 47
20 47
21 46
22 46
23 45
24 45
24 45
25 44
26 44
26 44
27 43
28 42
28 42
29 42
29 42
30 41
30 41
31 41
31 41
31 41
30 41
30 41
29 40
28 39
27 38
26 37
25 37
24 36
23 35
22 34
21 33
21 33
22 32
22 32
22 31
22 31
22 31
22 31
22 32
22 32
22 33
22 34
22 34
22 35
21 36
21 37
21 38
21 38
21 39
21 40
21 41
21 42
21 43
21 43
21 44
21 45
20 46
20 47
20 48
20 48
20 49
20 50
20 51
19 52
19 53
19 54
19 55
19 55
19 56
19 57
19 58
18 59
18 60
18 61
18 62
18 62
18 63
18 64
17 65
17 66
17 67
17 68
17 68
17 69
17 70
17 71
16 72
16 73
16 74
16 75
16 75
16 76
16 77
16 78
16 79
16 80
16 81
16 82
16 82
16 83
16 84
16 85
16 86
16 87
16 88
16 88
16 89
16 90
16 91
16 92
16 92
16 93
16 94
16 95
16 96
16 96
17 97
17 98
17 98
18 99
19 100
19 100
20 100
21 100
21 100
22 100
23 100
23 100
24 100
25 99
26 99
26 99
27 98
28 97
29 96
29 96
30 95
31 95
32 94
32 94
33 93
34 92
35 92
36 91
36 91
37 90
38 89
39 89
40 88
40 88
41 87
42 87
43 86
43 86
44 85
45 84
45 84
46 83
47 83
47 83
48 82
49 81
49 81
50 81
50 81
51 80
51 80
51 80
51 80
51 80
50 80
50 80
50 79
50 78
51 77
51 76
51 75
51 74
52 73
52 72
52 71
52 70
53 69
53 68
53 67
53 66
54 65
54 64
54 63
54 62
55 61
55 60
55 59
55 58
55 57
56 56
56 55
56 54
56 53
57 52
57 51
57 50
57 49
58 48
58 47
58 46
58 45
59 44
59 43
59 42
59 41
59 40
60 39
60 38
60 37
60 36
61 35
61 34
61 33
61 32
62 31
62 30
62 29
62 28
63 27
63 26
63 25
63 24
64 23
64 22
64 21
64 21
64 21
64 20
64 19
64 18
64 18
64 17
65 16
65 15
65 15
66 14
67 14
67 14
68 13
69 12
69 12
70 12
71 11
72 11
72 11
73 10
74 10
74 10
75 9
76 9
76 9
77 9
78 9
78 9
79 9
80 9
80 9
81 10
81 10
82 11
83 12
83 12
83 13
83 14
83 15
83 15
83 16
84 17
84 18
84 18
84 19
84 20
84 21
84 22
84 22
84 23
84 24
84 25
84 26
84 26
84 27
84 28
83 29
83 30
83 31
83 32
83 32
83 33
83 34
82 35
82 36
82 37
82 37
82 38
82 39
81 40
81 41
81 42
81 43
81 43
81 44
80 45
80 46
80 47
80 48
79 49
79 50
79 50
79 51
79 52
79 53
78 54
78 55
78 56
78 57
78 57
78 58
78 59
78 60
77 61
77 62
77 63
77 64
77 64
77 65
77 66
76 67
76 68
76 69
76 69
76 70
76 71
76 72
76 73
76 74
76 74
76 75
75 76
75 77
75 78
75 78
75 79
75 80
75 81
75 81
76 82
76 83
76 83
77 84
77 85
77 85
78 85
79 85
79 85
80 84
81 84
81 84
82 83
83 82
83 82
84 81
85 81
86 80
86 80
87 79
87 78
88 77
88 77
89 76
90 76
91 75
91 75
92 74
93 73
93 73
94 72
95 71
95 71
96 70
97 70
97 70
98 69
98 69
98 68
98 68
98 67
98 67
98 66
98 66
98 65
98 65
97 64
97 63
97 63
96 62
96 61
96 61
96 60
96 59
96 58
96 57
96 56
96 55
96 54
96 53
96 52
96 51
96 50
96 49
96 48
96 47
96 46
96 45
96 44
96 43
96 42
96 42
96 41
96 40
96 39
97 38
97 37
97 36
97 35
97 35
97 34
97 33
97 32
97 32
97 31
97 30
97 29
97 29
97 28
97 27
97 27
98 26
98 26
97 25
97 25
97 25
97 26
97 26
96 27
95 27
95 27
95 28
94 29
94 30
94 30
93 31
92 32
92 32
91 33
91 34
90 35
90 35
89 36
89 37
89 37
89 38
88 39
88 40
88 40
88 41
87 42
87 43
87 43
87 44
87 45
87 45
86 46
86 47
86 47
86 48
86 49
86 49
86 50
86 50
87 51
87 51
87 52
87 52
88 52
89 52
89 52
90 53
90 53
91 53
92 53
92 53
93 53
94 53
94 53
95 53
96 53
96 53
97 53
97 53
98 53
98 53
99 54
99 54
99 54
100 54
100 54
100 54
99 54
99 54
99 54
98 54
