2 41
1 41
1 41
0 40
0 40
0 39
0 39
0 38
0 38
0 37
0 37
0 37
0 36
0 36
1 35
1 35
2 34
2 33
2 33
3 32
3 31
4 30
4 30
5 29
6 28
7 27
7 27
8 26
9 25
9 24
10 23
10 23
11 22
11 21
12 20
12 19
12 19
13 18
14 17
14 17
15 16
16 15
16 15
17 14
18 14
18 14
19 14
19 14
19 15
19 15
19 16
18 17
18 18
17 19
17 20
17 21
16 22
16 23
15 24
15 25
15 26
14 27
14 28
13 29
13 30
13 31
12 32
12 33
11 34
11 35
11 36
10 37
10 38
9 39
9 40
9 41
8 42
8 43
7 44
7 45
7 46
6 47
6 48
5 49
5 50
5 51
4 52
4 53
3 54
3 55
3 56
2 57
2 58
1 59
1 60
1 60
1 61
1 62
1 63
1 64
1 65
1 66
1 66
1 67
1 67
2 68
2 68
3 68
3 68
4 67
5 67
5 67
6 66
7 65
7 65
8 64
8 63
9 62
9 62
10 61
11 60
12 59
12 59
13 58
13 57
14 56
14 55
14 55
15 54
16 53
17 52
17 52
18 51
19 50
19 50
20 49
21 48
21 48
22 48
22 48
23 47
23 47
23 47
23 47
23 48
23 48
22 47
21 46
20 45
19 44
19 43
18 42
17 41
16 40
16 40
17 40
17 40
16 40
16 40
16 39
16 39
16 39
17 40
17 40
17 41
17 41
17 42
17 43
17 44
17 45
17 45
17 46
16 47
16 48
16 49
16 49
16 50
16 51
16 52
16 53
16 54
16 54
16 55
16 56
15 57
15 58
15 59
15 60
15 60
15 61
15 62
15 63
15 64
15 65
15 66
15 67
15 67
15 68
15 69
15 70
14 71
14 72
14 73
14 74
14 74
14 75
14 76
14 77
13 78
13 79
13 80
13 81
13 81
13 82
13 83
13 84
13 85
13 86
13 87
13 87
13 88
13 89
13 90
13 91
13 91
13 92
14 93
14 94
14 95
14 95
14 96
15 97
15 98
15 98
16 99
16 100
16 100
17 100
17 100
18 100
19 100
20 100
20 100
21 99
22 98
22 98
23 97
24 96
25 95
25 95
26 94
27 93
28 92
29 91
29 91
30 90
31 89
32 88
33 87
33 87
34 86
35 85
36 84
36 84
37 83
38 82
39 81
40 80
40 80
41 79
41 78
42 77
42 77
43 76
44 76
45 75
45 75
46 74
46 73
46 73
47 72
47 72
48 72
48 72
48 71
48 71
48 71
48 71
48 71
48 71
48 71
47 71
47 71
47 70
47 69
48 68
48 67
48 66
48 65
48 64
48 63
49 62
49 61
49 60
49 59
49 58
50 57
50 56
50 55
50 54
50 53
50 52
51 51
51 50
51 49
51 48
51 47
52 46
52 45
52 44
52 43
52 42
53 41
53 40
53 39
53 38
53 37
53 36
54 35
54 34
54 33
54 32
54 31
55 30
55 29
55 28
55 27
55 26
55 25
56 24
56 23
56 22
56 22
56 21
56 20
56 20
56 19
56 18
56 18
57 17
57 17
58 16
58 15
59 14
59 14
60 13
61 12
61 11
62 10
62 10
63 9
64 8
65 7
65 7
66 6
67 5
67 5
68 4
69 3
69 3
70 2
71 2
72 1
72 1
73 1
74 1
74 1
75 0
75 0
76 1
76 1
77 2
77 2
77 3
77 4
77 4
77 5
77 6
77 7
77 7
77 8
77 9
77 10
77 11
77 12
77 12
77 13
77 14
77 15
77 16
77 16
77 17
77 18
76 19
76 20
76 21
76 21
76 22
76 23
76 24
76 25
76 26
76 27
76 28
76 28
76 29
76 30
76 31
75 32
75 33
75 34
75 35
75 35
75 36
75 37
75 38
74 39
74 40
74 41
74 42
74 42
74 43
74 44
74 45
74 46
74 47
74 48
74 49
74 49
74 50
74 51
73 52
73 53
73 54
73 55
73 55
73 56
73 57
74 58
74 59
74 60
74 60
74 61
75 62
75 63
75 64
75 64
75 65
76 66
76 67
76 67
77 68
77 69
77 69
78 70
79 70
79 70
80 70
81 70
81 70
82 69
83 69
84 68
85 68
85 68
86 67
87 67
88 66
88 66
89 65
90 64
90 63
91 62
91 62
92 61
93 60
94 59
94 59
95 58
95 57
96 56
96 56
97 55
98 54
98 54
99 53
99 52
99 52
99 52
100 51
100 51
99 51
99 51
99 51
98 50
98 50
97 50
96 50
96 50
96 49
96 48
95 47
95 46
95 45
95 44
95 43
94 42
94 41
94 40
94 39
93 38
93 37
93 36
93 35
93 34
92 33
92 32
92 31
92 31
92 30
92 29
92 28
92 27
92 26
92 25
92 24
92 24
92 23
92 22
92 21
92 20
92 20
92 19
92 18
92 17
92 17
92 16
92 16
92 15
92 14
92 14
92 14
92 14
91 15
91 15
90 16
90 16
89 17
89 18
88 19
88 19
88 20
87 21
87 22
87 22
86 23
86 24
85 25
85 25
85 26
84 27
84 28
84 29
84 29
84 30
83 31
83 32
83 32
83 33
82 34
82 35
82 36
82 36
82 37
81 38
81 39
81 39
80 40
80 41
80 41
80 42
80 43
80 43
80 44
80 45
80 45
81 46
81 47
81 47
82 47
82 47
83 48
83 48
84 48
85 48
85 48
86 47
87 47
87 47
88 46
89 46
89 46
90 45
91 45
91 45
92 44
93 44
93 44
94 44
95 44
95 44
96 43
96 43
96 43
97 43
97 43
97 43
97 43
97 43
96 43
