0 26
0 27
0 28
0 28
0 27
0 27
0 27
1 26
1 26
2 25
2 24
2 24
3 23
4 22
4 22
5 21
6 21
7 20
7 20
8 19
8 18
9 17
9 17
10 16
11 15
11 15
12 14
12 13
13 12
13 12
14 11
15 11
15 11
16 10
17 10
17 10
17 11
16 12
16 13
16 14
15 15
15 16
15 17
14 18
14 19
14 20
13 21
13 22
13 23
12 24
12 25
12 26
11 27
11 28
11 29
10 30
10 31
9 32
9 33
9 34
8 35
8 36
8 37
7 38
7 39
7 40
6 41
6 42
6 43
5 44
5 45
5 46
4 47
4 48
4 49
3 50
3 51
3 51
3 52
3 53
3 54
3 55
2 56
2 57
2 58
2 59
2 60
2 61
2 61
1 60
1 60
1 60
2 61
2 61
3 61
3 61
4 60
5 60
5 60
6 59
7 58
7 58
8 57
8 56
9 55
9 55
10 54
11 53
12 52
12 52
13 51
13 50
14 49
14 49
15 48
15 47
16 46
16 45
16 45
17 44
17 43
18 42
18 42
19 41
19 40
20 39
20 39
20 38
19 37
19 36
19 35
18 34
18 33
18 32
17 31
17 30
17 29
16 28
16 27
16 26
15 25
15 24
15 24
15 25
15 26
15 26
14 26
14 26
14 27
14 27
14 28
14 29
14 29
14 30
14 31
14 32
14 33
14 33
14 34
13 35
13 36
13 37
13 37
13 38
13 39
13 40
13 41
13 42
13 42
13 43
13 44
13 45
13 46
13 47
13 47
13 48
13 49
13 50
13 51
13 52
13 53
13 53
13 54
13 55
12 56
12 57
12 58
12 59
12 59
12 60
12 61
12 62
11 63
11 64
11 65
11 66
11 66
11 67
11 68
11 69
11 70
11 71
11 72
11 72
11 73
11 74
10 75
10 76
10 77
10 78
10 78
10 79
10 80
9 81
9 82
9 83
9 84
9 84
9 85
9 86
8 87
8 88
8 89
8 89
8 90
8 91
8 92
8 92
8 93
8 94
8 95
8 96
8 96
8 97
8 98
8 98
8 99
8 100
8 100
8 100
9 100
9 100
10 100
10 100
11 99
12 99
12 99
13 98
13 97
14 96
14 96
15 95
15 94
16 93
16 93
17 92
18 91
18 90
19 89
19 89
20 88
21 87
22 86
22 86
23 85
23 84
24 83
24 82
25 81
25 81
26 80
27 79
27 78
28 77
28 77
29 76
30 75
30 74
31 73
31 73
32 72
33 71
33 70
34 69
34 69
35 68
35 67
36 66
36 66
37 65
38 64
38 64
39 63
40 62
40 62
40 61
40 60
41 59
41 58
41 57
41 56
41 55
42 54
42 53
42 52
42 51
42 50
42 49
43 48
43 47
43 46
43 45
43 44
44 43
44 42
44 41
44 40
44 39
45 38
45 37
45 36
45 35
45 34
46 33
46 32
46 31
46 30
46 29
47 28
47 27
47 26
47 25
47 24
47 23
48 22
48 21
48 20
48 19
48 18
49 17
49 16
49 15
49 15
49 16
49 17
49 18
49 18
48 17
48 17
47 17
47 17
48 17
48 17
48 17
49 16
49 16
50 15
50 15
51 14
52 13
52 13
53 12
53 11
54 10
54 10
55 9
55 8
56 7
56 7
57 6
57 5
58 4
58 4
59 3
60 2
60 2
61 1
62 1
62 1
63 0
64 0
64 0
64 0
64 1
64 1
64 2
64 2
64 3
64 4
64 4
64 5
63 6
63 7
63 7
63 8
63 9
62 10
62 11
62 12
62 13
62 13
62 14
62 15
61 16
61 17
61 18
61 18
61 19
61 20
61 21
60 22
60 23
60 24
60 25
60 25
60 26
59 27
59 28
59 29
59 30
58 31
58 32
58 32
58 33
58 34
58 35
57 36
57 37
57 38
57 39
57 40
57 40
57 41
57 42
57 43
56 44
56 45
56 46
56 47
56 47
56 48
56 49
56 50
56 51
56 52
56 53
56 54
56 54
56 55
56 56
55 57
55 58
55 59
55 60
55 60
55 61
55 62
55 63
55 64
55 65
55 66
55 66
55 67
55 68
55 69
55 70
55 71
55 71
55 72
55 73
56 74
56 75
56 76
56 76
56 77
57 78
57 79
57 79
58 80
58 81
58 81
59 82
60 83
60 83
61 83
62 83
63 83
63 83
64 83
65 82
66 82
66 82
67 81
68 81
69 80
69 80
70 79
71 78
72 77
72 77
73 76
74 76
75 75
76 75
76 75
77 74
77 73
78 72
78 72
79 71
80 70
81 69
81 69
82 68
83 67
83 67
83 66
84 65
84 64
84 64
84 63
84 62
84 61
83 60
83 59
83 58
83 57
83 56
83 55
82 54
82 53
82 52
82 51
82 50
82 49
81 48
81 47
81 46
81 45
81 44
81 43
81 42
80 41
80 40
80 39
80 38
80 37
80 36
79 35
79 34
79 33
79 32
79 31
79 30
78 29
78 28
78 27
78 26
78 26
78 25
77 24
77 23
77 22
77 22
76 21
76 20
75 19
75 19
74 18
74 17
74 17
73 17
73 17
72 18
72 19
72 19
71 20
71 21
71 21
70 22
70 23
70 23
69 24
68 25
67 26
67 26
66 27
66 28
65 29
65 29
64 30
64 31
63 32
63 32
63 33
62 34
62 35
62 35
62 36
61 37
61 38
61 38
60 39
60 40
60 40
60 41
60 41
61 42
61 43
61 43
62 44
63 44
63 44
64 44
65 44
66 44
67 44
67 44
68 44
69 44
70 44
71 44
71 44
72 44
73 43
74 43
75 43
75 43
76 43
77 43
78 43
79 43
80 43
80 43
81 43
82 43
83 43
84 43
85 43
85 43
86 43
87 43
88 42
89 42
90 42
90 42
91 42
92 42
93 42
94 42
95 42
95 42
96 42
97 42
98 42
99 42
100 42
