7 16
6 17
6 18
6 18
6 17
5 16
5 15
5 14
5 14
5 13
5 13
6 12
7 12
7 12
8 11
9 11
9 11
10 11
11 10
12 10
12 10
13 10
14 9
15 9
16 9
16 9
17 9
18 8
19 8
20 8
20 8
21 7
22 7
23 6
24 6
24 6
25 6
26 5
27 5
28 5
28 5
29 5
30 5
30 5
31 5
32 5
32 5
33 6
33 6
32 7
32 8
31 9
31 10
30 11
30 12
29 13
29 14
28 15
28 16
27 17
26 18
26 19
25 20
25 21
24 22
24 23
23 24
23 25
22 26
22 27
21 28
20 29
20 30
19 31
19 32
18 33
18 34
17 35
17 36
16 37
16 38
15 39
15 40
14 41
13 42
13 43
12 44
12 45
11 46
11 47
10 48
10 49
9 50
9 51
8 52
7 53
7 54
6 55
6 56
5 57
5 58
4 59
4 60
3 61
3 62
2 63
2 63
2 64
2 65
1 66
1 67
1 68
1 69
0 70
0 71
0 72
0 72
0 71
0 70
0 70
1 69
1 68
1 68
2 67
3 66
3 66
4 65
5 65
6 64
6 64
7 64
8 63
9 63
10 62
11 62
11 62
12 61
13 61
14 60
15 60
16 59
16 59
17 58
18 58
19 57
20 57
21 56
22 56
22 56
23 55
24 55
25 54
26 54
27 53
27 53
28 52
29 52
30 51
31 51
32 50
32 50
33 49
34 49
35 48
36 48
36 48
37 47
38 47
39 46
39 46
40 45
41 45
41 45
40 44
39 43
38 42
37 41
36 41
35 40
34 39
33 38
32 37
31 36
30 35
29 34
28 33
27 33
26 32
25 31
24 30
23 29
23 29
22 30
22 30
21 29
21 28
21 28
21 29
21 30
21 30
21 31
21 32
21 33
21 33
21 34
21 35
21 36
21 37
21 38
21 39
21 40
21 40
21 41
21 42
21 43
21 44
21 45
21 46
21 47
21 48
21 49
21 49
21 50
21 51
21 52
21 53
21 54
21 55
21 56
21 57
21 58
21 59
21 60
21 60
21 61
21 62
21 63
21 64
21 65
21 66
21 67
21 68
21 69
21 70
21 71
21 71
21 72
21 73
21 74
21 75
20 76
20 77
20 78
20 79
20 80
20 80
20 81
20 82
20 83
20 84
20 85
20 86
20 87
20 88
20 89
20 89
20 90
20 91
20 92
20 93
20 94
20 95
20 95
20 96
20 97
20 98
20 98
21 99
21 99
22 100
23 100
23 100
24 100
25 100
25 100
26 100
27 100
28 100
29 100
29 100
30 100
31 99
32 99
33 99
33 99
34 98
35 98
36 97
37 97
37 97
38 96
39 96
40 95
41 95
41 95
42 95
43 94
44 94
45 94
45 94
46 93
47 93
47 93
48 92
49 92
49 92
50 91
50 91
51 91
52 91
52 91
52 90
52 89
52 88
53 87
53 86
53 85
53 84
53 83
53 82
54 81
54 80
54 79
54 78
54 77
54 76
55 75
55 74
55 73
55 72
55 71
55 70
56 69
56 68
56 67
56 66
56 65
56 64
57 63
57 62
57 61
57 60
57 59
57 58
58 57
58 56
58 55
58 54
58 53
58 52
59 51
59 50
59 49
59 48
59 47
59 46
60 45
60 44
60 43
60 42
60 41
60 40
61 39
61 38
61 37
61 36
61 35
61 34
62 33
62 32
62 31
62 30
62 29
62 28
63 27
63 26
63 25
63 24
63 23
63 22
64 21
64 20
64 19
64 18
64 18
64 17
64 16
64 16
64 15
64 14
64 13
64 12
64 12
64 11
64 10
64 9
64 8
64 7
64 7
65 6
66 5
66 5
67 4
68 4
69 3
69 3
70 3
71 2
72 2
72 2
73 2
74 1
75 1
75 1
76 0
77 0
77 0
78 1
79 2
79 2
79 3
80 4
80 5
80 5
80 6
80 7
80 8
80 9
80 10
80 10
80 11
80 12
80 13
80 14
80 15
80 16
80 17
80 17
80 18
80 19
80 20
80 21
79 22
79 23
79 24
79 25
79 26
79 26
79 27
79 28
79 29
79 30
79 31
78 32
78 33
78 34
78 35
78 36
78 37
78 37
78 38
78 39
77 40
77 41
77 42
77 43
77 44
76 45
76 46
76 47
76 47
76 48
76 49
76 50
76 51
75 52
75 53
75 54
75 55
75 56
75 57
75 57
75 58
75 59
75 60
75 61
75 62
75 63
75 64
75 65
75 66
75 67
75 67
75 68
75 69
75 70
75 71
75 72
75 73
75 74
75 74
75 75
75 76
75 77
75 78
75 79
75 80
75 81
75 82
75 82
75 83
75 84
76 85
76 86
76 87
76 88
76 88
76 89
76 90
77 91
77 92
77 93
77 93
78 94
78 95
79 96
79 97
79 97
80 98
81 99
81 99
82 100
83 100
83 100
84 100
85 100
86 100
86 100
87 100
88 100
89 100
89 100
90 100
91 100
91 100
92 99
93 98
93 98
94 97
94 96
94 96
94 95
94 94
94 93
94 92
94 91
94 90
94 89
94 88
94 87
94 86
94 85
94 84
94 83
94 82
94 81
94 80
94 79
94 78
94 77
94 76
94 75
94 74
94 73
94 72
94 71
94 70
94 69
94 68
94 67
94 66
94 65
94 64
94 63
94 62
94 61
94 60
94 59
94 58
94 57
94 56
94 55
94 54
94 53
94 52
94 51
94 50
94 49
94 48
94 47
94 46
94 45
94 44
94 43
94 42
94 41
94 40
94 39
94 38
94 37
94 36
94 35
94 34
94 33
94 33
94 34
94 35
93 36
93 37
93 38
93 38
92 37
91 36
91 36
90 37
89 37
88 38
88 38
87 39
87 40
86 41
86 42
85 43
85 43
84 44
84 45
83 46
83 47
82 48
82 49
82 49
81 50
81 51
80 52
80 53
80 53
79 54
79 55
79 55
79 56
79 56
79 57
80 58
80 59
80 59
81 60
81 61
82 62
82 62
83 63
84 64
85 65
85 65
86 66
87 66
88 67
88 67
89 68
90 68
91 69
91 69
92 69
93 70
94 70
94 70
95 70
96 70
96 70
97 70
98 70
98 70
99 70
100 70
