8 22
9 21
9 21
9 20
10 19
10 18
10 17
10 17
10 16
11 15
11 14
11 13
11 13
12 12
13 11
14 10
14 10
15 9
16 9
16 9
17 8
18 8
19 7
20 7
20 7
21 6
22 6
23 5
23 5
24 5
25 4
26 4
26 4
27 3
28 3
29 2
30 2
30 2
31 2
32 2
32 2
33 2
34 2
34 2
34 3
34 3
34 4
33 5
33 6
32 7
32 8
31 9
31 10
30 11
30 12
30 13
29 14
29 15
28 16
28 17
27 18
27 19
26 20
26 21
26 22
25 23
25 24
24 25
24 26
23 27
23 28
23 29
22 30
22 31
21 32
21 33
20 34
20 35
19 36
19 37
19 38
18 39
18 40
17 41
17 42
16 43
16 44
15 45
15 46
15 47
14 48
14 49
13 50
13 51
12 52
12 53
11 54
11 55
11 56
10 57
10 58
9 59
9 60
8 61
8 62
8 63
7 64
7 65
6 66
6 67
5 68
5 69
4 70
4 71
4 72
3 73
3 74
2 75
2 76
1 77
1 78
0 79
0 80
0 80
0 81
1 82
1 83
1 83
1 82
1 81
1 80
1 80
2 79
2 78
3 77
3 76
3 76
4 75
5 74
6 73
7 72
7 72
8 71
9 70
10 70
11 69
12 68
12 68
13 67
14 66
15 66
16 65
17 64
17 64
18 63
19 62
20 61
21 61
22 60
23 59
23 59
24 58
25 57
26 56
27 55
28 54
29 53
29 53
30 52
31 51
32 51
33 50
34 49
34 49
35 48
36 47
36 46
37 45
38 44
38 44
39 43
40 43
41 42
41 42
40 41
39 40
38 39
37 38
36 37
35 36
35 35
34 34
33 33
32 32
31 31
30 30
29 29
29 29
28 30
28 31
27 32
27 33
26 34
26 34
25 35
24 35
24 35
23 36
23 37
23 37
23 38
22 39
22 40
22 41
22 42
21 43
21 44
21 44
21 45
21 46
21 47
21 48
21 49
20 50
20 51
20 52
20 53
20 54
20 55
20 55
20 56
20 57
20 58
20 59
20 60
19 61
19 62
19 63
19 64
19 65
19 66
19 67
19 67
19 68
19 69
19 70
19 71
19 72
19 73
19 74
19 75
19 76
19 77
19 78
19 79
19 79
19 80
19 81
19 82
19 83
19 84
19 85
19 86
19 87
19 88
19 89
19 90
19 90
19 91
19 92
19 93
19 94
19 95
19 96
19 96
19 97
20 98
20 99
20 99
21 100
22 100
22 100
23 100
24 100
25 100
25 100
26 100
27 100
28 100
28 100
29 100
30 99
31 99
32 99
32 99
33 98
34 97
35 97
36 96
36 96
37 95
38 94
39 94
40 93
41 92
41 92
42 91
43 90
43 89
44 88
45 87
45 87
46 86
47 85
48 84
48 84
49 83
50 83
51 82
51 82
52 82
53 82
53 82
54 82
55 82
55 82
55 81
55 80
56 79
56 78
56 77
56 76
57 75
57 74
57 73
57 72
58 71
58 70
58 69
58 68
58 67
59 66
59 65
59 64
59 63
60 62
60 61
60 60
60 59
61 58
61 57
61 56
61 55
61 54
62 53
62 52
62 51
62 50
63 49
63 48
63 47
63 46
63 45
64 44
64 43
64 42
64 41
65 40
65 39
65 38
65 37
66 36
66 35
66 34
66 33
66 32
67 31
67 30
67 29
67 28
68 27
68 26
68 25
68 24
69 23
69 22
69 21
69 21
68 21
67 21
66 21
65 21
65 21
65 20
64 19
64 18
63 17
63 16
63 16
62 15
62 14
61 13
61 13
61 12
62 11
62 10
62 10
63 9
64 8
65 7
65 7
66 6
67 6
68 5
68 5
69 4
70 3
71 3
72 2
72 2
73 1
74 1
75 0
75 0
76 0
77 1
78 1
78 1
79 2
80 3
80 3
80 4
80 5
81 6
81 7
81 8
81 9
81 9
81 10
81 11
81 12
81 13
81 14
81 15
81 15
81 16
81 17
81 18
81 19
80 20
80 21
80 22
80 23
80 24
80 24
80 25
80 26
80 27
80 28
80 29
79 30
79 31
79 32
79 33
79 34
79 35
79 36
79 36
79 37
79 38
79 39
79 40
79 41
78 42
78 43
78 44
78 45
78 46
78 47
78 48
78 48
78 49
78 50
78 51
78 52
77 53
77 54
77 55
77 56
77 57
77 58
77 58
77 59
77 60
77 61
76 62
76 63
76 64
76 65
76 66
76 66
76 67
76 68
76 69
76 70
76 71
76 72
76 72
76 73
76 74
76 75
76 76
76 77
76 78
76 78
76 79
76 80
77 81
77 82
77 83
77 84
77 84
77 85
78 86
78 87
79 88
79 89
79 89
80 90
80 91
81 92
81 92
82 92
83 92
84 92
84 92
85 92
86 92
87 92
88 92
88 92
89 92
90 91
91 91
91 91
92 90
93 90
94 89
94 89
95 88
96 87
96 87
97 86
98 85
98 85
99 84
100 83
100 83
100 82
100 81
100 80
100 79
99 78
99 77
99 76
99 75
99 74
99 73
99 72
99 71
99 70
99 69
98 68
98 67
98 66
98 65
98 64
98 63
98 62
98 61
98 60
97 59
97 58
97 57
97 56
97 55
97 54
97 53
97 52
97 51
97 50
96 49
96 48
96 47
96 46
96 45
96 44
96 43
96 42
96 41
95 40
95 39
95 38
95 37
95 36
95 35
95 34
95 33
95 32
95 31
94 30
94 29
94 28
94 27
94 26
94 26
95 25
95 24
96 23
96 23
95 23
94 23
94 23
93 22
92 22
92 22
92 23
91 24
91 25
90 26
90 27
90 27
90 28
89 29
89 30
89 31
89 32
88 33
88 34
88 35
88 35
87 36
87 37
86 38
86 39
86 39
86 40
85 41
85 42
85 43
85 43
85 44
84 45
84 46
84 46
84 47
83 48
83 49
83 49
83 50
84 51
84 52
84 52
84 53
85 54
85 55
85 55
86 56
87 57
87 57
88 58
88 59
89 60
89 60
90 60
91 61
92 61
92 61
93 62
94 62
94 62
95 62
96 62
97 62
97 62
98 62
98 62
99 62
