7 12
6 13
5 14
4 15
3 16
3 16
2 15
1 15
1 15
1 14
1 13
1 12
1 11
1 11
0 10
0 10
1 10
1 10
2 11
3 11
3 11
4 11
5 10
6 10
6 10
7 10
8 10
9 9
10 9
11 9
11 9
12 8
13 8
14 7
15 7
15 7
16 7
17 6
18 6
19 6
20 5
21 5
21 5
22 5
23 4
24 4
25 3
26 3
26 3
27 3
28 2
29 2
29 2
30 2
31 1
32 1
32 1
33 2
34 2
34 2
33 3
33 4
32 5
32 6
31 7
31 8
30 9
30 10
29 11
28 12
28 13
27 14
27 15
26 16
26 17
25 18
24 19
24 20
23 21
23 22
22 23
22 24
21 25
21 26
20 27
19 28
19 29
18 30
18 31
17 32
17 33
16 34
15 35
15 36
14 37
14 38
13 39
13 40
12 41
12 42
11 43
10 44
10 45
9 46
9 47
8 48
8 49
7 50
6 51
6 52
5 53
5 54
4 55
4 56
3 57
3 58
2 59
2 59
2 60
1 61
1 62
1 63
0 64
0 65
0 65
0 64
0 64
1 63
1 63
2 62
3 62
4 61
4 61
5 60
6 60
7 59
8 59
8 59
9 59
10 58
11 58
12 57
13 57
13 57
14 57
15 56
16 56
17 56
18 55
19 55
19 55
20 54
21 54
22 53
23 52
24 52
25 51
25 51
26 51
27 50
28 50
29 50
30 49
31 49
31 49
32 48
33 48
34 47
35 47
35 47
36 47
37 46
38 46
38 46
39 45
40 45
40 45
39 44
39 43
38 42
38 41
37 40
36 39
36 38
35 37
35 36
34 35
33 34
33 33
32 32
32 31
31 30
31 29
30 28
29 27
29 26
28 25
28 24
27 23
26 22
26 21
25 20
25 19
24 18
24 18
23 18
23 18
23 17
23 16
23 16
22 16
22 16
22 17
22 18
22 18
22 19
22 20
22 21
22 22
22 23
22 24
22 25
22 26
22 26
22 27
22 28
22 29
22 30
22 31
21 32
21 33
21 34
21 35
21 36
21 37
21 38
21 38
21 39
21 40
21 41
21 42
21 43
21 44
20 45
20 46
20 47
20 48
20 49
20 50
20 51
20 52
20 52
20 53
20 54
20 55
20 56
20 57
20 58
19 59
19 60
19 61
19 62
19 63
19 64
19 65
19 65
19 66
19 67
19 68
19 69
19 70
19 71
19 72
19 73
19 74
19 75
19 76
19 77
19 77
19 78
19 79
19 80
19 81
19 82
19 83
19 84
19 85
19 86
19 87
19 88
19 88
19 89
19 90
19 91
19 92
19 93
19 94
19 94
19 95
20 96
20 97
20 98
20 98
21 99
22 99
22 99
23 99
24 100
25 100
25 100
26 100
27 100
28 100
28 100
29 100
30 100
31 100
32 100
32 100
33 100
34 100
35 99
36 99
37 99
37 99
38 98
39 98
40 97
41 97
41 97
42 96
43 95
44 95
45 94
46 93
46 93
47 92
48 92
49 91
50 91
51 90
51 90
52 89
53 88
54 87
55 86
55 86
56 85
57 84
58 83
58 83
59 82
60 81
61 80
61 80
61 79
61 78
61 77
61 76
61 75
61 74
60 73
60 72
60 71
60 70
60 69
60 68
60 67
60 66
60 65
60 64
60 63
60 62
60 61
59 60
59 59
59 58
59 57
59 56
59 55
59 54
59 53
59 52
59 51
59 50
59 49
58 48
58 47
58 46
58 45
58 44
58 43
58 42
58 41
58 40
58 39
58 38
58 37
58 36
57 35
57 34
57 33
57 32
57 31
57 30
57 29
57 29
57 28
57 27
57 26
57 25
57 24
57 23
57 22
57 21
57 21
57 20
57 19
57 18
57 17
57 16
57 15
57 15
57 14
57 13
58 12
58 11
58 10
58 10
59 9
59 8
60 7
60 6
60 6
61 5
62 4
63 4
64 3
64 3
65 3
66 2
67 2
68 2
68 2
69 1
70 1
71 0
72 0
72 0
73 0
74 1
75 1
76 1
76 1
77 2
77 3
78 4
78 5
78 5
78 6
78 7
79 8
79 9
79 10
79 10
79 11
79 12
79 13
80 14
80 15
80 16
80 17
80 18
80 18
80 19
80 20
80 21
80 22
79 23
79 24
79 25
79 26
79 27
79 28
79 28
79 29
79 30
78 31
78 32
78 33
78 34
78 35
78 36
77 37
77 38
77 39
77 39
77 40
77 41
77 42
76 43
76 44
76 45
76 46
76 47
76 48
75 49
75 50
75 51
75 52
75 52
75 53
75 54
75 55
75 56
74 57
74 58
74 59
74 60
74 61
74 61
74 62
74 63
74 64
73 65
73 66
73 67
73 68
73 69
73 69
73 70
73 71
73 72
73 73
73 74
73 75
73 76
73 76
73 77
73 78
73 79
73 80
73 81
73 81
73 82
73 83
74 84
74 85
74 86
74 86
74 87
75 88
75 89
76 90
76 91
76 91
77 92
77 93
78 94
78 94
79 95
80 96
81 97
81 97
82 98
83 98
83 98
84 98
85 98
86 98
86 98
87 97
88 97
89 96
89 96
90 95
90 94
91 93
91 93
92 92
92 91
93 90
93 89
93 89
93 88
94 87
94 86
95 85
95 84
95 84
95 83
95 82
95 81
95 80
95 79
96 78
96 77
96 76
96 75
96 74
96 73
96 72
96 71
96 70
96 69
97 68
97 67
97 66
97 65
97 64
97 63
97 62
97 61
97 60
97 59
98 58
98 57
98 56
98 55
98 54
98 53
98 52
98 51
98 50
98 49
99 48
99 47
99 46
99 45
99 44
99 43
99 42
99 41
99 40
99 39
100 38
100 37
100 36
100 35
100 34
100 33
100 33
100 32
100 31
99 30
99 29
99 28
99 27
99 27
98 27
98 27
97 26
96 26
96 26
95 27
95 28
94 29
94 29
93 30
92 31
92 32
91 33
91 33
90 34
89 35
89 36
88 37
87 38
87 38
86 39
86 40
85 41
85 42
85 42
85 43
84 44
84 45
83 46
83 47
83 47
83 48
82 49
82 50
82 51
82 51
82 52
83 53
83 54
83 55
83 55
83 56
84 57
84 58
84 59
84 59
85 60
85 61
86 62
86 62
87 63
88 64
89 65
89 65
90 66
91 67
91 67
92 68
93 68
94 69
94 69
95 70
96 70
96 70
97 70
98 70
98 70
99 71
