7 26
7 25
7 25
7 24
7 23
7 22
7 22
8 21
8 21
9 20
10 20
10 20
11 19
12 19
13 18
13 18
14 18
15 17
16 17
17 17
17 17
18 17
19 16
20 16
21 15
22 15
22 15
23 14
24 14
25 13
26 13
26 13
27 12
28 12
29 11
29 11
30 11
31 11
31 11
32 11
33 11
33 11
34 11
34 11
34 12
33 13
33 14
32 15
32 16
31 17
31 18
30 19
30 20
29 21
29 22
28 23
28 24
27 25
27 26
26 27
26 28
25 29
25 30
24 31
24 32
23 33
23 34
23 35
22 36
22 37
21 38
21 39
20 40
20 41
19 42
19 43
18 44
18 45
17 46
17 47
16 48
16 49
15 50
15 51
14 52
14 53
13 54
13 55
12 56
12 57
11 58
11 59
11 60
10 61
10 62
9 63
9 64
8 65
8 66
7 67
7 68
6 69
6 70
5 71
5 72
4 73
4 74
3 75
3 76
2 77
2 78
1 79
1 80
0 81
0 82
0 82
0 83
0 84
0 85
0 85
0 84
0 83
0 82
0 81
0 80
0 80
1 79
2 78
2 77
3 76
3 76
4 75
5 74
6 73
6 73
7 72
8 71
9 71
10 70
11 69
11 69
12 68
13 67
14 66
15 66
16 65
17 64
17 64
18 63
19 62
20 61
21 60
22 59
23 58
23 58
24 57
25 56
26 55
27 54
28 53
29 52
29 52
30 51
31 50
32 49
33 49
34 48
35 47
35 47
36 46
37 45
38 45
39 44
40 43
40 43
41 42
42 42
43 41
43 41
44 40
45 39
45 39
44 38
43 38
42 37
41 37
40 36
39 36
38 35
37 35
36 34
35 33
34 33
33 32
32 32
31 31
30 31
29 30
28 30
27 29
27 29
26 30
26 31
25 32
25 33
24 34
24 35
24 35
23 34
23 34
22 35
22 36
22 36
22 37
21 38
21 39
21 40
21 40
21 41
21 42
21 43
21 44
21 45
21 46
21 47
21 48
21 49
21 49
21 50
21 51
21 52
21 53
21 54
21 55
21 56
21 57
21 58
21 59
21 60
21 60
21 61
21 62
21 63
21 64
21 65
20 66
20 67
20 68
20 69
20 70
20 71
20 72
20 72
20 73
20 74
20 75
20 76
20 77
20 78
20 79
20 80
20 81
20 82
20 82
20 83
20 84
20 85
19 86
19 87
19 88
19 89
19 89
19 90
19 91
19 92
19 93
19 94
19 95
19 95
19 96
19 97
19 98
19 98
19 99
19 99
20 100
20 100
21 100
21 100
22 99
23 99
23 99
24 98
25 98
26 97
26 97
27 96
28 95
28 94
29 93
30 92
30 92
31 91
32 90
33 89
34 88
34 88
35 87
36 86
37 85
38 84
38 84
39 83
40 82
41 81
42 80
42 80
43 79
44 79
45 78
46 78
46 78
47 77
48 77
48 77
49 76
50 76
50 76
51 76
51 76
51 75
52 74
52 73
52 72
52 71
53 70
53 69
53 68
53 67
54 66
54 65
54 64
54 63
55 62
55 61
55 60
55 59
56 58
56 57
56 56
56 55
57 54
57 53
57 52
57 51
58 50
58 49
58 48
58 47
59 46
59 45
59 44
59 43
60 42
60 41
60 40
60 39
61 38
61 37
61 36
61 35
62 34
62 33
62 32
62 31
63 30
63 29
63 28
63 27
64 26
64 25
64 24
64 24
63 23
63 23
63 22
63 21
63 20
63 19
63 19
63 18
63 17
63 16
63 15
63 15
64 14
64 13
65 12
65 11
65 11
66 10
67 9
68 8
68 8
69 7
70 6
71 5
72 4
72 4
73 3
74 3
75 2
76 2
76 2
77 2
78 1
79 1
80 1
80 1
81 1
82 1
82 1
83 2
84 3
84 3
84 4
85 5
85 6
85 7
85 7
85 8
85 9
85 10
85 11
85 12
85 12
85 13
85 14
85 15
85 16
85 17
85 18
85 19
85 20
85 20
85 21
85 22
84 23
84 24
84 25
84 26
84 27
83 28
83 29
83 30
83 30
83 31
83 32
83 33
83 34
82 35
82 36
82 37
82 38
82 39
82 40
82 40
82 41
82 42
81 43
81 44
81 45
81 46
81 47
81 48
80 49
80 50
80 51
80 51
80 52
80 53
80 54
80 55
79 56
79 57
79 58
79 59
79 60
79 60
79 61
79 62
78 63
78 64
78 65
78 66
77 67
77 68
77 69
77 69
77 70
77 71
76 72
76 73
76 74
76 75
76 75
76 76
76 77
76 78
76 79
76 80
76 81
76 81
76 82
76 83
77 84
77 85
77 86
77 86
77 87
78 88
78 89
78 90
78 90
79 91
80 92
80 92
81 93
82 93
83 94
83 94
84 94
85 94
86 94
86 94
87 94
88 93
89 93
89 93
90 92
91 92
92 91
92 91
93 90
94 89
94 89
95 88
96 88
96 88
97 87
97 86
98 85
98 85
98 84
98 83
98 82
98 81
98 80
98 79
98 78
98 77
97 76
97 75
97 74
97 73
97 72
97 71
97 70
97 69
97 68
97 67
97 66
97 65
97 64
97 63
97 62
97 61
96 60
96 59
96 58
96 57
96 56
96 55
96 54
96 53
96 52
96 51
96 50
96 49
96 48
96 47
96 46
96 45
96 44
95 43
95 42
95 41
95 40
95 39
95 38
95 37
95 36
95 35
95 35
96 34
97 34
97 34
96 33
96 33
95 32
94 31
94 31
93 32
92 33
92 33
92 34
91 35
91 36
90 37
90 38
90 38
90 39
89 40
89 41
89 42
88 43
88 44
88 44
87 45
87 46
86 47
86 48
86 48
86 49
85 50
85 51
85 51
85 52
85 53
85 53
85 54
85 55
85 55
85 56
86 57
86 58
86 58
87 59
87 60
87 60
88 61
88 62
89 63
89 63
90 64
91 64
91 64
92 64
93 65
94 65
94 65
95 65
96 65
96 65
97 65
98 65
98 65
99 65
99 65
100 65
