4 32
4 31
4 30
4 30
4 29
4 28
4 28
5 27
5 26
5 26
6 25
6 24
6 24
7 23
8 22
9 21
9 21
10 20
11 20
12 19
13 19
13 19
14 18
15 17
16 17
17 16
17 16
18 15
19 14
20 13
20 13
21 12
22 12
23 11
23 11
24 10
25 10
26 9
26 9
27 8
28 8
28 8
29 7
30 7
30 7
31 7
31 7
32 6
32 6
31 7
31 8
30 9
30 10
29 11
29 12
28 13
28 14
27 15
27 16
26 17
26 18
25 19
24 20
24 21
23 22
23 23
22 24
22 25
21 26
21 27
20 28
20 29
19 30
18 31
18 32
17 33
17 34
16 35
16 36
15 37
15 38
14 39
14 40
13 41
13 42
12 43
12 43
12 44
11 45
11 46
10 47
10 48
9 49
9 50
9 51
8 52
8 53
7 54
7 55
7 56
6 57
6 58
5 59
5 60
4 61
4 62
4 62
3 63
2 64
2 65
1 66
1 66
1 67
0 68
0 69
0 69
0 70
0 71
0 71
1 71
1 71
2 70
2 69
2 69
3 68
4 68
5 67
5 67
6 66
7 65
8 64
9 63
9 63
10 62
11 61
12 60
13 59
13 59
14 58
15 57
16 56
17 55
17 55
18 54
18 53
19 52
19 51
20 50
20 50
21 49
22 48
23 47
23 47
24 46
24 45
25 44
25 43
25 43
26 42
27 41
27 41
28 40
28 39
29 38
29 38
30 37
30 37
29 36
29 35
28 34
28 33
27 32
26 31
26 30
25 29
25 28
24 27
24 26
23 25
23 25
23 25
22 25
22 25
22 26
22 27
22 27
22 28
22 29
22 29
22 30
22 31
21 32
21 33
21 34
21 34
21 35
21 36
20 37
20 38
20 39
20 40
20 40
20 41
20 42
20 43
20 44
20 45
20 46
20 47
20 48
20 48
20 49
19 50
19 51
19 52
19 53
18 54
18 55
18 56
18 56
18 57
18 58
18 59
17 60
17 61
17 62
17 63
17 64
17 64
17 65
17 66
17 67
16 68
16 69
16 70
16 71
16 71
16 72
16 73
15 74
15 75
15 76
15 77
15 77
15 78
15 79
14 80
14 81
14 82
14 82
14 83
14 84
14 85
14 86
14 86
14 87
14 88
14 88
14 89
13 90
13 91
13 92
12 93
12 94
12 94
11 95
11 96
10 97
10 98
9 99
9 99
8 100
8 100
7 100
6 100
6 100
6 100
6 100
6 99
6 98
6 98
7 97
7 96
8 95
8 95
8 94
9 93
9 92
10 91
10 90
10 90
11 89
12 88
12 87
13 86
14 85
14 85
15 84
15 83
16 82
17 81
17 80
18 79
18 79
19 78
19 77
20 76
21 75
21 74
22 73
22 73
23 72
24 71
25 70
26 69
27 68
27 68
28 67
29 66
29 65
30 64
30 64
31 63
32 62
33 62
34 61
34 61
35 60
36 59
37 59
38 58
38 58
39 57
39 56
40 55
40 54
41 53
42 52
42 51
43 50
43 49
44 48
45 47
45 46
46 45
46 44
47 43
48 42
48 41
49 40
50 39
50 38
51 37
51 36
52 35
53 34
53 33
54 32
54 31
55 30
56 29
56 28
57 27
57 26
58 25
59 24
59 23
60 22
60 21
61 20
61 20
60 19
59 19
59 19
59 19
59 18
59 18
59 17
59 17
59 16
59 16
60 15
60 15
61 14
61 13
62 12
62 12
63 11
64 10
64 10
65 9
66 8
67 7
67 7
68 6
69 5
69 5
70 4
70 3
70 3
71 2
72 2
72 2
73 1
74 1
74 1
75 0
75 0
75 1
75 1
76 1
76 1
76 2
76 3
76 3
76 4
76 5
76 6
76 6
76 7
76 8
76 9
76 10
76 10
76 11
76 12
75 13
75 14
75 15
75 16
75 16
75 17
75 18
75 19
75 20
75 21
75 21
75 22
75 23
75 24
74 25
74 26
74 27
74 28
74 28
74 29
74 30
74 31
73 32
73 33
73 34
73 35
73 36
73 36
73 37
73 38
73 39
73 40
73 41
73 42
73 43
73 43
73 44
73 45
73 46
73 47
73 48
73 49
73 50
73 51
73 51
73 52
73 53
73 54
73 55
73 56
73 57
73 58
73 59
73 59
73 60
73 61
73 62
73 63
73 64
73 65
73 66
73 66
73 67
73 68
73 69
73 70
73 71
73 72
73 72
73 73
73 74
73 75
74 76
74 77
74 78
74 79
74 79
74 80
75 81
75 82
75 83
75 83
76 84
76 85
77 86
77 87
77 87
78 88
78 89
78 89
79 90
80 91
80 91
81 91
82 91
83 91
83 91
84 90
85 90
85 90
86 89
87 88
88 87
88 87
89 86
90 85
90 84
91 83
91 83
91 82
92 81
92 80
93 79
93 78
93 78
94 77
94 76
95 75
95 74
96 73
96 73
96 72
97 71
97 70
97 69
98 68
98 67
98 67
98 66
99 65
99 64
99 64
99 63
99 62
99 61
99 60
99 59
99 58
99 57
99 56
99 55
99 54
99 53
99 52
99 51
99 50
99 49
99 48
99 47
99 46
99 45
99 44
99 43
99 42
99 41
99 40
99 39
99 38
99 37
99 36
99 35
99 34
99 33
99 32
99 31
99 31
99 30
100 29
100 28
100 27
100 27
100 26
100 26
100 25
100 24
100 24
99 23
99 23
98 22
98 22
97 22
97 22
96 23
95 24
95 24
94 25
93 26
93 26
92 27
91 28
90 29
90 29
89 30
88 31
88 32
87 33
87 33
86 34
85 35
85 36
84 37
84 37
83 38
82 39
82 40
81 41
81 41
80 42
80 43
79 44
79 44
78 45
78 46
77 47
77 47
77 48
77 49
77 49
77 50
77 51
77 51
78 52
78 52
79 53
80 53
80 53
81 53
82 52
83 52
84 52
84 52
85 52
86 51
87 51
88 51
88 51
89 51
90 50
91 50
