8 20
7 21
7 21
7 20
7 20
7 20
8 19
8 19
9 18
10 18
10 18
11 17
12 16
12 16
13 15
14 15
15 14
15 14
16 13
17 13
18 12
19 12
19 12
20 11
21 11
22 10
23 10
24 9
24 9
25 8
26 8
27 7
28 7
28 7
29 6
30 6
31 5
31 5
32 4
33 4
34 3
35 3
35 3
36 3
37 2
38 2
38 2
39 1
40 0
40 0
41 0
41 0
41 0
40 1
40 2
39 3
38 4
38 5
37 6
36 7
36 8
35 9
34 10
34 11
33 12
32 13
32 14
31 15
30 16
30 17
29 18
28 19
28 20
27 21
26 22
26 23
25 24
24 25
24 26
23 27
23 28
22 29
21 30
21 31
20 32
19 33
19 34
18 35
17 36
17 37
16 38
15 39
15 40
14 41
13 42
13 43
12 44
11 45
11 46
10 47
9 48
9 49
8 50
7 51
7 52
6 53
6 53
6 54
6 55
5 56
5 57
5 58
5 59
5 60
4 61
4 62
4 63
4 64
4 65
4 66
3 67
3 68
3 69
3 69
2 70
1 71
1 72
0 73
0 73
0 73
0 74
0 74
1 74
2 74
2 74
3 73
4 73
4 73
5 72
6 71
7 70
7 70
8 69
9 69
10 68
11 68
12 67
12 67
13 66
14 65
15 64
16 63
16 63
17 62
18 61
19 61
20 60
20 60
21 59
22 58
23 58
24 57
24 57
25 56
26 55
27 55
28 54
28 54
29 53
30 53
31 52
31 52
32 51
33 50
33 50
34 49
35 49
35 49
36 49
36 49
36 49
35 48
35 47
34 46
34 45
33 44
33 43
32 42
32 41
31 40
31 39
30 38
30 37
29 36
29 35
28 34
28 34
28 34
28 34
28 34
28 35
28 35
27 36
27 37
27 37
27 38
27 39
27 40
27 41
27 41
27 42
27 43
26 44
26 45
26 46
26 46
25 47
25 48
24 49
24 50
24 50
24 51
24 52
24 53
23 54
23 55
23 56
23 57
23 57
23 58
22 59
22 60
22 61
21 62
21 63
21 63
21 64
21 65
21 66
20 67
20 68
20 69
20 70
20 70
20 71
19 72
19 73
19 74
19 75
18 76
18 77
18 78
18 78
18 79
18 80
18 81
17 82
17 83
17 84
17 85
17 85
17 86
17 87
16 88
16 89
16 90
16 91
16 91
16 92
16 93
16 94
16 95
16 95
16 96
17 97
17 98
17 98
18 99
18 100
18 100
19 100
20 100
21 100
21 100
22 100
23 100
24 100
24 100
25 99
26 99
27 98
27 98
28 97
29 96
30 95
30 95
31 94
32 93
33 92
34 91
34 91
35 90
36 90
37 89
37 89
37 88
38 87
38 86
39 85
39 84
40 83
40 82
41 81
41 80
42 79
42 78
43 77
43 76
43 75
44 74
44 73
45 72
45 71
46 70
46 69
47 68
47 67
48 66
48 65
49 64
49 63
49 62
50 61
50 60
51 59
51 58
52 57
52 56
53 55
53 54
54 53
54 52
55 51
55 50
55 49
56 48
56 47
57 46
57 45
58 44
58 43
59 42
59 41
60 40
60 39
61 38
61 37
61 36
62 35
62 34
63 33
63 32
64 31
64 30
65 29
65 28
66 27
66 26
67 25
67 24
67 24
66 25
65 26
65 26
64 26
64 26
64 25
64 25
63 25
63 25
63 25
63 25
63 25
64 25
64 25
65 24
65 24
66 23
66 23
67 22
68 21
68 21
69 20
70 19
70 19
71 18
72 18
73 17
73 17
74 16
75 15
75 15
76 14
77 14
77 14
78 13
79 13
79 13
80 13
80 13
81 13
81 13
81 14
81 14
82 14
82 14
82 15
82 15
82 16
82 17
82 17
82 18
81 19
81 20
81 20
81 21
80 22
80 23
80 24
80 24
80 25
80 26
79 27
79 28
79 29
79 29
79 30
79 31
78 32
78 33
78 34
78 35
78 35
77 36
77 37
76 38
76 39
76 39
76 40
76 41
75 42
75 43
75 44
75 45
75 45
75 46
74 47
74 48
74 49
74 50
73 51
73 52
73 52
73 53
73 54
72 55
72 56
72 57
72 58
72 58
72 59
71 60
71 61
71 62
71 63
70 64
70 65
70 65
70 66
70 67
70 68
70 69
70 70
70 71
70 71
70 72
70 73
70 74
70 75
70 76
70 76
70 77
70 78
70 79
70 80
70 80
70 81
71 82
71 83
71 84
71 84
71 85
72 86
72 87
72 88
72 88
73 89
74 90
74 90
75 91
76 92
77 93
77 93
78 93
79 94
80 94
80 94
81 94
82 94
83 94
83 94
84 94
85 93
86 93
87 93
87 93
88 92
89 92
90 91
91 91
91 91
92 90
93 89
94 88
94 88
95 87
96 87
97 86
97 86
98 85
98 84
99 83
99 83
100 82
100 82
100 81
100 81
99 80
99 79
99 79
99 78
99 77
99 76
99 75
98 74
98 73
98 72
98 71
98 70
98 69
98 68
98 67
98 66
97 65
97 64
97 63
97 62
97 61
97 60
97 59
97 58
97 57
97 56
96 55
96 54
96 53
96 52
96 51
96 50
96 49
96 48
96 47
95 46
95 45
95 44
95 43
95 42
95 42
95 41
96 40
96 39
96 38
96 38
96 37
96 37
96 37
95 37
95 37
94 37
94 37
93 38
93 38
92 39
91 39
91 39
90 39
89 39
89 39
88 40
87 41
87 41
86 42
85 43
85 43
84 44
84 45
83 46
83 46
82 47
81 48
81 48
80 49
80 50
80 50
79 51
79 52
79 52
79 53
79 54
79 54
79 55
79 55
80 56
80 57
80 57
81 58
82 59
82 59
83 59
84 59
85 59
85 59
86 59
87 59
88 59
88 59
89 59
90 59
91 59
91 59
92 59
93 59
94 59
