7 22
7 23
7 24
7 24
7 23
6 22
6 21
6 21
7 20
7 20
8 19
8 19
9 18
10 17
10 17
11 17
12 16
13 16
13 16
14 15
15 15
16 14
16 14
17 13
18 13
19 12
20 12
20 12
21 11
22 10
23 9
23 9
24 9
25 8
26 8
26 8
27 7
28 7
28 7
29 7
29 7
30 7
31 7
31 7
31 8
30 9
30 10
29 11
29 12
28 13
28 14
27 15
27 16
26 17
26 18
25 19
25 20
25 21
24 22
24 23
23 24
23 25
22 26
22 27
21 28
21 29
20 30
20 31
19 32
19 33
19 34
18 35
18 36
17 37
17 38
16 39
16 40
15 41
15 42
14 43
14 44
14 45
13 46
13 47
12 48
12 49
11 50
11 51
10 52
10 53
9 54
9 55
8 56
8 57
8 58
7 59
7 60
6 61
6 62
5 63
5 64
4 65
4 66
3 67
3 68
2 69
2 70
2 70
2 71
1 72
1 73
1 74
1 75
0 76
0 77
0 77
0 76
0 76
0 75
0 74
0 73
0 72
0 72
1 71
1 70
2 69
2 69
3 68
4 67
5 66
5 66
6 65
7 64
8 63
8 63
9 62
10 61
11 60
12 59
13 58
13 58
14 57
15 56
15 55
16 54
17 53
17 53
18 52
19 51
20 50
21 49
22 48
22 48
23 47
24 46
25 45
26 44
26 44
27 43
28 42
29 41
29 41
30 40
30 39
31 38
31 38
32 37
33 37
33 37
32 36
31 35
30 34
29 33
29 32
28 31
27 30
26 29
26 29
25 29
24 29
23 29
22 29
22 29
21 29
20 29
20 29
19 29
18 29
18 29
17 30
17 31
17 31
17 32
17 33
17 34
17 35
17 35
17 36
17 37
17 38
16 39
16 40
16 41
16 42
16 42
16 43
16 44
16 45
16 46
16 47
16 48
16 49
16 50
16 51
16 52
16 52
16 53
16 54
16 55
16 56
16 57
15 58
15 59
15 60
15 61
15 62
15 63
15 64
15 64
15 65
15 66
15 67
15 68
15 69
15 70
15 71
15 72
15 73
15 74
15 75
15 75
15 76
15 77
15 78
15 79
15 80
15 81
15 82
15 83
15 84
15 85
15 86
15 86
15 87
15 88
15 89
15 90
15 91
15 92
15 93
15 94
15 94
15 95
15 96
16 97
16 98
16 99
16 99
17 100
17 100
18 100
19 100
19 100
20 99
21 99
21 99
22 98
23 98
24 97
24 97
25 96
26 95
26 94
27 93
27 93
28 92
29 91
29 90
30 89
31 88
31 88
32 87
33 86
33 85
34 84
35 83
35 83
36 82
37 81
37 80
38 79
39 78
39 78
40 77
41 76
41 75
42 74
42 74
43 73
43 72
44 71
44 71
45 70
46 69
46 69
46 68
47 67
47 66
47 65
48 64
48 63
48 62
49 61
49 60
49 59
50 58
50 57
50 56
51 55
51 54
51 53
52 52
52 51
52 50
53 49
53 48
53 47
54 46
54 45
54 44
55 43
55 42
55 41
55 40
56 39
56 38
56 37
57 36
57 35
57 34
58 33
58 32
58 31
59 30
59 29
59 28
60 27
60 26
60 25
61 24
61 23
61 22
62 21
62 20
62 19
63 18
63 17
63 17
63 18
63 19
63 20
63 20
63 19
62 18
62 17
62 17
62 16
62 15
63 14
63 13
63 12
63 12
64 11
65 10
65 10
66 9
67 8
67 7
68 6
68 6
69 5
70 4
70 3
71 2
71 2
72 1
73 1
74 0
74 0
75 0
76 0
77 0
77 0
78 1
79 1
79 1
79 2
80 3
80 4
80 4
80 5
80 6
81 7
81 8
81 9
81 9
81 10
81 11
81 12
81 13
81 14
81 15
81 15
81 16
81 17
80 18
80 19
80 20
80 21
80 22
79 23
79 24
79 25
79 25
79 26
79 27
79 28
79 29
79 30
78 31
78 32
78 33
78 34
78 35
78 36
78 36
78 37
78 38
77 39
77 40
77 41
77 42
77 43
77 44
76 45
76 46
76 47
76 48
76 48
76 49
76 50
76 51
76 52
76 53
75 54
75 55
75 56
75 57
75 58
75 59
75 60
75 60
75 61
75 62
75 63
74 64
74 65
74 66
74 67
74 68
74 68
74 69
74 70
74 71
73 72
73 73
73 74
73 75
73 75
73 76
73 77
73 78
73 79
73 80
73 81
73 82
73 82
73 83
73 84
74 85
74 86
74 87
74 87
74 88
75 89
75 90
76 91
76 92
76 92
77 93
78 93
78 93
79 94
80 94
80 94
81 94
82 93
83 93
83 93
84 92
85 92
86 91
86 91
87 90
87 89
88 88
88 88
89 87
90 86
91 85
91 85
92 84
92 83
93 82
93 82
94 81
94 80
95 79
95 79
95 78
96 77
96 76
96 76
96 75
96 74
96 73
96 72
96 71
96 70
95 69
95 68
95 67
95 66
95 65
95 64
95 63
95 62
95 61
95 60
95 59
95 58
95 57
95 56
94 55
94 54
94 53
94 52
94 51
94 50
94 49
94 48
94 47
94 46
94 45
94 44
94 43
94 42
93 41
93 40
93 39
93 38
93 37
93 36
93 35
93 35
93 35
93 35
92 34
91 34
91 34
90 35
90 36
89 37
89 38
89 38
89 39
88 40
88 41
88 42
87 43
87 44
87 44
87 45
86 46
86 47
86 48
86 48
85 49
85 50
85 50
84 51
84 52
84 52
84 53
84 53
84 54
84 55
84 55
85 56
85 57
85 57
86 58
86 59
87 60
87 60
88 61
89 62
89 62
90 63
91 63
91 63
92 63
93 64
94 64
94 64
95 64
96 64
96 64
97 63
98 63
98 63
99 63
99 63
100 63
