6 26
5 27
4 27
4 27
4 26
4 25
4 24
4 23
4 23
4 22
4 21
4 20
4 19
4 19
5 18
6 17
6 17
7 16
8 15
8 14
9 13
9 13
10 12
11 11
12 10
12 10
13 9
14 8
15 8
16 7
16 7
17 7
18 6
19 6
20 5
21 5
21 5
22 4
23 4
24 3
25 3
26 2
26 2
27 2
28 1
29 1
30 1
30 1
31 1
32 1
33 1
33 1
34 2
35 2
35 2
35 3
35 3
34 4
34 5
33 6
33 7
32 8
31 9
31 10
30 11
29 12
29 13
28 14
28 15
27 16
26 17
26 18
25 19
24 20
24 21
23 22
23 23
22 24
21 25
21 26
20 27
19 28
19 29
18 30
18 31
17 32
16 33
16 34
15 35
14 36
14 37
13 38
13 39
12 40
11 41
11 42
10 43
9 44
9 45
8 46
8 47
7 48
6 49
6 50
5 51
4 52
4 53
3 54
3 55
2 56
2 56
2 57
2 58
1 59
1 60
1 61
1 62
1 63
0 64
0 65
0 66
0 66
0 65
0 64
0 64
0 63
1 62
1 61
1 60
1 60
2 59
3 58
4 57
4 57
5 56
6 55
7 55
8 54
8 54
9 53
10 53
11 52
12 52
13 51
13 51
14 50
15 49
16 49
17 48
18 47
18 47
19 46
20 45
21 45
22 44
23 43
23 43
24 42
25 42
26 41
27 41
28 40
28 40
29 39
30 38
31 38
32 37
32 37
33 36
34 36
34 36
33 35
32 34
31 33
31 32
30 31
29 30
28 29
27 28
26 27
25 26
25 25
24 24
23 23
22 22
22 22
22 23
21 24
21 25
20 26
20 27
20 27
19 26
19 26
19 27
19 28
19 29
19 29
19 30
19 31
19 32
19 33
19 34
19 35
19 35
19 36
19 37
19 38
19 39
19 40
18 41
18 42
18 43
18 44
18 45
18 46
18 46
18 47
18 48
18 49
18 50
18 51
18 52
18 53
18 54
18 55
18 56
18 57
18 58
18 59
18 59
18 60
18 61
18 62
18 63
18 64
18 65
17 66
17 67
17 68
17 69
17 70
17 71
17 72
17 72
17 73
17 74
17 75
17 76
17 77
17 78
17 79
17 80
17 81
17 82
17 83
17 84
17 84
17 85
17 86
17 87
18 88
18 89
18 90
18 91
18 91
18 92
18 93
18 94
18 95
18 96
18 96
19 97
19 98
19 98
20 98
20 98
21 98
22 98
22 98
23 98
24 98
24 98
25 97
26 97
27 96
27 96
28 95
29 95
30 94
31 94
32 93
32 93
33 92
34 91
35 90
36 89
36 89
37 88
38 87
39 87
40 86
41 85
41 85
42 84
43 83
44 82
45 81
45 81
46 80
47 79
48 79
49 78
49 78
50 77
51 77
51 77
52 77
52 77
53 76
54 76
54 76
54 75
54 74
55 73
55 72
55 71
55 70
56 69
56 68
56 67
56 66
56 65
57 64
57 63
57 62
57 61
58 60
58 59
58 58
58 57
58 56
59 55
59 54
59 53
59 52
60 51
60 50
60 49
60 48
61 47
61 46
61 45
61 44
61 43
62 42
62 41
62 40
62 39
63 38
63 37
63 36
63 35
63 34
64 33
64 32
64 31
64 30
65 29
65 28
65 27
65 26
65 25
66 24
66 23
66 22
66 21
67 20
67 19
67 18
67 18
67 17
66 16
66 15
66 15
66 14
66 13
66 12
66 11
66 10
66 10
66 9
67 8
67 7
67 6
67 6
68 5
69 4
70 3
70 3
71 2
72 2
73 1
73 1
74 1
75 0
76 0
76 0
77 1
78 1
78 1
79 2
80 3
80 3
80 4
81 5
81 6
81 6
81 7
81 8
82 9
82 10
82 11
82 12
82 12
82 13
82 14
82 15
82 16
82 17
82 18
82 19
82 19
82 20
82 21
82 22
82 23
81 24
81 25
81 26
81 27
81 28
81 29
81 29
81 30
81 31
81 32
81 33
80 34
80 35
80 36
80 37
80 38
80 38
80 39
80 40
80 41
80 42
80 43
80 44
80 45
80 46
80 47
80 48
80 48
80 49
80 50
80 51
80 52
79 53
79 54
79 55
79 56
79 57
79 58
79 58
79 59
79 60
79 61
79 62
79 63
79 64
79 65
79 66
79 66
79 67
79 68
79 69
79 70
79 71
79 72
79 72
79 73
79 74
79 75
79 76
79 77
79 78
79 79
79 79
79 80
79 81
79 82
80 83
80 84
80 85
80 86
80 86
80 87
80 88
81 89
81 90
81 91
81 91
81 92
81 93
82 94
82 95
82 96
82 96
83 97
83 98
84 99
84 99
85 100
86 100
86 100
87 100
88 100
89 100
89 100
90 99
91 98
91 98
92 97
93 96
93 96
93 95
94 94
94 93
94 92
94 92
94 91
94 90
94 89
94 88
94 87
94 86
94 85
94 84
94 83
94 82
95 81
95 80
95 79
95 78
95 77
95 76
95 75
95 74
95 73
95 72
95 71
95 70
95 69
95 68
95 67
95 66
95 65
95 64
95 63
95 62
95 61
96 60
96 59
96 58
96 57
96 56
96 55
96 54
96 53
96 52
96 51
96 50
96 49
96 48
96 47
96 46
96 45
96 44
96 43
96 42
96 41
96 40
96 39
97 38
97 37
97 36
97 35
97 34
97 33
97 32
97 31
97 30
97 29
97 28
97 28
97 29
97 30
97 31
97 32
97 33
97 33
96 32
96 31
96 31
95 32
94 33
94 33
93 34
92 35
92 36
91 37
91 37
91 38
90 39
90 40
90 41
90 42
89 43
89 44
89 44
88 45
88 46
87 47
87 48
87 48
87 49
86 50
86 51
86 51
85 52
85 52
84 53
84 54
84 54
84 55
84 56
84 56
84 57
85 58
85 59
85 59
86 60
86 61
87 62
87 62
88 63
88 64
89 65
89 65
90 66
91 67
91 67
92 68
93 68
93 68
94 68
95 68
96 68
96 68
97 68
98 68
98 68
99 68
99 68
100 68
