11 28
10 29
9 29
9 29
8 29
7 29
7 29
6 28
6 28
6 28
7 28
7 28
8 28
8 28
9 27
10 26
10 26
11 25
12 25
13 24
13 24
14 23
15 23
16 22
16 22
17 21
18 21
19 20
19 20
20 19
21 18
22 18
23 17
23 17
24 16
25 16
26 15
27 15
27 15
28 14
29 14
29 14
30 13
30 13
31 13
31 13
32 13
32 13
31 14
31 15
30 16
29 17
29 18
28 19
28 20
27 21
26 22
26 23
25 24
24 25
24 26
23 27
22 28
22 29
21 30
20 31
20 32
19 33
19 34
18 35
17 36
17 37
16 38
15 39
15 40
14 41
13 42
13 43
12 44
12 45
11 46
10 47
10 48
9 49
8 50
8 51
7 52
6 53
6 54
5 55
4 56
4 57
3 58
3 59
2 60
1 61
1 62
0 63
0 63
1 63
2 64
3 64
3 64
4 63
5 62
5 62
5 61
6 60
6 59
6 59
7 58
8 57
9 56
9 56
10 55
11 54
12 54
13 53
13 53
14 52
15 51
16 51
17 50
18 49
18 49
19 48
20 47
21 47
22 46
23 45
23 45
24 44
25 43
26 43
27 42
27 42
28 41
29 41
30 40
31 40
31 40
32 40
33 39
34 39
34 39
35 38
35 37
35 37
34 36
33 36
32 35
31 34
30 34
29 33
28 33
27 32
26 31
25 31
24 30
24 30
23 30
22 30
21 30
21 30
20 30
19 30
19 30
19 31
19 31
19 32
19 33
19 34
19 34
19 35
19 36
19 37
19 38
19 39
19 39
19 40
19 41
19 42
19 43
19 44
19 44
19 45
19 46
19 47
19 48
19 49
19 50
19 51
19 51
19 52
19 53
19 54
18 55
18 56
18 57
18 58
18 58
18 59
18 60
18 61
17 62
17 63
17 64
17 65
17 65
17 66
17 67
16 68
16 69
16 70
16 71
16 71
16 72
16 73
16 74
16 75
16 75
16 76
15 77
15 78
14 79
14 80
14 80
14 81
14 82
13 83
13 84
13 85
13 85
13 86
12 87
12 88
11 89
11 90
11 90
11 91
10 92
10 93
9 94
9 95
9 95
8 96
8 97
7 98
7 98
6 99
6 100
6 100
6 100
6 99
6 99
7 98
7 97
8 96
8 96
9 95
9 94
10 93
10 92
11 91
11 91
12 90
12 89
13 88
14 87
14 86
15 85
15 85
16 84
17 83
17 82
18 81
19 80
19 80
20 79
21 78
22 77
23 76
24 75
24 75
25 74
26 73
27 72
28 71
28 71
29 70
30 70
31 69
32 69
33 68
33 68
34 67
35 67
36 66
36 66
37 65
38 64
38 64
39 63
40 63
40 63
40 62
41 61
41 60
42 59
42 58
43 57
43 56
44 55
44 54
44 53
45 52
45 51
46 50
46 49
47 48
47 47
48 46
48 45
49 44
49 43
49 42
50 41
50 40
51 39
51 38
52 37
52 36
53 35
53 34
53 33
54 32
54 31
55 30
55 29
56 28
56 27
57 26
57 25
57 25
57 25
56 24
56 24
56 23
56 22
56 22
57 21
58 20
58 20
59 19
59 18
60 17
60 17
61 16
62 15
62 14
63 13
63 13
64 12
65 11
66 10
66 10
67 9
68 8
68 8
69 7
70 6
71 5
71 5
72 4
73 4
74 3
74 3
75 2
76 2
76 2
77 1
78 1
78 1
79 0
79 0
80 1
80 1
80 2
80 2
80 3
80 4
80 5
80 6
80 7
80 7
80 8
79 9
79 10
79 11
78 12
78 13
78 13
78 14
78 15
77 16
77 17
77 18
77 19
76 20
76 21
76 22
76 22
76 23
76 24
75 25
75 26
75 27
75 28
75 29
75 30
74 31
74 32
74 33
74 33
74 34
74 35
73 36
73 37
73 38
73 39
73 40
73 41
72 42
72 43
72 44
72 44
72 45
72 46
71 47
71 48
71 49
71 50
71 51
71 52
70 53
70 54
70 55
70 55
70 56
70 57
70 58
70 59
69 60
69 61
69 62
69 63
69 64
69 65
69 65
69 66
69 67
69 68
69 69
69 70
69 71
69 72
69 73
69 73
69 74
69 75
69 76
69 77
69 78
69 79
69 79
69 80
70 81
70 82
71 83
71 84
71 84
72 85
72 86
73 87
73 88
73 88
74 89
74 90
75 91
75 91
76 92
77 92
77 92
78 92
79 92
80 92
80 92
81 92
82 92
83 92
83 92
84 92
85 91
86 91
86 91
87 90
88 89
88 89
89 88
90 87
90 87
91 86
92 85
92 85
93 84
93 83
93 83
94 82
94 81
94 81
95 80
95 79
95 79
95 78
95 77
95 76
95 75
95 74
95 73
95 72
95 71
95 70
95 69
95 68
95 67
95 66
95 65
95 64
95 63
95 62
95 61
95 60
95 59
95 58
94 57
94 56
94 55
94 54
94 53
94 52
94 51
94 50
94 49
94 48
94 47
94 46
94 45
94 44
94 43
94 42
94 41
94 40
94 39
94 38
94 37
94 36
94 36
95 35
96 34
96 34
95 33
95 33
94 34
93 34
93 34
92 35
92 36
92 36
91 37
90 38
89 39
89 39
88 40
87 41
87 41
86 42
85 43
84 44
84 44
83 45
83 46
82 47
82 47
81 48
80 49
80 49
79 50
78 50
78 50
78 51
78 52
78 52
78 53
78 53
78 54
78 54
79 55
80 55
80 55
81 56
82 57
82 57
83 57
84 58
85 58
85 58
86 58
87 58
88 58
88 58
89 58
90 59
91 59
91 59
92 59
93 60
94 60
94 60
95 61
96 61
96 61
97 62
98 62
98 62
99 62
99 62
99 63
99 63
100 63
100 63
100 63
99 63
99 63
99 62
99 62
99 61
