8 16
9 16
10 15
11 15
11 15
12 14
12 14
13 13
14 12
14 12
15 11
16 11
17 10
17 10
18 9
19 9
20 8
21 8
21 8
22 7
23 7
24 6
25 6
25 6
26 5
27 5
28 4
29 4
29 4
30 3
31 3
32 2
32 2
33 1
34 1
34 1
35 1
36 0
37 0
37 0
38 1
38 1
37 2
37 3
36 4
36 5
35 6
35 7
34 8
34 9
33 10
32 11
32 12
31 13
31 14
30 15
30 16
29 17
28 18
28 19
27 20
27 21
26 22
26 23
25 24
25 25
24 26
23 27
23 28
22 29
22 30
21 31
21 32
20 33
19 34
19 35
18 36
18 37
17 38
17 39
16 40
16 41
15 42
14 43
14 44
13 45
13 46
12 47
12 48
11 49
11 50
10 51
9 52
9 53
8 54
8 55
7 56
7 57
6 58
5 59
5 60
4 61
4 62
3 63
3 64
2 65
2 66
1 67
1 67
1 68
0 69
0 70
0 71
0 71
0 70
0 69
0 69
1 68
1 67
1 67
2 66
3 66
4 65
4 65
5 64
6 63
7 63
8 62
8 62
9 61
10 61
11 60
12 60
13 59
13 59
14 58
15 58
16 57
17 56
18 56
19 55
19 55
20 54
21 53
22 52
23 52
24 51
25 50
25 50
26 49
27 49
28 48
29 48
30 47
30 47
31 46
32 46
33 45
34 45
35 44
35 44
36 43
37 42
38 42
39 41
39 41
40 41
41 40
42 40
42 40
41 39
40 38
39 37
38 36
37 35
36 34
35 33
34 33
33 32
32 31
31 30
30 29
29 28
28 27
27 26
27 26
26 26
25 26
24 26
24 26
23 25
23 24
23 24
22 24
22 24
22 25
22 26
22 27
22 27
22 28
22 29
21 30
21 31
21 32
21 32
21 33
21 34
21 35
21 36
20 37
20 38
20 39
20 40
20 41
20 41
20 42
20 43
20 44
20 45
19 46
19 47
19 48
19 49
19 50
19 51
19 51
19 52
19 53
19 54
19 55
19 56
18 57
18 58
18 59
18 60
18 61
18 62
18 62
18 63
18 64
18 65
18 66
18 67
17 68
17 69
17 70
17 71
17 72
17 73
17 73
17 74
17 75
17 76
17 77
16 78
16 79
16 80
16 81
16 82
16 83
16 83
16 84
16 85
16 86
16 87
16 88
16 89
16 89
16 90
16 91
16 92
16 93
16 93
17 94
17 95
17 95
18 96
19 96
19 96
20 96
21 96
22 96
22 96
23 96
24 95
25 95
26 95
26 95
27 95
28 94
29 94
30 94
30 94
31 93
32 93
33 92
34 92
35 91
35 91
36 90
37 90
38 89
39 89
40 88
40 88
41 87
42 87
43 86
44 86
45 85
46 85
46 85
47 84
48 84
49 83
50 83
50 83
51 82
52 82
53 81
53 81
54 81
55 81
55 81
56 81
56 81
57 81
57 81
57 80
58 79
58 78
58 77
58 76
59 75
59 74
59 73
59 72
60 71
60 70
60 69
60 68
61 67
61 66
61 65
61 64
62 63
62 62
62 61
62 60
63 59
63 58
63 57
63 56
64 55
64 54
64 53
64 52
65 51
65 50
65 49
65 48
66 47
66 46
66 45
66 44
67 43
67 42
67 41
67 40
68 39
68 38
68 37
68 36
69 35
69 34
69 33
69 32
70 31
70 30
70 29
70 28
71 27
71 26
71 25
71 24
72 23
72 22
72 22
71 22
70 21
69 21
68 21
68 21
68 20
67 19
67 18
67 18
66 17
66 16
66 16
66 15
66 15
67 14
67 14
68 13
69 12
69 12
70 11
71 10
71 10
72 9
73 9
74 8
74 8
75 7
76 7
77 6
77 6
78 6
79 5
80 5
80 5
81 5
82 5
82 5
83 6
83 7
83 7
83 8
84 9
84 10
84 11
84 11
84 12
84 13
83 14
83 15
83 16
83 16
83 17
83 18
83 19
82 20
82 21
82 22
82 23
82 24
82 24
82 25
82 26
81 27
81 28
81 29
81 30
81 31
80 32
80 33
80 34
80 34
80 35
80 36
79 37
79 38
79 39
79 40
79 41
78 42
78 43
78 44
78 44
78 45
78 46
77 47
77 48
77 49
77 50
77 51
77 52
76 53
76 54
76 55
76 56
76 56
76 57
76 58
76 59
76 60
75 61
75 62
75 63
75 64
75 65
75 66
75 66
75 67
75 68
75 69
75 70
75 71
75 72
75 73
75 74
75 74
75 75
75 76
75 77
76 78
76 79
76 80
76 81
76 82
76 82
76 83
76 84
77 85
77 86
77 87
77 87
77 88
77 89
78 90
78 91
78 92
78 92
79 93
80 94
81 95
81 95
82 96
82 97
83 98
83 98
84 99
85 99
86 100
86 100
87 100
88 100
89 100
89 100
90 100
91 100
92 100
92 100
93 99
94 99
94 99
95 98
95 97
96 96
96 96
97 95
97 94
98 93
98 93
99 92
99 91
100 90
100 90
100 89
100 88
100 87
100 86
100 85
100 84
100 83
100 82
100 81
99 80
99 79
99 78
99 77
99 76
99 75
99 74
99 73
99 72
99 71
99 70
99 69
99 68
99 67
99 66
99 65
99 64
99 63
99 62
98 61
98 60
98 59
98 58
98 57
98 56
98 55
98 54
98 53
98 52
98 51
98 50
98 49
98 48
98 47
98 46
98 45
98 44
98 43
98 42
97 41
97 40
97 39
97 38
97 37
97 36
97 35
97 34
97 33
97 32
97 32
97 33
97 34
97 35
97 35
96 35
95 35
95 35
94 35
93 34
92 34
92 34
91 35
91 36
90 37
90 38
90 38
89 39
89 40
88 41
88 42
87 43
87 43
87 44
86 45
86 46
85 47
85 48
85 48
84 49
83 50
83 50
83 51
83 51
82 52
82 53
82 53
83 54
83 54
84 55
84 56
84 56
85 57
85 58
86 59
86 59
87 60
88 61
88 61
89 62
90 62
90 62
91 63
92 63
92 63
93 63
94 63
94 63
95 63
96 63
96 63
97 63
98 63
98 63
