2 26
1 27
1 27
1 27
1 27
0 27
0 27
0 27
0 27
0 26
0 26
0 25
0 25
0 24
0 24
0 23
1 22
1 21
1 21
2 20
2 19
3 18
3 18
4 17
4 16
5 15
5 15
6 14
6 13
7 12
7 12
8 11
9 10
10 9
10 9
11 9
12 8
13 8
14 8
14 8
15 8
16 7
17 7
17 7
18 7
19 6
20 6
21 6
21 6
22 6
23 6
24 6
25 6
25 6
26 6
27 6
28 6
29 6
29 6
30 6
31 6
32 5
33 5
34 5
34 5
35 4
36 4
37 3
38 3
38 3
39 3
40 2
41 2
41 2
42 1
43 1
43 1
44 1
44 1
43 1
43 1
42 2
41 3
40 4
39 5
38 6
37 7
36 7
35 8
34 9
33 10
32 11
31 12
31 12
30 12
30 12
29 12
29 12
28 13
28 13
27 14
27 15
27 15
27 16
27 17
27 18
27 19
27 19
27 20
27 21
26 22
26 23
26 24
26 25
26 25
26 26
26 27
26 28
26 29
26 30
26 31
26 32
26 33
26 34
26 34
26 35
26 36
26 37
26 38
26 39
26 40
26 41
26 42
26 42
26 43
26 44
26 45
27 46
27 47
27 48
27 49
27 49
27 50
27 51
27 52
28 53
28 54
28 55
28 56
28 56
28 57
29 58
29 59
29 60
29 60
29 61
29 62
29 62
29 63
29 64
29 64
29 65
29 65
29 65
29 65
30 64
31 63
32 62
33 61
34 60
34 59
35 58
36 57
37 56
38 55
39 54
40 53
41 52
42 51
43 50
43 49
44 48
45 47
46 46
47 45
47 45
48 45
48 45
47 45
46 45
46 45
46 46
46 46
46 47
46 48
46 48
46 49
47 50
47 51
47 51
47 52
48 53
48 54
48 55
48 55
49 56
49 57
49 57
50 58
50 58
51 57
52 57
52 57
53 56
53 56
54 55
55 54
55 54
55 53
56 52
56 51
56 51
56 50
57 49
57 48
57 48
57 47
57 46
57 45
57 45
57 44
56 43
56 42
56 42
55 41
55 40
55 40
54 39
54 39
53 39
52 39
52 39
51 40
50 40
50 40
49 41
48 42
48 42
47 43
46 44
46 44
46 45
45 46
45 47
45 47
45 48
45 48
44 49
44 49
44 50
44 50
45 49
46 48
47 48
48 47
49 46
50 45
51 44
52 43
53 43
54 42
55 41
56 40
57 39
58 38
59 38
60 37
61 36
61 36
62 36
63 36
63 36
63 36
63 35
63 35
64 36
64 37
64 37
64 38
64 39
64 40
64 40
64 41
65 42
65 43
65 44
65 44
65 45
65 46
65 47
65 47
65 48
65 49
65 50
65 50
65 51
64 52
64 53
64 54
64 54
64 55
64 56
64 56
64 57
64 57
64 57
64 57
65 56
65 55
65 55
65 54
65 53
65 52
65 52
65 51
66 50
66 49
66 48
66 48
66 47
67 46
67 45
68 44
68 43
68 43
68 42
68 41
68 40
68 39
68 38
68 38
69 37
69 36
69 36
70 36
70 36
70 37
70 38
70 38
71 39
71 40
71 40
71 41
72 42
72 43
72 44
72 44
72 45
73 46
73 47
73 48
73 48
73 49
74 50
74 51
74 51
74 52
75 53
75 54
75 54
76 55
76 56
76 56
77 57
77 57
77 56
78 55
78 54
78 53
79 52
79 51
79 50
80 49
80 48
80 47
81 46
81 45
82 44
82 43
82 42
83 41
83 40
83 39
84 38
84 37
84 36
85 35
85 34
85 34
86 33
86 33
86 32
86 31
86 30
86 30
87 30
87 30
87 30
88 31
88 31
88 32
88 32
89 33
89 33
89 34
89 35
89 36
89 36
89 37
89 38
89 39
89 39
89 40
89 41
89 42
89 43
89 44
89 44
89 45
89 46
89 47
89 47
89 48
89 49
89 50
89 50
90 51
90 51
91 52
91 52
91 52
92 51
92 51
92 50
93 49
93 48
93 48
93 47
94 46
94 45
94 44
94 43
95 42
95 41
95 40
96 39
96 38
96 37
97 36
97 35
97 34
97 33
98 32
98 31
98 31
98 30
98 29
99 28
99 27
99 26
99 25
99 25
99 24
99 24
100 23
100 23
100 22
100 22
100 22
100 22
99 22
99 22
99 23
99 23
99 24
99 25
99 25
99 26
99 27
99 28
99 29
99 29
99 30
99 31
98 32
98 33
98 34
98 35
98 35
98 36
98 37
98 38
97 39
97 40
97 41
97 42
97 42
97 43
97 44
97 45
97 46
96 47
96 48
96 49
96 50
96 51
96 51
96 52
96 53
96 54
96 55
95 56
95 57
95 58
95 59
95 60
95 60
95 61
95 62
95 63
95 64
94 65
94 66
94 67
94 68
94 69
94 70
94 70
94 71
94 72
94 73
93 74
93 75
93 76
93 77
93 78
93 78
93 79
92 80
92 81
92 82
92 83
91 84
91 85
91 85
91 86
91 87
90 88
90 89
90 90
90 91
90 91
90 92
89 93
89 94
88 95
88 96
88 96
88 97
87 98
87 99
87 99
86 100
