0 11
0 11
0 11
0 10
0 10
0 10
1 9
2 9
2 9
3 9
4 8
5 8
5 8
6 7
7 7
8 6
8 6
9 6
10 5
11 5
12 5
12 5
13 5
14 4
15 4
16 4
16 4
17 4
18 3
19 3
20 3
20 3
21 3
22 3
23 2
24 2
25 2
25 2
26 2
27 2
28 2
29 2
29 2
30 2
31 1
32 1
32 1
33 1
34 1
35 1
35 1
36 1
37 1
37 1
38 0
38 0
37 1
36 1
35 2
34 3
33 4
32 4
31 5
30 6
29 7
28 7
27 8
27 8
26 9
26 10
25 11
25 11
24 11
24 11
24 12
23 13
23 14
23 14
23 15
23 16
23 17
23 18
23 18
23 19
23 20
22 21
22 22
22 23
22 24
22 24
22 25
22 26
22 27
22 28
22 29
22 30
22 31
22 32
22 32
22 33
22 34
22 35
22 36
22 37
22 38
22 39
22 40
22 40
22 41
22 42
23 43
23 44
23 45
23 46
23 46
23 47
23 48
23 49
23 50
23 51
23 52
23 52
23 53
24 54
24 55
24 56
24 56
24 57
24 58
24 59
24 59
24 60
24 61
24 61
25 62
25 63
25 63
25 64
25 64
26 64
26 64
27 63
27 62
28 61
28 60
29 59
30 58
30 57
31 56
31 55
32 54
33 53
33 52
34 51
34 50
35 49
36 48
36 47
37 46
37 45
38 44
39 43
39 42
40 41
40 40
41 39
41 39
42 39
43 40
44 40
44 40
44 41
44 42
44 42
43 43
42 43
42 43
42 44
42 45
42 46
42 46
42 47
42 48
42 49
42 50
42 50
42 51
42 52
42 52
43 53
43 54
43 54
44 55
44 55
44 55
45 55
45 55
46 55
46 55
47 54
48 53
48 53
49 52
50 51
50 51
51 50
51 49
51 49
51 48
51 47
51 47
51 46
51 45
51 45
50 44
50 43
50 43
49 42
49 42
48 41
47 41
47 41
46 41
46 41
45 41
44 41
44 41
44 41
44 41
44 40
44 40
45 39
46 39
46 39
47 38
47 38
48 38
49 37
50 37
50 37
51 36
52 36
52 36
53 36
54 36
54 36
55 36
56 36
56 36
57 36
58 36
59 36
59 36
60 36
61 36
61 36
62 37
63 37
63 37
64 38
65 38
65 38
66 39
66 40
66 40
66 41
66 42
66 43
66 43
66 44
66 45
66 46
66 46
66 47
66 48
66 48
65 49
65 50
65 50
65 51
65 52
65 53
65 53
64 54
64 55
64 55
64 55
64 55
64 55
64 54
64 54
64 53
64 53
64 52
64 51
64 50
64 49
64 49
64 48
65 47
65 46
65 45
65 45
65 44
66 43
66 42
66 41
66 41
67 40
67 39
68 38
68 38
69 37
69 37
70 37
70 37
71 38
71 38
72 39
72 40
72 40
73 41
73 42
73 42
73 43
74 44
74 45
74 45
74 46
75 47
75 48
75 48
75 49
75 50
75 51
75 51
76 52
76 53
76 53
76 54
76 55
76 55
76 56
76 56
76 56
77 56
77 56
77 55
78 54
78 53
78 52
79 51
79 50
79 49
80 48
80 47
81 46
81 45
81 44
82 43
82 42
82 41
83 40
83 39
83 38
84 37
84 36
84 36
85 37
86 37
86 37
86 37
86 38
86 39
86 40
86 40
86 41
86 42
86 43
86 43
86 44
87 45
87 46
87 47
87 47
88 48
88 48
89 49
89 49
90 50
90 50
91 50
91 50
91 50
91 50
92 49
92 49
93 48
93 47
94 46
94 45
95 44
95 43
96 42
96 41
97 40
97 40
98 39
98 38
99 37
99 36
99 36
100 36
100 36
99 36
99 36
99 37
99 38
99 39
99 39
98 40
98 41
97 42
97 43
97 43
97 44
97 45
96 46
96 47
96 48
96 48
96 49
95 50
95 51
95 52
95 53
94 54
94 55
94 55
94 56
93 57
93 58
93 59
93 60
92 61
92 62
92 62
92 63
91 64
91 65
91 66
91 67
90 68
90 69
90 70
90 70
90 71
89 72
89 73
89 74
89 75
88 76
88 77
88 77
87 78
87 79
86 80
86 81
85 82
85 83
85 83
85 84
84 85
84 86
83 87
83 88
83 88
82 89
82 90
81 91
81 92
80 93
80 93
79 94
79 95
78 96
78 97
78 97
77 98
76 99
76 99
75 100
74 100
74 100
73 100
