2 9
1 10
1 11
1 11
0 11
0 11
0 11
0 11
1 11
2 11
2 11
3 10
4 10
4 10
5 10
6 9
7 9
8 9
8 9
9 9
10 8
11 8
12 8
12 8
13 8
14 7
15 7
16 6
17 6
17 6
18 6
19 5
20 5
21 5
21 5
22 5
23 4
24 4
25 4
25 4
26 4
27 4
28 4
28 4
29 4
30 3
31 3
31 3
32 3
33 3
34 3
34 3
35 2
36 2
36 2
37 1
37 1
38 1
38 1
38 1
38 0
38 0
37 0
36 0
35 1
34 1
33 1
32 1
31 2
30 2
29 2
29 2
28 3
27 4
26 5
26 5
26 6
25 7
25 8
25 8
24 9
24 10
23 11
23 12
23 12
22 13
22 14
21 15
21 16
21 16
21 17
21 18
20 19
20 20
20 21
20 21
20 22
19 23
19 24
19 25
19 26
18 27
18 28
18 28
18 29
18 30
18 31
17 32
17 33
17 34
17 35
17 35
17 36
17 37
17 38
16 39
16 40
16 41
16 42
16 43
16 43
16 44
16 45
16 46
16 47
16 48
16 49
16 50
16 50
16 51
16 52
15 53
15 54
15 55
15 55
15 56
15 57
16 58
16 59
16 60
16 60
16 61
16 62
16 63
16 63
17 64
17 65
17 65
18 66
18 66
19 65
20 64
21 63
22 62
23 61
24 60
25 59
26 58
27 57
28 56
29 55
30 54
31 53
32 52
33 51
33 50
34 49
35 48
36 47
37 46
38 45
39 44
40 43
41 42
42 41
43 40
44 39
45 38
46 37
47 36
47 36
46 36
46 36
46 36
45 36
45 36
45 37
45 37
44 38
44 38
43 39
43 40
43 40
43 41
43 42
43 42
42 43
42 44
42 44
42 45
42 46
42 47
42 47
42 48
42 49
42 49
42 50
42 51
42 51
43 52
43 52
44 52
44 52
45 51
46 51
46 51
47 50
47 49
47 49
48 48
48 47
48 47
49 46
49 45
49 45
49 44
50 43
50 42
50 42
50 41
50 40
50 40
50 39
50 38
50 38
50 37
50 36
50 36
49 35
49 35
48 35
48 35
47 35
47 35
46 36
46 36
46 37
46 37
46 38
46 38
47 39
47 39
48 39
48 39
49 39
50 39
50 39
51 39
52 39
52 39
53 39
54 39
54 39
55 38
56 38
56 38
57 38
58 37
59 37
59 37
60 36
61 36
61 36
62 35
63 35
63 35
64 34
64 34
65 33
65 33
65 32
65 32
65 31
65 31
65 31
65 32
65 32
64 33
64 33
64 34
64 34
64 35
64 36
64 36
64 37
63 38
63 39
63 39
63 40
63 41
63 42
63 42
62 43
62 44
62 44
62 45
62 46
62 46
62 47
62 48
62 48
63 49
63 49
63 49
63 49
64 48
64 48
64 47
64 46
64 46
65 45
65 44
65 44
66 43
66 42
66 42
67 41
68 40
68 40
69 39
69 39
70 38
70 38
71 38
71 38
72 39
72 39
73 40
73 40
74 41
74 41
74 42
74 43
74 43
75 44
75 44
76 45
76 46
76 46
76 47
76 47
77 48
77 48
78 48
78 48
79 47
79 46
80 45
81 44
81 43
82 42
83 41
83 40
84 39
85 38
85 37
86 36
86 36
87 35
87 35
88 34
88 34
88 34
88 34
88 35
88 35
88 36
88 36
87 37
87 38
87 38
87 39
87 40
87 40
87 41
87 42
87 43
87 43
87 44
87 45
87 45
87 46
87 47
87 48
87 48
87 49
87 50
87 50
87 51
87 51
87 52
87 52
88 52
88 52
89 52
89 52
90 51
90 51
91 50
91 49
91 49
91 48
92 47
92 46
92 46
93 45
93 44
93 44
94 43
94 42
95 41
95 40
95 40
95 39
96 38
96 37
96 37
96 36
97 35
97 34
97 34
98 33
99 33
99 33
99 32
99 32
100 31
100 31
100 31
99 32
99 32
99 33
99 33
98 34
98 35
98 35
98 36
97 37
97 38
97 38
96 39
96 40
95 41
95 42
95 42
95 43
95 44
94 45
94 46
94 47
94 48
94 48
93 49
93 50
92 51
92 52
91 53
91 54
91 54
91 55
90 56
90 57
90 58
90 59
89 60
89 61
89 62
89 62
89 63
88 64
88 65
87 66
87 67
87 68
86 69
86 70
86 70
86 71
85 72
85 73
84 74
84 75
83 76
83 77
83 77
83 78
82 79
82 80
82 81
82 82
81 83
81 84
81 85
81 85
81 86
80 87
80 88
79 89
79 90
78 91
78 92
78 92
78 93
77 94
77 95
77 96
77 96
76 97
76 98
75 99
75 100
