0 11
0 11
0 10
0 10
0 9
0 9
0 9
1 9
1 9
2 8
2 8
3 8
4 7
5 7
6 7
6 7
7 6
8 6
9 5
10 5
10 5
11 5
12 5
13 4
14 4
15 4
15 4
16 4
17 4
18 3
19 3
20 3
20 3
21 3
22 2
23 2
24 2
24 2
25 2
26 1
27 1
28 1
28 1
29 1
30 1
31 1
31 1
32 1
33 1
33 1
34 1
34 1
35 0
35 0
34 1
33 1
32 2
31 3
30 3
29 4
28 5
27 5
26 6
25 6
24 7
23 8
22 8
21 9
21 9
21 10
21 11
21 11
21 11
20 12
20 12
20 13
20 14
20 15
20 15
20 16
20 17
20 18
20 19
20 20
20 20
20 21
20 22
20 23
20 24
20 25
20 26
20 26
20 27
20 28
20 29
21 30
21 31
21 32
21 33
21 34
21 34
21 35
21 36
21 37
21 38
21 39
21 40
21 41
21 42
21 43
21 44
21 44
21 45
21 46
21 47
21 48
22 49
22 50
22 51
22 52
22 53
22 53
22 54
22 55
22 56
22 57
22 58
22 59
22 60
22 61
22 62
22 62
22 63
22 64
22 65
22 66
22 67
22 68
22 68
22 69
22 70
22 71
22 72
22 72
22 73
22 74
22 75
22 75
22 76
22 77
22 77
22 78
22 78
22 78
22 78
23 77
23 76
24 75
25 74
25 73
26 72
27 71
28 70
28 69
29 68
30 67
30 66
31 65
32 64
32 63
33 62
34 61
35 60
35 59
36 58
37 57
37 56
38 55
39 54
39 53
40 52
41 51
42 50
42 49
43 48
44 47
44 46
45 45
45 45
45 45
45 44
45 44
44 45
44 46
44 46
44 47
45 48
45 49
45 50
45 50
45 51
46 52
46 53
46 54
46 54
46 55
46 56
46 57
46 57
47 58
48 59
48 59
49 60
49 60
50 60
50 60
50 59
50 59
51 58
51 58
51 57
52 56
52 55
52 55
53 54
53 53
53 53
53 52
53 51
53 50
53 50
53 49
53 48
53 47
53 46
53 46
52 45
52 44
52 44
51 43
51 42
51 42
50 42
49 42
49 42
48 43
47 43
47 43
46 44
46 45
46 45
45 46
45 47
44 48
44 48
43 49
43 50
43 50
43 51
43 52
43 52
43 53
43 53
44 52
45 51
46 50
47 49
48 48
49 48
50 47
51 46
52 45
53 44
54 43
55 42
56 41
57 40
58 39
59 38
60 38
61 37
62 36
63 35
64 34
65 33
65 33
66 34
66 34
66 34
66 35
66 36
66 37
66 37
66 38
67 39
67 40
67 41
67 41
67 42
67 43
67 44
67 44
67 45
68 46
68 47
68 47
68 48
68 49
68 49
68 50
68 51
68 51
68 52
68 52
68 52
68 52
68 51
68 51
68 50
68 49
68 49
68 48
69 47
69 46
69 45
69 45
69 44
70 43
70 42
70 41
70 41
70 40
71 39
71 38
71 38
72 37
72 36
72 36
73 35
73 35
73 36
73 36
74 37
74 37
74 38
74 39
74 40
74 40
75 41
75 42
75 42
75 43
76 44
76 45
76 45
77 46
77 47
77 47
78 48
78 49
78 49
79 50
79 51
79 51
80 52
80 52
80 52
80 51
81 50
81 49
81 48
82 47
82 46
82 45
83 44
83 43
83 42
84 41
84 40
85 39
85 38
85 37
86 36
86 35
86 34
87 33
87 32
87 31
88 30
88 29
88 29
88 29
88 30
88 30
88 30
88 31
89 32
89 33
89 33
89 34
89 35
89 36
89 36
89 37
90 38
90 39
90 40
90 40
90 41
90 42
90 42
91 43
91 44
91 44
92 45
92 46
92 46
93 47
93 47
93 47
94 46
94 46
94 45
94 45
94 44
95 43
95 42
95 41
96 40
96 39
96 38
97 37
97 36
98 35
98 34
98 33
99 32
99 31
99 30
100 29
100 28
100 28
100 28
99 27
99 27
99 26
99 26
99 26
99 26
99 27
99 27
99 27
98 28
98 28
98 29
98 30
98 30
97 31
97 32
97 32
97 33
96 34
96 35
96 36
96 36
96 37
96 38
95 39
95 40
95 41
95 41
95 42
95 43
94 44
94 45
94 46
94 46
94 47
94 48
93 49
93 50
93 51
93 52
93 52
93 53
92 54
92 55
92 56
92 57
91 58
91 59
91 59
91 60
91 61
91 62
90 63
90 64
90 65
90 66
90 67
90 67
90 68
89 69
89 70
89 71
88 72
88 73
88 73
88 74
87 75
87 76
87 77
87 78
86 79
86 80
86 80
86 81
85 82
85 83
84 84
84 85
83 86
83 87
83 87
83 88
82 89
82 90
82 91
81 92
81 93
81 93
80 94
79 95
79 96
78 97
78 97
77 98
77 99
76 100
76 100
75 100
