2 9
1 10
0 10
0 10
0 9
0 8
0 8
0 7
0 6
0 6
0 6
1 5
2 5
2 5
3 5
4 5
5 5
5 5
6 5
7 4
8 4
8 4
9 4
10 3
11 3
11 3
12 3
13 3
14 2
15 2
16 2
16 2
17 2
18 1
19 1
20 1
20 1
21 1
22 1
23 1
24 1
24 1
25 1
26 0
27 0
27 0
28 0
29 0
29 0
30 0
31 0
31 0
30 0
29 1
28 1
27 1
26 1
25 2
24 2
23 2
23 2
22 3
21 4
20 4
19 5
19 5
18 5
18 5
17 5
17 5
17 6
17 7
17 7
17 8
17 9
17 10
17 10
17 11
17 12
17 13
17 14
17 15
17 16
17 16
17 17
17 18
17 19
18 20
18 21
18 22
18 23
18 23
18 24
18 25
18 26
18 27
18 28
18 29
18 30
18 31
18 31
18 32
18 33
18 34
18 35
19 36
19 37
19 38
19 39
19 40
19 41
19 41
19 42
19 43
19 44
19 45
20 46
20 47
20 48
20 49
20 50
20 50
20 51
21 52
21 53
21 54
21 55
22 56
22 57
22 58
22 58
22 59
22 60
23 61
23 62
23 63
23 63
23 64
23 65
24 66
24 67
24 68
24 68
25 69
25 70
25 70
25 71
25 71
26 72
26 72
26 71
27 70
27 69
28 68
28 67
29 66
29 65
30 64
30 63
31 62
31 61
32 60
32 59
33 58
33 57
34 56
34 55
35 54
35 53
36 52
36 51
37 50
37 49
38 48
38 47
39 46
39 45
40 44
40 43
40 43
41 44
41 44
41 45
41 45
41 46
41 46
41 47
41 48
41 49
41 49
41 50
42 51
42 52
42 53
42 53
42 54
42 55
42 56
42 56
43 57
44 58
44 58
45 59
45 60
45 60
46 60
46 60
47 59
48 59
48 59
49 58
50 58
50 58
50 57
51 56
51 55
51 55
51 54
52 53
52 52
52 52
52 51
52 50
52 50
52 49
51 48
51 47
51 47
50 46
50 46
49 45
48 45
48 45
47 45
47 45
46 46
45 46
45 46
44 46
44 46
43 47
43 47
43 47
44 47
45 46
46 46
47 45
48 45
49 45
50 44
51 44
52 43
53 43
54 43
55 42
56 42
57 42
58 41
59 41
60 40
61 40
62 40
63 39
64 39
65 38
66 38
66 38
67 39
67 40
68 41
68 41
68 42
68 42
68 43
67 44
67 45
67 45
67 46
67 47
67 48
67 49
67 49
67 50
66 51
66 52
66 53
66 53
66 54
66 55
66 56
66 57
66 57
66 58
66 58
65 58
65 58
65 59
65 59
65 59
65 59
65 58
65 58
65 57
66 56
66 55
66 55
66 54
67 53
67 52
67 51
67 51
67 50
68 49
68 48
68 47
68 47
68 46
69 45
69 44
69 44
70 43
70 43
71 42
71 42
72 43
72 43
73 44
73 44
74 45
74 46
74 46
75 47
75 48
75 48
75 49
75 50
75 51
75 51
75 52
75 53
75 54
75 54
75 55
75 56
75 57
75 57
76 58
76 59
76 59
76 60
76 60
77 60
77 60
77 59
78 58
78 57
79 56
79 55
80 54
80 53
81 52
81 51
81 50
82 49
82 48
83 47
83 46
84 45
84 44
85 43
85 42
85 42
86 43
86 44
86 44
87 44
87 44
87 45
87 45
88 46
88 47
88 47
88 48
88 49
88 49
89 50
89 50
90 51
90 51
90 52
90 52
91 53
91 53
91 53
92 53
92 53
93 52
93 52
93 51
94 50
94 49
95 48
95 47
96 46
96 45
96 44
97 43
97 42
98 41
98 40
99 39
99 38
99 38
99 38
100 39
100 40
100 40
99 40
99 40
98 41
98 42
97 43
97 44
97 44
97 45
96 46
96 47
96 48
96 48
96 49
95 50
95 51
95 52
94 53
94 54
94 54
94 55
94 56
94 57
93 58
93 59
93 60
93 61
93 61
93 62
92 63
92 64
92 65
92 66
91 67
91 68
91 68
91 69
90 70
90 71
90 72
89 73
89 74
89 74
89 75
88 76
88 77
88 78
87 79
87 80
87 80
87 81
86 82
86 83
86 84
85 85
85 86
85 86
85 87
84 88
84 89
84 90
84 90
84 91
83 92
83 93
83 94
83 94
83 95
82 96
82 97
82 97
82 98
82 99
82 99
81 100
81 100
