1 11
1 11
0 10
0 10
0 10
0 10
0 10
0 10
0 10
0 10
0 9
0 9
1 9
1 9
2 8
3 7
3 7
4 6
5 6
5 6
6 5
7 5
8 4
8 4
9 4
10 3
11 3
11 3
12 3
13 2
14 2
14 2
15 2
16 2
16 2
17 2
18 2
19 2
19 2
20 1
20 1
21 1
22 1
22 1
23 1
23 1
24 1
24 1
24 0
24 0
25 0
25 0
25 0
24 1
24 1
24 2
24 2
23 3
23 4
22 5
22 6
21 7
21 8
20 9
20 10
19 11
19 12
18 13
18 13
18 13
18 13
18 13
18 13
18 13
18 13
18 14
18 14
17 15
17 16
17 16
17 17
17 18
17 18
17 19
17 20
17 21
17 22
17 22
17 23
17 24
17 25
17 26
17 27
17 27
17 28
17 29
17 30
17 31
17 32
17 33
17 33
17 34
17 35
17 36
17 37
17 38
17 39
17 40
17 40
17 41
17 42
17 43
17 44
17 45
17 46
17 47
17 47
17 48
17 49
17 50
17 51
17 52
17 53
17 54
17 54
17 55
17 56
17 57
17 58
17 59
17 60
17 60
17 61
17 62
17 63
17 64
17 65
17 65
17 66
17 67
18 68
18 69
18 70
18 70
18 71
18 72
18 72
18 73
18 74
18 74
18 74
19 75
19 75
19 75
19 74
19 74
19 73
19 73
19 72
19 71
19 71
19 70
19 69
19 69
20 68
21 67
22 66
23 65
24 64
25 63
26 62
27 61
28 60
29 59
30 58
31 58
32 57
33 56
34 55
35 54
36 53
37 52
38 51
39 50
40 49
41 48
41 48
41 47
41 46
41 46
40 45
40 45
40 44
40 44
40 43
40 43
40 42
40 42
39 41
39 41
39 41
38 41
38 41
38 42
38 42
37 43
37 43
36 44
36 45
36 45
36 46
36 47
36 48
36 48
36 49
35 50
35 51
35 51
35 52
35 53
35 54
35 54
35 55
35 56
35 57
35 57
36 58
36 59
36 59
37 60
37 61
37 61
38 62
38 62
39 62
40 62
40 62
41 61
42 61
42 61
43 60
43 59
43 59
44 58
45 57
45 57
45 56
46 55
46 54
46 54
47 53
47 52
47 52
47 51
47 50
47 50
47 49
47 48
47 48
46 47
46 46
46 46
45 45
45 45
44 44
44 44
43 44
43 44
42 44
42 44
41 44
41 44
40 44
40 44
39 44
39 44
39 44
39 44
40 45
40 45
41 45
42 45
43 45
44 45
45 45
46 45
47 45
48 45
49 45
50 45
51 45
52 45
53 45
54 45
55 45
56 45
57 45
58 45
59 45
59 45
59 44
59 44
58 43
58 43
58 43
58 42
58 42
58 42
58 42
58 43
58 43
58 44
58 45
58 45
58 46
58 47
58 47
59 48
59 49
59 49
59 50
59 51
59 51
59 52
59 53
59 53
59 54
59 55
59 55
59 56
59 56
59 57
59 57
59 57
59 57
59 56
59 56
60 55
60 55
60 54
60 53
60 53
60 52
60 51
60 50
60 50
60 49
61 48
61 47
61 47
62 46
62 45
62 45
63 44
63 43
63 43
64 42
64 42
65 42
65 42
66 42
66 42
66 42
67 43
67 43
68 44
68 44
69 45
69 46
69 46
69 47
69 48
69 48
69 49
70 50
70 51
70 51
70 52
70 53
70 54
70 54
70 55
70 55
71 56
71 57
71 57
71 58
71 58
71 59
71 59
72 59
72 59
72 59
72 59
72 58
72 58
72 57
72 57
73 56
73 55
74 54
74 53
75 52
75 51
76 50
76 49
77 48
77 47
78 46
78 45
79 44
79 43
79 43
80 42
80 42
80 41
80 41
80 40
80 40
80 40
81 39
81 39
82 40
82 40
83 41
83 42
83 42
84 43
85 44
85 44
85 45
86 46
86 47
86 47
87 48
87 49
87 49
88 50
88 51
89 52
89 52
90 53
90 54
90 54
91 55
91 56
91 56
92 57
92 57
93 57
93 57
94 57
94 57
94 56
94 56
95 55
95 55
95 54
96 53
96 52
96 51
96 50
97 49
97 48
97 47
97 46
98 45
98 44
98 43
98 42
99 41
99 40
99 39
99 39
99 38
99 37
99 37
99 36
99 36
99 35
99 35
100 35
100 35
100 35
99 36
99 36
99 37
99 38
99 38
98 39
98 40
98 40
98 41
97 42
97 43
97 43
97 44
96 45
96 46
96 46
96 47
95 48
95 49
95 50
95 50
95 51
94 52
94 53
94 54
94 54
94 55
94 56
93 57
93 58
93 59
93 60
93 60
93 61
92 62
92 63
91 64
91 65
91 65
91 66
91 67
90 68
90 69
90 70
90 71
90 71
90 72
90 73
89 74
89 75
89 76
89 76
89 77
89 78
88 79
88 80
88 81
88 81
88 82
87 83
87 84
86 85
86 86
86 86
86 87
86 88
85 89
85 90
85 91
85 91
85 92
85 93
85 94
85 94
85 95
84 96
84 97
84 97
84 98
84 99
84 99
84 100
84 100
84 100
83 100
83 100
83 100
83 100
83 99
83 99
83 98
83 98
83 97
83 96
83 96
83 95
83 94
