3 3
2 3
1 3
0 3
0 3
0 2
0 2
0 2
0 1
0 1
1 1
2 1
2 1
3 1
4 1
4 1
5 1
6 1
7 1
7 1
8 1
9 1
10 1
11 1
11 1
12 1
13 1
14 1
15 1
16 1
16 1
17 1
18 1
19 1
20 1
20 1
21 1
22 1
23 0
24 0
25 0
25 0
26 0
27 0
28 0
28 0
29 0
30 1
31 1
31 1
32 1
33 1
33 1
32 1
31 1
30 1
29 1
28 1
27 1
26 1
25 1
25 1
24 2
23 3
22 4
22 4
21 4
21 4
20 4
20 4
19 5
19 5
19 6
19 7
19 8
19 9
19 9
19 10
19 11
19 12
19 13
19 13
19 14
19 15
19 16
20 17
20 18
20 19
20 20
20 20
20 21
20 22
20 23
20 24
20 25
20 26
20 27
20 27
20 28
20 29
20 30
20 31
20 32
20 33
20 34
20 35
20 35
20 36
20 37
21 38
21 39
21 40
21 41
21 41
21 42
21 43
21 44
21 45
21 46
21 46
21 47
22 48
22 49
22 50
22 50
23 51
23 52
23 52
23 53
23 53
24 54
24 54
25 54
26 54
26 54
27 53
27 52
28 51
29 50
30 49
30 48
31 47
32 46
32 45
33 44
34 43
35 42
35 41
36 40
37 39
37 38
38 37
39 36
40 35
40 34
41 33
41 33
42 33
43 33
43 33
43 33
43 34
43 35
43 35
43 36
43 37
43 37
43 38
44 39
44 40
44 40
44 41
45 42
45 43
45 43
46 44
46 45
46 45
47 46
47 46
48 46
49 46
49 46
50 46
50 46
51 45
52 44
52 44
53 43
53 42
53 42
54 41
54 40
54 40
54 39
54 38
54 37
54 37
54 36
54 35
54 35
53 34
52 34
52 34
51 33
50 33
50 33
49 33
48 33
48 33
47 33
46 33
46 33
45 34
45 34
44 35
44 35
44 35
44 36
44 36
45 36
46 35
47 35
48 34
49 34
50 33
51 33
52 32
53 32
54 32
55 31
56 31
57 30
58 30
59 29
60 29
60 29
61 29
62 29
63 30
64 30
65 30
65 30
65 30
65 31
65 32
65 32
66 33
66 34
66 34
66 35
66 36
66 37
66 38
66 38
66 39
66 40
66 40
66 41
66 42
66 43
66 43
65 44
65 45
65 45
64 46
64 46
64 47
64 48
64 48
63 48
63 48
63 48
63 48
63 47
63 47
63 46
64 45
64 44
64 44
64 43
65 42
65 41
65 40
65 40
65 39
66 38
66 37
66 36
66 36
67 35
67 34
67 34
68 33
68 32
68 32
69 31
69 31
70 31
70 31
71 32
71 32
72 33
72 33
72 34
72 35
72 35
72 36
72 37
72 38
72 38
72 39
72 40
72 41
72 42
72 42
72 43
72 44
72 45
72 46
72 46
72 47
72 48
72 48
72 49
72 50
72 51
72 51
72 52
72 52
72 52
72 52
73 51
73 50
74 49
74 48
75 47
75 46
76 45
76 44
77 43
77 42
78 41
78 40
79 39
79 38
80 37
80 36
81 35
81 34
81 34
82 35
83 35
83 35
84 35
84 35
84 36
84 37
84 37
84 38
84 39
84 39
85 40
85 41
85 41
86 42
86 43
86 43
87 44
87 45
87 45
88 46
88 46
89 46
89 46
90 46
91 46
91 46
92 46
92 46
93 45
93 45
94 44
94 43
94 43
95 42
96 41
96 40
97 39
97 39
98 38
98 37
99 36
99 35
99 35
99 34
99 34
99 35
99 35
99 35
99 36
98 37
98 38
98 38
98 39
98 40
97 41
97 42
97 43
97 43
97 44
97 45
96 46
96 47
96 48
96 49
96 49
96 50
95 51
95 52
95 53
95 54
94 55
94 56
94 56
94 57
93 58
93 59
93 60
93 61
92 62
92 63
92 64
92 64
92 65
92 66
92 67
92 68
91 69
91 70
91 71
91 72
91 73
91 73
91 74
90 75
90 76
90 77
90 78
89 79
89 80
89 80
89 81
88 82
88 83
88 84
87 85
87 86
87 86
87 87
86 88
86 89
85 90
85 91
85 91
85 92
84 93
84 94
84 95
84 95
84 96
83 97
83 98
83 98
82 99
82 100
82 100
82 100
