2 15
2 15
1 14
1 14
0 14
0 14
0 13
0 13
0 13
0 13
0 13
0 12
0 12
1 11
1 11
2 10
2 10
3 10
4 9
5 9
5 9
6 8
7 7
7 7
8 6
9 6
9 6
10 5
11 4
11 4
12 4
13 3
14 3
14 3
15 2
15 2
16 1
17 1
17 1
18 1
18 1
18 0
18 0
19 0
19 0
19 1
19 1
19 2
19 2
19 3
19 3
19 4
18 5
18 6
17 7
17 8
17 9
16 10
16 11
15 12
15 13
15 13
14 14
14 15
14 15
15 15
15 15
15 15
15 15
15 16
15 16
15 17
15 17
15 18
15 19
15 19
15 20
15 21
15 22
15 22
15 23
15 24
15 25
15 26
15 26
15 27
15 28
15 29
15 30
15 31
15 31
15 32
15 33
15 34
15 35
15 36
15 37
15 37
15 38
15 39
15 40
16 41
16 42
16 43
16 44
16 44
16 45
16 46
16 47
16 48
16 49
16 50
16 51
16 51
16 52
16 53
16 54
16 55
16 56
16 57
16 58
16 58
16 59
16 60
16 61
17 62
17 63
17 64
17 65
17 65
17 66
17 67
18 68
18 69
18 70
18 71
18 71
18 72
18 73
18 74
18 75
18 75
18 76
19 77
19 78
19 78
19 79
19 80
19 81
19 81
19 82
19 82
20 83
20 83
20 83
20 83
20 82
20 81
20 81
20 80
20 80
21 79
21 78
22 77
23 76
24 75
24 74
25 73
26 72
27 71
27 70
28 69
29 68
29 67
30 66
31 65
32 64
32 63
33 62
34 61
35 60
35 59
36 58
37 57
37 56
38 55
39 54
40 53
40 52
41 51
42 50
43 49
43 48
44 47
44 47
44 46
45 45
45 44
45 44
44 43
44 43
44 43
44 42
44 42
43 42
43 42
43 41
43 41
42 41
42 41
42 42
42 42
41 43
41 43
40 44
40 44
40 45
40 45
40 46
39 47
39 48
39 48
39 49
38 50
38 51
38 51
38 52
38 53
38 54
38 54
38 55
38 56
38 57
38 57
39 58
39 59
39 59
40 60
40 61
40 61
41 62
41 63
41 63
42 63
42 63
43 62
44 62
44 62
45 61
45 61
46 60
46 59
46 59
47 58
47 57
47 57
47 56
48 55
48 54
48 54
49 53
49 52
49 52
48 51
48 50
48 50
48 49
48 48
48 48
47 47
47 46
47 46
47 45
47 45
46 45
46 45
45 45
45 45
44 45
44 45
43 45
43 45
42 46
42 46
41 46
41 46
41 47
41 47
41 48
41 48
41 48
42 49
42 49
43 48
44 48
45 47
46 47
47 46
48 46
49 45
50 45
51 44
52 44
53 43
54 43
55 42
56 42
57 41
58 41
59 40
59 40
59 40
59 39
59 39
59 38
59 38
60 38
60 38
60 38
60 39
60 39
60 40
60 41
60 41
60 42
61 43
61 44
61 44
61 45
61 46
61 47
61 47
61 48
61 49
61 50
61 50
61 51
62 52
62 53
62 53
62 54
62 55
62 55
62 56
62 57
62 57
62 57
62 58
62 58
63 58
63 58
63 57
63 57
63 56
63 55
63 54
63 54
64 53
64 52
64 52
64 51
65 50
65 49
65 48
65 48
65 47
65 46
65 45
65 45
65 44
66 43
66 42
66 42
67 41
67 40
67 40
68 39
68 38
68 38
68 38
69 37
69 37
70 38
70 38
70 39
70 39
71 40
71 41
71 41
72 42
72 43
72 43
72 44
72 45
72 45
72 46
73 47
73 48
73 48
73 49
73 50
73 51
73 51
73 52
73 53
73 53
74 54
74 55
74 55
74 56
74 56
74 56
74 57
74 57
74 57
74 56
74 56
74 56
75 55
75 55
75 54
75 53
75 53
75 52
75 52
76 51
76 50
77 49
77 48
78 47
78 46
79 45
79 44
80 43
80 42
81 41
81 40
82 39
82 38
82 38
82 37
82 36
82 36
82 35
82 35
83 35
83 35
83 34
83 34
83 34
84 35
84 35
85 36
85 36
86 37
86 38
86 38
86 39
87 40
87 41
87 41
88 42
88 43
88 43
88 44
89 45
89 46
89 46
90 47
90 48
90 48
90 49
90 50
90 51
90 51
91 52
91 52
92 52
92 52
92 52
92 52
93 51
93 51
93 50
93 50
93 49
93 48
94 47
94 46
94 45
94 44
94 43
95 42
95 41
95 40
95 39
95 38
95 37
96 36
96 35
96 34
96 34
97 33
97 32
98 31
98 31
98 30
98 30
99 29
99 29
99 29
100 28
100 28
100 28
99 29
99 30
99 30
99 31
99 32
99 32
99 33
98 34
98 35
98 35
98 36
97 37
97 38
97 38
97 39
96 40
96 41
96 42
96 42
96 43
95 44
95 45
94 46
94 47
94 47
94 48
94 49
93 50
93 51
93 52
93 53
93 53
93 54
93 55
92 56
92 57
92 58
92 59
92 59
92 60
91 61
91 62
91 63
91 64
90 65
90 66
90 66
90 67
90 68
89 69
89 70
89 71
89 72
89 72
89 73
88 74
88 75
88 76
87 77
87 78
87 78
87 79
87 80
86 81
86 82
86 83
86 84
86 84
85 85
85 86
84 87
84 88
84 88
84 89
83 90
83 91
83 92
83 92
83 93
82 94
82 95
82 96
82 96
82 97
82 98
82 98
82 99
82 100
82 100
81 100
81 100
81 100
81 100
81 100
81 99
81 99
81 98
81 98
81 97
81 97
81 96
81 96
81 95
81 94
