0 1
0 1
0 1
0 1
1 2
1 2
2 2
2 2
3 2
4 2
4 2
5 2
6 2
7 2
7 2
8 2
9 1
10 1
10 1
11 1
12 1
13 1
13 1
14 1
15 1
16 1
17 1
17 1
18 1
19 1
20 1
20 1
21 1
22 0
23 0
23 0
24 0
25 1
26 1
26 1
27 1
28 1
28 1
29 1
29 1
30 1
30 1
30 1
29 1
29 1
28 1
27 1
27 1
26 1
26 1
25 2
25 2
24 3
23 3
23 3
23 4
22 5
22 6
22 6
22 7
21 8
21 9
21 9
21 10
20 11
20 12
20 13
20 13
20 14
20 15
19 16
19 17
19 18
19 19
19 19
19 20
19 21
18 22
18 23
18 24
18 25
18 25
18 26
18 27
17 28
17 29
17 30
17 31
17 31
17 32
17 33
17 34
17 35
17 36
17 37
17 37
17 38
17 39
16 40
16 41
16 42
16 43
16 43
16 44
16 45
16 46
16 47
16 48
16 48
16 49
17 50
17 51
17 51
17 52
17 53
17 54
17 54
18 55
18 56
18 56
19 55
20 54
21 54
22 53
23 52
24 51
25 51
26 50
27 49
28 48
29 47
30 47
31 46
32 45
33 44
34 43
35 43
36 42
37 41
38 40
39 40
40 39
41 38
41 38
40 38
40 38
39 37
39 37
38 38
38 38
38 39
38 39
37 40
37 41
37 41
37 42
36 43
36 44
36 44
36 45
36 46
36 47
36 47
36 48
36 49
36 50
36 50
37 51
37 52
37 52
38 53
38 54
38 54
39 55
40 55
40 55
41 54
41 54
42 53
43 53
43 53
44 52
44 51
44 51
45 50
45 49
45 49
45 48
45 47
45 47
45 46
45 45
45 45
44 44
44 43
44 43
43 42
43 41
43 41
42 40
41 39
41 39
40 38
39 38
39 38
38 37
38 37
38 37
38 37
39 37
39 37
40 36
40 36
41 36
42 36
42 36
43 36
44 35
45 35
45 35
46 35
47 34
48 34
49 33
50 33
51 33
52 32
53 32
54 32
55 31
56 31
57 30
58 30
58 30
59 31
59 31
60 32
60 32
60 33
60 34
60 34
60 35
60 36
60 36
60 37
60 38
60 39
60 39
60 40
60 41
60 42
60 43
60 43
60 44
60 45
60 46
60 46
60 47
60 48
60 48
60 49
60 50
60 51
60 51
61 52
61 52
61 52
61 52
61 51
61 51
62 50
62 49
62 49
62 48
62 47
62 46
62 46
62 45
63 44
63 43
63 43
63 42
64 41
64 40
64 40
65 39
65 38
66 37
66 37
67 36
67 35
67 35
68 34
68 34
69 34
69 34
69 34
70 35
70 35
70 36
70 37
70 37
71 38
71 39
71 39
71 40
71 41
71 42
71 42
71 43
71 44
71 44
72 45
72 46
72 46
72 47
72 47
72 48
72 48
73 49
73 49
74 48
74 47
75 46
75 45
76 44
76 43
77 42
78 41
78 40
79 39
79 38
80 37
80 36
81 35
81 34
82 33
82 33
83 32
83 31
84 30
84 30
84 30
84 30
84 31
84 31
84 32
84 33
84 33
83 34
83 35
83 35
83 36
83 37
83 37
83 38
84 39
84 40
84 40
84 41
84 42
84 43
84 43
85 44
85 45
85 45
85 46
85 46
86 47
86 47
87 47
88 47
88 47
89 47
89 47
90 46
91 46
91 46
92 45
93 44
93 44
93 43
94 42
94 41
94 41
95 40
95 39
95 39
95 38
96 37
96 36
96 36
97 35
98 34
98 34
98 33
98 32
98 32
99 31
99 31
99 30
99 30
100 29
100 29
100 29
99 30
99 30
99 31
99 31
99 32
98 33
98 34
98 34
98 35
98 36
97 37
97 38
97 39
97 39
97 40
97 41
96 42
96 43
96 44
96 45
96 45
96 46
96 47
96 48
95 49
95 50
95 51
95 52
95 52
95 53
95 54
95 55
94 56
94 57
94 58
94 59
94 59
94 60
94 61
93 62
93 63
93 64
93 65
92 66
92 67
92 68
92 68
92 69
91 70
91 71
90 72
90 73
90 74
89 75
89 76
89 76
89 77
88 78
88 79
88 80
88 81
87 82
87 83
87 84
87 84
87 85
86 86
86 87
86 88
85 89
85 90
85 91
84 92
84 93
84 93
84 94
83 95
83 96
82 97
82 98
81 99
81 100
