4 4
3 5
2 5
2 5
1 4
1 4
0 3
0 3
0 3
0 3
0 3
1 2
1 2
2 2
2 2
3 2
4 2
4 2
5 2
6 2
7 2
7 2
8 2
9 2
10 2
10 2
11 2
12 2
13 2
13 2
14 2
15 2
16 2
16 2
17 2
18 1
19 1
19 1
20 1
21 1
22 1
22 1
23 1
23 1
24 0
25 0
25 0
25 0
25 1
25 1
24 1
24 1
24 2
24 2
23 3
23 4
23 4
23 5
22 6
22 7
22 7
21 8
21 9
20 10
20 10
20 11
20 12
19 13
19 14
19 15
19 15
19 16
18 17
18 18
18 19
17 20
17 21
17 21
17 22
17 23
17 24
16 25
16 26
16 27
16 28
16 28
16 29
16 30
15 31
15 32
15 33
15 34
15 34
15 35
15 36
15 37
15 38
15 39
15 39
15 40
15 41
14 42
14 43
14 44
14 44
14 45
14 46
14 47
14 48
14 48
14 49
15 50
15 51
15 51
15 52
15 53
15 53
16 52
17 51
18 50
19 50
20 49
21 48
22 47
23 46
24 45
25 44
26 43
27 43
28 42
29 41
30 40
31 39
32 38
33 37
34 36
35 36
36 35
37 34
38 33
38 33
39 32
39 31
40 30
40 30
39 30
39 30
39 31
39 31
38 32
38 33
38 33
38 34
38 35
38 35
37 36
37 37
37 37
37 38
36 39
36 40
36 40
36 41
36 42
36 42
36 43
36 44
36 44
36 45
36 46
36 46
37 47
37 47
38 47
38 47
39 47
39 47
40 46
40 46
41 45
41 44
41 44
41 43
42 42
42 41
42 41
42 40
42 39
42 39
42 38
42 37
42 37
42 36
41 35
41 34
41 34
40 33
39 32
39 32
38 31
38 30
38 30
37 29
37 29
36 29
36 29
36 29
36 29
37 30
37 30
38 30
39 30
39 30
40 30
41 30
41 30
42 30
43 29
44 29
44 29
45 28
46 28
46 28
47 28
48 27
49 27
49 27
50 27
51 26
52 26
52 26
53 26
54 26
54 26
55 27
56 27
56 27
57 28
57 29
57 29
57 30
58 31
58 32
58 32
58 33
59 34
59 35
59 35
59 36
59 37
59 38
59 39
59 39
59 40
59 41
59 42
59 42
59 43
59 44
59 44
59 45
59 46
59 47
59 47
59 48
59 48
59 48
59 48
60 48
60 48
60 47
60 46
60 46
61 45
61 44
62 43
62 43
62 42
63 41
63 40
63 40
64 39
64 38
65 37
65 37
66 36
66 35
67 34
67 34
68 33
69 32
69 32
70 31
71 30
71 30
72 29
72 29
72 30
72 30
73 31
73 31
73 32
73 33
73 34
73 34
73 35
73 36
73 36
73 37
73 38
73 39
73 39
73 40
73 41
73 41
73 42
73 43
73 43
73 44
73 44
73 45
73 46
73 46
73 47
73 47
73 47
74 46
74 45
75 44
75 43
76 42
76 41
77 40
77 39
78 38
78 37
79 36
80 35
80 34
81 33
81 32
82 31
82 30
83 29
83 28
84 27
84 26
85 25
85 25
85 26
85 26
85 27
85 27
85 28
85 29
85 29
85 30
85 31
85 32
85 32
85 33
84 34
84 35
84 35
84 36
84 37
84 37
84 38
84 39
84 39
85 40
85 40
85 41
85 41
86 41
86 41
87 41
87 41
88 41
88 41
89 40
90 39
90 39
91 38
92 37
92 37
93 36
94 35
94 35
94 34
95 33
95 32
95 32
96 31
97 30
97 30
98 29
98 28
98 28
99 27
99 26
99 26
100 26
100 26
100 26
99 27
99 27
99 27
99 28
99 29
99 29
99 30
98 31
98 32
98 32
98 33
98 34
98 35
98 35
98 36
97 37
97 38
97 38
97 39
97 40
97 41
97 42
97 43
97 43
97 44
97 45
96 46
96 47
96 48
96 49
96 49
96 50
95 51
95 52
95 53
95 54
94 55
94 56
94 56
94 57
94 58
94 59
93 60
93 61
93 62
93 63
93 63
93 64
92 65
92 66
91 67
91 68
91 69
90 70
90 71
90 71
90 72
89 73
89 74
89 75
89 76
88 77
88 78
88 79
88 79
88 80
87 81
87 82
87 83
87 84
86 85
86 86
86 86
86 87
85 88
85 89
84 90
84 91
83 92
83 93
83 93
83 94
82 95
82 96
81 97
81 98
80 99
80 100
