6 8
5 9
4 9
3 10
3 10
2 9
1 9
1 9
1 8
0 7
0 6
0 6
0 7
0 7
1 7
1 7
2 7
2 7
3 7
4 6
5 6
5 6
6 6
7 5
8 5
9 5
9 5
10 5
11 4
12 4
13 4
13 4
14 4
15 4
16 3
17 3
18 3
18 3
19 3
20 2
21 2
22 2
22 2
23 2
24 2
25 1
26 1
27 1
27 1
28 1
29 0
30 0
31 0
31 0
32 0
33 0
33 0
34 1
34 1
33 2
32 3
31 3
30 4
29 5
29 5
28 6
27 6
26 7
25 7
24 8
24 8
23 9
22 9
22 9
21 9
21 9
20 10
19 10
19 10
19 11
19 12
19 13
19 14
19 14
19 15
19 16
19 17
19 18
19 19
19 20
19 20
19 21
19 22
19 23
19 24
19 25
19 26
19 26
19 27
19 28
19 29
19 30
19 31
19 32
19 33
19 34
19 34
19 35
19 36
19 37
19 38
20 39
20 40
20 41
20 42
20 43
20 43
20 44
20 45
21 46
21 47
21 48
21 49
21 49
21 50
21 51
22 52
22 53
22 54
22 54
22 55
23 56
23 57
23 58
23 58
24 59
24 60
24 60
25 61
25 61
26 61
27 61
27 61
27 60
28 59
28 58
29 57
29 56
30 55
30 54
31 53
31 52
32 51
32 50
33 49
33 48
34 47
34 46
35 45
35 44
36 43
36 42
36 42
37 41
38 41
38 41
39 42
39 42
39 43
39 43
40 44
40 45
40 45
40 46
41 47
41 48
41 48
42 49
42 50
42 50
43 51
43 51
44 52
44 52
45 52
45 52
46 51
46 51
47 50
47 49
47 49
48 48
48 48
48 47
48 46
48 46
47 45
47 44
47 44
46 43
46 42
46 42
45 41
45 41
44 40
43 39
43 39
42 38
42 38
41 38
41 38
42 37
42 37
43 36
43 35
43 35
44 35
45 34
46 34
46 34
47 34
48 33
49 33
49 33
50 33
51 33
52 33
52 33
53 33
54 33
55 33
55 33
56 33
57 34
58 34
58 34
59 35
60 35
60 35
61 36
62 36
63 37
63 37
64 38
64 39
65 40
65 40
65 41
66 42
66 43
66 43
66 44
66 45
66 45
66 46
66 47
66 48
66 48
66 49
66 50
66 50
66 51
66 52
66 52
66 52
65 52
65 52
65 52
65 51
65 51
65 50
65 49
65 48
65 48
65 47
66 46
66 45
66 45
66 44
67 43
67 42
67 42
68 41
69 40
69 40
70 39
70 38
70 38
71 38
71 38
72 39
72 39
73 40
74 41
74 41
75 42
75 43
75 43
75 44
76 45
76 46
76 46
76 47
77 48
77 49
77 49
78 50
79 51
79 51
80 52
80 53
80 53
80 54
80 54
81 54
81 54
81 53
81 52
82 51
82 50
82 49
82 48
83 47
83 46
83 45
83 44
84 43
84 42
84 41
84 40
85 39
85 38
85 37
85 37
86 37
87 38
88 38
88 38
88 39
88 39
88 40
88 40
88 41
89 42
89 43
89 43
89 44
89 45
89 45
89 46
90 47
90 48
90 48
91 49
91 49
92 49
92 49
93 49
94 49
94 49
95 49
95 49
95 48
95 47
95 47
96 46
97 45
98 44
98 44
98 43
98 42
99 41
99 40
99 39
99 38
99 38
100 37
100 37
100 38
100 38
99 38
99 38
99 39
98 40
98 41
98 42
98 42
98 43
98 44
97 45
97 46
97 47
97 47
97 48
97 49
97 50
96 51
96 52
96 53
96 54
96 54
96 55
95 56
95 57
95 58
95 59
94 60
94 61
94 62
94 62
94 63
93 64
93 65
93 66
93 67
92 68
92 69
92 70
92 70
92 71
91 72
91 73
91 74
91 75
90 76
90 77
90 77
90 78
89 79
89 80
89 81
89 82
88 83
88 84
88 85
88 85
87 86
87 87
86 88
86 89
85 90
85 90
85 91
84 92
84 93
83 94
83 95
83 95
82 96
82 97
81 98
81 99
81 99
80 100
79 100
