2 26
2 25
2 25
1 25
1 25
1 25
0 25
0 25
0 24
0 24
0 24
0 23
0 23
0 22
0 21
0 21
0 20
0 19
0 19
1 18
1 17
1 17
2 16
2 15
3 14
3 13
3 13
4 12
5 11
6 10
6 10
7 9
8 8
9 7
9 7
10 6
11 5
12 5
13 4
13 4
14 4
15 3
16 3
17 3
17 3
18 3
19 3
20 3
20 3
21 3
22 3
23 3
24 3
24 3
25 3
26 4
27 4
28 4
28 4
29 4
30 4
31 4
31 4
32 4
33 3
34 3
34 3
35 3
36 2
37 2
37 2
38 2
39 2
39 2
40 1
40 1
41 0
41 0
41 0
40 0
39 1
38 1
37 2
36 2
35 3
34 3
33 4
32 4
31 5
30 5
29 6
28 6
27 7
26 7
26 7
26 8
25 9
25 10
25 10
25 11
25 11
24 11
24 11
24 12
24 13
24 14
24 14
24 15
24 16
23 17
23 18
23 19
23 19
23 20
23 21
23 22
23 23
23 24
23 25
23 26
23 26
23 27
23 28
23 29
22 30
22 31
22 32
22 33
22 34
22 34
22 35
22 36
21 37
21 38
21 39
21 40
21 41
20 42
20 43
20 44
20 44
20 45
20 46
20 47
20 48
20 49
20 50
20 51
20 52
20 53
20 53
20 54
20 55
20 56
19 57
19 58
19 59
19 60
19 60
19 61
19 62
18 63
18 64
18 65
18 65
18 66
18 67
18 68
18 69
18 70
18 70
18 71
18 72
18 72
18 73
18 74
18 74
18 74
18 74
19 73
20 72
20 71
21 70
22 69
23 68
23 67
24 66
25 65
26 64
26 63
27 62
28 61
29 60
29 59
30 58
31 57
32 56
32 55
33 54
34 53
35 52
35 51
36 50
37 49
38 48
38 47
39 46
40 45
41 44
41 43
42 42
43 41
43 41
43 41
42 42
42 42
42 43
42 44
42 44
43 45
43 46
43 46
43 47
43 48
43 49
43 49
44 50
44 50
45 51
45 51
46 51
46 51
47 50
47 50
48 49
48 49
49 48
49 47
49 47
50 46
50 45
50 45
50 44
51 43
51 42
51 42
51 41
51 40
51 39
51 39
50 38
50 37
50 37
49 36
49 36
48 36
48 36
47 36
46 36
46 36
45 37
44 38
44 38
43 39
42 40
42 40
41 41
41 42
41 42
40 43
40 43
40 44
40 45
40 45
40 45
40 45
41 44
42 44
43 43
44 42
45 42
46 41
47 41
48 40
49 39
50 39
51 38
52 37
53 37
54 36
55 35
56 35
57 34
58 34
59 33
60 32
61 32
62 31
62 31
63 32
63 32
62 33
62 33
62 33
62 34
62 35
62 36
62 36
62 37
62 38
62 39
62 39
62 40
62 41
62 42
62 43
62 43
62 44
63 45
63 46
63 46
63 47
63 48
63 49
63 49
63 50
63 51
63 51
62 52
62 52
62 53
62 53
62 53
62 53
62 52
62 51
62 51
63 50
63 49
63 49
63 48
63 47
63 46
63 45
63 45
63 44
64 43
64 42
64 41
64 41
64 40
65 39
65 38
65 37
65 37
66 36
66 35
66 35
67 34
67 33
67 33
68 32
68 32
69 32
69 32
69 33
69 33
70 33
70 33
71 34
71 35
71 35
71 36
71 37
71 38
71 39
71 39
71 40
72 41
72 42
72 43
72 43
72 44
72 45
72 46
72 46
72 47
73 48
73 49
73 49
73 50
73 51
73 52
73 52
74 53
74 53
74 53
75 53
75 53
75 52
75 52
75 51
76 50
76 49
77 48
77 47
77 46
78 45
78 44
79 43
79 42
80 41
80 40
80 39
81 38
81 37
82 36
82 35
82 34
83 33
83 32
84 31
84 30
84 30
84 30
84 29
84 29
84 29
85 29
85 29
85 29
85 28
85 28
85 28
86 28
86 28
86 29
86 29
86 30
86 31
86 31
86 32
86 33
86 33
86 34
87 35
87 36
87 36
87 37
87 38
87 39
87 40
87 40
87 41
87 42
87 43
87 44
87 44
87 45
88 46
88 47
88 47
88 48
88 49
88 49
89 50
89 50
89 51
89 51
90 52
90 52
91 52
91 52
91 51
91 51
92 50
92 50
92 49
93 48
93 47
93 46
94 45
94 44
95 43
95 42
95 41
96 40
96 39
96 38
97 37
97 36
97 35
98 34
98 33
99 32
99 31
99 30
100 29
100 28
100 28
100 28
99 28
99 28
99 28
99 28
98 29
98 29
98 30
98 30
97 31
97 32
97 32
97 33
97 34
97 35
97 36
97 36
97 37
96 38
96 39
96 40
96 40
96 41
95 42
95 43
94 44
94 45
94 45
94 46
93 47
93 48
93 49
93 50
92 51
92 52
92 52
92 53
91 54
91 55
91 56
90 57
90 58
90 58
90 59
89 60
89 61
89 62
89 63
88 64
88 65
88 66
88 66
88 67
87 68
87 69
86 70
86 71
85 72
85 73
85 73
85 74
84 75
84 76
84 77
83 78
83 79
83 80
82 81
82 82
82 82
82 83
81 84
81 85
81 86
81 87
80 88
80 89
80 89
80 90
79 91
79 92
78 93
78 94
78 94
77 95
77 96
76 97
76 98
76 98
75 99
75 100
