0 8
0 7
0 7
0 6
0 5
0 5
1 4
2 4
2 4
3 3
4 3
4 3
5 3
6 2
7 2
8 2
8 2
9 2
10 3
11 3
11 3
12 3
13 2
14 2
15 2
15 2
16 2
17 2
18 2
19 2
19 2
20 2
21 1
22 1
23 1
23 1
24 1
25 1
26 1
26 1
27 1
28 1
28 1
29 0
29 0
28 0
27 1
26 1
25 1
25 1
24 2
23 2
22 3
21 3
21 3
20 3
20 3
19 4
18 4
18 4
17 5
17 6
17 6
17 7
17 8
17 9
17 9
17 10
17 11
16 12
16 13
16 14
16 15
16 15
16 16
16 17
16 18
16 19
16 20
16 21
16 21
16 22
16 23
16 24
15 25
15 26
15 27
15 28
15 29
15 29
15 30
15 31
15 32
15 33
15 34
15 35
15 36
15 37
15 37
15 38
15 39
15 40
15 41
15 42
15 43
15 44
15 45
15 46
15 46
15 47
15 48
16 49
16 50
16 51
16 52
16 52
16 53
17 54
17 55
17 56
17 56
17 57
18 58
18 59
18 59
19 60
19 60
20 61
20 61
21 61
21 61
22 60
22 59
23 58
24 57
25 56
25 55
26 54
27 53
27 52
28 51
29 50
29 49
30 48
31 47
32 46
32 45
33 44
34 43
34 42
35 41
35 41
36 41
37 41
38 41
38 41
38 42
38 42
38 43
38 43
39 44
39 44
40 45
40 46
40 46
40 47
40 48
40 48
41 49
41 50
41 50
42 51
42 51
43 52
44 52
44 52
45 52
45 52
46 51
47 51
47 51
48 50
48 49
48 49
49 48
50 47
50 47
50 46
50 45
50 45
50 44
50 43
50 43
50 42
50 41
50 41
49 40
49 40
48 39
47 39
47 39
46 40
46 40
45 40
44 40
44 40
43 41
43 41
42 42
42 42
42 43
42 43
42 44
42 44
43 43
44 43
45 42
46 42
47 41
48 41
49 40
50 39
51 39
52 38
53 38
54 37
55 37
56 36
57 35
58 35
59 34
60 34
61 33
62 33
63 32
63 32
64 33
65 34
66 35
66 35
66 35
66 36
67 37
67 38
67 38
67 39
67 40
67 41
67 42
67 42
67 43
66 44
66 45
66 46
66 46
66 47
66 48
66 49
66 49
66 50
65 51
65 52
65 52
65 52
64 52
64 52
64 53
64 53
64 53
64 52
64 52
65 51
65 50
65 50
65 49
66 48
66 47
66 46
66 46
66 45
67 44
67 43
67 43
67 42
68 41
68 40
68 40
69 39
69 38
70 37
70 37
71 36
71 36
72 36
72 36
73 37
73 37
74 38
74 38
74 39
74 40
74 40
74 41
74 42
74 43
74 43
74 44
74 45
74 46
74 46
74 47
74 48
74 49
74 49
74 50
74 51
74 51
74 52
74 53
74 53
74 54
74 54
75 54
75 54
75 54
76 53
76 52
77 51
77 50
78 49
78 48
79 47
79 46
80 45
80 44
81 43
81 42
82 41
82 40
83 39
83 38
83 38
84 39
85 39
85 39
85 39
86 40
86 40
87 41
87 42
87 42
87 43
88 44
88 45
88 45
89 46
89 47
89 47
90 48
90 49
90 49
91 50
91 50
92 51
92 51
93 52
93 52
93 52
94 51
95 51
95 51
95 50
96 49
96 48
97 47
97 46
98 45
98 44
99 43
99 42
99 42
99 41
100 40
100 39
100 39
99 39
99 39
99 40
99 40
98 41
98 42
98 42
98 43
97 44
97 45
97 46
97 46
97 47
96 48
96 49
95 50
95 51
95 51
95 52
94 53
94 54
94 55
93 56
93 57
93 57
93 58
92 59
92 60
92 61
92 62
91 63
91 64
91 64
91 65
90 66
90 67
90 68
89 69
89 70
89 70
89 71
88 72
88 73
88 74
88 75
87 76
87 77
87 77
86 78
86 79
85 80
85 81
84 82
84 83
84 83
84 84
83 85
83 86
83 87
82 88
82 89
82 89
81 90
81 91
80 92
80 93
80 93
79 94
79 95
78 96
78 96
78 97
77 98
77 99
77 99
77 100
