3 9
2 9
1 9
1 9
0 9
0 9
0 8
0 7
0 7
0 7
1 7
2 7
2 7
3 7
4 6
5 6
5 6
6 6
7 6
8 6
8 6
9 5
10 5
11 4
12 4
12 4
13 4
14 3
15 3
16 3
16 3
17 3
18 2
19 2
20 2
20 2
21 2
22 2
23 1
24 1
25 1
25 1
26 1
27 0
28 0
28 0
29 0
30 0
31 0
31 0
32 1
32 1
31 1
30 2
29 2
28 3
27 3
26 4
25 4
25 4
25 5
24 6
24 7
24 8
23 9
23 10
23 10
22 11
22 12
21 13
21 13
21 14
20 15
20 16
20 16
20 17
20 18
20 19
20 20
20 21
20 22
20 23
20 23
20 24
20 25
20 26
20 27
20 28
20 29
20 30
20 31
20 32
20 32
20 33
20 34
20 35
20 36
20 37
20 38
20 39
20 40
20 41
20 42
20 42
20 43
20 44
20 45
21 46
21 47
21 48
21 49
21 50
21 50
21 51
21 52
22 53
22 54
22 55
22 56
22 56
22 57
22 58
23 59
23 60
23 61
23 61
24 62
24 63
24 63
25 63
26 63
26 63
27 62
27 61
28 60
28 59
29 58
29 57
30 56
30 55
31 54
32 53
32 52
33 51
33 50
34 49
34 48
35 47
35 46
36 45
36 44
37 43
38 42
38 41
39 40
39 39
40 38
40 37
41 36
41 35
42 34
42 34
42 35
42 36
43 37
43 38
43 39
43 39
43 40
43 40
43 41
43 42
42 43
42 44
42 45
42 45
42 46
43 47
43 48
43 49
43 49
43 50
43 51
43 52
43 52
44 53
44 53
45 53
45 53
46 53
46 53
47 52
47 51
47 51
48 50
48 50
49 49
50 48
50 48
50 47
50 46
50 46
49 45
49 44
49 44
48 43
48 42
48 42
47 41
46 40
46 40
45 39
45 38
45 38
44 37
43 36
43 36
43 35
43 35
43 35
44 34
44 34
45 33
46 33
46 33
47 32
48 31
48 31
49 31
50 31
50 31
51 32
52 32
52 32
53 32
54 32
54 32
55 33
56 33
56 33
57 34
58 35
58 35
59 36
60 37
60 37
60 38
61 39
61 40
61 40
61 41
61 42
61 43
61 43
61 44
61 45
61 46
61 47
61 47
61 48
61 49
61 49
61 50
61 51
61 51
61 52
61 52
61 53
61 53
61 53
61 53
61 52
61 52
61 51
61 50
61 50
61 49
62 48
62 47
62 46
62 46
62 45
62 44
63 43
63 42
63 41
63 41
64 40
64 39
65 38
65 37
65 37
66 36
66 35
67 34
67 34
68 33
68 33
69 33
70 33
70 33
71 34
71 34
72 35
72 35
72 36
73 37
73 38
73 38
73 39
73 40
73 41
73 42
73 42
73 43
74 44
74 45
74 46
74 46
74 47
74 48
74 49
74 49
75 50
75 51
75 51
75 52
75 52
76 53
76 53
76 53
77 53
77 53
77 52
78 51
78 50
79 49
79 48
79 47
80 46
80 45
80 44
81 43
81 42
82 41
82 40
82 39
83 38
83 37
83 36
84 35
84 34
85 33
85 32
85 32
86 33
86 34
87 35
87 35
86 36
86 36
86 37
86 37
86 38
87 39
87 40
87 41
87 41
87 42
87 43
87 44
87 45
87 45
87 46
88 47
88 48
88 48
89 49
90 49
90 49
91 49
91 49
92 49
92 49
93 49
93 49
94 48
94 47
94 47
95 46
95 45
95 45
95 44
96 43
96 42
96 42
97 41
97 40
98 39
98 38
98 38
98 37
99 36
99 35
99 34
99 34
99 33
99 32
99 32
100 31
100 31
99 32
99 32
99 33
99 33
99 34
98 35
98 36
98 37
98 37
98 38
98 39
97 40
97 41
97 42
97 43
97 43
97 44
97 45
97 46
96 47
96 48
96 49
96 50
96 51
96 51
96 52
96 53
95 54
95 55
95 56
95 57
94 58
94 59
94 60
94 60
94 61
94 62
93 63
93 64
93 65
93 66
93 67
93 68
92 69
92 70
92 71
92 71
92 72
91 73
91 74
90 75
90 76
90 77
89 78
89 79
89 79
89 80
88 81
88 82
88 83
88 84
87 85
87 86
87 87
87 87
87 88
86 89
86 90
86 91
86 92
85 93
85 94
85 94
84 95
84 96
83 97
83 98
83 98
82 99
81 100
81 100
80 100
