1 8
1 9
0 10
0 11
0 12
0 12
0 11
0 11
0 10
0 10
1 9
1 9
2 9
3 8
4 8
4 8
5 7
6 7
7 6
8 6
8 6
9 6
10 5
11 5
12 5
12 5
13 5
14 5
15 5
16 5
16 5
17 5
18 5
19 4
20 4
21 4
21 4
22 3
23 2
24 1
24 1
25 1
26 1
27 1
27 1
28 0
29 0
29 0
30 0
30 0
31 1
31 1
32 1
32 1
31 1
31 1
30 2
29 3
28 4
27 5
26 5
25 6
24 7
23 8
23 8
22 9
21 9
21 9
21 10
21 10
21 11
21 11
21 12
21 13
21 13
21 14
21 15
21 16
21 17
21 17
21 18
21 19
21 20
21 21
21 22
21 22
21 23
21 24
21 25
22 26
22 27
22 28
22 29
22 30
22 30
22 31
22 32
22 33
22 34
22 35
22 36
22 37
22 38
22 39
22 39
22 40
22 41
22 42
22 43
22 44
22 45
22 46
22 47
22 48
22 49
22 49
22 50
22 51
22 52
22 53
22 54
22 55
22 56
22 57
22 58
22 59
22 59
22 60
22 61
22 62
22 63
22 64
22 65
22 66
22 66
22 67
22 68
22 69
22 70
22 71
22 72
22 72
22 73
22 74
22 75
22 76
22 76
22 77
22 78
22 78
22 79
22 80
22 80
23 79
23 78
24 77
24 76
25 75
25 74
26 73
27 72
27 71
28 70
28 69
29 68
29 67
30 66
31 65
31 64
32 63
32 62
33 61
33 60
34 59
35 58
35 57
36 56
36 55
37 54
37 53
38 52
39 51
39 50
40 49
40 48
41 47
41 46
42 45
42 45
42 44
42 44
41 43
41 43
41 43
41 43
41 44
41 45
41 45
41 46
41 47
41 47
41 48
41 49
41 50
41 50
41 51
41 52
41 53
41 53
42 54
42 55
42 55
42 56
42 57
42 57
43 58
43 58
44 58
44 58
45 57
45 57
46 56
47 55
47 55
47 54
48 53
48 52
48 52
48 51
48 50
48 49
48 49
48 48
48 47
48 46
48 46
48 45
48 44
48 44
47 43
47 43
46 42
46 42
45 43
44 43
44 43
43 44
43 45
43 45
42 46
41 47
41 47
41 48
41 49
41 49
40 50
40 51
40 51
39 52
39 52
39 52
40 51
40 51
41 50
41 50
41 49
42 48
42 47
42 47
43 46
44 45
44 45
45 44
46 43
46 43
47 42
48 41
48 41
49 40
50 39
50 39
51 38
52 38
52 38
53 37
54 37
54 37
55 37
56 37
56 37
57 37
58 37
58 37
59 38
59 39
59 39
59 40
59 40
60 41
60 42
60 42
60 43
60 44
60 44
60 45
60 46
60 47
60 47
60 48
59 49
59 50
59 50
59 51
59 52
59 52
59 53
59 53
59 53
59 53
59 52
59 52
59 51
59 50
59 50
60 49
60 48
61 47
61 47
61 46
62 45
62 44
62 43
62 43
62 42
63 41
63 40
63 40
63 39
64 38
64 37
64 37
65 36
65 36
66 37
66 37
67 38
67 38
68 39
68 40
68 40
68 41
69 42
69 43
69 43
69 44
69 45
69 45
69 46
70 47
70 48
70 48
70 49
71 50
71 51
71 51
71 52
71 52
71 53
71 53
72 54
72 54
72 54
72 54
73 53
73 53
73 52
73 52
74 51
74 50
75 49
75 48
76 47
76 46
77 45
77 44
78 43
79 42
79 41
80 40
80 39
81 38
81 37
82 36
82 35
83 34
83 33
84 32
84 32
84 31
84 30
84 30
84 29
84 29
85 29
85 29
85 29
85 30
85 30
86 31
86 32
86 32
86 33
86 34
86 34
86 35
87 36
87 37
87 38
87 38
87 39
88 40
88 41
88 41
88 42
88 43
88 44
88 44
88 45
89 46
89 47
89 47
89 48
89 49
89 49
90 50
90 50
90 51
90 51
91 51
91 51
92 51
92 51
92 50
93 49
93 48
93 47
94 46
94 45
94 44
95 43
95 42
95 41
96 40
96 39
96 38
97 37
97 36
97 35
98 34
98 33
98 32
99 31
99 30
99 29
100 28
100 27
100 27
100 27
100 27
99 26
99 26
99 26
99 26
99 27
99 27
99 28
99 28
98 29
98 29
97 30
97 31
97 31
97 32
97 33
97 33
97 34
96 35
96 36
96 37
96 37
96 38
95 39
95 40
94 41
94 42
94 42
94 43
94 44
93 45
93 46
93 47
93 47
93 48
93 49
92 50
92 51
92 52
92 53
92 53
92 54
91 55
91 56
91 57
90 58
90 59
90 59
90 60
90 61
90 62
89 63
89 64
89 65
89 66
89 66
89 67
88 68
88 69
88 70
87 71
87 72
87 72
87 73
86 74
86 75
86 76
86 77
85 78
85 79
85 79
84 80
84 81
83 82
83 83
82 84
82 84
82 85
81 86
81 87
80 88
80 89
80 89
79 90
79 91
78 92
78 92
77 93
76 94
76 95
75 96
75 96
74 97
73 98
73 98
72 99
71 100
71 100
70 100
69 100
