3 9
2 10
1 10
1 10
0 10
0 10
0 10
0 10
0 10
0 10
1 10
1 10
2 9
3 9
3 9
4 9
5 8
6 8
6 8
7 8
8 7
9 7
10 7
10 7
11 7
12 6
13 6
14 6
14 6
15 6
16 6
17 5
18 5
19 5
19 5
20 5
21 4
22 4
22 4
23 4
24 3
25 3
26 3
26 3
27 3
28 2
29 2
29 2
30 2
31 2
31 2
32 1
33 1
33 1
34 1
35 1
35 1
36 1
36 1
37 0
37 0
36 0
35 0
34 1
33 1
32 1
31 1
30 1
29 1
28 2
27 2
26 2
26 2
25 3
25 4
24 5
24 6
24 6
23 7
23 8
22 9
22 9
22 10
21 11
21 12
21 13
21 13
21 14
20 15
20 16
20 17
20 17
20 18
19 19
19 20
19 21
19 21
19 22
19 23
19 24
18 25
18 26
18 27
18 28
18 28
18 29
18 30
17 31
17 32
17 33
17 34
17 34
17 35
17 36
17 37
16 38
16 39
16 40
16 41
16 41
16 42
16 43
15 44
15 45
15 46
15 47
15 47
15 48
15 49
14 50
14 51
14 52
14 53
14 53
14 54
14 55
14 56
14 57
14 58
14 58
14 59
14 60
14 61
14 62
14 62
14 63
14 64
14 64
15 64
15 64
15 64
16 63
16 63
17 62
18 61
19 60
20 59
21 58
21 57
22 56
23 55
24 54
25 53
26 52
27 51
28 50
29 49
30 48
30 47
31 46
32 45
33 44
34 43
35 42
36 41
37 40
38 39
39 38
39 37
40 36
41 35
42 34
43 33
43 33
44 32
44 32
44 31
44 31
43 31
43 31
42 31
42 31
42 32
42 32
41 33
41 33
40 34
40 34
39 35
39 36
39 36
38 37
38 38
38 38
38 39
38 40
38 40
37 41
37 42
37 42
37 43
37 44
37 44
37 45
38 46
38 47
38 47
39 48
39 48
40 49
40 49
41 48
41 48
42 47
43 47
43 47
44 46
45 45
45 45
45 44
46 43
46 42
46 42
46 41
46 40
46 40
47 39
47 38
47 38
47 37
46 36
46 35
46 35
46 34
46 33
46 32
46 32
45 31
45 31
44 30
44 30
43 30
43 30
42 31
42 31
41 32
40 32
40 32
40 33
40 33
41 33
42 33
43 32
44 32
45 32
46 32
47 32
48 31
49 31
50 31
51 31
52 31
53 31
54 30
55 30
56 30
56 30
57 31
58 31
58 31
58 30
58 30
57 31
57 32
57 32
57 33
57 33
57 34
57 35
57 36
57 36
56 37
56 38
56 38
56 39
56 40
56 40
56 41
56 42
56 42
56 43
56 44
56 44
56 45
56 45
56 46
56 46
56 47
56 47
56 47
56 47
57 46
57 45
57 45
58 44
58 43
58 43
59 42
59 41
59 41
59 40
60 39
60 38
60 38
60 37
61 36
61 35
61 35
62 34
62 33
62 33
63 32
63 32
64 31
65 31
65 31
66 31
66 31
67 31
68 31
68 31
69 31
70 31
70 31
71 32
71 33
71 33
72 34
72 35
72 35
73 36
73 37
73 37
74 38
74 39
74 39
75 40
75 41
75 41
75 42
75 42
76 43
76 44
76 44
77 44
77 44
78 45
78 45
79 44
79 44
80 43
80 43
81 42
81 41
81 41
82 40
82 39
83 38
84 37
84 36
85 35
85 35
86 34
87 33
88 32
88 32
89 31
89 31
89 31
89 31
89 31
89 32
89 32
89 33
89 34
89 34
89 35
89 36
89 37
89 37
89 38
89 39
89 39
89 40
89 41
89 41
89 42
90 43
90 44
90 44
90 45
90 46
90 46
90 47
90 47
91 48
91 48
91 47
91 47
92 46
92 46
93 45
93 44
93 44
94 43
94 42
94 42
94 41
95 40
95 39
95 39
95 38
96 37
96 36
96 36
97 35
97 34
98 33
98 33
98 32
99 31
99 30
99 30
99 29
99 29
99 29
99 29
99 30
99 30
99 31
99 32
99 32
99 33
98 34
98 35
98 36
98 36
97 37
97 38
96 39
96 40
96 40
96 41
95 42
95 43
95 44
95 45
94 46
94 47
94 47
94 48
93 49
93 50
92 51
92 52
92 53
91 54
91 55
91 55
91 56
90 57
90 58
89 59
89 60
88 61
88 62
87 63
87 64
87 64
87 65
86 66
86 67
85 68
85 69
84 70
84 71
83 72
83 73
83 73
83 74
82 75
82 76
81 77
81 78
80 79
80 80
79 81
79 82
79 82
79 83
78 84
78 85
77 86
77 87
77 88
76 89
76 90
76 90
75 91
75 92
74 93
74 94
73 95
73 96
73 96
72 97
72 98
71 99
71 100
