3 13
2 13
1 14
0 14
0 14
0 13
0 13
0 13
0 13
1 13
1 13
2 13
3 12
4 12
4 12
5 12
6 11
7 11
8 11
8 11
9 11
10 10
11 10
12 10
12 10
13 10
14 10
15 9
16 9
17 9
17 9
18 9
19 9
20 8
21 8
22 8
22 8
23 7
24 7
25 6
26 6
26 6
27 6
28 5
29 5
30 5
30 5
31 4
32 4
32 4
33 4
34 3
35 3
35 3
36 2
37 2
37 2
38 1
39 1
39 1
40 0
40 0
39 0
38 1
37 1
36 1
35 2
34 2
33 3
32 3
31 3
30 4
29 4
29 4
28 5
28 6
27 7
27 7
26 8
26 9
25 10
25 10
25 11
24 12
24 13
24 13
24 14
24 15
23 16
23 17
23 18
23 18
23 19
23 20
22 21
22 22
22 23
22 24
22 24
22 25
22 26
22 27
21 28
21 29
21 30
21 31
21 32
21 32
21 33
21 34
21 35
20 36
20 37
20 38
20 39
20 40
20 40
20 41
20 42
20 43
19 44
19 45
19 46
19 47
19 48
19 48
19 49
19 50
19 51
18 52
18 53
18 54
18 55
18 56
18 56
18 57
18 58
18 59
18 60
18 61
18 62
18 62
18 63
18 64
18 65
18 66
18 67
18 67
18 68
18 69
18 70
18 71
18 71
18 72
18 73
18 73
19 74
19 74
20 73
20 73
20 72
20 71
20 71
21 70
22 69
22 68
23 67
24 66
25 65
26 64
26 63
27 62
28 61
29 60
30 59
30 58
31 57
32 56
33 55
34 54
35 53
35 52
36 51
37 50
38 49
39 48
39 47
40 46
41 45
42 44
43 43
43 42
44 41
45 40
45 40
46 39
46 38
46 38
46 38
46 38
46 39
46 39
45 40
45 40
44 41
44 42
44 42
44 43
44 44
44 44
44 45
43 46
43 47
43 47
43 48
42 49
42 50
42 51
42 51
42 52
42 53
42 54
42 54
42 55
42 56
42 56
42 57
42 58
42 58
43 59
43 59
44 59
44 59
45 59
45 59
46 58
46 57
46 57
47 56
47 55
47 55
48 54
48 53
48 53
48 52
49 51
49 50
49 50
49 49
49 48
49 48
49 47
49 46
49 45
49 45
48 44
48 43
48 43
48 42
48 41
48 41
47 40
47 40
46 40
46 40
46 40
45 41
45 41
45 41
45 42
45 42
46 42
46 42
47 43
47 43
48 43
49 43
49 43
50 42
51 42
51 42
52 42
53 42
54 42
54 42
55 41
56 41
56 41
57 40
58 40
59 39
59 39
60 38
60 38
61 37
61 37
62 36
62 36
63 35
63 35
63 35
62 34
62 34
62 34
62 35
62 35
61 36
61 37
61 37
61 38
61 38
61 39
60 40
60 41
60 41
60 42
60 43
60 43
60 44
60 45
60 46
60 46
60 47
60 48
60 48
60 49
60 50
60 50
60 51
60 52
60 52
60 53
60 53
60 53
60 53
61 52
61 52
61 51
61 50
61 50
62 49
62 48
62 48
62 47
63 46
63 45
63 45
63 44
64 43
64 42
64 42
65 41
65 41
66 40
67 39
67 39
68 39
68 39
69 39
69 39
70 40
70 40
71 41
71 41
72 42
72 43
72 43
73 44
73 45
73 45
73 46
73 47
73 47
73 48
74 49
74 50
74 50
74 51
74 52
74 52
75 53
75 53
76 53
76 53
77 53
77 53
78 52
78 51
79 50
79 49
80 48
80 47
81 46
81 45
82 44
82 43
83 42
83 41
84 40
84 39
85 38
85 37
85 37
86 36
86 36
86 35
86 35
86 35
86 35
86 35
86 36
86 36
86 37
86 38
86 38
86 39
86 40
86 40
86 41
86 42
86 43
86 43
86 44
86 45
86 46
86 46
86 47
86 48
86 48
86 49
86 50
86 51
86 51
86 52
86 53
86 53
87 54
87 54
87 54
88 53
88 53
89 52
89 52
90 51
90 50
91 49
91 49
91 48
92 47
92 46
92 46
93 45
93 44
94 43
94 42
94 42
94 41
95 40
95 39
95 38
95 38
95 37
96 36
96 35
97 34
97 33
97 33
97 32
98 31
98 30
98 29
98 29
99 28
99 27
99 27
100 26
100 26
100 26
99 26
99 26
99 27
99 28
99 28
98 29
98 30
98 30
98 31
97 32
97 33
97 33
97 34
96 35
96 36
96 37
95 38
95 39
95 39
95 40
95 41
94 42
94 43
94 44
94 45
94 45
94 46
93 47
93 48
93 49
92 50
92 51
92 52
91 53
91 54
91 54
91 55
90 56
90 57
90 58
90 59
89 60
89 61
89 62
89 62
89 63
89 64
88 65
88 66
88 67
88 68
87 69
87 70
87 71
87 71
87 72
86 73
86 74
86 75
86 76
85 77
85 78
85 78
85 79
84 80
84 81
84 82
83 83
83 84
83 84
83 85
82 86
82 87
82 88
81 89
81 90
81 90
81 91
80 92
80 93
79 94
79 95
79 95
78 96
77 97
76 98
76 98
75 99
75 100
