4 9
3 9
2 9
1 9
1 9
0 8
0 7
0 7
0 7
0 6
0 6
1 5
2 5
2 5
3 4
4 4
4 4
5 4
6 3
7 3
7 3
8 3
9 2
10 2
11 2
11 2
12 2
13 2
14 2
15 2
15 2
16 2
17 1
18 1
19 1
19 1
20 1
21 0
22 0
23 0
23 0
24 0
25 0
26 0
26 0
27 0
28 1
29 1
29 1
30 1
30 1
29 1
28 2
27 2
26 2
25 2
24 3
23 3
23 3
23 4
22 5
22 6
22 7
22 7
21 8
21 9
21 9
20 10
20 11
20 11
20 12
20 13
20 14
20 15
20 16
20 17
20 17
20 18
20 19
20 20
20 21
20 22
20 23
20 24
20 25
20 25
20 26
20 27
20 28
20 29
20 30
20 31
20 32
20 33
20 34
20 34
20 35
20 36
20 37
21 38
21 39
21 40
21 41
21 42
21 42
21 43
21 44
22 45
22 46
22 47
22 48
22 48
22 49
22 50
22 51
22 52
22 53
22 54
22 54
22 55
23 56
23 57
23 57
23 58
23 59
23 59
24 60
24 60
24 61
24 61
25 61
25 61
25 61
26 61
26 61
26 61
27 60
27 59
28 58
29 57
30 56
30 55
31 54
32 53
32 52
33 51
34 50
34 49
35 48
36 47
37 46
37 45
38 44
39 43
39 42
40 41
41 40
41 39
42 38
43 37
44 36
44 35
45 34
46 33
46 32
47 31
47 31
47 32
47 33
47 34
47 34
46 34
46 34
45 35
45 36
45 36
45 37
44 38
44 39
44 40
44 40
44 41
45 42
45 43
45 43
45 44
45 45
45 45
46 46
46 46
47 47
48 47
48 47
49 48
49 48
50 48
51 47
52 47
52 47
53 46
54 46
54 46
55 45
55 44
55 44
56 43
56 42
57 41
57 41
57 40
57 39
57 38
57 38
57 37
57 36
57 35
57 35
57 34
56 33
56 32
56 31
56 31
55 30
54 30
54 30
53 30
53 30
52 30
51 30
51 30
50 31
49 32
49 32
48 33
47 33
47 33
46 34
46 35
46 35
45 36
45 36
45 37
45 37
46 37
47 37
48 36
49 36
50 36
51 36
52 36
53 36
54 35
55 35
56 35
57 35
58 35
59 34
60 34
61 34
62 34
63 34
64 34
65 33
66 33
67 33
67 33
68 34
68 34
68 34
68 35
68 35
68 36
67 37
67 38
67 38
67 39
67 40
67 41
67 42
67 42
67 43
67 44
67 45
67 45
67 46
67 47
67 47
66 48
66 49
66 49
66 49
66 49
66 49
66 48
66 48
67 47
67 46
67 46
67 45
68 44
68 43
68 42
68 42
68 41
69 40
69 39
69 39
69 38
70 37
70 36
70 36
71 35
71 34
71 34
72 33
72 33
73 34
73 34
74 35
74 35
74 36
75 37
75 38
75 38
75 39
76 40
76 41
76 41
76 42
77 43
77 44
77 44
77 45
78 46
78 47
78 48
78 48
78 49
78 50
78 50
79 51
79 51
79 52
79 52
80 52
80 52
80 51
80 50
81 49
81 48
81 47
81 46
81 45
81 44
82 43
82 42
82 41
82 40
82 39
82 38
83 37
83 36
83 35
83 35
84 34
85 33
85 33
85 34
85 34
85 35
85 35
86 36
86 37
86 37
86 38
86 39
86 40
86 41
86 41
87 42
87 43
87 43
87 44
87 45
87 45
88 46
88 47
88 47
89 48
89 48
90 48
90 48
90 48
91 47
92 47
92 47
93 46
94 45
95 44
95 43
96 42
97 41
97 41
97 40
98 39
98 38
99 37
99 36
99 36
100 35
100 35
99 35
99 35
99 36
98 37
98 38
98 38
98 39
97 40
97 41
97 42
97 42
97 43
96 44
96 45
96 46
95 47
95 48
95 48
95 49
94 50
94 51
94 52
94 53
93 54
93 55
93 56
93 56
93 57
92 58
92 59
92 60
91 61
91 62
91 63
90 64
90 65
90 65
90 66
89 67
89 68
89 69
89 70
88 71
88 72
88 73
88 73
88 74
87 75
87 76
87 77
87 78
86 79
86 80
86 81
86 81
86 82
85 83
85 84
85 85
84 86
84 87
84 87
84 88
83 89
83 90
82 91
82 92
82 92
81 93
80 94
80 95
79 96
79 96
78 97
78 98
77 99
77 99
76 100
75 100
