0 18
0 17
0 17
0 16
0 16
1 16
1 16
2 15
3 15
3 15
4 14
5 14
5 14
6 13
7 13
8 12
8 12
9 11
10 10
11 10
12 9
12 9
13 8
14 8
15 7
16 7
16 7
17 6
18 6
19 5
20 5
20 5
21 4
22 4
23 3
24 3
24 3
25 2
26 2
26 2
27 1
28 1
28 1
29 0
29 0
29 0
29 0
28 1
28 1
28 2
28 2
27 2
26 3
25 3
24 4
23 4
22 5
21 5
20 6
19 6
18 7
17 7
16 8
15 8
14 9
13 9
13 9
12 10
11 10
10 11
10 11
10 11
10 11
10 11
10 12
10 12
10 13
10 13
10 14
10 15
10 15
10 16
10 17
10 18
10 18
10 19
10 20
10 21
10 22
10 22
10 23
10 24
10 25
10 26
10 27
10 27
10 28
10 29
10 30
10 31
10 32
10 33
10 33
10 34
10 35
10 36
10 37
10 38
10 39
10 40
10 40
10 41
10 42
10 43
11 44
11 45
11 46
11 47
11 48
11 48
11 49
11 50
11 51
11 52
11 53
11 54
11 55
11 56
11 56
11 57
11 58
11 59
11 60
11 61
11 62
11 63
11 64
11 64
11 65
11 66
11 67
12 68
12 69
12 70
12 71
12 72
12 72
12 73
12 74
12 75
12 76
12 77
12 78
12 79
12 79
12 80
12 81
12 82
12 83
12 84
12 85
12 85
12 86
12 87
13 88
13 89
13 90
13 90
13 91
13 92
13 93
13 93
13 94
13 95
13 96
13 97
13 97
13 98
13 99
13 99
13 100
13 100
13 100
13 100
13 100
13 99
13 99
13 98
13 97
13 96
13 95
13 95
13 94
13 93
13 92
13 91
13 90
13 89
13 88
13 87
13 86
13 85
14 84
14 83
14 82
14 81
14 80
14 79
14 78
14 77
14 76
14 75
14 74
14 73
14 72
14 71
14 70
14 69
14 68
14 67
14 66
14 65
14 64
14 63
15 62
15 61
15 60
15 59
15 58
15 57
15 56
15 55
15 54
15 53
15 52
15 51
15 50
15 49
15 48
15 47
15 46
15 45
15 44
15 43
15 42
15 41
16 40
16 39
16 38
16 37
16 36
16 35
16 34
16 33
16 32
16 31
16 30
16 29
16 29
17 28
18 27
18 26
19 25
19 25
19 24
19 23
19 23
19 24
19 24
19 25
19 25
20 26
20 27
20 27
20 28
20 29
20 30
20 30
20 31
20 32
20 33
20 33
20 34
20 35
20 36
20 36
20 37
20 38
20 38
20 39
20 39
20 39
20 39
20 38
20 38
20 37
20 36
20 36
20 35
20 34
20 34
20 33
20 32
20 31
20 31
21 30
21 29
21 29
21 28
21 27
21 27
22 26
22 26
23 25
23 25
23 25
24 25
24 25
24 26
24 26
24 27
24 27
24 28
24 29
24 30
24 30
23 31
23 32
23 32
22 33
22 34
22 34
22 35
21 36
21 37
21 37
20 38
20 38
19 39
19 40
18 41
17 42
17 43
16 44
16 45
15 46
14 47
14 48
13 49
13 49
14 50
14 51
14 51
14 51
14 52
14 53
14 53
15 54
15 54
15 55
15 56
15 56
15 57
15 58
15 59
15 59
16 60
16 61
16 61
16 62
16 63
16 63
16 64
16 65
16 65
16 65
16 66
16 66
16 66
16 65
16 65
16 64
16 63
16 63
16 62
16 61
16 61
16 60
16 59
16 58
16 58
17 57
17 56
17 56
17 55
17 54
17 54
18 53
18 52
18 52
18 52
19 51
19 51
19 52
19 52
19 53
19 54
19 54
19 55
20 56
20 57
20 57
20 58
20 59
20 60
20 60
20 61
20 62
20 62
19 63
19 64
19 64
19 65
19 66
19 66
19 66
19 66
20 66
20 66
20 65
20 64
20 64
21 63
21 62
21 62
21 61
21 60
21 59
21 59
21 58
22 57
22 56
22 56
22 55
23 54
23 53
23 53
23 52
23 51
23 51
24 50
24 50
24 50
24 50
24 51
24 51
25 52
25 52
25 53
25 54
25 54
25 55
25 56
25 57
25 57
25 58
25 59
25 59
25 60
25 61
25 61
25 62
25 62
25 63
25 63
25 64
25 64
25 64
25 65
25 65
25 64
25 64
26 63
26 63
26 62
26 61
26 61
26 60
27 59
27 58
27 58
27 57
28 56
28 55
28 55
28 54
28 53
28 52
28 52
29 51
29 50
29 50
29 49
29 49
30 49
30 49
30 49
31 50
31 50
31 51
31 51
31 52
31 53
31 53
31 54
31 55
31 55
31 56
31 57
31 58
31 58
31 59
31 60
31 60
31 61
30 62
30 63
30 63
29 64
29 65
29 65
28 66
28 66
28 67
28 67
27 68
26 68
25 69
24 69
23 70
22 70
21 71
20 71
19 72
18 72
17 73
16 73
15 74
14 74
13 75
13 75
12 76
12 77
12 77
11 77
11 77
11 77
11 77
12 77
12 77
13 76
14 76
14 76
15 75
16 75
16 75
17 74
18 74
19 73
19 73
20 72
21 72
22 71
23 71
23 71
24 71
25 70
26 70
27 70
27 70
28 70
29 69
30 69
31 69
31 69
32 69
33 68
34 68
35 68
35 68
36 68
37 67
38 67
38 67
39 66
40 66
40 66
41 66
42 66
42 66
43 65
43 65
43 65
43 64
43 63
43 62
43 61
42 60
42 59
42 58
42 57
42 56
42 55
42 54
42 53
42 52
42 51
41 50
41 49
41 48
41 47
41 46
41 45
41 44
41 43
41 42
41 41
40 40
40 39
40 38
40 37
40 36
40 35
40 34
40 33
40 32
40 31
39 30
39 29
39 28
39 27
39 26
39 25
39 25
38 26
38 26
37 26
37 26
37 26
37 26
38 26
38 26
39 25
40 25
40 25
41 25
42 25
42 25
43 24
44 24
45 23
45 23
46 22
47 22
47 22
48 21
49 21
49 21
50 20
51 19
51 19
52 18
52 18
52 17
52 17
51 16
51 15
50 14
50 13
49 12
48 11
48 10
47 9
47 8
46 7
46 7
45 8
45 9
45 9
45 10
45 10
45 11
45 12
45 13
45 13
45 14
45 15
45 16
45 17
45 18
45 18
45 19
45 20
44 21
44 22
44 23
44 23
44 24
44 25
44 26
44 27
44 28
44 28
44 29
44 30
43 31
43 32
43 33
43 33
43 34
43 35
43 36
43 37
43 37
43 38
43 39
43 40
43 40
43 41
43 41
43 42
43 42
44 43
44 43
45 43
45 43
45 42
45 42
46 41
46 40
46 40
47 39
47 38
47 38
48 37
48 36
48 36
49 35
49 35
49 34
49 34
48 35
48 36
47 37
46 38
45 39
45 40
44 41
43 42
42 43
42 44
41 45
40 46
39 47
39 48
38 49
38 49
38 50
39 51
39 52
39 52
38 53
38 53
38 54
38 55
38 56
38 57
38 58
38 59
38 59
38 60
38 61
37 62
37 63
37 64
37 64
37 65
37 66
37 67
37 68
37 68
36 69
36 70
36 70
36 71
36 72
36 72
37 72
37 72
37 71
37 70
38 69
38 68
38 67
38 66
38 65
39 64
39 63
39 62
39 61
39 60
40 59
40 58
40 57
40 57
41 57
41 57
42 58
42 58
42 59
42 59
42 60
42 61
42 62
42 62
42 63
43 64
43 65
43 65
43 66
44 67
44 68
44 68
44 69
45 70
45 71
45 71
46 72
46 73
46 73
47 74
48 74
48 74
49 75
49 75
50 75
51 75
51 75
52 74
52 74
53 73
53 73
54 72
54 71
54 71
54 70
54 69
54 69
55 68
55 67
55 67
55 66
55 65
55 64
55 63
55 63
55 62
55 61
55 61
55 60
55 59
55 59
54 58
54 57
54 57
54 56
54 56
54 56
55 55
55 55
56 55
56 55
57 55
57 55
58 56
59 56
59 56
60 57
60 58
60 58
61 59
61 60
62 61
62 61
62 62
62 63
62 63
62 64
62 65
62 66
62 66
62 67
62 68
62 69
62 69
61 70
61 71
60 72
60 72
59 73
59 74
59 74
59 75
59 75
58 76
58 76
58 75
58 75
58 74
59 73
59 72
59 71
59 70
60 69
60 68
60 67
61 66
61 65
61 64
61 63
62 62
62 61
62 60
63 59
63 58
63 57
63 56
64 55
64 54
64 53
64 52
65 51
65 50
65 49
66 48
66 47
66 46
66 45
67 44
67 43
67 42
68 41
68 40
68 39
68 38
69 37
69 36
69 35
70 34
70 33
70 32
70 31
71 30
71 29
71 28
72 27
72 26
72 25
72 24
73 23
73 22
73 21
73 20
74 19
74 18
74 17
75 16
75 15
75 14
75 13
76 12
76 11
76 10
77 9
77 8
77 7
77 6
78 5
78 4
78 4
78 5
78 6
78 6
78 6
77 6
77 6
77 7
77 8
77 8
77 9
76 10
76 11
76 11
76 12
76 13
76 14
76 14
76 15
76 16
76 16
76 17
76 18
76 19
76 19
76 20
76 21
76 21
76 22
76 22
76 23
76 24
76 24
75 24
74 24
73 24
72 24
72 24
71 24
71 24
70 25
70 25
70 25
70 25
70 25
70 25
71 25
71 25
72 25
72 25
73 25
73 25
74 24
74 24
75 23
76 23
77 22
78 22
78 22
79 21
80 20
80 20
81 20
81 20
81 20
81 21
81 21
81 22
81 22
81 23
81 23
80 24
80 25
80 25
80 26
79 27
79 28
79 28
78 29
78 30
77 31
77 31
76 32
76 33
75 34
75 34
74 35
74 36
73 37
73 37
72 38
72 39
71 40
71 40
70 41
70 42
70 42
69 43
69 43
69 44
69 44
69 44
69 44
70 44
70 44
71 43
71 43
72 42
73 41
73 41
74 40
74 39
74 39
75 38
76 38
76 38
77 37
77 37
78 37
78 37
78 37
78 37
78 38
78 38
77 39
77 39
76 40
76 40
76 41
75 42
75 43
75 43
75 44
74 45
74 46
74 47
74 47
73 48
73 49
72 50
72 51
72 51
72 52
71 53
71 54
70 55
70 56
70 56
70 57
70 58
69 59
69 60
69 61
69 62
69 62
69 63
68 64
68 65
67 66
67 67
67 67
67 68
66 69
66 70
66 71
66 71
65 72
65 72
65 71
66 70
66 69
67 68
67 67
67 66
68 65
68 64
69 63
69 62
69 61
70 60
70 59
71 58
71 57
71 57
72 56
72 56
72 56
72 56
72 57
72 58
72 58
72 59
72 59
72 60
72 61
72 62
72 62
72 63
72 64
72 65
72 65
73 66
73 67
73 67
73 68
74 69
74 70
74 70
75 71
75 72
75 72
75 73
76 74
76 75
76 75
77 76
78 77
78 77
79 78
80 78
80 78
81 77
82 77
82 77
83 77
84 76
85 76
85 76
86 75
87 75
87 75
88 74
89 73
89 73
90 72
91 71
91 71
92 70
92 69
93 68
93 67
93 67
93 66
94 65
94 64
94 64
94 63
95 62
95 61
96 60
96 59
96 59
96 58
96 57
97 56
97 55
97 54
97 53
97 53
97 52
97 51
97 50
98 49
98 48
98 47
98 46
98 46
98 45
98 44
98 43
99 42
99 41
99 40
99 39
99 38
99 38
99 37
99 36
99 35
100 34
100 33
100 32
100 31
100 30
100 30
100 29
100 28
100 27
100 26
99 25
99 24
99 23
99 22
99 21
