0 13
0 12
0 12
0 12
0 12
1 12
1 12
2 12
2 12
3 12
3 12
4 12
5 12
5 12
6 11
6 11
7 10
8 10
8 10
9 10
10 9
11 9
11 9
12 8
13 8
13 8
14 7
15 7
16 6
16 6
17 5
18 5
18 5
19 4
20 4
20 4
21 3
22 2
22 2
23 1
24 1
24 1
25 1
25 1
24 2
23 3
22 4
21 5
20 5
19 6
18 7
17 8
16 9
15 10
14 11
13 12
12 13
11 13
10 14
9 15
8 16
7 17
7 17
6 16
6 15
6 15
5 15
5 15
5 15
5 16
5 17
5 17
5 18
5 19
5 19
5 20
5 21
5 22
5 23
5 23
5 24
5 25
5 26
5 27
5 28
5 28
5 29
5 30
4 31
4 32
4 33
4 33
4 34
4 35
4 36
4 37
4 38
4 39
4 40
4 40
4 41
4 42
4 43
4 44
4 45
4 46
4 47
4 48
4 48
4 49
4 50
4 51
4 52
4 53
4 54
4 55
4 56
4 57
4 57
4 58
4 59
4 60
4 61
4 62
4 63
4 64
4 65
4 66
4 67
4 67
4 68
4 69
4 70
4 71
4 72
4 73
4 74
4 75
4 75
4 76
4 77
3 78
3 79
3 80
3 81
3 81
3 82
3 83
3 84
3 85
3 86
3 87
3 87
3 88
3 89
3 90
3 91
3 92
3 92
3 93
2 94
2 95
2 95
2 96
2 97
2 98
2 98
2 98
2 97
2 96
2 95
3 94
3 93
3 92
3 91
3 90
3 89
4 88
4 87
4 86
4 85
4 84
4 83
5 82
5 81
5 80
5 79
5 78
5 77
5 76
6 75
6 74
6 73
6 72
6 71
6 70
7 69
7 68
7 67
7 66
7 65
7 64
8 63
8 62
8 61
8 60
8 59
8 58
8 57
9 56
9 55
9 54
9 53
9 52
9 51
10 50
10 49
10 48
10 47
10 46
10 45
11 44
11 43
11 42
11 41
11 40
11 39
11 38
12 37
12 36
12 35
12 34
12 33
12 32
13 31
13 30
13 29
13 28
13 27
13 26
14 25
14 24
14 23
14 22
14 22
14 22
13 21
13 20
13 20
13 20
13 19
13 19
13 19
13 19
13 20
13 20
13 21
13 22
13 22
13 23
14 24
14 25
14 25
14 26
14 27
14 28
14 28
14 29
14 30
14 30
14 31
14 32
14 33
14 33
15 34
15 35
15 35
15 36
15 37
15 37
15 36
15 35
16 34
16 33
16 32
16 32
16 31
16 30
16 29
16 29
15 28
15 28
15 27
15 27
16 26
16 26
16 25
16 24
16 24
17 23
17 23
18 22
18 21
18 21
19 20
19 20
20 19
20 19
21 20
21 20
22 21
22 21
22 22
22 23
22 23
22 24
21 25
21 26
21 26
21 27
21 28
21 28
21 29
20 30
20 31
20 31
20 32
19 33
19 34
19 34
19 35
19 36
19 37
19 37
18 38
18 39
18 39
18 40
18 40
17 40
17 40
18 40
18 40
18 40
19 39
19 39
20 38
20 37
20 37
21 36
21 35
21 35
22 34
22 33
22 33
23 32
24 32
24 32
25 31
25 31
24 32
23 33
23 34
22 35
21 36
20 37
20 38
19 39
18 40
17 41
17 42
16 43
15 44
14 45
14 46
13 47
12 48
11 49
11 50
10 51
9 52
8 53
8 54
7 55
7 55
6 56
6 56
6 55
6 55
6 54
6 54
6 55
6 55
7 56
7 56
7 57
7 58
7 59
7 59
7 60
8 61
8 62
8 62
8 63
8 64
8 65
8 65
8 66
9 67
9 68
9 69
9 69
9 70
9 71
9 71
9 72
9 73
9 73
9 74
9 75
9 75
10 76
10 76
10 77
10 77
10 77
10 76
10 76
10 75
10 74
10 74
10 73
10 72
10 72
10 71
10 70
10 70
9 69
9 68
9 68
9 67
9 66
9 66
9 65
9 64
9 64
9 63
9 63
9 62
9 62
10 61
10 61
11 60
11 59
11 59
12 58
12 58
13 57
13 57
14 56
14 56
14 56
15 56
15 56
15 57
15 58
15 58
15 59
15 60
15 60
15 61
14 62
14 63
14 63
14 64
14 65
14 66
14 66
14 67
13 68
13 69
13 69
13 70
12 71
12 72
12 72
12 73
12 73
12 74
12 74
12 74
12 73
12 73
13 72
13 71
13 71
14 70
14 69
14 69
14 68
15 67
15 66
15 66
15 65
16 64
16 63
16 63
16 62
17 61
17 60
17 60
17 59
18 58
18 57
18 56
18 55
19 54
19 53
19 52
19 51
20 50
20 49
20 49
20 49
20 49
20 50
20 50
20 51
20 52
20 52
20 53
20 54
20 54
20 55
20 56
20 57
20 57
20 58
20 59
20 60
20 60
20 61
20 62
20 63
20 63
20 64
20 65
20 65
20 66
20 67
20 67
20 68
20 69
20 69
20 69
20 68
20 67
20 66
21 65
21 64
21 63
21 62
21 61
21 61
21 60
21 59
21 58
21 57
21 57
21 56
21 56
21 55
21 55
21 54
21 54
22 53
22 53
22 52
22 52
23 51
23 51
23 51
24 51
24 51
24 51
25 52
25 52
25 53
25 54
25 54
25 55
25 56
25 56
25 57
25 58
25 58
24 59
24 60
24 60
24 61
24 62
24 62
23 63
23 64
23 64
23 65
23 65
23 66
23 66
23 67
23 67
23 67
24 67
24 67
25 66
25 66
25 65
25 65
26 64
26 64
27 63
27 62
27 62
28 61
28 61
29 60
29 60
28 61
28 62
27 63
26 64
25 65
25 66
24 67
23 68
22 69
22 70
21 71
20 72
19 73
19 74
18 75
17 76
16 77
16 78
15 79
14 80
14 81
13 82
12 83
11 84
11 85
10 86
9 87
8 88
8 89
7 90
6 91
5 92
5 93
4 94
3 95
2 96
2 97
1 98
1 98
0 99
0 100
0 100
0 100
0 100
0 100
0 100
0 99
0 99
1 98
1 98
2 97
2 97
3 96
4 95
4 95
5 94
6 94
6 94
7 93
8 92
8 92
9 91
10 91
10 91
11 90
12 90
13 89
13 89
14 88
15 88
16 87
16 87
17 86
18 85
19 84
19 84
20 83
21 83
22 82
22 82
23 81
24 81
25 80
25 80
26 79
27 78
27 78
28 77
29 76
29 76
30 75
31 75
31 75
32 74
32 74
33 74
33 74
33 73
33 72
33 71
33 70
33 69
33 68
33 67
33 66
33 65
33 64
33 63
33 62
33 61
33 60
33 59
33 58
33 57
33 56
33 55
34 54
34 53
34 52
34 51
34 50
34 49
34 48
34 47
34 46
34 45
34 44
34 43
34 42
34 41
34 40
34 39
34 38
34 37
34 36
34 35
34 34
34 34
35 33
35 33
35 32
35 32
35 32
36 32
36 32
36 31
36 31
37 30
37 30
38 29
38 28
38 28
39 27
40 26
40 26
41 25
41 24
41 24
42 23
42 22
42 22
43 21
44 20
44 20
45 19
45 18
45 18
46 17
46 16
46 16
47 16
47 16
47 15
47 15
47 15
46 15
46 15
46 15
45 15
45 15
45 15
44 15
44 15
44 15
43 14
43 14
43 14
42 13
42 13
42 13
42 13
42 13
42 13
42 14
42 14
43 15
43 16
43 16
43 17
43 18
43 18
43 19
43 20
43 20
43 21
43 22
43 23
43 23
43 24
42 25
42 26
42 26
42 27
42 28
42 29
42 29
42 30
42 31
42 31
42 32
42 33
42 34
42 34
42 35
42 36
42 36
42 37
42 38
42 38
42 39
42 40
42 40
42 40
42 41
42 41
43 41
43 41
43 40
43 40
44 39
44 39
45 38
45 38
46 37
46 37
47 36
47 36
47 35
47 35
48 34
48 33
48 33
48 32
48 32
49 32
49 32
49 31
49 31
48 32
48 33
47 34
46 35
46 36
45 37
44 38
44 39
43 40
42 41
42 42
41 43
40 44
40 45
39 46
38 47
38 48
37 49
37 49
37 50
37 50
37 49
37 49
36 49
36 49
36 50
36 50
36 51
36 51
36 52
36 53
36 53
36 54
36 55
36 56
36 56
36 57
35 58
35 59
35 59
35 60
35 61
35 62
35 63
35 63
35 64
34 65
34 66
34 67
34 67
34 68
33 69
33 70
33 70
33 71
33 72
33 72
32 73
32 74
32 74
32 75
32 76
32 76
32 77
32 77
32 77
32 76
33 75
33 74
33 73
34 72
34 71
34 70
34 69
35 68
35 67
35 66
36 65
36 64
36 63
37 62
37 61
37 60
37 59
38 58
38 57
38 56
39 55
39 54
39 54
39 54
39 55
39 55
39 56
39 56
39 57
39 58
39 58
39 59
39 60
39 60
39 61
39 62
39 63
39 63
39 64
39 65
39 66
39 66
39 67
39 68
39 69
39 69
40 70
40 71
40 71
40 72
40 73
40 73
41 74
41 75
41 75
42 76
42 77
42 77
43 78
43 78
44 79
44 79
45 79
46 79
46 79
47 79
47 79
48 78
49 78
49 78
50 77
50 77
51 76
51 76
52 75
52 74
52 74
52 73
52 72
52 72
52 71
52 70
52 70
52 69
51 68
51 67
51 67
51 66
51 65
51 64
51 64
51 63
50 62
50 61
50 61
49 60
49 59
49 59
48 58
48 57
48 57
47 56
47 56
46 55
46 55
46 54
46 54
46 54
46 53
46 53
47 53
47 53
47 52
47 51
47 51
48 50
48 50
49 49
49 49
50 49
51 49
51 49
52 48
52 48
53 48
54 48
54 48
55 48
55 48
56 48
57 48
57 48
58 49
58 49
59 50
59 50
60 51
61 51
61 51
62 52
62 53
62 53
62 54
62 54
63 55
63 55
63 56
63 56
63 57
63 57
63 58
63 58
63 59
63 59
63 58
63 57
63 56
63 55
63 54
63 53
63 52
63 51
63 50
63 49
63 48
63 47
63 46
64 45
64 44
64 43
64 42
64 41
64 40
64 39
64 38
64 37
64 36
64 35
64 34
64 33
64 32
64 31
64 30
64 29
64 28
64 27
64 26
64 25
64 24
64 23
64 22
64 21
64 20
64 19
65 18
65 17
65 16
65 15
65 14
65 13
65 12
65 11
65 10
65 9
65 8
65 7
65 6
65 5
65 5
66 4
66 4
66 3
66 3
67 2
67 2
68 1
68 1
68 0
68 0
69 0
69 0
69 1
69 1
70 2
70 3
70 3
70 4
70 5
70 5
70 6
70 7
70 8
70 8
70 9
71 10
71 11
71 11
71 12
71 13
71 14
71 15
71 15
71 16
71 17
71 18
71 18
71 19
71 20
71 21
71 21
71 22
70 23
70 24
70 24
70 25
70 26
70 26
70 27
70 28
70 28
70 29
70 29
70 30
70 31
70 31
70 32
70 32
70 33
70 33
69 32
69 31
68 30
68 29
67 28
67 27
66 26
66 25
65 24
65 24
64 23
64 23
64 23
64 23
64 24
64 24
64 24
64 25
64 26
64 26
65 27
65 27
66 28
66 28
66 29
66 29
67 30
67 31
67 31
68 32
68 32
69 32
69 32
70 32
70 32
71 31
71 31
72 30
72 29
72 29
73 28
74 27
74 27
74 26
75 25
75 24
75 24
75 23
76 22
76 21
76 21
77 20
77 19
77 19
78 18
78 17
78 17
78 16
78 16
78 17
78 17
78 17
77 18
77 19
77 19
76 20
76 20
76 21
75 22
75 23
75 23
75 24
74 25
74 26
74 26
73 27
73 28
72 29
72 29
72 30
71 31
71 32
71 32
71 33
70 34
70 35
69 36
69 37
68 38
68 39
67 40
67 41
66 42
66 43
65 44
65 45
64 46
64 47
64 47
63 48
63 49
62 50
62 51
62 51
61 52
61 52
61 53
61 53
61 53
61 52
61 52
62 52
62 52
63 51
63 50
63 50
64 49
64 49
65 48
66 47
66 47
67 46
67 45
68 44
68 44
69 43
70 42
70 42
71 41
71 40
72 39
72 39
73 38
74 37
75 36
75 36
76 35
77 34
77 34
78 33
79 32
79 32
80 31
81 30
81 30
82 29
82 28
82 28
83 28
83 28
84 27
84 27
83 28
82 29
81 30
80 31
79 32
79 33
78 34
77 35
76 36
75 37
74 38
74 38
73 39
73 39
73 38
73 38
73 39
73 39
73 40
73 40
73 41
73 41
73 42
72 43
72 44
72 44
72 45
72 46
72 47
72 48
72 48
72 49
71 50
71 51
71 52
71 52
71 53
71 54
70 55
70 56
70 57
70 57
70 58
69 59
69 60
69 61
69 61
69 62
68 63
68 64
68 65
68 65
68 66
67 67
67 68
67 69
67 69
67 70
66 71
66 72
66 72
65 73
65 74
65 74
65 75
65 76
65 76
64 77
64 77
64 77
64 76
65 75
65 74
65 73
66 72
66 71
67 70
67 69
67 68
68 67
68 66
68 65
69 64
69 63
69 62
70 61
70 60
70 59
71 58
71 57
72 56
72 55
72 54
73 53
73 52
73 51
74 50
74 49
74 48
75 47
75 46
75 45
76 44
76 43
77 42
77 41
77 40
78 39
78 38
78 38
78 37
78 36
78 36
78 36
78 36
78 36
78 36
78 36
78 36
78 37
78 37
78 38
78 38
77 39
77 40
77 40
77 41
77 42
77 42
77 43
77 44
77 45
77 46
77 46
77 47
77 48
77 49
77 50
77 50
77 51
76 52
76 53
76 53
76 54
76 55
76 56
76 57
76 57
76 58
75 59
75 60
75 61
75 61
75 62
75 63
75 63
75 64
75 65
75 65
76 66
76 67
76 67
76 68
76 68
77 69
77 70
77 70
78 70
79 70
79 70
80 70
80 70
81 70
82 70
82 70
83 69
84 69
84 69
85 68
85 68
86 67
86 66
87 65
87 65
88 64
89 63
89 63
90 62
90 61
91 60
91 60
92 59
92 58
93 57
93 57
94 56
94 55
95 54
95 54
96 53
97 52
97 52
98 51
98 50
98 50
99 49
99 48
99 48
99 47
99 46
99 45
99 45
99 44
99 43
99 43
99 42
99 41
99 40
99 40
99 39
99 38
99 37
99 36
99 36
99 35
99 34
99 33
99 32
99 32
99 31
98 30
98 29
98 28
98 28
98 27
98 26
97 25
97 24
97 23
97 23
97 22
96 21
96 20
96 19
