1 27
0 28
0 29
0 29
0 28
0 28
0 28
0 28
1 28
1 28
2 27
2 27
3 26
4 26
4 26
5 25
6 25
6 25
7 24
8 23
8 23
9 22
10 21
10 21
11 20
12 20
13 19
13 19
14 18
15 17
15 17
16 16
17 15
17 15
18 14
19 13
19 13
20 12
21 11
21 11
22 10
23 9
23 9
24 8
24 7
24 7
24 6
24 6
24 5
24 5
23 5
22 4
21 4
20 3
19 3
18 2
17 2
16 2
15 1
14 1
13 0
12 0
12 0
11 1
11 2
11 2
10 2
10 2
10 2
9 3
9 3
9 4
9 5
9 5
9 6
9 7
9 7
9 8
9 9
9 10
9 11
9 11
9 12
9 13
9 14
9 15
9 16
9 16
9 17
9 18
8 19
8 20
8 21
8 22
8 22
8 23
8 24
8 25
8 26
8 27
8 28
8 29
8 29
8 30
8 31
8 32
8 33
8 34
8 35
8 36
8 37
8 37
8 38
8 39
8 40
8 41
8 42
8 43
8 44
8 45
8 46
8 46
8 47
8 48
8 49
8 50
8 51
8 52
8 53
8 54
8 54
8 55
8 56
8 57
8 58
8 59
8 60
8 61
8 62
8 63
8 63
8 64
8 65
8 66
8 67
8 68
8 69
8 70
8 71
8 72
8 72
8 73
8 74
8 75
8 76
8 77
8 78
8 79
8 79
8 80
8 81
8 82
8 83
8 84
8 85
8 85
8 86
8 87
8 88
8 89
8 90
8 91
8 91
8 92
8 93
8 94
8 95
8 96
8 96
8 97
8 98
8 99
8 99
8 100
8 100
8 100
8 100
8 99
8 98
8 98
8 97
8 96
8 95
8 94
8 94
8 93
8 92
9 91
9 90
9 89
9 88
9 87
10 86
10 85
10 84
10 83
10 82
11 81
11 80
11 79
11 78
11 77
11 76
12 75
12 74
12 73
12 72
12 71
13 70
13 69
13 68
13 67
13 66
14 65
14 64
14 63
14 62
14 61
15 60
15 59
15 58
15 57
15 56
16 55
16 54
16 53
16 52
16 51
17 50
17 49
17 48
17 47
17 46
18 45
18 44
18 43
18 42
18 41
18 40
19 39
19 38
19 37
19 36
19 35
20 34
20 33
20 32
20 31
20 30
21 29
21 28
21 27
21 27
21 26
21 26
21 26
21 26
20 27
20 27
20 27
20 28
20 28
20 29
20 29
20 30
20 31
20 31
20 32
21 33
21 34
21 34
21 35
21 36
21 37
21 37
21 38
21 39
21 40
21 40
21 41
21 42
21 43
21 43
22 44
22 45
22 45
22 46
22 46
22 47
22 47
22 47
22 46
22 46
22 45
22 45
22 44
22 43
22 42
22 42
22 41
22 40
22 39
22 39
22 38
22 37
22 36
22 35
22 35
22 34
22 33
22 32
22 32
23 31
23 30
23 30
24 29
24 28
24 28
25 28
25 28
25 28
26 28
26 28
26 29
26 29
26 30
26 30
26 31
26 32
26 32
25 33
25 34
25 34
25 35
24 36
24 37
24 37
24 38
23 39
23 40
23 40
23 41
22 42
22 43
22 44
22 44
21 45
21 46
20 47
20 48
20 48
19 49
19 50
19 50
18 50
17 50
16 50
16 50
16 51
16 51
16 52
16 52
16 53
16 54
16 54
16 55
16 56
16 56
16 57
16 58
16 59
16 59
16 60
16 61
16 62
16 62
16 63
16 64
16 64
16 65
16 66
16 67
16 67
17 68
17 69
17 69
17 70
17 71
17 71
17 72
17 72
17 72
17 72
17 71
17 71
17 70
17 69
17 69
17 68
18 67
18 66
18 66
18 65
18 64
18 63
18 63
18 62
18 61
18 61
19 60
19 59
19 59
20 58
20 57
20 57
21 56
21 56
21 56
22 56
22 56
22 56
22 57
22 57
23 58
23 58
23 59
23 60
23 60
22 61
22 61
22 62
22 62
21 63
21 64
21 64
21 64
21 65
21 65
21 65
21 64
21 64
21 63
21 63
21 62
21 62
21 61
21 60
21 60
22 59
22 58
22 58
23 57
23 56
23 56
23 55
23 55
24 54
24 54
25 53
25 53
25 52
25 52
26 52
26 52
26 53
26 53
26 54
26 54
26 55
26 55
27 56
27 56
27 57
27 58
27 58
27 59
27 59
27 60
27 60
27 61
27 61
27 62
27 62
27 62
27 61
27 61
27 60
27 60
27 59
27 58
27 58
27 57
28 56
28 55
28 55
28 54
28 53
28 52
28 52
29 51
29 51
30 50
30 49
30 49
31 49
31 49
31 49
32 49
32 49
33 49
33 49
33 50
33 50
33 51
33 51
33 52
33 53
33 53
33 54
33 54
32 55
32 56
32 56
32 57
31 58
31 59
31 59
30 60
30 61
30 61
29 62
29 63
28 64
28 65
27 66
26 67
26 68
25 69
25 70
24 71
24 72
23 73
23 73
22 74
22 75
21 76
21 77
20 78
20 79
20 79
19 80
19 80
18 81
18 82
18 82
17 83
17 83
17 84
17 84
17 85
17 85
17 85
17 85
17 84
17 84
18 83
19 83
19 83
20 82
20 81
20 81
21 80
22 79
22 79
23 78
24 78
25 77
25 77
26 76
27 75
28 74
28 74
29 73
30 73
31 72
31 72
32 71
33 70
33 70
34 69
35 69
36 68
36 68
37 67
38 66
38 66
39 65
39 65
40 64
41 64
41 64
41 63
41 62
41 61
41 60
41 59
41 58
41 57
41 56
41 55
40 54
40 53
40 52
40 51
40 50
40 49
40 48
40 47
40 46
40 45
40 45
39 46
39 47
39 47
39 47
39 47
39 47
39 46
39 46
40 45
40 45
41 44
41 44
42 43
42 42
42 42
43 41
43 40
44 39
44 39
45 38
45 37
46 36
46 36
47 35
47 34
48 33
48 33
49 32
50 31
50 31
51 30
51 30
52 29
52 29
52 28
52 28
52 28
52 27
52 27
51 27
51 27
51 27
50 27
49 26
48 26
48 26
47 25
47 24
47 24
46 23
46 23
46 23
46 22
46 22
46 22
46 23
46 23
46 24
46 24
46 25
46 25
46 26
46 27
46 28
46 28
46 29
45 30
45 31
45 32
45 32
45 33
45 34
45 35
45 36
45 37
45 37
45 38
45 39
45 40
45 41
45 42
45 42
45 43
44 44
44 45
44 46
44 46
44 47
44 48
44 49
44 50
44 51
44 51
44 52
44 53
44 54
44 55
44 55
44 56
44 57
44 57
44 58
44 58
45 59
45 59
46 58
46 58
47 57
47 57
48 56
49 55
49 55
50 54
50 53
50 53
51 52
51 51
51 51
52 50
52 49
52 49
52 49
52 48
52 48
52 49
52 49
52 50
52 50
51 51
50 52
50 53
49 54
48 55
47 56
47 57
46 58
45 59
44 60
44 61
43 62
42 63
42 63
41 64
41 65
41 65
41 66
41 66
40 67
40 68
40 68
40 69
40 69
40 70
40 71
40 71
40 72
40 73
40 74
40 74
40 75
40 76
40 76
40 77
40 78
40 78
40 79
40 80
40 80
40 81
40 82
40 82
40 83
40 83
41 84
41 84
41 83
41 83
41 82
41 82
42 81
42 80
42 80
42 79
42 78
42 78
43 77
43 76
43 76
43 75
43 75
43 75
44 75
44 75
44 76
44 76
45 77
45 78
45 78
46 79
46 80
46 80
46 81
46 82
46 82
47 83
47 84
47 84
48 85
48 85
49 86
50 86
50 86
51 86
51 86
52 85
52 85
53 84
53 84
54 83
54 82
54 82
55 81
55 81
56 80
56 79
56 79
57 78
57 78
57 77
57 76
57 76
57 75
57 75
57 74
57 74
56 73
56 72
56 72
55 71
55 70
55 70
54 69
53 68
53 68
53 67
53 67
52 66
52 66
52 65
52 65
52 64
52 64
53 63
53 63
54 62
54 61
54 61
55 61
56 61
56 61
57 60
58 60
58 60
59 59
60 59
60 59
61 58
62 57
62 57
63 56
64 56
64 56
65 55
66 54
66 54
66 53
66 52
66 51
67 50
67 49
67 48
67 47
67 46
67 45
67 44
68 43
68 42
68 41
68 40
68 39
68 38
68 37
69 36
69 35
69 34
69 33
69 32
69 31
69 30
70 29
70 28
70 27
70 26
70 25
70 24
70 23
71 22
71 21
71 20
71 19
71 19
71 19
71 19
71 19
71 19
71 19
71 19
71 19
71 19
71 19
71 19
71 20
71 20
71 21
71 22
71 22
71 23
71 23
71 24
71 25
71 25
71 26
71 27
71 28
71 28
71 29
71 30
71 31
71 32
71 32
71 33
71 34
71 35
71 36
71 36
71 37
71 38
71 39
71 40
71 40
71 41
71 42
71 43
71 44
71 44
71 45
71 46
71 47
71 47
71 48
71 49
71 50
71 50
70 51
70 51
70 52
70 52
70 53
70 53
70 53
70 53
70 52
70 52
70 51
70 51
70 50
69 49
69 48
69 47
68 46
68 45
68 44
68 43
67 42
67 41
67 41
66 40
66 40
65 40
65 40
64 40
64 40
64 40
64 40
64 41
64 41
64 42
64 43
64 43
64 44
65 45
65 46
65 46
65 47
65 48
65 49
65 49
65 50
65 51
65 51
65 52
66 53
66 54
66 54
66 55
66 56
66 56
67 56
67 56
68 56
68 56
68 55
68 55
69 54
70 53
70 53
70 52
71 51
71 50
71 50
71 49
72 48
72 47
72 46
72 46
73 45
73 44
74 43
74 42
74 42
74 41
75 40
75 39
75 39
76 38
76 37
76 37
76 36
76 35
76 35
77 34
77 34
77 34
78 34
78 34
78 34
78 35
78 35
77 36
77 36
77 37
77 38
77 38
76 39
76 40
76 40
76 41
75 42
75 43
75 43
75 44
74 45
74 46
74 46
73 47
73 48
72 49
72 50
72 50
71 51
71 52
70 53
70 54
70 54
70 55
69 56
69 57
69 58
69 58
69 59
68 60
68 61
68 61
68 62
67 63
67 64
67 64
66 65
66 65
66 66
66 66
65 67
65 67
65 67
65 67
66 66
66 66
67 65
67 64
67 64
68 63
68 62
68 62
69 61
69 60
69 60
70 59
71 58
71 58
71 57
72 56
72 55
72 55
73 54
73 54
74 53
74 53
75 52
75 52
76 53
76 53
76 53
76 54
76 55
76 55
75 56
75 57
75 57
75 58
74 59
74 60
74 61
74 61
74 62
73 63
73 64
73 65
73 65
73 66
72 67
72 68
71 69
71 70
71 70
71 71
70 72
70 73
69 74
69 75
69 75
69 76
68 77
68 78
68 79
68 79
68 80
67 81
67 82
66 83
66 84
66 84
66 85
65 86
65 87
65 88
65 88
64 89
64 90
64 90
64 91
64 91
64 91
64 90
64 90
64 89
65 88
65 87
65 86
66 85
66 84
66 83
67 82
67 81
68 80
68 79
68 78
69 77
69 76
69 75
70 74
70 73
70 72
71 71
71 70
71 70
72 69
72 68
73 67
73 67
74 66
74 66
74 66
74 67
74 67
74 68
74 69
74 69
74 70
74 71
74 71
74 72
74 73
74 74
74 74
74 75
73 76
73 77
73 78
73 78
73 79
73 80
73 81
73 81
73 82
73 83
73 84
73 85
73 85
73 86
73 87
73 88
73 88
74 89
74 90
74 90
75 91
75 91
76 91
77 91
77 91
78 91
78 91
79 90
80 90
81 89
81 89
82 88
82 87
83 86
83 86
84 85
85 84
85 83
86 82
86 82
87 81
87 80
88 79
88 78
89 77
89 77
90 76
90 75
91 74
91 73
92 72
92 71
92 71
92 70
93 69
93 68
93 67
93 66
94 65
94 64
94 64
94 63
95 62
95 61
95 60
96 59
96 58
96 57
97 56
97 55
97 55
97 54
97 53
97 52
98 51
98 50
98 49
98 48
98 47
98 47
98 46
99 45
99 44
99 43
99 42
100 41
100 40
