1 16
1 17
0 18
0 19
0 19
0 19
0 19
0 18
0 18
0 18
1 18
1 18
2 17
3 17
3 17
4 16
5 16
6 15
6 15
7 14
8 14
9 13
10 13
11 12
11 12
12 11
13 11
14 10
15 10
16 9
16 9
17 9
18 8
19 8
20 8
21 7
22 7
22 7
23 7
24 6
25 6
26 6
26 6
27 5
28 5
29 4
29 4
30 4
31 4
31 4
32 3
33 3
33 3
34 2
34 2
34 1
34 1
35 0
35 0
34 0
33 1
32 1
31 1
30 2
29 2
28 3
27 3
26 3
25 4
24 4
23 4
22 5
21 5
20 6
19 6
18 6
17 7
16 7
16 7
15 8
14 9
14 10
13 11
13 11
12 11
11 11
11 11
11 10
11 10
11 11
11 11
10 12
10 13
10 13
10 14
10 15
10 16
10 16
10 17
11 18
11 19
11 20
11 20
11 21
11 22
11 23
11 24
11 25
11 25
11 26
11 27
11 28
12 29
12 30
12 31
12 32
12 32
12 33
12 34
12 35
13 36
13 37
13 38
13 39
13 39
13 40
13 41
13 42
13 43
13 44
13 45
13 46
13 47
13 48
13 48
13 49
13 50
13 51
13 52
14 53
14 54
14 55
14 56
14 57
14 58
14 58
14 59
14 60
14 61
14 62
14 63
14 64
14 65
14 66
14 66
14 67
14 68
14 69
14 70
15 71
15 72
15 73
15 74
15 75
15 75
15 76
15 77
15 78
15 79
15 80
15 81
15 82
15 83
15 83
15 84
15 85
15 86
15 87
15 88
15 89
15 89
15 90
15 91
15 92
15 93
15 94
15 94
15 95
15 96
15 97
15 97
15 98
15 99
15 99
15 100
15 100
15 100
15 100
14 99
14 99
14 98
14 97
14 96
14 96
14 95
14 94
14 93
14 92
14 91
14 90
14 89
14 88
14 87
14 86
14 85
14 84
14 83
14 82
15 81
15 80
15 79
15 78
15 77
15 76
15 75
15 74
15 73
15 72
15 71
15 70
15 69
15 68
15 67
15 66
15 65
15 64
15 63
15 62
15 61
15 60
15 59
15 58
15 57
15 56
15 55
15 54
15 53
15 52
16 51
16 50
16 49
16 48
16 47
16 46
16 45
16 44
16 43
16 42
16 41
16 40
16 39
16 38
16 37
16 37
16 36
17 35
17 34
18 33
18 32
18 32
19 31
19 31
20 31
20 31
21 32
21 33
21 33
21 34
21 35
21 36
21 37
21 38
21 38
21 39
21 40
21 41
21 42
21 42
21 43
21 44
22 45
22 46
22 47
22 47
22 48
22 49
22 50
22 50
22 51
22 51
23 51
23 51
23 50
23 50
23 49
23 48
23 48
23 47
23 46
23 45
23 44
23 44
23 43
23 42
24 41
24 40
24 39
24 39
24 38
24 37
24 36
24 35
24 35
25 34
25 33
25 33
26 32
26 32
27 32
27 32
28 33
28 33
29 34
30 35
30 35
30 36
30 36
31 37
31 38
31 38
31 39
31 40
31 40
30 41
30 41
29 42
28 43
28 43
27 44
26 45
26 45
25 46
25 46
24 47
23 47
23 47
22 47
21 47
20 47
19 48
18 48
17 48
16 48
16 48
16 49
16 50
16 51
16 52
16 52
16 53
16 53
16 54
16 54
17 55
17 56
17 56
17 57
17 58
17 58
18 59
18 60
18 60
18 61
19 62
19 63
19 63
19 64
19 65
19 66
19 66
20 67
20 68
20 68
20 69
20 69
20 69
20 69
20 68
20 68
20 67
20 67
20 66
20 65
20 65
20 64
20 63
20 62
20 62
20 61
21 60
21 59
21 59
22 58
23 57
23 57
24 57
24 57
25 58
25 58
26 59
27 60
27 60
27 61
28 62
28 63
28 63
28 64
28 65
28 66
28 67
28 68
28 68
28 69
28 70
28 71
28 71
29 72
29 73
29 73
29 74
29 74
29 73
29 73
29 72
29 72
29 71
29 70
29 70
29 69
30 68
30 67
30 67
30 66
31 65
31 64
31 64
31 63
32 62
32 61
32 60
32 60
32 59
33 58
33 57
33 57
33 56
33 56
34 56
34 56
35 57
35 57
35 58
35 59
35 59
35 60
36 61
36 62
36 62
36 63
36 64
36 65
36 65
36 66
36 67
36 68
36 69
36 69
36 70
35 71
35 72
35 72
35 73
35 74
35 74
34 75
34 76
34 76
33 77
33 77
32 78
31 79
30 80
29 81
28 82
27 83
26 84
25 85
24 86
23 86
22 87
21 88
20 89
19 90
18 91
17 92
16 93
15 94
14 95
14 95
13 96
13 96
13 96
12 96
12 96
13 97
13 97
14 97
15 97
15 97
16 96
17 96
17 96
18 95
19 95
20 94
21 94
22 93
22 93
23 93
24 92
25 92
26 91
27 91
27 91
28 90
29 90
30 89
31 88
32 88
33 87
33 87
34 86
35 86
36 85
37 85
38 84
38 84
39 83
40 82
41 82
42 81
42 81
43 81
44 80
45 80
46 80
46 80
47 80
48 79
49 79
49 79
50 78
50 78
51 78
52 78
52 78
53 77
53 77
53 76
53 76
53 75
52 74
52 73
52 72
51 71
51 70
51 69
50 68
50 67
49 66
49 65
49 64
48 63
48 62
48 61
47 60
47 59
47 58
46 57
46 56
46 55
45 54
45 53
45 52
44 51
44 50
44 49
43 48
43 47
42 46
42 45
42 44
41 43
41 42
41 41
40 40
40 39
40 39
40 40
40 41
40 42
40 42
40 41
40 41
41 40
42 40
42 40
43 39
44 39
45 38
45 38
46 37
47 37
48 36
48 36
49 35
50 34
51 33
52 32
52 32
53 31
54 31
55 30
55 30
56 29
57 29
57 29
58 28
58 28
58 27
58 27
57 26
57 26
56 25
56 25
55 24
55 24
54 23
53 23
53 23
52 23
52 23
51 24
51 24
50 25
49 26
49 26
49 27
48 28
48 29
48 29
48 30
48 31
48 32
48 33
48 33
48 34
48 35
47 36
47 37
47 38
47 38
47 39
47 40
47 41
47 42
47 43
47 44
47 44
47 45
47 46
47 47
47 48
47 49
47 50
47 50
47 51
47 52
47 53
47 54
47 55
47 55
47 56
47 57
47 58
47 59
47 59
47 60
47 61
47 61
47 61
47 61
48 60
48 59
48 59
48 58
48 57
48 57
49 56
49 55
50 54
50 53
50 53
50 52
51 51
51 50
51 50
52 49
52 48
52 48
51 49
51 50
50 51
49 52
48 53
48 54
47 55
46 56
45 57
45 58
44 59
43 60
42 61
42 62
41 63
40 64
39 65
39 66
38 67
38 67
39 68
39 68
38 69
38 69
38 70
38 71
37 72
37 73
37 74
37 74
37 75
37 76
37 77
37 78
37 79
37 80
37 81
37 81
37 82
36 83
36 84
36 85
36 85
36 86
37 87
37 88
37 88
37 89
37 90
37 90
38 90
38 90
39 89
39 89
40 88
40 87
40 87
40 86
40 85
40 84
40 83
41 82
41 81
41 80
41 79
41 78
41 77
41 77
42 78
43 79
43 79
44 80
44 81
45 82
45 82
45 83
46 84
46 85
46 85
47 86
47 87
48 88
48 88
49 89
49 90
49 90
50 91
51 92
51 92
52 92
52 92
53 91
53 91
54 90
54 90
54 89
54 88
54 88
53 87
53 86
53 86
53 85
53 84
53 83
53 82
53 82
53 81
53 80
52 79
52 78
52 77
52 77
52 76
52 75
52 74
52 73
52 73
52 72
53 71
53 70
53 70
54 69
54 69
55 68
55 68
56 68
57 68
57 68
58 68
59 69
60 69
60 69
61 70
62 70
62 70
63 71
63 72
64 73
64 73
64 74
65 75
65 76
65 76
65 77
66 78
66 79
66 80
66 80
66 81
65 82
65 83
65 83
65 84
64 85
64 86
64 87
64 87
63 88
63 89
62 90
62 91
62 91
62 92
61 93
61 94
61 94
60 95
60 96
59 97
59 97
58 98
58 98
58 97
58 97
59 96
59 95
59 95
59 94
59 93
59 92
59 92
59 91
59 90
60 89
60 88
60 87
60 86
61 85
61 84
61 83
61 82
61 81
62 80
62 79
62 78
62 77
63 76
63 75
63 74
63 73
63 72
64 71
64 70
64 69
64 68
65 67
65 66
65 65
65 64
65 63
66 62
66 61
66 60
66 59
67 58
67 57
67 56
67 55
68 54
68 53
68 52
68 51
68 50
69 49
69 48
69 47
69 46
70 45
70 44
70 43
70 42
70 41
71 40
71 39
71 38
71 37
72 36
72 35
72 34
72 33
72 32
73 31
73 30
73 29
73 28
74 27
74 26
74 25
74 25
75 25
76 26
77 26
78 26
78 26
78 27
78 27
78 28
78 28
78 29
78 30
78 31
78 31
78 32
78 33
77 34
77 35
77 36
77 37
77 37
77 38
77 39
77 40
77 40
77 41
78 42
78 43
78 43
78 44
78 44
78 45
78 45
78 46
78 46
77 46
77 46
76 45
75 45
75 45
74 45
73 45
73 45
72 44
71 43
71 43
70 42
69 42
69 42
69 42
69 42
69 43
69 43
70 44
70 45
70 45
71 46
71 47
71 47
72 48
72 48
73 49
74 49
74 49
74 50
74 50
75 50
75 50
76 49
76 49
77 48
77 47
77 47
78 46
78 45
78 45
78 44
79 43
79 42
79 42
80 41
80 40
81 39
81 38
81 38
81 37
82 36
82 35
82 35
83 34
83 34
83 34
83 35
83 35
83 36
82 37
82 38
82 38
82 39
81 40
81 41
81 42
81 42
80 43
80 44
79 45
79 46
79 46
79 47
78 48
78 49
77 50
77 51
77 51
76 52
76 53
75 54
75 55
74 56
74 56
73 57
73 58
72 59
72 60
72 60
71 61
71 62
70 63
70 63
69 64
69 65
69 65
69 65
69 64
69 64
70 63
71 63
71 63
72 62
73 61
73 61
74 60
75 59
76 58
76 58
77 57
78 56
79 55
79 55
80 54
81 53
82 52
82 52
83 51
84 51
84 51
85 50
85 50
85 50
85 51
85 51
84 52
84 52
83 53
83 53
82 54
81 55
81 55
81 56
81 56
80 56
80 56
79 57
79 57
78 58
78 58
78 59
78 59
78 60
77 61
77 62
77 62
76 63
76 64
75 65
75 65
75 66
75 67
74 68
74 69
74 70
74 70
73 71
73 72
72 73
72 74
72 74
72 75
72 76
71 77
71 78
71 79
71 79
71 80
70 81
70 82
70 82
70 83
69 84
69 85
69 85
68 86
68 87
68 87
67 88
67 88
67 88
67 87
67 87
67 86
67 86
67 85
68 84
68 83
68 83
68 82
69 81
69 80
70 79
70 78
70 77
71 76
71 75
71 74
72 73
72 72
73 71
73 70
73 69
74 68
74 67
74 67
75 68
75 69
75 69
75 70
75 70
75 71
75 72
75 73
75 73
75 74
75 75
75 76
75 76
75 77
75 78
75 79
75 79
75 80
76 81
76 82
76 82
76 83
76 84
76 85
76 85
77 86
77 87
77 87
78 88
78 88
79 89
80 89
80 89
81 89
82 89
83 89
83 89
84 88
85 88
85 88
86 88
87 87
88 87
88 87
89 87
90 86
91 86
91 86
92 85
93 85
94 84
94 84
95 83
96 82
96 82
97 81
98 80
98 80
98 79
99 78
99 77
99 76
99 76
99 75
99 74
99 73
99 72
99 72
99 71
99 70
99 69
99 68
99 67
99 66
99 65
99 65
99 64
99 63
99 62
100 61
100 60
100 59
100 58
100 58
100 57
100 56
100 55
100 54
100 53
100 52
100 51
100 50
100 50
100 49
100 48
100 47
99 46
99 45
99 44
99 43
99 43
99 42
98 41
98 40
98 39
