5 14
5 14
6 14
6 14
6 14
6 13
6 13
7 13
7 13
8 13
8 13
9 12
10 12
10 12
11 11
11 11
12 10
13 10
13 10
14 9
15 9
15 9
16 8
17 7
17 7
18 6
19 5
19 5
20 4
21 4
21 4
22 3
23 2
23 2
24 1
24 1
25 1
25 1
25 0
25 0
25 0
24 1
23 2
22 3
21 4
20 5
19 6
18 7
17 8
16 9
15 10
14 11
13 12
12 13
12 13
11 14
11 15
11 15
10 15
10 15
10 16
10 16
10 17
10 17
10 18
10 19
10 19
10 20
10 21
10 22
10 22
10 23
10 24
10 25
10 25
10 26
10 27
10 28
10 29
10 29
10 30
10 31
10 32
10 33
10 34
10 34
10 35
10 36
10 37
10 38
10 39
10 40
10 41
10 41
10 42
10 43
10 44
9 45
9 46
9 47
9 48
9 48
9 49
9 50
9 51
9 52
9 53
9 54
9 55
9 56
9 56
9 57
9 58
9 59
9 60
9 61
9 62
9 63
9 64
9 65
9 65
9 66
9 67
9 68
9 69
9 70
9 71
9 72
9 72
9 73
9 74
9 75
9 76
9 77
9 78
9 79
9 79
9 80
9 81
9 82
9 83
9 84
9 85
9 85
9 86
9 87
9 88
9 89
9 90
9 90
9 91
9 92
9 93
9 94
9 94
9 95
9 96
9 97
9 97
9 98
9 99
9 99
9 100
9 100
9 99
9 98
9 97
9 96
10 95
10 94
10 93
10 92
10 91
10 90
10 89
10 88
11 87
11 86
11 85
11 84
11 83
11 82
11 81
11 80
12 79
12 78
12 77
12 76
12 75
12 74
12 73
12 72
13 71
13 70
13 69
13 68
13 67
13 66
13 65
13 64
14 63
14 62
14 61
14 60
14 59
14 58
14 57
14 56
15 55
15 54
15 53
15 52
15 51
15 50
15 49
15 48
16 47
16 46
16 45
16 44
16 43
16 42
16 41
16 40
17 39
17 38
17 37
17 36
17 35
17 34
17 33
17 32
18 31
18 30
18 29
18 28
18 27
18 27
18 26
18 25
18 24
18 24
18 23
18 23
18 23
18 23
18 24
18 24
18 25
18 25
18 26
18 26
18 27
18 28
18 28
18 29
18 30
18 31
18 31
18 32
18 33
18 34
18 34
19 35
19 36
19 36
19 37
19 38
19 38
19 39
19 40
19 40
19 41
19 41
19 42
19 42
19 42
19 42
19 41
19 40
19 40
19 39
19 39
19 38
19 37
19 36
19 36
19 35
19 34
19 33
19 33
19 32
19 31
19 30
19 29
19 29
19 28
20 27
20 26
20 26
20 25
20 24
20 24
21 23
21 22
21 22
21 21
21 20
21 20
22 19
22 19
23 18
23 18
23 18
23 19
23 19
23 20
23 21
23 21
23 22
23 23
23 23
23 24
23 25
23 25
23 26
22 27
22 28
22 28
22 29
21 30
21 31
21 31
21 32
21 33
21 34
21 34
20 35
20 36
20 36
20 37
20 37
20 37
20 37
20 36
20 36
21 35
21 35
22 34
22 34
22 33
22 33
23 32
23 32
22 33
22 34
21 35
21 36
20 37
19 38
19 39
18 40
18 41
17 42
16 43
16 44
15 45
15 46
14 47
13 48
13 49
12 50
12 51
11 52
11 52
10 53
10 54
10 54
10 54
9 54
9 54
9 55
9 55
10 56
10 57
10 57
10 58
10 59
10 59
10 60
10 61
10 62
10 62
11 63
11 64
11 64
11 65
11 65
12 66
12 67
12 67
12 68
12 68
13 69
13 69
13 70
13 70
13 70
13 70
14 69
14 69
14 68
14 68
14 67
14 66
14 66
14 65
14 64
14 64
14 63
14 62
14 62
14 61
14 60
14 60
14 59
14 58
14 58
15 57
15 57
15 56
15 56
16 55
16 55
16 55
17 56
17 56
17 57
17 57
17 58
17 58
17 59
17 60
17 60
17 61
17 61
17 62
17 63
17 63
17 64
17 64
16 65
16 65
16 65
16 65
16 64
16 64
16 63
16 63
17 62
17 61
17 61
17 60
18 59
18 58
18 58
18 57
18 56
18 55
18 55
18 54
19 53
19 52
19 52
20 51
20 50
20 50
20 49
20 49
21 48
21 48
21 48
22 49
22 49
22 50
22 50
22 51
22 51
23 52
23 52
23 53
23 53
23 54
23 55
23 55
23 56
23 56
23 57
23 57
23 57
23 58
23 58
23 58
23 57
23 57
23 56
23 56
23 55
23 55
23 54
23 53
23 53
23 52
23 51
23 50
23 50
23 49
24 48
24 47
24 47
24 46
24 45
24 45
24 44
25 43
25 42
25 42
26 41
26 41
26 41
27 41
27 41
27 42
27 42
27 43
27 43
27 44
27 45
27 46
27 46
27 47
27 48
27 49
27 49
27 50
27 51
27 51
26 52
26 53
26 53
26 54
26 55
26 56
26 56
26 57
26 57
26 58
26 59
26 59
26 59
27 60
27 60
28 60
28 60
29 59
29 59
30 59
30 59
30 58
30 58
29 59
28 60
27 61
27 62
26 63
25 64
24 65
23 66
22 67
22 68
21 69
20 70
19 71
18 72
17 73
17 74
16 75
15 76
14 77
13 78
12 79
12 80
11 81
10 82
9 83
8 84
7 85
7 86
6 87
5 88
4 89
3 90
2 91
2 92
1 93
0 94
0 94
0 94
0 93
0 93
0 93
1 93
1 93
2 92
2 92
3 91
3 91
4 90
5 90
5 90
6 89
7 89
7 89
8 88
9 88
9 88
10 87
11 87
11 87
12 87
13 86
14 86
14 86
15 85
16 85
17 84
17 84
18 83
19 83
20 82
20 82
21 81
22 81
23 80
23 80
24 79
25 79
26 78
26 78
27 78
28 77
29 77
30 77
30 77
31 76
32 76
33 75
33 75
34 75
35 75
35 75
36 74
37 74
37 74
38 74
39 74
39 74
39 73
39 72
39 71
39 70
39 69
39 68
39 67
39 66
39 65
39 64
39 63
39 62
39 61
39 60
39 59
39 58
39 57
39 56
39 55
39 54
39 53
39 52
39 51
39 50
40 49
40 48
40 47
40 46
40 45
40 44
40 43
40 42
40 41
40 40
40 39
40 38
40 37
40 36
40 35
40 34
40 33
40 32
40 31
40 30
40 29
40 28
40 27
40 26
40 25
40 24
40 24
40 25
40 25
40 25
40 24
40 24
40 24
41 24
41 24
42 24
42 24
43 23
43 23
44 22
44 22
45 21
46 20
46 20
47 19
47 19
48 18
48 17
48 17
49 16
50 16
50 16
51 15
51 15
52 14
52 14
53 13
53 13
54 12
54 12
54 11
54 11
55 11
55 11
54 10
53 9
52 8
51 7
50 6
50 6
49 5
49 5
49 5
49 5
49 6
49 6
49 7
49 8
49 8
49 9
48 10
48 11
48 11
48 12
48 13
48 14
48 14
48 15
48 16
48 17
48 17
48 18
48 19
48 20
48 21
48 21
48 22
47 23
47 24
47 24
47 25
47 26
47 27
47 28
47 28
47 29
47 30
47 31
47 31
47 32
46 33
46 34
46 35
46 35
46 36
46 37
46 38
46 38
46 39
46 40
46 40
46 41
46 42
46 43
46 43
46 44
45 45
45 46
45 46
45 47
45 48
45 48
45 49
45 49
46 50
46 50
46 50
46 50
47 49
47 49
48 49
48 49
48 48
48 47
48 47
49 46
50 46
50 46
51 45
51 44
51 44
52 43
52 42
52 42
53 41
53 41
54 40
54 39
54 39
55 38
55 38
56 37
56 37
56 36
56 36
57 35
57 35
56 36
56 37
55 38
55 39
54 40
54 41
53 42
52 43
52 44
51 45
51 46
50 47
49 48
49 49
48 50
48 51
47 52
47 53
46 54
45 55
45 56
44 57
44 58
43 59
43 60
42 61
42 61
42 62
42 63
42 63
42 64
41 65
41 66
41 66
41 67
41 68
41 69
41 69
41 70
41 71
40 72
40 73
40 74
40 74
40 75
39 76
39 77
39 78
39 78
39 79
39 80
39 81
39 82
39 82
39 83
38 84
38 85
38 85
38 86
38 87
38 88
38 88
38 89
37 90
37 91
37 91
37 92
37 92
38 92
38 92
38 91
39 90
39 89
39 88
40 87
40 86
40 85
40 84
41 83
41 82
41 81
42 80
42 79
42 78
43 77
43 76
43 75
44 74
44 73
44 72
45 71
45 70
45 69
45 68
46 67
46 66
46 65
47 64
47 63
47 63
48 62
48 61
48 61
48 61
48 61
48 62
48 62
48 63
48 64
48 64
48 65
48 66
48 66
48 67
48 68
48 69
48 69
48 70
48 71
48 72
48 72
48 73
48 74
48 75
48 75
48 76
48 77
48 77
49 78
49 79
49 79
49 80
49 81
49 82
49 82
49 83
50 84
50 85
50 85
50 86
50 87
50 87
51 88
51 89
51 89
52 89
52 89
53 89
53 89
54 88
54 88
55 87
56 87
56 87
56 86
57 85
57 84
57 84
57 83
58 82
58 81
58 80
58 80
58 79
59 78
59 77
59 77
59 76
60 75
60 74
60 74
60 73
60 72
60 72
60 71
60 70
60 69
60 69
60 68
60 67
60 67
60 66
60 65
60 65
59 64
59 64
58 63
58 63
57 62
57 62
56 62
56 62
55 61
55 61
54 61
54 61
54 60
54 60
53 59
53 59
53 58
53 58
54 57
54 57
54 56
54 55
54 55
55 54
55 53
55 53
56 52
56 52
57 51
58 51
58 51
59 51
59 51
60 50
60 50
61 50
62 50
62 50
63 51
63 51
64 51
65 51
65 51
66 52
66 52
67 53
67 54
67 54
67 55
67 55
68 56
68 56
68 57
68 57
68 58
68 59
68 59
68 60
68 60
68 59
68 58
69 57
69 56
69 55
69 54
70 53
70 52
70 51
70 50
70 49
71 48
71 47
71 46
71 45
72 44
72 43
72 42
72 41
72 40
73 39
73 38
73 37
73 36
74 35
74 34
74 33
74 32
74 31
75 30
75 29
75 28
75 27
75 26
76 25
76 24
76 23
76 22
77 21
77 20
77 19
77 18
77 17
78 16
78 15
78 14
78 13
79 12
79 11
79 10
79 10
79 9
79 9
79 9
79 9
79 9
79 10
79 10
79 11
79 11
79 12
79 13
79 14
79 14
79 15
79 16
79 17
79 17
79 18
79 19
79 20
79 21
79 21
79 22
79 23
79 24
79 24
79 25
79 26
79 27
79 27
79 28
79 29
79 30
79 30
79 31
79 32
79 33
79 33
79 34
79 35
79 35
78 36
78 37
78 37
77 36
76 35
75 34
74 33
74 32
73 31
72 30
71 29
70 28
70 28
69 28
68 28
68 28
67 28
67 28
67 27
67 27
67 27
67 28
67 28
68 29
68 29
68 30
68 30
69 31
69 32
69 32
70 33
70 33
71 34
71 34
72 35
72 36
72 36
73 35
73 34
74 33
75 32
75 31
76 30
77 29
77 28
78 27
79 26
80 25
80 24
81 23
82 22
82 21
83 20
84 19
84 18
85 17
85 17
86 16
86 15
86 15
86 15
86 15
85 16
85 16
85 17
85 17
84 18
84 19
84 19
84 20
83 21
83 22
83 22
82 23
82 24
82 24
82 25
81 26
81 27
81 28
81 28
81 29
81 30
80 31
80 32
80 33
80 33
80 34
79 35
79 36
78 37
78 38
78 38
78 39
78 40
77 41
77 42
77 43
77 43
77 44
76 45
76 46
75 47
75 48
75 48
75 49
74 50
74 51
73 52
73 53
73 53
73 54
72 55
72 56
72 57
72 57
72 58
71 59
71 60
71 61
71 61
70 62
70 63
70 63
69 64
69 65
69 65
69 66
69 67
69 67
69 67
69 67
70 66
70 66
71 65
71 64
71 64
72 63
72 62
72 62
73 61
73 60
73 60
74 59
75 58
75 58
75 57
76 56
76 55
76 55
77 54
78 54
78 54
79 53
79 52
79 52
80 51
80 50
80 50
81 49
81 49
82 48
82 47
82 47
83 46
83 46
83 45
83 45
82 46
82 47
81 48
81 48
80 49
80 50
80 50
79 51
79 51
78 52
78 53
78 53
78 54
78 55
78 56
78 56
78 57
77 58
77 59
77 59
77 60
76 61
76 62
76 63
76 63
76 64
76 65
75 66
75 67
75 68
75 68
75 69
74 70
74 71
74 72
74 72
74 73
73 74
73 75
73 76
73 76
73 77
73 78
73 79
73 79
73 80
72 81
72 82
72 82
72 83
72 84
72 84
71 85
71 86
71 86
71 87
71 87
71 87
71 87
71 86
72 85
72 84
72 83
72 82
73 81
73 80
73 79
73 78
74 77
74 76
74 75
74 74
75 73
75 72
75 71
76 70
76 69
76 68
76 67
77 66
77 65
77 64
77 63
78 62
78 61
78 60
78 59
79 58
79 57
79 56
79 55
80 54
80 53
80 53
80 53
80 53
80 54
80 55
80 55
79 56
79 57
79 57
79 58
79 59
79 59
79 60
79 61
79 62
79 62
79 63
79 64
79 65
79 65
79 66
78 67
78 68
78 69
78 69
78 70
78 71
78 72
78 72
78 73
79 74
79 75
79 75
79 76
79 77
79 78
79 78
79 79
79 80
79 80
80 81
80 81
81 82
81 83
81 83
82 84
82 85
82 85
83 86
83 86
84 87
84 87
85 87
86 87
86 87
87 87
87 87
88 86
89 85
89 85
90 84
90 83
90 83
91 82
91 81
92 80
92 80
92 79
93 78
93 77
93 77
93 76
94 75
94 74
94 73
94 73
94 72
95 71
95 70
96 69
96 68
96 68
96 67
96 66
97 65
97 64
97 63
97 63
97 62
97 61
98 60
98 59
98 58
98 58
98 57
98 56
98 55
98 54
98 54
98 53
99 52
99 51
99 50
99 50
99 49
99 48
99 47
99 46
99 46
99 45
100 44
100 43
100 42
100 42
100 41
100 40
100 39
100 39
100 38
99 37
99 36
