1 15
1 16
1 16
0 16
0 16
0 16
0 16
0 16
0 16
0 16
0 16
0 16
1 16
1 16
2 15
3 15
3 15
4 14
5 14
6 13
6 13
7 12
8 12
9 11
10 11
10 11
11 11
12 10
13 10
13 10
14 9
15 9
16 8
17 8
17 8
18 8
19 7
20 7
20 7
21 6
22 6
23 5
23 5
24 5
25 5
25 5
26 4
26 4
27 4
27 4
27 4
28 4
28 4
28 4
28 4
28 4
27 5
27 5
26 5
25 6
24 6
23 7
22 7
21 8
20 8
19 8
18 9
17 9
16 10
15 10
14 10
13 11
12 11
11 12
10 12
9 13
8 13
8 13
7 13
7 13
7 13
7 13
7 14
7 14
6 15
6 16
6 16
6 17
6 18
6 18
6 19
6 20
6 21
6 22
6 22
6 23
6 24
6 25
6 26
6 27
6 27
6 28
6 29
6 30
6 31
6 32
6 32
6 33
6 34
6 35
6 36
6 37
6 37
6 38
6 39
6 40
7 41
7 42
7 43
7 44
7 44
7 45
7 46
7 47
7 48
7 49
7 50
7 51
7 51
7 52
7 53
7 54
8 55
8 56
8 57
8 58
8 58
8 59
8 60
8 61
9 62
9 63
9 64
9 65
9 65
9 66
9 67
9 68
9 69
9 70
9 71
9 72
9 72
9 73
9 74
9 75
9 76
9 77
9 78
9 78
9 79
9 80
9 81
9 82
9 83
9 84
9 84
9 85
9 86
9 87
9 88
9 89
9 90
9 90
9 91
9 92
9 93
9 94
9 95
9 95
9 96
9 97
9 97
9 98
9 99
9 99
10 100
10 100
10 100
10 100
10 100
10 100
10 99
10 99
9 98
9 97
9 97
9 96
9 95
9 94
9 93
9 92
9 91
9 90
9 89
9 88
9 87
10 86
10 85
10 84
10 83
10 82
10 81
10 80
10 79
10 78
10 77
10 76
10 75
10 74
10 73
10 72
10 71
10 70
10 69
10 68
10 67
10 66
10 65
11 64
11 63
11 62
11 61
11 60
11 59
11 58
11 57
11 56
11 55
11 54
11 53
11 52
11 51
11 50
11 49
11 48
11 47
11 46
11 45
11 44
11 43
12 42
12 41
12 40
12 39
12 38
12 37
12 36
12 35
12 34
12 33
12 32
12 32
12 31
13 30
13 29
13 28
13 27
14 26
14 25
14 24
14 24
15 23
15 22
15 22
15 21
15 21
15 22
15 22
15 23
15 24
15 24
15 25
15 26
15 27
15 27
15 28
15 29
15 30
15 30
15 31
15 32
15 33
15 34
15 34
15 35
15 36
15 36
15 37
15 38
15 38
15 38
16 39
16 39
16 39
16 39
16 39
16 38
16 37
16 37
17 36
17 35
17 35
17 34
17 33
17 32
17 32
17 31
18 30
18 29
18 29
19 28
19 27
19 27
20 26
20 25
20 25
20 24
20 24
21 24
21 24
22 24
22 24
22 25
22 25
22 26
22 26
22 27
22 28
22 29
22 29
21 30
21 31
21 31
20 32
20 33
20 33
19 34
19 35
19 35
18 36
18 37
18 37
18 38
18 38
17 39
17 39
16 40
16 41
15 42
15 43
14 44
14 45
13 46
13 47
12 48
12 49
11 50
11 51
10 52
10 53
10 53
10 53
10 53
10 53
10 54
10 54
10 55
10 56
10 56
10 57
10 58
10 58
11 59
11 60
11 60
11 61
11 62
11 63
11 63
11 64
11 64
11 65
11 66
11 66
12 67
12 67
12 67
12 67
12 66
12 65
13 64
13 63
13 62
13 61
14 60
14 59
14 58
14 57
15 56
15 55
15 54
15 54
16 54
16 54
17 55
17 55
17 56
17 57
17 57
17 58
17 59
17 59
17 60
17 61
17 61
17 62
17 62
17 63
17 64
17 64
17 64
17 65
17 65
17 65
17 64
17 64
17 64
17 63
17 62
17 62
17 61
18 60
18 59
18 59
18 58
18 57
18 56
18 56
18 55
19 54
19 53
19 53
20 52
20 52
20 51
20 50
20 50
21 49
21 49
21 48
21 48
22 48
22 48
23 48
23 48
23 48
23 49
23 49
23 50
23 50
23 51
23 51
23 52
23 53
23 53
22 54
22 54
22 55
22 56
22 56
22 57
22 57
22 58
22 58
22 58
22 58
21 58
21 58
21 58
21 58
21 58
21 58
21 58
21 58
22 58
22 58
22 58
22 58
22 58
22 58
22 58
22 58
22 58
22 58
22 58
22 58
22 58
22 58
22 58
22 58
22 58
22 58
22 58
22 57
22 56
23 55
23 54
23 53
23 52
23 52
23 51
23 50
23 50
23 50
23 49
23 49
24 48
24 48
24 48
25 47
25 47
26 47
26 47
26 47
27 47
27 47
28 48
28 49
28 49
28 50
28 51
28 51
29 52
29 52
28 53
28 54
28 54
28 55
28 56
28 56
27 57
27 58
27 58
26 59
26 60
26 60
25 61
25 62
25 62
25 63
25 63
24 63
24 63
24 63
24 63
23 64
23 65
22 66
21 67
20 68
20 69
19 70
18 71
18 72
17 73
16 74
15 75
15 76
14 77
13 78
13 79
12 80
11 81
10 82
10 83
9 84
8 85
8 86
7 87
6 88
5 89
5 90
4 91
4 91
3 92
3 93
3 93
3 93
3 93
4 92
4 92
5 91
5 91
6 90
7 89
7 89
8 88
9 88
10 87
10 87
11 86
12 85
13 84
13 84
14 83
15 82
16 82
17 81
17 81
18 80
19 80
20 79
21 79
21 79
22 79
23 78
24 78
25 77
26 77
26 77
27 76
28 76
29 75
30 75
30 75
31 75
32 74
33 74
34 74
34 74
35 73
36 73
37 72
37 72
38 72
39 72
39 72
40 71
41 71
41 71
42 72
42 72
43 72
43 72
43 72
43 72
43 72
43 71
43 70
43 69
43 68
43 67
43 66
43 65
43 64
43 63
43 62
43 61
42 60
42 59
42 58
42 57
42 56
42 55
42 54
42 53
42 52
42 51
42 50
42 49
42 48
42 47
42 46
42 45
42 44
42 43
42 42
42 41
42 40
42 39
41 38
41 37
41 36
41 35
41 34
41 33
41 32
41 31
41 30
41 29
41 28
41 27
41 27
41 28
40 29
40 30
40 30
39 29
39 29
39 29
40 29
40 29
41 28
42 28
42 28
43 27
44 26
44 26
45 25
45 24
46 23
46 23
47 22
48 22
48 22
49 21
49 20
49 20
50 19
50 19
51 18
51 17
51 17
51 16
51 16
51 15
51 14
51 14
51 13
50 12
50 11
49 10
49 9
48 8
48 7
48 7
47 8
46 8
46 8
45 9
45 9
45 10
45 11
45 11
45 12
45 13
45 14
45 14
45 15
45 16
45 17
45 18
45 18
45 19
45 20
45 21
45 22
45 22
45 23
45 24
45 25
45 26
45 26
45 27
45 28
45 29
45 30
45 31
45 31
45 32
44 33
44 34
44 34
44 35
44 36
44 37
44 38
44 38
44 39
44 40
44 41
44 41
44 42
44 43
44 44
44 44
44 45
44 46
44 46
44 47
44 47
44 48
44 48
45 48
45 48
45 47
45 47
46 46
46 46
47 45
47 44
47 44
47 43
48 42
48 41
48 41
49 40
50 39
50 39
50 38
50 38
51 37
51 37
51 37
51 37
51 37
50 38
49 39
48 40
48 41
47 42
46 43
45 44
44 45
43 46
43 47
42 48
41 49
40 50
39 51
38 52
38 53
37 54
36 55
35 56
35 56
35 57
35 57
35 57
35 57
34 58
34 58
34 59
34 60
34 61
34 61
34 62
34 63
34 64
34 65
34 65
34 66
34 67
33 68
33 69
33 70
33 70
33 71
33 72
33 73
33 74
33 74
33 75
33 76
33 77
33 78
33 78
33 79
33 80
33 80
34 81
34 82
34 82
34 83
34 83
35 83
35 83
36 83
36 83
36 83
36 82
36 81
36 80
37 79
37 78
37 77
37 76
37 75
37 74
37 73
37 72
38 71
38 70
38 69
38 68
38 67
38 67
39 68
40 68
40 68
40 68
40 69
40 70
40 71
40 71
40 72
40 72
41 73
41 74
41 74
42 75
42 75
43 76
43 76
44 77
44 77
45 78
45 78
46 78
46 78
47 78
47 78
48 78
48 78
49 77
49 77
50 76
50 76
51 75
51 74
51 74
52 73
52 72
52 72
52 71
52 70
52 69
52 69
52 68
52 67
52 67
52 66
52 65
52 65
51 64
51 63
51 63
51 62
51 61
51 61
52 61
52 61
52 60
52 59
52 59
53 58
54 58
54 58
55 57
55 57
56 57
56 57
57 58
58 58
58 58
59 59
60 60
60 60
61 61
61 62
61 62
62 63
62 64
63 65
63 65
63 66
64 67
64 68
64 68
64 69
65 70
65 71
65 71
65 72
66 73
66 74
66 74
66 75
66 76
66 76
66 77
65 78
65 79
65 80
65 80
65 81
64 82
64 83
64 83
64 84
63 85
63 86
63 86
63 87
62 88
62 89
62 89
61 90
61 91
61 91
60 92
60 92
60 92
60 92
60 91
60 91
60 90
60 89
61 88
61 87
61 86
61 85
61 84
61 83
62 82
62 81
62 80
62 79
62 78
62 77
63 76
63 75
63 74
63 73
63 72
63 71
64 70
64 69
64 68
64 67
64 66
64 65
65 64
65 63
65 62
65 61
65 60
65 59
66 58
66 57
66 56
66 55
66 54
66 53
67 52
67 51
67 50
67 49
67 48
67 47
68 46
68 45
68 44
68 43
68 42
68 41
69 40
69 39
69 38
69 37
69 36
69 35
70 34
70 33
70 32
70 31
70 30
70 29
71 28
71 27
71 26
71 25
71 24
71 23
72 22
72 21
72 20
72 19
72 18
72 17
73 16
73 15
73 14
73 13
73 12
73 11
74 10
74 9
74 8
74 7
74 7
74 6
74 5
74 4
74 4
74 3
74 2
74 2
74 1
74 0
74 0
75 1
75 1
75 2
75 2
75 3
75 4
75 4
75 5
76 6
76 7
76 8
76 8
76 9
76 10
76 11
76 12
76 13
76 13
76 14
76 15
76 16
76 17
76 18
76 18
76 19
76 20
76 21
76 22
76 22
76 23
75 24
75 25
75 25
75 26
75 27
75 28
75 28
75 29
75 30
75 30
74 31
74 31
74 32
74 32
73 31
72 31
71 30
70 29
69 28
68 28
67 27
67 27
68 28
68 29
68 29
68 29
68 30
68 30
69 31
69 31
69 32
69 33
69 33
70 34
70 34
70 35
70 35
71 36
71 37
71 37
72 38
72 38
73 39
73 40
73 40
74 41
74 41
75 41
75 41
75 40
76 39
76 38
77 37
77 36
77 35
78 34
78 33
79 32
79 31
79 30
80 29
80 28
81 27
81 26
81 26
82 25
82 25
83 25
83 25
83 25
83 26
83 26
82 27
82 28
82 28
82 29
82 30
82 30
81 31
81 32
80 33
80 33
79 34
78 35
78 35
77 36
77 37
76 38
76 38
76 39
75 40
75 41
75 41
74 42
74 43
74 43
74 44
73 45
73 46
73 46
72 47
72 48
71 49
71 50
70 51
70 52
69 53
69 54
68 55
68 55
67 56
67 56
67 56
68 55
68 55
69 55
69 55
70 54
70 54
71 53
72 52
72 52
73 51
74 51
74 51
75 50
76 49
76 49
77 48
78 48
79 47
79 47
80 46
81 46
81 46
82 45
83 44
83 44
84 44
84 44
85 43
85 43
85 42
85 42
85 42
85 42
84 43
83 44
82 45
81 46
80 47
79 48
78 49
78 49
78 50
78 51
78 51
77 52
77 53
77 53
77 54
76 55
76 56
76 57
76 57
76 58
75 59
75 60
75 61
75 61
75 62
74 63
74 64
73 65
73 66
73 66
72 67
72 68
71 69
71 70
71 70
71 71
70 72
70 73
70 74
70 74
69 75
69 76
68 77
68 77
67 78
67 79
67 79
66 80
66 81
66 81
66 82
66 82
66 82
66 81
67 80
67 79
67 78
68 77
68 76
68 75
69 74
69 73
70 72
70 71
70 70
71 69
71 68
71 67
72 66
72 65
72 65
73 64
73 63
73 63
74 62
74 62
74 61
74 61
74 61
74 62
74 62
74 63
74 63
74 64
74 65
74 65
74 66
74 67
74 68
74 68
74 69
74 70
74 71
74 71
74 72
74 73
74 74
74 74
74 75
75 76
75 77
75 77
76 78
76 79
76 79
77 80
77 81
77 81
78 82
78 82
79 83
80 84
80 84
81 84
82 84
82 84
83 84
84 84
84 84
85 84
86 84
86 84
87 84
88 84
89 84
89 84
90 83
91 82
91 82
92 81
92 81
93 80
93 79
93 79
94 78
94 77
94 77
94 76
95 75
95 74
95 74
95 73
95 72
96 71
96 70
96 69
96 69
96 68
96 67
97 66
97 65
97 64
97 64
97 63
97 62
97 61
98 60
98 59
98 58
98 57
98 57
98 56
98 55
98 54
98 53
98 52
98 51
98 50
98 50
98 49
98 48
98 47
99 46
99 45
99 44
99 43
99 42
99 42
99 41
99 40
99 39
99 38
99 37
99 36
99 35
99 35
99 34
99 33
100 32
100 31
100 30
100 30
100 29
100 28
99 27
99 26
99 25
