6 13
6 13
5 13
5 13
5 13
6 12
6 12
6 12
7 11
7 11
8 10
9 10
9 10
10 9
11 9
11 9
12 8
13 7
13 7
14 7
15 6
16 6
16 6
17 5
18 4
18 4
19 4
20 3
21 3
21 3
22 2
23 2
23 2
24 1
24 1
25 0
25 0
24 1
23 2
22 3
21 4
20 5
19 6
18 6
17 7
16 8
15 9
14 10
13 11
12 12
12 12
11 13
10 14
10 14
9 14
9 14
8 15
8 15
8 16
8 17
8 18
8 18
8 19
7 20
7 21
7 21
7 22
7 23
7 24
7 25
7 25
7 26
7 27
7 28
7 29
7 30
7 31
7 31
7 32
7 33
7 34
7 35
7 36
7 37
7 37
7 38
7 39
7 40
7 41
7 42
7 43
7 44
7 44
7 45
7 46
7 47
7 48
7 49
7 50
7 51
7 52
7 52
7 53
7 54
7 55
7 56
7 57
7 58
7 59
7 60
7 61
7 61
7 62
7 63
7 64
7 65
7 66
7 67
7 68
7 69
7 70
7 70
7 71
7 72
7 73
7 74
7 75
7 76
7 77
7 78
7 78
7 79
7 80
7 81
7 82
7 83
7 84
7 85
7 85
7 86
7 87
6 88
6 89
6 90
6 91
6 91
6 92
6 93
6 94
6 95
6 96
6 96
6 97
6 98
6 99
6 99
6 100
6 100
6 100
6 99
6 98
6 97
6 96
7 95
7 94
7 93
7 92
7 91
7 90
7 89
7 88
8 87
8 86
8 85
8 84
8 83
8 82
8 81
8 80
9 79
9 78
9 77
9 76
9 75
9 74
9 73
9 72
9 71
10 70
10 69
10 68
10 67
10 66
10 65
10 64
10 63
11 62
11 61
11 60
11 59
11 58
11 57
11 56
11 55
11 54
12 53
12 52
12 51
12 50
12 49
12 48
12 47
12 46
13 45
13 44
13 43
13 42
13 41
13 40
13 39
13 38
14 37
14 36
14 35
14 34
14 33
14 33
14 32
14 31
14 30
14 29
14 28
14 28
14 27
14 27
14 26
14 25
14 25
14 25
14 25
14 26
14 26
14 27
14 27
14 28
14 29
14 30
14 30
14 31
14 32
14 33
14 34
14 34
14 35
14 36
14 37
14 38
14 38
14 39
14 40
14 41
14 41
14 42
15 43
15 44
15 44
15 45
15 46
15 47
15 47
15 48
15 48
15 49
15 49
15 49
15 49
15 48
15 47
15 47
15 46
15 45
15 45
15 44
14 43
14 42
14 42
14 41
14 40
14 39
14 38
14 38
14 37
14 36
14 35
14 34
14 34
14 33
14 32
14 31
14 30
14 30
14 29
15 28
15 27
15 27
15 26
15 25
15 25
16 24
16 23
16 23
17 22
18 21
18 21
19 21
19 21
20 21
20 21
20 22
20 22
21 23
21 23
21 24
21 25
21 26
21 26
21 27
21 28
21 29
21 29
21 30
20 31
20 32
20 33
20 33
20 34
20 35
19 36
19 37
19 38
19 38
19 39
19 40
19 41
19 41
19 42
18 43
18 44
18 44
18 45
18 45
18 45
18 45
19 44
19 44
20 43
20 42
20 42
21 41
21 40
21 40
21 39
22 38
22 37
22 37
23 36
23 36
24 35
24 35
23 36
23 37
22 38
21 39
20 40
20 41
19 42
18 43
17 44
17 45
16 46
15 47
14 48
14 49
13 50
12 51
11 52
11 53
10 54
10 54
9 55
9 56
8 57
8 58
8 58
7 59
7 59
6 60
6 60
6 61
6 61
6 62
6 63
6 63
6 64
6 65
6 65
6 66
7 67
7 68
7 68
7 69
8 70
8 71
8 71
9 72
9 73
9 73
10 74
10 74
11 75
11 75
11 76
11 76
12 77
12 77
12 77
13 77
13 77
13 76
13 76
13 75
13 74
13 74
13 73
13 72
13 72
13 71
13 70
13 69
13 69
13 68
14 67
14 66
14 66
14 65
14 64
14 64
15 63
15 63
15 62
15 62
16 62
16 62
16 61
16 61
17 62
17 62
17 62
17 63
17 63
17 64
17 65
17 65
17 66
17 67
17 67
17 68
17 69
17 69
17 70
17 70
16 71
16 72
16 72
16 72
16 72
17 71
17 71
17 70
17 69
17 69
18 68
18 67
18 67
18 66
18 65
18 64
18 64
18 63
19 62
19 61
19 61
19 60
20 59
20 58
20 58
21 57
21 56
21 56
21 55
21 54
21 54
22 53
22 53
22 52
22 52
23 52
23 52
23 53
23 53
23 54
23 54
23 55
23 56
23 56
23 57
23 58
23 59
23 59
24 60
24 61
24 61
24 62
24 63
24 63
24 64
24 65
24 65
24 66
24 66
24 67
24 67
24 67
24 67
24 67
24 66
24 66
24 65
24 64
24 64
24 63
24 62
24 62
24 61
24 60
24 59
24 59
24 58
24 57
24 57
24 56
25 55
25 54
25 54
25 53
25 52
25 52
26 51
26 50
26 50
27 49
27 49
28 48
28 48
28 48
29 49
29 49
29 49
30 50
30 51
30 51
30 52
30 52
29 53
29 54
29 54
29 55
29 56
29 57
29 57
29 58
29 59
29 60
29 60
28 61
28 62
28 62
28 63
28 64
28 64
27 65
27 65
27 66
27 66
28 66
28 66
28 66
29 65
29 65
30 64
30 64
31 63
31 62
31 62
32 61
32 60
32 60
33 59
33 59
33 59
32 60
31 61
30 62
30 63
29 64
28 65
27 66
26 67
25 68
25 69
24 70
23 71
22 72
21 73
20 74
19 75
19 76
18 77
17 78
16 79
15 80
14 81
14 82
13 83
12 84
11 85
10 86
9 87
8 88
8 89
7 90
6 91
5 92
4 93
3 94
3 95
2 96
1 97
0 98
0 98
0 99
0 100
0 100
0 100
0 100
0 100
0 100
1 100
1 100
2 99
2 99
3 98
4 98
4 98
5 97
6 97
6 97
7 96
8 96
8 96
9 95
10 95
11 94
11 94
12 93
13 92
13 92
14 91
15 91
16 90
16 90
17 89
18 89
19 88
19 88
20 87
21 87
22 86
22 86
23 85
24 85
25 84
25 84
26 84
27 83
28 83
28 83
29 83
30 82
31 82
31 82
32 82
33 82
34 82
34 82
35 81
36 81
36 81
37 81
38 81
38 81
39 81
40 81
40 81
41 80
41 80
42 80
42 80
42 79
42 78
42 77
41 76
41 75
41 74
41 73
41 72
41 71
41 70
41 69
40 68
40 67
40 66
40 65
40 64
40 63
40 62
40 61
39 60
39 59
39 58
39 57
39 56
39 55
39 54
39 53
38 52
38 51
38 50
38 49
38 48
38 47
38 46
38 45
37 44
37 43
37 42
37 41
37 41
37 41
38 41
38 41
39 40
39 40
40 39
40 38
40 38
41 37
42 36
42 36
43 35
44 34
44 34
45 33
46 33
46 33
47 32
47 32
48 31
49 30
49 30
50 29
50 29
51 28
52 28
52 28
53 27
53 26
53 26
53 25
53 25
54 25
54 25
53 25
52 24
51 24
50 23
49 23
48 23
47 22
46 22
45 21
44 21
44 21
44 20
44 20
44 19
44 19
44 20
44 20
45 21
45 21
45 22
45 23
45 23
45 24
45 25
45 26
45 26
45 27
46 28
46 29
46 29
46 30
45 31
45 32
45 33
45 33
45 34
45 35
45 36
45 37
45 37
45 38
45 39
45 40
45 41
45 41
45 42
45 43
45 44
45 44
45 45
45 46
45 47
45 47
45 48
45 49
45 49
45 50
45 51
45 51
45 52
45 52
45 53
45 54
45 54
44 55
44 55
43 56
43 57
43 57
42 58
41 58
41 58
41 58
41 58
41 58
41 57
41 57
41 56
41 56
42 55
42 54
42 54
43 53
44 53
44 53
45 52
45 51
45 51
46 50
46 50
47 49
48 48
48 48
49 47
49 47
50 46
50 46
49 47
48 48
48 49
47 50
46 51
45 52
44 53
44 54
43 55
42 56
42 56
42 57
41 58
41 59
41 59
40 59
40 59
40 60
40 61
40 61
40 62
40 63
40 63
40 64
40 65
40 65
40 66
39 67
39 68
39 69
39 69
39 70
39 71
39 72
39 73
39 73
39 74
38 75
38 76
38 77
38 77
38 78
38 79
38 80
38 80
38 81
37 82
37 83
37 84
37 84
37 85
37 86
37 86
37 87
37 88
37 89
37 89
37 90
37 90
37 91
37 91
37 90
38 89
38 88
38 87
38 86
39 85
39 84
39 83
39 82
40 81
40 80
40 79
40 78
41 77
41 76
41 75
41 75
41 74
42 73
42 72
42 71
42 70
43 69
43 68
43 68
43 67
44 66
44 65
44 65
44 64
44 64
45 64
45 64
45 64
45 65
45 65
46 66
46 67
46 67
46 68
46 69
46 69
46 70
46 71
46 72
46 72
46 73
46 74
46 75
46 75
46 76
46 77
46 78
46 78
46 79
46 80
46 81
46 81
46 82
47 83
47 84
47 85
47 85
47 86
48 87
48 88
48 89
48 89
49 90
49 91
49 91
50 92
50 93
50 93
51 94
52 94
52 94
53 95
53 95
54 94
55 94
55 94
56 93
57 93
57 93
58 92
59 91
59 91
59 90
60 89
60 88
60 88
60 87
61 86
61 85
61 84
61 84
61 83
62 82
62 81
62 81
62 80
63 79
63 78
63 78
63 77
63 76
63 75
63 74
63 74
63 73
63 72
63 71
63 71
63 70
63 69
63 68
63 67
63 67
62 66
62 65
62 65
62 64
61 63
61 62
61 62
60 62
60 62
59 61
59 61
58 62
58 62
57 62
56 62
56 62
55 62
55 62
55 62
54 62
54 62
54 61
54 61
55 60
55 60
56 59
56 58
56 58
57 57
57 56
57 56
58 55
59 54
59 54
60 53
60 53
61 52
62 52
62 52
63 52
64 52
64 52
65 52
65 52
66 52
67 52
67 52
68 53
68 53
69 54
70 54
70 54
71 55
71 55
71 56
71 56
72 57
72 57
72 58
72 58
72 57
72 56
72 55
73 54
73 53
73 52
73 51
73 50
73 49
73 48
74 47
74 46
74 45
74 44
74 43
74 42
74 41
75 40
75 39
75 38
75 37
75 36
75 35
75 34
75 33
76 32
76 31
76 30
76 29
76 28
76 27
76 26
77 25
77 24
77 23
77 22
77 21
77 20
77 19
78 18
78 17
78 16
78 15
78 15
78 14
78 14
78 14
78 15
78 15
78 16
78 17
78 17
78 18
79 19
79 20
79 20
79 21
79 22
79 23
79 24
79 24
79 25
79 26
79 27
79 28
79 28
79 29
80 30
80 31
80 32
80 32
80 33
80 34
80 35
80 36
80 36
80 37
80 38
80 39
80 39
80 40
80 41
80 42
80 42
80 43
80 44
80 44
79 45
79 46
79 46
78 45
78 44
77 43
77 42
76 41
76 40
75 39
75 38
74 37
74 36
73 35
73 34
73 34
72 33
71 32
71 32
71 33
71 33
70 34
70 34
70 35
70 35
70 36
70 36
71 37
71 37
71 38
71 38
72 38
72 38
73 38
74 38
74 38
75 38
76 38
76 38
77 37
78 36
78 36
79 35
80 34
80 34
81 33
82 32
82 32
83 31
83 30
83 30
84 29
85 29
85 29
86 28
86 28
85 29
85 30
84 31
83 32
83 33
82 34
81 35
81 36
80 37
80 38
79 39
78 40
78 41
77 42
76 43
76 44
75 45
74 46
74 47
73 48
72 49
72 50
71 51
71 52
70 53
69 54
69 55
68 56
68 56
68 57
67 58
67 59
66 60
66 61
66 61
66 62
66 62
65 62
65 62
66 62
66 62
66 62
67 61
67 61
68 60
68 59
69 58
69 58
70 57
71 56
71 56
72 55
72 54
73 53
73 53
74 52
74 51
75 50
75 50
76 49
76 48
77 47
77 47
78 46
79 45
79 45
80 44
81 43
81 43
82 42
82 42
83 41
83 41
82 42
81 42
80 43
79 43
78 44
77 44
77 44
77 45
76 46
76 47
76 47
76 48
76 49
76 49
75 50
75 50
74 51
74 52
74 52
74 53
74 54
74 55
74 56
74 56
74 57
73 58
73 59
73 60
73 60
73 61
73 62
72 63
72 64
72 65
72 65
72 66
71 67
71 68
71 69
71 69
71 70
70 71
70 72
70 73
70 73
70 74
69 75
69 76
69 77
69 77
68 78
68 79
68 79
68 80
68 81
68 82
68 82
67 83
67 84
67 84
67 85
67 85
67 86
67 86
67 86
67 85
68 84
68 83
68 82
69 81
69 80
69 79
69 78
70 77
70 76
70 75
71 74
71 73
71 72
72 71
72 70
72 69
72 68
73 67
73 66
73 65
74 64
74 63
74 62
75 61
75 60
75 59
75 58
76 57
76 56
76 55
77 54
77 53
77 53
78 52
78 52
78 52
78 53
78 53
77 54
77 54
77 55
77 55
77 56
77 57
77 58
77 58
76 59
76 60
76 60
76 61
76 62
76 63
76 63
76 64
76 65
76 66
76 66
76 67
76 68
76 69
76 69
76 70
77 71
77 72
77 72
77 73
77 74
77 75
77 75
77 76
77 77
77 77
77 78
78 79
78 80
78 80
78 81
79 82
79 83
79 83
80 84
80 85
80 85
81 86
81 87
81 87
82 88
82 89
82 89
83 89
83 89
84 89
85 89
85 89
86 89
87 89
87 89
88 88
89 87
89 87
90 86
90 85
90 85
91 84
91 83
92 82
92 82
93 81
93 80
94 79
94 78
94 78
95 77
95 76
96 75
96 75
96 74
97 73
97 72
97 71
97 71
97 70
97 69
98 68
98 67
98 66
98 66
98 65
98 64
99 63
99 62
99 61
99 61
99 60
99 59
99 58
99 57
99 56
99 55
99 55
99 54
99 53
99 52
99 51
99 51
99 50
99 49
100 48
100 47
100 46
100 46
100 45
99 44
99 43
99 43
99 42
99 41
