0 16
0 17
0 17
0 17
0 16
0 16
0 16
0 16
1 16
1 16
2 16
2 16
3 15
3 15
4 14
5 14
5 14
6 13
7 13
7 13
8 12
8 11
8 11
9 10
10 9
10 9
11 8
12 8
13 7
13 7
14 6
15 6
15 6
16 5
17 4
17 4
18 3
19 3
19 3
20 2
20 1
20 1
21 1
21 1
22 0
22 0
22 0
22 1
22 1
21 2
20 3
19 4
18 5
17 6
16 7
15 8
14 8
13 9
12 10
11 11
10 12
9 13
8 14
8 14
8 15
8 16
8 16
7 16
7 16
7 16
7 17
7 18
7 18
7 19
7 20
7 20
7 21
7 22
7 23
7 23
7 24
7 25
7 26
7 27
7 27
7 28
7 29
7 30
7 31
7 31
7 32
7 33
7 34
7 35
7 36
7 37
7 37
7 38
7 39
7 40
7 41
7 42
7 43
7 43
7 44
7 45
6 46
6 47
6 48
6 49
6 49
6 50
6 51
6 52
6 53
6 54
6 55
6 56
6 56
6 57
6 58
6 59
6 60
6 61
6 62
6 63
6 64
6 64
6 65
6 66
6 67
6 68
6 69
6 70
6 71
6 71
6 72
6 73
6 74
6 75
6 76
6 77
6 77
6 78
6 79
6 80
6 81
6 82
6 83
6 83
6 84
6 85
6 86
6 87
6 87
6 88
6 89
6 90
6 90
7 91
7 92
7 92
7 93
7 93
7 94
7 94
7 93
7 92
7 91
7 90
7 89
7 88
8 87
8 86
8 85
8 84
8 83
8 82
8 81
8 80
8 79
8 78
8 77
8 76
8 75
8 74
9 73
9 72
9 71
9 70
9 69
9 68
9 67
9 66
9 65
9 64
9 63
9 62
9 61
9 60
10 59
10 58
10 57
10 56
10 55
10 54
10 53
10 52
10 51
10 50
10 49
10 48
10 47
10 46
11 45
11 44
11 43
11 42
11 41
11 40
11 39
11 38
11 37
11 36
11 35
11 34
11 33
11 32
12 31
12 30
12 29
12 28
12 27
12 26
12 25
12 25
12 24
12 24
12 24
12 24
12 25
12 25
12 26
12 26
12 27
12 28
12 28
12 29
12 29
12 30
12 31
12 31
13 32
13 33
13 33
13 34
13 35
13 36
13 36
13 37
13 37
14 38
14 39
14 39
14 40
14 40
14 39
14 38
14 37
14 36
13 35
13 34
13 33
13 32
13 31
13 30
13 30
13 29
13 28
13 28
13 27
13 26
13 26
13 25
13 25
14 24
14 24
14 23
14 22
14 22
15 21
15 21
16 20
16 20
17 20
17 20
18 20
18 20
18 21
18 21
19 22
19 22
19 23
19 24
19 24
19 25
19 26
19 27
19 27
19 28
18 29
18 30
18 30
18 31
18 32
18 33
18 34
18 34
18 35
17 36
17 37
17 37
17 38
16 39
16 40
16 40
16 41
16 42
16 43
16 43
15 44
15 44
15 45
15 45
15 45
16 44
16 44
16 43
16 42
16 42
17 41
17 40
17 40
18 39
18 38
18 38
19 37
19 37
20 36
20 36
21 35
21 35
20 36
19 37
19 38
18 39
17 40
16 41
15 42
14 43
14 44
13 45
12 46
12 46
12 47
11 48
11 49
11 49
10 49
10 49
10 49
9 50
9 51
9 51
9 52
9 53
9 53
9 54
9 55
9 56
9 56
9 57
9 58
9 59
9 59
9 60
9 61
9 62
9 62
9 63
9 64
9 65
9 65
9 66
9 67
9 68
9 68
9 69
9 70
9 70
9 71
9 72
9 72
9 73
9 73
9 74
9 74
9 74
9 74
9 74
9 73
9 73
9 72
9 71
9 71
9 70
9 69
9 68
9 68
9 67
9 66
9 66
9 65
9 64
9 63
9 63
9 62
9 61
9 61
10 60
10 59
10 59
10 58
10 57
10 57
11 56
11 55
11 55
12 54
12 54
13 53
13 53
13 52
13 52
14 53
14 53
14 54
14 54
14 55
14 56
14 56
14 57
14 58
14 59
14 59
14 60
14 61
14 62
14 62
14 63
13 64
13 65
13 65
13 66
13 67
13 67
13 68
13 69
13 69
12 69
12 69
12 69
12 69
13 68
13 68
13 67
13 66
13 65
13 65
13 64
14 63
14 62
14 61
14 61
14 60
15 59
15 58
15 58
15 57
16 56
16 55
16 54
16 54
16 53
17 52
17 51
17 51
17 50
17 49
17 48
17 48
18 47
18 46
18 46
19 45
19 44
19 44
19 44
19 44
19 44
19 45
19 46
19 46
19 47
19 47
19 48
19 49
19 49
19 50
19 51
19 51
19 52
19 53
19 53
19 54
19 55
19 55
19 56
19 57
19 58
19 58
19 59
19 59
19 60
19 60
19 60
19 60
19 60
20 59
20 58
20 58
20 57
20 56
20 56
20 55
20 54
20 54
20 53
21 52
21 51
21 51
21 50
21 49
21 49
22 48
22 48
22 47
22 47
22 47
23 47
23 47
23 48
23 48
23 49
23 49
23 50
23 51
23 51
23 52
23 52
23 53
23 54
23 55
23 55
23 56
23 57
23 58
23 58
23 59
23 60
23 61
23 61
22 62
22 63
22 63
22 64
22 65
22 66
22 66
22 67
22 67
22 68
22 68
23 68
23 68
23 67
23 67
24 66
24 66
25 65
25 64
25 64
25 63
25 62
25 62
24 63
24 64
23 65
22 66
22 67
21 68
20 69
20 70
19 71
18 72
18 73
17 74
16 75
16 76
15 77
14 78
14 79
13 80
12 81
12 82
11 83
11 84
10 85
9 86
9 87
8 88
7 89
7 90
6 91
5 92
5 93
4 94
3 95
3 96
2 97
1 98
1 99
0 100
0 100
0 100
0 99
0 99
0 98
0 98
1 97
1 97
2 96
2 96
3 95
3 94
3 94
4 93
4 93
5 92
6 91
6 91
7 90
7 89
8 88
8 88
9 87
10 86
10 86
11 85
11 84
12 83
12 83
13 82
14 82
15 81
15 81
16 80
17 79
18 78
18 78
19 77
20 76
20 76
21 75
22 74
22 74
23 73
24 72
24 72
25 71
26 71
26 71
27 71
27 71
28 70
28 70
28 70
28 69
28 68
28 67
29 66
29 65
29 64
29 63
29 62
29 61
29 60
29 59
30 58
30 57
30 56
30 55
30 54
30 53
30 52
30 51
31 50
31 49
31 48
31 47
31 46
31 45
31 44
31 43
32 42
32 41
32 40
32 39
32 38
32 37
32 36
32 35
33 34
33 33
33 32
33 31
33 30
33 30
32 29
32 29
32 29
33 29
33 29
33 28
33 28
34 27
34 27
35 26
35 26
36 25
36 25
37 24
37 23
37 23
38 22
38 21
39 20
39 20
40 19
40 18
40 18
41 17
41 16
41 16
42 15
42 14
42 14
43 13
43 12
43 12
44 11
44 11
44 10
44 10
44 10
44 9
44 9
43 9
43 9
43 9
42 9
42 9
42 9
41 9
41 9
41 8
41 8
41 8
41 8
41 9
41 9
41 10
41 10
41 11
41 12
41 12
41 13
41 14
41 15
41 15
41 16
40 17
40 18
40 19
40 19
40 20
40 21
40 22
40 22
40 23
40 24
40 25
40 26
40 26
40 27
40 28
40 29
40 29
40 30
39 31
39 32
39 32
39 33
39 34
39 34
39 35
39 36
39 37
39 37
40 38
40 39
40 39
40 40
40 40
40 41
40 41
40 41
40 41
40 41
41 40
41 40
41 39
41 39
42 38
42 37
42 37
43 36
43 36
44 35
44 35
44 34
44 34
45 33
45 33
45 32
45 32
46 31
46 31
46 30
46 30
45 31
45 32
44 33
44 34
43 35
43 36
42 37
42 38
41 39
41 40
40 41
40 42
39 43
39 44
38 45
38 46
37 47
37 48
36 49
36 50
35 51
35 52
34 53
34 53
34 54
34 54
33 53
33 53
33 54
33 54
33 55
33 56
33 56
33 57
33 58
33 59
33 59
33 60
33 61
33 62
33 62
33 63
33 64
33 65
33 66
33 66
33 67
32 68
32 69
32 70
32 70
32 71
32 72
32 73
32 73
32 74
31 75
31 76
31 76
31 77
30 78
30 79
30 79
30 80
30 81
30 81
30 82
30 82
30 83
30 83
30 82
31 81
31 80
31 79
31 78
32 77
32 76
32 75
32 74
33 73
33 72
33 71
33 70
34 69
34 68
34 67
34 66
35 65
35 64
35 63
35 62
36 61
36 60
36 60
37 59
37 58
38 57
38 56
38 56
39 55
39 54
39 54
39 54
39 53
39 53
39 54
39 54
39 55
39 55
39 56
39 56
39 57
39 58
39 58
39 59
39 60
39 61
39 61
39 62
39 63
39 64
39 64
39 65
39 66
39 67
39 67
40 68
40 69
40 69
40 70
40 71
40 72
40 72
40 73
40 74
40 74
41 75
41 76
41 76
42 77
42 78
42 78
43 79
43 79
44 80
44 80
45 80
45 80
46 80
46 80
47 79
47 79
48 78
48 77
48 77
49 76
49 75
49 75
49 74
49 73
49 72
49 72
49 71
49 70
49 69
49 69
49 68
49 67
49 66
49 65
49 65
49 64
49 63
49 62
49 61
49 61
49 60
48 59
48 58
48 57
48 57
48 56
48 55
48 54
48 54
48 53
48 52
48 52
47 51
47 50
47 50
47 50
47 49
47 49
48 48
48 48
48 48
49 47
49 47
50 47
50 47
51 46
51 46
52 45
53 45
53 45
54 44
54 44
55 44
55 44
56 44
57 44
57 44
58 44
58 44
59 45
59 45
59 46
59 47
59 47
60 48
60 48
61 49
61 50
61 50
61 51
61 52
61 52
61 53
61 53
62 54
62 55
62 55
62 55
62 56
62 56
62 55
62 54
62 53
62 52
63 51
63 50
63 49
63 48
63 47
63 46
63 45
63 44
64 43
64 42
64 41
64 40
64 39
64 38
64 37
64 36
65 35
65 34
65 33
65 32
65 31
65 30
65 29
65 28
66 27
66 26
66 25
66 24
66 23
66 22
66 21
66 20
67 19
67 18
67 17
67 16
67 15
67 14
67 13
67 12
68 11
68 10
68 9
68 8
68 7
68 7
68 8
68 8
69 7
69 6
69 6
69 5
69 5
70 4
70 4
71 3
71 3
72 2
72 2
72 2
73 2
73 2
73 2
73 3
73 4
73 4
74 5
74 6
74 6
74 7
74 8
74 9
74 10
74 10
74 11
74 12
74 13
74 14
74 14
74 15
74 16
74 17
74 18
74 19
74 19
74 20
74 21
74 22
74 23
74 23
74 24
73 25
73 26
73 26
73 27
73 28
73 28
73 29
73 30
73 31
73 31
73 32
73 32
73 33
73 34
73 34
72 33
72 32
71 31
71 30
70 29
70 28
69 27
69 26
68 25
68 24
68 24
67 23
67 23
67 23
66 23
66 23
66 24
66 24
66 25
66 25
66 26
66 26
66 27
66 27
67 28
67 28
67 29
67 30
67 30
68 31
68 31
69 31
69 31
70 31
70 31
71 30
71 30
72 29
73 28
73 28
74 27
74 26
75 25
75 25
76 24
76 23
76 23
76 22
77 21
77 20
77 20
78 19
78 19
79 18
79 18
79 18
79 18
78 19
78 19
78 20
78 20
77 21
77 22
77 22
76 23
76 24
76 24
76 25
75 26
75 27
75 27
74 28
74 29
74 29
73 30
73 31
72 32
72 33
72 33
72 34
71 35
71 36
70 37
70 38
69 39
69 40
68 41
68 42
67 43
67 44
66 45
66 46
66 46
66 47
65 48
65 49
64 50
64 51
64 51
63 52
63 53
63 53
63 54
63 55
63 55
62 56
62 56
62 57
62 57
62 57
62 57
63 56
63 56
64 55
64 55
65 54
65 53
65 53
66 52
66 51
66 51
67 50
68 49
68 49
69 48
70 47
70 47
71 46
71 45
71 45
72 44
73 43
73 43
74 42
74 41
74 41
75 40
75 39
76 38
76 38
77 37
77 36
77 36
78 35
78 35
78 34
78 34
79 33
79 33
78 34
77 35
76 36
76 36
75 37
75 37
74 37
74 37
74 38
74 38
74 39
74 39
73 40
73 40
73 41
73 41
73 42
73 43
73 44
73 44
73 45
72 46
72 47
72 47
72 48
71 49
71 50
71 51
71 51
71 52
71 53
71 54
71 54
71 55
70 56
70 57
70 58
70 58
70 59
69 60
69 61
69 62
69 62
69 63
69 64
69 65
69 66
69 66
69 67
68 68
68 69
68 69
68 70
68 71
68 71
67 72
67 73
67 73
67 74
67 75
67 75
67 76
67 76
66 76
66 76
66 75
67 74
67 73
67 72
68 71
68 70
68 69
68 68
69 67
69 66
69 65
70 64
70 63
70 62
71 61
71 60
71 59
72 58
72 57
72 56
72 55
73 54
73 53
73 52
74 51
74 50
74 49
75 48
75 47
75 46
75 45
76 44
76 43
76 42
77 41
77 40
77 40
77 40
77 40
77 41
77 41
76 41
76 41
76 42
76 42
76 43
76 43
76 44
76 44
75 45
75 46
75 46
75 47
75 47
75 48
75 49
75 49
75 50
75 51
75 52
75 52
75 53
75 54
75 54
75 55
75 56
75 57
75 57
75 58
75 59
75 60
75 61
75 61
75 62
75 63
75 64
75 64
76 65
76 66
76 66
76 67
76 68
76 69
76 69
77 70
77 70
77 71
77 71
78 71
78 71
79 72
79 72
80 72
81 72
81 72
82 71
82 71
83 71
84 71
84 71
85 70
85 70
86 69
87 68
87 68
88 67
89 66
89 66
90 65
91 64
91 64
92 63
93 62
93 62
94 61
94 61
95 60
96 59
96 59
97 58
97 57
97 57
98 56
98 55
98 55
98 54
98 53
98 53
98 52
99 51
99 50
99 50
99 49
99 48
99 48
99 47
100 46
100 45
100 44
100 44
100 43
100 42
100 41
100 41
100 40
100 39
99 38
99 37
99 36
99 36
99 35
99 34
99 33
99 32
99 32
99 31
98 30
98 29
98 28
98 28
98 27
98 26
97 25
97 24
97 23
97 23
97 22
97 21
97 20
97 19
97 19
97 18
96 17
96 16
96 16
96 15
95 14
95 13
