0 16
0 16
0 15
0 15
0 15
0 14
0 14
1 14
2 14
2 14
3 13
4 13
5 12
5 12
6 11
7 11
8 10
8 10
9 9
10 9
11 8
12 8
12 8
13 7
14 7
15 6
16 6
16 6
17 5
18 5
19 4
20 4
20 4
21 4
22 3
23 3
23 3
24 2
25 1
25 1
26 1
26 1
26 1
26 0
26 0
25 1
25 1
24 1
24 1
23 2
22 2
21 3
20 3
19 4
18 4
17 5
16 5
15 6
14 6
13 7
12 7
11 8
10 8
10 8
9 8
8 9
7 9
7 9
7 10
7 10
7 11
7 11
7 12
7 13
7 13
7 14
7 15
7 16
7 16
7 17
7 18
7 19
7 20
7 20
7 21
7 22
7 23
7 24
7 25
7 26
7 26
7 27
7 28
7 29
7 30
7 31
7 32
7 33
7 33
7 34
7 35
7 36
7 37
7 38
7 39
7 40
7 40
7 41
7 42
7 43
7 44
7 45
7 46
7 47
7 48
7 48
7 49
7 50
7 51
7 52
7 53
7 54
7 55
7 56
7 56
7 57
7 58
7 59
7 60
7 61
7 62
7 63
7 63
7 64
7 65
7 66
8 67
8 68
8 69
8 70
8 70
8 71
8 72
8 73
8 74
8 75
8 76
8 76
8 77
8 78
9 79
9 80
9 81
9 82
9 82
9 83
9 84
9 85
9 86
9 87
9 87
9 88
9 89
8 90
8 91
8 92
8 92
8 93
8 94
8 95
8 96
8 96
8 97
8 98
8 99
8 99
7 100
7 100
7 100
7 100
7 99
7 99
7 98
7 97
7 96
7 96
7 95
7 94
7 93
7 92
7 92
7 91
7 90
7 89
7 88
7 87
7 86
7 85
8 84
8 83
8 82
8 81
8 80
8 79
8 78
8 77
8 76
8 75
8 74
8 73
8 72
8 71
8 70
8 69
9 68
9 67
9 66
9 65
9 64
9 63
9 62
9 61
9 60
9 59
9 58
9 57
9 56
9 55
9 54
9 53
10 52
10 51
10 50
10 49
10 48
10 47
10 46
10 45
10 44
10 43
10 42
10 41
10 40
10 39
10 38
10 37
11 36
11 35
11 34
11 33
11 32
11 31
11 30
11 29
11 28
11 28
11 27
12 26
12 25
12 24
13 23
13 22
13 22
14 21
14 21
14 22
14 22
14 23
15 24
15 25
15 25
15 26
15 27
15 28
15 29
15 29
15 30
16 31
16 32
16 33
16 33
16 34
16 35
16 35
17 36
17 37
17 37
17 38
17 38
17 39
17 39
17 39
17 38
17 38
17 37
17 37
17 36
17 36
17 35
17 34
17 34
17 33
17 32
17 31
17 31
17 30
18 29
18 28
18 28
18 27
18 26
18 26
19 25
19 25
20 24
20 24
20 24
21 25
21 25
21 26
21 27
21 27
21 28
22 29
22 30
22 30
22 31
22 32
22 32
22 33
21 34
21 35
21 35
21 36
20 37
20 38
20 38
19 39
19 40
19 40
18 41
18 42
18 42
18 43
17 44
17 45
17 45
16 46
15 47
15 48
14 49
13 50
12 51
12 52
11 53
10 54
9 55
9 56
8 57
7 58
7 58
7 59
8 60
8 61
8 61
8 61
8 61
8 62
8 63
8 64
8 65
8 65
8 66
8 67
8 68
8 68
8 69
9 70
9 71
9 71
10 72
10 73
10 73
10 74
11 75
11 76
11 76
11 77
11 77
12 78
12 78
12 78
13 78
13 78
13 77
13 77
14 76
14 75
14 75
14 74
14 73
14 73
14 72
14 71
14 70
14 70
14 69
14 68
14 68
14 67
14 67
14 67
14 67
14 68
14 69
14 69
15 70
15 70
15 71
15 72
15 73
15 73
16 74
16 74
16 75
16 75
16 76
16 76
17 75
17 75
17 74
17 74
18 73
18 72
18 72
19 71
19 70
19 70
19 69
19 68
19 68
20 67
20 66
20 66
20 65
21 64
21 63
21 63
21 62
21 61
21 61
22 60
23 59
23 59
24 58
24 58
25 58
25 58
26 58
27 58
27 58
27 59
27 59
28 60
28 60
28 61
28 62
28 62
28 63
27 64
27 65
27 65
27 66
27 67
27 67
26 68
25 69
25 69
25 70
25 71
25 71
24 72
24 72
23 72
23 72
22 73
21 74
20 75
19 76
18 77
17 78
16 79
15 80
15 81
14 82
13 83
12 84
11 85
10 86
9 87
8 88
8 88
8 89
8 89
8 88
8 88
8 88
9 88
9 88
10 87
10 86
10 86
11 85
12 85
12 85
13 84
14 84
15 83
15 83
16 83
17 82
18 82
18 82
19 81
20 81
21 80
21 80
22 80
23 80
24 80
24 80
25 80
26 79
27 79
27 79
28 79
29 79
29 79
30 78
31 78
31 78
32 78
33 78
33 78
34 78
34 78
35 77
35 77
35 77
35 77
35 76
35 75
35 74
35 73
36 72
36 71
36 70
36 69
36 68
36 67
36 66
36 65
36 64
37 63
37 62
37 61
37 60
37 59
37 58
37 57
37 56
37 55
38 54
38 53
38 52
38 51
38 50
38 49
38 48
38 47
38 46
38 45
39 44
39 43
39 42
39 41
39 40
39 39
39 38
39 37
39 36
40 35
40 34
40 33
40 32
40 31
40 31
39 32
39 33
39 33
40 32
40 31
40 31
41 30
41 30
42 30
43 30
44 30
44 30
45 30
46 29
47 29
47 29
48 29
49 28
50 28
51 28
51 28
52 28
53 27
54 27
55 27
55 27
56 27
57 26
58 26
59 26
59 26
60 26
61 26
61 26
62 25
62 25
63 25
63 25
63 25
62 24
61 23
61 22
60 21
59 20
58 19
57 18
57 17
56 16
55 15
54 14
54 13
53 12
52 11
52 11
51 12
50 12
50 12
50 13
50 13
49 14
49 15
49 15
49 16
49 17
49 18
49 19
49 19
49 20
49 21
49 22
49 23
49 24
49 24
49 25
49 26
49 27
49 28
49 29
49 30
49 30
49 31
49 32
48 33
48 34
48 35
48 36
48 36
48 37
48 38
48 39
48 40
48 41
48 42
48 42
48 43
48 44
48 45
48 46
48 47
48 47
47 48
47 49
47 49
48 50
48 50
48 51
48 51
48 51
49 50
49 50
50 49
50 49
51 48
52 47
52 47
52 46
53 45
53 44
53 44
54 43
55 42
55 42
56 41
56 41
56 40
56 40
56 40
55 41
55 41
54 42
53 43
52 44
51 44
50 45
49 46
48 47
47 48
46 49
45 49
44 50
43 51
42 52
42 52
42 53
41 54
41 55
41 55
41 56
41 56
41 57
41 58
41 58
41 59
41 60
41 61
41 62
41 62
41 63
41 64
41 65
41 66
41 66
41 67
41 68
41 69
41 70
41 70
41 71
41 72
41 73
41 74
41 74
41 75
41 76
41 77
41 77
41 78
41 78
41 79
41 79
41 79
42 78
42 77
42 77
42 76
42 75
42 74
42 73
42 72
43 71
43 70
43 69
43 68
43 67
43 66
43 66
44 67
44 67
45 68
45 68
45 69
45 70
45 71
45 71
45 72
45 73
45 74
45 74
46 75
46 76
46 76
47 77
48 78
48 78
49 79
49 80
49 80
50 81
50 81
51 81
52 81
52 81
53 80
53 80
54 79
55 79
55 79
56 78
56 77
56 77
57 76
57 75
57 75
57 74
57 73
57 72
57 72
58 71
58 70
58 70
58 69
58 68
58 67
58 67
58 66
58 65
58 65
59 64
59 64
59 64
60 64
60 64
61 64
61 64
62 65
62 65
63 66
63 67
63 67
64 68
65 69
65 69
66 70
66 70
66 71
66 72
66 73
66 73
66 74
66 75
66 75
66 76
66 77
66 78
66 79
66 79
65 80
65 81
65 81
65 82
64 83
64 84
64 84
64 85
64 85
63 86
63 86
63 86
63 85
63 85
63 84
64 83
64 82
64 81
64 80
65 79
65 78
65 77
65 76
66 75
66 74
66 73
66 72
67 71
67 70
67 69
68 68
68 67
68 66
68 65
69 64
69 63
69 62
69 61
70 60
70 59
70 58
70 57
71 56
71 55
71 54
72 53
72 52
72 51
72 50
73 49
73 48
73 47
73 46
74 45
74 44
74 43
74 42
75 41
75 40
75 39
75 38
76 37
76 36
76 35
77 34
77 33
77 32
77 31
78 30
78 29
78 28
78 27
79 26
79 25
79 24
79 23
80 22
80 21
80 21
80 22
81 23
81 24
81 24
81 24
80 25
80 26
80 26
80 27
79 28
79 29
79 30
79 30
79 31
79 32
79 33
79 33
78 34
78 35
78 35
78 36
78 37
78 37
78 38
78 38
78 39
78 39
77 39
76 40
75 40
74 41
73 41
73 41
73 42
73 43
73 43
73 44
73 44
72 44
72 44
72 45
72 46
72 47
72 47
73 48
73 48
73 49
73 50
73 50
74 51
74 51
75 52
75 52
76 53
76 53
77 53
77 53
78 52
78 52
79 51
80 51
80 51
81 50
81 50
81 49
81 48
81 48
82 47
82 47
82 46
82 45
82 45
82 45
82 45
82 45
81 46
81 47
81 47
80 48
80 49
80 49
80 50
80 51
80 51
79 52
79 53
79 53
78 54
78 55
77 56
77 57
77 57
76 58
76 59
75 60
75 60
74 61
74 62
73 63
73 64
73 64
72 65
72 66
71 67
71 67
70 68
70 69
70 69
70 70
70 70
70 70
70 70
71 70
71 70
72 69
72 68
72 68
73 67
74 67
74 67
75 66
75 65
75 65
76 64
76 63
76 63
77 62
77 62
77 62
77 63
76 64
76 65
76 65
75 66
75 67
75 67
74 68
74 69
74 69
74 70
73 71
73 72
73 72
73 73
73 74
73 75
73 75
72 76
72 77
72 77
72 78
72 79
72 80
72 80
72 81
71 82
71 83
71 83
71 84
70 85
70 86
70 87
70 87
70 88
70 89
70 89
70 88
71 87
71 86
71 85
72 84
72 83
72 82
73 81
73 80
73 79
74 78
74 77
74 77
74 78
74 79
74 79
74 79
74 80
74 81
74 81
75 82
75 83
75 83
76 84
76 85
76 85
77 85
77 85
78 86
79 86
79 86
80 86
81 86
81 86
82 86
83 86
83 86
84 85
85 85
85 85
86 85
87 85
87 85
88 85
89 85
89 85
90 85
91 85
91 85
92 84
92 84
93 83
94 83
94 83
95 82
95 81
95 81
96 80
96 79
96 79
96 78
97 77
97 76
97 75
97 75
97 74
98 73
98 72
98 71
98 71
98 70
98 69
99 68
99 67
99 66
99 65
99 65
99 64
99 63
100 62
100 61
100 60
100 59
100 59
100 58
100 57
99 56
99 55
99 54
99 53
99 53
99 52
99 51
99 50
99 49
99 48
99 47
99 46
99 46
99 45
99 44
98 43
98 42
98 41
98 40
98 40
98 39
98 38
97 37
97 36
97 35
97 34
97 34
97 33
96 32
96 31
95 30
95 29
