0 20
0 20
0 19
0 19
0 19
0 19
1 18
1 18
2 17
3 17
3 17
4 16
5 15
5 15
6 14
7 13
7 13
8 12
9 12
10 11
10 11
11 10
12 10
13 9
14 9
14 9
15 8
16 8
17 7
17 7
18 6
19 6
20 5
20 5
21 4
22 4
22 4
23 3
24 3
25 2
25 2
26 1
27 1
27 1
28 1
29 1
29 1
30 1
30 1
29 2
28 3
27 3
26 4
25 5
24 6
23 6
22 7
21 8
20 9
19 9
18 10
17 11
16 12
15 12
14 13
13 14
12 15
11 15
10 16
9 17
9 17
8 18
8 19
8 19
8 19
8 19
8 20
8 20
8 21
8 22
8 22
8 23
8 24
8 25
8 25
8 26
8 27
8 28
8 29
8 29
8 30
8 31
8 32
8 33
8 34
8 34
8 35
8 36
8 37
8 38
8 39
8 40
8 41
8 41
8 42
8 43
8 44
7 45
7 46
7 47
7 48
7 48
7 49
7 50
7 51
7 52
7 53
7 54
7 55
7 56
7 56
7 57
7 58
7 59
7 60
7 61
7 62
7 63
7 64
7 64
7 65
7 66
7 67
7 68
7 69
7 70
7 71
7 71
7 72
7 73
7 74
8 75
8 76
8 77
8 78
8 78
8 79
8 80
8 81
8 82
8 83
8 83
8 84
8 85
8 86
8 87
8 88
8 88
8 89
8 90
8 91
8 91
9 92
9 93
9 93
9 94
9 95
9 95
9 94
9 93
9 92
9 91
10 90
10 89
10 88
10 87
10 86
10 85
10 84
10 83
11 82
11 81
11 80
11 79
11 78
11 77
11 76
11 75
12 74
12 73
12 72
12 71
12 70
12 69
12 68
12 67
13 66
13 65
13 64
13 63
13 62
13 61
13 60
13 59
14 58
14 57
14 56
14 55
14 54
14 53
14 52
14 51
14 50
15 49
15 48
15 47
15 46
15 45
15 44
15 43
15 42
16 41
16 40
16 39
16 38
16 37
16 36
16 35
16 34
17 33
17 32
17 31
17 30
17 29
17 28
17 27
17 26
18 25
18 24
18 23
18 22
18 21
18 21
17 20
17 20
17 20
17 20
17 21
17 21
17 22
17 22
17 23
17 24
17 25
17 25
17 26
17 27
17 27
18 28
18 29
18 29
18 30
18 31
18 32
18 32
18 33
18 34
18 34
18 35
18 36
18 37
18 37
18 38
18 38
19 39
19 40
19 40
19 41
19 41
19 40
19 39
19 38
19 37
19 36
19 36
19 35
19 34
19 33
19 32
19 31
19 31
19 30
19 29
19 29
19 28
19 27
19 27
20 26
20 25
20 25
21 24
21 24
21 23
21 23
22 22
22 22
22 23
22 23
23 24
23 24
22 25
22 26
22 26
22 27
22 28
22 29
22 29
22 30
22 31
22 32
22 32
22 33
21 34
21 35
21 35
21 36
20 37
20 38
20 38
20 39
20 40
20 40
19 41
19 42
19 42
19 43
19 44
19 44
18 44
18 44
18 44
19 44
19 44
20 43
20 42
20 42
21 41
21 40
21 40
22 39
22 39
23 38
23 37
23 37
22 38
22 39
21 40
20 41
19 42
19 43
18 44
17 45
16 46
16 47
15 48
14 49
13 50
13 51
12 52
12 52
12 53
12 54
11 55
11 56
11 57
11 57
11 56
11 56
11 57
11 57
11 58
11 58
11 59
11 60
11 60
11 61
11 62
11 62
11 63
11 64
11 65
11 65
11 66
11 67
11 68
11 68
11 69
11 70
11 71
11 71
11 72
11 73
11 74
11 74
11 75
11 76
11 77
11 77
11 78
11 79
11 79
11 80
11 80
12 81
12 81
12 81
12 80
12 80
12 79
12 79
12 78
12 77
12 77
12 76
12 75
12 74
12 74
12 73
12 72
12 71
12 71
12 70
12 69
12 68
12 68
12 67
12 66
12 66
12 65
12 64
12 63
12 63
12 62
12 61
12 61
13 60
13 59
13 59
14 58
14 57
14 57
15 56
15 56
16 55
16 55
16 54
16 54
17 54
17 54
18 54
18 54
18 55
18 56
18 56
19 57
19 58
19 58
19 59
19 60
19 60
19 61
19 62
19 63
19 63
19 64
19 65
19 66
19 67
19 67
18 68
18 69
18 69
18 70
18 71
18 71
18 72
18 72
18 73
18 73
19 73
19 73
19 72
19 72
20 71
20 70
20 70
21 69
21 68
21 68
21 67
22 66
22 65
22 65
22 64
23 63
23 62
23 61
23 61
23 60
24 59
24 58
24 58
24 57
25 56
25 55
25 55
26 54
26 53
26 53
27 52
27 51
27 51
28 50
28 50
28 51
28 51
29 51
29 51
29 52
29 53
29 53
29 54
29 55
29 55
29 56
29 57
29 57
29 58
29 59
29 60
29 60
29 61
29 62
29 62
29 63
29 64
29 64
28 65
28 66
28 66
28 67
28 68
28 68
28 69
28 69
28 70
28 70
28 70
28 69
28 69
28 68
28 68
28 67
28 66
28 66
28 65
29 64
29 63
29 62
29 62
29 61
29 60
29 59
29 59
30 58
30 57
30 57
30 56
30 55
30 54
30 54
31 53
31 52
31 52
31 51
31 51
32 51
32 51
32 51
32 51
33 52
33 52
33 53
33 53
33 54
33 55
33 55
33 56
32 57
32 58
32 58
32 59
32 60
32 60
32 61
31 62
31 63
31 63
31 64
31 65
31 66
31 67
31 67
31 68
30 69
30 70
30 70
30 71
30 71
30 72
30 73
30 73
30 73
31 73
31 73
32 73
32 73
33 72
33 72
34 71
34 70
34 70
35 69
35 69
34 70
33 71
32 72
31 73
30 74
29 75
28 76
27 77
26 78
25 79
24 80
23 81
22 82
21 83
20 84
19 85
18 86
17 87
16 88
15 89
14 90
13 91
12 92
11 93
10 94
9 95
8 96
7 97
6 98
5 99
5 99
4 100
4 100
4 100
4 100
4 100
4 100
4 100
5 99
5 99
6 98
6 98
7 98
7 98
8 97
8 96
8 96
9 95
10 95
10 95
11 94
11 94
12 93
13 92
13 92
14 91
15 91
16 90
16 90
17 89
18 88
18 88
19 87
20 86
21 85
21 85
22 84
23 83
23 83
24 82
25 82
26 81
26 81
27 80
28 79
28 79
29 78
30 78
31 77
31 77
32 76
32 76
33 76
34 76
34 76
35 75
35 75
36 75
36 75
37 74
37 74
37 73
37 72
37 71
37 70
37 69
37 68
37 67
37 66
37 65
37 64
37 63
37 62
37 61
37 60
37 59
37 58
37 57
37 56
37 55
37 54
37 53
37 52
37 51
37 50
37 49
37 48
37 47
37 46
37 45
37 44
37 43
37 42
37 41
37 40
37 39
37 38
37 37
37 36
37 35
37 34
37 33
37 32
37 31
37 31
38 30
38 30
38 29
38 28
38 28
39 27
39 27
40 26
40 26
41 25
41 25
42 24
42 24
43 23
44 22
44 22
45 21
45 21
46 20
47 19
47 19
48 18
48 17
48 17
49 16
50 16
50 16
51 15
51 14
51 14
52 13
52 13
52 12
52 12
52 11
52 11
52 10
52 10
52 10
52 9
52 9
51 9
51 9
51 8
51 8
50 8
50 8
50 7
50 7
50 7
50 7
50 7
50 7
49 8
49 8
49 9
49 10
49 10
49 11
49 12
49 13
49 13
49 14
49 15
49 16
49 16
49 17
49 18
49 19
49 19
49 20
48 21
48 22
48 23
48 23
48 24
48 25
48 26
48 27
48 27
48 28
48 29
48 30
48 30
48 31
48 32
48 33
48 34
48 34
48 35
48 36
48 37
48 37
48 38
48 39
48 40
48 40
47 41
47 42
47 42
47 43
47 43
48 44
48 44
48 44
48 44
49 43
49 43
50 42
50 42
51 41
51 41
52 40
52 40
52 39
52 38
52 38
53 37
53 37
54 36
54 36
55 35
55 34
55 34
56 34
56 34
55 35
55 36
54 37
53 38
53 39
52 40
51 41
51 42
50 43
49 44
48 45
48 46
47 47
46 48
46 49
45 50
44 51
44 52
43 53
42 54
42 55
41 56
41 56
40 57
40 58
40 58
40 58
40 58
40 59
40 59
40 60
40 60
40 61
40 62
40 62
40 63
39 64
39 65
39 66
39 66
39 67
39 68
39 69
39 69
39 70
38 71
38 72
38 72
38 73
37 74
37 75
37 76
37 76
37 77
36 78
36 79
36 79
36 80
36 81
36 82
36 82
35 83
35 84
35 84
35 85
35 86
35 87
35 87
34 88
34 88
34 89
34 89
34 89
34 88
35 87
35 86
35 85
36 84
36 83
37 82
37 81
37 80
38 79
38 78
38 77
39 76
39 75
39 74
40 73
40 72
41 71
41 70
41 69
42 68
42 67
42 66
43 65
43 64
43 63
44 62
44 61
45 60
45 59
45 58
46 57
46 56
46 56
46 55
46 55
46 55
46 55
46 55
46 55
46 56
46 56
46 57
46 58
46 58
45 59
45 60
45 60
45 61
45 62
45 63
45 63
45 64
45 65
45 66
45 66
45 67
45 68
45 69
45 69
45 70
45 71
45 72
45 72
45 73
45 74
45 75
45 75
46 76
46 77
46 77
47 78
47 79
47 79
47 80
47 81
47 81
48 82
48 82
49 83
49 83
50 83
50 83
51 82
51 82
52 81
52 81
53 80
53 79
53 79
54 78
54 77
54 77
54 76
54 75
54 74
54 74
54 73
54 72
54 72
54 71
54 70
54 69
54 69
54 68
53 67
53 66
53 66
53 65
53 64
53 64
52 63
52 63
52 62
52 62
52 61
52 61
51 60
51 60
51 60
51 59
51 59
52 58
52 58
52 57
52 57
53 56
53 56
54 55
54 55
55 54
55 54
56 53
56 53
57 53
57 53
58 53
58 53
59 53
59 53
60 53
60 53
61 53
62 53
62 53
63 53
63 53
64 53
65 53
65 53
66 53
66 53
67 53
67 53
68 54
69 54
69 54
70 54
70 54
71 55
71 56
71 56
72 57
72 57
72 58
72 59
72 59
72 60
72 61
72 61
73 62
73 62
73 63
73 63
73 64
73 64
73 65
73 65
73 66
73 66
73 65
73 64
73 63
73 62
73 61
73 60
73 59
73 58
73 57
73 56
73 55
73 54
73 53
73 52
74 51
74 50
74 49
74 48
74 47
74 46
74 45
74 44
74 43
74 42
74 41
74 40
74 39
74 38
74 37
74 36
74 35
74 34
74 33
74 32
74 31
74 30
74 29
74 28
74 27
74 26
74 25
74 24
74 23
74 22
75 21
75 20
75 19
75 18
75 17
75 16
75 15
75 14
75 13
75 12
75 11
75 10
75 9
75 8
75 7
75 7
75 8
75 8
75 8
75 7
75 7
75 7
75 7
76 8
76 8
76 9
76 9
76 10
76 10
76 11
77 12
77 13
77 13
77 14
77 15
77 16
77 16
77 17
77 18
77 18
77 19
77 20
77 21
77 21
77 22
77 23
77 24
77 24
77 25
77 26
77 26
77 27
77 28
77 28
77 29
77 30
77 30
77 31
77 31
77 32
77 32
77 32
76 31
75 30
74 29
73 28
72 27
72 27
71 26
71 25
71 25
71 25
71 25
71 25
71 26
71 26
71 27
71 27
71 28
71 28
72 29
72 29
72 30
72 30
73 30
73 30
73 31
73 31
74 32
74 32
75 32
76 32
76 32
77 32
77 32
78 31
79 31
79 31
80 30
80 30
81 29
82 28
82 28
83 27
83 26
83 26
83 25
83 25
84 24
84 23
84 23
84 23
84 23
84 23
84 23
83 24
83 24
83 25
83 25
82 26
82 27
82 27
82 28
82 28
81 29
81 30
81 30
81 31
80 32
80 33
80 33
79 34
79 35
78 36
78 36
78 37
77 38
77 39
76 40
76 41
75 42
75 43
74 44
74 45
73 46
73 47
72 48
72 49
71 50
71 51
70 52
70 53
69 54
69 55
69 55
68 56
67 57
67 57
67 57
67 57
67 56
67 56
68 55
68 55
69 54
69 54
70 53
70 53
71 52
71 52
72 51
72 50
72 50
73 49
73 49
74 48
75 47
75 47
76 46
76 45
77 44
77 44
78 43
79 42
79 42
80 41
80 40
81 39
81 39
82 38
83 37
83 37
84 36
85 36
85 36
86 35
86 35
87 34
87 34
87 34
87 34
86 35
85 35
84 36
83 37
82 37
81 38
80 38
79 39
79 39
79 40
79 40
78 40
78 40
78 40
78 41
78 41
78 42
78 42
78 43
78 44
78 44
78 45
78 46
78 46
78 47
77 48
77 49
77 50
77 50
77 51
76 52
76 53
76 54
76 54
76 55
75 56
75 57
75 58
75 58
74 59
74 60
73 61
73 62
73 62
73 63
72 64
72 65
72 66
72 66
72 67
71 68
71 69
71 70
71 70
71 71
70 72
70 73
70 73
70 74
70 75
70 75
69 76
69 77
69 77
69 78
69 78
69 79
69 79
69 78
70 77
70 76
70 75
70 74
71 73
71 72
71 71
72 70
72 69
72 68
73 67
73 66
73 65
73 64
74 63
74 62
74 61
75 60
75 59
75 58
76 57
76 56
76 55
76 54
77 53
77 52
77 52
76 53
76 53
76 53
76 53
76 54
76 54
76 55
76 56
76 56
77 57
77 57
77 58
77 59
77 59
77 60
77 61
77 61
77 62
77 63
77 63
77 64
77 65
77 66
77 66
78 67
78 68
78 68
78 69
78 69
78 70
78 71
78 71
79 72
79 72
80 73
80 73
81 74
81 74
82 74
82 74
83 74
84 74
84 74
85 73
86 73
86 73
87 72
88 72
88 72
89 72
89 72
90 71
91 70
91 70
92 69
93 69
93 69
94 68
94 68
95 67
95 67
96 66
96 65
96 65
97 64
97 63
97 63
97 62
98 61
98 60
98 60
98 59
99 58
99 57
99 57
99 56
99 55
99 54
99 54
99 53
100 52
100 51
100 51
100 50
99 49
99 48
99 48
99 47
99 46
99 45
99 44
99 44
99 43
98 42
98 41
98 40
98 40
98 39
98 38
98 37
98 36
98 36
98 35
97 34
97 33
97 32
97 32
97 31
97 30
97 29
97 28
97 28
97 27
96 26
96 25
96 24
96 24
96 23
95 22
95 21
95 20
95 20
95 19
95 18
95 17
95 17
94 16
94 15
