1 14
0 15
0 16
0 16
0 16
0 15
0 15
0 15
0 15
0 15
0 15
1 14
1 14
2 13
2 13
3 12
3 12
4 11
5 11
5 11
6 11
7 10
8 10
8 10
9 9
10 9
10 9
11 8
12 8
12 8
13 7
14 7
15 6
15 6
16 5
17 5
17 5
18 4
18 4
19 3
20 3
20 3
21 2
21 2
22 1
22 1
22 1
22 0
22 0
22 0
21 1
21 1
20 2
19 3
18 4
17 5
16 6
15 7
14 8
13 9
12 10
11 11
10 12
10 12
10 13
10 14
10 14
10 15
10 15
9 16
9 16
9 17
9 18
9 19
9 19
9 20
9 21
9 21
9 22
9 23
9 24
9 24
9 25
9 26
9 27
9 28
9 28
9 29
9 30
9 31
9 32
9 32
9 33
9 34
9 35
9 36
9 37
9 37
9 38
9 39
9 40
9 41
9 42
9 42
9 43
9 44
9 45
9 46
9 47
9 48
9 49
9 49
9 50
9 51
9 52
9 53
9 54
9 55
9 56
9 56
9 57
9 58
9 59
9 60
9 61
9 62
9 63
9 64
9 64
9 65
9 66
10 67
10 68
10 69
10 70
10 70
10 71
10 72
10 73
10 74
10 75
10 76
10 77
10 77
10 78
10 79
10 80
10 81
10 82
10 82
10 83
10 84
10 85
10 86
10 87
10 87
10 88
11 89
11 90
11 90
11 91
11 92
11 93
11 94
11 94
11 95
11 96
11 97
11 97
11 98
11 99
11 99
11 100
11 100
11 100
11 99
11 99
11 98
11 97
11 97
11 96
11 95
11 94
11 93
11 92
11 91
12 90
12 89
12 88
12 87
12 86
12 85
12 84
12 83
12 82
12 81
12 80
12 79
13 78
13 77
13 76
13 75
13 74
13 73
13 72
13 71
13 70
13 69
13 68
13 67
14 66
14 65
14 64
14 63
14 62
14 61
14 60
14 59
14 58
14 57
14 56
14 55
14 54
15 53
15 52
15 51
15 50
15 49
15 48
15 47
15 46
15 45
15 44
15 43
15 42
16 41
16 40
16 39
16 38
16 37
16 36
16 35
16 34
16 33
16 32
16 31
16 30
17 29
17 28
17 27
17 26
17 25
17 24
17 23
17 23
17 23
17 22
17 22
17 22
17 23
17 23
17 24
17 24
17 25
17 26
17 26
17 27
17 28
17 28
17 29
17 30
17 31
17 31
17 32
17 33
17 34
17 34
17 35
17 36
17 36
17 37
17 38
17 38
18 39
18 39
18 39
18 39
18 39
18 38
18 38
18 37
18 36
18 36
18 35
18 34
18 33
18 33
18 32
18 31
18 31
18 30
18 29
18 29
18 28
18 27
18 27
18 26
18 25
18 25
18 25
19 24
19 24
19 23
19 23
20 23
20 23
21 22
21 22
22 22
22 22
22 22
23 22
23 22
23 22
23 23
23 24
23 24
22 25
22 25
22 26
21 27
21 28
21 28
20 29
20 30
20 30
20 31
19 32
19 33
19 33
19 34
19 35
19 35
18 36
18 37
18 37
18 37
18 38
18 38
18 38
18 37
18 37
19 37
19 37
19 36
19 36
20 35
20 35
20 34
20 34
21 33
21 33
21 33
21 33
21 34
20 35
20 36
19 37
19 38
19 39
18 40
18 41
17 42
17 43
17 43
16 44
16 45
16 45
16 46
16 46
16 47
16 47
16 48
16 48
16 49
16 50
16 50
16 51
16 52
16 53
16 53
16 54
16 55
16 56
16 56
16 57
16 58
16 59
16 59
16 60
16 61
16 62
16 63
16 63
16 64
16 65
16 66
16 66
16 67
16 68
16 68
16 69
16 70
16 70
16 71
16 72
16 72
16 73
16 74
16 74
17 74
17 74
17 74
17 74
17 74
17 73
17 72
17 72
16 71
16 70
16 70
16 69
16 68
16 67
16 67
16 66
16 65
16 65
16 64
16 63
16 63
16 62
16 61
16 61
16 60
16 60
16 59
16 59
16 58
16 58
16 57
16 57
17 56
17 56
17 56
18 55
18 55
19 54
19 54
19 54
20 55
20 55
20 56
20 56
19 57
19 57
19 58
19 59
19 60
19 60
18 61
18 62
18 62
18 63
18 64
18 64
17 65
17 66
17 66
17 66
17 66
17 66
18 65
18 65
18 64
18 63
18 63
19 62
19 62
20 61
20 60
20 60
21 59
21 58
21 58
21 57
22 56
22 55
22 55
23 54
23 54
24 53
24 52
24 52
24 52
24 51
24 51
25 51
25 51
25 52
25 52
25 53
25 53
25 54
25 55
25 55
25 56
25 57
25 57
25 58
25 59
25 59
25 60
25 61
25 62
25 62
25 63
25 63
25 64
25 65
25 65
25 66
25 66
25 67
25 67
25 67
25 67
25 66
25 66
25 65
25 64
25 64
25 63
25 62
25 62
25 61
25 60
25 60
25 59
25 58
25 57
25 57
25 56
25 55
25 55
26 54
26 54
26 53
26 53
27 53
27 53
28 53
28 53
28 53
29 54
29 54
29 55
29 56
29 56
29 57
29 58
29 58
29 59
29 60
29 60
28 61
28 62
28 62
27 63
27 64
27 64
26 65
26 66
26 66
26 67
26 68
26 68
25 69
25 70
25 70
24 71
24 71
23 72
23 72
23 73
23 73
23 74
23 75
23 75
23 76
23 77
22 78
22 79
22 80
22 81
21 82
21 83
21 84
21 85
21 86
20 87
20 88
20 89
20 90
19 91
19 92
19 93
19 93
19 94
18 95
18 96
18 96
17 97
17 98
17 98
17 98
17 97
17 97
17 96
17 96
17 95
17 95
18 94
18 94
18 93
18 93
19 92
19 92
20 91
20 91
21 90
21 90
22 89
22 89
23 88
24 87
24 87
25 86
25 86
26 85
27 85
27 85
28 85
28 85
29 84
30 84
30 84
31 83
31 83
32 83
33 83
33 83
34 82
34 82
35 82
35 82
36 81
36 81
37 80
37 80
37 79
37 79
37 78
37 77
37 76
37 75
37 74
37 73
37 72
37 71
37 70
37 69
37 68
37 67
37 66
37 65
37 64
37 63
37 62
37 61
37 60
37 59
37 58
37 57
37 56
37 55
38 54
38 53
38 52
38 51
38 50
38 49
38 48
38 47
38 46
38 45
38 44
38 43
38 42
38 41
38 40
38 39
38 38
38 37
38 36
38 35
38 34
38 33
38 32
38 31
38 30
38 29
38 29
38 30
38 30
37 30
37 30
37 30
37 30
37 30
37 30
38 30
38 30
38 29
38 28
38 28
39 27
40 26
40 26
41 25
41 24
41 24
42 23
43 23
43 23
44 22
45 21
45 21
46 20
46 19
46 19
47 18
48 17
48 17
48 16
48 16
49 16
49 16
49 15
49 15
49 14
49 14
49 14
49 13
49 13
48 13
47 13
46 13
45 13
45 13
44 12
44 12
44 11
44 11
44 10
44 10
44 10
44 9
44 9
44 10
44 10
44 10
45 11
45 11
45 12
45 13
45 13
45 14
45 15
45 15
45 16
45 17
45 18
45 18
45 19
44 20
44 21
44 22
44 22
44 23
44 24
44 25
44 26
44 26
44 27
44 28
44 29
44 30
44 30
44 31
44 32
44 33
44 34
44 34
44 35
43 36
43 37
43 38
43 38
43 39
43 40
43 41
43 42
43 42
43 43
43 44
43 44
43 45
43 46
43 47
43 47
43 48
43 48
44 48
44 48
44 48
45 47
45 47
45 46
46 45
46 44
46 44
46 43
47 42
47 41
47 41
47 40
48 39
48 38
48 38
49 37
49 36
49 36
50 35
50 34
50 34
51 33
51 33
51 33
51 33
50 34
50 34
50 35
49 36
49 37
48 38
48 39
47 40
47 41
46 42
46 43
46 44
45 45
45 46
44 47
44 48
43 49
43 50
43 51
42 52
42 53
41 54
41 55
40 56
40 57
39 58
39 59
39 59
39 59
39 59
39 59
39 60
39 60
39 60
39 61
39 62
39 62
39 63
39 64
39 64
39 65
39 66
39 67
39 67
39 68
39 69
39 69
39 70
39 71
39 72
39 73
39 73
39 74
39 75
39 75
39 76
39 77
39 78
39 78
39 79
39 80
39 81
39 81
39 82
39 83
39 83
39 84
39 84
40 84
40 84
40 84
40 83
40 82
40 82
41 81
41 80
41 80
41 79
41 78
41 77
42 76
42 75
42 74
42 73
42 72
42 71
42 70
43 69
43 68
43 67
43 66
43 66
44 65
44 64
44 64
44 64
44 64
44 65
44 65
44 66
44 67
44 67
44 68
44 69
44 70
44 70
45 71
45 72
45 72
45 73
45 74
45 75
45 75
45 76
45 77
45 78
45 78
45 79
46 80
46 81
46 81
46 82
47 83
47 84
47 84
47 85
47 85
48 86
48 87
48 87
49 87
49 87
50 87
51 87
51 87
52 86
52 85
52 85
53 84
53 84
54 83
54 82
54 82
55 81
55 80
55 80
55 79
56 78
56 77
56 77
57 76
57 75
57 75
57 74
57 73
57 72
57 72
57 71
57 71
57 70
57 70
56 70
56 70
55 70
55 70
54 70
54 70
53 70
53 70
53 70
53 69
53 69
53 68
53 68
54 67
54 66
54 66
55 65
55 65
56 64
56 64
57 63
58 63
58 63
59 63
59 63
60 63
61 63
61 63
62 63
63 63
63 63
64 63
64 63
65 63
65 63
66 64
66 64
67 64
67 64
68 64
68 64
68 63
68 63
68 62
68 61
68 60
69 59
69 58
69 57
69 56
69 55
69 54
69 53
70 52
70 51
70 50
70 49
70 48
70 47
70 46
71 45
71 44
71 43
71 42
71 41
71 40
71 39
72 38
72 37
72 36
72 35
72 34
72 33
72 32
72 31
73 30
73 29
73 28
73 27
73 26
73 25
73 24
74 23
74 22
74 21
74 20
74 19
74 18
74 17
75 16
75 15
75 14
75 13
75 12
75 11
75 10
76 9
76 8
76 7
76 6
76 6
76 5
76 5
76 4
76 4
76 4
76 4
76 4
76 4
76 5
76 5
76 5
76 5
76 5
76 5
76 5
76 5
76 5
76 5
76 5
76 6
76 6
76 7
76 8
76 8
76 9
76 10
76 10
76 11
76 12
76 13
76 13
76 14
76 15
76 16
76 17
76 17
76 18
75 19
75 20
75 21
75 21
75 22
75 23
75 24
75 25
75 26
75 26
75 27
75 28
75 29
75 29
75 30
75 31
75 32
75 32
75 33
75 34
75 34
75 35
75 35
75 36
75 36
75 36
75 36
75 35
75 35
75 34
74 33
74 32
74 31
73 30
73 29
72 28
72 27
72 26
71 25
71 24
71 24
70 24
70 24
70 23
70 23
70 23
70 23
71 24
71 24
71 25
71 26
71 26
71 27
71 28
71 28
71 29
71 30
71 30
71 31
71 32
71 33
71 33
72 34
72 35
72 35
72 36
72 36
72 37
72 37
72 37
73 37
73 37
73 36
73 36
73 35
74 34
74 33
74 32
75 31
75 30
75 29
76 28
76 27
76 26
77 25
77 24
77 23
78 22
78 21
78 20
79 19
79 18
79 18
80 17
81 17
81 17
81 17
81 16
81 16
81 16
81 16
81 16
81 16
81 17
81 17
81 17
81 18
81 18
80 19
80 20
80 20
80 21
80 22
80 22
79 23
79 24
79 24
79 25
78 26
78 27
78 27
78 28
77 29
77 30
77 31
77 31
77 32
76 33
76 34
76 34
75 35
75 36
74 37
74 37
74 38
73 39
73 40
73 40
73 41
72 42
72 43
72 43
71 44
71 45
71 45
70 46
70 47
69 48
69 48
68 49
68 50
68 50
67 51
67 51
66 52
66 53
66 53
65 54
65 54
65 54
65 55
65 55
65 55
65 55
65 54
65 54
66 53
66 53
67 52
67 52
68 51
68 50
68 50
69 49
70 48
70 48
71 47
71 46
72 45
72 45
73 44
73 43
73 43
74 42
75 41
75 41
76 40
77 40
77 40
78 39
78 38
78 38
79 37
80 37
80 37
81 36
81 36
82 36
82 36
82 35
82 35
82 35
82 35
82 35
82 35
82 35
81 36
81 36
80 37
80 37
79 38
79 38
79 39
79 39
78 40
78 40
77 41
77 41
77 42
77 42
76 43
76 43
76 44
76 45
76 45
76 46
75 47
75 48
75 48
74 49
74 50
74 50
74 51
73 52
73 53
73 54
73 54
73 55
72 56
72 57
72 58
72 58
72 59
71 60
71 61
71 62
71 62
71 63
70 64
70 65
70 66
70 66
70 67
70 68
69 69
69 70
69 71
69 71
69 72
69 73
68 74
68 75
68 76
68 76
68 77
67 78
67 79
67 80
67 80
67 81
67 82
67 83
67 84
67 85
67 85
67 86
66 87
66 88
66 88
66 89
65 90
65 91
65 91
65 92
64 93
64 94
64 95
64 95
64 96
64 97
64 97
64 98
64 99
64 99
64 100
64 100
64 99
64 99
64 98
64 98
64 97
64 96
64 96
64 95
65 94
65 93
65 93
65 92
66 91
66 90
66 89
66 88
67 87
67 86
67 85
68 84
68 83
68 82
68 81
69 80
69 79
69 78
70 77
70 76
70 75
70 74
71 73
71 72
71 71
72 70
72 69
72 68
72 67
73 66
73 65
73 64
74 63
74 62
74 61
74 60
75 59
75 58
75 57
76 56
76 55
76 54
76 53
77 52
77 51
77 51
77 51
77 51
77 51
77 51
76 52
76 52
76 53
76 54
76 54
76 55
76 55
75 56
75 57
75 57
75 58
75 59
75 60
75 60
75 61
75 62
75 62
74 63
74 64
74 64
74 65
74 66
74 67
74 67
74 68
74 69
74 70
74 70
74 71
74 72
74 73
74 73
74 74
74 75
74 75
74 76
74 77
74 78
74 78
74 79
74 80
74 81
74 81
74 82
74 83
74 83
75 84
75 85
75 85
75 86
75 87
75 87
75 88
75 89
75 89
76 90
76 91
76 91
77 92
77 92
77 93
77 94
77 94
78 95
78 95
79 96
79 96
80 96
80 96
81 97
81 97
82 97
83 97
83 97
84 97
84 97
85 96
85 96
86 96
86 96
87 95
88 95
88 95
89 94
89 94
90 93
90 93
91 92
92 92
92 92
93 91
93 90
93 90
94 89
94 88
94 88
95 87
95 86
95 86
95 85
96 84
96 83
96 83
96 82
97 81
97 80
97 79
97 79
97 78
98 77
98 76
98 76
98 75
98 74
98 73
98 72
98 72
98 71
98 70
99 69
99 68
99 67
99 67
99 66
99 65
99 64
99 63
99 63
99 62
99 61
99 60
99 59
99 58
99 57
99 57
99 56
99 55
100 54
100 53
100 52
