0 19
0 20
0 21
0 21
0 21
0 21
0 21
0 21
1 21
1 21
2 20
3 20
3 20
4 20
4 20
5 19
6 19
6 19
7 18
8 18
9 17
9 17
10 16
11 15
11 15
12 14
13 13
13 13
14 12
14 11
15 10
15 10
16 9
17 8
17 8
18 7
19 6
19 6
20 5
20 4
20 4
21 3
21 3
22 2
22 2
22 1
22 1
22 0
22 0
21 1
20 1
19 2
18 2
17 3
16 3
15 4
14 4
13 5
12 5
11 6
10 6
9 7
9 7
8 8
7 9
7 9
7 8
7 8
7 9
7 9
7 10
7 11
7 11
7 12
6 13
6 14
6 14
6 15
6 16
6 17
6 17
6 18
6 19
6 20
6 20
6 21
6 22
6 23
6 24
6 25
6 25
6 26
6 27
6 28
6 29
6 30
6 30
6 31
6 32
6 33
6 34
6 35
6 35
6 36
6 37
6 38
6 39
6 40
6 41
6 42
6 42
6 43
6 44
6 45
6 46
6 47
6 48
6 49
6 49
6 50
6 51
6 52
6 53
6 54
6 55
6 56
6 57
6 57
6 58
6 59
6 60
6 61
6 62
6 63
6 64
6 65
6 65
6 66
6 67
6 68
7 69
7 70
7 71
7 72
7 73
7 73
7 74
7 75
7 76
7 77
7 78
7 79
7 80
7 80
7 81
7 82
7 83
7 84
7 85
7 86
7 87
7 87
7 88
7 89
7 90
7 91
7 92
7 92
7 93
8 94
8 95
8 96
8 96
8 97
8 98
8 98
8 99
8 100
8 100
8 100
9 100
9 100
9 99
9 99
9 98
9 97
9 96
9 96
9 95
9 94
9 93
9 92
9 91
10 90
10 89
10 88
10 87
10 86
10 85
10 84
10 83
10 82
10 81
11 80
11 79
11 78
11 77
11 76
11 75
11 74
11 73
11 72
11 71
12 70
12 69
12 68
12 67
12 66
12 65
12 64
12 63
12 62
12 61
13 60
13 59
13 58
13 57
13 56
13 55
13 54
13 53
13 52
13 51
13 50
14 49
14 48
14 47
14 46
14 45
14 44
14 43
14 42
14 41
14 40
15 39
15 38
15 37
15 36
15 35
15 34
15 33
15 32
15 31
15 30
16 29
16 28
16 27
16 26
16 25
16 24
16 24
17 23
17 22
17 22
17 21
17 21
17 21
17 21
17 22
17 22
17 23
17 23
17 24
17 25
17 26
17 26
17 27
17 28
17 29
17 29
17 30
17 31
17 32
17 33
17 33
17 34
17 35
17 36
17 36
17 37
17 38
17 38
17 39
18 40
18 41
18 41
18 42
18 42
18 43
18 43
18 43
18 43
18 42
18 42
18 41
18 40
18 39
18 39
18 38
18 37
18 37
18 36
18 35
18 34
18 33
18 33
18 32
18 31
18 31
18 30
18 29
18 28
18 28
19 27
19 27
19 26
19 26
20 25
20 25
20 25
21 26
21 26
21 27
21 27
21 28
21 28
21 29
21 30
21 30
20 31
20 32
20 32
20 33
20 34
20 35
20 35
20 36
19 37
19 38
19 38
18 39
18 40
18 40
18 41
17 42
17 43
17 43
17 44
16 45
16 46
16 46
15 47
15 48
14 49
14 50
13 51
13 51
13 52
13 53
13 54
13 54
13 55
13 56
13 56
13 57
13 58
13 58
13 59
13 60
13 61
13 61
13 62
13 63
13 64
13 64
13 65
13 66
13 66
13 67
13 68
13 69
13 69
13 70
13 71
13 72
13 72
13 73
13 74
13 74
14 75
14 75
14 76
14 76
14 75
14 75
14 75
14 74
14 73
14 73
14 72
14 71
14 70
14 70
14 69
14 68
14 67
14 66
14 66
15 65
15 64
15 64
15 63
15 62
15 62
16 61
16 60
16 60
16 59
16 59
17 58
17 58
18 58
18 58
18 58
18 59
18 59
19 60
19 60
19 61
19 61
19 62
19 63
19 63
18 64
18 65
18 65
18 66
18 67
18 67
17 68
17 69
17 69
17 70
17 71
17 71
16 72
16 72
16 72
16 72
16 72
16 71
16 71
16 70
16 70
16 69
17 68
17 67
18 66
18 65
19 64
19 63
19 62
20 61
20 60
21 59
21 58
21 58
21 57
22 56
22 55
22 54
22 54
23 53
23 53
23 52
23 52
24 52
24 52
24 52
24 52
24 52
24 52
24 53
24 53
24 54
24 55
24 55
24 56
24 57
24 57
24 58
24 59
24 59
24 60
24 61
24 61
24 62
24 62
24 63
24 64
24 64
24 65
24 65
24 65
24 65
24 65
24 64
24 64
25 63
25 62
25 62
25 61
25 60
25 59
25 59
25 58
25 58
26 57
26 56
26 56
27 55
27 55
28 55
28 55
28 55
29 55
29 55
29 56
29 56
29 57
29 57
29 58
29 58
29 59
29 60
29 60
28 61
28 62
28 62
28 63
28 64
28 64
27 65
27 66
26 67
26 67
26 68
25 69
25 70
25 70
24 71
24 72
23 73
23 73
22 74
22 75
22 75
21 76
20 77
20 77
19 78
19 79
19 79
19 80
19 80
18 81
18 81
18 82
18 82
18 82
18 82
18 81
18 81
19 81
19 81
20 80
20 79
20 79
21 78
22 78
22 78
23 77
24 76
24 76
25 76
26 75
27 75
27 75
28 74
29 73
29 73
30 72
31 72
31 72
32 71
33 71
34 70
34 70
35 69
35 69
36 68
37 67
37 67
38 66
39 66
39 66
39 65
39 64
39 63
39 62
39 61
39 60
39 59
39 58
39 57
39 56
39 55
39 54
39 53
39 52
39 51
39 50
39 49
39 48
39 47
39 46
39 45
39 44
39 43
39 42
39 41
39 40
39 40
39 41
39 41
39 41
40 40
40 40
41 39
42 38
42 38
42 37
43 36
43 35
43 35
44 34
45 33
46 32
46 32
47 31
48 30
48 30
49 29
49 28
50 27
50 27
51 26
51 26
52 25
52 24
52 24
52 23
52 23
53 23
53 23
52 23
52 23
51 23
50 22
49 22
48 22
48 22
48 21
47 20
47 19
47 19
47 19
47 19
47 19
47 20
47 20
47 21
47 22
47 23
47 23
47 24
47 25
47 26
47 26
47 27
47 28
47 29
47 30
47 30
47 31
47 32
47 33
47 34
47 34
47 35
47 36
46 37
46 38
46 39
46 39
46 40
46 41
46 42
46 43
46 44
46 44
46 45
45 46
45 47
45 48
45 48
45 49
45 50
45 51
45 52
45 52
45 53
45 54
45 55
45 55
44 56
44 57
44 57
44 58
44 58
45 58
45 58
45 57
45 57
46 56
46 56
47 55
47 54
47 54
48 53
48 52
48 52
49 51
49 50
49 50
50 49
50 48
50 48
51 47
51 46
51 46
52 45
52 45
52 45
51 46
51 47
50 48
49 49
49 50
48 51
47 52
46 53
46 54
45 55
44 56
44 57
43 58
43 58
43 59
42 60
42 61
42 61
41 61
41 61
40 62
40 62
40 63
40 64
40 64
40 65
40 65
40 66
40 67
40 68
40 68
40 69
40 70
40 71
40 71
40 72
40 73
40 74
40 74
40 75
39 76
39 77
39 77
39 78
39 79
39 80
39 81
39 81
39 82
39 83
39 83
39 84
39 85
39 85
40 86
40 86
40 86
40 86
41 85
41 84
41 84
41 83
41 82
41 81
41 81
41 80
42 79
42 78
42 78
42 77
42 76
42 76
43 75
43 75
43 75
44 75
44 75
44 76
44 77
44 77
45 78
45 79
45 79
45 80
45 81
45 81
45 82
45 83
45 83
46 84
46 85
46 85
47 86
47 87
47 87
48 88
48 88
48 88
49 89
49 89
50 88
50 88
51 87
52 87
52 87
53 86
53 86
54 85
54 84
54 84
54 83
55 82
55 81
55 81
55 80
55 79
55 78
55 78
56 77
56 76
56 76
56 75
56 74
56 73
56 73
55 72
55 71
55 71
55 70
55 69
55 69
54 68
54 68
53 67
52 67
52 67
51 67
51 67
51 66
51 66
50 65
50 65
51 64
51 64
52 63
52 62
52 62
53 61
53 61
54 60
54 59
55 58
55 58
56 57
57 56
57 56
58 55
59 55
60 54
60 54
61 53
61 52
62 51
62 51
63 50
64 49
64 49
65 48
66 47
66 47
67 46
67 45
68 44
68 44
68 43
68 42
69 41
69 40
69 39
69 38
70 37
70 36
70 35
70 34
70 33
71 32
71 31
71 30
71 29
71 28
72 27
72 26
72 25
72 24
73 23
73 22
73 21
73 20
73 19
74 18
74 17
74 16
74 16
74 15
74 14
74 13
74 13
74 13
74 13
75 13
75 13
75 14
75 14
75 15
75 15
75 16
75 17
75 17
74 18
74 19
74 19
74 20
74 21
74 22
74 23
74 23
74 24
74 25
74 26
74 27
74 27
74 28
74 29
74 30
74 31
74 31
74 32
74 33
74 34
74 35
74 36
74 36
74 37
74 38
74 39
74 40
74 41
74 41
74 42
73 43
73 44
73 44
73 45
73 46
73 47
73 47
73 48
73 48
73 48
72 48
72 48
72 47
72 47
72 46
72 45
72 45
72 44
71 43
71 42
71 42
71 41
70 40
70 39
70 39
70 38
70 37
70 36
70 36
70 35
70 34
70 34
69 33
69 33
69 33
69 33
69 34
69 35
69 35
69 36
69 37
69 38
69 38
69 39
69 40
69 41
69 41
69 42
68 43
68 44
68 44
68 45
68 46
68 47
68 48
68 48
68 49
68 50
68 51
68 52
68 52
68 53
68 54
68 54
68 55
68 56
68 56
68 56
68 55
68 55
68 54
69 53
69 52
70 51
70 50
70 49
71 48
71 47
72 46
72 45
72 44
73 43
73 42
73 41
74 40
74 39
75 38
75 37
75 37
76 36
76 35
77 34
77 33
78 32
78 32
79 31
80 31
80 31
80 30
80 30
81 30
81 30
81 30
81 30
80 31
80 31
80 32
80 33
80 33
79 34
79 35
79 35
78 36
78 37
78 37
77 38
77 39
76 40
76 40
76 41
75 42
75 43
75 44
75 44
75 45
74 46
74 47
73 48
73 49
73 49
72 50
72 51
71 52
71 52
71 53
70 54
70 55
69 56
69 57
69 57
68 58
68 59
67 60
67 61
67 61
66 62
66 63
65 64
65 64
65 65
64 66
64 67
64 67
64 68
63 69
63 70
63 70
62 71
62 72
62 72
62 73
62 73
62 73
62 73
63 72
63 72
64 71
64 70
64 70
65 69
65 68
66 67
66 67
67 66
67 65
68 64
68 64
69 63
69 62
70 61
70 60
70 60
71 59
71 58
72 57
72 57
73 56
73 55
74 54
74 54
75 53
75 52
75 52
76 51
77 51
77 51
78 50
78 50
78 50
78 50
78 51
78 51
78 52
78 53
78 53
78 54
77 55
77 56
77 57
77 57
77 58
76 59
76 60
75 61
75 62
75 62
75 63
74 64
74 65
73 66
73 67
73 67
73 68
73 69
72 70
72 71
72 72
72 72
72 73
71 74
71 75
71 76
70 77
70 78
70 78
70 79
69 80
69 81
68 82
68 83
68 83
68 84
67 85
67 86
67 86
67 87
66 88
66 89
66 89
66 90
66 91
66 91
66 91
66 91
66 90
67 89
67 88
67 87
67 86
68 85
68 84
68 83
69 82
69 81
69 80
69 79
70 78
70 77
70 76
70 75
71 74
71 73
71 72
72 71
72 70
72 69
72 68
73 67
73 66
73 66
74 65
75 64
75 64
75 63
75 63
76 63
76 63
76 63
76 64
76 64
76 65
76 66
76 66
76 67
75 68
75 69
75 69
75 70
75 71
75 72
75 72
75 73
75 74
75 75
75 75
75 76
74 77
74 78
74 79
74 79
74 80
74 81
74 82
74 83
74 83
74 84
74 85
74 86
74 86
74 87
74 88
74 89
74 89
75 90
75 91
75 91
76 92
76 93
76 93
77 94
78 94
78 94
79 94
80 94
80 94
81 94
81 94
82 93
83 93
84 92
84 92
85 91
86 90
86 89
87 88
87 88
88 87
88 86
89 85
89 84
89 84
90 83
90 82
91 81
91 80
92 79
92 79
92 78
93 77
93 76
93 75
94 74
94 73
94 73
94 72
95 71
95 70
95 69
95 68
96 67
96 66
96 66
96 65
97 64
97 63
97 62
97 61
98 60
98 59
98 58
98 58
98 57
98 56
98 55
99 54
99 53
99 52
99 51
99 50
99 50
99 49
99 48
99 47
99 46
100 45
100 44
100 43
100 42
100 41
