1 17
0 17
0 17
0 16
0 16
0 16
0 16
0 15
0 15
0 15
1 14
1 13
1 13
2 12
3 12
3 12
4 11
5 10
5 10
6 9
7 9
8 8
8 8
9 7
10 7
11 6
11 6
12 5
13 5
13 5
14 5
15 4
16 4
16 4
17 3
17 3
18 3
19 3
19 3
20 2
20 2
21 1
21 1
21 0
21 0
21 0
20 1
19 1
18 2
17 3
16 3
15 4
14 5
13 6
12 6
11 7
10 8
9 8
8 9
8 9
8 10
8 11
8 11
8 12
8 12
7 13
7 13
7 14
7 15
7 16
7 16
7 17
7 18
7 19
7 19
7 20
7 21
7 22
7 22
7 23
7 24
6 25
6 26
6 27
6 27
6 28
6 29
6 30
6 31
6 31
6 32
6 33
6 34
6 35
6 36
6 37
6 37
6 38
6 39
6 40
6 41
6 42
6 43
6 43
6 44
6 45
6 46
6 47
6 48
6 49
6 50
6 51
6 51
6 52
6 53
6 54
6 55
6 56
6 57
6 58
6 58
6 59
6 60
6 61
6 62
6 63
6 64
6 65
6 66
6 66
6 67
6 68
6 69
6 70
6 71
6 72
6 73
6 74
6 74
6 75
6 76
6 77
6 78
6 79
6 80
6 81
6 81
6 82
6 83
6 84
6 85
6 85
6 86
6 87
7 88
7 89
7 90
7 90
7 91
7 92
7 93
7 94
7 94
7 95
7 96
7 97
7 97
7 98
7 99
7 99
7 100
7 100
7 100
7 100
7 99
7 98
7 98
7 97
7 96
7 95
7 95
7 94
7 93
7 92
7 91
8 90
8 89
8 88
8 87
8 86
8 85
8 84
8 83
8 82
8 81
9 80
9 79
9 78
9 77
9 76
9 75
9 74
9 73
9 72
9 71
10 70
10 69
10 68
10 67
10 66
10 65
10 64
10 63
10 62
10 61
11 60
11 59
11 58
11 57
11 56
11 55
11 54
11 53
11 52
11 51
12 50
12 49
12 48
12 47
12 46
12 45
12 44
12 43
12 42
12 41
13 40
13 39
13 38
13 37
13 36
13 35
13 34
13 33
13 32
13 31
14 30
14 29
14 28
14 27
14 26
14 25
14 24
14 23
14 22
14 21
15 20
15 19
15 18
15 17
15 16
15 16
15 15
15 15
15 15
15 16
15 16
15 17
15 17
15 18
15 19
15 19
15 20
15 21
15 21
15 22
15 23
15 24
15 25
15 25
15 26
14 27
14 28
14 29
14 29
14 30
14 31
14 32
14 32
14 33
14 34
14 35
14 35
14 36
14 37
14 38
14 38
14 39
14 40
14 40
14 41
14 41
15 41
15 41
15 41
15 40
15 39
15 38
15 37
15 36
15 35
15 34
15 33
15 32
15 31
15 30
15 29
15 29
15 28
16 27
16 26
16 25
16 25
16 24
16 23
16 23
17 23
17 23
17 22
17 22
18 22
18 22
18 22
19 22
19 22
19 23
19 23
19 24
19 24
19 25
19 25
19 26
18 27
18 28
18 28
17 29
17 30
17 30
17 31
17 32
17 33
17 33
16 34
16 35
16 35
15 36
15 37
15 37
15 38
15 39
15 39
15 39
15 40
15 40
15 40
16 40
16 40
16 39
16 39
17 38
17 38
17 38
18 38
18 38
17 39
17 40
16 41
16 42
15 43
15 44
14 45
14 46
13 47
13 48
13 48
13 49
13 50
12 51
12 52
12 53
12 53
12 54
12 55
12 55
12 56
11 57
11 58
11 58
11 59
11 60
11 61
11 61
11 62
11 63
11 64
11 65
11 65
11 66
11 67
11 68
11 69
11 69
11 70
11 71
11 72
11 73
11 73
11 74
11 75
11 76
11 76
11 77
12 78
12 79
12 79
12 80
12 80
12 81
12 81
12 81
12 80
12 80
12 79
12 78
12 78
12 77
12 76
12 76
12 75
12 74
12 73
12 72
12 72
12 71
12 70
12 69
12 69
12 68
12 67
12 67
12 66
13 65
13 64
13 64
13 63
13 62
13 62
14 61
14 60
14 60
14 59
14 58
14 58
15 57
15 56
15 56
16 55
16 55
17 54
17 54
17 54
18 54
18 54
18 55
18 55
18 56
18 56
18 57
17 58
17 59
17 59
17 60
17 61
17 61
17 62
16 63
16 64
16 64
16 65
15 66
15 67
15 67
15 68
15 68
15 68
15 69
15 69
15 68
15 68
16 67
16 66
16 66
17 65
17 64
17 64
17 63
18 62
18 61
18 61
18 60
19 59
19 58
19 57
19 57
20 56
21 55
21 55
21 54
22 53
22 52
22 52
22 51
22 50
22 50
23 49
23 48
23 48
24 47
24 47
24 47
24 47
24 47
24 48
24 48
24 49
24 49
24 50
24 51
24 51
24 52
24 53
24 53
24 54
24 55
24 56
24 56
24 57
24 58
24 59
24 59
24 60
24 61
24 62
24 62
24 63
24 64
24 64
24 65
24 66
24 66
24 66
24 67
24 67
24 66
24 66
24 65
24 65
24 64
24 63
24 63
24 62
24 61
24 61
24 60
24 59
24 58
24 58
24 57
24 56
24 55
24 55
24 54
24 53
24 53
24 52
24 51
24 50
24 50
24 49
24 48
24 48
25 47
25 47
25 46
25 46
26 45
26 45
27 44
27 44
28 43
28 43
29 43
29 43
29 43
30 44
30 44
30 45
30 45
30 46
30 46
30 47
30 47
30 48
30 49
30 49
29 50
29 51
29 51
28 52
28 53
28 53
28 54
27 55
27 56
27 56
26 57
26 57
25 58
25 59
25 59
24 60
24 60
24 60
24 60
24 60
25 60
25 60
25 59
25 59
26 58
26 58
27 57
27 57
28 56
28 55
28 55
28 55
29 54
29 54
29 54
29 55
28 56
28 57
27 58
27 59
26 60
26 61
25 62
25 63
25 64
24 65
24 66
23 67
23 68
22 69
22 70
21 71
21 72
20 73
20 74
20 75
19 76
19 77
18 78
18 79
17 80
17 81
16 82
16 83
16 83
15 84
15 85
15 85
15 85
15 86
15 86
15 86
15 86
16 86
16 86
16 85
16 85
17 84
18 84
18 84
19 83
20 82
20 82
21 81
22 80
22 80
23 79
24 78
24 78
25 77
26 76
26 76
27 75
28 75
29 74
29 74
30 73
31 73
31 73
32 72
33 71
33 71
34 70
34 70
35 69
36 69
36 69
36 68
36 67
36 67
37 67
37 67
37 66
37 65
37 64
37 63
37 62
37 61
37 60
37 59
37 58
37 57
37 56
37 55
37 54
37 53
37 52
37 51
37 50
36 49
36 48
36 47
36 46
36 45
36 44
36 43
36 42
36 41
36 40
36 39
36 38
36 37
36 36
36 35
36 34
36 33
36 32
36 31
36 31
35 31
35 31
36 30
36 30
36 30
37 29
37 29
38 28
38 27
38 27
39 26
39 25
40 24
40 24
41 23
42 22
42 22
43 21
44 20
45 19
45 19
46 18
47 17
47 17
48 16
49 15
49 15
49 14
49 14
50 14
50 14
50 13
50 13
50 13
49 13
48 12
47 12
46 12
45 12
44 11
43 11
43 11
43 10
43 9
43 9
43 8
43 8
43 7
43 7
43 7
43 7
43 7
43 8
43 8
43 9
43 9
43 10
43 11
43 11
43 12
43 13
43 14
43 14
43 15
43 16
43 17
43 18
43 18
43 19
43 20
43 21
43 22
43 22
43 23
43 24
43 25
43 26
43 26
43 27
43 28
43 29
43 30
43 31
43 31
43 32
42 33
42 34
42 35
42 35
42 36
42 37
42 38
42 38
42 39
42 40
42 41
42 42
42 42
42 43
42 44
42 44
42 45
42 46
42 46
42 47
42 47
43 47
43 47
43 46
43 46
44 45
44 44
44 44
45 43
45 42
46 41
46 41
46 40
47 39
47 38
47 38
47 37
48 36
48 35
48 35
49 34
49 34
49 33
49 33
50 32
50 32
50 32
50 33
50 33
49 34
49 34
48 35
48 35
48 36
47 37
47 38
46 39
46 40
46 41
45 42
45 43
44 44
44 45
43 46
43 47
43 48
42 49
42 50
41 51
41 52
41 53
40 54
40 55
39 56
39 57
39 57
39 58
39 59
39 59
39 59
39 59
39 59
39 60
39 60
39 61
39 61
39 62
39 62
39 63
39 64
39 64
39 65
39 66
39 66
39 67
39 68
39 68
39 69
39 70
39 71
39 71
39 72
39 73
39 74
39 74
39 75
39 76
39 76
39 77
39 78
39 79
39 79
39 80
39 81
39 81
39 82
39 82
39 83
39 83
39 83
39 82
39 82
39 81
40 80
40 79
40 78
40 77
41 76
41 75
41 74
41 73
42 72
42 71
42 70
42 69
43 68
43 67
43 66
43 66
43 65
43 65
43 64
43 64
43 64
43 65
43 65
43 66
43 67
43 67
43 68
43 69
43 69
43 70
43 71
43 71
43 72
43 73
43 74
43 74
43 75
44 76
44 77
44 77
45 78
45 79
45 79
46 80
46 81
46 81
47 82
47 82
48 82
48 82
49 83
49 83
50 82
51 82
51 82
52 81
52 81
53 80
54 80
54 80
55 79
55 79
56 78
56 78
57 77
57 76
57 76
57 75
57 74
57 74
58 73
58 72
58 72
58 71
58 70
58 70
58 69
57 68
57 67
57 67
57 66
57 65
57 65
56 64
56 63
56 63
55 62
55 62
54 62
54 62
53 62
53 62
52 61
52 61
52 61
52 60
52 60
53 59
53 59
54 58
54 58
55 57
55 57
56 56
57 56
57 56
58 55
58 55
59 55
60 55
60 55
61 55
61 55
62 54
62 54
62 54
62 53
62 52
63 51
63 50
63 49
63 48
63 47
64 46
64 45
64 44
64 43
64 42
65 41
65 40
65 39
65 38
65 37
66 36
66 35
66 34
66 33
66 32
67 31
67 30
67 29
67 28
67 27
68 26
68 25
68 24
68 23
68 22
69 21
69 20
69 19
69 18
69 17
70 16
70 15
70 14
70 13
70 12
71 11
71 10
71 9
71 8
71 7
72 6
72 5
72 4
72 4
72 4
72 5
72 5
72 6
72 6
72 7
72 7
72 8
72 9
72 9
72 10
72 11
72 12
72 12
72 13
72 14
72 15
72 16
72 16
72 17
72 18
72 19
72 20
72 20
72 21
72 22
72 23
72 23
72 24
72 25
72 26
72 26
72 27
72 28
72 29
72 29
72 30
72 31
72 31
72 32
72 32
72 33
72 33
72 34
72 34
72 34
72 34
72 33
72 33
71 32
71 32
70 31
70 30
69 29
69 28
68 27
67 26
67 25
66 24
66 23
65 22
65 22
65 22
65 22
65 22
65 22
65 22
65 22
66 23
66 23
66 24
66 25
66 25
66 26
66 27
66 27
66 28
66 29
66 29
66 30
67 31
67 32
67 32
67 33
67 33
67 34
67 35
67 35
67 36
67 37
67 37
67 38
67 38
67 39
67 39
67 39
67 39
67 38
68 37
68 36
69 35
69 34
70 33
70 32
70 31
71 30
71 29
72 28
72 27
73 26
73 25
73 24
74 23
74 22
75 21
75 20
76 19
76 18
76 18
77 17
77 17
77 17
77 17
77 17
77 18
77 18
77 19
77 19
76 20
76 20
76 21
76 22
76 22
75 23
75 24
75 24
74 25
74 26
74 26
74 27
73 28
73 29
73 29
72 30
72 31
72 31
72 32
71 33
71 34
71 34
71 35
70 36
70 37
70 37
70 38
69 39
69 40
69 40
68 41
68 42
67 43
67 43
67 44
66 45
66 46
66 46
65 47
64 48
64 48
63 49
63 50
63 50
62 51
62 52
62 52
62 53
62 53
62 54
62 54
62 54
62 53
62 53
63 52
63 52
64 51
64 50
64 50
65 49
65 48
65 48
66 47
67 46
67 46
68 45
69 44
69 44
70 43
70 42
70 42
71 41
71 41
72 40
73 40
73 40
73 39
73 39
74 38
74 38
74 38
74 38
74 39
74 39
74 40
74 40
73 41
73 41
73 42
73 43
73 43
72 44
72 45
72 45
72 46
71 47
71 48
71 48
71 49
70 50
70 51
70 51
70 52
69 53
69 54
69 54
69 55
68 56
68 57
68 58
68 58
68 59
68 60
67 61
67 62
67 63
67 63
67 64
67 65
66 66
66 67
66 68
66 68
66 69
66 70
65 71
65 72
65 73
65 73
65 74
65 75
65 76
65 77
65 77
65 78
64 79
64 80
64 81
64 81
64 82
64 83
64 83
64 84
64 85
64 86
64 86
63 87
63 88
63 88
63 89
63 89
63 90
63 90
63 90
64 89
64 89
64 88
64 87
64 87
64 86
64 85
64 85
64 84
65 83
65 82
65 81
65 80
66 79
66 78
66 77
66 76
67 75
67 74
67 73
67 72
68 71
68 70
68 69
68 68
69 67
69 66
69 65
70 64
70 63
70 62
70 61
71 60
71 59
71 58
71 57
72 56
72 55
72 54
72 53
73 52
73 51
73 50
73 49
74 48
74 47
74 47
74 48
74 48
74 48
74 48
73 48
73 48
73 49
73 49
73 50
73 50
73 51
73 52
73 52
73 53
73 54
73 54
72 55
72 55
72 56
72 57
72 57
72 58
72 59
72 59
72 60
72 61
72 61
72 62
71 63
71 64
71 64
71 65
71 66
71 66
71 67
71 68
71 68
71 69
71 70
71 70
71 71
71 72
71 72
71 73
71 74
71 75
71 75
72 76
72 77
72 77
72 78
72 79
72 79
72 80
72 80
73 81
73 81
73 82
73 83
73 83
74 84
74 84
75 85
75 85
76 86
76 86
76 86
77 87
77 88
77 88
78 88
78 88
79 88
80 88
80 88
81 87
81 87
82 87
82 87
83 86
83 86
84 86
85 86
85 86
86 85
86 85
87 84
87 84
88 83
89 83
89 83
90 82
90 81
90 81
91 80
91 79
91 79
92 78
93 77
93 77
93 76
94 75
94 74
94 74
94 73
95 72
95 71
95 71
95 70
96 69
96 68
96 68
96 67
97 66
97 65
97 64
97 64
97 63
98 62
98 61
98 60
98 60
98 59
99 58
99 57
99 56
99 56
99 55
99 54
99 53
99 52
99 51
99 51
99 50
99 49
99 48
99 47
99 47
99 46
99 45
100 44
100 43
100 42
100 42
100 41
100 40
99 39
99 38
99 37
