5 30
6 31
7 31
7 31
7 30
7 30
7 29
6 28
6 27
6 26
6 25
5 24
5 23
5 22
5 22
4 23
3 23
3 23
2 24
1 24
1 24
0 23
0 23
0 23
0 23
0 23
0 23
1 23
1 23
2 22
3 22
3 22
4 21
5 20
6 19
6 19
7 18
8 17
9 16
9 16
10 15
11 14
12 14
13 13
13 13
14 12
15 12
16 11
17 11
18 10
18 10
19 9
20 8
21 7
21 7
22 6
23 5
24 5
25 4
25 4
26 4
27 3
28 3
28 3
29 2
30 1
30 1
31 1
31 1
31 1
32 1
32 1
31 0
31 0
31 0
30 1
29 2
28 2
27 3
26 4
25 5
24 5
23 6
22 7
21 8
20 9
19 9
18 10
17 11
16 12
15 12
14 13
13 14
13 14
13 15
13 15
12 14
12 14
12 14
12 15
12 15
13 16
13 17
13 17
13 18
13 19
13 20
13 20
13 21
14 22
14 23
14 24
14 24
14 25
14 26
14 27
14 28
14 29
14 30
14 30
14 31
14 32
14 33
15 34
15 35
15 36
15 37
15 37
15 38
15 39
15 40
15 41
15 42
15 43
15 44
15 45
15 45
15 46
15 47
15 48
15 49
15 50
15 51
15 52
15 53
15 54
15 54
15 55
15 56
15 57
15 58
15 59
15 60
15 61
15 62
15 63
15 63
15 64
15 65
15 66
15 67
15 68
15 69
15 70
15 71
15 72
15 72
15 73
15 74
15 75
16 76
16 77
16 78
16 79
16 80
16 80
16 81
16 82
16 83
16 84
16 85
16 86
16 87
16 87
16 88
16 89
16 90
16 91
16 91
16 92
16 93
16 94
16 95
16 96
16 96
16 97
16 98
16 98
16 99
16 100
16 100
16 100
16 100
16 99
16 99
16 98
16 97
16 96
16 95
16 94
16 93
16 92
17 91
17 90
17 89
17 88
17 87
17 86
17 85
17 84
17 83
17 82
17 81
17 80
17 79
17 78
17 77
18 76
18 75
18 74
18 73
18 72
18 71
18 70
18 69
18 68
18 67
18 66
18 65
18 64
18 63
18 62
19 61
19 60
19 59
19 58
19 57
19 56
19 55
19 54
19 53
19 52
19 51
19 50
19 49
19 48
19 47
19 46
20 45
20 44
20 43
20 42
20 41
20 40
20 39
20 38
20 37
20 36
20 35
20 34
20 33
20 32
20 31
21 30
21 29
21 28
21 27
21 26
21 25
21 24
21 23
21 23
22 24
23 24
23 24
24 25
24 25
24 26
24 27
24 28
24 29
24 29
24 30
24 31
24 32
24 33
24 34
24 35
24 36
24 36
24 37
24 38
23 39
23 40
23 41
23 42
23 42
23 43
24 44
24 45
24 45
24 46
24 46
25 45
25 45
25 44
25 44
25 43
25 42
25 42
25 41
26 40
26 39
26 39
26 38
26 37
26 36
26 35
26 35
26 34
26 33
27 32
27 31
27 30
27 30
27 29
27 28
27 28
27 27
27 26
27 26
28 26
28 26
29 26
29 26
30 27
30 27
31 28
31 28
31 29
31 29
31 30
31 31
31 32
31 32
31 33
31 34
31 34
31 35
30 36
30 37
30 37
29 38
29 39
28 40
28 40
27 41
27 42
27 42
26 43
25 44
24 45
23 46
22 46
21 47
20 48
19 49
19 49
19 50
20 51
20 52
20 53
20 53
20 54
20 54
21 54
21 54
21 55
21 56
21 56
21 57
22 58
22 59
22 60
22 60
22 61
22 62
22 63
22 64
22 64
22 65
22 66
22 67
22 67
23 68
23 69
23 69
23 70
23 70
23 70
23 69
23 69
23 69
23 68
23 67
23 67
23 66
24 65
24 64
24 64
24 63
24 62
24 61
24 61
24 60
25 59
25 58
25 58
26 57
26 56
26 56
27 55
27 55
27 56
27 56
28 57
28 58
28 58
28 59
28 60
28 61
28 61
29 62
29 63
29 63
29 64
29 65
29 65
29 66
29 66
29 66
30 65
30 64
30 64
31 63
31 62
31 62
31 61
32 60
32 59
32 58
32 58
32 57
32 56
32 56
33 55
33 54
33 54
33 54
33 55
33 56
33 56
32 57
32 58
32 58
32 59
32 60
32 61
32 62
32 62
32 63
32 64
32 65
32 65
32 66
32 67
32 67
32 68
32 69
32 70
32 71
32 71
31 72
31 73
30 74
29 75
28 76
28 77
27 78
26 79
26 80
25 81
24 82
23 83
23 84
22 85
21 86
21 87
20 88
19 89
18 90
18 91
17 92
17 92
17 93
16 94
16 95
15 96
15 97
14 98
14 99
14 99
14 100
14 100
13 99
13 99
13 99
14 99
15 99
15 99
16 99
17 98
18 98
18 98
19 97
20 97
21 96
21 96
22 96
23 96
24 96
25 96
25 96
26 96
27 96
28 96
29 96
29 96
30 96
31 96
32 96
32 96
33 96
34 97
35 97
35 97
36 97
37 96
38 96
38 96
39 95
40 94
40 94
41 93
42 92
42 92
43 91
44 91
44 91
45 90
46 89
46 89
47 88
48 88
48 88
49 87
49 86
49 86
50 85
50 85
50 84
50 83
50 82
49 81
49 80
49 79
49 78
49 77
49 76
48 75
48 74
48 73
48 72
48 71
48 70
47 69
47 68
47 67
47 66
47 65
47 64
46 63
46 62
46 61
46 60
46 59
46 58
45 57
45 56
45 55
45 54
45 53
45 52
44 51
44 50
44 49
44 48
44 48
45 48
45 48
45 47
45 46
45 46
46 45
46 44
46 44
46 43
47 42
47 41
47 41
48 40
49 39
49 39
50 38
50 37
51 36
51 35
51 35
52 34
52 33
53 32
53 32
54 31
54 30
55 29
55 29
55 28
56 27
56 26
56 26
56 25
56 24
56 23
56 22
56 22
56 21
57 20
57 19
57 19
57 18
57 17
57 17
56 17
56 17
56 18
55 19
55 20
55 20
54 21
54 22
53 23
53 24
53 24
53 25
52 26
52 27
52 28
51 29
51 30
51 30
51 31
51 32
50 33
50 34
50 35
50 36
50 36
50 37
49 38
49 39
49 40
49 40
49 41
49 42
49 43
49 44
49 44
49 45
48 46
48 47
48 47
48 48
48 49
48 49
48 50
48 51
48 51
48 51
48 51
49 50
49 50
50 49
50 48
51 47
51 47
52 46
52 45
53 44
53 44
54 43
54 42
55 41
55 41
56 40
57 39
57 39
57 38
57 38
57 38
56 39
56 40
56 40
55 41
55 42
55 42
54 43
54 44
53 45
53 46
53 46
52 47
52 48
51 49
51 50
51 50
50 51
50 52
49 53
48 54
47 55
47 56
46 57
45 58
45 59
44 60
44 60
43 61
43 62
42 63
42 64
41 65
41 65
40 66
40 67
40 67
40 68
40 69
40 70
40 70
40 71
40 72
40 73
40 74
40 74
40 75
41 76
41 77
41 77
41 78
42 79
42 80
42 80
42 81
42 82
42 82
43 83
43 84
43 84
43 85
43 85
44 85
44 85
44 85
44 84
44 84
44 83
44 83
45 82
45 81
45 81
45 80
46 79
46 78
46 77
46 77
46 76
47 75
47 74
47 73
47 73
47 72
47 71
48 70
48 69
48 68
48 68
49 67
49 67
49 67
49 68
49 69
49 70
49 70
49 71
49 72
49 73
49 74
49 74
49 75
49 76
49 77
49 78
49 78
49 79
49 80
49 81
49 82
49 83
49 83
49 84
49 85
49 86
49 86
50 87
50 87
51 88
51 88
52 87
53 87
53 87
54 86
54 85
54 85
55 84
55 83
55 83
56 82
56 81
57 80
57 79
57 79
57 78
58 77
58 76
58 76
58 75
59 74
59 73
59 72
59 72
59 71
60 70
60 69
60 68
60 68
61 68
61 68
62 69
62 69
63 70
63 71
63 71
64 72
64 73
64 73
64 74
64 75
64 76
64 77
64 77
64 78
64 79
65 80
65 81
65 82
65 82
65 83
64 84
64 85
64 86
64 86
64 87
64 88
64 89
64 90
64 90
64 91
63 92
63 93
63 93
62 94
62 95
62 95
61 96
61 96
60 96
60 96
59 95
59 95
59 94
59 93
60 92
60 91
60 90
60 89
61 88
61 87
61 86
61 85
62 84
62 83
62 82
62 81
62 80
63 79
63 78
63 77
63 76
64 75
64 74
64 73
64 72
64 71
65 70
65 69
65 68
65 67
66 66
66 65
66 64
66 63
67 62
67 61
67 60
67 59
67 58
68 57
68 56
68 55
68 54
69 53
69 52
69 51
69 50
69 49
70 48
70 47
70 46
70 45
71 44
71 43
71 42
71 41
72 40
72 39
72 38
72 37
72 36
73 35
73 34
73 33
73 32
74 31
74 30
74 29
74 28
74 27
75 26
75 25
75 24
75 23
76 22
76 21
76 20
76 19
77 18
77 17
77 16
77 16
78 17
78 17
78 16
78 16
78 17
78 18
78 18
78 19
78 20
78 21
78 22
78 23
78 23
78 24
78 25
78 26
78 27
78 28
78 28
78 29
78 30
78 31
78 32
78 33
78 33
78 34
78 35
79 36
79 37
79 38
79 38
79 39
79 40
79 40
79 40
78 41
78 41
77 41
77 41
76 40
76 40
75 39
74 39
74 39
73 38
73 37
73 37
72 36
72 35
72 35
71 34
71 34
70 33
70 33
71 34
71 34
71 35
71 36
71 36
72 37
72 38
72 38
73 39
73 39
74 40
74 40
75 40
76 40
76 40
77 39
78 39
78 39
79 38
79 37
80 36
80 36
81 35
82 34
83 33
83 33
84 32
84 31
85 30
85 30
86 29
86 28
86 28
86 28
86 29
86 30
86 30
86 31
85 32
85 33
84 34
84 35
84 35
84 36
83 37
83 38
83 39
83 40
82 41
82 42
82 42
81 43
81 44
80 45
80 46
79 47
79 48
79 48
79 49
78 50
78 51
77 52
77 53
77 53
76 54
76 55
75 56
75 57
74 58
74 59
74 59
73 60
73 61
72 62
72 62
71 63
70 64
70 64
69 65
69 65
69 65
70 64
70 64
71 63
71 63
72 62
73 61
73 60
74 59
74 59
75 58
76 57
76 56
77 55
78 54
78 54
79 53
80 52
81 51
82 50
82 50
82 49
82 49
82 50
81 51
81 52
80 53
80 54
80 54
79 55
79 56
78 57
78 57
78 58
77 59
77 60
77 60
77 61
76 62
76 63
76 64
76 64
76 65
75 66
75 67
74 68
74 69
74 69
74 70
73 71
73 72
73 73
72 74
72 75
72 75
72 76
72 77
71 78
71 79
71 80
71 81
71 81
71 82
70 83
70 84
70 85
70 86
69 87
69 88
69 88
69 89
68 90
68 91
68 92
68 92
68 93
67 94
67 95
67 95
66 96
66 97
66 97
66 97
66 97
67 96
67 95
67 95
67 94
68 93
68 92
68 91
68 91
68 90
69 89
69 88
70 87
70 86
70 85
71 84
71 83
72 82
72 81
72 80
73 79
73 78
73 77
74 76
74 75
75 74
75 73
75 73
75 74
76 75
76 76
76 76
76 77
76 78
76 79
76 79
76 80
76 81
76 82
76 83
76 84
76 84
76 85
76 86
76 87
76 87
76 88
77 89
77 90
77 90
77 91
77 92
77 93
77 93
77 94
78 95
78 96
78 96
79 97
80 98
80 98
81 99
81 99
82 99
83 99
83 99
84 99
85 99
86 99
86 99
87 99
88 98
89 98
89 98
90 97
91 96
91 96
92 95
93 94
93 94
94 93
95 92
95 92
96 91
97 90
97 90
97 89
98 88
98 87
98 87
98 86
99 85
99 84
99 83
99 83
99 82
99 81
99 80
99 79
99 78
99 77
99 77
99 76
99 75
100 74
100 73
100 72
100 71
100 71
100 70
100 69
100 68
100 67
100 66
100 65
100 64
100 63
100 63
100 62
100 61
100 60
100 59
99 58
99 57
99 56
99 55
99 54
99 54
99 53
99 52
99 51
99 50
99 49
99 48
99 47
99 46
99 45
99 45
99 44
99 43
99 42
98 41
98 40
98 39
98 38
98 38
98 37
98 36
98 35
98 34
98 33
