1 22
0 23
0 23
0 23
0 23
0 23
0 23
1 23
1 23
2 22
2 22
3 21
3 21
4 20
5 19
5 19
6 19
7 18
8 18
8 18
9 17
10 16
10 15
11 14
11 14
12 13
13 12
14 11
14 11
15 10
16 9
16 9
17 8
18 7
19 6
19 6
20 5
21 5
21 5
22 4
23 3
23 3
24 2
25 2
25 2
26 1
26 1
26 0
26 0
26 0
26 0
25 1
24 2
23 3
22 3
21 4
20 5
19 6
18 7
17 8
16 8
15 9
14 10
13 11
13 11
12 12
12 13
11 14
11 14
11 14
10 15
10 16
10 16
10 17
10 18
10 18
10 19
10 20
10 21
10 22
10 22
10 23
10 24
10 25
10 26
10 26
10 27
10 28
9 29
9 30
9 31
9 31
9 32
9 33
9 34
9 35
9 36
9 37
9 37
9 38
9 39
9 40
9 41
9 42
9 43
9 44
9 45
9 45
9 46
9 47
9 48
9 49
9 50
9 51
9 52
9 53
9 53
9 54
9 55
9 56
8 57
8 58
8 59
8 60
8 61
8 61
8 62
8 63
8 64
8 65
8 66
8 67
8 68
8 69
8 69
8 70
8 71
8 72
8 73
8 74
8 75
8 76
8 77
8 77
8 78
8 79
8 80
8 81
8 82
8 83
8 83
8 84
8 85
8 86
8 87
8 88
8 89
8 90
8 90
8 91
8 92
8 93
8 94
8 94
8 95
8 96
8 97
8 98
8 98
8 99
8 100
8 100
8 100
8 100
8 99
8 99
8 98
8 97
8 96
9 95
9 94
9 93
9 92
9 91
9 90
9 89
9 88
10 87
10 86
10 85
10 84
10 83
10 82
10 81
11 80
11 79
11 78
11 77
11 76
11 75
11 74
11 73
12 72
12 71
12 70
12 69
12 68
12 67
12 66
13 65
13 64
13 63
13 62
13 61
13 60
13 59
13 58
14 57
14 56
14 55
14 54
14 53
14 52
14 51
15 50
15 49
15 48
15 47
15 46
15 45
15 44
15 43
16 42
16 41
16 40
16 39
16 38
16 37
16 36
17 35
17 34
17 33
17 32
17 31
17 30
17 29
17 28
18 27
18 26
18 25
18 24
18 24
19 23
19 23
19 23
19 23
19 23
19 23
19 23
19 24
19 25
19 25
19 26
19 27
19 27
19 28
19 29
19 30
19 30
19 31
19 32
19 33
19 34
19 34
19 35
19 36
19 37
19 38
19 38
19 39
19 40
19 41
19 42
19 42
19 43
19 44
19 45
19 45
19 46
19 47
19 48
19 48
19 49
19 50
19 50
19 50
19 50
19 50
19 49
19 48
19 48
19 47
19 46
19 45
19 45
19 44
19 43
19 42
19 41
19 41
19 40
19 39
19 38
19 37
19 37
19 36
20 35
20 34
20 34
20 33
20 32
20 31
20 30
20 30
21 29
21 28
21 28
21 27
21 27
22 26
22 26
23 26
23 26
23 26
24 26
24 26
24 27
24 27
24 28
24 28
24 29
24 30
24 30
24 31
24 32
24 32
24 33
23 34
23 35
23 35
23 36
22 37
22 38
22 39
22 39
22 40
21 41
21 42
21 42
20 43
20 44
19 45
19 45
18 46
18 47
17 48
17 49
16 50
16 51
15 52
15 52
15 53
15 54
15 54
15 55
15 55
15 56
15 57
15 57
15 58
15 59
15 59
15 60
15 61
15 62
15 62
15 63
16 64
16 65
16 65
16 66
16 67
16 67
16 68
16 69
16 70
16 70
16 71
16 72
16 73
16 73
16 74
16 75
16 75
16 75
16 75
16 75
17 74
17 73
17 73
17 72
17 71
17 70
17 70
17 69
17 68
17 67
17 67
17 66
17 65
17 65
18 64
18 63
18 63
19 62
19 61
19 61
19 60
19 60
20 60
20 60
21 60
21 60
21 60
21 61
21 61
21 61
21 62
21 63
21 63
21 64
21 64
20 65
20 66
20 66
20 67
20 68
20 68
19 69
19 70
19 70
19 71
19 71
18 72
18 72
18 72
19 71
19 71
19 70
19 70
19 69
20 68
20 67
21 66
21 65
21 64
22 63
22 62
22 62
23 61
23 60
24 59
24 58
24 58
25 57
25 56
25 56
25 55
25 55
26 55
26 55
26 54
26 54
27 54
27 54
27 55
27 55
27 56
27 56
27 57
27 58
27 58
27 59
27 60
27 60
27 61
27 62
27 62
27 63
27 64
27 64
28 65
28 65
28 66
28 66
28 66
28 66
28 66
28 65
28 64
28 64
28 63
28 62
28 62
28 61
28 60
28 60
29 59
29 58
29 58
29 57
29 56
29 56
30 55
30 55
31 55
31 55
32 55
32 55
32 55
33 55
33 55
33 56
33 56
33 57
33 58
33 58
32 59
32 59
32 60
32 61
32 61
32 62
31 63
31 64
31 64
30 65
30 66
30 66
29 67
29 68
28 69
28 69
28 70
27 71
27 72
27 73
27 73
26 74
26 75
25 76
25 76
24 77
24 78
23 79
23 79
22 80
21 81
21 81
20 82
20 83
20 83
19 84
19 84
19 85
19 85
19 86
19 86
19 86
19 85
19 85
20 85
20 85
21 84
21 84
22 83
22 83
23 82
24 81
24 81
25 80
26 80
26 80
27 79
28 79
29 78
29 78
30 77
31 77
31 77
32 76
33 76
34 75
34 75
35 74
36 74
36 74
37 73
38 72
38 72
39 71
39 71
40 70
40 70
41 69
41 69
41 68
41 67
41 66
41 65
41 64
41 63
41 62
41 61
41 60
41 59
41 58
41 57
41 56
41 55
41 54
41 53
41 52
41 51
41 50
41 49
41 48
41 47
41 46
41 45
41 44
41 44
41 44
41 44
41 43
41 43
42 42
42 42
43 41
44 41
44 41
45 40
45 39
45 39
46 38
46 37
47 36
47 36
48 35
48 34
49 33
49 33
50 32
50 31
50 31
51 30
51 29
51 29
52 28
52 28
53 27
53 27
53 27
53 27
53 27
52 27
51 26
50 26
49 26
49 26
48 25
48 24
48 24
48 23
48 23
48 23
48 24
48 24
48 25
48 25
48 26
48 27
48 27
48 28
48 29
48 29
48 30
48 31
48 32
48 33
48 33
48 34
48 35
48 36
48 37
48 37
48 38
48 39
48 40
48 41
48 42
48 42
48 43
48 44
47 45
47 46
47 47
47 47
47 48
47 49
47 50
47 51
47 51
47 52
47 53
47 54
47 54
47 55
47 56
47 56
47 57
47 57
47 57
48 57
48 57
49 56
49 55
49 55
50 54
50 53
50 53
50 52
50 51
50 51
51 50
51 50
52 49
52 48
52 48
52 48
52 48
51 48
51 48
50 49
50 50
49 51
48 52
48 53
47 54
47 55
46 56
45 57
45 58
44 59
44 59
44 60
43 61
43 62
43 63
43 63
42 64
42 64
42 65
42 66
42 67
42 67
42 68
42 69
42 69
42 70
42 71
42 71
42 72
42 73
42 74
42 74
42 75
42 76
42 76
42 77
42 78
42 78
42 79
42 79
42 79
42 80
42 80
42 79
43 78
43 77
43 76
43 76
44 75
44 75
45 75
45 75
45 75
46 76
46 76
46 77
46 78
46 78
47 79
47 79
48 80
48 81
48 81
48 82
48 83
48 83
49 84
49 84
50 85
51 85
51 85
52 84
52 84
53 84
53 84
54 83
55 83
55 83
56 82
56 82
57 81
57 80
57 80
58 79
58 79
59 78
59 78
59 77
59 76
59 76
59 75
59 74
59 74
58 73
58 72
58 72
57 71
57 70
57 70
56 69
56 68
56 68
55 67
54 66
54 66
53 65
53 65
52 65
52 65
51 64
51 64
51 63
51 63
52 62
52 62
53 61
53 61
54 60
55 59
55 59
56 58
57 58
57 58
58 57
59 57
59 57
60 56
61 56
61 56
62 55
63 54
63 54
64 53
65 53
65 53
66 52
67 51
67 51
68 50
69 50
69 50
69 49
69 48
69 47
69 46
70 45
70 44
70 43
70 42
70 41
70 40
70 39
70 38
70 37
70 36
71 35
71 34
71 33
71 32
71 31
71 30
71 29
71 28
71 27
71 26
72 25
72 24
72 23
72 22
72 21
72 20
72 19
72 18
72 17
72 16
73 15
73 14
73 13
73 12
73 11
73 10
73 10
73 10
73 11
73 11
73 12
73 12
73 13
73 14
73 14
73 15
73 16
73 17
73 17
73 18
73 19
73 20
73 21
73 21
73 22
73 23
73 24
73 25
73 25
73 26
73 27
72 28
72 29
72 30
72 30
72 31
72 32
72 33
72 34
72 34
72 35
72 36
72 37
72 38
72 38
72 39
72 40
72 41
72 42
72 42
72 43
72 44
72 45
72 45
71 46
71 46
71 47
71 47
71 47
71 46
71 46
71 45
71 45
71 44
71 43
70 42
70 41
70 40
70 39
69 38
69 37
69 36
69 35
69 34
68 33
68 32
68 31
68 31
67 30
67 30
67 30
66 31
66 31
66 32
66 32
66 33
66 33
66 34
66 35
66 36
66 36
66 37
67 38
67 39
67 39
67 40
67 41
67 42
67 42
67 43
67 44
67 44
67 45
68 46
68 47
68 47
68 48
68 48
69 49
69 49
69 48
70 47
70 46
71 45
71 44
71 43
72 42
72 41
73 40
73 39
73 39
73 38
74 37
74 36
74 35
75 34
75 33
75 33
76 32
76 31
76 31
77 30
77 30
78 29
78 29
79 28
79 28
79 28
79 28
79 29
79 29
79 30
79 31
79 31
78 32
78 33
78 33
78 34
77 35
77 36
77 36
77 37
76 38
76 39
76 39
75 40
75 41
74 42
74 43
74 43
73 44
73 45
72 46
72 47
72 47
72 48
71 49
71 50
70 51
70 52
70 52
69 53
69 54
68 55
68 56
68 56
67 57
67 58
66 59
66 59
65 60
65 61
64 62
64 63
64 63
64 64
64 65
64 65
63 66
63 66
63 66
63 66
64 66
64 66
65 65
65 65
65 64
66 63
66 62
66 62
67 61
68 60
68 60
69 59
69 58
70 57
70 57
70 56
71 55
71 54
71 54
72 53
73 52
73 52
74 51
74 51
75 50
75 50
76 50
76 50
76 50
77 51
77 51
76 52
76 53
76 53
76 54
75 55
75 56
75 56
75 57
75 58
74 59
74 60
74 61
74 61
74 62
74 63
73 64
73 65
73 66
73 66
73 67
72 68
72 69
72 70
72 71
71 72
71 73
71 73
71 74
70 75
70 76
70 77
69 78
69 79
69 79
69 80
68 81
68 82
68 83
67 84
67 85
67 85
67 86
66 87
66 88
65 89
65 90
65 90
65 91
64 92
64 93
64 94
64 94
64 95
64 96
64 97
64 97
63 98
63 98
64 97
64 97
64 96
64 95
64 95
64 94
65 93
65 92
65 92
65 91
66 90
66 89
66 88
66 87
67 86
67 85
67 84
68 83
68 82
68 81
68 80
69 79
69 78
69 78
69 77
70 76
70 75
71 74
71 73
72 72
72 71
72 71
72 70
73 69
73 68
73 68
74 67
74 67
75 66
75 66
76 66
76 66
76 66
76 67
76 68
76 69
76 69
76 70
76 71
76 72
76 72
76 73
76 74
76 75
76 76
76 76
76 77
76 78
76 79
76 80
76 80
76 81
76 82
76 83
76 84
76 84
76 85
76 86
76 87
76 88
76 88
77 89
77 90
77 90
78 91
78 91
79 92
79 92
80 91
81 91
81 91
82 90
82 89
83 88
83 88
84 87
84 86
85 85
85 85
85 84
86 83
86 82
87 81
87 80
87 80
88 79
88 78
89 77
89 76
90 75
90 74
90 74
90 73
91 72
91 71
91 70
92 69
92 68
92 68
92 67
93 66
93 65
94 64
94 63
94 62
95 61
95 60
95 60
95 59
95 58
95 57
95 56
96 55
96 54
96 53
96 52
96 51
96 51
96 50
96 49
97 48
97 47
97 46
97 45
98 44
98 43
98 42
98 42
98 41
98 40
98 39
98 38
99 37
99 36
99 35
99 34
99 33
99 32
99 32
99 31
99 30
99 29
100 28
100 27
100 26
100 25
100 24
