4 42
4 43
3 44
3 45
2 46
2 47
2 47
1 46
1 46
0 47
0 47
0 48
0 48
0 47
0 47
0 48
0 48
0 47
0 47
1 46
1 45
1 45
1 44
2 43
2 42
2 42
2 41
3 40
3 39
4 38
4 37
4 37
5 36
6 35
6 34
7 33
8 32
8 32
9 31
9 30
10 29
11 28
11 27
12 26
12 26
13 25
14 24
15 23
16 22
17 21
18 20
18 20
19 19
20 18
21 17
22 16
23 15
24 14
25 13
25 13
26 12
27 11
28 11
29 10
30 9
31 8
32 8
33 7
33 7
34 6
35 6
36 5
37 5
38 4
39 4
40 3
41 3
41 3
42 3
43 3
44 3
45 2
46 2
47 2
48 2
49 2
49 2
50 2
51 2
52 2
53 1
54 1
55 1
56 1
56 1
57 1
58 1
59 1
60 1
61 1
62 1
63 1
63 1
64 1
65 1
66 1
67 1
67 1
68 1
69 1
70 1
71 1
71 1
72 0
73 0
73 0
73 0
73 0
73 1
73 1
72 1
71 1
71 1
70 1
69 1
68 2
67 2
66 2
65 2
65 2
64 2
63 2
62 2
61 2
60 2
59 2
59 2
58 2
57 2
56 2
56 2
55 3
55 3
54 4
53 4
53 4
53 5
53 6
53 6
53 7
52 8
52 9
52 10
52 10
52 11
52 12
52 13
52 14
52 14
52 15
52 16
52 17
51 18
51 19
51 20
51 21
51 22
51 22
51 23
51 24
51 25
51 26
51 27
51 28
51 29
51 30
51 31
51 31
51 32
51 33
51 34
51 35
50 36
50 37
50 38
50 39
50 40
50 40
50 41
50 42
50 43
50 44
50 45
50 46
50 47
50 48
50 49
50 50
50 51
50 51
50 52
50 53
50 54
50 55
50 56
50 57
50 58
50 59
50 60
50 61
50 61
50 62
50 63
50 64
50 65
50 66
50 67
50 68
50 69
50 70
50 70
50 71
50 72
50 73
50 74
50 75
50 76
50 77
50 78
50 78
50 79
50 80
50 81
50 82
50 83
50 84
50 85
50 85
50 86
50 87
51 88
51 89
51 90
51 90
51 91
51 92
51 93
51 94
51 94
51 95
52 96
52 97
52 97
52 98
52 99
52 99
52 100
52 100
52 100
52 100
52 100
52 99
52 99
52 98
52 97
52 96
52 96
52 95
52 94
53 93
53 92
53 91
53 91
53 90
53 89
53 88
53 87
53 86
53 85
53 85
53 84
53 83
54 82
54 81
54 80
54 79
54 79
54 78
55 77
55 76
55 75
55 74
56 73
56 72
56 71
56 71
56 70
56 69
56 68
57 67
57 66
57 65
57 64
57 64
57 63
57 62
57 61
58 60
58 59
58 58
58 57
58 57
58 56
59 55
59 54
59 53
59 53
60 52
60 51
60 51
60 51
61 50
61 50
62 50
62 50
63 50
63 50
64 50
64 50
65 51
65 51
65 52
65 52
65 53
65 54
65 55
65 55
65 56
64 57
64 58
64 59
64 59
64 60
64 61
64 62
64 63
64 63
64 64
63 65
63 66
63 67
63 67
63 68
63 69
63 70
63 70
62 71
62 72
62 72
62 73
62 74
62 74
62 74
62 74
62 74
63 73
63 73
64 72
64 71
64 71
64 70
65 69
65 68
65 67
65 67
66 66
66 65
67 64
67 64
68 63
68 62
69 61
69 61
69 61
70 62
70 63
70 63
70 64
70 65
70 66
70 66
70 67
70 68
69 69
69 70
69 71
69 72
69 72
69 73
69 74
69 75
69 76
69 76
69 77
69 78
69 79
69 79
70 80
70 80
71 79
71 79
72 78
72 78
73 77
73 76
74 75
74 75
75 74
75 73
76 72
76 72
77 71
77 70
78 69
78 68
78 68
78 67
79 66
79 65
79 65
80 64
80 63
80 63
81 62
81 62
82 62
82 62
83 63
83 64
83 64
83 65
83 66
83 67
83 67
83 68
83 69
84 70
84 71
84 72
84 72
84 73
84 74
84 75
84 76
84 77
84 77
84 78
84 79
85 80
85 81
85 82
85 82
85 83
85 84
85 85
85 85
86 86
86 86
87 86
88 86
88 86
89 85
89 84
90 83
90 83
91 82
91 81
92 80
92 80
93 79
94 78
94 77
95 76
95 76
95 75
95 74
96 73
96 72
96 71
96 71
97 70
97 69
98 68
98 67
98 67
98 66
98 65
98 64
98 63
98 63
99 62
99 62
98 63
98 63
98 64
98 65
98 65
98 66
98 67
98 68
98 69
98 69
98 70
98 71
98 72
98 73
98 74
98 74
98 75
98 76
99 77
99 78
99 79
99 80
99 80
99 81
99 82
99 83
99 84
99 85
99 86
99 86
99 87
99 88
100 89
100 90
100 91
