1 13
0 12
0 12
0 11
0 10
0 9
0 9
0 8
0 8
1 7
1 7
2 6
3 6
3 6
4 6
5 6
6 6
7 6
8 6
9 6
9 6
10 6
11 6
12 5
13 5
14 5
15 5
15 5
16 5
17 5
18 5
19 5
20 5
21 5
22 5
23 5
23 5
24 5
25 5
26 5
27 5
28 5
29 5
30 5
31 5
32 5
32 5
33 5
34 5
35 5
36 5
37 5
38 5
39 5
40 5
40 5
41 5
42 5
43 5
44 5
45 5
46 5
47 5
47 5
48 5
49 4
50 4
51 4
51 4
52 3
53 3
54 2
55 2
55 2
56 1
57 1
57 1
57 1
58 0
58 0
57 0
57 0
56 0
55 1
54 1
53 1
52 2
51 2
50 2
49 3
48 3
47 4
46 4
45 4
44 5
43 5
42 5
41 6
40 6
40 6
39 7
39 8
38 9
38 10
37 11
37 12
36 13
36 13
36 14
36 14
35 15
35 15
35 16
35 17
35 18
35 19
35 20
35 20
35 21
35 22
35 23
35 24
35 25
35 26
35 27
35 27
35 28
35 29
35 30
35 31
35 32
35 33
35 34
35 35
35 35
35 36
35 37
35 38
35 39
35 40
35 41
35 42
35 43
35 44
35 45
35 45
35 46
35 47
35 48
35 49
35 50
35 51
35 52
35 53
35 54
35 54
35 55
35 56
35 57
35 58
36 59
36 60
36 61
36 62
36 63
36 64
36 64
36 65
36 66
36 67
36 68
36 69
36 70
36 71
36 72
36 72
36 73
36 74
36 75
36 76
36 77
36 78
36 78
36 79
36 80
36 81
36 82
36 82
36 83
36 84
36 85
36 85
36 86
36 87
36 87
37 88
37 89
37 89
37 88
37 87
37 86
38 85
38 84
38 83
38 82
38 81
38 80
39 79
39 78
39 77
39 76
39 75
39 74
39 73
40 72
40 71
40 70
40 69
40 68
40 67
41 66
41 65
41 64
41 63
41 62
41 61
42 60
42 59
42 58
42 57
42 56
42 55
42 54
43 53
43 52
43 51
43 50
43 49
43 48
44 47
44 46
44 45
44 44
44 44
45 44
46 43
47 43
48 43
49 42
50 42
50 42
51 41
51 40
51 40
51 39
51 38
51 38
52 39
52 39
53 38
54 38
54 38
55 38
56 38
57 38
57 38
58 38
59 37
60 37
60 37
61 37
62 37
63 37
63 37
64 37
65 36
66 36
66 36
67 36
67 36
67 37
67 37
67 38
67 38
66 39
65 39
65 39
64 40
63 40
62 41
62 41
61 42
60 42
59 43
59 43
58 44
57 45
57 45
56 46
55 46
54 47
54 47
53 48
53 49
52 50
52 50
52 51
51 52
51 53
51 54
51 54
51 55
50 56
50 57
50 58
49 59
49 60
49 60
49 61
49 62
49 63
49 64
49 65
49 66
49 66
49 67
49 68
49 69
49 70
49 71
49 72
49 72
49 73
49 74
49 75
49 76
49 77
49 77
49 78
49 79
49 80
49 81
49 81
49 82
50 83
50 84
50 84
51 85
51 85
52 85
52 85
53 84
53 84
54 83
54 82
55 81
55 81
55 80
56 79
56 78
56 77
56 77
56 76
57 75
57 74
58 73
58 72
58 72
58 71
59 70
59 69
60 68
60 67
60 67
60 66
61 65
61 64
61 63
61 62
62 61
62 60
62 60
63 59
64 58
64 58
65 58
65 58
65 59
65 60
65 60
65 61
65 62
65 63
65 64
65 65
65 65
65 66
65 67
65 68
65 69
65 70
65 71
65 71
65 72
65 73
65 74
65 75
65 76
65 77
65 77
65 78
65 79
65 80
65 81
65 81
66 82
66 83
66 83
67 84
67 84
68 84
68 84
69 83
69 82
69 82
70 81
70 80
71 79
71 79
72 78
72 77
73 76
73 75
73 75
73 74
74 73
74 72
74 71
74 71
75 70
75 69
76 68
76 67
76 67
76 66
77 65
77 64
77 64
78 64
78 64
78 65
78 66
78 66
78 67
78 68
78 69
78 69
78 70
78 71
78 72
78 72
78 73
78 74
78 75
78 76
78 76
78 77
79 78
79 79
79 79
79 80
79 81
79 81
80 82
80 83
80 83
80 82
80 82
81 81
81 81
82 80
83 79
83 78
84 77
84 77
85 76
85 75
86 74
86 73
87 72
87 72
88 71
89 70
89 69
90 68
91 67
91 67
92 66
92 65
93 64
93 63
94 62
94 61
94 61
95 60
96 59
96 59
97 59
97 59
97 60
97 61
97 61
97 62
97 63
97 64
97 65
97 66
97 66
97 67
97 68
97 69
97 70
97 71
97 72
97 72
97 73
97 74
97 75
97 76
97 77
97 78
97 78
97 79
97 80
97 81
97 82
97 83
97 83
97 84
97 85
98 86
98 87
98 88
98 88
98 89
98 90
99 91
99 92
99 93
99 93
99 94
99 95
99 96
99 96
99 97
100 98
100 99
100 99
99 100
99 100
