1 38
0 39
0 40
0 40
0 39
0 39
0 39
0 38
0 38
0 37
0 37
1 36
2 35
2 35
3 34
3 33
4 32
4 32
5 31
6 30
7 29
8 28
9 27
9 27
10 26
10 25
11 24
12 23
13 22
13 21
14 20
14 20
15 19
16 18
17 17
18 16
19 15
20 14
21 13
21 13
22 12
23 12
24 11
25 10
26 10
27 9
28 8
29 8
30 7
30 7
31 7
32 6
33 6
34 5
35 5
36 5
37 4
38 4
39 3
40 3
40 3
41 3
42 2
43 2
44 2
45 1
46 1
47 1
48 1
49 0
50 0
50 0
51 0
52 0
53 0
54 1
55 1
56 1
57 1
57 1
58 1
59 1
60 1
61 2
62 2
63 2
64 2
64 2
65 3
66 3
67 4
67 4
68 5
69 5
69 5
70 6
70 6
70 6
69 7
69 7
68 7
67 7
67 7
66 8
65 8
65 8
64 8
63 8
62 8
62 8
61 8
60 7
59 7
59 7
58 7
57 7
56 7
55 7
55 7
54 7
53 6
52 6
52 6
51 6
50 7
49 7
49 7
48 7
47 7
47 7
46 8
45 8
45 8
45 9
44 10
44 11
44 12
44 12
43 13
43 14
42 15
42 16
42 16
42 17
42 18
42 19
42 20
42 21
42 22
42 23
42 24
42 24
42 25
42 26
42 27
42 28
41 29
41 30
41 31
41 32
41 33
41 34
41 34
41 35
41 36
41 37
41 38
41 39
41 40
41 41
41 42
41 43
41 44
41 45
41 45
41 46
41 47
41 48
41 49
41 50
41 51
41 52
41 53
41 54
41 55
41 56
41 57
41 58
41 58
41 59
41 60
41 61
41 62
41 63
41 64
41 65
41 66
41 67
41 68
41 69
41 69
41 70
41 71
41 72
41 73
41 74
41 75
41 76
41 77
41 78
41 78
41 79
41 80
41 81
41 82
41 83
41 84
41 85
41 86
41 86
41 87
41 88
42 89
42 90
42 91
42 92
42 92
42 93
42 94
42 95
42 96
42 96
43 97
43 98
43 98
43 99
43 100
43 100
44 100
44 100
44 100
45 100
45 100
46 99
46 98
46 98
46 97
46 96
46 95
47 94
47 93
47 92
47 91
47 90
47 89
48 88
48 87
48 86
48 85
48 84
48 83
49 82
49 81
49 80
49 79
49 78
49 77
50 76
50 75
50 74
50 73
50 73
50 72
50 71
50 70
51 69
51 68
51 67
51 66
51 65
51 64
51 63
51 62
52 61
52 60
52 59
52 58
52 57
52 57
52 56
52 55
52 54
53 53
53 52
53 51
53 50
53 50
53 49
54 48
54 47
54 46
54 46
54 45
55 44
55 43
55 43
56 42
56 42
57 42
58 42
58 42
59 41
59 41
60 42
61 42
61 42
62 42
63 42
63 42
64 42
64 42
64 43
64 43
64 44
64 44
63 45
63 46
62 47
62 47
61 48
60 49
60 50
59 51
59 51
58 52
58 53
57 54
57 55
57 55
56 56
56 57
55 58
55 58
55 59
54 60
54 61
53 62
53 63
53 63
53 64
53 65
52 66
52 67
52 68
52 68
52 69
52 70
52 71
52 72
52 73
52 74
52 75
52 75
52 76
52 77
52 78
52 79
52 80
52 80
52 81
52 82
52 83
52 84
52 84
52 85
52 85
53 86
53 86
54 86
54 86
55 85
55 85
56 84
56 83
57 82
57 82
58 81
58 80
59 79
59 78
59 78
60 77
60 76
61 75
61 75
62 74
63 73
63 73
64 72
64 72
64 72
64 73
65 74
65 75
65 75
65 76
65 77
65 78
65 78
65 79
65 80
65 81
65 82
65 82
65 83
65 84
65 84
66 85
66 86
66 86
67 87
67 87
68 88
68 88
69 87
69 87
70 86
71 85
71 85
72 84
73 83
73 83
74 82
75 82
76 81
76 81
77 80
78 79
78 79
79 78
79 78
80 77
81 77
81 77
82 77
82 77
83 78
83 78
84 79
84 80
84 80
84 81
84 81
85 82
85 82
86 83
86 83
87 82
88 82
88 82
89 81
90 81
90 81
91 80
92 80
93 79
93 79
94 78
95 77
96 76
96 76
97 75
98 74
98 74
99 73
99 73
99 73
100 74
100 74
100 75
99 76
99 77
99 77
99 78
99 79
99 80
99 81
99 81
99 82
99 83
98 84
98 85
98 86
98 86
98 87
98 88
98 89
98 90
98 90
98 91
98 92
98 93
98 94
98 94
98 95
98 96
98 97
98 97
98 98
98 98
99 99
99 99
