11 23
10 23
9 23
8 22
7 22
6 22
6 22
5 21
4 21
4 21
3 21
3 21
2 21
1 21
1 21
0 22
0 22
0 22
0 22
0 22
0 21
0 21
1 21
1 21
2 20
3 20
3 20
4 19
5 18
5 18
6 17
7 17
8 16
9 16
9 16
10 15
11 14
12 13
12 13
13 12
14 12
15 11
16 11
16 11
17 11
18 10
19 10
20 9
21 9
21 9
22 9
23 9
24 8
25 8
26 8
26 8
27 8
28 7
29 7
30 7
30 7
31 7
32 6
33 6
34 6
34 6
35 6
36 5
37 5
38 4
39 4
39 4
40 4
41 3
42 3
42 3
43 3
44 3
45 3
45 3
46 3
47 2
48 2
48 2
49 2
50 2
50 2
51 1
51 1
51 1
51 1
51 1
50 0
50 0
49 1
49 1
48 1
47 1
47 1
46 2
45 2
45 2
44 3
43 4
43 4
42 5
42 5
41 6
40 7
40 7
39 8
39 8
38 9
37 10
37 10
36 11
36 12
36 12
35 13
35 14
34 15
34 15
34 16
33 17
33 18
33 19
33 19
32 20
32 21
31 22
31 23
31 23
31 24
30 25
30 26
30 26
30 27
30 28
29 29
29 30
29 31
29 31
29 32
29 33
28 34
28 35
28 36
28 36
28 37
28 38
27 39
27 40
27 41
27 41
27 42
27 43
27 44
26 45
26 46
26 47
26 48
26 48
26 49
26 50
26 51
26 52
26 53
26 54
26 55
26 55
26 56
26 57
26 58
26 59
25 60
25 61
25 62
25 63
25 64
25 64
25 65
25 66
25 67
25 68
25 69
25 70
25 70
25 71
25 72
25 73
25 74
25 75
25 76
25 76
25 77
25 78
25 79
24 80
24 81
24 82
24 83
24 83
24 84
24 85
24 86
24 87
24 88
24 88
24 89
24 90
24 91
24 92
24 93
24 93
24 94
25 95
25 96
25 97
25 97
25 98
25 99
25 99
25 100
25 100
25 100
25 100
26 99
26 98
27 97
28 96
29 95
29 94
30 93
31 92
31 91
32 90
33 89
34 88
34 87
35 86
36 85
36 84
37 83
38 82
38 81
39 80
40 79
41 78
41 77
42 76
43 75
43 74
44 73
45 72
46 71
46 70
47 69
47 69
46 70
46 70
46 69
46 69
46 68
46 68
46 67
46 67
46 66
46 66
47 65
47 64
47 64
48 63
48 62
48 62
49 61
50 60
50 60
50 59
51 58
51 57
51 57
52 56
52 56
53 56
53 56
54 56
54 56
55 56
55 56
56 57
56 57
56 58
56 59
56 59
57 60
57 61
57 61
57 62
57 63
57 64
57 64
57 65
57 66
57 67
57 67
57 68
57 69
57 70
57 70
57 71
56 72
56 73
56 74
56 74
56 75
56 76
56 77
56 77
56 78
55 79
55 80
55 81
55 81
54 82
54 83
54 83
54 84
54 85
54 86
54 86
54 87
54 88
54 88
54 89
54 89
54 89
54 89
55 88
55 88
56 87
56 86
56 86
57 85
57 84
57 84
57 83
58 82
58 81
58 81
58 80
59 79
59 78
59 78
60 77
60 76
61 75
61 74
61 74
62 73
62 72
63 71
63 71
64 70
65 69
65 69
66 68
66 67
66 67
67 66
68 66
68 66
69 66
69 66
70 65
70 65
71 65
71 65
72 65
72 65
73 65
73 65
73 66
73 66
73 67
73 67
74 68
74 69
74 69
74 70
74 71
74 71
74 72
74 73
74 74
74 74
74 75
74 76
74 76
74 77
74 78
74 78
74 79
74 80
74 80
74 81
74 82
74 82
74 83
74 83
74 83
74 83
75 83
75 83
75 82
75 82
76 81
76 80
76 80
76 79
76 78
76 77
76 77
76 76
77 75
77 74
77 74
78 73
78 72
78 72
79 71
79 70
79 70
80 69
80 69
81 69
81 69
81 68
81 68
82 68
82 68
82 68
83 68
83 68
83 69
83 69
83 70
83 70
84 71
84 71
84 72
84 72
84 73
84 74
84 74
84 75
84 75
85 75
85 75
85 76
85 76
85 76
86 76
86 76
86 76
86 75
86 75
87 74
87 74
88 73
88 72
88 72
89 71
89 70
89 70
90 69
90 68
90 68
91 67
91 67
91 66
91 66
92 65
92 65
93 65
93 65
94 65
94 65
94 65
95 66
95 66
96 66
96 66
96 67
96 67
97 68
97 68
97 69
97 69
97 70
98 71
98 72
98 72
98 73
98 74
98 74
99 75
99 76
99 76
99 77
99 78
99 78
99 79
99 79
99 80
99 80
100 80
