0 29
0 29
0 29
0 28
0 28
0 27
0 27
0 26
0 26
0 25
0 25
1 24
1 24
2 23
2 22
2 22
2 21
3 20
3 19
3 19
4 18
5 18
6 17
6 17
7 16
8 16
9 15
10 15
10 15
11 14
12 14
13 13
14 13
14 13
15 12
16 12
17 11
18 11
18 11
19 11
20 10
21 10
22 10
23 9
24 9
24 9
25 8
26 8
27 7
28 7
29 6
29 6
30 6
31 5
32 5
33 4
34 4
34 4
35 4
36 4
37 3
38 3
39 3
39 3
40 3
41 3
42 2
43 2
44 2
44 2
45 2
46 1
47 1
48 1
48 1
49 1
50 0
51 0
51 0
52 0
53 0
53 0
54 1
54 1
54 1
54 1
53 2
52 2
52 2
51 2
50 3
49 3
49 3
48 4
47 4
46 5
46 5
45 6
44 6
44 6
43 6
42 7
41 7
41 7
40 8
39 8
38 9
38 9
37 10
36 10
36 10
35 11
34 12
34 12
33 13
32 13
32 13
31 14
31 15
31 15
30 16
29 17
29 17
28 18
28 19
28 19
28 20
28 21
28 21
28 22
27 23
27 24
27 24
27 25
27 26
27 27
27 28
27 28
27 29
27 30
27 31
27 32
27 33
27 33
27 34
27 35
27 36
27 37
27 38
27 38
27 39
27 40
27 41
27 42
27 43
27 44
27 44
27 45
27 46
27 47
27 48
27 49
27 50
27 51
27 51
27 52
27 53
27 54
27 55
27 56
27 57
27 58
27 58
27 59
27 60
27 61
27 62
27 63
27 64
27 65
27 66
27 67
27 67
27 68
27 69
27 70
27 71
27 72
27 73
27 74
27 74
27 75
27 76
27 77
27 78
27 79
27 80
27 80
27 81
27 82
27 83
27 84
27 85
27 86
27 86
27 87
27 88
27 89
27 90
27 91
27 91
27 92
27 93
27 94
27 94
27 95
28 96
28 97
28 97
28 98
28 99
28 99
28 100
28 100
27 100
27 100
27 100
27 100
28 99
29 98
30 97
30 96
31 95
32 94
33 93
34 92
35 91
36 90
37 89
37 88
38 87
39 86
40 85
41 84
42 83
43 82
44 81
44 80
45 79
46 78
47 77
47 77
46 76
46 75
46 75
46 74
46 73
46 73
46 72
46 72
46 71
46 71
46 70
46 70
46 69
47 68
47 67
47 67
48 66
48 65
48 65
49 64
49 63
50 62
50 62
51 61
51 61
52 60
53 59
53 59
54 59
54 59
55 58
55 58
55 58
56 59
56 59
56 60
56 60
56 61
56 61
55 62
55 63
55 63
55 64
55 65
54 66
54 67
54 68
54 68
54 69
53 70
53 71
53 72
53 72
53 73
52 74
52 75
52 76
52 76
52 77
52 78
52 79
52 80
52 81
52 81
52 82
51 83
51 84
51 84
51 85
51 86
51 87
51 88
51 88
51 89
51 90
51 90
51 91
51 92
51 92
51 93
51 93
51 94
51 94
51 94
51 94
52 93
52 92
52 92
53 91
53 90
53 90
54 89
54 88
55 87
55 87
56 86
56 85
57 84
57 84
58 83
58 82
58 82
59 81
60 80
60 80
61 80
61 80
62 81
62 81
62 82
62 82
63 83
63 84
63 84
63 85
63 85
63 86
63 86
63 87
63 87
63 88
63 88
64 87
64 87
65 86
65 85
65 85
66 84
67 83
67 83
68 82
68 81
69 80
69 80
70 79
70 78
71 77
71 77
72 76
73 76
73 76
74 76
74 76
75 77
75 77
75 78
75 79
75 79
76 80
76 80
76 81
76 82
76 82
76 83
76 84
76 84
77 85
77 85
77 86
77 86
78 86
78 86
79 85
79 85
80 84
81 83
81 83
82 82
82 81
83 80
83 80
84 79
84 78
85 77
85 77
86 76
87 75
88 74
88 74
89 73
90 72
90 72
91 71
92 70
92 70
93 70
93 70
94 70
94 70
95 71
95 71
96 72
96 72
96 73
96 73
97 74
97 75
97 75
98 76
98 77
98 77
98 78
99 79
99 80
99 80
99 81
99 82
99 83
99 84
99 84
99 85
100 86
100 87
100 88
100 88
100 89
99 90
99 91
99 92
99 92
99 93
99 94
99 95
99 96
99 97
