4 33
3 34
2 34
1 35
1 35
0 35
0 35
0 35
0 36
0 36
0 36
0 36
1 35
1 34
1 34
2 33
3 33
3 33
4 32
4 31
5 30
5 30
6 29
7 28
7 27
8 26
8 26
9 25
10 24
11 23
12 22
12 22
13 21
14 21
15 20
16 19
17 19
18 18
18 18
19 17
20 17
21 16
22 16
23 15
24 15
25 14
25 14
26 13
27 13
28 12
29 11
30 11
31 10
32 10
33 9
33 9
34 9
35 8
36 8
37 7
38 7
39 7
40 6
41 6
41 6
42 6
43 6
44 6
45 5
46 5
47 5
48 5
49 5
49 5
50 5
51 5
52 5
53 5
54 5
55 5
55 5
56 5
57 5
58 4
59 4
60 4
60 4
61 4
62 3
63 3
64 3
64 3
65 2
66 2
66 2
67 1
68 1
68 1
68 1
68 1
67 1
67 1
66 1
66 1
65 1
64 1
64 1
63 1
62 1
61 1
61 1
60 1
59 1
59 1
58 1
57 1
56 1
56 1
55 2
54 2
54 2
53 3
52 3
51 4
51 4
50 5
49 5
49 5
49 6
48 7
48 8
48 8
48 9
47 10
47 11
47 11
47 12
47 13
47 14
47 15
47 16
47 17
47 17
47 18
47 19
47 20
47 21
47 22
47 23
47 24
47 25
47 25
47 26
47 27
47 28
47 29
47 30
47 31
47 32
47 33
47 34
47 34
47 35
47 36
47 37
47 38
47 39
47 40
47 41
47 42
47 43
47 43
47 44
47 45
47 46
47 47
47 48
47 49
47 50
47 51
47 52
47 52
47 53
47 54
47 55
47 56
47 57
47 58
47 59
47 60
47 61
47 62
47 62
47 63
47 64
47 65
47 66
47 67
47 68
47 69
47 70
47 70
47 71
47 72
47 73
47 74
47 75
47 76
47 77
47 77
47 78
48 79
48 80
48 81
48 81
48 82
48 83
48 84
48 84
48 85
48 86
48 87
48 87
49 88
49 89
49 89
49 90
49 90
49 91
49 91
49 91
49 91
49 90
50 89
50 88
50 87
50 86
51 85
51 84
51 83
51 82
52 81
52 80
52 79
52 78
53 77
53 76
53 75
53 74
54 73
54 72
54 71
54 70
55 69
55 68
55 67
55 66
56 65
56 64
56 63
56 62
57 61
57 60
57 59
57 58
58 57
58 56
58 55
58 54
59 53
59 52
59 51
59 50
60 49
60 48
60 48
61 47
62 46
63 45
63 45
63 45
63 44
63 44
64 44
64 44
65 44
65 44
66 44
66 44
67 44
68 44
68 44
69 44
70 44
70 44
71 44
71 44
71 44
71 44
70 45
70 45
69 46
69 46
68 47
67 47
67 47
66 48
65 48
65 48
64 49
64 50
64 50
63 51
62 52
62 52
61 53
61 54
61 54
60 55
60 56
59 57
59 57
59 58
59 59
58 60
58 61
58 62
58 62
58 63
58 64
57 65
57 66
57 67
57 67
57 68
57 69
57 70
57 71
57 72
57 73
57 73
57 74
57 75
57 76
57 77
57 77
57 78
57 79
57 80
57 81
57 81
58 82
58 82
59 83
59 83
59 84
59 84
60 83
60 83
61 82
61 82
62 81
62 80
63 79
63 79
64 78
64 77
64 77
64 76
65 75
65 74
65 74
65 73
66 72
66 71
66 71
67 70
67 69
67 69
67 69
68 69
68 69
68 70
68 70
68 71
68 72
68 73
68 73
68 74
68 75
68 76
68 77
68 77
68 78
68 79
68 80
68 80
68 81
68 82
68 82
69 83
69 84
69 84
70 84
70 84
71 83
71 83
72 82
72 82
73 81
73 80
74 79
74 79
74 78
75 77
75 76
75 76
76 75
77 74
77 74
77 73
78 72
78 71
78 71
78 70
79 69
79 68
79 68
79 67
80 66
80 65
80 65
80 64
80 63
80 63
81 64
81 64
81 65
81 66
81 66
81 67
81 68
81 69
81 70
81 70
81 71
81 72
81 73
81 74
81 74
81 75
81 76
81 77
81 78
81 79
81 79
82 80
82 81
82 81
83 82
83 82
84 82
84 82
85 81
86 81
86 81
87 80
87 79
88 78
88 78
89 77
89 76
90 75
90 74
90 74
91 73
91 72
92 71
92 71
92 70
93 69
93 68
93 67
93 67
94 66
94 65
95 64
95 63
95 63
95 62
96 61
96 60
96 59
96 59
97 59
97 59
98 60
98 60
99 61
99 62
99 62
99 63
99 64
99 65
99 66
99 67
99 67
99 68
99 69
99 70
100 71
100 72
100 73
100 74
100 74
100 75
100 76
100 77
99 78
99 79
99 80
99 81
99 82
99 82
99 83
99 84
99 85
99 86
99 87
99 88
99 89
99 89
99 90
99 91
99 92
98 93
98 94
98 95
98 96
98 96
98 97
98 98
98 99
98 100
