3 6
2 7
1 7
1 7
0 7
0 7
0 7
0 7
1 8
1 8
2 8
3 8
4 8
4 8
5 8
6 7
7 7
8 6
9 6
9 6
10 6
11 5
12 5
13 4
14 4
15 3
16 3
16 3
17 3
18 3
19 2
20 2
21 2
22 2
23 2
24 1
25 1
26 1
26 1
27 1
28 1
29 1
30 1
31 0
32 0
33 0
34 0
35 0
36 0
36 0
37 0
38 0
39 0
40 0
41 0
42 0
43 0
44 0
45 0
45 0
46 0
47 0
48 0
49 1
50 1
51 1
52 1
52 1
53 1
54 1
55 2
56 2
57 2
57 2
58 2
59 2
60 2
60 2
61 2
62 2
62 2
62 2
62 2
61 2
60 2
60 2
59 2
58 2
57 3
56 3
55 3
54 3
54 3
53 3
52 3
51 3
50 3
49 3
48 3
47 3
46 3
45 3
45 3
44 3
43 4
42 4
41 4
41 4
40 4
39 5
38 5
38 5
37 6
36 7
35 8
35 8
35 9
34 10
34 11
34 12
34 12
34 13
33 14
33 15
33 16
32 17
32 18
32 18
32 19
32 20
32 21
32 22
32 23
32 24
32 25
32 25
32 26
32 27
32 28
31 29
31 30
31 31
31 32
31 33
31 33
31 34
31 35
31 36
31 37
31 38
31 39
31 40
31 41
31 42
31 42
31 43
31 44
31 45
31 46
31 47
30 48
30 49
30 50
30 51
30 52
30 53
30 53
30 54
30 55
30 56
30 57
30 58
30 59
30 60
30 61
30 62
30 63
30 63
30 64
30 65
30 66
30 67
30 68
30 69
30 70
30 71
30 72
30 73
30 73
30 74
30 75
30 76
30 77
30 78
30 79
30 80
30 81
30 82
30 82
30 83
30 84
31 85
31 86
31 87
31 87
31 88
31 89
31 90
31 91
31 91
31 92
32 93
32 94
32 94
33 95
33 95
34 95
34 95
35 94
35 93
35 93
35 92
35 91
35 90
36 89
36 88
36 87
36 86
36 85
36 84
36 83
37 82
37 81
37 80
37 79
37 78
37 77
37 76
38 75
38 74
38 73
38 72
38 71
38 70
38 69
38 68
39 67
39 66
39 65
39 64
39 63
39 62
39 61
40 60
40 59
40 58
40 57
40 56
40 55
40 54
41 53
41 52
41 51
41 50
41 50
42 49
43 48
44 47
45 46
46 45
47 44
47 44
48 43
49 42
49 41
50 40
50 40
51 39
52 38
52 38
53 38
53 38
54 38
55 38
56 38
56 38
57 38
58 38
59 38
60 38
60 38
61 38
62 39
63 39
63 39
64 39
65 39
66 39
67 39
67 39
68 39
69 39
70 39
71 39
71 39
72 40
72 40
72 40
71 41
71 42
71 42
70 42
69 43
68 43
68 43
67 44
66 44
65 45
65 45
64 46
63 46
62 47
61 47
61 47
60 47
59 48
58 48
58 48
57 49
56 50
56 50
55 51
54 52
54 52
54 53
53 54
53 55
53 55
53 56
53 57
53 58
53 59
53 60
53 60
53 61
53 62
53 63
53 64
53 65
53 65
53 66
53 67
53 68
53 69
53 70
53 71
53 71
53 72
53 73
53 74
53 75
53 76
53 76
53 77
54 78
54 79
54 80
54 80
54 81
54 82
54 83
54 84
54 84
54 85
54 85
55 85
55 85
56 84
56 84
56 83
57 82
57 81
57 81
58 80
58 79
59 78
59 78
60 77
60 76
61 75
61 74
61 74
61 73
62 72
62 71
63 70
63 69
63 69
63 68
64 67
64 66
65 65
65 64
65 64
66 63
66 63
66 63
66 64
66 65
66 66
66 66
66 67
66 68
66 69
66 70
66 70
66 71
66 72
67 73
67 74
67 75
67 75
67 76
67 77
67 78
67 79
67 80
67 80
67 81
67 82
67 83
67 84
67 84
67 85
67 86
67 86
67 87
67 87
68 86
68 86
69 85
70 85
70 85
70 84
71 83
71 82
71 81
71 81
72 80
72 79
73 78
73 78
74 77
74 76
75 75
75 74
75 74
75 73
76 72
76 71
76 70
76 70
77 69
77 68
78 67
78 67
78 66
78 66
78 67
78 68
78 68
78 69
78 70
78 71
78 71
78 72
78 73
77 74
77 75
77 76
77 76
77 77
77 78
77 79
77 80
77 80
77 81
78 82
78 83
78 84
78 84
78 85
78 86
78 86
79 87
79 88
79 88
80 88
81 88
81 88
82 87
83 87
83 87
84 86
85 85
85 84
86 83
86 83
87 82
87 81
88 80
88 79
89 78
89 78
89 77
90 76
90 75
91 74
91 73
91 73
92 72
92 71
93 70
93 69
94 68
94 67
94 67
95 66
96 65
97 64
97 64
98 63
98 63
99 64
99 65
99 65
99 66
99 67
99 68
99 69
99 69
99 70
99 71
99 72
99 73
99 74
99 74
99 75
99 76
99 77
99 78
99 79
99 79
99 80
99 81
99 82
100 83
100 84
100 85
100 86
100 86
100 87
100 88
99 89
99 90
99 91
99 91
99 92
99 93
99 94
99 95
99 96
99 97
99 97
98 98
98 99
98 99
98 100
