13 31
13 32
12 33
12 34
11 35
11 36
10 37
10 38
9 39
9 40
9 40
8 40
7 40
7 40
6 41
6 42
6 42
6 43
6 44
6 45
6 45
5 46
5 47
5 47
4 48
4 49
4 49
3 50
3 50
2 51
2 51
1 52
1 53
1 53
0 53
0 53
0 53
0 52
0 52
0 51
0 50
0 49
0 49
0 48
1 47
1 46
1 45
1 45
1 44
2 43
2 42
3 41
3 40
4 39
4 38
4 38
5 37
5 36
6 35
6 34
7 33
7 32
8 31
8 31
9 30
10 29
11 28
12 28
13 27
14 26
14 26
15 25
16 24
17 23
18 23
19 22
20 21
20 21
21 20
22 20
23 19
24 19
25 18
26 18
27 17
28 17
28 17
29 17
30 17
31 16
32 16
33 16
34 16
35 15
36 15
37 15
37 15
38 15
39 15
40 15
41 14
42 14
43 14
44 14
45 14
45 14
46 14
47 14
48 14
49 14
50 13
51 13
52 13
53 13
54 13
54 13
55 13
56 13
57 13
58 12
59 12
60 12
61 12
61 12
62 11
63 11
64 10
65 10
65 10
66 9
67 9
68 8
69 8
69 8
70 7
70 7
71 7
71 7
71 7
70 6
70 6
69 5
68 5
68 5
67 5
66 4
65 4
65 4
64 3
63 3
63 3
62 3
61 2
60 2
60 2
59 1
58 1
57 0
57 0
56 0
55 1
54 1
54 1
53 2
52 2
52 2
51 3
51 4
50 5
50 5
50 6
50 7
50 8
49 9
49 10
49 11
49 12
49 12
49 13
49 14
49 15
49 16
48 17
48 18
48 19
48 20
48 21
48 21
48 22
48 23
48 24
48 25
48 26
48 27
48 28
48 29
48 30
48 31
48 32
48 32
48 33
48 34
48 35
48 36
48 37
48 38
48 39
48 40
48 41
48 42
48 43
48 43
48 44
48 45
48 46
48 47
48 48
48 49
48 50
48 51
48 52
48 53
48 54
48 55
48 55
48 56
48 57
48 58
48 59
48 60
48 61
48 62
48 63
48 64
48 64
48 65
48 66
48 67
48 68
48 69
48 70
48 71
48 72
48 73
48 74
48 74
48 75
48 76
48 77
48 78
49 79
49 80
49 81
49 82
49 83
49 83
49 84
49 85
49 86
49 87
49 88
49 89
49 90
49 90
49 91
49 92
50 93
50 94
50 95
50 95
50 96
51 97
51 98
51 98
52 99
52 100
52 100
52 100
52 100
52 100
53 99
53 99
53 98
53 97
53 97
53 96
53 95
53 94
53 93
54 92
54 91
54 90
54 89
54 88
54 87
54 86
54 85
54 84
54 83
55 82
55 81
55 80
55 79
55 78
55 77
55 76
55 75
55 74
56 73
56 72
56 71
56 70
56 69
56 68
56 67
56 66
56 65
57 64
57 63
57 62
57 61
57 60
57 59
57 58
57 57
57 56
57 55
58 54
58 53
58 52
58 51
58 50
58 50
59 50
60 49
61 49
62 48
63 48
63 48
64 47
64 46
64 46
64 45
65 44
65 43
65 42
65 42
65 42
66 42
66 42
67 43
67 43
68 44
69 44
69 44
69 45
70 46
70 47
70 47
71 48
71 49
71 49
71 50
71 51
71 51
71 52
71 53
71 53
70 54
70 55
70 55
69 56
69 57
69 57
68 58
68 58
68 58
67 59
66 59
65 60
64 60
63 61
62 61
62 61
61 62
61 62
61 63
60 64
60 65
60 65
60 66
60 67
60 68
60 68
60 69
60 70
60 71
60 72
60 72
60 73
60 74
60 75
60 76
60 77
60 77
60 78
60 79
60 80
60 81
60 82
60 83
60 83
60 84
60 85
60 86
60 86
61 87
61 88
61 88
61 89
61 89
62 89
62 89
63 88
63 87
63 87
64 86
64 85
65 84
65 84
65 83
66 82
66 81
67 80
67 79
67 79
68 78
68 77
69 76
69 75
69 75
69 74
70 73
70 72
70 71
70 71
71 70
71 69
72 68
72 67
72 67
72 66
72 66
73 66
73 66
73 67
73 67
73 68
73 69
73 70
73 70
73 71
73 72
73 73
73 74
73 74
73 75
73 76
73 77
73 77
74 78
74 79
74 79
74 80
74 81
74 81
75 81
75 81
75 81
76 81
76 81
77 80
78 79
78 79
78 78
79 77
79 76
79 76
80 75
80 74
81 73
81 73
81 72
82 71
82 70
82 69
82 69
83 68
83 67
84 66
84 66
84 65
84 64
84 63
84 62
84 62
85 62
85 62
85 63
85 63
85 64
85 64
85 65
85 66
85 67
85 67
85 68
86 69
86 70
86 70
86 71
86 72
86 73
86 73
87 74
87 74
88 75
88 75
89 76
89 76
90 75
91 75
91 75
92 75
93 75
93 75
94 74
94 73
94 73
95 72
95 72
96 71
96 71
97 70
97 70
98 71
98 71
98 72
98 72
98 73
98 73
98 74
99 75
99 76
99 76
99 77
99 78
99 79
99 80
99 80
99 81
99 82
99 83
99 83
99 84
99 85
99 85
99 86
99 87
99 87
99 88
99 88
100 88
