0 19
0 20
0 20
0 20
0 19
0 19
1 18
1 18
2 17
2 17
3 16
4 15
4 15
5 14
6 14
7 13
7 13
8 12
9 12
10 11
10 11
11 10
12 10
13 9
13 9
14 8
15 8
16 7
17 7
18 6
18 6
19 6
20 5
21 5
22 5
22 5
23 4
24 4
25 3
26 3
26 3
27 3
28 3
29 2
30 2
31 2
31 2
32 2
33 1
34 1
35 1
35 1
36 1
37 0
38 0
39 0
39 0
40 0
41 0
42 0
43 0
43 0
44 0
45 1
46 1
47 1
47 1
48 1
49 1
49 1
50 2
51 2
51 2
52 2
52 2
53 2
53 2
53 3
53 3
52 3
52 3
51 3
51 3
50 3
49 3
49 3
48 4
48 4
47 4
46 4
46 4
45 5
44 5
44 5
43 5
42 6
41 6
41 6
40 7
40 7
39 8
38 9
38 9
37 10
36 11
36 11
36 12
35 13
35 14
35 15
35 15
35 16
34 17
34 18
34 19
34 19
34 20
34 21
33 22
33 23
33 24
33 24
33 25
32 26
32 27
32 28
31 29
31 30
31 30
31 31
31 32
31 33
31 34
31 35
31 36
31 36
31 37
31 38
31 39
30 40
30 41
30 42
30 43
30 43
30 44
30 45
30 46
30 47
30 48
30 49
30 49
30 50
30 51
30 52
30 53
30 54
30 55
30 55
30 56
30 57
31 58
31 59
31 60
31 60
31 61
31 62
32 63
32 64
32 65
32 65
32 66
32 67
32 68
32 69
32 69
32 70
33 71
33 72
33 72
33 73
34 74
34 75
34 75
35 76
35 77
35 77
35 78
35 78
36 79
36 79
37 78
37 77
38 76
39 75
39 74
40 73
41 72
41 71
42 70
43 69
43 68
44 67
44 66
45 65
46 64
46 63
47 62
48 61
48 60
49 59
50 58
50 57
51 56
51 56
50 55
50 55
50 54
50 54
50 53
50 53
50 52
50 52
50 51
50 50
50 50
50 49
50 48
50 47
50 47
51 46
51 45
51 45
51 44
51 43
51 43
52 42
52 41
52 41
53 40
53 39
53 39
54 38
54 37
54 37
55 36
55 36
56 35
56 35
57 34
57 34
58 33
58 33
59 33
59 33
59 34
59 34
60 35
60 35
60 36
60 37
60 37
60 38
60 39
60 40
60 41
60 41
60 42
60 43
60 44
60 45
60 45
60 46
59 47
59 48
59 49
59 49
59 50
59 51
59 52
59 53
59 53
59 54
59 55
59 56
59 57
59 58
59 58
59 59
58 60
58 61
58 62
58 62
58 63
58 64
58 65
58 66
58 66
58 67
58 68
58 69
58 69
58 70
58 71
58 71
58 72
58 72
59 72
59 72
59 72
60 71
60 71
60 71
61 70
61 70
62 69
62 68
62 68
63 67
63 67
63 66
64 65
64 64
64 64
65 63
65 62
65 62
65 61
66 60
66 59
66 59
67 58
67 57
68 56
68 56
68 55
69 54
69 53
69 53
70 52
71 51
71 51
72 50
72 49
72 49
73 49
73 49
73 50
73 50
73 51
73 52
73 52
73 53
73 54
73 55
73 55
73 56
74 57
74 58
74 58
74 59
74 60
74 60
74 61
74 62
74 62
74 63
74 64
74 65
74 65
75 66
75 66
75 66
76 66
76 66
77 66
77 66
78 65
79 64
79 64
80 63
80 62
80 62
80 61
81 60
81 59
81 59
82 58
82 58
83 57
83 57
84 57
84 57
84 58
84 58
85 59
85 59
85 60
85 61
85 61
85 62
85 63
85 63
85 64
85 64
85 65
85 65
86 65
86 65
87 65
87 65
88 64
88 63
88 63
89 62
89 61
90 60
90 60
91 59
91 58
92 57
92 57
93 56
93 55
94 54
94 54
95 53
95 52
96 51
96 51
97 50
98 50
98 50
99 49
99 49
99 50
99 51
99 51
100 52
100 53
100 53
100 54
99 55
99 56
99 56
99 57
99 58
99 59
99 59
99 60
99 61
99 62
99 63
99 63
99 64
99 65
99 66
99 67
99 67
99 68
98 69
98 70
98 71
98 71
98 72
98 73
97 74
97 75
97 76
97 77
97 77
97 78
97 79
97 80
97 81
97 82
97 83
97 83
97 84
97 85
96 86
96 87
96 88
96 89
96 89
96 90
96 91
95 92
95 93
95 94
95 94
95 95
95 96
94 97
94 98
94 99
94 100
