3 32
2 31
1 31
1 31
0 30
0 30
0 29
0 29
0 29
0 29
1 28
1 28
2 27
3 26
4 26
5 25
5 25
6 24
7 23
7 22
8 21
9 20
9 20
10 19
11 19
12 18
13 17
14 16
15 16
16 15
16 15
17 14
18 13
19 12
20 12
21 11
22 10
23 9
23 9
24 9
25 8
26 8
27 7
28 7
29 6
30 6
31 5
32 5
32 5
33 5
34 4
35 4
36 4
37 3
38 3
39 3
40 2
41 2
41 2
42 2
43 2
44 2
45 1
46 1
47 1
48 1
49 1
49 1
50 1
51 1
52 1
53 1
54 1
55 1
56 1
57 1
57 1
58 1
59 1
60 1
61 1
62 1
63 1
64 1
64 1
65 1
66 1
67 1
68 1
68 1
69 1
70 2
71 2
72 2
72 2
73 2
74 2
74 2
75 2
75 2
75 2
74 2
74 2
73 2
72 2
72 2
71 2
70 2
69 2
69 2
68 2
67 2
66 2
65 2
65 2
64 2
63 1
62 1
62 1
61 1
60 0
59 0
58 0
58 0
57 0
56 1
55 1
55 1
54 1
53 1
52 1
52 1
51 2
50 3
50 3
49 4
49 5
48 6
48 6
47 7
47 8
46 9
46 10
46 10
46 11
46 12
45 13
45 14
45 15
45 16
45 16
45 17
45 18
44 19
44 20
44 21
44 22
44 23
43 24
43 25
43 26
43 26
43 27
43 28
43 29
43 30
43 31
43 32
43 33
43 34
43 35
43 36
43 37
43 38
43 38
43 39
43 40
43 41
43 42
43 43
43 44
43 45
43 46
43 47
43 48
43 49
43 50
43 50
43 51
43 52
43 53
43 54
43 55
43 56
43 57
43 58
43 59
43 60
43 61
43 62
43 62
43 63
43 64
43 65
43 66
44 67
44 68
44 69
44 70
44 71
44 72
44 72
44 73
44 74
44 75
45 76
45 77
45 78
45 79
45 79
45 80
45 81
46 82
46 83
46 84
46 85
46 85
46 86
46 87
46 88
46 88
46 89
46 90
46 91
46 91
46 92
46 93
46 93
46 93
47 93
47 93
47 92
47 92
48 91
48 91
48 90
48 89
49 88
49 87
49 86
49 85
50 84
50 83
50 82
50 81
50 80
51 79
51 78
51 77
51 76
51 75
52 74
52 73
52 72
52 71
53 70
53 69
53 68
53 67
53 66
54 65
54 64
54 63
54 63
54 62
54 61
55 60
55 59
55 58
55 57
56 56
56 55
56 54
56 54
56 53
57 52
57 51
57 50
58 49
58 48
58 48
59 47
59 46
60 45
60 45
61 44
62 43
62 43
63 42
64 41
64 41
65 40
66 40
66 40
67 39
67 39
68 39
69 39
69 39
70 38
71 38
71 38
72 39
72 39
72 40
72 40
72 41
72 41
72 42
71 43
71 44
71 45
71 45
70 46
70 47
69 48
69 49
69 49
68 50
68 51
67 52
67 53
67 53
66 54
66 55
65 56
65 56
64 57
64 58
63 59
63 59
63 60
62 61
62 62
62 62
62 63
62 64
62 65
62 65
62 66
62 67
62 68
62 69
62 69
61 70
61 71
61 71
62 72
62 73
62 73
63 74
63 74
64 74
64 74
65 74
65 74
66 73
67 72
67 72
68 71
69 70
69 70
70 69
71 68
71 68
72 67
72 66
72 66
73 65
73 64
73 64
74 64
74 64
74 65
74 65
74 66
74 67
74 68
74 68
74 69
74 70
73 71
73 72
73 73
73 73
73 74
73 75
73 76
73 77
73 78
73 78
73 79
73 80
73 80
74 81
74 81
75 81
75 81
76 80
77 80
77 80
78 79
78 78
79 77
79 77
80 76
80 75
81 74
81 73
81 73
82 72
82 71
83 70
83 70
84 69
84 68
84 68
85 67
85 66
85 66
86 66
86 66
86 66
86 67
86 68
86 68
86 69
86 70
86 71
86 71
86 72
86 73
86 74
86 75
86 75
86 76
86 77
86 78
86 78
87 79
87 80
87 80
87 81
87 81
88 80
89 80
89 80
90 79
91 78
91 78
92 77
92 76
93 75
93 74
93 74
94 73
95 72
95 71
96 70
96 70
96 69
97 68
97 67
97 67
97 66
98 65
98 64
98 63
98 63
99 62
99 61
99 61
99 61
100 62
100 62
100 63
100 64
100 65
100 65
100 66
99 67
99 68
99 69
99 69
99 70
99 71
98 72
98 73
98 74
98 75
98 75
98 76
98 77
98 78
98 79
98 80
98 81
98 82
98 82
98 83
98 84
98 85
97 86
97 87
97 88
97 89
97 89
97 90
97 91
97 92
96 93
96 94
96 95
96 96
96 96
96 97
96 98
96 99
96 99
96 100
96 100
96 100
97 100
97 100
97 100
97 99
