1 14
1 15
1 16
0 17
0 18
0 19
0 20
0 20
0 19
0 19
0 19
1 19
1 19
2 18
2 18
3 17
4 17
5 16
6 16
7 15
7 15
8 14
9 14
10 13
11 12
12 11
13 11
14 10
14 10
15 10
16 9
17 9
18 8
19 8
20 8
21 7
22 7
22 7
23 7
24 7
25 7
26 6
27 6
28 6
29 6
30 6
30 6
31 6
32 6
33 6
34 6
35 6
36 6
37 6
38 6
39 6
39 6
40 6
41 6
42 6
43 6
44 6
45 6
46 6
46 6
47 6
48 6
49 7
50 7
51 7
52 7
52 7
53 7
54 7
55 7
56 7
56 7
57 7
58 7
58 7
59 7
59 7
59 7
59 6
59 6
58 5
58 5
57 4
56 3
56 3
55 2
54 1
54 1
53 1
52 1
51 1
51 1
50 0
49 0
49 0
48 0
47 1
46 1
46 1
45 2
45 3
44 4
44 4
43 5
43 6
42 7
42 7
42 8
41 9
41 10
41 11
40 12
40 13
40 13
40 14
40 15
40 16
40 17
39 18
39 19
39 20
39 21
39 22
39 22
39 23
39 24
38 25
38 26
38 27
38 28
38 29
37 30
37 31
37 32
37 32
37 33
37 34
37 35
37 36
37 37
37 38
37 39
36 40
36 41
36 42
36 43
36 44
36 45
36 46
36 47
36 47
36 48
36 49
36 50
36 51
36 52
36 53
36 54
35 55
35 56
35 57
35 58
35 59
35 60
35 61
35 62
35 62
35 63
35 64
35 65
35 66
35 67
35 68
35 69
35 70
35 71
35 72
35 73
35 74
35 75
35 76
35 77
35 77
35 78
35 79
35 80
35 81
35 82
35 83
35 84
35 85
35 86
35 86
35 87
35 88
35 89
35 90
35 91
35 92
35 92
35 93
36 94
36 95
36 96
36 96
36 97
36 98
36 98
37 99
38 100
38 100
39 100
39 100
40 99
41 99
41 99
41 98
41 97
42 96
42 95
42 94
42 93
43 92
43 91
43 90
43 89
43 88
44 87
44 86
44 85
44 84
45 83
45 82
45 81
45 80
46 79
46 78
46 77
46 76
46 75
47 74
47 73
47 72
47 71
48 70
48 69
48 68
48 67
48 66
49 65
49 64
49 63
49 62
50 61
50 60
50 59
50 58
51 57
51 56
51 55
51 54
51 53
52 52
52 51
52 50
52 49
53 48
53 47
53 46
53 46
54 45
54 44
55 43
56 42
57 41
57 40
58 39
58 39
59 38
59 37
59 37
60 37
61 37
61 37
62 37
63 37
63 37
64 37
65 37
66 37
66 37
67 37
68 37
68 37
69 38
69 38
70 39
70 39
70 40
69 41
69 42
69 43
69 43
68 44
68 45
67 46
67 47
66 48
66 49
66 49
66 50
65 51
65 52
64 53
64 54
64 55
63 56
63 57
63 57
63 58
62 59
62 60
61 61
61 62
60 63
60 64
60 64
60 65
59 66
59 67
59 68
58 69
58 70
58 70
58 71
57 72
57 73
57 74
57 74
57 75
57 76
57 76
57 77
57 77
58 78
58 78
58 77
58 77
59 76
60 75
60 75
60 74
61 73
61 72
61 72
61 71
62 70
62 69
63 68
63 67
63 67
64 66
65 65
65 65
66 64
66 64
67 65
68 66
68 66
68 67
69 68
69 69
69 70
69 70
69 71
69 72
69 73
69 74
69 75
69 76
69 76
69 77
70 78
70 79
70 80
70 80
71 81
71 82
71 82
72 82
72 82
73 81
73 80
73 80
74 79
74 78
75 77
75 77
75 76
76 75
76 74
77 73
77 72
77 72
78 71
78 70
79 69
79 68
80 67
80 67
80 66
81 65
81 64
81 63
82 62
82 61
82 61
83 60
83 59
84 58
84 58
84 57
85 56
85 55
85 55
86 56
86 56
87 57
88 58
88 58
88 59
89 60
89 61
89 61
89 62
90 63
90 64
90 64
91 65
91 66
92 67
92 68
92 68
92 69
93 70
93 71
93 72
93 72
94 73
94 73
94 74
94 74
95 74
95 74
95 73
95 72
95 72
96 71
96 71
97 70
97 69
97 69
98 68
98 68
99 69
99 69
100 70
100 71
100 71
100 72
100 73
99 74
99 75
99 76
99 76
99 77
99 78
98 79
98 80
98 81
98 81
98 82
98 83
97 84
97 85
97 86
97 87
97 87
96 88
96 89
95 90
