0 28
0 27
0 27
0 26
0 25
0 25
0 24
0 23
0 22
0 22
1 21
2 21
2 21
3 20
4 20
5 19
5 19
6 18
7 18
8 17
9 17
10 16
10 16
11 15
12 15
13 14
14 13
15 13
16 12
16 12
17 12
18 11
19 11
20 11
21 11
22 10
23 10
23 10
24 10
25 10
26 10
27 9
28 9
29 9
30 9
30 9
31 9
32 9
33 9
34 9
35 8
36 8
37 8
38 8
39 8
39 8
40 8
41 8
42 8
43 8
44 8
45 8
46 8
46 8
47 8
48 8
49 7
50 7
51 7
51 7
52 7
53 7
54 7
55 7
55 7
56 6
57 6
57 6
58 5
58 5
58 4
58 4
57 3
56 2
56 2
55 1
54 1
54 1
53 1
52 0
51 0
50 0
50 0
49 1
48 1
47 2
46 2
46 2
45 3
44 3
43 4
42 4
42 4
41 5
40 6
39 7
38 8
38 8
37 9
37 10
36 11
36 12
35 13
35 13
35 14
34 15
34 16
34 17
34 18
33 19
33 20
33 20
33 21
33 22
32 23
32 24
32 25
32 26
31 27
31 28
31 29
31 29
31 30
31 31
31 32
31 33
31 34
30 35
30 36
30 37
30 38
30 39
30 40
30 41
30 41
30 42
30 43
30 44
30 45
30 46
30 47
30 48
30 49
30 50
30 51
30 52
30 53
30 54
30 54
30 55
30 56
30 57
30 58
30 59
30 60
30 61
30 62
30 63
30 64
30 65
30 66
30 67
30 68
30 69
30 69
30 70
30 71
30 72
30 73
30 74
30 75
30 76
30 77
30 78
30 79
30 80
30 81
30 81
30 82
30 83
30 84
30 85
30 86
30 87
30 88
30 89
30 90
30 91
30 92
30 92
30 93
30 94
30 95
30 96
30 96
30 97
30 98
30 98
30 98
31 98
31 98
31 97
31 97
31 96
31 95
31 94
31 94
31 93
31 92
32 91
32 90
32 89
32 88
32 87
33 86
33 85
33 84
33 83
33 82
33 81
34 80
34 79
34 78
34 77
34 76
35 75
35 74
35 73
35 72
35 71
36 70
36 69
36 68
36 67
36 66
36 65
37 64
37 63
37 62
37 61
37 60
38 59
38 58
38 57
38 56
38 55
39 54
39 53
39 52
39 51
39 50
39 49
40 48
40 47
40 46
40 45
40 44
41 43
41 42
41 41
41 41
42 41
43 41
44 41
45 41
46 41
47 41
47 41
48 40
49 39
49 39
50 38
51 37
52 36
52 36
53 36
54 36
54 36
55 36
56 35
57 35
58 35
58 35
59 35
60 34
61 34
61 34
62 34
63 34
63 34
64 34
64 34
64 35
64 35
63 36
62 37
62 37
61 38
61 39
60 40
60 41
60 41
59 42
59 43
58 44
58 45
57 46
57 46
57 47
56 48
56 49
56 50
56 51
55 52
55 53
55 53
55 54
54 55
54 56
54 57
54 58
53 59
53 60
53 61
53 61
53 62
53 63
52 64
52 65
52 66
52 67
51 68
51 69
51 70
51 70
51 71
51 72
51 73
51 74
51 75
51 76
51 77
51 78
51 78
51 79
51 80
51 81
51 82
51 83
51 84
51 84
51 85
50 86
50 87
50 88
50 88
50 89
50 90
50 91
50 91
50 91
51 90
51 90
51 89
52 88
52 87
52 86
52 86
52 85
53 84
53 83
53 82
54 81
54 80
54 80
54 79
55 78
55 77
55 76
55 75
56 74
56 73
56 73
56 72
57 71
57 70
57 69
57 68
58 67
58 66
58 66
59 65
59 64
60 63
60 62
60 62
61 61
61 61
61 62
61 63
61 64
61 64
61 65
61 66
61 67
61 68
61 69
61 69
61 70
61 71
61 72
61 73
61 74
61 75
61 75
61 76
61 77
61 78
61 79
61 80
61 81
61 82
61 82
61 83
61 84
61 85
61 86
61 86
61 87
62 88
62 89
62 90
62 90
62 91
62 92
62 93
62 93
62 93
63 92
63 92
63 91
64 90
64 89
64 89
64 88
65 87
65 86
65 86
65 85
66 84
66 83
66 82
66 82
66 81
67 80
67 79
68 78
68 77
68 77
69 76
69 75
70 74
70 73
70 73
71 72
72 71
72 71
72 72
72 73
72 73
72 74
73 75
73 76
73 77
73 77
73 78
73 79
73 80
73 81
73 82
73 82
73 83
73 84
73 85
73 86
73 86
73 87
73 88
73 89
73 89
74 90
74 91
74 91
75 92
75 92
76 91
77 90
77 90
78 89
79 88
79 87
80 86
80 86
81 85
81 84
82 83
82 83
83 82
84 81
84 80
85 79
85 79
85 78
86 77
86 76
87 75
87 74
87 74
88 73
88 72
89 71
89 70
89 70
90 69
91 68
91 68
92 68
93 68
93 68
93 69
94 70
94 71
94 71
94 72
95 73
95 74
96 75
96 76
96 76
96 77
97 78
97 79
98 80
98 81
98 81
98 82
98 83
99 84
99 85
99 86
99 87
99 87
99 88
99 89
100 90
100 91
100 92
100 93
100 93
100 94
99 95
99 96
99 97
99 97
98 98
98 99
98 99
97 100
