1 36
1 37
1 37
0 37
0 37
0 37
0 37
0 37
0 37
1 36
1 36
2 35
3 35
3 35
4 35
4 35
5 34
6 33
6 33
7 33
8 32
9 32
9 32
10 31
11 31
11 31
12 31
13 30
14 30
14 30
15 30
16 29
17 29
17 29
18 29
19 28
20 28
20 28
21 27
22 27
23 26
23 26
24 26
25 25
26 25
27 25
27 25
28 24
29 24
30 23
30 23
31 22
32 22
33 21
33 21
34 20
35 20
36 19
37 19
37 19
38 18
39 17
40 16
40 16
41 15
42 15
43 14
44 14
44 14
45 13
46 13
47 12
47 12
48 11
49 11
50 10
50 10
51 9
52 8
52 8
53 7
54 7
54 7
55 6
56 6
56 6
56 5
56 4
56 4
57 3
57 3
56 2
56 2
56 1
56 1
55 1
55 1
54 0
53 0
53 0
52 1
51 1
51 1
50 1
49 1
49 1
48 2
48 2
47 3
46 3
46 3
45 4
45 4
44 5
44 6
44 6
43 7
43 8
43 8
42 9
42 10
42 10
42 11
41 12
41 13
41 13
41 14
40 15
40 16
40 17
40 17
40 18
39 19
39 20
39 20
39 21
38 22
38 23
38 23
38 24
37 25
37 26
37 27
37 27
37 28
37 29
37 30
37 31
37 32
37 32
37 33
37 34
37 35
37 36
37 36
37 37
37 38
36 39
36 40
36 41
36 41
36 42
36 43
36 44
36 45
36 46
36 47
36 47
36 48
36 49
35 50
35 51
35 52
35 53
35 53
35 54
35 55
35 56
35 57
35 58
35 58
35 59
35 60
34 61
34 62
34 63
34 64
34 64
34 65
34 66
34 67
34 68
34 69
34 70
34 70
34 71
34 72
34 73
34 74
34 75
34 76
34 76
34 77
34 78
34 79
34 80
34 81
34 81
34 82
34 83
34 84
34 85
34 85
34 86
34 87
34 88
34 89
34 89
34 90
34 91
34 92
34 93
34 93
34 94
34 95
34 96
34 97
34 97
34 98
34 99
34 99
34 100
34 100
35 100
35 100
35 100
35 99
35 98
35 98
35 97
36 96
36 95
36 95
36 94
37 93
37 92
38 91
38 90
39 89
39 88
40 87
40 86
40 85
41 84
41 83
42 82
42 81
43 80
43 79
44 78
44 77
45 76
45 75
45 74
46 73
46 72
47 71
47 70
48 69
48 68
49 67
49 66
49 65
50 64
50 63
51 62
51 61
52 60
52 59
53 58
53 57
53 57
52 57
52 57
52 56
52 56
51 56
51 56
51 56
51 56
51 55
51 55
51 55
52 55
52 55
53 54
53 54
54 53
54 53
55 52
55 52
56 51
57 50
57 50
58 49
58 49
59 48
60 48
60 48
61 47
62 47
62 47
63 46
63 45
63 45
64 45
64 45
65 44
65 44
66 44
66 44
66 45
66 45
66 46
66 47
66 47
66 48
66 49
66 49
65 50
65 51
65 51
65 52
65 53
65 54
65 54
65 55
64 56
64 57
64 57
64 58
64 59
64 60
64 61
64 61
64 62
63 63
63 64
63 64
63 65
63 66
63 67
63 68
63 68
63 69
62 70
62 71
62 71
62 72
62 73
62 73
62 74
62 75
62 75
62 76
62 77
62 77
62 77
62 77
62 76
62 76
63 75
63 75
63 74
63 73
63 73
63 72
64 71
64 70
64 70
65 69
66 68
66 68
67 67
67 66
67 66
68 65
69 64
69 64
70 63
70 63
71 63
71 63
72 63
72 63
72 64
72 64
73 65
73 65
74 66
74 67
74 67
74 68
74 68
74 69
74 69
74 70
74 70
75 71
75 71
75 71
75 71
76 70
76 70
76 69
76 69
76 68
77 67
77 66
77 66
78 65
78 64
78 64
79 63
80 63
80 63
81 62
81 62
82 62
82 62
83 63
83 63
84 64
84 64
84 65
84 66
84 66
85 67
85 68
85 68
85 69
85 69
85 70
85 71
85 71
85 72
85 72
85 73
85 73
86 73
86 73
86 73
87 72
87 72
87 71
88 70
88 69
88 69
88 68
89 67
89 66
89 66
90 65
90 64
91 63
91 63
92 62
92 61
93 60
93 60
94 59
95 59
95 59
96 58
96 58
97 59
97 59
98 60
98 60
99 61
99 62
99 62
99 63
99 64
99 65
99 65
99 66
100 67
100 68
100 68
100 69
100 70
100 71
100 72
100 73
100 73
100 74
100 75
99 76
99 77
99 78
99 78
99 79
99 80
99 81
99 82
99 82
99 83
99 84
99 85
99 86
99 86
99 87
99 88
99 89
99 90
