6 12
5 13
4 14
4 15
3 16
3 16
2 16
1 16
1 16
0 15
0 14
0 14
0 14
0 14
1 13
2 13
2 13
3 12
4 11
5 10
5 10
6 9
7 8
8 7
9 7
10 6
11 5
11 5
12 5
13 4
14 4
15 3
16 3
17 2
18 2
18 2
19 2
20 1
21 1
22 1
23 1
24 0
25 0
26 0
26 0
27 0
28 0
29 0
30 1
31 1
32 1
33 1
33 1
34 1
35 1
36 1
37 2
38 2
39 2
40 2
40 2
41 2
42 2
43 2
44 3
45 3
46 3
47 3
47 3
48 3
49 3
50 4
51 4
52 4
52 4
53 4
54 4
55 4
55 4
56 4
57 3
58 3
58 3
59 2
59 2
59 2
59 2
58 1
57 1
57 1
56 1
55 1
54 1
54 1
53 1
52 2
51 2
50 2
50 2
49 2
48 3
47 3
46 3
46 3
45 4
44 4
43 5
42 5
42 5
41 6
40 7
39 7
38 8
38 8
37 9
37 10
36 11
36 11
35 12
35 13
34 14
34 14
33 15
33 16
33 16
33 17
33 18
32 19
32 20
32 21
32 21
32 22
32 23
32 24
31 25
31 26
31 27
31 28
31 29
31 29
31 30
31 31
31 32
31 33
31 34
31 35
31 36
31 37
31 37
31 38
31 39
31 40
31 41
32 42
32 43
32 44
32 45
32 46
32 47
32 47
32 48
32 49
32 50
32 51
32 52
32 53
32 54
32 55
32 56
32 57
32 57
32 58
32 59
32 60
32 61
32 62
33 63
33 64
33 65
33 66
33 67
33 68
33 68
33 69
33 70
33 71
33 72
33 73
33 74
33 75
33 76
33 77
33 77
33 78
33 79
34 80
34 81
34 82
34 83
34 83
34 84
34 85
35 86
35 87
35 88
35 88
36 89
36 89
36 90
36 90
36 91
36 91
37 90
37 90
38 89
38 88
38 88
38 87
38 86
39 85
39 84
39 83
39 82
40 81
40 80
40 79
40 78
41 77
41 76
41 75
41 74
42 73
42 72
42 71
42 70
42 69
43 68
43 67
43 66
43 65
44 64
44 63
44 62
44 61
45 60
45 59
45 58
45 57
46 56
46 55
46 54
46 53
46 52
47 51
47 50
47 49
47 48
48 47
48 46
48 45
48 44
49 43
49 42
49 41
49 40
50 39
50 38
50 37
50 37
51 37
52 36
53 36
54 35
55 35
56 34
57 34
57 34
58 33
58 32
59 31
59 30
59 30
60 29
61 29
61 29
62 29
63 30
64 30
64 30
65 31
66 31
66 31
67 31
68 31
69 31
69 31
70 32
70 32
71 32
72 32
72 32
71 32
71 32
70 32
69 33
68 33
67 34
66 34
65 35
64 35
63 36
62 36
61 37
60 37
60 37
59 38
58 39
57 39
56 40
55 41
55 41
54 42
54 43
54 43
54 44
54 45
53 46
53 47
53 48
53 48
53 49
53 50
52 51
52 52
52 53
52 53
52 54
52 55
52 56
52 57
52 58
52 59
52 59
52 60
52 61
52 62
52 63
52 64
52 65
52 66
52 66
52 67
52 68
52 69
52 70
52 71
52 72
52 72
52 73
52 74
53 75
53 76
53 77
53 78
53 78
53 79
53 80
53 81
53 82
53 82
54 83
54 84
54 84
55 84
55 84
56 83
56 82
56 82
57 81
57 80
57 80
57 79
58 78
58 77
58 76
58 76
58 75
59 74
59 73
59 72
60 71
60 70
60 69
61 68
61 67
61 66
62 65
62 64
62 64
62 63
63 62
63 61
63 60
64 59
64 58
64 57
64 56
65 55
65 54
65 54
66 54
66 54
67 55
67 56
67 56
67 57
67 58
67 59
67 60
67 61
67 61
67 62
67 63
67 64
67 65
67 66
67 67
67 67
67 68
67 69
67 70
67 71
67 72
67 73
67 74
67 75
67 75
67 76
67 77
67 78
67 79
67 80
67 81
67 82
67 83
67 83
67 84
67 85
67 86
67 87
67 88
67 88
67 89
67 90
67 91
67 91
68 91
68 91
69 90
69 90
70 89
70 88
71 87
71 87
72 86
72 85
73 84
73 83
73 83
73 82
73 81
74 80
74 79
74 78
74 78
74 77
75 76
75 75
75 74
75 74
75 73
75 72
76 71
76 70
76 69
76 69
77 68
77 68
77 68
77 69
77 70
77 71
77 71
77 72
77 73
77 74
77 75
77 75
77 76
77 77
77 78
77 79
77 80
77 80
77 81
77 82
77 83
77 84
77 85
77 85
77 86
77 87
77 88
77 88
77 89
77 90
77 90
78 91
78 91
79 90
79 89
79 89
80 88
80 87
81 86
81 85
81 85
81 84
82 83
82 82
83 81
83 80
83 80
84 79
84 78
85 77
85 76
86 75
86 74
86 74
86 73
87 72
87 71
88 70
88 69
89 68
89 67
89 67
90 66
90 65
91 64
91 63
92 62
92 61
92 61
93 60
94 59
94 59
95 59
95 59
95 60
96 61
96 62
96 63
96 63
96 64
96 65
96 66
96 67
96 68
96 69
96 69
96 70
96 71
96 72
97 73
97 74
97 75
97 76
97 76
97 77
97 78
97 79
97 80
98 81
98 82
98 83
98 84
98 85
98 85
98 86
98 87
98 88
99 89
99 90
99 91
99 92
99 92
99 93
99 94
99 95
99 96
99 97
99 98
99 98
99 99
99 100
99 100
100 100
100 100
