0 21
1 22
2 23
2 23
2 22
3 21
3 20
3 20
3 19
4 18
4 17
4 16
4 16
5 15
6 15
6 15
7 14
8 14
9 13
10 13
10 13
11 13
12 12
13 12
14 12
15 11
16 11
16 11
17 11
18 11
19 11
20 11
21 10
22 10
23 10
24 10
25 10
25 10
26 10
27 10
28 9
29 9
30 9
31 9
32 8
33 8
34 8
34 8
35 8
36 8
37 7
38 7
39 7
40 7
41 7
42 7
43 6
44 6
45 6
45 6
46 6
47 6
48 6
49 5
50 5
51 5
52 5
53 5
53 5
54 5
55 5
56 5
57 4
58 4
59 4
60 4
60 4
61 4
62 3
63 3
63 3
64 3
64 3
64 3
63 3
63 3
62 2
62 2
61 1
60 1
60 1
59 1
58 0
57 0
57 0
56 0
55 1
54 1
53 1
53 1
52 1
51 2
50 2
49 2
49 2
48 3
47 4
46 5
46 5
45 6
44 7
43 8
42 9
42 9
42 10
41 11
41 12
40 13
40 14
40 14
40 15
39 16
39 17
39 18
38 19
38 20
38 20
38 21
37 22
37 23
37 24
37 25
36 26
36 27
36 28
36 28
36 29
36 30
36 31
36 32
36 33
36 34
36 35
36 36
36 37
36 37
36 38
36 39
36 40
36 41
36 42
36 43
36 44
36 45
36 46
36 47
36 48
36 48
36 49
36 50
36 51
36 52
36 53
36 54
36 55
36 56
36 57
36 58
36 59
36 59
36 60
36 61
36 62
36 63
36 64
36 65
36 66
36 67
36 68
36 69
36 70
36 71
36 71
36 72
36 73
36 74
36 75
37 76
37 77
37 78
37 79
37 80
37 80
37 81
37 82
37 83
37 84
37 85
37 86
37 86
37 87
37 88
37 89
37 90
37 91
37 91
37 92
37 92
38 92
38 92
38 92
39 91
39 90
39 90
39 89
40 88
40 87
40 86
40 85
41 84
41 83
41 82
41 81
42 80
42 79
42 78
42 77
43 76
43 75
43 74
43 73
44 72
44 71
44 70
45 69
45 68
45 67
45 66
46 65
46 64
46 63
46 62
47 61
47 60
47 59
47 58
48 57
48 56
48 55
49 54
49 53
49 52
49 51
50 50
50 49
50 48
50 47
51 46
51 45
51 44
51 43
52 42
52 41
52 40
52 39
53 38
53 37
53 37
54 37
55 37
56 36
57 36
58 36
59 36
59 36
60 36
61 36
61 36
62 36
62 36
63 36
64 37
65 37
65 37
66 37
67 37
67 37
68 37
69 36
70 36
71 36
71 36
72 36
72 36
72 36
71 36
70 36
70 36
69 37
68 38
67 39
67 39
66 40
65 41
64 41
63 42
63 42
62 43
61 44
61 45
60 46
59 47
59 47
58 48
57 49
57 50
56 51
56 51
56 52
56 53
55 54
55 55
55 56
55 57
55 57
55 58
55 59
54 60
54 61
54 62
54 63
54 63
54 64
54 65
54 66
54 67
54 68
54 69
54 70
54 70
54 71
54 72
54 73
54 74
54 75
54 76
54 76
54 77
54 78
55 79
55 80
55 81
55 82
55 82
55 83
55 84
55 85
55 86
55 86
55 87
55 88
55 88
55 88
56 87
56 87
56 86
57 85
57 84
57 84
57 83
58 82
58 81
59 80
59 79
59 79
60 78
60 77
61 76
61 75
62 74
62 73
62 73
62 72
63 71
63 70
64 69
64 68
65 67
65 66
65 66
66 65
66 64
67 63
67 62
68 61
68 60
68 60
69 59
69 59
70 60
70 60
70 61
70 62
70 63
70 63
70 64
70 65
70 66
70 67
70 67
70 68
70 69
70 70
70 71
70 72
70 73
70 73
70 74
70 75
71 76
71 77
71 78
71 78
71 79
71 80
71 81
71 81
71 82
71 83
71 84
71 84
71 85
71 86
71 86
72 85
72 85
73 84
73 84
74 83
74 82
75 81
75 80
75 80
76 79
76 78
77 77
77 76
77 76
77 75
78 74
78 73
79 72
79 71
79 71
80 70
80 69
81 68
81 67
81 67
82 66
83 65
83 65
84 66
84 66
84 67
84 68
84 69
84 70
84 70
84 71
84 72
84 73
84 74
84 74
84 75
84 76
84 77
84 78
84 79
84 80
84 80
84 81
84 82
84 83
84 84
84 85
84 85
84 86
84 87
84 88
84 88
85 89
85 89
86 88
86 88
87 87
88 86
88 86
89 85
90 84
90 83
91 82
91 82
92 81
92 80
93 79
93 78
94 77
94 77
94 76
95 75
95 74
96 73
96 72
97 71
97 70
98 69
98 68
98 68
99 67
99 67
99 68
100 69
100 70
100 70
100 71
100 72
99 73
99 74
99 75
99 75
99 76
99 77
99 78
99 79
99 80
99 81
99 81
99 82
99 83
99 84
98 85
98 86
98 87
98 88
98 89
98 89
98 90
98 91
97 92
97 93
97 94
97 95
97 95
97 96
97 97
96 98
96 99
96 100
