2 36
1 36
1 36
0 36
0 36
0 35
0 35
0 35
0 35
0 35
0 35
0 35
1 35
1 35
2 34
2 34
3 33
4 33
4 33
5 32
6 32
6 32
7 31
8 31
8 31
9 30
10 30
11 29
11 29
12 28
13 28
13 28
14 27
15 27
16 26
16 26
17 26
18 25
19 25
20 25
20 25
21 25
22 24
23 24
23 24
24 23
25 23
26 22
26 22
27 22
28 21
29 21
30 21
30 21
31 20
32 20
33 19
34 19
34 19
35 18
36 18
37 17
38 17
38 17
39 16
40 16
41 15
42 15
42 15
43 14
44 14
45 13
46 13
46 13
47 12
48 12
49 11
50 11
50 11
51 10
52 10
53 9
53 9
54 9
55 8
56 8
56 8
57 7
58 7
58 7
59 6
60 5
60 5
61 4
61 4
62 3
62 3
62 3
61 2
61 2
61 1
61 1
60 1
59 1
59 1
58 0
58 0
57 1
57 1
56 1
55 1
55 1
54 2
53 2
53 2
52 3
51 3
51 3
50 4
50 4
49 5
48 6
48 6
47 7
47 8
46 9
46 9
45 10
45 11
44 12
44 12
43 13
42 14
42 15
41 16
41 16
40 17
40 18
39 19
39 20
39 20
39 21
38 22
38 23
38 24
38 24
38 25
37 26
37 27
36 28
36 29
36 29
36 30
36 31
35 32
35 33
35 34
35 34
35 35
35 36
34 37
34 38
34 39
34 39
34 40
34 41
33 42
33 43
33 44
33 45
33 45
33 46
33 47
33 48
33 49
33 50
33 51
33 51
33 52
33 53
33 54
32 55
32 56
32 57
32 58
32 58
32 59
32 60
32 61
31 62
31 63
31 64
31 65
31 65
31 66
31 67
31 68
31 69
31 70
31 71
31 72
31 72
31 73
31 74
30 75
30 76
30 77
30 78
30 78
30 79
30 80
30 81
30 82
30 83
30 84
30 84
30 85
30 86
30 87
30 88
30 89
30 89
30 90
30 91
30 92
30 92
30 93
30 94
30 95
30 96
30 96
29 97
29 98
29 98
29 99
29 100
29 100
29 100
29 100
29 99
29 99
28 98
28 97
28 97
28 96
28 95
28 94
28 94
28 93
28 92
28 91
28 91
28 90
29 89
29 88
29 87
29 87
29 86
30 85
30 84
30 84
31 83
31 82
32 81
32 81
32 80
33 79
33 78
33 78
34 77
35 76
36 76
37 75
38 74
39 73
40 72
41 71
42 71
43 70
44 69
44 69
44 69
44 68
44 68
44 69
44 69
44 70
44 70
44 70
45 70
45 70
45 69
45 69
46 69
46 69
47 68
47 68
48 67
49 66
49 66
50 65
50 65
51 64
52 63
52 63
53 62
53 62
54 61
55 60
55 60
56 59
57 59
57 59
58 58
58 58
59 57
60 56
60 56
61 56
61 56
61 55
61 55
62 55
62 55
62 55
63 55
63 55
63 56
63 56
62 57
62 57
62 58
62 58
61 59
61 59
61 60
61 61
61 61
60 62
60 63
60 63
60 64
60 65
60 65
60 66
59 67
59 68
59 69
59 69
59 70
59 71
59 72
59 72
59 73
59 74
59 75
59 75
59 76
58 77
58 78
58 79
58 79
58 80
58 81
58 81
58 82
58 83
58 84
58 84
58 85
58 86
58 86
58 87
58 87
58 88
58 88
59 88
59 88
59 87
59 87
59 86
59 86
59 85
60 84
60 83
60 83
61 82
61 81
61 81
62 80
62 79
63 78
63 77
63 77
64 76
64 75
64 75
65 74
66 73
66 73
67 72
67 72
68 71
68 71
69 70
70 70
70 70
71 70
71 70
71 71
71 71
72 72
72 72
72 73
72 73
73 74
73 75
73 75
73 76
73 77
73 77
73 78
73 79
73 79
74 80
74 81
74 81
74 82
74 82
74 83
74 83
75 83
75 83
75 82
75 82
76 81
76 81
76 80
76 79
76 79
77 78
77 77
77 77
78 76
79 75
79 75
80 74
80 74
81 73
81 73
82 74
82 74
83 75
83 75
84 76
84 76
84 77
84 77
85 78
85 78
85 79
85 79
85 80
85 80
86 80
86 80
86 80
86 79
86 79
87 78
87 77
87 77
87 76
88 75
88 74
88 74
88 73
89 72
89 71
89 71
90 70
90 69
91 68
91 68
92 68
93 68
93 68
94 68
94 68
95 69
95 70
95 70
96 71
96 71
97 72
97 73
97 73
98 74
98 75
98 75
98 76
98 77
98 78
98 78
99 79
99 80
99 80
99 81
99 82
99 82
100 83
