2 18
1 19
1 19
0 19
0 19
0 18
0 18
0 18
0 18
0 18
1 18
1 18
2 17
2 17
3 16
4 16
4 16
5 16
6 15
7 15
7 15
8 15
9 14
10 14
10 14
11 13
12 13
13 12
13 12
14 12
15 11
16 11
17 10
18 10
18 10
19 10
20 9
21 9
22 8
23 8
23 8
24 7
25 7
26 6
27 6
28 5
28 5
29 5
30 5
31 4
32 4
33 4
33 4
34 4
35 3
36 3
37 2
38 2
38 2
39 2
40 1
41 1
42 1
42 1
43 1
44 1
45 1
45 1
46 1
47 0
48 0
48 0
49 1
50 1
50 1
51 1
52 1
52 1
52 2
52 2
52 2
51 3
51 3
50 4
49 4
49 4
48 5
47 5
47 5
46 6
45 7
45 7
44 8
43 8
43 8
42 9
41 9
40 10
40 10
39 11
38 12
38 12
37 13
37 14
36 15
36 15
35 16
35 17
34 18
34 18
34 19
33 20
33 21
33 22
33 22
32 23
32 24
31 25
31 26
31 26
31 27
31 28
30 29
30 30
30 31
30 32
30 32
30 33
29 34
29 35
29 36
28 37
28 38
28 38
28 39
28 40
27 41
27 42
27 43
27 44
27 44
27 45
27 46
27 47
26 48
26 49
26 50
26 51
26 51
26 52
26 53
26 54
26 55
26 56
26 57
26 58
26 59
26 60
26 60
26 61
26 62
26 63
26 64
26 65
26 66
26 67
26 67
26 68
26 69
26 70
26 71
26 72
26 73
26 74
26 75
26 75
26 76
26 77
26 78
26 79
26 80
26 81
26 82
26 82
26 83
26 84
27 85
27 86
27 87
27 87
27 88
27 89
27 90
27 91
27 91
28 92
28 93
28 93
28 94
28 95
28 95
29 95
29 95
29 95
30 94
30 93
31 92
32 91
33 90
33 89
34 88
35 87
35 86
36 85
37 84
37 83
38 82
39 81
40 80
40 79
41 78
42 77
42 76
43 75
44 74
44 73
45 72
46 71
47 70
47 69
48 68
49 67
49 66
50 65
50 65
50 66
50 66
49 65
49 65
49 64
49 64
48 63
48 62
48 62
48 61
48 60
48 60
48 59
48 58
48 58
48 57
48 56
48 56
49 55
49 55
50 54
50 53
50 53
51 52
51 52
52 51
52 51
53 50
54 49
54 49
55 48
55 48
56 48
56 48
57 47
57 47
58 47
58 47
59 47
59 47
60 48
60 48
60 49
60 49
60 50
60 51
60 52
60 52
60 53
59 54
59 55
59 55
59 56
59 57
59 58
59 58
59 59
58 60
58 61
58 62
58 62
58 63
58 64
57 65
57 66
57 67
57 67
57 68
56 69
56 70
56 71
56 71
56 72
56 73
56 74
56 75
56 75
56 76
55 77
55 78
55 79
55 79
55 80
55 81
55 82
55 83
55 83
55 84
55 85
55 86
55 86
55 87
55 88
55 89
55 89
55 90
55 91
55 91
56 91
56 91
56 92
56 92
57 91
57 91
57 90
57 90
58 89
58 89
59 88
59 87
59 87
60 86
60 85
60 85
60 84
61 83
61 82
61 82
62 81
62 80
62 80
62 79
63 78
63 77
63 77
63 76
64 75
64 74
64 73
64 73
64 72
65 71
65 70
65 70
66 69
66 68
66 68
67 67
67 66
67 66
67 65
67 65
68 65
68 65
68 66
68 66
68 67
68 67
68 68
68 69
68 69
69 70
69 71
69 71
69 72
69 73
69 73
70 74
70 75
70 75
70 76
70 77
70 77
70 78
70 79
70 79
71 80
71 80
71 80
72 80
72 80
72 80
73 79
73 78
73 78
74 77
74 76
74 76
74 75
75 74
75 73
75 73
75 72
76 71
76 70
76 70
77 69
77 68
77 68
78 67
78 67
79 66
79 66
80 67
80 67
80 68
80 68
81 69
81 69
81 70
81 71
81 71
82 72
82 73
82 73
82 74
82 75
82 75
83 76
83 76
84 77
84 77
85 76
85 76
86 75
86 75
87 74
87 73
87 73
88 72
88 71
88 71
89 70
89 69
90 68
90 68
91 67
91 66
91 66
92 65
92 64
92 64
93 63
94 62
94 62
95 61
95 61
95 60
95 60
96 60
96 60
97 61
97 61
98 62
98 62
98 63
98 64
98 64
99 65
99 66
99 66
99 67
99 68
99 69
99 69
99 70
100 71
100 72
100 73
100 73
100 74
100 75
100 76
100 77
100 78
100 78
100 79
100 80
99 81
99 82
99 83
99 83
99 84
99 85
99 86
99 87
99 88
99 88
99 89
99 90
99 91
99 92
99 93
99 93
99 94
98 95
98 96
98 97
98 97
98 98
98 99
98 100
