2 26
1 27
1 27
0 27
0 27
0 26
0 26
0 25
0 25
0 25
0 25
0 25
0 25
0 25
1 24
1 24
2 23
3 23
3 23
4 22
5 22
6 21
6 21
7 20
8 19
9 18
9 18
10 17
11 17
12 16
13 16
14 15
14 15
15 14
16 14
17 13
18 13
19 12
20 12
21 11
21 11
22 10
23 10
24 9
25 9
26 8
27 8
27 8
28 7
29 7
30 6
31 5
32 5
33 4
33 4
34 4
35 3
36 3
37 3
38 2
39 2
39 2
40 2
41 1
42 1
43 1
43 1
44 1
45 0
46 0
47 0
47 0
48 0
49 1
50 1
50 1
51 1
51 1
52 2
53 2
53 2
53 2
53 2
53 2
52 2
52 2
51 2
51 2
50 2
49 2
49 2
48 3
47 3
47 3
46 4
45 4
44 5
44 5
43 6
42 6
41 7
41 7
40 8
39 8
38 9
38 9
37 10
36 11
35 12
35 12
34 13
33 13
33 13
32 14
31 15
31 15
30 16
30 17
30 17
29 18
29 19
28 20
28 20
28 21
27 22
27 23
27 23
27 24
26 25
26 26
26 27
26 27
26 28
25 29
25 30
25 31
25 31
25 32
25 33
25 34
25 35
25 35
25 36
25 37
25 38
25 39
25 39
25 40
26 41
26 42
26 43
26 43
26 44
26 45
26 46
26 46
26 47
26 48
27 49
27 50
27 51
27 51
27 52
27 53
27 54
28 55
28 56
28 57
28 58
28 58
28 59
28 60
28 61
28 62
28 63
28 64
28 65
28 66
28 66
28 67
28 68
28 69
28 70
28 71
28 72
28 73
28 73
28 74
28 75
28 76
28 77
28 78
28 79
28 80
28 81
28 81
28 82
28 83
28 84
28 85
28 86
28 87
28 88
28 88
28 89
28 90
28 91
28 92
28 93
28 94
28 95
28 95
28 96
28 97
28 98
28 99
28 99
28 100
28 100
28 100
28 100
29 99
29 98
29 98
29 97
30 96
30 95
31 94
31 93
32 92
32 91
33 90
33 89
34 88
34 87
35 86
35 85
36 84
36 83
37 82
37 81
38 80
38 79
39 78
39 77
39 76
40 75
40 74
41 73
41 72
42 71
42 70
43 69
43 68
44 67
44 66
45 65
45 64
46 63
46 62
47 61
47 60
48 59
48 58
48 58
47 58
47 58
46 57
46 57
46 56
46 56
47 55
47 54
47 54
47 53
47 52
47 52
47 51
48 50
48 49
48 49
49 48
49 48
50 47
50 47
50 47
50 47
51 48
51 48
51 49
51 49
52 50
52 50
52 51
52 51
52 52
52 53
52 53
52 54
52 55
52 56
52 56
52 57
52 58
52 59
52 59
52 60
52 61
52 62
52 62
52 63
52 64
52 65
52 66
52 66
52 67
52 68
51 69
51 70
51 71
51 71
51 72
51 73
51 74
51 75
51 75
51 76
51 77
51 78
51 79
51 79
51 80
51 81
51 82
51 83
51 83
51 84
51 85
51 86
51 86
51 87
51 88
51 88
51 89
51 90
51 90
51 90
51 90
51 90
51 90
51 89
51 89
52 88
52 87
52 87
52 86
53 85
53 84
53 84
53 83
54 82
54 81
54 81
54 80
55 79
55 78
55 77
55 77
56 76
57 75
57 75
58 74
58 74
59 74
59 74
60 74
60 74
61 75
61 75
61 76
61 77
61 77
62 78
62 79
62 79
62 80
62 80
63 81
63 82
63 82
63 83
63 83
64 83
64 83
64 82
64 82
65 81
66 80
66 80
67 79
67 78
68 77
68 77
69 76
69 75
70 74
70 74
71 73
71 73
72 72
73 72
73 72
74 73
74 73
74 74
74 74
75 75
75 76
75 76
75 77
75 78
75 78
76 79
76 79
77 80
77 81
77 81
78 82
78 82
79 82
79 82
80 81
80 81
81 80
82 80
82 80
83 79
84 78
84 78
85 77
86 77
87 76
87 76
88 75
89 74
89 74
90 73
91 73
91 73
92 73
93 73
93 73
94 73
94 73
95 74
95 75
95 75
95 76
95 77
95 77
96 78
96 79
96 79
96 80
97 81
97 82
97 82
97 83
97 84
97 85
97 86
97 86
98 87
98 88
98 88
99 89
100 90
