12 29
11 30
10 31
10 32
9 33
9 33
8 34
7 34
7 34
6 35
5 36
5 36
4 37
4 37
3 38
3 39
3 39
3 40
3 40
2 39
2 39
1 38
1 38
1 38
0 37
0 37
0 37
0 37
0 37
1 36
1 36
2 35
3 35
4 34
4 34
5 33
6 32
7 31
8 30
9 29
9 29
10 28
11 27
12 26
12 25
13 24
14 23
14 23
15 22
16 22
17 21
18 20
19 20
20 19
21 19
22 18
22 18
23 17
24 17
25 16
26 15
27 15
28 14
29 14
30 13
30 13
31 13
32 12
33 12
34 11
35 11
36 11
37 10
38 10
38 10
39 10
40 9
41 9
42 9
43 9
44 8
45 8
45 8
46 8
47 7
48 7
49 7
50 6
51 6
51 6
52 5
53 5
54 4
55 4
56 3
56 3
57 3
58 2
59 2
60 2
60 2
61 1
62 1
62 1
63 0
63 0
63 1
63 1
62 2
61 2
60 3
60 3
59 3
58 4
57 4
56 5
55 5
55 5
54 5
53 5
52 5
52 5
51 5
50 6
49 6
49 6
48 7
47 7
47 7
46 8
46 9
46 9
46 10
45 11
45 12
45 12
45 13
45 14
45 15
44 16
44 17
44 18
44 19
44 19
44 20
44 21
44 22
44 23
44 24
44 25
44 26
44 26
44 27
44 28
44 29
44 30
43 31
43 32
43 33
43 34
43 35
43 36
43 36
43 37
43 38
43 39
43 40
43 41
43 42
43 43
43 44
43 45
43 46
43 47
43 47
43 48
43 49
43 50
43 51
43 52
44 53
44 54
44 55
44 56
44 57
44 58
44 58
44 59
44 60
44 61
44 62
44 63
44 64
44 65
44 66
44 67
44 68
44 69
44 69
44 70
44 71
44 72
44 73
45 74
45 75
45 76
45 77
45 78
45 78
45 79
45 80
45 81
46 82
46 83
46 84
46 85
46 86
46 86
46 87
46 88
47 89
47 90
47 91
47 92
47 92
47 93
47 94
47 95
47 96
47 96
47 97
48 98
48 99
48 99
49 100
49 100
49 100
49 100
49 99
49 99
50 98
50 97
50 97
50 96
50 95
50 94
50 93
50 93
50 92
50 91
51 90
51 89
51 88
51 87
51 87
51 86
51 85
51 84
52 83
52 82
52 81
52 80
52 79
52 78
52 77
52 76
53 75
53 74
53 73
53 72
53 72
53 71
53 70
54 69
54 68
54 67
54 66
54 65
55 64
55 63
55 62
55 61
55 60
56 59
56 58
56 57
56 57
56 56
56 55
57 54
57 53
57 52
57 51
57 51
58 50
58 49
59 48
59 47
59 47
60 46
60 45
61 44
61 43
61 43
61 42
62 41
62 40
62 40
63 39
64 39
64 39
65 40
65 40
66 41
66 41
66 42
67 43
67 44
67 44
67 45
67 46
67 47
67 48
67 48
67 49
67 50
67 51
67 52
67 53
67 53
67 54
67 55
66 56
66 57
66 58
66 58
66 59
65 60
65 61
65 62
65 62
64 63
64 64
63 65
63 65
63 66
62 67
62 68
62 69
62 69
61 70
61 71
61 71
60 72
60 73
60 73
59 74
59 74
59 75
59 76
59 76
59 77
59 78
59 78
59 79
59 80
59 81
59 81
60 82
60 83
60 83
61 84
61 85
61 85
61 86
61 86
62 86
62 86
62 85
62 85
63 84
64 83
64 83
64 82
65 81
65 80
65 79
65 79
66 78
66 77
67 76
67 75
67 75
67 74
67 73
68 72
68 71
68 70
68 70
69 69
69 68
69 68
70 67
70 67
70 68
70 68
70 69
70 70
70 71
70 71
70 72
70 73
70 74
70 75
70 76
70 76
70 77
70 78
71 79
71 80
71 81
71 82
71 82
71 83
71 84
71 85
71 85
71 86
72 87
72 88
72 88
73 89
73 90
73 90
73 90
74 90
74 90
75 89
75 88
75 88
76 87
76 86
77 85
77 85
78 84
78 83
78 83
78 82
79 81
79 80
79 79
79 79
79 78
80 77
80 76
80 75
80 75
81 74
82 73
82 73
83 72
83 71
83 71
83 71
83 72
83 73
83 74
83 74
83 75
83 76
83 77
83 77
83 78
83 79
83 80
83 81
83 81
83 82
83 83
83 84
83 85
83 85
83 86
83 87
83 88
83 89
83 89
84 90
84 91
84 91
84 92
84 92
85 92
85 92
86 91
86 91
87 90
87 89
87 89
88 88
88 87
89 86
89 86
89 85
90 84
90 83
90 83
91 82
91 81
92 80
92 79
92 79
92 78
92 77
93 76
93 75
93 74
93 74
93 73
94 72
94 71
94 70
94 69
95 68
95 67
95 67
95 66
96 65
96 64
96 63
96 63
96 62
97 61
97 60
97 59
97 59
97 59
97 60
97 60
98 61
98 61
98 62
98 63
98 64
98 64
98 65
98 66
97 67
97 68
97 69
97 69
97 70
97 71
97 72
97 73
97 73
97 74
97 75
97 76
97 77
97 78
97 79
97 79
97 80
97 81
97 82
97 83
97 84
97 84
97 85
97 86
97 87
97 88
97 88
97 89
97 90
97 91
97 92
97 92
97 93
98 94
98 95
98 95
98 96
98 97
98 97
99 98
99 98
100 98
