0 44
0 45
0 45
0 45
0 44
0 44
0 44
0 44
0 44
0 43
0 43
1 43
2 43
2 43
3 42
4 42
4 42
5 42
6 41
7 41
7 41
8 41
9 40
10 40
11 40
11 40
12 39
13 39
14 38
15 38
15 38
16 37
17 36
18 36
19 35
19 35
20 35
21 34
22 34
23 33
24 33
24 33
25 32
26 32
27 31
28 31
29 30
30 30
30 30
31 30
32 29
33 29
34 28
35 28
35 28
36 27
37 27
38 26
39 26
40 25
40 25
41 24
42 24
43 23
44 23
45 22
45 22
46 21
47 20
48 20
49 19
49 19
50 18
51 18
52 17
52 17
53 16
53 15
54 14
54 14
55 13
56 12
56 12
56 11
57 10
57 9
57 9
57 8
57 7
57 7
57 6
57 5
57 5
57 4
57 4
57 3
57 2
57 2
56 1
56 1
55 0
55 0
54 0
53 0
53 0
52 1
51 1
51 1
50 2
49 3
49 3
48 4
47 5
47 5
46 6
45 7
45 7
45 8
44 9
44 10
44 10
43 11
43 12
42 13
42 14
42 14
42 15
42 16
41 17
41 18
41 19
41 19
41 20
40 21
40 22
40 23
40 24
39 25
39 26
39 27
39 27
39 28
38 29
38 30
38 31
38 32
37 33
37 34
37 35
37 35
37 36
37 37
36 38
36 39
36 40
36 41
36 42
35 43
35 44
35 45
35 45
35 46
35 47
34 48
34 49
34 50
34 51
34 52
33 53
33 54
33 55
33 55
33 56
33 57
32 58
32 59
32 60
32 61
32 62
31 63
31 64
31 65
31 65
31 66
31 67
30 68
30 69
30 70
30 71
29 72
29 73
29 74
29 74
29 75
29 76
29 77
28 78
28 79
28 80
28 81
28 81
28 82
28 83
28 84
28 85
28 86
28 87
28 88
28 88
28 89
28 90
28 91
28 92
28 93
28 94
28 94
28 95
28 96
28 97
28 97
28 98
28 99
28 99
28 100
28 100
28 99
29 98
29 97
29 96
29 95
30 94
30 93
30 92
31 91
31 90
31 89
32 88
32 87
32 86
32 85
33 84
33 83
33 82
34 81
34 80
34 79
34 78
35 77
35 76
35 75
36 74
36 73
36 72
37 71
37 70
37 69
37 68
38 67
38 66
38 66
37 67
37 67
37 67
36 67
36 67
36 66
36 66
36 65
36 65
37 64
37 64
38 63
38 62
38 62
39 61
39 60
39 60
40 59
41 58
41 58
42 57
43 56
44 55
44 55
45 54
46 53
46 53
47 52
48 52
49 51
49 51
50 50
50 50
51 49
52 49
52 49
52 50
52 50
52 51
52 51
52 52
52 53
52 54
52 54
52 55
52 56
52 57
52 57
52 58
52 59
51 60
51 61
51 62
51 62
51 63
50 64
50 65
50 66
50 66
50 67
50 68
50 69
50 70
50 70
50 71
50 72
50 73
50 74
50 74
50 75
49 76
49 77
49 77
49 78
49 79
49 80
49 81
49 81
49 82
49 83
49 83
50 84
50 84
50 84
50 84
51 83
51 83
52 82
52 81
52 81
53 80
53 79
54 78
54 77
54 77
54 76
54 75
55 74
55 73
55 72
55 72
56 71
56 70
57 69
57 68
57 68
57 67
58 66
58 65
59 64
59 63
59 63
59 62
60 61
60 60
60 60
61 59
61 58
62 57
62 57
63 56
63 56
64 55
64 55
65 55
65 55
66 56
66 56
66 57
67 58
67 59
67 59
67 60
68 61
68 62
68 62
68 63
68 64
68 65
68 66
68 66
68 67
68 68
68 69
68 69
68 70
68 71
68 71
68 72
68 73
68 73
68 74
68 74
69 74
69 74
69 74
70 73
70 72
70 72
71 71
71 70
71 70
71 69
72 68
72 67
72 66
72 66
72 65
73 64
73 63
73 63
73 62
74 61
74 60
74 59
74 59
75 58
76 58
76 58
77 58
77 58
77 59
77 59
78 60
78 61
78 61
78 62
78 63
78 64
78 64
78 65
79 66
79 67
79 67
79 68
80 69
80 70
80 70
80 71
80 71
81 72
81 72
82 72
82 72
82 71
82 71
83 70
84 69
84 69
85 68
86 67
86 67
87 66
87 65
88 64
88 64
89 63
89 62
89 62
90 61
90 61
91 62
91 62
92 63
92 64
92 64
93 65
93 66
94 67
94 67
94 68
95 69
95 70
95 70
96 71
97 72
97 72
98 73
99 74
