1 30
0 30
0 30
0 30
0 30
0 30
0 30
0 30
1 29
1 29
2 29
2 29
3 28
3 28
4 27
4 27
5 26
6 26
6 26
7 26
8 25
9 25
9 25
10 24
11 24
12 23
12 23
13 23
14 22
15 22
15 22
16 22
17 21
18 21
19 21
19 21
20 20
21 20
22 19
23 19
23 19
24 18
25 18
26 17
26 17
27 17
28 17
29 16
30 16
31 16
31 16
32 15
33 15
34 14
35 14
35 14
36 13
37 13
38 12
39 12
39 12
40 12
41 12
42 11
43 11
44 11
44 11
45 10
46 10
47 9
48 9
48 9
49 9
50 9
51 8
52 8
53 8
53 8
54 7
55 7
56 6
57 6
57 6
58 6
59 5
60 5
60 5
61 5
62 4
63 4
64 4
64 4
65 4
66 3
67 3
67 3
68 3
69 3
69 3
70 2
70 2
71 2
71 2
72 2
72 2
72 1
72 1
71 1
71 1
70 1
69 1
68 0
67 0
66 0
65 0
65 0
64 0
63 0
62 1
61 1
60 1
59 1
59 1
58 2
57 2
57 2
56 2
55 3
54 3
54 3
53 4
52 4
52 4
51 5
50 6
50 6
49 7
48 7
47 8
47 8
46 9
45 10
45 10
44 11
43 12
43 12
42 13
42 14
41 15
41 15
40 16
40 17
39 18
39 18
39 19
38 20
38 21
38 21
38 22
37 23
37 24
37 24
37 25
36 26
36 27
36 27
36 28
35 29
35 30
35 31
35 31
35 32
35 33
35 34
35 35
35 35
35 36
34 37
34 38
34 39
34 39
34 40
34 41
34 42
34 43
34 44
34 44
34 45
34 46
34 47
34 48
34 49
34 49
34 50
34 51
33 52
33 53
33 54
33 55
33 55
33 56
33 57
33 58
33 59
33 60
33 61
33 61
33 62
33 63
33 64
33 65
33 65
33 66
33 67
33 68
33 69
33 70
33 71
33 71
33 72
33 73
33 74
33 75
33 76
33 76
33 77
33 78
34 79
34 80
34 81
34 81
34 82
34 83
34 84
34 85
34 85
34 86
34 87
34 88
34 89
34 89
34 90
34 91
34 92
34 92
34 93
34 94
34 95
34 95
34 96
34 97
34 97
35 98
35 98
35 98
35 97
35 97
36 96
36 95
37 94
37 93
38 92
38 91
39 90
39 89
40 88
40 87
41 86
41 85
42 84
42 83
43 82
44 81
44 80
45 79
45 78
46 77
46 76
47 75
47 74
48 73
48 72
49 71
49 70
50 69
51 68
51 67
52 66
52 65
53 64
53 63
54 62
54 61
55 60
55 59
56 58
56 57
57 56
57 55
58 54
58 54
58 53
58 53
58 52
58 52
59 51
59 51
59 51
60 50
60 50
61 49
61 49
62 48
62 48
63 47
63 47
64 46
65 45
65 45
66 44
66 44
67 43
67 43
68 42
68 42
68 42
68 41
68 41
68 42
68 42
68 43
68 43
68 44
68 44
67 45
67 45
67 46
67 47
67 47
66 48
66 49
66 49
66 50
66 51
66 51
66 52
66 53
66 54
66 55
66 55
66 56
65 57
65 58
65 58
65 59
65 60
65 61
65 62
65 62
65 63
64 64
64 65
64 66
64 66
64 67
64 68
64 69
64 70
64 70
64 71
63 72
63 73
63 73
63 74
63 75
63 76
63 76
63 77
63 78
63 79
63 79
63 80
63 81
63 81
63 82
63 82
63 83
63 83
63 83
63 83
64 82
64 82
64 81
65 80
65 79
65 79
65 78
66 77
66 76
66 76
66 75
67 74
67 73
67 73
67 72
68 71
68 70
68 69
68 69
69 68
70 67
70 67
71 66
71 65
71 65
72 64
73 64
73 64
74 63
74 63
74 63
75 64
75 64
76 65
76 65
76 66
76 67
76 67
76 68
76 69
76 69
76 70
76 71
76 71
76 72
76 73
76 73
76 74
76 74
76 75
76 76
76 76
76 76
77 75
77 75
77 74
77 74
77 73
78 72
78 71
78 71
78 70
79 69
79 68
79 68
79 67
80 66
80 65
80 65
81 64
81 63
81 63
82 62
83 62
83 62
84 62
84 62
85 62
85 62
85 63
85 63
86 64
86 65
86 65
86 66
86 67
86 67
87 68
87 69
87 69
87 70
87 71
87 71
87 72
87 72
87 73
87 73
87 74
87 74
88 74
88 74
88 73
88 73
89 72
89 72
89 71
89 70
89 70
90 69
90 68
90 68
91 67
91 66
92 65
92 65
93 64
93 63
93 63
94 62
95 62
95 62
96 62
96 62
97 62
97 62
98 63
98 63
98 64
98 65
98 65
99 66
99 67
99 67
99 68
99 69
99 70
99 70
99 71
100 72
100 73
100 74
100 74
100 75
100 76
100 77
100 78
100 78
100 79
100 80
99 81
99 82
99 83
99 83
99 84
99 85
99 86
99 87
99 88
99 88
99 89
99 90
99 91
99 92
99 93
99 93
99 94
99 95
99 96
99 97
99 97
99 98
99 99
99 99
99 100
99 100
99 100
99 100
99 99
