0 46
1 47
1 47
1 48
1 48
0 47
0 47
0 47
0 47
0 47
0 46
0 46
1 45
2 45
2 45
3 44
4 44
4 44
5 43
6 43
6 43
7 42
8 42
9 41
9 41
10 41
11 40
12 40
12 40
13 39
14 39
15 38
16 38
16 38
17 38
18 37
19 37
20 36
21 36
21 36
22 35
23 34
24 34
25 33
25 33
26 33
27 32
28 32
29 31
30 31
30 31
31 30
32 30
33 29
34 29
34 29
35 28
36 28
37 27
38 27
38 27
39 26
40 26
41 25
42 25
42 25
43 24
44 24
45 23
45 23
46 23
47 22
48 22
48 22
49 21
50 20
50 20
51 19
52 18
52 18
53 17
54 16
54 16
54 15
55 14
55 13
55 13
56 12
56 11
56 11
56 10
56 9
56 9
56 8
56 7
56 7
56 6
56 5
56 5
56 4
56 3
56 3
55 2
55 2
54 1
54 1
53 0
52 0
52 0
51 1
50 1
50 1
49 2
49 2
48 3
47 3
47 3
46 4
46 5
46 5
46 6
45 7
45 8
45 8
45 9
44 10
44 11
44 11
44 12
43 13
43 14
43 15
42 16
42 17
42 17
42 18
42 19
42 20
41 21
41 22
41 23
41 24
41 25
41 25
41 26
41 27
40 28
40 29
40 30
40 31
39 32
39 33
39 34
39 34
39 35
39 36
39 37
39 38
38 39
38 40
38 41
38 42
38 43
38 44
38 44
38 45
38 46
38 47
38 48
37 49
37 50
37 51
37 52
37 53
37 54
37 54
37 55
37 56
36 57
36 58
36 59
36 60
36 61
35 62
35 63
35 64
35 64
35 65
35 66
35 67
35 68
35 69
35 70
35 71
35 72
35 73
35 74
35 74
35 75
35 76
35 77
34 78
34 79
34 80
34 81
34 81
34 82
34 83
34 84
34 85
34 86
34 87
34 88
34 88
34 89
34 90
34 91
34 92
34 92
34 93
35 94
35 95
35 96
35 96
35 97
35 98
35 99
35 99
35 100
35 100
35 99
36 98
36 97
36 96
37 95
37 94
37 93
38 92
38 91
38 90
38 89
39 88
39 87
39 86
40 85
40 84
40 83
41 82
41 81
41 80
42 79
42 78
42 77
43 76
43 75
43 74
43 73
44 72
44 71
44 70
45 69
45 68
45 68
44 67
44 67
43 66
43 66
43 66
43 65
43 65
44 64
44 64
45 63
45 62
45 62
46 61
46 60
46 60
47 59
47 58
48 57
48 57
49 56
49 55
50 54
50 54
51 53
52 53
53 52
53 52
54 51
55 50
55 50
56 49
57 49
57 49
58 48
58 48
59 48
60 48
60 48
60 48
61 49
61 50
61 50
61 51
61 52
61 53
61 53
61 54
60 55
60 56
60 57
60 57
60 58
60 59
60 60
60 61
60 62
60 62
60 63
60 64
59 65
59 66
59 67
59 67
59 68
59 69
58 70
58 71
58 72
58 72
58 73
57 74
57 75
57 76
57 76
57 77
57 78
57 78
57 79
57 80
57 80
57 81
57 81
57 82
57 82
58 82
58 82
58 81
58 81
58 80
59 79
59 78
59 78
59 77
60 76
60 75
60 75
61 74
61 73
62 72
62 71
62 71
62 70
63 69
63 68
64 67
64 66
64 66
64 65
65 64
65 63
66 62
66 61
66 61
66 60
67 59
67 58
67 58
68 57
68 56
68 56
69 55
69 55
70 55
70 55
70 55
70 56
70 56
70 57
71 58
71 59
71 59
71 60
70 61
70 62
70 62
70 63
70 64
70 65
70 66
70 66
70 67
69 68
69 69
69 70
69 70
69 71
69 72
69 72
69 73
68 74
68 75
68 75
68 76
68 76
68 77
68 77
68 77
68 76
68 76
69 75
69 74
69 74
69 73
70 72
70 71
70 71
71 70
71 69
72 68
72 67
72 67
72 66
73 65
73 64
73 64
73 63
74 62
74 61
75 60
75 59
75 59
76 58
76 57
76 57
77 56
77 56
78 56
78 56
78 57
78 57
78 58
78 59
78 59
78 60
79 61
79 62
79 62
79 63
79 64
79 65
79 65
79 66
79 67
79 68
79 68
79 69
79 69
79 70
79 70
79 70
80 70
80 70
80 69
80 69
81 68
81 68
82 67
82 66
83 65
83 65
84 64
84 63
85 62
85 62
86 61
86 60
87 59
87 58
87 58
88 57
88 56
88 56
89 56
89 56
90 57
90 57
90 58
90 59
90 59
90 60
91 61
91 62
91 62
91 63
91 64
91 65
91 65
91 66
91 67
91 68
91 69
91 69
92 70
92 70
93 71
93 71
94 71
95 71
95 71
96 70
97 69
97 69
98 68
99 68
100 67
