14 28
13 27
12 26
11 25
10 24
10 23
9 22
8 21
7 20
6 19
5 18
4 17
3 16
3 15
2 14
1 13
0 12
0 12
0 11
1 10
1 9
1 9
0 8
0 7
0 7
0 6
0 5
0 4
0 4
0 4
0 5
0 6
0 7
0 7
0 8
1 9
1 10
1 11
1 11
1 12
1 13
1 14
1 15
1 16
1 17
1 18
1 18
1 19
1 20
1 21
2 22
2 23
2 24
2 25
2 25
2 26
2 27
2 28
3 29
3 30
3 31
3 32
3 33
3 33
3 34
4 35
4 36
4 36
5 37
6 37
6 37
7 36
8 36
8 36
9 35
9 34
10 33
10 32
10 32
10 31
11 30
11 29
11 28
12 27
12 26
12 26
12 25
13 24
13 23
13 22
13 21
14 20
14 19
14 19
14 18
15 17
15 16
15 15
16 14
16 13
16 13
16 12
16 11
17 10
17 9
17 8
17 8
17 7
17 6
17 5
17 4
17 4
17 3
17 2
17 1
17 1
17 0
17 0
16 1
16 1
16 2
15 3
15 4
15 4
15 5
14 6
14 7
14 8
14 8
14 9
14 10
13 11
13 12
13 13
13 13
13 14
12 15
12 16
12 17
12 17
12 18
12 19
12 20
12 21
12 22
12 22
12 23
12 24
12 25
12 26
12 27
12 28
12 28
12 29
12 30
12 31
13 32
13 33
13 34
13 35
13 35
13 36
13 37
13 38
13 39
13 40
13 41
13 42
13 43
13 44
13 44
13 45
13 46
14 47
14 48
14 49
14 50
14 51
15 52
15 53
15 54
15 54
15 55
15 56
15 57
16 58
16 59
16 60
16 61
16 62
16 62
16 63
16 64
17 65
17 66
17 67
17 68
17 68
17 68
18 69
18 70
19 71
19 72
20 73
20 74
20 74
20 74
20 73
20 72
20 72
20 71
20 70
20 69
20 68
20 68
20 67
20 66
19 65
19 64
19 63
19 63
19 62
19 61
18 60
18 59
18 58
18 58
18 57
18 56
18 55
18 54
18 53
18 52
18 51
18 50
18 49
18 48
17 47
17 46
17 45
17 44
17 43
17 42
17 41
17 40
17 39
17 38
17 37
17 36
17 36
17 35
18 34
18 33
18 32
19 31
19 30
19 30
19 29
19 28
19 27
19 27
19 27
20 26
20 25
20 25
21 24
21 23
22 22
22 22
23 21
23 20
24 19
24 19
25 18
25 17
26 16
26 16
27 15
28 14
28 13
29 12
29 12
30 11
31 10
32 9
32 9
33 8
34 7
35 6
35 6
35 7
34 8
34 9
34 10
33 11
33 12
33 12
33 13
33 14
32 15
32 16
32 17
32 18
32 18
31 19
30 19
30 19
30 20
30 20
30 21
30 22
30 22
30 22
30 23
30 24
30 25
29 26
29 27
29 28
29 29
29 29
29 30
29 31
29 32
28 33
28 34
28 35
28 36
28 36
28 37
28 38
28 39
27 40
27 41
27 42
27 43
27 44
27 44
27 45
27 46
27 47
28 48
28 49
28 50
28 51
28 52
28 52
28 53
28 54
28 55
28 56
28 57
28 58
28 58
28 59
29 60
29 61
29 61
30 62
31 62
31 62
32 62
33 61
34 61
34 61
35 60
35 59
36 58
36 58
36 57
37 56
37 55
38 54
38 53
38 53
39 52
39 51
40 50
40 49
41 48
41 47
41 47
41 46
41 45
42 44
42 43
42 42
42 42
42 41
43 40
43 39
43 38
43 38
43 37
42 36
42 35
42 34
42 34
42 33
41 32
41 31
41 31
40 31
39 31
39 31
38 31
37 31
36 31
36 31
35 32
35 33
34 34
34 34
33 35
32 35
31 36
31 36
30 37
30 38
29 39
29 39
28 40
28 40
28 41
28 41
29 41
29 41
30 40
31 39
31 39
32 38
33 37
33 37
34 36
35 35
36 34
36 34
37 33
38 32
38 31
39 30
39 30
40 29
40 28
41 27
41 26
42 25
42 25
43 24
44 23
44 22
45 21
45 21
46 20
46 19
47 18
47 18
48 17
48 16
48 16
49 15
49 14
49 14
49 14
48 14
48 14
48 15
48 15
48 16
48 17
47 18
47 19
47 20
47 20
47 21
47 22
47 23
46 24
46 25
46 26
46 27
46 27
46 28
46 29
46 30
46 31
46 32
46 33
46 34
46 35
46 35
46 36
46 37
46 38
47 39
47 40
47 41
47 42
47 43
47 43
47 44
47 45
47 46
48 47
48 48
48 49
48 50
48 50
48 51
49 52
49 53
50 54
50 55
50 55
51 56
52 57
52 57
53 57
54 57
54 57
55 56
55 55
56 54
56 54
56 53
57 52
57 51
58 50
58 49
58 49
58 48
59 47
59 46
59 45
59 44
60 43
60 42
60 42
60 41
61 40
61 39
61 38
62 37
62 36
62 36
62 35
62 34
62 33
62 32
62 31
62 31
62 30
62 29
62 28
62 27
62 26
62 26
61 25
61 24
61 24
61 25
61 25
61 26
61 26
61 27
61 28
61 29
61 29
61 30
61 31
61 32
61 33
61 34
61 34
61 35
61 36
61 37
61 37
61 38
62 39
62 40
62 41
62 41
63 42
63 43
64 44
64 44
65 45
65 45
66 45
66 45
67 44
68 43
68 43
69 42
69 41
69 41
70 40
70 39
71 38
71 38
71 37
72 36
72 35
72 35
72 34
72 33
72 32
72 32
72 31
73 30
73 29
73 28
73 28
73 27
72 26
72 25
72 25
72 24
72 24
71 25
71 25
70 26
70 27
70 27
70 28
70 29
70 30
70 31
70 31
70 32
70 33
70 34
70 34
70 35
70 36
70 36
71 37
71 38
71 38
72 37
73 37
73 37
74 36
75 35
75 35
75 34
76 33
76 32
76 32
76 31
77 30
77 29
78 28
78 27
78 27
78 26
79 25
79 24
80 23
80 22
80 22
80 21
81 20
81 19
81 18
81 18
81 17
81 16
81 15
81 14
81 14
81 13
81 12
81 12
80 11
80 11
80 12
80 12
80 13
79 14
79 15
79 15
79 16
79 17
79 18
79 18
80 19
80 20
80 20
81 21
82 21
82 21
83 22
84 22
84 22
85 21
86 21
86 21
87 20
88 19
89 18
89 18
90 17
91 16
92 15
92 15
93 14
93 13
93 13
94 12
95 11
95 11
94 10
94 10
93 9
93 9
92 10
91 10
91 10
90 11
89 11
88 12
88 12
87 13
86 14
86 15
85 16
85 16
84 17
83 18
82 18
81 19
81 19
81 20
80 21
80 22
80 22
79 23
79 23
79 23
80 23
81 23
81 23
82 22
83 21
83 21
84 20
85 19
85 19
86 18
87 17
88 16
88 16
89 15
90 15
90 15
91 15
92 15
92 15
93 16
94 16
94 16
94 17
95 18
95 19
95 19
95 20
95 21
96 22
96 23
96 24
96 24
96 25
96 26
96 27
96 28
96 29
96 30
96 31
96 31
96 32
96 33
96 34
96 35
96 36
96 37
96 38
96 39
96 40
96 41
96 41
96 42
96 43
96 44
96 45
96 46
95 47
95 48
95 49
95 50
95 51
95 52
95 52
95 53
95 54
95 55
95 56
95 57
95 58
94 59
94 60
94 61
94 62
94 63
94 64
94 65
94 65
94 66
94 67
94 68
94 69
94 70
93 71
93 72
93 73
93 74
93 75
93 76
93 76
93 77
93 78
93 79
93 80
92 81
92 82
92 83
92 84
92 85
92 85
92 86
92 87
92 88
92 89
92 90
92 91
92 91
92 92
92 93
93 94
93 95
93 96
93 96
93 97
94 98
94 99
94 99
95 100
95 100
96 100
96 100
97 100
97 100
97 100
97 100
97 100
96 99
96 99
96 99
95 98
95 97
95 97
95 97
95 96
95 95
96 94
96 93
96 92
96 92
96 91
97 90
97 89
97 88
97 88
97 87
97 86
97 85
97 85
97 84
98 83
98 82
98 81
98 81
98 80
99 79
99 78
99 77
100 76
100 75
100 75
