1 18
1 18
0 17
0 17
0 16
0 16
0 16
0 16
0 17
0 17
0 18
0 19
0 19
0 20
0 21
0 22
0 22
0 23
0 24
0 25
0 26
0 27
0 27
0 28
0 29
1 30
1 31
1 32
1 32
1 33
1 34
1 35
1 36
1 37
1 38
1 39
1 39
1 40
1 41
1 42
1 43
1 44
1 45
1 45
1 46
1 47
1 48
1 49
1 50
1 51
1 51
1 52
1 53
1 54
1 55
1 56
1 57
1 57
1 58
1 59
1 59
2 60
3 60
3 60
4 60
5 59
6 59
6 59
7 58
8 57
9 57
10 56
10 56
11 55
12 54
12 53
13 52
14 51
14 51
15 50
15 49
16 48
17 47
17 46
18 45
18 45
19 44
19 43
20 42
20 41
21 40
21 40
22 39
22 38
23 37
23 36
24 35
24 34
24 34
24 33
25 32
25 31
25 30
26 29
26 28
26 28
26 27
26 26
27 25
27 24
27 23
27 22
27 22
27 21
27 20
28 19
28 18
28 17
28 17
28 16
28 15
28 14
28 14
28 13
28 13
27 12
27 12
27 13
27 13
26 13
26 13
25 14
25 14
25 15
25 16
25 16
24 17
24 17
23 18
23 19
23 19
23 20
23 21
23 21
22 22
22 23
22 23
22 24
22 25
21 26
21 27
21 28
21 28
21 29
21 30
21 31
20 32
20 33
20 34
20 35
20 35
20 36
20 37
19 38
19 39
19 40
19 41
18 42
18 43
18 44
18 44
18 45
18 46
17 47
17 48
17 49
17 50
17 51
16 52
16 53
16 54
16 54
16 55
16 56
15 57
15 58
15 59
15 60
15 61
15 62
14 63
14 64
14 65
14 65
14 66
14 67
14 68
14 69
14 70
13 71
13 72
13 73
13 74
13 75
13 76
13 76
13 77
13 78
13 79
13 80
13 81
13 82
13 83
13 84
13 85
13 86
13 86
13 87
13 88
13 89
13 90
13 91
13 92
13 92
13 93
13 94
13 95
13 96
13 97
13 97
13 98
13 99
13 100
13 100
13 100
13 100
13 100
13 99
13 98
13 98
13 97
13 96
13 95
13 95
13 94
12 93
12 92
12 91
12 91
12 90
13 89
13 88
13 87
13 86
14 85
14 84
14 83
14 82
15 81
15 80
15 79
16 78
16 77
16 76
16 75
17 74
17 73
17 72
18 71
18 70
18 69
18 68
19 67
19 66
19 65
19 64
20 63
20 62
20 61
21 60
21 59
21 58
21 57
22 56
22 55
22 54
22 53
23 52
23 51
23 50
24 49
24 48
24 47
24 46
25 45
25 44
25 43
26 42
26 41
26 40
26 39
27 38
27 37
27 36
27 35
28 34
28 33
28 33
27 34
26 34
26 34
25 35
24 36
24 36
23 36
22 37
21 37
21 37
20 38
20 39
20 39
19 40
18 40
18 40
19 40
19 40
20 39
20 39
21 38
22 38
23 37
23 37
24 36
25 35
26 34
26 34
27 33
28 32
29 32
30 31
30 31
31 30
32 29
32 29
33 28
34 27
35 26
35 26
36 25
37 25
37 25
38 24
38 24
39 23
39 23
40 22
40 22
41 22
41 22
41 22
40 22
40 22
40 23
40 23
39 24
39 25
39 25
38 26
38 27
37 28
37 29
37 29
36 30
36 31
35 32
35 33
34 34
34 35
34 35
34 36
33 37
33 38
33 39
32 40
32 41
32 41
32 42
31 43
31 44
31 45
30 46
30 47
30 47
30 48
30 49
29 50
29 51
29 52
29 52
29 53
29 54
28 55
28 56
28 57
28 57
28 58
27 59
27 60
27 61
27 61
27 62
27 63
27 63
27 64
27 65
27 65
28 65
28 65
29 64
29 64
30 63
30 62
31 61
31 61
32 60
33 60
34 59
34 59
35 58
35 57
36 56
36 56
37 55
38 55
39 54
39 54
40 53
41 52
41 52
41 51
42 50
42 49
42 49
43 48
44 47
44 47
45 46
45 45
45 45
45 44
46 43
46 42
46 42
46 41
46 40
46 40
46 39
47 38
47 37
47 36
47 36
46 35
46 34
46 34
46 33
46 33
46 33
45 34
45 34
45 34
45 35
45 35
44 36
44 36
44 36
44 36
44 36
44 36
44 36
45 36
45 36
45 35
45 35
45 35
45 35
45 35
45 35
45 36
45 36
45 36
45 36
45 36
45 36
44 36
44 36
44 36
44 36
43 35
43 35
43 35
42 35
42 35
41 35
41 35
40 35
40 35
39 36
39 36
38 37
37 37
37 37
36 38
35 38
35 38
34 39
33 39
32 40
32 40
31 41
30 42
30 42
29 43
28 43
28 43
27 44
27 45
27 45
26 45
26 45
26 45
26 45
26 45
27 45
27 45
27 45
27 45
28 45
28 45
28 45
28 44
28 44
28 44
28 44
28 44
29 44
29 44
30 43
30 42
30 42
31 41
32 40
32 40
33 39
33 38
34 37
34 37
35 36
36 35
37 35
38 34
38 34
39 33
40 32
41 32
42 31
42 31
43 30
44 29
45 28
45 28
46 27
47 27
48 26
48 26
49 25
50 24
51 23
51 23
52 22
53 22
53 22
54 21
54 20
54 20
54 20
54 20
53 19
53 19
53 19
52 19
52 19
51 19
51 19
51 19
51 19
51 19
51 19
51 19
51 19
52 19
52 19
52 19
52 19
52 19
52 19
52 19
52 19
52 19
52 20
52 21
52 21
51 22
51 23
51 23
51 24
50 25
50 26
50 27
50 27
50 28
50 29
49 30
49 31
49 32
49 32
49 33
48 34
48 35
48 36
47 37
47 38
47 38
47 39
47 40
46 41
46 42
46 43
46 43
46 44
46 45
46 45
47 46
47 47
47 47
48 47
48 47
49 46
49 46
50 45
51 44
51 44
51 43
52 42
52 41
52 41
52 40
53 39
53 38
53 38
53 37
54 36
54 35
54 34
54 34
54 33
55 32
55 31
55 30
55 30
55 29
56 28
56 27
56 26
56 26
56 25
56 24
56 24
56 23
56 23
56 24
56 24
56 24
56 25
56 26
56 26
56 27
56 28
56 29
56 30
56 30
56 31
55 32
55 33
55 34
55 34
55 35
54 36
54 37
54 37
54 38
54 39
54 40
54 40
54 41
54 41
55 41
56 41
56 41
57 40
57 39
57 39
58 38
58 37
59 36
59 36
60 35
61 34
62 33
62 33
62 32
63 31
63 30
63 30
64 29
64 28
65 27
65 26
65 26
65 25
66 24
66 23
66 23
66 22
66 21
66 21
66 21
66 22
66 22
65 23
65 23
65 24
64 25
64 26
64 26
64 27
63 28
63 29
63 29
62 30
62 31
62 31
62 32
62 33
62 33
63 33
63 33
64 34
64 34
65 33
65 32
65 32
66 31
67 30
67 30
68 29
69 29
70 28
70 28
71 27
72 26
72 26
73 25
73 24
73 24
74 24
75 24
75 24
76 24
77 24
77 24
78 23
79 23
79 23
80 23
81 23
82 23
82 23
83 22
84 22
84 22
85 22
86 21
87 21
87 21
88 20
89 19
90 19
91 18
91 18
92 17
93 16
94 15
94 15
95 14
95 13
96 12
96 12
97 11
97 10
98 9
98 9
98 8
99 7
99 6
99 6
99 5
99 4
99 3
99 3
100 2
100 1
100 1
99 0
99 0
98 1
98 1
97 2
96 2
96 2
95 3
95 4
94 5
94 5
93 6
92 7
92 8
91 9
91 9
90 10
90 11
89 12
89 13
88 14
88 14
88 15
87 16
87 17
87 18
86 19
86 20
86 20
86 21
85 22
85 23
85 24
85 25
84 26
84 27
84 27
84 28
84 29
84 30
83 31
83 32
83 33
83 34
83 35
83 35
83 36
83 37
83 38
83 39
83 40
82 41
82 42
82 43
82 44
82 45
82 46
82 46
82 47
82 48
82 49
82 50
81 51
81 52
81 53
81 54
81 55
81 56
81 56
81 57
81 58
81 59
81 60
81 61
80 62
80 63
80 64
80 65
80 66
80 67
80 67
80 68
80 69
80 70
79 71
79 72
79 73
79 74
79 74
79 75
79 76
78 77
78 78
78 79
78 80
78 80
78 81
78 82
77 83
77 84
77 85
77 85
76 86
76 87
76 87
75 88
75 88
74 87
74 87
73 87
73 87
73 86
73 86
73 85
73 85
74 84
74 83
74 83
75 82
75 81
75 81
75 80
76 79
76 78
76 77
76 77
76 76
77 75
77 74
78 73
78 72
