0 11
0 10
0 9
0 8
0 7
0 6
0 5
0 5
0 4
0 3
0 2
0 2
0 1
0 0
0 0
0 1
0 1
0 2
0 2
0 3
0 4
1 5
1 6
1 7
1 7
1 8
1 9
1 10
2 11
2 12
2 13
2 14
2 14
2 15
2 16
2 17
2 18
2 19
3 20
3 21
3 22
3 23
3 24
3 25
3 25
3 26
3 27
3 28
3 29
3 30
4 31
4 32
4 33
4 34
4 35
4 36
4 36
4 37
4 38
4 39
5 40
5 41
5 42
5 43
5 43
5 44
5 45
6 46
6 47
6 48
6 48
7 49
8 49
8 49
9 48
10 47
10 47
10 46
11 45
11 44
12 43
12 42
12 42
12 41
13 40
13 39
13 38
14 37
14 36
14 35
15 34
15 33
15 33
15 32
15 31
16 30
16 29
16 28
16 27
16 26
17 25
17 24
17 23
17 23
17 22
18 21
18 20
18 19
19 18
19 17
19 16
20 15
20 14
20 14
20 13
20 12
21 11
21 10
21 9
21 8
21 8
21 7
22 6
22 5
22 4
22 4
22 3
22 3
22 4
21 5
21 6
21 7
20 8
20 9
20 10
19 11
19 12
19 13
18 14
18 15
18 15
18 16
17 17
17 18
17 19
17 20
16 21
16 22
16 23
16 23
16 24
15 25
15 26
15 27
15 27
15 28
15 29
15 30
15 31
15 31
15 32
15 33
15 34
15 35
15 36
15 36
15 37
15 38
15 39
15 40
15 41
15 41
15 42
15 43
15 44
15 45
15 46
15 47
15 47
15 48
15 49
15 50
16 51
16 52
16 53
16 54
16 54
16 55
16 56
16 57
16 58
16 59
16 60
16 61
16 62
16 62
16 63
16 64
16 65
16 66
17 67
17 68
17 69
17 70
17 71
17 71
17 72
17 73
17 74
17 75
18 76
18 77
18 78
18 79
18 80
18 80
18 81
18 82
18 83
18 84
18 85
18 85
18 86
19 87
19 88
19 88
19 89
19 89
20 88
20 88
20 87
20 86
20 85
20 84
20 83
20 82
20 81
20 80
20 79
20 78
20 77
20 76
20 75
20 74
20 73
20 72
20 71
20 70
21 69
21 68
21 67
21 66
21 65
21 64
21 63
21 62
21 61
21 60
21 59
21 58
21 57
21 56
21 55
21 54
21 53
21 52
21 51
21 51
21 50
21 49
22 48
22 47
22 46
22 45
23 44
23 43
23 42
23 42
23 41
23 40
23 40
24 40
24 40
25 39
25 38
25 38
26 37
26 36
27 35
27 35
28 34
28 33
28 33
29 32
29 31
30 30
30 30
30 29
31 28
31 27
31 27
32 26
33 25
33 25
34 24
34 23
34 23
35 22
35 22
34 23
34 24
33 25
33 26
33 26
33 27
32 28
32 29
32 30
32 30
31 31
31 32
31 32
31 33
31 34
31 35
31 36
31 36
31 37
30 38
30 39
30 39
30 40
30 41
30 42
30 43
30 44
30 44
30 45
30 46
30 47
30 48
30 49
30 49
30 50
30 51
30 52
30 53
30 54
30 55
30 56
30 56
30 57
30 58
30 59
31 60
31 61
31 62
31 63
31 63
31 64
31 65
31 66
31 67
31 68
31 69
31 69
31 70
31 71
32 72
32 73
32 74
32 74
33 75
33 76
34 77
34 77
35 77
35 77
36 76
37 76
37 76
37 75
38 74
38 73
38 73
39 72
39 71
40 70
40 69
40 69
40 68
40 67
41 66
41 65
41 64
41 64
41 63
42 62
42 61
42 60
42 60
41 59
40 59
39 58
38 57
37 57
36 56
35 55
34 55
33 54
33 54
33 55
33 56
32 57
32 58
32 59
32 60
32 60
31 61
31 61
31 60
31 60
31 60
32 59
32 59
33 58
33 57
33 57
34 56
34 55
35 54
35 54
36 53
36 52
37 51
37 50
37 50
37 49
38 48
38 47
39 46
39 45
39 45
40 44
40 43
41 42
41 42
42 41
42 40
43 39
43 38
43 38
44 37
44 36
45 35
46 34
46 33
47 32
48 31
48 30
49 29
49 29
49 30
50 31
50 32
50 32
50 33
49 34
49 35
49 35
49 36
49 37
49 38
49 38
49 39
49 40
49 41
49 42
49 42
49 43
49 44
49 45
49 46
49 47
49 47
49 48
49 49
50 50
50 51
50 52
50 52
50 53
50 54
50 55
50 56
50 57
50 58
50 59
50 59
50 60
50 61
51 62
51 63
51 64
51 64
51 65
52 66
52 67
52 67
53 68
53 69
53 69
54 70
54 70
55 69
56 68
56 68
56 67
57 66
57 65
57 64
57 64
57 63
57 62
58 61
58 60
58 59
58 58
58 58
58 57
58 56
59 55
59 54
59 53
59 53
59 52
59 51
59 50
59 49
59 48
59 47
59 47
59 46
60 45
60 44
60 43
60 43
60 42
60 41
60 40
60 40
60 39
60 39
60 40
60 40
60 40
60 41
60 42
60 43
60 43
60 44
61 45
61 46
61 46
61 47
61 48
61 49
61 50
61 51
61 51
61 52
62 53
62 54
62 55
62 55
62 56
62 57
62 58
62 59
62 60
62 60
62 61
63 62
63 63
63 63
64 64
64 64
64 65
64 65
65 65
65 65
65 64
65 64
66 63
66 62
66 62
66 61
66 60
66 60
66 59
67 58
67 57
67 57
67 56
67 55
67 54
67 54
67 53
66 52
66 51
66 50
66 50
66 49
66 48
66 47
66 47
66 46
65 45
65 44
65 43
65 43
64 42
64 41
64 41
64 40
64 40
63 39
63 39
63 39
63 39
63 40
63 41
63 42
63 42
63 43
63 44
63 45
63 45
63 46
64 47
64 48
64 48
64 49
64 50
64 51
64 51
64 52
65 53
65 54
65 54
66 55
66 56
66 56
66 56
67 56
67 56
68 55
68 54
68 54
68 53
68 52
68 52
68 51
69 50
69 49
69 49
69 48
70 47
70 46
70 46
70 45
70 44
70 43
70 43
70 42
71 41
71 40
71 40
71 39
71 38
71 38
71 39
71 39
72 40
72 40
72 41
73 42
73 43
73 43
74 44
74 45
74 45
75 46
75 47
75 47
76 48
76 49
76 49
77 49
78 49
78 49
79 48
79 47
79 47
79 46
80 45
80 44
80 44
81 43
81 42
82 41
82 40
82 40
82 39
82 38
82 37
82 37
82 36
83 35
83 34
83 33
83 33
83 32
84 31
84 30
84 30
84 29
84 28
84 28
83 27
83 27
83 26
83 26
82 27
82 28
82 28
81 29
81 29
81 30
80 31
80 32
80 32
80 33
79 34
79 35
79 35
79 36
79 37
79 37
79 38
79 39
79 39
80 40
80 41
80 41
81 42
81 43
81 43
82 44
82 44
83 45
83 45
84 44
85 44
85 44
86 43
86 43
86 42
87 41
87 40
87 40
88 39
88 38
89 37
89 37
89 36
90 35
90 34
90 33
90 33
90 32
90 31
90 30
90 30
90 29
91 28
91 27
91 27
91 26
91 26
91 26
91 26
91 27
91 27
91 28
91 29
91 29
91 30
91 31
91 32
91 33
91 33
91 34
91 35
91 36
91 37
91 38
91 39
91 39
91 40
91 41
91 42
92 43
92 44
92 45
92 46
92 46
92 47
92 48
92 49
92 50
92 51
92 52
92 53
92 54
92 54
92 55
92 56
92 57
93 58
93 59
93 60
93 61
93 62
93 62
93 63
93 64
93 65
94 66
94 67
94 68
94 69
94 70
94 70
94 71
94 72
94 73
95 74
95 75
95 76
95 77
95 77
95 78
95 79
95 80
95 81
95 82
95 83
95 83
95 84
96 85
96 86
96 87
96 87
96 88
96 89
97 90
97 91
97 92
97 92
97 93
98 94
98 95
98 96
98 96
98 97
98 98
98 98
99 99
99 99
99 100
99 100
99 100
100 100
100 100
100 100
99 100
99 100
99 99
99 99
99 99
98 98
98 97
98 97
98 96
98 95
