1 3
1 3
0 2
0 2
0 3
0 3
0 4
0 5
0 5
0 6
0 7
0 8
0 9
0 10
0 10
0 11
0 12
0 13
1 14
1 15
1 16
1 17
1 17
1 18
1 19
1 20
2 21
2 22
2 23
2 24
2 25
2 25
2 26
2 27
2 28
2 29
2 30
2 31
2 32
2 33
2 33
2 34
2 35
3 36
3 37
3 38
3 38
4 39
4 40
5 41
5 42
5 42
6 42
7 42
7 42
8 41
9 40
9 40
10 39
11 38
11 37
12 36
12 36
12 35
13 34
13 33
14 32
14 31
14 30
15 29
15 28
15 28
15 27
16 26
16 25
16 24
17 23
17 22
17 21
18 20
18 19
18 19
18 18
19 17
19 16
19 15
20 14
20 13
20 12
21 11
21 10
21 10
21 9
22 8
22 7
22 6
23 5
23 4
23 4
23 3
24 2
24 1
24 0
24 0
23 1
23 2
22 3
22 4
21 5
21 6
20 7
20 8
19 9
19 10
18 11
18 12
17 13
17 14
16 15
16 15
16 16
15 17
15 18
15 19
15 20
14 21
14 22
14 22
13 23
13 24
13 24
13 25
13 26
13 27
13 27
13 28
13 29
13 30
13 30
13 31
13 32
14 33
14 34
14 35
14 35
14 36
14 37
14 38
14 39
14 40
14 40
14 41
14 42
14 43
15 44
15 45
15 46
15 47
15 47
15 48
15 49
15 50
16 51
16 52
16 53
16 54
16 54
16 55
16 56
16 57
16 58
16 59
16 60
16 61
16 61
16 62
17 63
17 64
17 65
17 65
17 66
17 67
17 68
17 69
17 69
17 68
17 67
17 66
17 65
17 64
17 63
17 62
17 61
17 60
17 59
17 58
17 57
17 56
17 55
17 54
18 53
18 52
18 51
18 50
18 49
18 48
18 47
18 46
18 45
18 44
18 43
18 42
18 41
18 40
18 39
18 38
18 37
18 37
19 36
19 35
20 34
20 33
21 32
21 31
22 30
22 29
22 29
22 28
22 27
22 27
23 26
24 26
24 26
25 25
25 24
25 24
26 23
26 22
26 22
27 21
27 21
28 20
28 19
28 19
29 18
30 17
30 17
31 16
31 15
32 14
32 14
31 15
31 15
31 16
31 17
31 18
31 19
31 20
31 20
30 21
30 21
30 22
30 22
29 23
29 24
29 24
29 25
29 26
29 27
29 27
29 28
29 29
28 30
28 31
28 32
28 32
28 33
28 34
28 35
28 36
28 37
28 37
28 38
28 39
28 40
28 41
28 42
28 43
28 44
28 44
28 45
28 46
28 47
28 48
28 49
28 50
28 51
28 51
28 52
28 53
28 54
28 55
28 56
28 57
28 57
28 58
29 59
29 60
29 60
30 61
30 62
30 62
31 61
32 61
33 60
33 60
34 59
34 58
35 57
35 57
35 56
36 55
36 54
37 53
37 52
37 52
37 51
37 50
38 49
38 48
38 47
38 47
37 46
37 45
36 44
36 43
35 42
35 41
34 40
34 39
33 38
33 37
33 37
32 38
31 39
30 40
29 41
29 41
28 42
27 42
27 42
27 43
27 43
28 43
28 43
28 43
29 42
30 42
30 42
31 41
32 40
32 40
33 39
33 38
34 37
34 36
34 36
35 35
36 34
36 33
37 32
37 32
38 31
39 30
39 29
40 28
40 28
41 27
41 26
42 25
43 24
43 23
44 22
45 21
46 20
46 19
47 18
48 17
48 16
49 15
49 15
49 16
49 17
49 17
49 18
49 19
49 19
49 20
48 21
48 22
48 22
48 23
48 24
48 25
48 26
48 27
48 27
48 28
48 29
47 30
47 31
47 32
47 32
47 33
47 34
47 35
47 36
47 37
47 38
47 38
47 39
47 40
47 41
47 42
47 43
47 44
47 44
47 45
47 46
48 47
48 48
48 49
48 49
48 50
49 51
49 52
49 53
49 53
50 54
50 54
51 55
51 55
52 54
52 53
52 53
52 52
53 51
53 50
53 50
53 49
53 48
54 47
54 46
54 45
54 45
54 44
54 43
55 42
55 41
55 40
55 40
55 39
56 38
56 37
56 36
56 36
56 35
57 34
57 33
57 33
57 32
57 32
57 32
57 33
57 33
57 34
57 35
57 36
57 36
57 37
58 38
58 39
58 39
58 40
58 41
58 42
58 43
58 43
58 44
58 45
58 46
58 47
58 47
58 48
59 49
59 50
59 50
59 51
59 52
59 52
60 53
60 53
60 53
61 52
61 52
61 51
61 51
61 50
62 49
62 48
62 48
62 47
62 46
62 45
62 45
62 44
63 43
63 42
63 41
63 41
63 40
63 39
63 38
63 37
63 36
63 36
63 35
64 34
64 33
64 32
64 32
64 31
64 30
64 29
64 28
64 28
64 27
64 26
64 26
64 27
64 27
64 27
64 28
64 29
64 30
64 30
64 31
65 32
65 33
65 33
65 34
65 35
65 35
65 36
66 37
66 38
66 38
66 39
66 40
66 40
66 41
66 42
66 43
66 43
67 44
67 44
67 45
67 45
67 45
67 45
67 44
67 43
67 43
67 42
67 41
67 40
67 40
67 39
67 38
67 37
67 36
67 36
67 35
67 34
67 33
67 32
67 31
67 31
67 30
67 29
67 28
67 27
67 26
67 26
67 25
67 24
67 24
67 24
68 25
68 25
68 26
68 27
68 28
68 29
68 29
68 30
68 31
69 32
69 33
69 34
69 34
70 35
70 36
71 37
71 38
71 38
71 39
72 40
72 41
72 42
72 42
73 43
74 43
74 43
75 43
76 43
76 43
77 43
78 42
79 42
79 42
80 41
80 40
80 40
81 39
81 38
82 37
82 36
82 36
82 35
83 34
83 33
83 32
83 32
83 31
83 30
84 29
84 28
84 27
84 27
84 26
84 25
84 24
84 23
84 23
84 22
84 21
84 21
84 20
84 19
84 19
84 20
84 20
83 21
83 21
83 22
83 23
83 24
83 24
83 25
83 26
83 27
83 27
83 28
83 29
83 29
84 30
84 30
85 30
86 30
86 30
87 29
87 29
88 28
88 27
89 26
89 26
90 25
91 24
91 24
91 23
92 22
92 21
92 21
93 20
93 20
92 19
92 19
91 19
91 19
90 20
90 21
90 21
89 22
88 23
87 24
87 24
86 25
86 26
85 27
85 27
84 28
83 29
83 30
82 31
82 31
81 32
81 33
80 34
80 35
80 35
79 36
79 37
79 37
79 38
79 38
80 38
80 38
81 37
82 37
82 37
83 36
83 35
84 34
84 34
85 34
86 33
87 33
87 33
88 33
89 32
90 32
90 32
91 32
92 32
93 32
93 32
94 33
94 34
95 35
95 35
95 36
96 37
96 38
96 39
96 39
96 40
96 41
97 42
97 43
97 44
97 45
97 45
97 46
97 47
97 48
98 49
98 50
98 51
98 52
98 52
98 53
98 54
98 55
99 56
99 57
99 58
99 59
99 59
99 60
99 61
99 62
99 63
99 64
99 65
99 66
99 67
99 67
99 68
99 69
99 70
100 71
100 72
100 73
100 74
100 75
100 75
100 76
100 77
100 78
100 79
100 80
100 81
100 82
100 82
100 83
100 84
99 85
99 86
99 87
99 88
99 88
99 89
99 90
99 91
99 92
99 92
99 93
99 94
99 95
99 96
99 96
99 97
99 98
99 99
99 99
99 100
99 100
99 100
99 100
99 99
99 99
98 98
98 97
98 97
98 96
98 95
