0 33
0 33
0 33
0 33
0 34
0 35
0 36
0 36
0 37
0 37
0 38
0 39
0 39
0 40
0 41
0 42
0 42
0 43
1 44
1 45
1 45
1 46
1 47
1 48
1 49
1 49
1 50
2 51
2 52
2 53
2 53
2 54
2 55
2 56
2 57
2 57
2 58
3 59
3 60
3 61
3 61
3 62
4 63
4 64
4 64
4 65
4 66
4 67
4 67
4 68
5 69
5 70
5 70
6 71
6 72
6 72
6 73
7 74
7 75
7 75
7 76
7 76
8 77
8 78
8 78
9 79
9 79
10 79
10 79
11 79
12 79
12 79
13 79
13 79
14 78
15 77
15 77
16 76
16 76
17 75
18 74
18 74
19 73
20 72
20 72
20 71
21 70
21 69
21 69
22 68
22 67
23 66
23 66
23 65
24 64
24 63
24 62
24 62
25 61
25 60
26 59
26 58
26 58
26 57
27 56
27 55
27 54
27 54
27 53
28 52
28 51
28 50
28 50
28 49
28 48
28 47
28 46
28 46
28 45
29 44
29 43
29 43
29 42
30 41
30 40
30 39
30 39
30 38
30 37
30 36
30 35
30 35
30 34
30 33
30 32
30 32
30 31
30 30
30 29
30 29
30 28
30 28
29 27
29 26
29 26
28 25
28 25
27 24
27 24
27 24
26 23
26 23
25 24
25 24
24 24
24 24
23 24
23 24
23 25
23 25
22 26
22 26
21 27
21 28
21 28
20 29
20 30
20 30
20 31
20 32
20 32
19 33
19 34
19 34
19 35
19 36
19 36
19 37
19 38
19 39
19 39
19 40
19 41
19 41
19 42
18 43
18 44
18 44
18 45
18 46
18 46
18 47
18 48
18 49
18 49
18 50
18 51
18 52
18 52
18 53
18 54
18 55
18 55
18 56
18 57
18 57
18 58
19 59
19 60
19 60
19 61
19 62
19 62
19 63
19 64
19 65
19 65
20 66
20 67
20 67
21 68
21 69
21 69
21 70
22 71
22 72
22 72
22 73
22 74
22 75
22 75
22 76
23 77
23 78
23 78
23 79
24 80
24 81
24 81
25 82
25 83
25 83
25 84
25 85
25 86
25 86
26 87
26 88
26 88
26 89
26 90
26 91
26 91
27 92
27 93
27 93
27 94
27 95
27 95
27 96
27 97
27 97
28 98
28 98
28 99
28 99
28 100
28 100
28 100
28 100
28 100
28 100
28 100
28 99
28 98
28 97
27 96
27 95
27 94
27 93
27 92
27 91
27 90
26 89
26 88
26 87
26 86
26 85
26 84
26 83
26 82
25 81
25 80
25 79
25 78
25 77
25 76
25 75
24 74
24 73
24 72
24 71
24 71
24 71
24 71
24 71
24 71
24 71
23 72
23 73
23 73
23 73
23 73
23 73
23 73
23 73
23 73
23 73
23 72
23 72
24 71
24 71
24 70
24 69
24 68
24 68
25 67
25 66
26 65
26 65
26 64
27 63
27 62
27 62
27 61
28 60
28 59
28 58
28 58
29 57
29 56
30 55
30 55
30 54
31 53
31 52
31 52
31 51
32 50
32 49
32 49
33 48
33 47
33 47
34 46
34 45
34 45
35 44
35 43
35 43
36 42
36 42
36 41
36 41
37 41
37 41
37 41
37 41
37 41
36 41
36 41
36 41
36 41
36 42
36 42
36 42
36 43
36 43
35 44
35 44
35 45
35 45
35 46
35 46
35 47
35 47
34 47
34 47
34 48
34 49
34 49
34 50
34 51
34 51
34 52
34 53
34 54
34 55
34 55
34 56
33 57
33 58
33 58
33 59
33 60
33 61
33 61
33 62
33 63
33 64
33 64
33 65
33 66
33 67
33 67
33 68
33 69
33 69
33 70
33 71
33 72
33 72
33 73
33 74
33 75
33 75
33 76
33 77
33 78
33 78
33 79
33 80
33 81
33 81
33 82
33 83
33 83
33 84
33 84
33 85
33 86
33 86
34 87
34 87
35 88
35 88
35 89
35 89
36 89
36 89
37 89
38 89
38 89
39 88
39 88
40 87
40 87
41 86
41 85
41 85
42 84
42 83
42 83
42 82
42 81
42 80
42 80
43 79
43 78
43 78
43 77
43 76
43 76
43 75
43 74
43 74
42 74
41 74
40 74
39 73
38 73
37 73
36 73
35 73
35 73
35 73
35 73
35 72
36 71
36 70
36 70
36 69
36 68
36 68
37 67
37 66
37 66
38 65
38 64
38 64
38 63
38 62
38 61
38 61
38 60
39 59
39 58
39 58
39 57
40 56
40 55
40 55
41 54
41 53
41 53
41 52
42 51
42 50
42 50
42 49
42 49
43 48
43 47
43 47
43 46
43 46
44 45
44 45
45 44
45 44
45 43
45 43
46 43
46 43
46 43
46 43
46 43
46 43
46 43
46 44
46 44
46 45
46 46
46 46
46 47
46 48
46 48
46 49
46 50
46 51
46 51
46 52
46 53
46 54
46 55
46 55
46 56
46 57
46 58
46 59
46 59
46 60
47 61
47 62
47 63
47 63
47 64
47 65
47 65
47 66
48 67
48 68
48 68
49 69
49 69
49 70
49 70
50 70
50 70
51 70
51 70
51 69
51 69
52 68
52 67
52 67
52 66
52 65
52 64
52 64
53 63
53 62
53 62
53 61
53 60
53 59
53 59
53 58
54 57
54 56
54 56
54 55
54 54
54 53
54 53
54 52
55 51
55 50
55 49
55 49
55 48
55 47
55 46
55 46
56 45
56 44
56 44
56 43
56 42
56 41
56 41
57 40
57 40
57 39
57 39
57 39
57 39
57 40
57 41
57 41
56 42
56 43
56 43
56 44
56 45
56 46
56 46
56 47
57 48
57 49
57 49
57 50
57 51
57 52
57 52
57 53
57 54
57 54
58 55
58 56
58 56
59 56
59 56
59 57
59 57
60 56
60 56
61 55
61 55
61 54
61 53
61 52
61 52
62 51
62 50
62 50
63 49
63 48
63 48
63 47
63 46
63 45
63 45
63 44
63 43
63 43
63 42
63 41
63 41
63 40
63 40
64 39
64 39
64 38
64 38
64 38
64 38
64 39
64 39
64 40
64 40
65 41
65 42
65 42
65 43
65 43
65 44
65 44
65 45
65 45
65 46
65 47
65 47
65 48
65 48
66 49
66 49
66 50
66 50
66 50
66 49
66 49
66 48
66 48
66 47
66 46
66 46
66 45
65 44
65 43
65 43
65 42
65 41
65 40
65 40
65 39
65 38
65 37
65 37
65 36
65 35
65 34
65 34
65 33
65 32
65 32
65 31
66 30
66 29
66 29
66 28
66 28
67 27
67 26
67 26
68 25
68 25
69 24
69 24
70 25
70 25
71 26
71 26
72 27
72 28
72 28
73 29
73 30
73 30
74 31
75 31
75 31
76 32
76 33
76 33
77 34
77 35
77 35
78 36
78 37
78 37
79 38
79 38
80 39
80 39
81 39
81 39
81 39
82 38
82 38
83 37
83 37
83 36
83 35
83 34
83 34
83 33
84 32
84 31
84 31
84 30
85 29
85 28
85 27
85 27
85 26
86 25
86 24
87 23
87 22
87 22
87 21
87 20
88 19
88 18
88 17
88 17
88 16
88 15
89 14
89 13
89 12
89 12
89 11
89 10
89 9
89 9
89 8
90 7
90 6
90 6
90 5
90 4
90 4
90 3
90 2
90 2
90 1
90 1
89 0
89 0
88 1
88 1
88 2
87 3
87 4
87 4
86 5
86 6
85 7
85 7
84 8
84 9
83 10
83 11
83 11
82 12
82 13
81 14
81 15
81 15
81 16
81 17
80 18
80 19
80 20
80 20
79 21
79 22
79 22
79 23
79 24
79 24
80 25
80 25
81 26
81 26
81 27
81 27
82 28
82 28
83 28
83 28
84 28
85 28
85 28
86 27
86 26
86 26
87 25
88 24
88 24
89 23
89 22
90 21
90 21
91 20
91 19
92 18
92 18
93 17
93 16
94 15
94 15
95 14
95 13
96 12
96 12
96 11
97 10
97 9
97 9
98 8
98 7
98 7
99 6
99 6
99 5
99 5
99 4
99 4
99 3
99 3
99 3
99 2
99 2
99 2
98 3
98 3
98 4
98 4
97 5
97 5
97 6
97 7
97 8
97 9
97 9
97 10
96 11
96 12
96 13
96 13
96 14
96 15
96 16
96 17
96 18
96 19
96 20
96 21
96 21
96 22
96 23
96 24
96 25
95 26
95 27
95 28
95 29
95 30
95 31
95 31
95 32
95 33
95 34
95 35
95 36
95 37
95 38
95 39
95 40
95 41
95 42
95 43
95 44
95 44
95 45
95 46
95 47
95 48
95 49
95 50
95 51
95 52
95 53
95 54
95 55
95 56
95 56
95 57
95 58
95 59
95 60
95 61
96 62
96 63
96 64
96 65
96 66
96 67
96 68
96 68
96 69
96 70
96 71
96 72
97 73
97 74
97 75
97 76
97 77
97 78
97 78
97 79
97 80
98 81
98 82
98 83
98 84
98 84
98 85
98 86
98 87
98 88
98 89
98 89
98 90
98 91
99 92
99 93
99 94
