0 27
0 27
0 27
0 27
0 27
0 27
0 27
0 28
0 29
0 30
0 30
0 31
0 32
0 32
0 33
0 34
0 35
0 35
0 36
0 37
0 38
0 38
0 39
0 40
1 41
1 42
1 43
1 43
1 44
1 45
1 46
1 47
1 47
1 48
1 49
1 50
1 51
1 52
1 52
1 53
2 54
2 55
2 55
2 56
2 57
2 58
2 58
3 59
3 60
3 60
3 61
3 62
3 62
4 63
4 64
4 64
5 65
5 65
6 66
6 66
6 66
7 66
8 66
8 66
9 66
9 66
10 66
11 66
11 66
12 65
12 64
12 64
13 63
13 62
14 61
14 61
15 60
15 59
16 58
16 58
16 57
17 56
17 55
17 55
18 54
18 53
19 52
19 52
19 51
20 50
20 49
20 49
20 48
21 47
21 46
21 46
22 45
22 44
23 43
23 42
23 42
23 41
24 40
24 39
24 38
24 38
24 37
24 36
24 35
24 34
24 34
24 33
25 32
25 31
25 30
25 30
25 29
25 28
25 27
25 26
25 26
25 25
25 24
25 23
25 23
25 22
25 21
25 20
25 20
24 19
24 19
24 18
24 18
23 18
23 18
22 18
22 18
21 18
21 18
20 19
20 19
19 20
19 21
19 21
18 22
18 22
17 23
17 24
17 24
17 25
16 26
16 27
16 27
16 28
15 29
15 30
15 30
15 31
15 32
15 33
15 33
14 34
14 35
14 35
14 36
14 37
14 37
14 38
14 39
14 39
14 40
14 41
14 41
14 42
14 43
14 43
14 44
14 45
14 45
14 46
15 47
15 48
15 48
15 49
15 50
16 51
16 52
16 53
16 53
16 54
17 55
17 56
17 57
17 57
17 58
18 59
18 60
18 61
18 61
18 62
19 63
19 64
19 65
19 65
19 66
20 67
20 68
20 69
20 69
20 70
21 71
21 72
21 72
21 73
22 74
22 75
22 76
22 76
22 77
23 78
23 79
23 80
23 80
23 81
24 82
24 83
24 84
24 84
24 85
25 86
25 87
25 88
25 88
25 89
25 90
25 91
25 91
25 92
26 93
26 94
26 94
26 95
26 95
26 96
26 97
26 97
27 98
27 99
27 99
27 100
27 100
27 100
27 100
27 100
27 100
27 99
27 99
27 98
27 97
27 97
27 96
27 95
27 94
27 93
27 92
27 91
27 90
27 89
27 88
28 87
28 86
28 85
28 84
28 83
28 82
28 81
28 80
28 79
28 78
28 77
28 76
28 75
28 74
28 73
28 72
28 71
28 70
28 69
28 68
29 67
29 66
29 65
29 64
29 63
29 62
29 61
29 60
29 59
29 58
29 57
29 57
30 56
30 55
31 54
31 53
32 52
32 51
32 51
33 50
34 49
34 49
34 48
35 47
35 46
35 46
36 45
37 44
37 44
37 43
38 42
38 41
38 41
39 40
39 39
40 38
40 38
40 37
41 36
41 35
41 35
41 34
42 33
42 32
42 32
43 31
43 30
43 30
43 29
43 29
43 29
43 29
43 29
43 29
43 29
43 29
43 29
42 30
42 30
42 31
42 31
42 32
42 33
42 34
42 35
42 35
42 36
41 37
41 38
41 39
41 39
41 40
41 41
41 42
41 43
41 44
41 44
41 45
41 46
41 47
41 48
41 49
41 49
41 50
41 51
40 52
40 53
40 54
40 54
40 55
40 56
40 57
40 58
40 58
40 59
40 60
40 61
40 61
40 62
40 63
40 64
40 64
40 65
40 66
40 66
40 67
40 68
40 68
40 69
40 69
41 69
41 69
41 69
42 68
43 68
43 68
44 67
44 66
44 66
45 65
45 64
45 64
45 63
46 62
46 61
46 61
47 60
47 59
47 59
48 58
48 57
48 57
48 56
49 55
49 54
49 54
48 53
47 53
46 52
45 52
44 51
43 51
42 50
42 50
42 50
42 51
41 52
41 53
41 53
41 52
41 52
41 51
41 51
42 50
42 50
42 49
42 48
42 47
42 47
43 46
43 45
44 44
44 44
44 43
45 42
45 41
45 41
45 40
46 39
46 38
46 37
46 37
47 36
47 35
48 34
48 34
48 33
49 32
49 31
49 31
50 30
50 30
51 29
51 29
51 29
51 29
51 30
51 30
51 31
51 32
51 33
51 33
51 34
51 35
51 36
51 37
51 38
51 38
51 39
51 40
51 41
51 42
51 43
51 43
51 44
51 45
52 46
52 47
52 48
52 48
52 49
53 50
53 51
53 52
53 52
53 53
53 54
53 55
53 55
54 56
54 57
54 57
55 58
55 58
56 59
56 60
56 60
56 60
56 60
57 60
57 60
57 59
57 58
57 58
57 57
57 56
57 55
57 55
57 54
57 53
57 52
57 51
57 51
57 50
57 49
57 48
57 47
57 47
57 46
57 45
57 44
57 44
57 43
57 42
57 41
57 40
57 40
57 39
58 38
58 37
58 37
58 36
58 35
58 35
58 34
58 33
58 33
59 32
59 32
59 32
60 32
60 32
60 33
60 33
60 34
60 35
60 36
60 36
60 37
60 38
60 39
60 40
60 40
60 41
60 42
60 43
60 43
60 44
61 45
61 46
61 46
62 47
62 47
62 48
62 48
63 49
63 49
64 49
64 49
65 48
66 48
66 48
67 48
67 48
67 47
67 46
67 46
68 45
68 44
68 44
69 43
69 42
69 42
70 41
70 40
70 40
70 39
70 38
70 37
70 37
70 36
71 35
71 34
71 33
71 33
71 32
71 31
71 30
71 29
71 29
71 28
71 27
71 26
71 26
72 25
72 24
72 24
72 23
72 23
72 24
72 24
73 24
73 24
73 25
73 26
73 26
73 27
74 28
74 29
74 29
74 30
74 31
74 31
75 32
75 32
75 33
75 33
76 34
76 34
76 34
76 34
76 34
76 34
76 34
76 33
76 32
76 32
76 31
76 30
76 29
76 29
76 28
76 27
76 26
76 26
76 25
76 24
76 23
76 23
77 22
77 22
77 22
77 23
77 23
78 23
78 23
79 24
79 25
79 25
80 26
80 27
80 27
81 28
81 28
82 29
82 29
83 30
83 30
84 30
84 30
85 31
85 31
86 31
87 31
87 31
88 30
88 30
89 29
89 28
89 28
90 27
90 26
90 26
90 25
91 24
91 23
91 23
91 22
92 21
92 20
92 19
92 19
92 18
92 17
93 16
93 15
93 14
93 14
93 13
93 12
93 11
93 10
93 9
93 9
93 8
93 7
93 6
93 5
93 5
93 4
93 3
93 3
93 2
93 1
93 1
92 0
92 0
92 1
92 1
91 2
90 2
90 2
89 3
89 4
89 4
88 5
88 6
88 6
88 7
87 8
87 9
87 10
87 10
87 11
86 12
86 13
86 13
86 14
86 15
86 15
86 16
86 16
87 17
87 17
87 18
87 18
88 18
88 18
89 19
89 19
89 20
90 21
90 22
90 22
90 23
90 24
91 25
91 26
91 27
91 27
91 28
91 29
91 30
91 31
91 32
91 32
91 33
91 34
92 35
92 36
92 37
92 38
92 38
92 39
92 40
93 41
93 42
93 43
93 44
93 44
93 45
93 46
93 47
94 48
94 49
94 50
94 51
94 52
94 52
94 53
94 54
94 55
94 56
95 57
95 58
95 59
95 60
95 61
95 61
95 62
95 63
95 64
96 65
96 66
96 67
96 68
96 69
96 69
96 70
96 71
96 72
96 73
97 74
97 75
97 76
97 77
97 78
97 78
97 79
97 80
97 81
98 82
98 83
98 84
98 85
98 85
98 86
98 87
99 88
99 89
99 90
99 91
99 91
99 92
100 93
100 94
