1 16
1 16
1 16
0 16
0 16
0 17
0 18
0 19
0 20
0 20
0 21
0 22
0 23
0 24
0 25
0 25
0 26
0 27
0 28
0 29
0 30
0 31
0 31
0 32
0 33
0 34
0 35
0 36
0 36
0 37
0 38
0 39
0 40
0 41
0 41
0 42
1 43
1 44
1 44
2 45
3 46
3 46
4 46
5 46
5 46
6 45
7 45
8 44
8 44
9 43
10 42
11 41
12 40
12 40
13 39
13 38
14 37
15 36
15 35
16 34
16 34
17 33
17 32
18 31
18 30
19 29
19 28
19 28
20 27
20 26
21 25
21 24
21 24
21 23
22 22
22 21
22 20
22 20
22 19
22 19
22 18
22 18
21 19
20 19
20 19
19 20
19 21
19 21
18 22
18 23
17 24
17 25
17 25
16 26
16 27
15 28
15 29
14 30
14 30
14 31
13 32
13 33
12 34
12 35
12 35
12 36
12 37
12 38
11 39
11 40
11 41
11 42
11 42
11 43
11 44
10 45
10 46
10 47
10 48
10 48
10 49
10 50
9 51
9 52
9 53
9 54
9 54
9 55
9 56
9 57
9 58
9 58
9 59
9 60
9 61
9 61
9 62
9 62
10 63
10 63
10 63
11 62
11 62
11 61
12 60
12 59
13 58
13 57
13 56
14 55
14 54
14 53
15 52
15 51
16 50
16 49
16 48
17 47
17 46
18 45
18 44
18 43
19 42
19 41
19 40
20 39
20 38
21 37
21 36
21 35
22 34
22 33
22 32
23 31
23 30
24 29
24 28
24 28
24 29
25 30
25 31
25 31
24 31
23 30
22 30
22 30
22 29
22 29
22 29
22 29
23 29
23 29
24 28
24 28
25 28
26 28
26 28
27 27
28 27
28 27
29 26
30 25
30 25
31 25
32 25
32 25
33 25
33 25
34 25
34 25
34 26
34 27
34 27
34 28
33 29
33 30
33 30
33 31
33 32
32 33
32 34
32 35
32 35
31 36
31 37
30 38
30 39
29 40
29 40
28 41
28 42
27 43
27 44
27 44
27 45
27 46
26 47
26 48
26 49
26 49
26 50
25 51
25 52
25 53
25 53
25 54
25 55
25 55
25 56
25 56
26 57
27 57
27 57
28 56
29 56
29 56
30 55
31 55
32 54
32 54
33 53
34 52
35 51
35 51
36 50
36 49
37 48
37 48
38 47
38 46
38 46
37 46
36 45
35 45
34 44
33 44
32 43
31 43
30 42
29 42
28 41
27 41
27 41
27 41
26 42
26 43
26 43
25 43
24 43
24 43
24 43
25 43
26 43
26 43
27 42
27 41
27 41
28 40
29 40
30 39
30 39
31 38
32 37
33 36
33 36
34 35
35 34
36 34
37 33
37 33
38 32
39 31
40 30
40 30
41 29
42 28
43 27
43 27
44 26
45 25
46 24
46 24
47 23
47 23
48 22
48 21
48 21
49 20
49 20
49 19
49 19
49 19
49 19
49 20
49 21
49 21
49 22
49 23
49 24
49 24
49 25
48 26
48 27
48 28
48 28
48 29
48 30
48 31
48 32
48 32
48 33
47 34
47 35
47 35
47 36
46 37
46 38
46 38
46 39
46 40
46 41
46 41
46 42
46 42
46 43
46 43
47 44
47 44
48 43
48 43
49 43
49 43
49 42
50 41
50 40
50 40
51 39
51 38
52 37
52 37
52 36
53 35
53 34
53 34
54 33
54 32
55 31
55 30
55 30
56 29
56 28
57 27
57 26
57 26
57 25
58 24
58 23
58 23
59 22
59 22
60 22
60 22
60 22
60 23
60 23
60 24
60 25
60 25
60 26
59 27
59 28
59 28
59 29
58 30
58 31
58 31
58 32
58 33
58 33
58 34
57 35
57 36
57 36
57 37
57 38
57 38
57 39
57 39
58 40
58 40
59 40
59 40
60 39
60 39
61 38
61 37
61 37
62 36
63 35
63 35
63 34
64 33
64 32
64 32
65 31
65 30
66 29
66 29
67 28
67 27
68 26
68 26
69 25
70 25
70 25
71 24
72 24
72 24
73 24
73 24
73 24
72 25
72 26
72 26
72 27
72 28
72 28
71 29
71 30
71 30
70 31
70 32
70 32
69 33
69 33
69 34
69 35
69 35
69 35
69 35
69 36
69 36
70 36
70 36
71 37
71 37
72 38
72 38
73 38
73 38
74 37
75 37
75 37
76 36
77 35
77 35
78 34
79 33
80 32
80 32
81 31
82 30
83 29
84 28
84 28
85 27
86 26
86 25
87 24
87 24
88 23
88 22
89 21
89 20
90 19
90 19
91 18
91 17
92 16
92 16
93 15
93 14
94 13
94 13
95 12
95 11
96 10
96 10
97 9
97 8
97 8
97 7
98 6
98 5
98 5
98 4
98 3
98 3
98 2
98 1
98 1
97 0
97 0
96 1
95 1
95 1
94 2
93 3
93 3
92 4
91 5
90 6
90 6
89 7
88 8
87 9
86 10
86 10
85 11
84 12
83 13
83 13
82 14
81 15
81 16
80 17
80 17
79 18
79 19
78 20
78 21
78 21
78 22
77 23
77 24
77 24
76 25
76 26
76 26
76 27
76 28
76 28
76 29
76 29
77 29
78 29
78 29
79 29
80 28
81 28
81 28
82 27
83 26
84 25
84 25
85 24
86 23
87 22
87 22
88 21
89 21
90 20
91 20
91 20
92 19
93 18
93 18
94 17
95 17
95 17
96 16
96 16
97 16
97 16
97 16
96 17
96 17
96 17
96 18
96 18
96 18
96 19
96 19
97 20
97 21
97 21
98 22
98 22
98 23
98 24
98 25
98 25
98 26
99 27
99 28
99 28
99 29
99 30
99 31
99 31
99 32
100 33
100 34
100 35
100 35
100 36
99 37
99 38
99 39
99 39
99 40
99 41
98 42
98 43
98 44
98 45
98 45
98 46
97 47
97 48
97 49
96 50
96 51
96 51
96 52
95 53
95 54
95 55
95 56
94 57
94 58
94 58
94 59
93 60
93 61
93 62
92 63
92 64
92 65
91 66
91 67
91 67
91 68
91 69
90 70
90 71
90 72
90 73
89 74
89 75
89 76
89 76
89 77
89 78
88 79
88 80
88 81
88 82
87 83
87 84
87 85
87 85
87 86
86 87
86 88
86 89
86 90
85 91
85 92
85 93
85 93
85 94
84 95
84 96
84 97
84 97
84 98
83 99
83 100
