3 12
3 12
2 12
2 12
1 13
1 13
1 14
1 15
1 15
1 16
0 17
0 18
0 18
0 19
0 20
0 21
0 22
0 22
0 23
0 24
0 25
0 26
0 27
0 27
0 28
0 29
0 30
0 31
0 32
0 32
0 33
0 34
0 35
0 36
0 36
0 37
0 38
0 39
0 40
0 40
1 41
1 42
1 42
2 42
3 42
3 42
4 41
5 41
5 41
6 40
7 39
7 38
8 37
8 37
9 36
9 35
10 34
10 33
11 32
11 32
12 31
12 30
13 29
13 28
14 27
14 27
14 26
15 25
15 24
16 23
16 22
16 22
17 21
17 20
18 19
18 18
19 17
19 17
19 16
20 15
20 14
20 13
20 13
21 12
21 11
22 10
22 10
22 9
22 8
22 8
22 7
22 7
21 7
20 7
20 7
19 8
18 9
18 9
17 10
17 11
16 12
16 12
15 13
15 14
14 15
14 16
13 17
13 17
13 18
12 19
12 20
12 21
11 22
11 23
11 23
11 24
10 25
10 26
10 27
10 28
9 29
9 30
9 30
9 31
9 32
8 33
8 34
8 35
8 36
8 36
8 37
8 38
8 39
7 40
7 41
7 42
7 43
7 43
7 44
7 45
7 46
7 47
7 48
7 49
7 49
7 50
7 51
7 52
7 53
7 54
7 54
7 55
7 56
7 57
7 58
7 59
7 59
7 60
8 61
8 62
8 62
8 63
9 64
9 65
9 65
10 66
10 66
11 66
11 66
12 66
12 66
12 65
13 64
13 63
13 63
13 62
14 61
14 60
14 60
14 59
14 58
15 57
15 56
15 55
15 54
16 53
16 52
16 51
16 50
17 49
17 48
17 47
17 46
18 45
18 44
18 43
18 42
19 41
19 40
19 39
19 38
20 37
20 36
20 35
20 34
21 33
21 32
21 31
21 31
20 31
19 31
19 31
19 31
18 31
18 31
18 32
18 32
18 32
18 32
19 32
19 32
20 31
20 31
21 30
22 29
22 29
23 28
24 27
25 26
25 26
26 25
27 25
28 24
28 24
29 23
30 22
30 22
31 22
32 22
32 22
33 22
33 22
33 23
33 23
33 24
33 25
33 25
33 26
32 27
32 28
32 28
32 29
31 30
31 31
31 32
31 32
31 33
30 34
30 35
30 36
30 36
30 37
30 38
29 39
29 40
29 41
29 41
29 42
29 43
28 44
28 45
28 46
28 46
28 47
27 48
27 49
27 50
27 50
27 51
27 52
27 53
27 53
28 54
28 55
28 55
29 56
29 56
30 55
30 55
31 54
32 54
33 53
33 53
34 52
34 51
35 50
35 50
36 49
36 48
37 47
37 47
38 46
38 45
39 44
39 43
39 43
40 42
40 41
40 41
39 40
38 40
37 39
36 38
35 38
34 37
33 37
32 36
32 36
31 37
30 38
29 38
28 39
28 39
27 40
27 40
26 40
26 40
26 40
26 40
27 39
27 39
28 38
29 38
29 38
30 37
31 37
32 36
32 36
33 35
33 34
34 33
34 33
35 32
36 32
37 31
37 31
38 30
39 30
40 29
40 29
41 28
41 27
42 26
42 26
43 25
44 24
44 24
45 23
46 23
46 23
47 23
47 23
47 24
47 24
47 25
47 26
47 26
47 27
47 28
47 29
47 29
47 30
47 31
47 32
47 33
47 33
47 34
47 35
47 36
47 37
47 38
47 38
47 39
46 40
46 41
46 42
46 42
46 43
46 44
46 45
46 45
46 46
46 46
47 47
47 47
47 47
48 46
49 45
49 45
49 44
50 43
50 42
50 42
51 41
51 40
52 39
52 38
52 38
53 37
53 36
54 35
54 35
55 34
55 33
56 32
56 31
56 31
56 30
57 29
57 28
58 27
58 26
58 26
59 25
59 24
60 23
60 23
60 22
61 21
61 20
61 20
62 19
62 19
62 19
62 19
62 20
62 21
62 21
62 22
62 23
62 23
62 24
62 25
62 25
62 26
62 27
62 28
62 28
61 29
61 30
61 30
61 31
61 32
61 33
61 33
61 34
61 35
61 35
60 36
60 37
60 37
60 38
60 39
60 39
60 40
60 40
60 40
61 39
61 39
62 38
63 37
63 37
63 36
64 35
64 34
64 33
64 33
65 32
65 31
66 30
66 30
67 29
67 28
68 27
68 27
69 26
69 25
70 24
70 24
70 23
71 22
71 21
71 21
71 20
72 19
72 18
72 18
73 17
73 17
74 16
74 16
74 16
74 16
74 17
74 17
74 18
74 19
74 19
73 20
73 21
73 21
73 22
73 23
73 23
72 24
72 25
72 25
72 26
72 26
72 26
73 27
73 27
74 27
74 27
75 26
75 26
76 25
77 25
77 25
78 24
79 23
79 23
80 22
81 21
81 21
82 20
83 19
84 18
84 18
85 17
86 16
86 15
87 14
87 14
88 13
89 12
90 12
91 11
91 11
92 10
93 9
94 8
94 8
95 7
96 6
97 5
97 5
98 4
99 3
99 3
100 2
100 2
99 1
99 1
98 0
98 0
97 0
96 0
96 0
95 1
94 1
93 2
93 2
92 3
91 4
90 5
90 5
89 6
88 7
87 7
86 8
86 8
85 9
84 10
84 11
83 12
83 12
82 13
81 14
80 15
79 16
79 16
78 17
77 18
77 19
76 20
76 20
75 21
74 22
74 23
73 24
73 24
73 25
72 26
72 27
72 27
72 28
72 29
72 29
73 30
73 31
73 31
74 31
75 31
76 31
76 31
77 31
78 30
79 30
79 30
80 30
81 29
82 29
83 28
84 28
84 28
85 27
86 27
87 26
88 26
88 26
89 25
90 25
91 24
92 24
92 24
93 23
94 23
94 23
95 24
96 24
96 24
96 25
96 26
96 26
96 27
95 28
95 29
95 30
95 30
95 31
94 32
94 33
93 34
93 35
93 35
92 36
92 37
91 38
91 39
90 40
90 41
90 41
89 42
89 43
88 44
88 45
87 46
87 47
87 47
87 48
86 49
86 50
86 51
85 52
85 53
85 53
85 54
84 55
84 56
84 57
83 58
83 59
83 59
83 60
82 61
82 62
82 63
81 64
81 65
81 65
81 66
81 67
80 68
80 69
80 70
80 71
80 71
80 72
79 73
79 74
79 75
78 76
78 77
78 77
78 78
77 79
77 80
77 81
77 82
76 83
76 84
76 84
76 85
75 86
75 87
75 88
75 89
74 90
74 91
74 91
74 92
74 93
73 94
73 95
73 96
73 97
73 97
73 98
73 99
73 100
