7 4
7 4
7 4
7 4
7 4
7 4
7 4
7 4
7 4
7 4
7 4
7 4
7 4
7 4
7 4
6 4
6 4
5 5
5 6
5 6
5 7
4 8
4 9
4 9
4 10
3 11
3 12
3 12
3 13
2 14
2 15
2 16
2 16
2 17
2 18
1 19
1 20
1 21
1 21
1 22
0 23
0 24
0 25
0 25
0 26
0 27
0 28
0 29
0 29
0 30
0 31
0 32
0 33
0 33
0 34
0 35
0 36
0 37
0 37
0 38
0 39
0 40
0 40
0 41
1 42
1 43
1 43
2 44
2 45
2 45
3 46
3 46
4 46
5 45
6 45
6 45
7 44
8 44
8 44
9 43
9 42
10 41
10 41
11 40
12 39
12 38
13 37
13 37
14 36
14 35
15 34
15 33
16 32
16 32
16 31
17 30
17 29
18 28
18 27
18 27
19 26
19 25
20 24
20 23
21 22
21 22
21 21
22 20
22 19
23 18
23 17
23 17
23 16
23 15
24 14
24 13
24 12
24 12
24 11
25 10
25 9
25 8
25 8
25 7
26 6
26 5
26 4
26 4
26 3
26 2
26 2
26 1
26 1
25 0
25 0
24 0
24 0
23 1
23 1
22 2
22 2
21 3
21 4
21 4
20 5
20 5
19 6
19 7
19 7
19 8
18 9
18 10
18 10
18 11
17 12
17 13
17 14
17 14
17 15
17 16
16 17
16 18
16 19
16 20
16 20
16 21
16 22
16 23
15 24
15 25
15 26
15 27
15 28
15 28
15 29
15 30
15 31
15 32
15 33
15 34
15 35
15 36
15 37
15 38
15 39
15 39
15 40
15 41
15 42
15 43
15 44
15 45
14 46
14 47
14 48
14 49
14 50
14 51
14 52
14 53
14 53
14 54
14 55
14 56
14 57
14 58
15 59
15 60
15 61
15 62
15 63
15 64
15 65
15 65
15 66
15 67
15 68
15 69
15 70
15 71
15 72
15 73
15 74
15 74
15 75
15 76
15 77
16 78
16 79
16 80
16 81
16 82
16 82
16 83
16 84
16 85
16 86
16 87
16 87
16 88
17 89
17 90
17 91
17 91
17 92
18 93
18 94
18 94
19 95
19 96
19 96
20 97
20 98
20 98
20 98
21 99
21 99
21 99
21 99
21 98
21 98
21 97
21 96
21 95
21 94
21 93
21 92
21 91
21 90
21 89
21 88
22 87
22 86
22 85
22 84
22 83
22 82
22 81
22 80
22 79
22 78
22 77
22 76
22 75
22 74
22 73
22 72
22 71
22 70
22 69
22 68
22 67
23 66
23 65
23 64
23 63
23 62
23 61
23 60
23 59
23 58
23 57
23 56
23 55
23 54
23 53
23 52
23 51
23 50
23 49
23 48
23 47
23 46
23 45
24 44
24 43
24 42
24 41
24 40
24 39
24 38
24 37
24 36
24 35
24 34
24 34
23 35
22 35
22 35
21 36
21 36
20 37
20 37
19 38
19 38
18 38
18 38
18 38
19 37
19 37
20 36
20 35
20 35
21 34
22 33
22 33
23 32
24 31
24 30
25 29
25 29
26 28
26 27
27 26
27 25
27 25
28 24
29 23
30 22
31 21
31 21
32 20
33 19
33 19
34 18
35 17
35 17
36 17
36 17
37 17
37 17
37 18
37 18
37 19
37 19
36 20
36 21
36 21
36 22
35 23
35 24
35 24
35 25
34 26
34 27
34 28
34 28
33 29
33 30
32 31
32 32
32 32
32 33
32 34
32 35
31 36
31 37
31 38
31 39
31 39
31 40
30 41
30 42
30 43
30 44
29 45
29 46
29 47
29 47
29 48
28 49
28 50
28 51
28 52
27 53
27 54
27 55
27 55
27 56
27 57
27 58
27 59
27 60
27 61
27 62
27 62
27 63
26 64
26 65
26 66
26 66
27 67
27 68
27 68
27 69
27 69
28 69
29 69
29 69
30 68
30 67
30 67
30 66
31 65
31 64
31 64
32 63
32 62
33 61
33 61
33 60
34 59
34 58
34 57
34 57
34 56
35 55
35 54
35 53
35 53
36 52
36 51
37 50
37 49
37 49
37 48
38 47
38 46
38 45
38 45
38 44
38 43
38 42
38 42
38 41
38 40
38 40
38 40
37 40
37 40
36 41
36 41
35 42
34 42
34 42
33 43
32 43
32 43
31 44
31 45
31 45
30 46
30 46
29 47
29 47
29 47
29 48
29 48
30 48
30 48
31 48
31 48
32 47
32 47
33 46
34 46
34 46
35 45
36 45
36 45
37 44
37 43
38 42
38 42
39 41
39 40
40 39
40 39
41 38
41 37
42 36
42 36
43 35
43 34
44 33
44 33
45 32
46 31
46 31
47 30
47 30
48 29
48 29
49 29
49 29
49 29
49 29
49 29
49 29
49 29
49 29
49 30
49 30
49 30
48 31
48 32
48 32
47 33
47 33
47 34
47 35
47 36
47 36
47 37
46 38
46 39
46 39
46 40
45 41
45 42
45 42
45 43
44 44
44 45
44 46
44 46
44 47
44 48
44 49
44 50
44 50
44 51
44 52
44 53
44 54
44 54
44 55
44 56
44 57
44 57
44 58
44 59
44 59
45 60
45 61
45 61
46 62
46 62
47 62
47 62
48 61
48 60
48 60
49 59
49 58
49 58
50 57
50 56
51 55
51 55
51 54
52 53
52 52
52 52
52 51
52 50
53 49
53 48
53 47
53 47
54 46
54 45
55 44
55 43
55 43
55 42
56 41
56 40
56 40
56 39
57 38
57 37
57 36
57 36
57 35
58 34
58 33
58 33
59 32
59 31
59 31
60 30
60 29
60 29
60 28
60 28
61 27
61 27
61 26
61 26
61 26
61 26
61 26
60 27
60 27
60 28
60 28
59 29
59 29
59 30
59 31
59 31
58 32
58 32
58 33
58 34
58 34
58 35
57 36
57 37
57 37
57 38
57 39
57 40
57 40
57 41
57 42
57 43
57 44
57 44
57 45
56 46
56 47
56 47
56 48
56 49
56 50
56 51
56 51
56 52
56 53
56 54
56 54
56 55
56 56
56 57
56 57
56 58
56 59
56 59
56 60
56 60
56 60
57 61
57 61
57 61
57 61
58 61
58 61
58 61
58 60
58 60
58 60
58 60
58 60
58 60
58 59
58 59
57 58
57 58
57 57
57 56
57 56
57 55
57 54
57 54
57 53
58 52
58 51
58 51
58 50
58 49
58 48
58 48
58 47
58 46
58 45
58 44
58 44
58 43
59 42
59 41
59 40
59 40
59 39
59 38
59 37
59 36
59 36
59 35
60 34
60 33
60 33
61 32
61 31
61 31
61 30
61 30
62 29
62 29
62 29
62 29
62 29
62 29
62 29
62 29
62 29
62 29
62 29
62 29
62 30
62 30
62 30
62 30
62 30
62 31
62 31
62 32
62 33
62 33
63 34
63 35
63 35
63 36
63 37
63 38
63 39
63 40
63 41
63 41
63 42
64 43
64 44
64 45
64 45
64 46
65 47
65 48
65 48
65 49
66 50
66 51
66 51
67 52
67 53
67 53
68 54
68 55
68 55
68 56
68 56
69 56
69 56
70 55
70 55
71 54
71 53
71 53
71 52
72 51
72 50
72 50
72 49
73 48
73 47
73 47
73 46
74 45
74 44
74 43
74 43
74 42
74 41
74 40
74 39
74 39
74 38
74 37
74 36
74 35
74 35
74 34
75 33
75 32
75 32
75 31
75 30
75 29
75 29
75 28
75 27
75 27
75 26
75 25
75 25
75 25
75 25
75 25
75 25
75 25
75 25
75 25
75 25
75 25
75 25
75 25
75 25
75 25
75 26
75 26
75 26
75 26
75 26
75 26
75 26
75 26
75 26
75 26
75 26
75 26
75 26
74 26
74 26
74 26
74 27
74 27
73 28
73 28
73 29
73 29
73 30
72 31
72 32
72 32
72 33
72 34
72 34
72 35
72 36
72 37
72 37
72 38
72 39
72 39
72 40
72 41
72 41
73 42
73 42
74 41
75 41
75 41
76 40
77 39
77 39
78 38
79 37
80 36
80 36
81 35
81 34
82 33
82 32
83 31
83 31
84 30
85 29
85 28
86 27
87 26
87 26
88 25
88 24
89 23
89 22
90 21
90 21
90 20
91 19
91 18
92 17
92 16
92 16
93 15
94 14
94 14
94 14
94 15
94 15
93 16
92 16
92 16
91 17
91 18
90 19
90 19
89 20
89 21
88 22
88 22
87 23
86 24
85 25
85 25
85 26
84 27
84 28
84 28
83 29
83 30
82 31
82 31
81 32
81 33
81 33
81 34
81 35
81 35
82 36
82 36
83 36
83 36
84 36
84 36
85 35
86 34
86 34
87 33
88 32
88 32
89 31
89 30
90 29
90 29
91 28
91 27
92 26
92 26
93 25
94 25
95 24
95 24
96 23
96 22
97 21
97 21
98 20
98 19
98 19
99 18
99 18
100 18
100 18
99 19
99 19
99 19
99 19
99 19
99 19
99 19
99 19
99 19
99 19
98 19
98 19
98 19
98 20
98 20
98 21
98 21
98 21
98 21
98 21
98 21
98 21
98 21
97 22
97 22
97 23
97 23
96 24
96 25
96 25
96 26
96 27
95 28
95 29
95 30
95 31
95 31
95 32
95 33
95 34
95 35
94 36
94 37
94 38
94 39
94 40
94 40
94 41
94 42
93 43
93 44
93 45
93 46
93 47
93 48
92 49
92 50
92 51
92 52
92 52
92 53
92 54
91 55
91 56
91 57
91 58
90 59
90 60
90 61
90 62
89 63
89 64
89 65
89 65
89 66
89 67
88 68
88 69
88 70
88 71
88 72
88 73
87 74
87 75
87 76
87 77
87 77
87 78
87 79
86 80
86 81
86 82
86 83
86 84
86 85
85 86
85 87
85 88
85 88
85 89
84 90
84 91
84 92
84 93
83 94
83 95
83 96
83 96
83 97
83 98
83 99
83 99
84 100
84 100
85 100
85 100
86 99
86 99
87 98
87 97
87 97
87 96
