2 3
2 3
1 2
1 2
0 2
0 2
0 3
0 3
0 4
0 5
0 5
0 6
0 7
0 8
0 9
0 9
0 10
0 11
0 12
0 13
0 14
0 15
0 16
0 16
0 17
0 18
0 19
0 20
0 21
0 22
0 23
0 24
0 25
0 25
0 26
0 27
1 28
1 29
1 30
1 31
1 31
1 32
2 33
2 34
3 35
3 36
3 36
4 36
5 36
5 36
6 35
7 34
8 33
8 33
8 32
9 31
9 30
10 29
10 28
10 28
11 27
11 26
12 25
12 24
13 23
13 23
13 22
14 21
14 20
14 19
15 18
15 17
15 17
15 16
16 15
16 14
17 13
17 12
17 12
17 11
17 10
17 9
17 8
17 8
17 7
18 6
18 5
18 4
18 4
18 3
18 2
18 2
18 1
18 0
18 0
18 1
18 1
18 2
18 3
18 3
17 4
17 5
17 5
17 6
16 7
16 8
16 8
16 9
16 10
16 11
16 11
16 12
15 13
15 14
15 14
15 15
15 16
15 17
15 17
14 18
14 19
14 19
13 20
13 21
13 21
13 22
13 23
13 23
13 24
12 25
12 26
12 27
12 27
12 28
12 29
12 30
12 31
12 31
12 32
12 33
13 34
13 35
13 36
13 37
13 37
13 38
13 39
14 40
14 41
14 42
14 43
14 43
14 44
14 45
14 46
15 47
15 48
15 49
15 50
15 50
15 51
15 52
15 53
15 54
15 55
15 55
15 56
16 57
16 58
16 59
16 59
17 60
17 61
17 61
17 60
17 59
17 58
17 57
17 56
17 55
17 54
17 53
17 52
17 51
17 50
17 49
17 48
17 47
17 46
17 45
17 44
17 43
17 42
17 41
17 40
17 39
17 38
17 38
18 37
18 36
19 35
19 34
20 33
20 32
21 31
21 31
21 30
22 29
22 28
22 27
22 27
22 26
21 25
21 24
21 24
22 23
23 22
23 22
24 21
24 20
25 19
25 19
26 18
26 17
27 16
27 16
28 15
29 14
30 13
30 13
31 12
31 11
32 10
32 10
33 9
34 8
35 7
35 7
35 8
35 9
34 10
34 11
34 12
34 12
33 13
33 14
32 15
32 16
32 16
31 17
31 17
30 18
30 18
30 19
30 19
30 20
30 21
30 22
30 22
30 23
29 24
29 25
29 26
29 26
29 27
29 28
29 29
29 30
29 31
29 32
29 32
29 33
29 34
29 35
28 36
28 37
28 38
28 39
28 39
28 40
28 41
28 42
28 43
28 44
28 45
28 46
28 47
28 48
28 48
28 49
28 50
29 51
29 52
29 53
29 53
30 54
30 55
31 56
31 56
32 56
33 56
33 56
34 55
35 54
36 53
36 53
37 52
38 51
38 50
39 49
39 49
40 48
40 47
41 46
41 45
42 44
42 43
42 43
42 42
43 41
43 40
43 39
43 39
43 38
44 37
44 36
44 36
43 35
43 34
43 34
42 34
41 33
40 33
40 33
39 33
38 33
37 33
37 33
36 34
35 34
34 35
34 35
33 36
32 36
31 37
31 37
30 38
29 38
28 39
28 39
27 40
27 40
27 40
27 40
28 39
29 38
29 38
30 37
31 36
32 35
32 35
33 34
34 33
35 32
36 31
36 31
37 30
38 29
39 29
40 28
40 28
41 27
42 26
43 25
44 24
44 24
45 23
45 22
46 21
46 21
47 20
48 19
48 19
49 18
49 18
49 18
49 19
49 20
49 20
48 21
48 22
48 22
48 23
48 24
47 25
47 26
47 27
47 28
47 28
47 29
47 30
46 31
46 32
46 33
46 34
46 34
46 35
46 36
46 37
46 38
46 39
46 40
46 40
46 41
46 42
46 43
46 44
46 44
46 45
47 46
47 47
47 48
47 48
48 49
49 50
49 50
50 50
51 50
51 50
52 49
52 48
53 47
53 47
54 46
54 45
55 44
55 43
55 43
56 42
56 41
57 40
57 39
58 38
58 38
59 37
59 36
60 35
60 34
60 34
60 33
60 32
61 31
61 30
61 29
61 29
61 28
61 27
61 27
61 26
61 26
61 27
61 27
60 28
60 28
60 29
59 30
59 31
59 32
59 32
59 33
59 34
59 35
59 36
59 36
59 37
59 38
59 38
60 39
60 39
60 40
60 40
61 40
61 40
61 39
61 39
62 38
62 38
63 37
63 36
63 36
63 35
63 34
63 34
63 33
63 32
63 31
63 30
63 30
63 29
62 28
62 27
62 26
62 26
62 25
62 24
62 23
62 22
62 22
62 21
61 20
61 19
61 18
61 18
60 17
60 16
60 16
60 17
60 17
60 18
60 18
60 19
60 20
60 21
60 21
61 22
61 23
61 23
61 24
62 25
62 26
62 26
63 27
64 28
64 28
65 28
66 29
67 29
67 29
68 29
69 28
70 28
70 28
71 27
72 27
73 26
73 26
74 25
75 25
76 24
76 24
77 23
78 22
78 21
79 20
79 20
80 19
81 18
82 17
82 17
82 16
83 15
83 14
83 14
83 13
84 12
84 11
84 10
84 10
83 9
83 8
83 8
83 8
82 9
81 9
81 9
80 10
80 11
79 12
79 12
78 13
78 14
77 15
77 16
77 16
77 17
76 18
76 19
75 20
75 21
75 21
75 22
74 23
74 24
74 24
74 25
73 26
73 27
73 27
74 28
74 28
75 29
75 30
75 30
76 31
76 31
76 31
77 31
78 31
79 30
80 30
81 30
81 30
82 29
83 28
83 28
84 27
85 26
85 26
86 25
86 24
87 23
87 23
87 22
87 21
87 21
87 20
87 19
87 19
86 18
86 18
85 17
84 17
84 17
83 17
83 17
83 18
83 18
83 19
83 19
84 20
84 20
85 20
85 20
86 21
87 21
87 21
88 21
89 21
90 21
90 21
91 22
92 22
92 22
93 23
94 24
95 25
95 25
95 26
96 27
96 28
96 29
96 29
96 30
96 31
96 32
96 33
97 34
97 35
97 36
97 37
97 38
97 38
97 39
97 40
97 41
97 42
97 43
98 44
98 45
98 46
98 47
98 48
98 49
98 50
98 50
98 51
98 52
98 53
98 54
98 55
98 56
98 57
98 58
98 59
98 60
98 61
98 62
98 63
98 63
98 64
98 65
98 66
98 67
98 68
97 69
97 70
97 71
97 72
97 73
97 74
97 75
97 75
97 76
97 77
97 78
97 79
97 80
97 81
97 82
97 83
97 84
97 84
97 85
97 86
97 87
97 88
97 89
97 90
97 91
97 92
97 92
97 93
97 94
97 95
97 96
97 97
97 97
98 98
98 99
98 99
98 100
98 100
99 100
99 100
99 100
100 100
100 100
99 99
99 99
99 99
99 98
99 98
98 97
98 97
98 97
98 97
98 96
98 96
98 95
98 94
98 94
98 94
98 93
98 92
98 91
98 91
98 90
98 89
98 88
98 88
97 87
96 86
96 86
96 85
95 84
95 83
95 83
95 82
94 81
94 80
94 79
94 79
94 78
94 77
94 76
94 75
94 74
94 74
