20 42
19 41
19 40
18 39
17 38
17 37
16 36
15 35
15 34
14 33
14 32
13 31
12 30
12 29
11 28
10 27
10 26
9 25
8 24
8 23
7 22
6 21
6 20
5 19
5 18
4 17
3 16
3 15
2 14
1 13
1 12
0 11
0 11
0 11
0 10
0 9
0 8
0 7
0 6
0 5
0 4
0 3
0 2
0 2
0 1
0 0
0 0
0 1
0 1
0 2
0 3
0 3
0 4
0 5
1 6
1 7
1 8
1 9
1 9
1 10
1 11
1 12
1 13
1 14
1 15
1 16
1 17
1 17
1 18
1 19
1 20
1 21
2 22
2 23
2 24
2 25
2 26
2 27
2 27
2 28
3 29
3 30
3 31
3 32
4 33
4 34
4 34
5 35
5 36
6 37
6 37
7 37
8 37
8 37
9 36
10 35
11 34
11 34
12 33
12 32
13 31
13 30
14 29
14 29
14 28
15 27
15 26
16 25
16 24
17 23
17 22
17 22
17 21
18 20
18 19
19 18
19 17
19 16
20 15
20 14
20 14
21 13
21 12
22 11
22 10
22 10
22 9
22 8
22 7
22 6
22 6
21 6
20 7
19 7
18 7
18 7
18 8
17 9
17 10
17 11
17 12
16 13
16 14
16 15
16 16
15 17
15 18
15 18
15 19
14 20
14 21
14 22
14 22
14 23
14 24
13 25
13 26
13 27
13 27
13 28
13 29
13 30
13 31
13 32
13 33
13 33
13 34
13 35
14 36
14 37
14 38
14 39
14 39
14 40
14 41
14 42
14 43
14 44
14 45
14 45
14 46
14 47
15 48
15 49
15 50
15 51
15 51
15 52
15 53
15 54
16 55
16 56
16 57
16 58
16 58
16 59
16 60
16 61
17 62
17 63
17 64
17 65
17 65
17 66
18 67
18 68
18 69
18 69
18 70
19 71
19 72
19 72
19 71
19 70
19 69
19 68
19 67
19 66
19 65
19 64
19 63
19 62
19 61
19 60
19 59
19 58
19 57
19 56
19 55
19 54
19 53
19 52
19 51
19 50
19 49
19 48
19 47
19 46
19 45
19 44
19 43
19 42
19 41
19 40
19 39
19 38
19 37
19 36
19 35
19 34
19 34
19 33
20 32
20 31
21 30
21 29
22 28
22 27
22 27
22 26
22 26
22 25
22 25
23 24
24 23
24 23
25 22
26 21
26 21
27 20
27 19
28 18
28 18
29 17
30 16
31 15
31 15
32 14
32 13
33 12
33 11
33 11
34 10
35 9
35 9
36 8
37 7
37 7
36 8
36 9
35 10
35 11
34 12
34 13
33 14
33 15
33 15
33 16
33 17
32 18
32 19
32 20
32 20
31 21
31 21
31 22
31 22
31 23
31 23
31 24
31 25
31 25
31 26
31 27
31 28
31 29
31 29
31 30
31 31
31 32
30 33
30 34
30 35
30 36
30 36
30 37
30 38
30 39
30 40
30 41
30 42
30 43
30 43
30 44
30 45
30 46
30 47
30 48
30 49
30 50
30 51
30 51
30 52
31 53
31 54
31 55
31 55
31 56
32 57
32 58
32 59
32 59
32 59
33 59
34 60
35 60
35 60
36 59
37 58
37 58
38 57
38 56
39 55
39 55
39 54
40 53
40 52
40 52
40 51
41 50
41 49
41 48
41 48
41 47
42 46
42 45
42 44
42 44
42 43
42 42
42 41
42 41
42 41
41 40
40 39
40 39
39 40
38 40
38 40
37 41
36 42
36 42
36 42
35 43
34 43
33 44
32 44
32 44
31 45
30 45
30 45
29 45
29 45
29 45
30 44
30 44
31 43
31 43
32 42
33 41
33 41
34 40
35 40
36 39
36 39
37 38
38 37
39 36
39 36
40 35
41 34
41 33
42 32
42 32
43 31
44 30
44 29
45 28
45 28
46 27
46 26
47 25
47 25
47 25
48 24
48 23
49 22
49 22
49 21
49 20
49 20
48 19
48 19
48 19
48 19
48 19
48 20
47 21
47 22
47 22
46 23
46 23
46 24
46 25
46 25
46 26
46 27
46 27
46 28
46 29
46 30
46 31
46 31
46 32
46 33
47 34
47 35
47 36
47 36
47 37
47 38
47 39
47 40
47 41
47 42
47 42
47 43
47 44
48 45
48 46
48 47
48 47
48 48
49 49
49 50
49 51
49 51
50 52
51 53
51 53
52 54
53 54
53 54
54 54
54 54
55 53
56 52
56 52
56 51
57 50
57 49
57 49
57 48
58 47
58 46
58 46
58 45
59 44
59 43
59 42
59 42
59 41
59 40
59 39
59 38
59 38
59 37
59 36
58 35
58 34
58 33
58 33
58 32
57 31
57 30
57 29
57 29
57 28
57 27
57 26
57 26
56 26
56 26
56 26
56 26
56 27
56 28
56 28
57 29
57 30
57 30
57 31
57 32
57 33
57 34
57 34
58 35
58 36
59 37
59 38
59 38
59 39
59 40
60 41
60 42
60 43
60 43
60 44
61 45
61 46
61 46
62 47
62 48
62 48
63 49
64 49
64 49
65 48
65 48
66 47
66 46
66 46
66 45
67 44
67 43
67 42
67 42
67 41
67 40
67 39
67 39
67 38
67 37
67 36
67 36
67 35
66 34
66 33
66 32
66 32
65 31
65 30
64 29
64 28
64 28
63 27
63 26
62 25
62 25
62 24
61 23
61 22
61 22
61 21
61 21
61 21
61 22
61 22
62 22
62 22
63 23
63 24
63 24
64 25
64 26
64 26
65 27
66 28
66 28
67 29
68 30
68 30
69 31
70 32
70 32
71 32
72 33
73 33
73 33
74 34
75 34
76 35
77 35
77 35
78 35
79 35
79 35
80 35
81 34
82 34
82 34
83 33
84 33
84 33
85 32
85 31
85 31
85 30
85 29
85 28
85 28
85 27
85 26
85 26
85 25
85 24
85 23
85 23
84 22
84 21
84 21
83 20
83 19
83 19
83 18
83 18
82 18
81 18
81 18
80 19
80 20
80 20
80 21
79 22
79 23
79 23
78 24
78 25
77 26
77 26
77 27
77 28
77 29
77 29
77 30
77 31
77 32
77 32
77 33
77 34
77 34
78 35
79 36
79 36
80 37
81 37
81 37
82 37
83 38
84 38
84 38
85 38
86 38
86 38
87 37
88 37
88 37
89 36
89 36
89 35
89 35
88 35
88 35
87 35
86 34
85 34
85 34
84 34
83 34
82 34
82 34
81 34
80 34
79 34
79 34
78 34
77 35
76 35
75 35
75 35
74 35
73 35
73 35
73 35
73 35
74 34
75 33
75 33
76 32
77 32
78 31
78 31
79 31
80 30
81 30
81 30
82 30
83 30
84 30
84 30
85 30
86 31
87 31
87 31
88 32
89 33
90 34
90 34
91 35
91 36
92 37
92 38
92 38
92 39
93 40
93 41
93 42
93 43
94 44
94 45
94 46
94 46
94 47
94 48
94 49
94 50
95 51
95 52
95 53
95 54
95 55
95 56
95 56
95 57
95 58
96 59
96 60
96 61
96 62
96 63
96 64
97 65
97 66
97 67
97 68
97 68
97 69
97 70
97 71
97 72
98 73
98 74
98 75
98 76
98 77
98 77
98 78
98 79
98 80
99 81
99 82
99 83
99 84
99 84
99 85
99 86
100 87
100 88
100 89
100 90
100 90
100 91
100 92
100 93
100 94
100 94
99 95
99 96
99 96
99 97
99 97
99 98
99 98
99 99
99 99
98 99
98 99
98 100
98 100
97 100
97 100
97 100
96 100
96 100
96 100
96 100
96 100
96 99
96 98
96 97
96 96
96 95
96 94
96 94
95 93
95 92
95 92
94 91
94 90
94 90
94 89
93 88
93 87
93 87
94 86
94 85
95 84
95 83
95 83
