7 9
7 9
7 9
7 9
7 9
7 9
7 9
7 9
7 9
7 9
7 9
7 9
7 9
6 10
6 11
6 11
5 12
5 12
4 13
4 14
4 14
4 15
3 16
3 17
3 17
2 18
2 19
2 19
2 20
1 21
1 22
1 22
1 23
0 24
0 25
0 26
0 26
0 27
0 28
0 29
0 29
0 30
0 31
0 32
0 32
0 33
0 34
0 35
0 35
1 36
1 37
1 37
2 38
2 38
3 38
4 38
4 38
5 38
6 38
7 38
7 38
8 37
9 37
10 36
10 36
11 35
12 34
12 34
13 33
14 32
15 31
15 31
16 30
17 30
18 29
18 29
19 28
20 27
20 27
21 26
22 25
22 25
23 24
24 23
25 22
25 22
26 21
26 20
27 19
27 18
27 18
28 17
28 16
29 15
29 14
29 14
29 13
30 12
30 11
30 11
31 10
31 9
32 8
32 7
32 7
32 6
33 5
33 4
33 4
33 3
33 2
33 2
33 1
33 1
33 0
33 0
32 1
32 1
31 1
31 1
30 2
30 2
29 2
29 2
28 3
28 3
27 3
27 3
27 4
27 4
27 4
26 5
26 5
26 6
26 6
26 6
26 7
26 8
26 8
26 9
26 9
25 10
25 10
25 11
25 11
25 12
25 13
25 13
25 14
25 15
25 15
24 16
24 17
24 17
24 18
24 19
24 20
24 20
24 21
24 22
23 23
23 24
23 25
23 25
23 26
22 27
22 28
22 29
22 30
21 31
21 32
21 32
21 33
21 34
21 35
20 36
20 37
20 38
20 39
20 40
20 40
20 41
20 42
20 43
20 44
20 45
19 46
19 47
19 48
19 49
19 50
19 51
19 51
19 52
19 53
19 54
19 55
19 56
19 57
18 58
18 59
18 60
18 61
18 62
18 63
18 64
18 64
18 65
18 66
18 67
18 68
18 69
18 70
18 71
18 72
18 73
18 74
18 75
18 76
18 76
18 77
18 78
18 79
19 80
19 81
19 82
19 83
19 84
19 84
19 85
19 86
19 87
19 88
19 89
19 89
19 90
20 91
20 92
20 92
21 93
21 93
22 94
23 94
23 94
23 94
24 93
24 93
25 93
25 93
25 93
25 92
25 92
25 91
25 90
25 89
25 88
25 87
25 86
25 85
25 84
25 83
25 82
25 81
25 80
25 79
25 78
25 77
25 76
25 75
25 74
25 73
25 72
25 71
25 70
25 69
25 68
25 67
25 66
25 65
25 64
25 63
25 62
26 61
26 60
26 59
26 58
26 57
26 56
26 55
26 54
26 53
26 52
26 51
26 50
26 49
26 48
26 47
26 46
26 45
26 44
26 43
26 42
26 41
26 40
26 39
26 38
26 37
26 36
26 35
26 34
26 33
26 32
26 31
26 31
26 31
26 31
25 32
24 32
24 32
24 32
25 32
25 32
26 32
27 32
27 32
28 31
28 30
28 30
29 29
30 29
30 29
31 28
32 27
32 27
33 26
34 26
35 25
35 25
36 24
37 23
37 23
38 22
38 22
39 21
40 21
40 21
40 21
41 21
41 21
41 21
41 21
40 21
40 21
40 22
40 22
39 22
39 22
39 23
39 23
38 23
38 23
38 24
38 24
37 24
37 24
37 25
37 25
36 26
36 26
35 27
35 27
34 28
34 29
34 29
34 30
33 31
33 32
33 32
33 33
33 34
33 35
33 35
33 36
32 37
32 38
32 39
32 39
32 40
31 41
31 42
31 42
31 43
31 44
30 45
30 46
30 47
30 47
30 48
30 49
29 50
29 51
29 52
29 52
29 53
29 54
29 55
29 56
29 56
29 57
29 58
29 59
29 60
29 60
30 61
30 62
30 62
31 63
31 64
31 64
32 64
32 64
33 63
34 63
34 63
35 62
35 61
35 61
36 60
37 59
37 59
38 58
38 57
39 56
39 56
39 55
40 54
40 53
40 53
40 52
41 51
41 50
41 49
41 49
41 48
42 47
42 46
42 46
42 45
42 44
42 44
42 43
42 42
42 42
42 41
42 41
41 41
41 41
40 41
40 41
39 42
38 42
38 42
37 43
37 43
36 44
35 45
35 45
34 46
34 47
34 47
33 48
33 48
32 49
32 49
31 49
31 49
31 49
31 49
32 49
32 49
33 48
33 48
34 47
34 47
35 46
36 46
36 46
37 45
38 45
39 44
39 44
40 43
40 42
41 41
41 41
42 40
43 39
43 39
44 38
45 38
45 38
46 37
46 37
46 37
47 37
47 37
47 37
47 37
47 37
47 37
46 37
46 37
46 37
46 37
46 37
46 37
47 36
47 36
47 35
47 35
48 34
48 34
49 33
49 33
50 32
50 32
51 31
51 31
52 31
52 31
52 30
52 30
52 30
52 31
52 31
51 31
51 31
51 31
50 32
50 33
50 33
50 34
50 35
50 35
50 36
49 37
49 38
49 38
49 39
48 40
48 41
48 42
48 42
48 43
47 44
47 45
47 46
47 46
47 47
46 48
46 49
46 50
46 50
46 51
46 52
46 53
46 54
46 54
45 55
45 56
45 56
46 57
46 58
46 58
46 59
46 59
47 59
47 59
48 59
48 59
49 58
49 57
49 57
50 56
51 55
51 55
52 54
52 53
53 52
53 52
53 51
54 50
54 49
54 49
55 48
55 47
56 46
56 46
57 45
57 44
58 43
58 42
58 42
58 41
59 40
59 39
59 39
60 38
60 37
61 36
61 35
61 35
61 34
61 33
61 32
61 32
62 31
62 30
62 30
63 29
63 28
63 28
63 28
63 28
63 29
63 29
62 30
62 30
61 31
61 32
61 32
61 33
61 34
61 34
60 35
60 35
60 36
60 36
60 37
60 37
59 38
59 38
59 39
59 40
59 40
59 41
59 42
59 42
58 43
58 44
58 44
58 45
58 46
58 47
58 48
58 48
58 49
57 50
57 51
57 51
57 52
57 53
57 54
57 54
57 55
57 56
57 56
57 57
57 57
58 57
58 57
58 56
58 56
59 55
59 55
59 54
59 54
60 53
60 53
60 52
60 52
60 52
60 51
60 51
60 50
60 50
61 49
61 49
61 48
61 47
61 47
61 46
61 45
61 45
61 44
61 43
61 43
61 42
61 41
61 40
61 40
61 39
61 38
61 38
62 37
62 36
62 36
62 35
62 34
62 34
63 33
63 32
63 32
63 31
63 31
64 30
64 30
64 30
64 30
64 30
64 30
64 31
64 31
64 31
64 31
64 31
64 30
64 30
64 30
64 30
64 29
64 29
64 29
64 29
64 29
64 29
64 30
64 30
64 30
64 30
64 30
64 30
64 30
64 30
64 31
64 31
64 32
64 33
64 33
64 34
65 35
65 36
65 37
65 37
65 38
65 39
65 40
65 41
65 41
65 42
66 43
66 44
66 45
66 45
67 46
67 47
67 47
68 48
68 48
69 49
70 49
70 49
71 50
71 50
72 50
72 50
72 50
73 49
73 49
74 49
74 49
75 48
75 48
75 47
75 47
75 46
75 45
75 45
76 44
76 43
76 43
76 42
76 41
76 40
76 40
76 39
76 38
76 37
76 36
76 36
76 35
76 34
76 33
76 33
76 32
76 31
76 30
76 30
76 29
77 28
77 27
77 27
77 26
77 26
77 25
77 25
77 25
77 25
77 25
76 25
76 25
76 25
76 25
76 25
76 25
76 25
76 25
76 25
76 25
76 26
76 26
76 26
76 26
76 26
76 26
76 26
76 26
76 26
76 26
76 26
76 26
76 26
76 26
76 26
76 27
76 27
76 27
75 28
75 28
75 29
75 30
75 30
75 31
75 32
75 32
75 33
75 34
75 35
75 35
75 36
75 37
75 37
76 38
76 39
76 39
76 40
76 40
77 40
78 40
78 40
79 39
79 39
80 38
80 37
81 36
81 36
82 35
83 34
84 33
84 33
85 32
86 31
87 30
87 30
88 29
89 28
90 27
90 27
91 26
91 25
92 24
92 24
93 23
93 22
94 21
94 21
95 20
96 20
96 20
96 19
96 19
96 20
96 20
95 21
95 21
94 22
93 22
93 22
92 23
91 24
91 24
90 25
89 26
89 26
88 27
87 28
87 28
86 29
86 30
86 30
85 31
85 32
85 32
84 33
84 34
84 34
83 35
83 35
82 36
82 36
82 37
82 37
82 38
82 38
83 38
83 38
84 38
84 38
85 37
85 37
86 36
86 36
87 35
88 35
88 35
89 34
90 33
90 33
91 32
92 32
92 32
93 31
94 30
94 30
95 29
96 29
96 29
97 28
97 28
97 27
97 27
98 26
98 25
98 25
98 24
98 24
99 23
99 22
99 22
99 21
99 21
99 20
99 20
99 20
99 21
99 21
99 22
99 22
98 23
98 23
98 23
98 23
98 23
98 23
98 23
98 23
98 23
98 23
98 23
98 23
98 23
98 23
98 23
98 23
98 23
98 23
98 23
98 24
98 24
97 25
97 25
97 26
97 27
97 28
97 29
97 29
97 30
97 31
97 32
97 33
96 34
96 35
96 36
96 37
96 38
96 38
96 39
96 40
96 41
95 42
95 43
95 44
95 45
95 46
95 47
94 48
94 49
94 50
94 51
94 51
94 52
94 53
94 54
94 55
94 56
93 57
93 58
93 59
93 60
93 61
93 62
93 63
93 63
93 64
93 65
92 66
92 67
92 68
92 69
92 70
92 71
91 72
91 73
91 74
91 74
91 75
91 76
91 77
91 78
90 79
90 80
90 81
90 82
90 83
90 84
90 84
90 85
90 86
90 87
89 88
89 89
89 90
89 91
89 91
89 92
88 93
88 94
88 95
88 95
88 96
88 97
88 98
88 98
88 99
88 100
88 100
88 100
89 100
89 100
89 100
89 99
89 99
90 98
90 98
90 97
90 96
