3 11
3 11
3 11
3 11
3 11
3 11
3 11
3 11
3 11
3 11
3 11
3 11
3 11
3 12
3 13
3 13
3 14
2 15
2 16
2 17
2 17
2 18
2 19
2 20
2 21
2 21
2 22
1 23
1 24
1 25
1 25
1 26
1 27
0 28
0 29
0 30
0 30
0 31
0 32
0 33
0 34
0 35
0 36
0 36
0 37
0 38
0 39
0 39
0 40
0 41
0 42
0 42
1 43
1 43
2 44
2 44
3 45
3 45
4 44
5 44
5 44
6 43
7 43
8 42
8 42
9 41
9 40
10 39
10 39
11 38
12 37
13 36
13 36
14 35
14 34
15 33
15 32
16 31
16 31
16 30
17 29
17 28
18 27
18 26
18 26
19 25
19 24
20 23
20 22
21 21
21 21
21 20
21 19
22 18
22 17
22 16
22 15
22 15
22 14
23 13
23 12
24 11
24 10
24 10
24 9
25 8
25 7
25 6
25 6
25 5
25 4
25 3
25 3
25 2
25 1
25 1
25 0
25 0
24 1
24 1
23 2
22 2
22 2
21 3
21 3
21 4
20 5
20 6
20 6
20 7
19 8
19 9
19 9
19 10
18 11
18 12
18 12
18 13
17 14
17 15
17 16
17 16
17 17
16 18
16 19
16 20
16 20
16 21
16 22
16 23
15 24
15 25
15 26
15 27
15 27
15 28
15 29
15 30
15 31
15 32
14 33
14 34
14 35
14 36
14 37
14 38
14 38
14 39
14 40
14 41
14 42
14 43
14 44
14 45
14 46
14 47
14 48
14 49
14 50
14 51
14 51
14 52
14 53
14 54
14 55
14 56
14 57
14 58
14 59
14 60
14 61
14 62
14 63
14 63
14 64
14 65
14 66
14 67
14 68
14 69
14 70
14 71
14 72
14 73
14 74
14 74
14 75
14 76
14 77
14 78
14 79
14 80
14 81
14 82
14 83
14 84
14 85
14 85
14 86
14 87
15 88
15 89
15 90
15 91
15 91
15 92
16 93
16 94
16 95
16 95
16 96
17 97
17 98
17 98
18 99
18 99
19 98
19 98
19 97
19 97
20 96
20 96
20 95
20 94
20 93
20 92
20 91
20 90
20 89
21 88
21 87
21 86
21 85
21 84
21 83
21 82
21 81
21 80
21 79
21 78
21 77
21 76
21 75
22 74
22 73
22 72
22 71
22 70
22 69
22 68
22 67
22 66
22 65
22 64
22 63
22 62
22 61
22 60
23 59
23 58
23 57
23 56
23 55
23 54
23 53
23 52
23 51
23 50
23 49
23 48
23 47
23 46
24 45
24 44
24 43
24 42
24 41
24 40
24 39
24 38
24 38
23 39
23 40
22 41
22 41
21 42
21 42
20 43
20 43
20 44
20 44
20 44
20 44
21 43
21 43
22 42
22 41
22 41
23 40
23 39
23 39
24 38
24 37
25 36
25 36
26 35
27 34
27 33
28 32
28 32
29 31
29 30
30 29
30 28
30 28
31 27
32 27
33 26
33 26
34 25
34 24
34 24
35 23
35 23
36 23
36 23
36 24
36 24
36 25
36 25
36 26
36 27
36 27
36 28
35 29
35 30
35 31
35 31
35 32
35 33
34 34
34 35
34 36
34 36
34 37
34 38
33 39
33 40
33 41
33 41
33 42
33 43
32 44
32 45
32 46
32 47
32 47
32 48
31 49
31 50
31 51
31 52
30 53
30 54
30 54
30 55
30 56
29 57
29 58
29 59
29 60
29 60
29 61
28 62
28 63
28 64
28 64
28 65
28 66
28 67
28 68
28 68
28 69
28 69
28 70
28 70
29 69
29 69
30 68
31 67
31 67
31 66
32 65
32 64
32 64
33 63
33 62
34 61
34 61
34 60
35 59
35 58
35 57
35 57
35 56
36 55
36 54
36 53
36 53
37 52
37 51
38 50
38 50
38 49
38 48
38 47
38 47
39 46
39 45
39 45
39 44
39 44
38 43
38 43
37 43
37 43
36 44
35 45
35 45
34 46
33 46
33 46
32 47
32 48
31 49
31 49
30 50
29 50
29 50
29 51
29 52
29 52
28 53
28 53
28 53
29 52
29 52
30 51
30 51
31 50
32 49
32 49
33 48
33 47
34 46
34 46
35 45
35 44
36 43
36 43
37 42
37 41
38 40
38 40
39 39
39 38
40 37
40 37
41 36
42 35
42 35
43 34
44 33
44 33
45 32
45 31
46 30
46 30
47 29
48 29
48 29
49 28
49 28
50 27
50 27
51 27
51 27
51 27
52 27
52 27
52 27
52 27
51 28
51 28
51 29
50 30
50 31
50 31
50 32
49 33
49 34
49 35
49 35
49 36
49 37
48 38
48 39
48 40
48 40
48 41
48 42
47 43
47 44
47 45
47 45
47 46
47 47
46 48
46 49
46 50
46 50
46 51
45 52
45 53
45 54
45 54
45 55
45 56
45 57
45 57
45 58
45 59
45 59
46 58
46 58
47 57
48 57
48 57
49 56
49 55
50 54
50 54
51 53
51 52
52 51
52 50
52 50
52 49
52 48
53 47
53 46
53 45
53 45
54 44
54 43
55 42
55 41
55 41
56 40
56 39
57 38
57 37
57 37
58 36
58 35
59 34
59 33
59 33
59 32
60 31
60 30
60 29
60 29
61 28
61 27
62 26
62 26
63 25
63 24
63 24
64 23
64 22
64 22
64 22
64 22
64 23
64 23
64 24
64 24
63 25
63 26
63 26
62 27
62 28
62 28
62 29
61 30
61 31
61 31
61 32
61 33
61 34
61 35
61 35
61 36
60 37
60 38
60 39
60 39
60 40
59 41
59 42
59 43
59 43
59 44
58 45
58 46
58 47
58 47
58 48
58 49
58 50
58 51
58 51
57 52
57 53
57 53
57 54
57 55
57 55
57 55
58 56
58 56
58 56
58 55
58 55
59 55
59 55
59 54
59 54
59 53
59 53
59 52
59 52
59 51
59 50
59 49
59 49
59 48
60 47
60 46
60 45
60 45
60 44
60 43
60 42
60 42
60 41
61 40
61 39
61 38
61 38
61 37
62 36
62 35
62 34
62 34
62 33
62 32
62 31
62 31
62 30
63 29
63 28
63 28
64 27
64 26
64 26
65 25
65 24
65 24
66 23
66 22
66 22
66 21
66 21
67 20
67 20
67 20
66 21
66 21
66 22
66 22
66 23
66 23
65 24
65 25
65 25
65 26
65 26
65 27
65 28
65 28
65 29
66 30
66 31
66 31
66 32
66 33
66 34
66 35
66 35
66 36
67 37
67 38
67 38
67 39
67 40
67 41
67 41
68 42
68 43
68 43
69 44
69 45
69 45
70 46
70 46
71 46
71 46
72 46
72 46
73 45
73 45
74 44
74 44
74 43
74 43
75 43
75 43
75 42
75 42
75 41
75 41
76 40
76 39
76 39
76 38
76 37
76 37
76 36
77 35
77 34
77 33
77 33
77 32
78 31
78 30
78 29
78 29
78 28
79 27
79 26
79 25
79 25
80 24
80 23
81 22
81 21
81 21
81 20
82 19
82 18
82 17
82 17
82 16
82 15
82 15
83 14
83 14
83 15
83 15
83 16
83 16
82 17
82 18
82 18
82 19
82 20
82 20
82 20
82 21
82 21
82 21
82 20
82 20
83 19
83 19
83 18
83 18
83 17
83 17
83 17
83 17
83 17
83 17
82 17
82 17
82 18
82 18
81 18
81 18
81 18
81 19
81 19
80 20
80 20
79 21
79 22
79 22
79 23
78 24
78 25
78 25
78 26
77 27
77 28
77 28
77 29
76 30
76 31
76 32
76 32
76 33
76 34
76 34
76 35
76 35
77 36
77 36
78 35
79 35
79 35
80 34
80 33
81 32
81 32
82 31
83 30
84 29
84 29
85 28
86 27
86 26
87 25
87 25
88 24
89 23
90 22
91 21
91 21
92 20
93 19
93 18
94 17
94 17
95 16
95 15
96 14
96 14
97 13
97 12
98 11
98 11
99 10
100 9
100 9
100 8
100 8
99 8
99 8
98 9
97 9
97 9
96 10
95 11
95 11
94 12
93 13
92 14
92 14
91 15
91 16
90 17
90 17
89 18
89 19
89 19
89 19
89 19
89 19
90 18
90 18
91 17
91 17
92 16
92 15
92 15
93 14
94 13
94 13
95 12
95 12
96 12
97 12
97 12
97 12
97 13
97 13
97 13
97 14
97 14
97 14
98 14
98 14
98 14
98 14
98 13
98 13
98 13
98 13
98 13
98 13
98 12
98 12
98 12
98 12
98 12
98 12
98 12
98 13
98 13
97 14
97 14
97 15
97 15
97 16
96 17
96 18
96 18
96 19
96 20
96 21
96 22
96 23
96 23
96 24
96 25
95 26
95 27
95 28
95 28
95 29
95 30
95 31
95 32
95 33
94 34
94 35
94 36
94 37
94 38
94 39
94 39
94 40
94 41
94 42
93 43
93 44
93 45
93 46
93 47
93 48
92 49
92 50
92 51
92 52
92 52
92 53
92 54
92 55
91 56
91 57
91 58
91 59
91 60
91 61
91 62
90 63
90 64
90 65
90 66
90 66
90 67
90 68
90 69
89 70
89 71
89 72
89 73
89 74
89 75
88 76
88 77
88 78
88 79
88 79
88 80
87 81
87 82
87 83
86 84
86 85
86 86
86 87
85 88
85 89
85 89
85 90
85 91
85 92
84 93
84 94
84 95
84 96
84 97
84 97
84 98
84 99
84 100
84 100
85 100
85 100
86 99
86 98
86 98
86 97
87 96
87 95
87 94
