0 14
0 13
0 12
0 11
0 10
0 9
0 8
0 7
0 6
0 6
0 5
0 4
0 3
0 3
1 2
1 1
1 1
1 2
1 3
1 3
1 4
2 5
2 6
2 7
2 7
2 8
3 9
3 10
3 11
3 12
4 13
4 14
4 14
4 15
4 16
4 17
5 18
5 19
5 20
5 21
5 22
5 22
5 23
5 24
5 25
6 26
6 27
6 28
6 29
6 29
6 30
7 31
7 32
7 33
7 34
8 35
8 36
8 36
8 37
9 38
9 39
9 40
9 40
10 41
11 42
11 42
12 42
13 42
13 42
14 41
14 40
15 39
15 39
16 38
16 37
17 36
17 35
17 35
17 34
18 33
18 32
18 31
18 30
19 29
19 28
19 28
19 27
20 26
20 25
20 24
20 23
21 22
21 21
21 21
21 20
22 19
22 18
22 17
23 16
23 15
23 15
23 14
23 13
24 12
24 11
24 10
24 10
24 9
24 8
24 7
24 6
24 6
24 5
25 4
25 3
25 2
25 2
24 1
24 0
24 0
24 1
23 2
23 3
23 4
22 5
22 6
22 7
21 8
21 9
21 10
20 11
20 12
20 12
20 13
20 14
20 15
20 16
20 17
19 18
19 19
19 20
19 21
19 22
19 23
19 23
19 24
19 25
18 26
18 27
18 28
18 28
18 29
18 30
18 31
18 32
18 32
18 33
18 34
18 35
18 36
18 37
18 38
18 38
18 39
18 40
18 41
18 42
18 43
18 44
18 45
18 46
18 46
18 47
18 48
18 49
19 50
19 51
19 52
19 53
19 54
19 54
19 55
19 56
19 57
19 58
19 59
20 60
20 61
20 62
20 63
20 64
20 65
20 66
20 66
20 67
20 68
20 69
20 70
20 71
21 72
21 73
21 74
21 75
21 76
21 77
21 77
21 78
21 79
21 80
21 81
22 82
22 83
22 84
22 85
22 86
22 86
22 87
22 88
22 89
22 90
23 91
23 92
23 93
23 94
23 95
23 95
23 96
24 97
24 98
24 98
25 99
25 99
25 98
25 98
25 97
26 96
26 95
26 95
26 94
26 93
26 92
26 91
26 90
26 89
26 88
25 87
25 86
25 85
25 84
25 83
25 82
25 81
25 80
25 79
25 78
25 77
25 76
25 75
25 74
24 73
24 72
24 71
24 70
24 69
24 68
24 67
24 66
24 65
24 64
24 63
24 62
24 61
24 60
23 59
23 58
23 57
23 56
23 55
23 54
23 53
23 52
23 52
23 51
23 50
24 49
24 48
24 47
24 46
24 45
24 44
25 43
25 42
25 41
25 41
25 40
25 39
25 38
25 38
26 37
26 36
26 36
27 35
27 35
28 34
28 33
28 33
29 32
30 31
30 31
31 30
32 29
32 29
33 28
33 27
34 26
34 26
35 25
36 24
36 24
37 23
37 22
37 22
38 21
38 21
38 22
37 23
37 24
37 24
37 25
36 26
36 27
36 27
35 28
35 29
35 29
35 30
35 31
35 31
34 32
34 33
34 33
34 34
34 35
34 36
34 36
34 37
34 38
34 39
34 40
34 40
34 41
34 42
34 43
34 44
34 45
34 45
34 46
34 47
34 48
34 49
34 50
34 51
34 51
34 52
34 53
35 54
35 55
35 56
35 57
35 57
35 58
35 59
35 60
35 61
35 62
35 63
35 64
35 64
36 65
36 66
37 67
37 68
37 68
38 69
38 70
38 70
39 71
40 72
40 72
41 71
41 71
42 70
43 69
43 69
43 68
44 67
44 66
44 65
44 65
45 64
45 63
46 62
46 61
46 61
46 60
46 59
46 58
46 58
46 57
46 56
46 55
46 55
46 54
46 53
46 53
45 52
45 51
45 51
44 50
44 50
43 50
42 50
42 50
41 51
40 52
40 52
39 53
38 54
38 54
37 55
37 56
37 56
36 57
36 58
35 59
35 59
35 60
35 60
35 60
35 60
36 60
36 60
37 59
37 58
37 58
38 57
39 56
39 56
40 55
41 54
41 53
42 52
42 52
43 51
43 50
44 49
44 48
44 48
45 47
45 46
46 45
46 44
46 44
47 43
47 42
48 41
48 40
48 40
48 39
49 38
49 37
49 37
49 36
50 35
50 34
51 33
51 32
52 31
52 30
53 29
53 28
53 28
53 29
53 30
53 31
53 32
53 32
52 33
52 33
52 34
52 35
52 35
52 36
52 37
52 38
52 39
52 39
52 40
53 41
53 42
53 43
53 43
53 44
53 45
54 46
54 47
54 48
54 49
54 49
54 50
54 51
54 52
54 53
54 54
54 55
54 55
54 56
54 57
54 58
55 59
55 60
55 61
55 62
55 63
55 63
55 64
55 65
55 66
55 67
55 67
56 68
56 69
56 69
57 69
57 69
58 68
58 67
58 67
58 66
59 65
59 64
59 63
59 63
59 62
59 61
60 60
60 59
60 58
60 57
60 57
60 56
61 55
61 54
61 53
62 52
62 51
62 51
62 50
62 49
62 48
62 47
62 46
62 45
62 45
62 44
63 43
63 42
63 41
63 41
63 40
63 39
63 38
63 37
63 37
63 36
63 36
62 36
62 36
62 37
62 37
62 38
62 39
62 39
62 40
62 41
62 42
62 42
62 43
62 44
62 45
62 46
62 46
62 47
63 48
63 49
63 50
63 50
63 51
63 52
63 53
63 54
63 55
63 55
63 56
64 57
64 58
64 58
64 59
65 60
65 61
65 61
65 62
65 62
66 62
66 62
66 61
66 61
67 60
67 59
67 59
67 58
67 57
67 56
67 55
67 54
67 54
67 53
67 52
67 51
67 50
67 50
67 49
67 48
67 47
67 46
67 45
67 44
67 44
67 43
67 42
67 41
67 40
67 39
67 38
67 38
67 37
67 36
67 35
67 34
67 33
67 33
67 32
67 31
67 30
67 29
67 29
67 28
67 28
67 28
68 28
68 28
68 29
68 30
68 30
68 31
69 32
69 33
69 33
69 34
70 35
70 36
70 37
70 37
70 38
71 39
71 40
71 41
71 41
71 42
72 43
72 44
72 44
72 45
73 46
73 47
73 47
73 48
74 49
74 50
74 50
75 51
75 52
75 52
76 53
76 53
77 53
77 53
78 52
78 51
78 51
79 50
79 49
80 48
80 48
80 47
81 46
81 45
81 44
81 44
81 43
81 42
82 41
82 40
82 39
82 38
82 38
82 37
82 36
82 35
82 34
82 33
82 33
82 32
82 31
83 30
83 29
83 28
83 28
83 27
83 26
83 25
83 24
83 23
83 23
83 22
82 21
82 20
82 20
82 19
82 18
82 18
82 17
82 17
82 17
82 17
82 18
82 18
82 19
82 20
82 21
82 21
82 22
82 23
82 23
82 24
83 25
83 26
83 26
83 27
83 28
83 28
84 29
84 30
84 30
85 30
86 30
86 30
87 29
87 29
88 28
89 27
89 27
89 26
90 25
90 24
90 23
90 23
90 22
91 21
91 20
91 20
91 19
92 18
92 17
92 17
91 16
91 15
91 15
91 15
90 15
89 15
89 15
88 16
87 17
87 17
86 18
85 19
84 20
84 20
83 21
83 22
82 23
82 24
81 25
81 25
81 26
80 27
80 28
79 29
79 30
79 30
79 31
78 32
78 33
77 34
77 35
77 35
77 36
76 37
76 38
76 38
76 39
76 40
76 41
76 41
77 42
77 42
78 42
78 42
79 41
80 41
80 41
81 40
82 39
83 38
83 38
84 37
85 36
85 36
86 35
87 35
88 34
88 34
89 34
90 34
90 34
91 35
91 35
92 36
92 37
93 38
93 38
93 39
93 40
94 41
94 42
94 43
94 43
94 44
94 45
94 46
95 47
95 48
95 49
95 50
95 50
95 51
95 52
96 53
96 54
96 55
96 56
96 56
96 57
96 58
96 59
97 60
97 61
97 62
97 63
97 63
97 64
97 65
97 66
98 67
98 68
98 69
98 70
98 70
98 71
98 72
98 73
99 74
99 75
99 76
99 77
99 77
99 78
99 79
99 80
99 81
99 82
99 83
99 84
99 84
99 85
99 86
99 87
99 88
99 89
99 90
99 90
99 91
99 92
99 93
99 94
99 95
99 95
99 96
99 97
99 98
99 98
99 99
99 100
99 100
99 100
99 100
99 100
100 100
100 100
100 99
100 99
100 98
100 97
100 97
99 96
99 95
