16 52
16 51
15 50
15 49
14 48
14 47
13 46
13 45
12 44
12 43
12 42
11 41
11 40
10 39
10 38
9 37
9 36
8 35
8 34
8 33
7 32
7 31
6 30
6 29
5 28
5 27
4 26
4 25
4 24
3 23
3 22
2 21
2 20
1 19
1 18
0 17
0 16
0 16
0 16
0 15
0 14
0 13
0 12
0 11
0 10
0 10
0 9
0 8
0 7
0 7
0 7
0 8
0 8
1 9
1 10
1 10
1 11
1 12
1 13
1 14
1 15
1 15
1 16
1 17
1 18
1 19
1 20
1 21
1 22
1 23
1 24
1 24
1 25
1 26
1 27
1 28
2 29
2 30
2 31
2 32
2 33
2 34
2 34
2 35
2 36
2 37
2 38
3 39
3 40
3 41
3 42
3 43
3 44
3 44
3 45
4 46
4 47
4 47
5 47
5 47
6 46
7 45
7 45
8 44
8 43
9 42
9 41
10 40
10 39
11 38
11 38
11 37
12 36
12 35
12 34
13 33
13 32
13 31
13 30
14 29
14 28
14 28
14 27
15 26
15 25
16 24
16 23
16 22
17 21
17 20
18 19
18 18
18 18
18 17
19 16
19 15
20 14
20 13
21 12
21 11
21 11
21 10
22 9
22 8
23 7
23 6
23 6
23 5
23 4
23 3
23 2
23 2
22 1
22 1
21 2
20 2
20 2
20 3
19 4
19 5
19 5
19 6
18 7
18 8
18 9
17 10
17 11
17 11
17 12
17 13
16 14
16 15
16 16
16 17
16 17
16 18
15 19
15 20
15 21
14 22
14 23
14 23
14 24
14 25
14 26
14 27
14 28
14 28
14 29
14 30
13 31
13 32
13 33
13 33
13 34
14 35
14 36
14 36
14 37
14 38
14 39
14 40
14 41
14 41
14 42
14 43
15 44
15 45
15 46
15 46
15 47
15 48
15 49
16 50
16 51
16 52
16 53
16 53
16 54
16 55
16 56
17 57
17 58
17 59
17 60
17 61
17 61
17 62
17 63
17 64
18 65
18 66
18 67
18 68
18 68
18 69
18 70
19 71
19 72
19 73
19 73
19 74
19 74
19 73
19 72
19 71
19 70
19 69
19 68
19 67
19 66
19 65
19 64
19 63
19 62
19 61
19 60
19 59
19 58
18 57
18 56
18 55
18 54
18 53
18 52
18 51
18 50
18 49
18 48
18 47
18 46
18 45
18 44
18 43
18 42
18 41
18 41
18 40
19 39
19 38
20 37
20 36
20 35
21 34
21 33
21 33
21 32
21 31
21 30
21 30
22 29
22 28
22 28
23 27
24 26
24 26
25 25
26 25
27 24
27 24
28 23
28 22
29 21
29 21
30 20
31 19
31 19
32 18
33 17
33 17
34 16
35 15
35 15
36 14
36 14
35 15
34 15
33 16
33 16
33 17
33 18
32 19
32 20
32 21
32 21
31 22
31 23
31 23
31 24
31 25
30 26
30 27
30 28
30 28
30 29
29 30
29 31
29 32
29 32
29 33
29 34
29 35
29 36
29 37
29 37
29 38
29 39
28 40
28 41
28 42
28 43
28 43
28 44
28 45
28 46
28 47
28 48
28 49
28 49
28 50
28 51
28 52
28 53
28 54
28 55
28 56
28 56
28 57
29 58
29 59
29 60
29 60
29 61
30 62
30 63
30 63
30 63
31 63
32 62
33 62
34 61
35 61
35 61
36 60
36 59
37 58
37 57
37 57
38 56
38 55
39 54
39 53
40 52
40 52
41 51
41 50
42 49
42 48
42 48
42 47
43 46
43 45
43 45
43 45
43 44
43 43
42 42
42 41
42 40
42 40
41 39
40 39
40 39
39 39
38 40
37 40
37 40
36 40
35 41
34 41
34 41
34 41
34 42
33 43
33 44
32 45
32 46
31 47
31 48
31 48
30 48
30 48
29 49
29 49
29 49
30 49
30 49
31 48
32 47
32 47
33 46
33 45
34 44
34 44
35 43
36 42
37 41
37 41
38 40
38 39
39 38
39 37
39 37
40 36
41 35
42 34
42 34
43 33
44 32
44 32
44 32
45 31
46 30
46 29
47 28
47 28
47 27
47 26
47 25
47 25
46 24
46 23
46 23
46 22
46 21
46 21
45 20
45 20
45 20
45 21
45 22
45 23
45 23
44 24
44 24
44 25
43 26
43 27
43 27
43 28
43 29
43 29
44 30
44 31
44 31
44 32
45 33
45 34
45 34
45 35
45 36
45 37
45 38
45 39
45 39
45 40
45 41
46 42
46 43
46 44
46 45
46 45
46 46
46 47
46 48
47 49
47 50
47 51
47 52
47 52
47 53
48 54
48 55
48 56
48 56
49 57
49 58
50 59
50 60
50 60
51 61
52 61
52 61
53 60
54 59
54 59
54 59
54 58
55 57
55 56
55 55
56 54
56 53
56 52
57 51
57 50
57 50
57 49
58 48
58 47
58 46
58 46
58 45
58 44
58 43
58 42
58 41
58 41
58 40
58 39
57 38
57 37
57 36
57 35
57 35
57 34
57 33
57 32
57 31
57 30
57 29
57 29
57 28
57 27
57 26
57 26
57 26
57 26
57 26
57 26
57 27
57 28
57 29
57 30
57 30
57 31
58 32
58 33
58 34
58 34
58 35
59 36
59 37
59 37
59 38
60 39
60 40
60 40
60 41
61 42
61 43
61 43
62 44
62 45
63 46
63 47
63 47
63 48
64 49
64 50
64 50
65 51
66 51
66 51
67 51
67 51
68 50
69 50
69 50
70 49
70 48
70 48
70 47
71 46
71 45
71 44
71 44
71 43
71 42
71 41
71 40
71 40
71 39
70 38
70 37
70 36
70 36
70 35
69 34
69 33
69 32
69 32
69 31
68 30
68 29
67 28
67 27
67 27
66 26
66 25
65 24
65 24
64 23
64 22
64 22
63 22
63 22
62 23
62 23
63 24
63 25
63 25
63 26
63 27
63 27
64 28
64 29
65 30
65 31
65 31
66 32
67 33
67 33
68 34
69 34
69 34
70 34
71 34
72 34
72 34
73 33
74 33
75 32
75 32
76 31
77 31
78 30
78 30
79 29
80 28
81 27
81 27
82 26
82 25
82 25
83 24
83 23
83 23
83 22
83 21
83 21
83 20
83 20
83 19
82 18
82 17
82 17
81 16
81 15
81 15
80 14
80 14
79 15
79 15
78 16
78 17
78 17
78 18
78 19
78 20
78 20
78 21
78 21
79 22
79 22
80 23
81 23
81 23
82 22
82 22
83 21
84 20
84 20
85 19
86 18
86 18
87 17
87 17
88 16
88 15
88 15
88 16
88 16
87 16
87 16
87 17
87 17
86 18
86 18
86 19
86 20
86 20
86 21
86 22
86 23
86 23
87 24
87 25
87 25
88 26
89 27
89 27
89 28
90 29
90 30
90 30
91 31
91 32
92 33
92 34
92 34
92 35
92 36
92 37
93 38
93 39
93 40
93 41
93 41
93 42
93 43
94 44
94 45
94 46
94 47
94 48
95 49
95 50
95 51
95 51
95 52
95 53
95 54
95 55
95 56
96 57
96 58
96 59
96 60
96 61
96 62
96 63
96 63
96 64
96 65
96 66
96 67
96 68
97 69
97 70
97 71
97 72
97 73
97 74
97 74
97 75
97 76
97 77
97 78
97 79
97 80
97 81
97 82
97 83
97 83
97 84
97 85
97 86
98 87
98 88
98 89
98 90
98 91
98 91
98 92
98 93
98 94
98 95
98 96
98 96
98 97
99 98
99 99
99 99
99 100
99 100
99 100
99 100
99 100
99 100
99 99
99 99
99 98
99 98
98 97
98 96
98 96
98 96
98 95
98 94
99 93
99 92
99 91
99 90
99 90
99 89
100 88
100 87
100 87
100 86
99 85
99 84
99 84
99 83
98 82
98 81
98 81
98 80
99 79
99 78
99 77
99 77
