0 22
0 22
0 22
0 22
0 22
0 22
0 22
0 22
0 22
0 22
0 22
0 22
0 22
0 22
0 23
0 24
0 25
0 26
0 26
0 27
0 28
0 28
0 29
0 30
0 30
0 31
1 32
1 33
1 33
1 34
1 34
2 35
2 36
2 36
2 37
2 37
3 38
3 39
3 39
3 40
3 40
3 41
3 42
3 42
4 43
4 44
4 44
4 45
4 45
4 46
4 47
4 47
4 48
4 48
5 49
5 49
5 50
5 50
5 51
5 51
6 51
6 51
7 52
7 52
8 53
8 53
9 53
9 53
10 53
10 53
11 53
11 53
12 53
12 53
13 53
13 53
14 53
14 53
14 53
15 53
15 53
16 52
16 52
16 52
17 51
17 51
18 50
18 49
18 49
19 48
20 48
20 48
21 47
21 46
21 46
22 45
22 44
22 44
22 43
22 42
22 41
22 41
23 40
23 39
23 39
24 38
24 37
24 37
24 36
24 35
24 35
24 34
24 33
24 33
25 32
25 31
25 31
25 30
25 30
25 29
25 28
25 28
25 27
25 27
25 26
25 26
24 25
24 25
24 24
24 24
24 23
24 23
23 22
23 22
23 22
22 21
22 21
22 20
22 20
22 19
22 19
21 19
21 19
21 19
20 19
20 19
20 19
19 20
19 20
18 21
18 21
17 21
17 21
17 22
17 22
16 23
16 23
16 24
16 24
15 25
15 26
15 26
14 27
14 28
14 28
14 29
14 30
14 30
13 31
13 32
13 32
13 33
13 34
13 34
12 35
12 36
12 36
12 37
12 38
12 38
12 39
12 40
12 40
12 41
12 41
11 42
11 43
11 43
11 44
11 44
11 45
11 46
11 46
11 47
11 47
12 48
12 48
12 49
12 49
12 50
12 51
12 51
13 52
13 52
13 53
13 53
13 54
13 54
14 55
14 56
14 56
14 57
14 58
14 58
15 59
15 60
15 60
15 61
15 62
15 62
15 63
15 64
15 65
15 65
16 66
16 67
16 67
16 68
17 69
17 70
17 70
17 71
18 72
18 73
18 74
18 74
18 75
18 76
19 77
19 78
19 79
19 79
19 80
20 81
20 82
20 83
20 83
20 84
21 85
21 86
21 87
21 87
21 88
22 89
22 90
22 91
22 91
22 92
22 93
22 93
23 94
23 95
23 95
23 96
23 97
23 97
23 98
23 99
23 99
24 99
24 99
24 100
24 100
24 100
24 100
24 100
24 100
24 100
24 99
24 99
24 98
24 98
24 97
23 96
23 95
22 94
22 93
21 92
21 91
20 90
20 89
19 88
19 87
18 86
18 85
17 84
17 83
16 82
16 81
15 80
15 79
14 78
14 77
13 76
13 75
13 74
12 73
12 72
11 71
11 70
10 69
10 68
9 67
9 66
8 65
8 64
7 63
7 62
6 61
6 60
5 59
5 58
4 57
4 56
3 55
3 54
2 53
2 52
2 52
2 52
2 52
2 52
2 52
2 52
2 52
2 52
2 52
2 52
2 52
2 52
2 52
2 52
2 52
3 51
4 50
4 50
5 49
5 49
6 48
6 47
6 47
7 46
7 45
7 45
8 44
8 43
8 43
9 42
9 41
9 41
10 40
11 39
11 39
12 38
12 37
12 37
13 36
13 35
13 35
14 35
14 35
14 34
14 34
15 34
15 34
15 34
15 34
15 34
15 34
15 34
15 35
15 35
15 35
15 36
15 36
15 37
15 38
15 38
14 39
14 39
14 40
14 40
14 41
14 42
14 42
14 43
14 44
14 45
14 45
14 46
14 47
14 47
14 48
13 49
13 50
13 50
13 51
13 52
13 53
13 53
13 54
13 55
13 56
13 56
13 57
13 58
13 58
13 59
13 60
13 61
13 61
13 62
13 63
13 63
13 64
13 65
13 65
14 66
14 67
14 67
15 68
15 68
16 68
16 68
17 68
17 68
18 68
19 68
19 68
20 67
20 67
21 66
22 66
22 66
23 65
23 64
23 64
24 63
25 62
25 62
26 61
26 60
26 60
27 59
27 58
27 58
27 57
27 56
27 56
26 56
25 56
24 57
23 57
22 57
21 57
20 57
19 58
18 58
17 58
17 58
17 58
17 58
17 58
17 57
16 56
16 55
16 55
17 54
17 53
17 53
18 52
18 51
19 50
19 50
20 49
20 48
21 47
21 47
22 46
22 45
23 44
23 43
23 43
24 42
24 41
25 40
25 40
26 39
27 38
27 38
28 37
28 36
28 36
29 35
30 34
30 34
31 33
31 33
32 32
32 31
32 31
32 30
32 30
33 29
33 29
33 28
33 28
34 28
34 28
34 29
34 29
34 30
34 30
34 31
34 32
34 33
34 33
34 34
34 35
34 36
34 37
34 37
34 38
35 39
35 40
35 41
35 41
35 42
36 43
36 44
36 45
36 45
36 46
36 47
36 48
36 48
37 49
37 50
37 50
38 51
38 51
38 51
38 51
39 50
39 50
39 49
39 49
39 48
40 47
40 46
40 46
40 45
41 44
41 43
41 43
41 42
41 41
41 41
41 40
42 39
42 38
42 38
42 37
42 36
42 36
42 35
42 34
42 34
42 33
42 33
43 33
43 33
43 33
43 34
43 34
43 35
44 36
44 37
44 37
44 38
44 39
44 39
45 40
45 40
46 41
46 41
47 41
47 41
48 41
48 41
48 40
48 40
49 39
49 39
50 38
50 38
51 37
51 36
51 36
51 35
51 34
51 34
52 33
52 32
52 32
52 31
52 30
52 30
52 29
53 28
53 27
53 27
53 26
53 25
53 25
54 24
54 24
54 23
54 23
55 23
55 23
55 24
55 25
55 25
55 26
55 27
55 27
56 28
56 29
56 29
56 30
56 31
56 32
56 32
56 33
56 34
56 34
56 35
56 35
56 36
56 36
56 36
56 36
57 36
57 36
57 36
57 35
57 35
57 34
57 33
57 32
57 32
57 31
58 30
58 29
58 29
58 28
59 27
59 26
59 26
59 25
60 24
60 23
60 22
60 22
61 21
61 20
61 20
61 19
61 18
61 18
62 18
62 18
63 18
63 18
64 18
64 18
65 19
65 19
66 20
66 21
66 21
67 22
67 22
68 23
69 23
69 23
70 24
70 24
71 25
71 25
72 25
72 25
73 25
73 25
74 25
74 25
75 24
76 24
76 24
77 23
78 23
78 23
79 22
80 21
80 21
81 20
81 19
82 18
82 18
83 17
83 16
84 15
84 15
85 14
85 13
86 12
86 12
86 11
87 10
87 9
87 8
87 8
87 7
88 6
88 5
88 5
88 4
88 3
88 2
88 2
88 1
88 1
88 1
87 1
86 1
86 1
85 2
85 2
84 3
83 3
82 4
82 4
81 5
81 6
80 7
80 7
79 8
79 9
78 10
78 10
77 11
77 12
76 13
76 14
76 14
76 15
76 16
76 16
76 17
76 17
77 18
77 18
78 18
78 18
79 18
80 18
80 18
81 17
82 17
82 17
83 16
83 16
84 15
85 14
85 14
86 13
87 12
87 12
87 11
88 10
88 9
88 9
89 8
90 7
90 7
91 6
91 5
91 5
92 4
93 4
93 4
93 3
93 3
94 4
94 4
94 5
94 6
94 6
94 7
94 8
95 9
95 10
95 11
95 12
95 12
95 13
95 14
95 15
95 16
95 17
95 18
95 19
95 20
95 21
95 22
95 23
95 23
95 24
95 25
95 26
95 27
95 28
95 29
96 30
96 31
96 32
96 33
96 34
96 35
96 36
96 36
96 37
96 38
96 39
96 40
96 41
96 42
96 43
97 44
97 45
97 46
97 47
97 48
97 49
97 50
97 51
97 52
97 52
97 53
97 54
98 55
98 56
98 57
98 58
98 59
99 60
99 61
99 62
99 63
99 64
99 65
100 66
100 67
100 68
