1 15
1 15
1 15
1 16
1 17
1 18
1 18
1 19
0 20
0 21
0 22
0 22
0 23
0 24
0 25
0 26
0 26
0 27
0 28
0 29
0 30
0 30
0 31
0 32
0 33
0 33
0 34
0 35
0 36
0 36
1 37
2 37
2 37
3 37
4 37
4 37
5 36
6 36
7 35
7 35
8 34
9 33
10 32
10 32
11 31
12 30
12 29
13 28
14 27
14 27
15 26
15 25
16 24
16 23
17 22
17 22
18 21
19 20
20 19
21 18
21 18
21 17
22 16
22 15
22 15
23 14
23 13
23 13
22 12
22 12
21 12
21 12
20 13
20 13
19 14
19 15
19 15
18 16
18 17
17 18
17 19
17 19
17 20
16 21
16 22
15 23
15 24
15 24
15 25
14 26
14 27
14 28
13 29
13 30
13 30
13 31
13 32
12 33
12 34
12 35
12 36
12 36
12 37
12 38
11 39
11 40
11 41
11 42
11 42
11 43
11 44
10 45
10 46
10 47
10 48
10 48
10 49
10 50
10 51
10 52
10 53
10 54
10 54
10 55
10 56
9 57
9 58
9 59
9 60
9 60
9 61
9 62
10 63
10 64
10 65
10 65
10 66
10 67
10 68
10 69
10 69
11 70
11 71
11 71
12 70
12 70
12 69
12 69
12 68
12 67
13 66
13 65
13 64
13 63
14 62
14 61
14 60
14 59
15 58
15 57
15 56
15 55
15 54
16 53
16 52
16 51
16 50
17 49
17 48
17 47
17 46
18 45
18 44
18 43
18 42
18 41
19 40
19 39
19 38
19 37
20 36
20 35
20 34
20 33
20 32
21 31
21 30
21 29
21 28
22 27
22 26
22 25
22 24
23 23
23 22
23 21
23 21
23 22
24 23
24 24
24 24
23 24
22 24
22 24
21 25
21 25
20 26
20 26
20 27
20 27
19 28
19 28
20 28
20 28
21 28
21 28
22 28
22 28
23 28
24 28
24 28
25 27
25 27
26 26
27 25
27 25
28 24
29 23
29 23
30 22
30 22
31 22
31 22
31 22
30 23
30 23
30 24
29 25
29 26
29 27
29 27
28 28
28 29
27 30
27 30
27 31
26 32
26 33
25 34
25 35
25 35
25 36
25 37
24 38
24 39
24 40
24 40
23 41
23 42
22 43
22 44
22 44
22 45
21 46
21 47
21 48
21 48
21 49
21 50
21 50
22 51
22 51
23 51
23 51
24 51
24 51
25 51
26 51
26 51
27 50
28 49
28 49
29 48
30 48
31 47
31 47
32 46
33 45
33 45
34 44
34 43
34 43
33 43
32 42
31 42
30 42
29 41
28 41
27 41
26 40
25 40
24 40
23 39
22 39
22 39
21 40
21 41
20 42
20 42
20 41
20 41
20 41
21 40
21 40
22 39
22 39
23 38
24 38
24 38
25 37
26 37
26 37
27 37
28 36
29 36
29 36
30 36
31 35
32 35
32 35
33 34
34 34
35 33
35 33
36 32
37 31
37 31
38 30
39 30
39 30
39 29
39 29
39 28
39 27
39 26
39 25
40 24
40 23
40 22
40 21
40 20
40 20
41 19
42 18
42 18
42 19
42 19
41 19
41 19
40 20
40 21
40 21
40 22
40 23
40 23
40 24
39 25
39 26
39 26
39 27
38 28
38 29
38 29
38 30
38 31
38 32
38 33
38 33
38 34
39 35
39 36
39 36
40 37
40 37
41 38
41 38
42 38
42 38
43 37
43 37
44 36
44 36
45 35
45 34
45 34
46 33
46 32
46 32
47 31
47 30
48 29
48 29
49 28
50 27
50 27
50 26
51 25
51 24
51 24
52 23
52 22
52 22
53 21
54 20
54 20
55 19
56 19
56 19
57 19
57 19
57 20
57 20
57 21
56 22
56 23
56 23
56 24
56 25
56 26
56 26
56 27
55 28
55 29
55 29
55 30
54 31
54 32
54 32
54 33
54 34
54 34
53 35
53 35
54 36
54 36
54 36
55 35
55 35
56 34
57 34
57 34
58 33
58 32
58 32
59 31
60 30
60 30
61 29
62 28
62 28
63 27
64 26
64 26
65 25
66 24
66 24
67 23
68 22
68 22
69 21
69 21
70 20
70 20
70 20
70 21
70 21
70 22
70 23
70 23
69 24
69 25
69 25
68 26
68 27
68 27
67 28
67 29
67 29
67 30
67 31
67 31
67 32
67 32
67 33
67 33
67 34
67 34
68 34
68 34
68 34
69 34
69 34
70 33
71 32
71 32
72 31
73 31
73 31
74 30
75 29
75 29
76 28
77 27
78 26
78 26
79 25
80 24
81 23
81 23
82 22
83 21
84 20
84 20
85 19
86 18
87 17
87 17
88 16
88 15
89 14
89 14
90 13
91 12
92 11
92 11
92 10
93 9
93 8
93 8
94 7
94 6
95 5
95 5
96 4
96 3
96 3
97 2
97 1
97 1
97 1
96 0
96 0
95 1
95 1
94 2
93 2
92 3
92 3
91 4
90 4
89 5
88 5
88 5
87 6
86 7
85 7
84 8
84 8
83 9
82 10
81 11
81 11
80 12
79 13
78 14
77 15
77 15
76 16
75 17
74 18
74 18
73 19
73 20
72 21
72 21
72 22
72 23
72 24
72 24
72 25
72 25
73 26
74 27
74 27
75 27
76 27
76 27
77 26
78 26
79 25
80 25
80 25
81 24
82 24
83 23
84 23
84 23
85 22
86 21
87 20
87 20
88 19
89 18
90 18
91 17
91 17
92 16
93 16
94 15
94 15
95 15
96 14
97 14
97 14
98 13
99 13
99 13
100 12
100 12
100 13
100 13
99 14
99 14
98 15
98 16
98 16
98 17
97 18
97 19
97 19
96 20
96 21
95 22
95 22
95 23
94 24
94 25
94 25
94 26
94 27
94 28
94 28
94 29
93 30
93 31
93 31
93 32
93 33
93 34
93 35
93 36
93 36
93 37
93 38
93 39
93 40
93 41
93 41
93 42
92 43
92 44
92 45
91 46
91 47
91 47
91 48
90 49
90 50
89 51
89 52
89 53
88 54
88 55
88 55
88 56
87 57
87 58
87 59
86 60
86 61
86 62
85 63
85 64
85 64
85 65
84 66
84 67
84 68
83 69
83 70
83 71
82 72
82 73
82 73
82 74
81 75
81 76
81 77
81 78
80 79
80 80
80 80
80 81
80 82
80 83
79 84
79 85
79 86
79 87
79 87
79 88
79 89
78 90
78 91
78 92
78 92
78 93
77 94
77 95
77 95
77 96
77 97
77 98
77 98
77 99
77 100
