0 13
0 12
0 11
0 10
0 9
0 8
0 7
0 6
0 6
0 5
0 4
0 3
0 2
0 1
0 1
0 1
0 0
0 0
0 0
0 1
0 1
1 2
1 3
1 3
1 4
1 5
1 6
1 7
1 7
1 8
1 9
1 10
2 11
2 12
2 13
2 14
2 15
2 15
2 16
2 17
3 18
3 19
3 20
3 21
3 22
4 23
4 24
4 25
4 25
4 26
4 27
4 28
4 29
4 30
5 31
5 32
5 33
5 34
5 35
5 36
5 36
5 37
5 38
5 39
5 40
6 41
6 42
6 43
6 44
6 45
6 46
6 46
6 47
7 48
7 49
7 50
7 50
8 51
9 51
9 51
10 50
11 49
11 49
12 48
12 47
13 46
13 45
14 44
14 44
14 43
15 42
15 41
15 40
15 39
16 38
16 37
16 37
16 36
17 35
17 34
17 33
17 32
18 31
18 30
18 29
18 29
18 28
19 27
19 26
19 25
19 24
20 23
20 22
20 21
20 21
20 20
20 19
21 18
21 17
21 16
21 16
21 15
22 14
22 13
22 12
22 12
21 13
20 14
20 15
19 16
18 17
17 18
17 19
16 20
16 20
16 21
16 22
16 23
16 24
15 25
15 26
15 27
15 28
15 29
15 29
15 30
15 31
15 32
15 33
15 33
15 34
15 35
14 36
14 37
14 38
14 38
14 39
14 40
15 41
15 42
15 43
15 43
15 44
15 45
15 46
15 47
15 48
15 49
15 49
15 49
15 50
15 51
15 52
15 53
15 54
16 55
16 56
16 57
16 58
16 59
16 60
16 61
16 61
16 62
16 63
16 64
17 65
17 66
17 67
17 68
17 69
17 69
17 70
17 71
18 72
18 73
18 74
18 75
18 75
18 76
18 77
18 78
18 78
18 79
19 80
19 81
19 81
19 82
19 82
19 81
19 80
19 79
19 78
19 77
19 76
19 75
19 74
19 73
19 72
19 71
20 70
20 69
20 68
20 67
20 66
20 65
20 64
20 63
20 62
20 61
20 60
20 59
20 58
20 57
20 56
20 55
20 54
20 53
20 52
20 51
20 50
20 49
21 48
21 47
21 46
21 45
21 44
21 43
21 42
21 41
21 40
21 39
21 38
21 37
21 37
22 36
22 35
23 34
23 33
24 32
24 31
24 31
24 30
24 29
24 29
25 29
25 29
25 29
26 28
27 27
27 26
28 25
28 25
29 24
29 23
29 23
30 22
31 21
31 21
32 20
32 19
32 19
33 18
33 17
34 16
34 16
35 15
35 15
35 15
36 14
36 14
35 15
35 16
34 17
33 18
33 19
32 20
32 20
32 21
32 22
32 23
32 24
32 24
31 25
31 26
31 26
31 27
31 28
31 28
31 29
31 30
31 31
31 32
31 32
31 33
31 34
31 35
31 36
31 36
31 37
31 38
31 39
31 40
31 41
31 42
31 42
31 43
31 44
31 45
31 46
31 47
31 48
31 49
31 49
31 50
31 51
32 52
32 53
32 54
32 55
32 55
32 56
32 57
33 58
33 59
33 60
33 61
33 61
33 62
34 63
34 64
34 64
35 65
35 65
36 64
37 64
37 64
38 63
38 62
39 61
39 61
40 60
40 59
41 58
41 57
41 57
41 56
42 55
42 54
42 53
43 52
43 51
43 51
43 50
43 49
44 48
44 47
44 46
44 46
44 45
45 44
45 43
45 42
45 42
44 41
43 40
42 39
41 38
40 37
39 36
39 36
38 37
37 38
37 39
36 40
36 40
35 41
34 42
34 42
33 43
33 44
33 44
33 45
33 45
33 45
34 45
34 45
35 44
35 44
36 43
36 42
36 42
37 41
38 40
39 39
39 39
40 38
40 37
41 36
41 36
42 35
42 34
43 33
43 32
43 32
44 31
44 30
45 29
45 29
46 28
46 27
47 26
47 26
47 25
48 24
48 23
49 22
49 21
50 20
50 19
50 19
50 19
50 20
50 21
50 21
50 22
50 23
50 23
50 24
50 25
50 26
50 26
50 27
50 28
50 29
50 30
50 30
50 31
50 32
50 33
50 34
50 35
50 35
50 36
50 37
50 38
50 39
50 40
50 41
50 41
50 42
50 43
50 44
51 45
51 46
51 47
51 48
51 48
51 49
52 50
52 51
52 52
52 52
52 53
53 54
53 55
53 55
53 56
53 57
53 57
54 56
55 56
55 56
55 55
56 54
56 53
56 53
56 52
56 51
57 50
57 49
57 48
57 48
57 47
57 46
58 45
58 44
58 43
58 43
58 42
59 41
59 40
60 39
60 38
60 38
60 38
60 37
60 36
60 35
60 34
60 33
61 32
61 31
61 30
61 29
61 28
61 27
61 27
61 27
61 28
61 28
61 29
61 30
61 30
61 31
61 32
61 33
61 33
61 34
61 35
61 36
61 37
61 37
61 38
61 39
61 40
61 41
61 41
61 42
61 43
61 44
61 44
61 45
62 46
62 47
62 48
62 48
63 49
63 50
63 50
63 51
63 51
64 51
64 51
64 51
64 50
64 49
64 49
64 48
64 47
64 47
64 46
64 45
64 44
64 44
64 43
64 42
64 41
64 40
64 40
64 39
64 38
64 37
64 36
64 35
64 35
64 34
64 33
64 32
64 31
64 31
64 30
64 29
64 28
64 27
64 27
64 26
64 25
64 24
64 23
64 23
64 23
64 24
64 24
65 25
65 26
65 26
65 27
65 28
65 29
65 30
65 30
65 31
66 32
66 33
66 33
66 34
67 35
67 36
67 37
67 37
67 38
68 39
68 40
68 40
69 41
69 42
69 42
70 43
70 44
70 44
71 44
72 44
72 44
73 44
73 44
74 43
74 43
75 42
75 41
75 41
75 40
75 39
75 39
76 38
76 37
76 37
76 36
76 35
76 35
76 34
75 33
75 32
75 32
75 31
75 30
75 29
75 28
75 28
75 27
75 26
75 25
75 25
75 24
75 24
75 24
75 24
76 25
76 26
76 26
76 27
76 28
76 29
76 29
76 30
77 31
77 32
77 32
78 33
79 33
79 33
80 34
80 34
81 34
82 34
82 34
83 33
84 32
84 32
85 31
85 30
86 29
86 28
86 28
87 27
87 26
88 25
88 25
88 24
89 23
89 22
89 22
89 21
90 20
90 19
90 19
90 18
90 17
90 17
90 16
90 15
90 15
89 14
89 13
89 13
88 13
88 13
87 12
87 12
86 13
85 14
85 14
84 15
83 16
83 16
82 17
82 18
81 19
81 20
81 20
81 21
81 22
80 23
80 24
80 25
80 25
80 26
80 27
79 28
79 29
79 30
79 30
79 31
79 32
78 33
78 34
78 35
78 35
78 36
78 37
78 38
78 38
79 39
79 40
79 40
80 40
80 40
81 40
82 39
83 39
83 39
84 38
85 37
85 37
86 36
87 35
87 34
88 33
88 33
89 32
89 31
90 30
90 30
91 29
91 28
92 27
92 26
92 26
93 25
93 24
93 24
93 23
93 23
94 23
94 23
94 24
94 25
94 25
94 26
94 27
94 27
94 28
94 29
94 30
94 31
94 31
94 32
94 33
93 34
93 35
93 36
93 37
93 37
93 38
93 39
93 40
94 41
94 42
94 43
94 44
94 44
94 45
94 46
94 47
94 48
94 49
94 50
94 51
94 52
94 53
94 53
94 54
94 55
94 56
94 57
95 58
95 59
95 60
95 61
95 62
95 62
95 63
95 64
95 65
95 66
95 67
95 68
95 69
95 70
95 71
95 71
95 72
95 73
95 74
95 75
95 76
95 77
95 78
95 79
95 79
95 80
95 81
96 82
96 83
96 84
96 85
96 85
96 86
96 87
96 88
97 89
97 90
97 91
97 92
97 92
97 93
97 94
97 95
97 95
97 96
98 97
98 98
98 98
99 99
99 100
99 100
99 100
99 100
100 100
100 100
100 100
100 100
100 100
99 99
99 99
99 98
