14 3
14 3
14 3
14 3
14 3
14 3
13 2
13 2
12 2
12 2
12 2
11 3
11 3
10 3
10 3
9 4
8 5
8 5
8 6
7 7
7 8
7 8
6 9
6 10
5 11
5 12
5 12
5 13
4 14
4 15
4 15
3 16
3 17
2 18
2 19
2 19
2 20
2 21
1 22
1 23
1 24
1 24
1 25
0 26
0 27
0 28
0 28
0 29
0 30
0 31
0 32
0 32
0 33
0 34
0 35
0 36
0 36
0 37
0 38
0 39
0 39
0 40
0 41
0 42
0 42
1 43
1 44
1 44
2 45
2 45
3 46
4 46
4 46
5 45
6 45
6 45
7 44
8 44
9 43
9 43
10 42
10 41
11 40
11 39
12 38
12 38
13 37
14 36
15 35
16 34
16 34
17 33
17 32
18 31
18 30
19 29
19 28
19 28
20 27
20 26
21 25
21 24
22 23
22 23
23 22
23 21
24 20
24 19
25 18
25 17
25 17
26 16
26 15
27 14
27 13
28 12
28 12
28 11
29 10
29 9
29 8
29 8
30 7
30 6
31 5
31 4
31 4
31 3
32 2
32 1
32 1
32 0
32 0
32 1
32 1
32 1
31 2
31 2
30 3
30 3
29 4
29 4
28 5
28 5
27 6
27 6
26 7
26 7
26 8
26 8
25 9
25 10
25 10
24 11
24 12
23 13
23 13
23 14
22 15
22 16
22 17
22 17
22 18
22 19
21 20
21 21
21 22
21 22
21 23
21 24
21 25
20 26
20 27
20 28
20 29
20 29
20 30
20 31
20 32
20 33
19 34
19 35
19 36
19 37
19 38
19 38
19 39
19 40
19 41
19 42
19 43
18 44
18 45
18 46
18 47
18 48
18 49
18 49
18 50
18 51
18 52
18 53
18 54
18 55
17 56
17 57
17 58
17 59
17 60
17 61
17 62
17 62
17 63
17 64
17 65
17 66
17 67
17 68
17 69
17 70
17 71
17 72
17 72
17 73
17 74
17 75
18 76
18 77
18 78
18 79
18 80
18 80
18 81
18 82
19 83
19 84
19 85
19 86
19 86
19 87
20 88
20 89
20 90
20 90
21 91
21 92
21 92
22 93
22 94
22 94
23 95
23 95
24 95
24 95
24 95
24 95
24 95
24 95
24 94
24 93
24 92
24 91
24 90
24 89
24 88
25 87
25 86
25 85
25 84
25 83
25 82
25 81
25 80
25 79
25 78
25 77
25 76
25 75
25 74
25 73
25 72
26 71
26 70
26 69
26 68
26 67
26 66
26 65
26 64
26 63
26 62
26 61
26 60
26 59
26 58
26 57
26 56
27 55
27 54
27 53
27 52
27 51
27 50
27 49
27 48
27 47
27 46
27 45
27 44
27 43
27 42
27 41
27 40
28 39
28 38
28 37
28 36
28 35
28 34
28 33
28 32
28 32
27 32
26 32
26 32
26 32
25 33
25 33
25 33
25 33
25 33
25 33
25 33
26 33
26 33
27 32
27 32
28 31
28 30
28 30
29 29
30 28
30 28
31 27
32 26
32 26
33 25
34 24
35 23
35 23
36 22
37 21
37 21
38 20
38 20
39 20
39 20
40 20
40 20
40 20
40 20
40 20
40 20
39 21
39 21
39 22
39 22
38 23
37 24
37 24
36 25
36 26
36 26
36 27
35 28
35 29
35 29
35 30
34 31
34 32
34 33
34 33
34 34
33 35
33 36
32 37
32 38
32 38
32 39
32 40
31 41
31 42
31 43
31 44
31 44
31 45
31 46
30 47
30 48
30 49
30 50
30 50
30 51
30 52
29 53
29 54
29 55
29 55
29 56
29 57
29 58
29 59
29 60
29 60
29 61
30 62
30 63
30 64
30 64
30 65
30 66
30 66
31 67
32 67
32 67
33 66
33 66
34 65
35 65
35 65
36 64
36 63
37 62
37 62
38 61
38 60
39 59
39 59
39 58
40 57
40 56
40 55
40 55
41 54
41 53
42 52
42 51
42 51
42 50
43 49
43 48
43 48
43 47
43 46
43 45
43 44
43 44
43 43
44 42
44 41
44 41
43 40
43 40
42 40
42 40
41 40
41 40
40 41
40 41
39 42
38 43
38 43
37 44
36 45
36 45
35 46
35 46
34 47
33 48
33 48
32 49
32 49
32 49
32 49
33 49
33 49
34 48
34 48
35 48
35 48
36 47
36 47
37 46
38 46
38 46
39 45
39 44
39 44
40 44
41 43
42 43
42 43
43 42
44 41
44 41
45 40
46 39
46 39
47 38
48 37
48 37
49 36
49 35
50 34
50 34
51 33
52 32
52 32
53 31
54 30
54 30
55 29
55 28
55 28
56 27
56 27
56 27
56 27
56 27
56 28
56 28
56 29
56 30
56 30
55 31
55 32
55 32
54 33
54 34
54 34
53 35
53 36
53 36
53 37
53 38
53 39
53 39
53 40
52 41
52 42
52 43
52 43
52 44
52 45
51 46
51 47
51 48
51 48
51 49
50 50
50 51
50 51
50 52
49 53
49 54
49 55
49 55
49 56
49 57
49 57
49 58
49 59
49 59
49 59
50 59
50 59
51 58
51 58
51 57
52 56
52 55
52 55
53 54
53 53
54 52
54 52
54 51
55 50
55 49
55 49
55 48
56 47
56 46
57 45
57 44
57 44
58 43
58 42
59 41
59 40
59 40
60 39
60 38
61 37
61 36
61 36
61 35
62 34
62 33
62 33
63 32
63 31
63 31
64 30
64 29
64 29
64 28
64 28
64 28
64 27
64 27
64 27
64 27
63 28
63 28
63 28
62 29
62 29
62 30
62 30
61 31
61 32
61 32
61 33
61 34
61 34
61 35
61 36
61 36
61 37
60 38
60 39
60 40
60 40
60 41
60 42
60 43
60 43
60 44
59 45
59 46
59 46
59 47
59 48
59 49
59 50
59 50
58 51
58 52
58 52
58 53
58 54
58 55
58 55
58 56
58 56
59 56
59 56
59 56
59 56
60 55
60 55
60 55
60 54
60 54
60 54
60 53
60 53
60 52
60 52
60 51
60 51
60 51
60 50
60 50
60 50
60 50
60 50
60 50
60 50
60 49
60 49
60 48
61 47
61 46
61 46
61 45
61 44
61 43
61 43
61 42
62 41
62 40
62 39
62 39
62 38
63 37
63 36
63 36
63 35
63 34
63 33
63 32
63 32
63 31
64 30
64 29
64 29
64 28
64 28
64 28
64 28
64 29
64 29
64 30
64 30
64 31
64 32
64 32
64 32
64 32
64 32
64 32
64 31
64 31
64 30
64 30
64 30
64 30
64 30
64 30
64 30
64 30
65 31
65 31
65 32
65 33
65 33
65 34
65 35
65 35
66 36
66 37
66 37
66 38
67 39
67 40
67 41
67 41
67 42
67 43
67 44
67 44
67 45
68 46
68 47
68 47
68 48
69 49
69 50
69 50
70 51
70 52
70 52
71 53
71 53
71 53
72 53
72 53
72 52
72 52
73 51
73 51
73 50
73 49
73 49
73 48
73 47
73 47
73 46
74 45
74 44
74 44
74 43
74 42
74 41
74 41
74 40
74 39
74 38
74 38
74 37
75 36
75 35
75 34
75 34
75 33
75 32
75 31
75 31
75 30
76 29
76 28
76 28
76 27
76 26
76 25
76 24
76 24
76 23
77 22
77 21
77 20
77 20
78 19
78 19
78 18
78 18
78 18
78 18
78 19
78 19
78 20
78 20
78 21
78 21
78 21
79 21
80 21
81 21
82 21
83 21
83 21
84 20
85 20
85 20
85 20
85 20
86 20
86 20
86 20
85 20
85 20
85 20
84 20
84 20
83 20
83 20
83 20
82 21
82 21
81 22
81 23
81 23
80 24
79 25
79 25
78 26
78 27
78 27
78 28
77 29
77 30
77 30
77 31
76 32
76 33
76 33
76 34
76 35
76 36
76 36
76 37
76 38
76 38
76 39
76 39
77 40
77 40
78 40
79 40
79 40
80 39
80 38
80 38
81 37
82 37
83 36
83 36
84 35
85 34
85 34
86 33
86 32
87 31
87 31
88 30
88 29
89 28
89 28
89 27
90 26
90 25
90 25
91 24
91 23
92 22
92 22
92 21
92 20
92 20
92 19
92 19
92 18
92 18
92 18
91 17
91 17
90 18
90 18
89 19
88 19
88 19
87 20
86 20
86 20
85 21
85 22
85 22
84 23
83 23
83 23
82 24
82 25
82 25
81 26
81 27
81 27
81 28
81 28
82 29
82 29
82 29
83 30
84 30
84 30
85 29
86 29
86 29
87 28
88 27
88 27
89 26
90 25
90 25
91 24
92 23
92 23
93 22
94 21
94 21
95 20
96 19
96 19
97 18
97 18
98 17
98 17
99 17
99 17
100 16
100 16
100 16
99 17
99 17
99 18
99 18
98 18
98 18
98 19
98 19
97 19
97 19
97 19
97 19
97 19
97 19
97 19
97 19
97 19
97 19
97 19
97 19
97 19
97 19
97 20
97 20
97 20
96 21
96 22
96 22
95 23
95 24
95 24
95 25
95 26
94 27
94 28
94 29
94 29
94 30
93 31
93 32
93 33
92 34
92 35
92 35
92 36
92 37
92 38
91 39
91 40
91 41
91 42
91 43
91 44
90 45
90 46
90 47
90 48
90 48
90 49
90 50
89 51
89 52
89 53
89 54
88 55
88 56
88 57
88 58
88 59
87 60
87 61
87 62
87 62
87 63
87 64
87 65
86 66
86 67
86 68
86 69
86 70
86 71
86 72
86 73
85 74
85 75
85 76
85 77
85 77
85 78
85 79
84 80
84 81
84 82
84 83
84 84
84 85
83 86
83 87
83 88
83 88
83 89
83 90
83 91
82 92
82 93
82 94
82 95
82 95
82 96
82 97
82 98
82 99
82 99
82 100
82 100
83 100
84 100
84 100
85 99
85 99
85 98
85 98
85 98
