0 11
0 11
0 10
0 9
0 9
0 9
0 8
0 8
0 8
0 8
0 8
0 8
0 7
0 7
0 7
0 7
1 7
1 7
1 8
1 8
1 9
1 10
1 10
1 11
2 12
2 13
2 14
2 14
2 15
2 16
2 17
2 18
2 18
2 19
2 20
3 21
3 22
3 23
3 23
3 24
3 25
4 26
4 27
4 28
4 29
4 29
4 30
5 31
5 32
5 32
6 33
6 34
6 34
7 35
7 35
8 34
9 34
9 34
10 33
11 32
11 32
11 31
12 30
12 29
12 28
12 28
12 27
13 26
13 25
13 24
14 23
14 22
14 22
14 21
15 20
15 19
15 18
15 17
16 16
16 15
16 15
16 14
17 13
17 12
18 11
18 10
18 10
18 9
19 8
19 7
19 6
19 6
19 5
20 4
20 3
20 3
20 2
21 1
21 0
21 0
21 1
20 2
20 3
19 4
19 5
19 6
18 7
18 8
18 9
17 10
17 11
16 12
16 13
16 13
16 14
16 15
16 16
16 17
16 18
15 19
15 20
15 21
15 22
15 23
15 24
15 24
15 25
15 26
14 27
14 28
14 29
14 30
14 30
14 31
14 32
14 33
14 34
14 35
14 36
14 37
14 38
14 38
14 39
14 40
14 41
14 42
15 43
15 44
15 45
15 46
15 47
15 48
15 48
15 49
15 50
15 51
15 52
16 53
16 54
16 55
16 56
16 57
16 57
16 58
16 59
16 60
16 61
17 62
17 63
17 64
17 65
17 66
17 66
17 67
17 68
17 69
17 70
18 71
18 72
18 73
18 74
18 75
18 75
18 76
18 77
18 78
18 79
18 80
18 81
18 82
18 82
18 83
18 84
18 85
18 86
18 86
18 87
19 88
19 89
19 90
19 90
19 91
19 92
19 92
20 92
20 92
20 91
20 90
20 89
20 88
20 87
20 86
20 85
20 84
20 83
20 82
20 81
20 80
20 79
20 78
20 77
20 76
20 75
20 74
20 73
20 72
20 71
20 70
20 69
20 68
20 67
20 66
20 65
20 64
20 63
20 62
20 61
20 60
20 59
20 58
20 57
20 56
20 55
20 54
20 53
20 52
20 51
20 50
20 50
20 49
20 48
21 47
21 46
21 45
21 44
22 43
22 42
22 41
22 41
22 40
22 39
22 39
22 38
22 38
23 37
23 37
24 36
24 35
25 34
25 34
26 33
27 32
27 32
28 31
29 30
29 30
29 29
30 28
30 27
30 27
31 26
32 25
32 25
33 24
34 23
34 23
35 22
35 22
36 22
36 22
36 23
36 24
36 24
35 25
35 26
34 27
34 28
34 28
33 29
33 30
33 30
33 31
32 32
32 33
32 33
32 34
32 35
32 36
32 36
32 37
31 38
31 39
31 40
31 40
31 41
31 42
31 43
31 44
31 45
31 45
31 46
31 47
31 48
31 49
31 50
31 51
31 51
31 52
31 53
31 54
31 55
31 56
31 57
31 57
31 58
31 59
32 60
32 61
32 62
32 62
32 63
32 64
33 65
33 66
33 67
33 68
33 68
33 69
34 70
34 71
34 71
35 72
35 73
35 73
36 73
37 73
37 73
38 72
39 71
39 71
40 70
40 69
41 68
41 67
41 67
41 66
42 65
42 64
42 63
42 63
42 62
43 61
43 60
43 59
43 59
43 58
43 57
43 57
43 56
43 55
43 55
42 54
41 54
40 53
39 53
39 53
38 53
37 54
36 54
35 55
34 55
34 55
33 56
33 57
33 57
32 58
31 59
31 59
31 60
31 60
31 60
31 60
32 60
32 60
33 59
34 59
34 59
35 58
35 57
36 56
36 56
37 55
38 54
38 53
39 52
39 52
39 51
40 50
40 49
41 48
41 47
41 47
42 46
43 45
43 44
44 43
44 43
44 42
45 41
45 40
46 39
46 38
47 37
47 36
48 35
48 34
48 34
48 34
48 35
48 36
48 36
48 37
48 38
48 39
48 39
48 40
48 41
48 42
48 42
48 43
48 44
48 45
48 45
48 46
49 47
49 48
49 49
49 49
49 50
49 51
49 52
49 53
49 53
49 54
50 55
50 56
50 57
50 57
50 58
51 59
51 60
51 61
51 61
51 62
52 63
52 64
52 64
53 65
53 65
54 66
54 66
55 65
55 65
55 64
56 63
56 62
56 61
56 61
56 60
57 59
57 58
57 57
57 57
57 56
57 55
58 54
58 53
58 52
58 52
58 51
58 50
59 49
59 48
59 47
59 47
59 46
59 45
59 44
59 43
59 42
59 42
60 41
60 40
60 40
60 39
60 39
60 39
60 40
60 40
60 41
60 42
60 43
60 43
60 44
61 45
61 46
61 47
61 47
61 48
62 49
62 50
62 51
62 51
62 52
63 53
63 54
63 54
63 55
64 56
64 57
64 57
64 58
64 59
64 59
65 60
65 60
65 61
65 61
65 61
65 60
65 60
65 59
65 59
65 58
65 57
65 56
65 56
65 55
65 54
65 53
65 53
65 52
64 51
64 50
64 49
64 49
64 48
64 47
64 46
64 45
64 44
64 44
64 43
63 42
63 41
63 40
63 40
63 39
63 38
63 37
63 37
63 36
63 36
63 37
63 37
63 38
63 38
63 39
64 40
64 41
64 41
64 42
65 43
65 44
65 45
65 45
65 46
66 47
66 48
66 48
67 49
67 50
67 50
68 51
69 52
69 52
70 53
71 53
71 53
72 52
73 52
73 52
74 51
75 51
75 51
76 50
77 50
77 50
78 49
78 48
79 47
79 47
79 46
80 45
80 44
80 44
80 43
81 42
81 41
81 40
81 40
81 39
82 38
82 37
82 36
82 36
82 35
82 34
82 33
82 32
82 32
82 31
82 30
82 29
82 28
82 28
82 27
82 26
82 25
82 24
82 24
81 23
81 23
81 23
80 24
80 24
80 25
80 26
80 26
80 27
79 28
79 29
79 29
79 30
80 31
80 32
80 32
80 33
80 34
80 34
81 35
81 36
81 36
82 37
83 37
83 37
84 37
85 37
85 37
86 36
86 36
87 35
88 35
88 35
89 34
89 33
89 33
90 32
90 32
90 31
90 30
90 30
90 30
90 29
90 29
89 30
89 30
88 31
87 32
87 32
86 33
85 34
85 34
84 35
84 36
83 37
83 37
83 38
82 39
82 40
82 40
81 41
81 42
81 42
81 43
81 44
81 44
82 44
82 44
83 44
83 44
84 43
85 43
85 43
86 42
87 41
87 41
88 41
89 41
89 41
90 42
91 42
91 42
92 43
92 44
92 44
92 45
92 46
93 47
93 48
93 49
93 49
93 50
93 51
93 52
94 53
94 54
94 55
94 56
94 56
94 57
94 58
94 59
94 60
95 61
95 62
95 63
95 64
95 65
95 65
95 66
95 67
95 68
95 69
95 70
95 71
95 72
95 73
95 74
95 74
95 75
95 76
95 77
95 78
96 79
96 80
96 81
96 82
96 83
96 83
96 84
96 85
96 86
96 87
96 88
96 89
96 90
96 90
96 91
96 92
96 93
96 94
96 95
96 95
96 96
97 97
97 98
97 99
97 99
98 100
98 100
98 100
99 100
99 100
99 99
99 99
100 98
100 98
100 97
100 97
100 96
100 95
