2 14
2 13
2 12
1 11
1 10
1 9
1 9
0 8
0 7
0 7
0 6
0 6
0 6
0 6
0 7
0 8
0 9
0 9
0 10
0 11
0 12
0 13
0 13
0 14
0 15
0 16
1 17
1 18
1 19
1 20
1 20
1 21
1 22
1 23
1 24
2 25
2 26
2 27
2 28
2 29
2 29
2 30
3 31
3 32
3 33
3 34
4 35
4 36
4 37
4 37
4 37
4 38
5 39
5 40
5 41
6 42
6 43
6 44
7 45
7 46
7 46
8 46
9 46
9 46
10 45
11 44
12 43
12 43
12 42
13 41
13 40
14 39
14 38
14 38
14 37
15 36
15 35
16 34
16 33
16 32
17 31
17 30
17 30
17 29
18 28
18 27
18 26
18 25
19 24
19 23
19 22
19 22
19 21
20 20
20 19
20 18
20 17
21 16
21 15
21 15
21 14
22 13
22 12
23 11
23 10
23 10
23 9
23 8
23 7
23 6
23 6
23 5
24 4
24 3
24 3
24 2
24 1
24 1
24 0
24 0
24 0
24 1
23 2
23 3
23 4
23 4
22 5
22 6
21 7
21 8
21 8
21 9
20 10
20 11
20 11
19 12
19 13
18 14
18 15
18 15
18 16
17 17
17 18
17 19
16 20
16 21
16 21
16 22
16 23
15 24
15 25
15 26
15 27
15 27
15 27
15 28
15 29
15 30
15 31
15 32
15 33
14 34
14 35
14 36
14 37
14 38
14 39
14 40
14 41
14 41
14 42
14 43
13 44
13 45
13 46
13 47
13 47
13 48
13 49
13 50
13 51
13 52
13 53
13 54
13 55
13 56
13 56
13 57
13 58
13 59
14 60
14 61
14 62
14 63
14 64
14 64
14 65
14 66
14 67
15 68
15 69
15 70
15 71
15 71
15 72
15 73
16 74
16 75
16 76
16 77
16 77
16 78
17 79
17 80
17 81
17 82
18 83
18 84
18 84
18 85
18 86
18 87
19 88
19 89
19 90
19 91
19 92
19 92
19 93
20 94
20 95
20 96
20 96
20 97
21 98
21 99
21 99
21 100
21 100
21 99
21 98
21 97
21 96
21 95
21 94
21 93
21 92
21 91
21 90
21 89
21 88
21 87
21 86
21 85
21 84
21 83
21 82
21 81
21 80
21 79
21 78
21 77
21 76
21 75
21 74
21 73
21 72
21 71
21 70
21 69
21 68
21 67
21 66
21 65
21 64
21 63
21 62
21 61
21 60
21 59
21 58
21 57
21 56
21 55
21 54
21 53
21 52
21 51
21 50
21 49
21 48
21 47
21 46
21 45
21 44
21 43
21 43
21 42
22 41
22 40
22 39
22 38
23 37
23 36
23 36
23 35
23 34
23 34
24 33
24 33
25 32
25 31
25 31
25 31
26 30
27 29
27 28
28 27
29 26
29 26
29 25
30 24
30 23
30 23
31 22
31 21
32 20
32 20
33 19
33 18
34 17
34 17
35 16
36 15
36 15
36 15
37 16
37 16
36 17
36 18
35 19
34 20
34 21
33 22
33 23
32 24
32 24
32 24
32 25
32 26
31 27
31 28
31 29
31 30
31 30
31 31
30 32
30 33
30 33
30 34
30 35
30 36
30 37
30 37
30 38
30 39
30 40
30 41
30 41
30 42
30 43
30 44
30 45
30 46
30 46
30 47
30 48
30 49
30 50
30 51
30 52
30 53
30 53
30 54
30 55
30 56
30 57
30 58
30 59
30 60
30 60
30 61
30 62
30 63
31 64
31 65
31 66
31 67
31 67
31 68
32 69
32 70
32 71
32 71
32 72
33 73
33 74
33 74
34 75
35 75
35 75
36 74
36 74
37 73
38 72
38 72
38 71
39 70
39 69
39 68
39 68
39 67
40 66
40 65
40 64
40 64
40 63
41 62
41 61
41 60
41 60
41 59
41 58
41 57
41 56
41 56
41 55
41 54
41 54
41 54
40 53
39 52
38 51
37 50
37 50
36 51
35 52
34 53
34 53
34 53
33 54
33 55
32 56
32 57
31 58
31 58
30 59
30 59
30 59
30 59
31 58
31 58
32 57
33 56
33 56
34 55
34 54
35 53
35 52
35 52
35 51
36 50
36 49
36 48
37 47
37 46
37 46
38 45
38 44
39 43
39 42
40 41
40 41
40 40
41 39
41 38
41 37
42 36
42 35
42 35
42 35
43 34
43 33
44 32
44 31
45 30
45 29
46 28
46 27
46 27
46 26
46 25
46 24
46 24
47 23
47 22
47 22
47 22
47 22
46 23
46 24
46 24
46 25
46 26
46 27
46 28
46 28
46 29
46 30
46 31
46 32
46 33
46 34
46 34
46 35
46 36
46 37
46 38
46 39
46 40
46 41
46 41
46 42
46 43
46 44
47 45
47 46
47 47
47 48
47 49
47 49
47 50
47 51
47 52
48 53
48 54
48 55
48 56
48 57
48 57
48 58
48 59
48 60
49 61
49 62
49 63
49 64
49 65
49 65
49 66
50 67
50 68
50 69
50 69
51 70
51 71
51 71
51 71
52 70
53 69
53 69
53 68
54 67
54 66
55 65
55 64
55 64
55 63
55 62
56 61
56 60
56 59
56 58
56 58
56 57
57 56
57 55
57 54
58 53
58 52
58 52
58 51
58 50
59 49
59 48
59 47
59 46
59 46
59 45
59 44
60 43
60 42
60 41
60 40
60 40
60 39
60 38
60 37
60 36
60 36
60 35
60 35
60 35
60 36
60 36
60 37
60 38
60 39
60 39
60 40
60 41
61 42
61 43
61 44
61 44
61 45
61 46
61 47
61 48
61 48
61 49
62 50
62 51
62 52
62 52
62 53
62 54
62 55
62 56
62 56
62 57
63 58
63 59
63 59
64 59
64 59
64 59
65 58
65 57
65 57
65 56
65 55
65 54
65 53
65 53
65 52
66 51
66 50
66 49
66 49
66 48
66 47
66 46
66 45
66 44
66 44
66 43
67 42
67 41
67 40
67 40
67 39
67 38
67 37
67 36
67 35
67 35
67 34
67 34
67 34
67 35
67 36
67 36
68 37
68 38
68 38
68 39
68 40
68 41
68 42
68 42
68 43
68 44
68 45
68 45
69 46
69 47
69 47
69 48
69 49
69 49
69 50
69 50
69 50
69 49
69 49
69 48
69 48
69 47
70 46
70 45
70 45
70 44
70 43
70 42
70 41
70 41
70 40
70 39
70 38
70 37
70 36
70 36
70 35
70 34
70 33
70 32
70 31
70 31
70 30
70 29
70 28
70 27
70 26
70 26
71 26
71 26
71 27
71 28
71 28
71 29
72 30
72 31
72 31
72 32
72 33
72 34
72 35
72 36
72 37
72 38
72 38
72 39
72 40
73 41
73 42
73 43
73 43
73 44
74 45
74 46
75 47
75 48
75 48
75 49
76 50
76 51
76 52
76 52
77 53
78 53
78 53
79 52
80 52
80 52
81 51
81 50
82 49
82 49
82 48
83 47
83 46
84 45
84 44
84 44
84 43
85 42
85 41
85 40
86 39
86 38
86 38
86 37
86 36
87 35
87 34
87 33
87 32
87 32
87 31
87 30
88 29
88 28
88 27
88 27
88 26
88 25
88 24
88 23
88 23
88 22
88 21
89 20
89 19
89 18
89 17
89 17
89 16
88 15
88 14
88 13
88 13
88 12
88 11
88 11
87 10
87 10
86 11
86 12
86 12
85 13
85 14
84 15
84 16
84 16
84 17
83 18
83 19
82 20
82 21
82 21
82 22
82 23
81 24
81 25
81 26
81 26
81 27
80 28
80 29
79 30
79 31
79 31
79 32
78 33
78 34
78 35
78 35
78 36
78 37
78 38
78 39
78 39
78 40
79 41
79 42
79 42
80 43
80 44
80 44
81 45
81 46
81 46
82 47
83 47
83 47
84 47
85 47
85 47
86 47
86 47
87 46
88 45
88 45
88 44
89 43
89 42
89 42
90 41
90 40
90 40
90 39
91 38
91 37
91 37
91 36
91 35
91 34
91 34
91 33
91 32
91 32
92 31
92 30
92 30
92 29
92 28
92 28
93 27
93 27
94 27
94 27
94 28
94 28
94 29
94 30
94 31
94 31
94 32
94 33
94 34
94 35
94 36
94 36
94 37
94 38
94 39
95 40
95 41
95 42
95 43
95 44
95 44
95 45
95 46
95 47
95 48
95 49
95 50
95 51
95 52
95 52
95 53
95 54
95 55
95 56
95 57
95 58
95 59
95 60
95 60
95 61
95 62
95 63
95 64
96 65
96 66
96 67
96 68
96 69
96 69
96 70
96 71
96 72
96 73
96 74
96 75
96 76
96 76
96 77
96 78
97 79
97 80
97 81
97 82
97 82
97 83
97 84
98 85
98 86
98 87
98 87
98 88
98 89
98 90
98 91
98 91
99 92
99 93
99 93
99 94
99 95
99 95
99 95
100 95
100 95
100 95
100 95
99 95
