0 53
0 53
0 53
0 53
0 53
0 53
0 53
0 53
0 52
0 51
0 50
0 49
0 48
0 48
1 47
2 46
3 45
3 45
4 44
4 43
5 42
6 41
7 40
7 39
8 38
8 38
9 37
10 36
11 35
12 34
13 33
14 32
14 32
15 31
16 30
17 29
17 28
18 27
19 26
19 26
20 25
21 24
22 23
22 22
23 21
24 20
24 20
25 19
25 18
26 17
27 16
27 15
28 14
28 14
29 13
30 12
31 11
32 10
32 10
33 9
33 8
34 7
34 7
34 6
35 5
35 4
35 4
35 3
35 2
35 2
34 1
34 1
33 0
33 0
32 1
32 1
31 2
30 2
30 2
29 3
29 4
28 5
28 5
27 6
27 7
26 8
26 9
26 9
26 10
25 11
25 12
24 13
24 14
24 14
24 15
23 16
23 17
23 18
22 19
22 20
22 20
22 21
22 22
21 23
21 24
21 25
21 26
21 26
21 27
21 28
20 29
20 30
20 31
20 31
20 32
20 33
20 34
20 35
20 36
20 37
20 37
20 38
20 39
20 40
20 41
20 42
20 43
20 44
20 44
20 45
20 46
20 47
20 48
20 49
20 50
20 51
20 52
20 52
20 53
20 54
20 55
20 56
20 57
20 58
20 59
20 60
20 60
20 61
20 62
20 63
20 64
20 65
20 66
20 67
20 67
20 68
20 69
20 70
19 71
19 72
19 73
19 74
19 75
19 75
19 76
19 77
18 78
18 79
18 80
18 80
18 81
17 82
17 83
16 84
16 85
16 85
16 86
15 87
15 88
15 89
14 90
14 91
14 91
14 92
13 93
13 94
13 95
13 95
12 96
12 97
11 98
11 99
11 99
10 100
9 100
9 100
8 100
8 100
7 100
6 100
6 100
5 99
5 98
5 98
5 97
4 96
4 95
4 95
4 94
4 93
4 92
4 91
4 91
4 90
4 89
4 88
4 88
4 87
4 86
4 85
4 85
4 84
5 83
5 82
5 82
6 81
6 80
7 79
7 79
8 78
9 78
10 77
10 77
11 77
12 77
13 77
13 77
14 77
15 78
16 78
17 78
17 78
18 78
19 79
20 79
20 79
21 79
22 80
23 80
23 80
24 80
25 81
26 81
26 81
27 81
28 80
29 80
30 79
31 79
32 78
33 78
34 77
35 77
36 77
37 76
38 76
39 75
40 75
41 74
42 74
43 74
44 73
45 73
46 72
47 72
48 71
49 71
50 70
51 70
51 70
51 70
51 70
51 70
51 70
51 69
52 68
52 67
52 67
52 66
52 66
52 66
52 65
52 65
51 64
51 64
50 65
50 65
49 66
49 66
48 67
48 68
47 69
47 69
46 70
46 71
45 72
45 73
45 73
45 74
44 75
44 76
43 77
43 78
43 78
43 79
42 80
42 81
41 82
41 83
41 83
41 84
40 85
40 86
40 86
40 87
40 88
40 89
40 89
40 90
40 91
40 91
41 92
42 92
42 92
43 92
44 92
44 92
45 91
46 90
46 89
47 88
47 88
48 87
49 86
49 85
50 84
50 84
51 83
51 82
52 81
52 80
53 79
53 79
54 78
54 77
55 76
55 76
56 75
56 74
57 73
57 73
57 72
57 71
57 71
57 70
57 69
57 69
56 68
56 68
56 68
56 68
56 69
56 69
56 70
56 71
56 72
56 72
56 73
56 74
56 75
56 75
56 76
56 77
56 78
56 79
56 79
56 80
56 81
56 82
56 82
56 83
56 84
56 85
56 85
56 86
56 87
56 87
57 88
57 88
58 89
58 89
59 88
60 88
60 88
61 87
62 87
62 87
63 86
64 85
64 85
65 84
65 83
66 82
66 82
67 81
67 80
67 80
68 79
69 78
69 78
69 77
70 76
70 75
70 75
70 74
71 73
71 72
71 72
72 71
72 71
73 70
73 69
73 69
73 69
73 69
73 69
73 69
73 69
72 69
72 69
72 70
72 70
72 71
72 71
71 72
71 72
71 73
71 74
71 74
70 75
70 76
70 76
70 77
70 77
70 78
70 79
70 79
69 80
69 81
69 81
69 82
69 82
69 83
69 84
69 84
69 85
69 85
69 86
69 86
69 87
69 87
69 88
69 88
69 89
69 89
70 90
70 90
70 90
71 91
71 91
72 91
72 91
73 90
73 90
74 90
74 90
75 89
75 89
76 88
77 87
77 87
78 86
78 85
78 85
79 84
80 83
80 83
81 82
81 81
81 81
82 80
83 79
83 79
84 78
84 77
84 77
85 76
86 76
86 76
87 75
87 75
87 74
87 74
88 73
88 73
88 73
88 73
88 73
88 73
87 74
87 74
87 75
87 75
86 76
86 77
86 77
86 78
85 79
85 80
85 80
85 81
84 82
84 83
84 84
84 84
84 85
84 86
84 87
84 88
84 88
84 89
84 90
85 91
85 92
85 93
85 93
86 94
86 95
86 95
87 95
88 96
89 96
89 96
90 95
91 95
92 94
93 94
93 94
94 93
95 92
96 91
97 91
98 90
99 89
100 88
