0 57
0 57
0 57
0 57
0 57
0 57
0 57
0 57
1 56
1 56
2 55
2 54
2 54
3 53
4 52
5 51
5 51
6 50
7 49
8 49
9 48
9 48
10 47
11 46
11 45
12 44
12 44
13 43
14 42
14 41
15 40
16 39
16 39
17 38
18 37
19 37
20 36
21 35
21 35
22 34
22 33
23 32
23 31
24 30
24 30
25 29
26 28
26 27
27 26
28 25
28 25
29 24
30 23
30 22
31 21
31 21
31 20
32 19
32 18
33 17
33 16
33 16
34 15
35 14
35 13
36 12
36 12
36 11
37 10
37 9
37 8
37 8
37 7
38 6
38 5
38 4
38 4
38 3
38 3
38 2
38 1
38 1
37 1
37 1
36 0
36 0
35 1
35 1
34 2
33 3
33 3
32 4
32 5
32 5
31 6
31 7
30 8
30 9
30 9
29 10
29 11
28 12
28 12
28 13
28 14
27 15
27 16
27 17
27 17
26 18
26 19
25 20
25 21
25 21
25 22
24 23
24 24
24 25
24 25
24 26
24 27
24 28
24 29
24 29
24 30
24 31
24 32
24 33
24 34
24 35
24 35
24 36
24 37
23 38
23 39
23 40
23 40
23 41
23 42
23 43
23 44
23 45
23 45
23 46
23 47
23 48
23 49
23 50
23 50
23 51
23 52
23 53
23 54
23 55
23 56
23 56
23 57
23 58
22 59
22 60
22 61
22 61
22 62
22 63
21 64
21 65
21 66
21 66
21 67
21 68
20 69
20 70
20 71
20 71
20 72
19 73
19 74
19 75
18 76
18 77
18 77
18 78
17 79
17 80
17 81
16 82
16 83
16 83
16 84
15 85
15 86
14 87
14 88
14 88
13 89
13 90
12 91
12 92
12 92
11 93
11 94
10 95
10 96
10 96
10 97
9 98
9 99
9 99
8 100
7 100
7 100
6 100
5 100
5 100
4 99
3 98
3 98
3 97
3 96
3 95
3 94
3 94
3 93
2 92
2 91
2 91
2 90
2 89
2 88
2 87
2 87
2 86
2 85
2 84
2 84
2 83
2 82
2 81
2 81
3 80
3 79
3 79
4 78
5 78
5 78
6 78
7 77
8 77
8 77
9 76
10 76
10 76
11 76
12 76
13 76
13 76
14 76
15 76
16 76
17 76
17 76
18 76
19 77
20 77
21 77
21 77
22 77
23 78
24 78
24 78
25 79
26 79
27 80
27 80
28 79
29 79
30 78
31 77
32 77
33 76
34 75
35 75
36 74
37 73
38 73
39 72
40 71
41 70
42 70
43 69
44 68
45 68
46 67
47 66
48 66
49 65
50 64
51 64
52 63
52 63
52 63
52 64
52 65
52 66
52 66
52 65
52 65
51 65
51 65
51 64
51 63
51 63
51 62
51 62
50 62
50 62
50 61
50 61
49 62
48 62
48 62
47 63
47 64
47 64
46 65
45 65
44 66
44 66
43 67
43 68
42 69
42 70
42 70
42 71
41 72
41 73
40 74
40 75
40 75
40 76
39 77
39 78
39 79
39 79
39 80
39 81
39 82
39 82
40 83
40 84
40 84
41 84
42 84
42 84
43 84
44 83
45 83
45 83
46 82
47 81
48 81
49 80
49 80
50 79
51 78
51 77
52 76
52 76
53 75
53 74
54 73
54 72
54 72
55 71
56 70
57 69
57 69
57 68
58 67
58 66
58 66
58 65
58 64
58 64
58 63
58 63
58 63
57 63
57 63
57 64
57 64
56 65
56 65
56 66
56 67
56 68
56 69
56 69
56 70
55 71
55 72
55 72
55 73
56 74
56 75
56 76
56 76
56 77
56 78
56 79
56 79
57 80
58 80
58 80
59 81
59 81
60 80
61 80
61 80
62 79
63 79
63 79
64 78
65 77
65 77
66 76
67 75
67 75
68 74
68 73
68 73
69 72
69 72
70 71
70 71
71 70
71 70
71 69
71 69
71 68
71 68
71 67
71 67
71 67
71 67
71 67
71 67
71 67
71 67
71 67
70 68
70 68
70 69
70 70
70 70
69 71
69 72
69 72
69 73
69 74
69 75
69 75
69 76
69 77
69 78
69 79
69 79
69 80
69 81
69 82
69 82
69 83
69 84
69 85
69 85
70 86
70 87
70 87
71 88
72 88
72 88
73 88
74 88
74 88
75 87
76 87
77 86
77 86
78 85
78 84
79 83
79 83
80 82
81 81
82 80
82 80
83 79
84 78
84 77
85 76
85 76
86 75
86 74
87 73
87 73
88 72
88 71
88 71
88 70
88 70
88 69
88 69
87 69
87 69
87 70
87 70
86 71
86 72
86 72
86 73
86 74
86 74
86 75
86 76
86 77
86 78
86 78
86 79
86 80
86 81
86 82
86 83
86 83
86 84
86 85
86 86
86 87
86 88
86 88
87 89
87 90
88 91
88 91
89 92
89 93
89 93
90 93
91 94
92 94
92 94
93 93
94 93
95 92
96 92
96 92
97 91
98 90
99 90
100 89
