4 49
4 50
5 51
5 52
5 53
5 53
5 53
6 54
6 54
7 55
7 55
8 55
8 55
9 55
10 55
10 55
11 54
11 53
12 52
12 51
12 51
12 50
13 49
13 48
13 47
13 46
14 45
14 44
14 44
14 43
15 42
15 41
15 40
16 39
16 38
16 37
17 36
17 35
17 35
17 34
18 33
18 32
18 31
19 30
19 29
19 28
19 27
20 26
20 25
20 25
20 24
21 23
21 22
21 21
22 20
22 19
22 18
23 17
23 16
23 16
23 15
24 14
24 13
24 12
24 11
25 10
25 9
25 8
25 8
25 7
26 6
26 5
27 4
27 3
27 3
27 2
27 1
27 0
27 0
27 0
27 1
26 2
26 3
26 3
26 4
26 5
26 6
25 7
25 8
25 9
25 10
25 10
25 11
25 12
24 13
24 14
24 15
24 16
24 17
23 18
23 19
23 20
23 20
23 21
23 22
22 23
22 24
22 25
22 26
21 27
21 28
21 29
21 30
21 31
20 32
20 33
20 34
20 34
20 35
20 36
19 37
19 38
19 39
19 40
19 41
18 42
18 43
18 44
18 45
18 46
17 47
17 48
17 49
17 49
17 50
17 51
16 52
16 53
16 54
16 55
16 56
16 57
15 58
15 59
15 60
15 61
15 62
15 63
14 64
14 65
14 66
14 66
14 67
14 68
13 69
13 70
13 71
13 72
12 73
12 74
12 75
12 76
12 77
11 78
11 79
11 80
11 80
11 81
10 82
10 83
9 84
9 85
9 86
8 87
8 88
7 89
7 90
7 90
7 91
6 92
6 93
6 94
6 95
5 96
5 97
5 97
4 98
4 99
3 100
3 100
2 100
2 100
1 99
1 99
0 98
0 97
0 97
0 96
0 95
0 94
0 93
0 92
0 92
0 91
0 90
0 89
0 88
0 87
0 86
0 85
0 85
0 84
0 83
0 82
0 81
0 80
0 79
0 78
0 78
0 77
0 76
1 75
1 74
1 73
1 73
2 72
2 71
3 70
3 70
4 69
5 68
5 68
6 68
7 68
8 68
8 68
9 68
10 69
11 69
11 69
12 70
13 70
13 70
14 71
15 72
15 72
16 73
17 73
17 73
18 74
19 75
19 75
20 76
20 76
21 76
22 76
23 75
24 75
25 75
26 75
27 74
28 74
29 74
30 74
31 74
32 73
33 73
34 73
35 73
36 72
37 72
38 72
38 72
39 71
40 71
41 70
41 70
41 69
41 68
41 68
42 67
42 66
42 66
42 65
42 64
42 63
42 62
42 62
42 61
42 60
43 59
43 58
43 57
43 57
43 56
43 55
43 54
43 53
43 53
43 52
43 51
43 50
43 49
43 49
43 48
43 47
43 46
43 46
43 45
42 44
42 43
42 43
42 42
42 41
42 41
41 40
41 40
40 40
40 40
39 41
39 42
39 42
39 43
38 44
38 45
38 46
38 46
38 47
38 48
37 49
37 50
37 51
37 51
37 52
36 53
36 54
36 55
36 56
35 57
35 58
35 58
35 59
35 60
35 61
35 62
35 63
35 64
35 65
35 66
35 67
35 67
35 68
35 69
35 70
35 71
35 72
35 73
35 74
35 74
35 75
35 76
35 77
35 78
35 79
35 79
35 80
36 81
36 82
36 82
37 83
38 83
38 83
39 82
39 82
40 81
41 80
41 80
41 79
42 78
42 77
42 76
43 75
43 74
43 74
43 73
44 72
44 71
44 70
44 69
45 68
45 67
45 67
45 66
45 65
46 64
46 63
46 62
46 61
47 60
47 59
47 58
47 58
47 57
48 56
48 55
48 54
49 53
49 52
49 52
49 51
50 50
50 49
50 49
51 48
51 47
51 47
51 48
51 48
51 49
51 50
51 50
51 51
51 52
51 53
51 53
51 54
51 55
51 56
51 57
51 58
51 59
51 59
51 60
51 61
50 62
50 63
50 64
50 65
50 65
50 66
51 67
51 68
51 69
51 69
51 70
51 71
51 71
52 72
52 72
53 72
53 72
54 71
55 71
55 71
55 70
56 69
56 68
57 67
57 66
58 65
58 64
59 63
59 62
59 61
60 60
60 59
61 58
61 57
62 56
62 55
63 54
63 53
64 52
64 51
64 50
65 49
65 48
66 47
66 46
67 45
67 44
68 43
68 42
68 41
69 40
69 39
70 38
70 37
71 36
71 35
72 34
72 33
72 33
71 34
71 35
71 35
71 36
71 36
71 37
71 38
71 39
71 39
71 40
71 41
71 42
71 42
71 43
70 44
70 45
70 46
70 46
70 47
70 48
70 49
70 50
70 51
70 52
70 52
70 53
70 54
70 55
70 56
70 56
70 57
71 58
71 59
71 60
71 60
71 61
71 62
71 63
71 63
72 64
72 64
73 64
73 64
74 63
75 63
75 63
76 62
76 61
77 60
77 60
77 59
78 58
78 57
79 56
79 55
79 55
80 54
80 53
81 52
81 51
81 51
82 50
82 49
83 48
83 48
83 48
84 48
84 48
84 49
84 50
84 51
84 51
84 52
84 53
84 54
84 55
84 55
84 56
84 57
84 58
84 59
84 60
84 60
84 61
85 62
85 63
85 64
85 64
85 65
85 66
85 67
85 67
86 67
87 67
87 67
88 66
89 65
90 64
90 64
91 63
92 62
92 61
93 60
94 59
94 59
95 58
95 57
96 56
96 55
97 54
98 53
98 52
99 51
99 50
100 49
