7 23
7 22
7 22
7 21
7 21
7 22
7 22
7 22
8 23
8 23
9 24
9 25
9 25
10 26
10 27
10 27
11 28
11 29
11 29
12 30
13 30
13 30
14 30
15 30
16 30
16 30
17 30
18 29
19 29
19 29
20 28
21 27
22 26
22 26
23 25
24 24
24 23
25 22
26 21
26 21
27 20
27 19
28 18
29 17
29 16
30 15
30 15
31 14
31 13
32 12
32 11
33 10
33 9
33 9
34 8
34 7
35 6
35 5
36 4
36 4
36 3
37 2
37 1
37 1
38 0
38 0
37 0
37 0
36 1
36 2
36 2
36 3
35 4
35 5
35 5
34 6
34 7
33 8
33 9
33 9
33 10
32 11
32 12
32 13
31 14
31 15
31 15
31 16
30 17
30 18
30 19
29 20
29 21
29 22
28 23
28 24
28 24
28 25
27 26
27 27
27 28
26 29
26 30
26 31
26 32
25 33
25 34
25 34
25 35
24 36
24 37
24 38
23 39
23 40
23 41
23 42
22 43
22 44
22 45
21 46
21 47
21 47
21 48
20 49
20 50
20 51
20 52
19 53
19 54
19 55
19 56
18 57
18 58
18 59
18 59
18 60
17 61
17 62
16 63
16 64
16 65
15 66
15 67
14 68
14 69
14 69
14 70
13 71
13 72
13 73
12 74
12 75
12 76
11 77
11 78
11 78
10 79
10 80
9 81
9 82
8 83
8 84
8 84
8 85
7 86
7 87
7 88
6 89
6 90
6 90
5 91
5 92
4 93
4 94
4 94
4 95
3 96
3 97
3 97
2 98
2 99
1 100
1 100
0 100
0 100
0 99
0 99
0 98
0 97
0 97
0 96
0 95
0 94
0 93
0 92
0 92
0 91
0 90
0 89
1 88
1 87
1 86
1 85
1 85
1 84
2 83
2 82
2 81
2 80
3 79
3 78
3 78
4 77
4 76
5 75
5 74
5 74
6 73
7 72
7 72
8 72
9 72
9 72
10 73
11 74
11 74
12 75
13 76
13 76
14 77
15 77
16 78
16 78
17 79
18 79
19 80
19 80
20 80
21 80
22 80
22 80
23 80
24 80
25 80
25 80
26 80
27 79
28 79
29 79
29 79
30 79
31 78
32 78
33 77
34 77
35 76
36 76
37 75
38 75
39 74
40 74
41 73
42 73
43 72
44 72
45 71
46 71
47 70
48 70
49 69
50 69
51 68
52 68
53 67
54 67
54 67
54 66
54 66
53 65
52 65
52 65
52 64
52 64
52 63
52 63
52 62
52 61
52 61
52 60
52 59
52 59
52 58
52 57
52 57
51 56
51 55
51 55
51 54
51 54
50 54
50 54
49 55
49 56
49 56
49 57
48 58
48 59
48 60
48 60
48 61
47 62
47 63
47 64
46 65
46 66
46 66
46 67
46 68
45 69
45 70
45 71
45 72
45 72
45 73
44 74
44 75
44 76
43 77
43 78
43 78
43 79
43 80
42 81
42 82
42 83
42 84
42 84
42 85
42 86
42 87
42 88
42 89
42 89
42 90
42 91
42 91
43 91
43 91
44 90
45 90
45 90
46 89
47 88
47 88
48 87
48 86
49 85
49 84
49 84
50 83
50 82
51 81
51 80
51 80
52 79
53 78
53 77
54 76
54 76
54 75
55 74
55 73
55 73
55 72
56 71
56 70
56 69
56 69
57 68
57 67
57 67
57 66
57 66
57 67
57 67
56 68
56 68
56 69
56 70
56 71
56 71
56 72
55 73
55 74
55 75
55 75
55 76
55 77
55 78
55 79
55 79
55 80
55 81
55 82
55 83
55 84
55 84
55 85
55 86
55 87
55 87
56 88
56 88
57 89
57 89
58 88
58 88
59 87
59 86
60 85
60 85
61 84
61 83
62 82
62 82
63 81
64 80
65 79
65 79
66 78
66 77
67 76
67 75
67 75
68 74
68 73
68 73
69 72
69 72
69 71
70 70
70 69
70 69
71 68
71 68
71 68
71 69
71 69
70 70
70 71
70 71
70 72
70 73
70 74
70 74
70 75
69 76
69 77
69 77
69 78
69 79
69 79
69 80
69 80
70 80
70 80
71 79
71 79
72 78
73 77
73 77
73 76
74 75
74 74
74 74
75 73
76 72
76 72
76 71
77 70
77 69
77 69
78 68
78 67
79 66
79 66
80 65
80 64
81 63
81 63
82 62
82 61
82 61
83 60
83 60
83 60
83 61
83 61
83 62
83 63
83 63
83 64
82 65
82 66
82 66
82 67
82 68
82 69
82 70
82 70
82 71
81 72
81 73
81 73
81 74
81 75
81 76
81 76
81 77
81 78
81 78
82 79
82 79
83 80
83 80
84 81
84 82
84 82
85 83
85 84
86 85
86 85
87 86
88 87
88 87
89 88
90 88
90 88
91 88
92 88
93 88
93 88
94 87
95 86
95 85
96 84
96 84
97 83
97 82
98 81
99 80
99 79
100 78
