9 50
9 50
9 51
9 51
9 51
9 51
9 52
9 52
10 52
10 52
10 52
11 52
11 52
12 52
12 52
13 51
14 51
14 51
15 50
15 49
15 49
16 48
17 47
17 47
18 46
18 45
18 45
19 44
19 43
20 42
20 41
20 41
21 40
21 39
22 38
22 38
22 37
23 36
23 35
23 34
23 34
23 33
24 32
24 31
24 31
24 30
24 29
25 28
25 27
25 26
25 26
25 25
25 24
25 23
25 22
25 22
25 21
25 20
26 19
26 18
26 17
26 17
26 16
26 15
26 14
26 13
26 12
26 12
26 11
26 10
26 9
26 8
26 7
26 7
26 6
25 5
25 4
25 4
25 3
25 2
25 1
25 1
24 0
24 0
23 1
23 1
22 2
22 2
22 3
22 4
22 4
21 5
21 6
21 6
21 7
21 8
21 9
21 9
21 10
21 11
21 12
21 13
21 13
21 14
21 15
21 16
21 17
21 18
21 19
21 19
21 20
21 21
21 22
21 23
21 24
21 25
21 25
21 26
21 27
21 28
21 29
21 30
21 31
21 32
21 33
21 33
21 34
21 35
21 36
21 37
21 38
21 39
21 40
21 40
21 41
21 42
21 43
22 44
22 45
22 46
22 47
22 48
22 48
22 49
22 50
22 51
22 52
22 53
22 54
22 54
22 55
22 56
22 57
21 58
21 59
21 60
21 61
21 61
21 62
21 63
21 64
21 65
21 66
21 67
21 67
21 68
21 69
20 70
20 71
20 72
20 72
20 73
19 74
19 75
19 76
18 77
18 78
18 78
18 79
17 80
17 81
17 82
16 83
16 84
16 84
16 85
15 86
15 87
15 88
15 89
14 90
14 91
14 91
13 92
13 93
12 94
12 95
12 95
11 96
11 97
10 98
10 98
9 99
8 99
7 100
7 100
6 100
5 100
5 100
4 99
4 99
3 98
2 97
2 97
2 96
1 95
1 94
1 94
1 93
0 92
0 91
0 90
0 90
0 89
0 88
0 87
0 87
0 86
0 85
0 84
0 83
0 82
0 82
0 81
1 80
1 79
1 78
1 78
2 77
2 76
3 75
3 74
3 74
3 73
4 72
4 71
4 70
4 70
5 69
6 68
6 67
7 66
7 66
8 65
9 64
9 64
10 64
11 63
12 63
12 63
13 64
14 65
14 65
15 66
16 67
16 67
16 68
17 69
17 70
17 71
17 71
18 72
18 73
19 74
19 75
19 75
19 76
20 77
20 78
20 79
20 79
21 80
21 81
22 82
22 83
22 83
22 84
22 85
23 86
23 87
23 88
23 88
24 89
24 90
25 91
25 91
26 92
27 93
27 93
28 94
29 95
29 95
30 95
31 95
31 95
32 95
33 95
33 95
34 94
35 94
35 94
36 93
37 92
37 92
38 91
39 90
39 90
39 89
40 88
40 87
40 87
41 86
41 85
42 84
42 84
42 83
43 82
43 81
43 80
43 80
43 79
44 78
44 77
44 77
44 76
44 75
44 75
45 74
45 73
45 73
45 72
45 71
45 71
46 70
46 69
46 69
46 68
46 67
46 67
47 67
48 67
49 67
50 67
51 67
52 68
53 68
54 68
55 68
56 68
57 68
58 68
58 68
58 68
58 69
58 69
58 69
58 70
58 70
58 70
58 70
58 70
58 69
58 69
58 69
58 68
58 68
59 67
59 66
59 66
59 65
59 64
59 64
59 63
60 62
60 61
60 61
60 60
60 60
61 59
61 58
61 58
61 57
61 56
61 56
61 55
61 54
61 54
61 53
61 52
61 51
61 51
61 50
61 49
61 48
61 48
61 47
60 46
60 45
60 45
60 44
59 43
59 42
59 42
58 41
58 40
58 40
57 41
56 41
56 41
55 42
54 43
54 43
53 44
53 45
52 46
52 47
52 47
52 48
52 49
51 50
51 51
51 52
51 52
51 53
51 54
50 55
50 56
50 57
50 57
50 58
50 59
50 60
50 61
50 62
50 62
50 63
50 64
49 65
49 66
49 67
49 67
49 68
49 69
50 70
50 71
50 72
50 72
50 73
50 74
50 75
50 76
50 76
51 77
51 78
51 78
52 79
53 79
53 79
54 79
54 79
55 78
56 78
56 78
57 77
57 76
57 76
58 75
58 74
59 73
59 72
59 72
59 71
60 70
60 69
60 69
60 68
60 67
61 66
61 65
61 64
61 64
61 63
62 62
62 61
62 60
62 60
62 59
62 58
62 57
62 56
62 56
62 55
62 54
62 54
62 53
62 53
61 54
61 54
60 55
60 55
60 56
60 57
60 58
60 58
60 59
59 60
59 61
59 62
59 62
59 63
59 64
58 65
58 66
58 67
58 67
58 68
58 69
58 70
58 71
58 71
58 72
58 73
58 74
58 75
58 75
58 76
59 77
59 78
59 78
60 79
60 80
60 80
61 81
61 81
62 81
63 81
63 81
64 80
65 80
65 80
66 79
66 78
67 77
67 77
68 76
68 75
69 74
69 73
69 73
70 72
70 71
71 70
71 69
71 69
71 68
72 67
72 66
73 65
73 64
73 64
73 63
73 62
74 61
74 60
74 59
74 59
74 58
74 57
75 56
75 55
75 54
75 54
75 53
76 52
76 51
76 50
76 50
76 49
76 48
76 47
76 47
76 47
76 48
76 48
76 49
75 50
75 51
75 51
75 52
75 53
74 54
74 55
74 56
74 56
74 57
74 58
73 59
73 60
73 61
73 62
73 62
73 63
73 64
73 65
72 66
72 67
72 68
72 69
72 69
72 70
72 71
71 72
71 73
71 74
71 74
71 75
72 76
72 77
72 78
72 78
72 79
72 80
72 81
72 82
72 82
73 83
74 84
74 84
75 84
75 84
76 83
77 83
77 83
78 82
79 81
79 81
80 80
80 79
81 78
81 77
81 77
82 76
82 75
83 74
83 73
83 73
84 72
84 71
85 70
85 69
85 69
85 68
85 67
86 66
86 65
86 64
86 64
86 63
87 62
87 61
87 60
88 59
88 58
88 58
88 57
88 56
88 55
88 54
88 53
88 52
88 52
88 51
88 50
88 49
88 49
88 48
87 47
87 46
87 46
86 47
86 47
86 48
85 49
85 50
85 51
85 51
85 52
85 53
84 54
84 55
84 56
84 57
84 57
84 58
84 59
84 60
84 61
84 62
84 63
84 64
84 64
84 65
84 66
84 67
84 68
84 69
84 70
84 71
84 71
84 72
84 73
84 74
84 75
84 76
84 76
85 77
85 78
86 79
86 79
87 80
87 81
87 81
88 82
89 82
89 82
90 83
91 83
91 83
92 82
93 82
93 82
94 81
95 81
95 81
96 80
97 79
97 79
98 78
98 77
98 77
99 76
99 75
100 74
