12 22
11 23
11 23
10 23
10 23
10 24
10 24
10 25
10 25
10 26
10 27
10 27
10 28
10 29
10 29
11 30
11 31
11 31
12 32
13 33
13 33
14 34
15 35
15 35
16 36
17 36
17 36
18 36
19 36
20 36
21 36
21 36
22 35
23 35
24 34
25 34
25 34
26 33
27 32
28 31
29 30
29 30
30 29
30 28
31 27
31 26
32 25
32 24
32 24
33 23
33 22
34 21
34 20
35 19
35 18
35 18
35 17
35 16
36 15
36 14
36 13
36 12
36 12
36 11
37 10
37 9
38 8
38 7
38 7
38 6
38 5
38 4
38 4
38 3
38 2
38 1
38 1
37 0
37 0
36 1
35 1
35 1
34 2
33 3
33 3
32 4
32 5
31 6
31 7
31 7
30 8
30 9
29 10
29 11
28 12
28 13
28 13
28 14
27 15
27 16
26 17
26 18
25 19
25 20
25 20
25 21
24 22
24 23
24 24
23 25
23 26
22 27
22 28
22 29
21 30
21 31
21 31
21 32
20 33
20 34
20 35
19 36
19 37
19 38
18 39
18 40
18 41
17 42
17 43
17 43
17 44
16 45
16 46
16 47
15 48
15 49
15 50
14 51
14 52
14 53
13 54
13 55
13 55
13 56
13 57
12 58
12 59
12 60
12 61
12 62
12 63
11 64
11 65
11 66
11 67
11 67
11 68
10 69
10 70
10 71
10 72
9 73
9 74
9 75
9 76
8 77
8 78
8 78
8 79
8 80
8 81
7 82
7 83
7 84
7 85
7 86
7 86
7 87
7 88
6 89
6 90
6 91
6 92
6 92
6 93
5 94
5 95
5 96
5 96
5 97
4 98
4 99
4 99
3 100
3 100
2 100
1 100
1 100
0 100
0 100
0 99
0 98
0 98
0 97
0 96
0 95
0 95
0 94
0 93
0 92
0 91
0 91
0 90
0 89
1 88
1 87
1 86
1 86
1 85
2 84
2 83
3 82
3 81
3 81
3 80
4 79
4 78
4 77
4 77
5 76
6 75
6 75
7 74
8 73
8 73
9 72
10 72
10 72
11 72
12 72
12 72
13 73
13 73
14 74
15 74
16 75
16 75
17 76
18 76
18 76
19 76
20 77
21 77
21 77
22 77
23 77
24 77
24 77
25 76
26 75
26 75
27 74
28 74
29 73
30 72
31 71
32 71
33 70
34 69
35 68
36 68
37 67
38 66
39 65
40 65
41 64
42 63
43 62
44 62
45 61
46 60
47 59
48 59
49 58
50 57
51 56
52 56
53 55
53 55
53 56
53 57
54 58
54 59
54 60
54 60
53 59
53 59
52 59
52 59
52 60
52 60
51 60
51 60
51 59
51 59
51 58
51 57
51 57
51 56
51 55
51 54
51 53
51 53
51 52
51 51
51 50
51 50
51 49
51 48
51 48
50 47
50 46
50 46
50 46
49 47
49 48
49 48
48 49
48 50
47 51
47 51
47 52
47 53
46 54
46 55
46 56
46 56
46 57
46 58
45 59
45 60
45 61
45 61
45 62
45 63
44 64
44 65
44 66
44 66
44 67
43 68
43 69
43 70
43 70
43 71
43 72
43 73
43 74
43 74
43 75
43 76
43 77
43 77
44 78
44 78
45 77
46 77
46 77
47 76
48 76
48 76
49 75
49 74
50 73
50 72
50 72
51 71
52 70
52 69
53 68
53 68
54 67
54 66
55 65
55 64
55 64
56 63
57 62
57 62
58 61
58 60
58 60
59 60
59 60
59 61
59 61
59 62
59 62
59 63
58 64
58 65
58 65
58 66
58 67
58 67
58 68
58 69
58 70
58 70
58 71
58 72
58 72
59 73
59 73
60 72
60 72
61 71
61 71
62 70
63 69
63 69
64 68
65 67
66 66
66 66
67 65
67 64
68 63
68 63
69 62
69 61
70 60
70 60
71 59
71 58
71 58
72 57
72 56
72 56
73 55
73 55
74 55
74 55
74 56
74 57
74 57
74 58
74 59
74 59
73 60
73 61
73 61
73 62
73 63
73 63
73 64
73 64
73 64
74 64
74 64
75 63
75 63
76 62
77 61
77 61
77 60
78 59
78 58
78 58
79 57
79 56
80 55
80 55
80 54
81 53
81 52
81 52
82 51
82 50
83 49
83 49
84 48
84 48
84 48
84 49
84 49
84 50
84 50
84 51
83 52
83 53
83 53
83 54
83 55
83 56
83 56
83 57
82 58
82 59
82 59
82 60
82 61
82 62
82 62
83 63
83 64
83 64
83 65
83 66
83 67
83 67
83 68
84 69
84 70
84 70
85 71
85 72
86 73
86 74
86 74
87 75
88 76
88 76
89 75
90 75
90 75
91 74
91 73
92 72
92 71
92 71
93 70
93 69
94 68
94 67
95 66
95 65
96 64
96 64
97 63
97 62
98 61
98 60
99 59
99 58
100 57
