1 63
1 63
0 62
0 62
0 61
0 61
0 62
0 62
0 62
1 61
2 61
2 61
3 60
4 59
4 59
5 58
6 57
7 56
8 55
8 55
9 54
10 53
11 52
11 51
12 50
13 49
13 49
14 48
14 47
15 46
15 45
16 44
16 43
17 42
17 42
18 41
19 40
19 39
20 38
21 37
22 36
22 35
23 34
23 34
24 33
25 32
25 31
26 30
27 29
28 28
28 27
29 26
29 26
30 25
30 24
31 23
32 22
32 21
33 20
33 19
34 18
34 18
35 17
35 16
36 15
36 14
37 13
37 12
38 11
38 11
39 10
39 9
40 8
40 7
41 6
41 6
41 5
42 4
42 3
42 3
42 2
42 2
42 1
42 1
41 0
40 0
40 0
39 1
38 2
38 2
37 3
37 4
36 5
36 5
35 6
34 7
34 8
33 9
33 9
33 10
32 11
32 12
31 13
31 14
31 14
31 15
30 16
30 17
30 18
29 19
29 20
29 20
29 21
28 22
28 23
28 24
28 25
27 26
27 27
27 27
27 28
27 29
27 30
26 31
26 32
26 33
26 34
26 34
26 35
26 36
26 37
25 38
25 39
25 40
25 41
25 41
25 42
25 43
25 44
25 45
24 46
24 47
24 48
24 49
24 50
24 50
24 51
24 52
24 53
23 54
23 55
23 56
23 57
23 58
23 58
23 59
23 60
23 61
22 62
22 63
22 64
22 65
22 65
22 66
22 67
22 68
21 69
21 70
21 71
21 72
21 73
21 73
21 74
21 75
20 76
20 77
20 78
20 79
20 79
20 80
19 81
19 82
19 83
18 84
18 85
18 85
18 86
18 87
17 88
17 89
17 90
17 90
17 91
16 92
16 93
16 94
16 94
16 95
15 96
15 97
15 97
14 98
14 99
14 99
13 100
12 100
12 100
11 100
11 100
10 99
10 99
9 98
9 97
8 96
8 96
8 95
7 94
7 93
7 93
7 92
6 91
6 90
6 89
6 89
6 88
6 87
6 86
6 85
6 85
6 84
6 83
7 82
7 81
7 80
7 80
8 79
8 78
9 77
9 76
9 76
10 75
10 74
11 73
11 73
12 72
13 71
13 71
14 71
15 70
16 70
16 70
17 70
18 70
18 70
19 71
20 72
20 72
21 73
22 73
23 74
23 74
24 75
24 76
24 76
25 77
26 77
26 77
27 77
28 77
29 77
29 77
30 76
31 75
32 74
32 74
33 73
34 72
35 71
35 71
36 70
37 69
38 68
38 68
39 68
40 69
41 69
42 69
43 69
44 70
45 70
46 70
47 70
48 71
49 71
50 71
51 71
52 72
53 72
54 72
54 72
54 72
54 72
54 72
54 72
54 72
54 71
54 70
54 69
54 69
55 68
55 67
55 67
55 66
55 65
55 65
55 64
55 63
55 63
55 62
55 62
55 61
55 61
54 60
54 60
53 61
53 61
52 62
52 63
51 64
51 65
51 65
50 66
49 67
49 68
48 69
48 69
47 70
47 71
46 72
46 73
45 74
45 74
45 75
44 76
44 77
44 77
44 78
44 79
44 80
44 80
44 81
44 82
44 82
44 82
45 82
46 82
47 82
47 82
48 81
49 80
49 80
50 79
51 78
51 77
52 76
52 76
53 75
54 74
55 73
55 73
56 72
56 71
57 70
57 70
58 69
58 68
59 67
59 67
60 66
60 65
60 65
60 64
60 63
60 63
60 63
60 63
59 64
59 64
59 65
59 66
59 66
59 67
58 68
58 69
58 69
58 70
57 71
57 72
57 73
57 73
57 74
57 75
57 76
57 76
57 77
57 77
58 78
58 79
58 79
59 79
59 79
60 78
61 78
61 78
62 77
62 76
63 75
63 75
64 74
65 73
65 73
66 72
66 71
66 71
67 70
67 69
68 68
68 68
69 67
69 66
69 66
70 65
70 64
70 64
70 63
70 63
70 62
70 62
70 62
70 62
70 63
70 63
70 63
69 64
69 64
69 65
69 65
68 66
68 67
68 67
68 68
68 68
68 69
68 70
68 70
68 71
68 71
68 72
68 73
68 73
67 74
67 74
67 75
67 76
67 76
67 77
67 77
68 78
68 78
68 79
68 79
69 79
69 79
69 79
70 79
71 79
71 79
72 79
72 79
73 78
73 78
74 77
75 76
75 76
76 75
76 74
76 74
77 73
78 72
79 71
79 71
80 70
80 69
81 68
81 68
82 67
82 66
83 65
83 65
84 64
84 63
84 63
85 62
85 62
85 61
85 61
85 61
85 61
85 61
85 61
85 62
85 63
85 63
84 64
84 65
84 65
84 66
83 67
83 68
83 69
83 69
83 70
83 71
83 72
83 72
83 73
84 74
84 75
84 76
84 76
85 77
85 78
85 78
86 78
87 78
87 78
88 77
89 77
90 76
90 76
91 75
92 75
93 74
94 74
95 73
95 73
96 72
97 71
98 70
99 69
100 68
