3 54
3 54
2 55
2 56
1 57
1 57
0 57
0 57
0 57
0 57
0 57
0 57
0 57
1 56
1 56
2 55
2 54
3 53
3 53
4 52
5 51
5 50
6 49
7 48
7 48
8 47
8 46
9 45
10 44
11 43
11 42
12 41
12 41
13 40
13 39
14 38
15 37
16 36
16 35
17 34
17 34
18 33
19 32
19 31
20 30
21 29
22 28
22 27
23 26
23 26
24 25
24 24
25 23
26 22
27 21
27 20
28 19
28 19
29 18
30 17
31 16
31 15
32 14
33 13
33 13
34 12
34 11
35 10
35 9
36 8
36 8
36 7
37 6
37 5
37 5
37 4
37 3
37 3
36 2
36 2
35 1
35 0
35 0
34 0
34 0
33 1
32 2
32 2
31 3
30 4
30 4
29 5
28 6
28 7
27 8
27 8
27 9
26 10
26 11
26 12
25 13
25 14
25 14
25 15
24 16
24 17
24 18
24 19
23 20
23 21
23 21
23 22
22 23
22 24
22 25
22 26
21 27
21 28
21 28
21 29
21 30
21 31
20 32
20 33
20 34
20 35
20 36
20 36
20 37
20 38
20 39
19 40
19 41
19 42
19 43
19 44
19 44
19 45
19 46
19 47
18 48
18 49
18 50
18 51
18 52
18 52
18 53
18 54
18 55
17 56
17 57
17 58
17 59
17 59
17 60
17 61
17 62
16 63
16 64
16 65
16 66
16 67
16 67
16 68
15 69
15 70
15 71
15 72
14 73
14 74
14 74
14 75
14 76
14 77
13 78
13 79
13 80
13 81
13 81
13 82
12 83
12 84
12 85
11 86
11 87
11 87
11 88
11 89
10 90
10 91
10 92
10 92
10 93
9 94
9 95
9 96
9 96
8 97
8 98
7 99
7 99
6 100
6 100
5 100
5 100
4 99
4 99
4 98
3 97
3 96
3 95
3 95
3 94
3 93
2 92
2 91
2 90
2 90
2 89
2 88
2 87
2 86
2 85
2 84
2 84
2 83
2 82
3 81
3 80
3 79
3 79
4 78
4 77
5 76
5 76
6 75
6 74
7 73
7 73
8 73
9 72
10 72
10 72
11 72
11 72
12 72
13 72
13 72
14 73
15 73
15 73
16 74
17 74
17 74
18 75
18 76
18 76
19 77
19 77
20 78
21 78
21 78
22 78
23 78
23 78
24 79
24 79
25 79
26 78
27 78
28 77
29 77
30 77
31 76
32 76
33 76
34 75
35 75
36 74
37 74
38 74
39 73
40 73
41 72
42 72
43 72
44 71
45 71
46 71
47 70
48 70
49 69
50 69
50 69
50 69
50 69
50 69
50 69
50 68
50 67
50 66
50 66
51 65
51 65
51 64
51 64
51 63
51 63
51 62
51 61
51 61
51 60
51 60
51 59
51 59
50 59
50 59
49 59
49 59
48 60
48 60
47 61
47 62
46 63
46 63
45 64
45 65
44 66
44 67
44 67
43 68
43 69
42 70
42 71
41 72
41 72
40 73
40 74
40 74
39 75
39 76
39 76
39 77
39 78
39 78
40 79
40 79
41 79
42 79
42 79
43 79
44 79
44 79
45 78
46 77
47 76
47 76
48 75
49 74
50 73
50 73
51 72
51 71
52 70
52 69
52 69
53 68
53 67
54 66
54 66
54 65
55 64
55 63
55 63
56 62
56 61
56 61
56 61
56 61
56 62
56 62
55 63
55 63
55 64
55 65
55 65
55 66
54 67
54 68
54 69
54 69
54 70
54 71
54 72
54 72
54 73
54 74
54 74
54 75
54 76
54 76
55 77
55 77
56 77
56 77
57 77
57 77
58 76
59 76
59 76
60 75
61 75
61 75
62 74
62 73
62 73
63 72
64 72
64 72
65 71
65 70
65 70
66 69
66 69
66 68
66 68
67 67
67 67
67 67
67 67
67 67
67 67
67 67
67 67
67 67
67 67
67 67
67 67
67 67
67 67
67 67
67 67
67 67
67 67
67 68
67 68
66 69
66 69
66 70
66 71
66 72
66 72
65 73
65 74
65 74
65 75
64 76
64 77
64 77
64 78
64 79
64 79
64 80
64 80
64 81
64 82
64 82
65 83
65 83
66 83
67 83
67 83
68 82
68 82
69 82
70 81
71 81
71 81
72 80
73 79
73 79
74 78
75 77
75 77
76 76
77 75
77 75
78 74
79 73
79 73
80 72
80 71
80 71
81 70
81 70
81 69
81 69
81 69
81 69
81 69
80 70
80 71
80 71
79 72
79 73
79 73
79 74
79 75
79 76
79 76
79 77
79 78
79 79
79 79
79 80
79 81
79 82
79 82
79 83
80 84
80 85
80 85
81 85
82 85
82 85
83 84
84 84
84 84
85 83
86 83
87 82
88 82
88 82
89 81
90 80
91 79
92 79
93 78
94 77
94 77
95 76
96 76
97 75
98 74
99 74
100 73
