6 7
6 6
6 6
6 5
6 5
5 5
5 5
5 6
5 6
5 7
5 8
5 8
5 9
6 10
6 11
6 11
6 12
6 13
6 14
6 14
7 15
7 16
8 17
8 17
9 18
9 19
10 20
10 20
11 19
12 19
12 19
13 18
14 18
15 17
16 17
16 17
17 16
18 15
19 14
19 14
20 13
20 12
21 11
21 10
21 10
22 9
23 8
24 7
24 7
24 6
25 5
25 4
25 4
26 3
26 2
27 1
27 1
27 0
27 0
27 1
27 2
27 2
27 3
27 4
27 4
27 5
27 6
26 7
26 8
26 9
26 9
26 10
25 11
25 12
25 13
25 14
24 15
24 16
24 16
24 17
24 18
23 19
23 20
23 21
23 22
22 23
22 24
22 25
22 25
22 26
22 27
21 28
21 29
21 30
21 31
21 32
21 33
20 34
20 35
20 36
20 36
20 37
19 38
19 39
19 40
19 41
18 42
18 43
18 44
18 45
17 46
17 47
17 47
17 48
16 49
16 50
16 51
15 52
15 53
15 54
14 55
14 56
14 57
13 58
13 59
13 59
13 60
12 61
12 62
12 63
12 64
11 65
11 66
11 67
11 68
10 69
10 70
10 71
10 71
10 72
9 73
9 74
9 75
8 76
8 77
8 78
8 79
7 80
7 81
7 81
7 82
6 83
6 84
6 85
5 86
5 87
5 88
5 89
4 90
4 91
4 91
4 92
4 93
3 94
3 95
3 96
3 97
3 97
2 98
2 99
1 100
1 100
0 100
0 100
0 99
0 99
0 98
0 97
0 96
0 96
0 95
0 94
0 93
0 92
0 92
0 91
0 90
0 89
0 88
0 87
0 87
0 86
1 85
1 84
1 83
1 83
1 82
1 81
2 80
2 79
2 78
2 78
3 77
3 76
4 75
4 74
4 74
5 73
5 72
6 71
6 70
6 70
7 69
7 68
8 67
8 66
8 66
8 65
9 64
9 63
9 63
10 62
11 62
11 62
12 62
13 62
13 62
14 63
15 63
15 63
16 64
17 65
17 65
18 65
19 66
20 66
20 66
21 66
22 66
22 66
23 66
24 65
25 65
25 65
26 65
27 64
28 64
29 64
30 63
31 63
32 62
33 62
34 62
35 61
36 61
37 61
38 60
39 60
40 59
41 59
42 59
43 58
44 58
44 58
44 58
45 58
45 58
45 58
45 57
45 56
45 55
45 55
45 54
45 53
45 52
45 52
45 51
45 50
45 49
45 48
45 48
45 47
45 46
45 45
45 44
45 44
46 43
46 42
46 42
46 41
46 40
46 40
45 39
45 39
45 39
44 40
44 41
44 41
44 42
43 43
43 44
43 44
42 45
42 46
41 47
41 48
41 48
41 49
41 50
40 51
40 52
40 53
40 54
40 54
40 55
40 56
39 57
39 58
39 59
39 59
39 60
39 61
38 62
38 63
38 64
38 64
38 65
38 66
38 67
38 68
38 68
38 69
38 70
38 70
39 71
39 71
40 71
40 71
41 70
42 69
42 69
42 68
43 67
43 66
43 66
44 65
45 64
45 63
46 62
46 62
46 61
47 60
47 59
47 59
47 58
48 57
48 56
48 56
49 55
49 54
49 54
49 54
48 55
48 56
48 56
48 57
48 58
48 59
48 60
48 60
48 61
48 62
48 63
48 64
48 64
48 65
47 66
47 67
47 68
47 68
47 69
47 70
47 71
47 72
47 72
48 73
48 74
48 74
49 74
49 74
50 74
51 74
51 74
52 73
53 72
53 72
54 71
55 70
56 69
56 69
57 68
58 67
58 66
59 65
59 65
60 64
60 63
61 62
61 61
61 61
62 60
62 59
63 58
63 57
63 57
63 56
64 55
64 54
64 53
64 53
65 52
65 51
66 50
66 49
66 49
66 48
66 47
66 47
67 47
67 47
67 48
67 49
67 49
67 50
67 51
67 52
67 52
67 53
66 54
66 55
66 56
66 56
66 57
66 58
66 59
66 60
66 61
66 61
66 62
65 63
65 64
65 64
65 65
65 66
65 67
65 67
65 68
65 68
66 68
66 68
67 67
67 66
67 66
68 65
68 64
69 63
69 63
70 62
70 61
71 60
71 59
71 59
72 58
72 57
73 56
73 55
73 55
74 54
74 53
75 52
75 51
75 51
76 50
76 49
76 49
76 48
76 48
76 49
76 49
76 50
76 51
76 51
76 52
76 53
76 54
76 54
76 55
75 56
75 57
75 57
75 58
76 59
76 60
76 60
76 61
76 62
76 62
77 63
77 64
78 65
78 65
79 66
79 67
80 68
80 68
81 69
81 70
82 71
82 71
83 72
84 72
85 73
85 73
86 73
87 73
88 73
89 73
89 73
90 72
91 71
92 71
93 70
94 69
94 69
95 68
96 67
97 66
97 65
98 64
99 63
100 62
