3 54
2 53
1 53
1 53
1 53
1 53
1 53
1 53
1 53
0 53
0 53
1 52
1 51
1 51
2 50
3 49
4 48
4 48
5 47
6 46
7 45
8 44
8 44
9 43
10 42
10 41
11 40
12 39
12 39
13 38
14 37
15 36
16 35
17 34
17 34
18 33
18 32
19 31
20 30
21 29
21 28
22 27
22 27
23 26
24 25
25 24
25 23
26 22
27 21
27 21
28 20
28 19
29 18
30 17
30 16
31 15
31 15
32 14
33 13
34 12
35 11
35 11
36 10
36 9
37 8
37 7
37 7
37 6
38 5
38 4
38 4
38 3
38 2
38 2
37 1
37 1
36 1
36 1
35 1
35 1
34 2
33 3
33 3
32 4
31 5
31 6
30 7
30 7
29 8
29 9
28 10
28 11
28 11
27 12
27 13
26 14
26 15
25 16
25 17
25 17
25 18
25 19
24 20
24 21
24 22
24 23
24 23
24 24
24 25
23 26
23 27
23 28
23 29
23 29
23 30
23 31
22 32
22 33
22 34
22 35
22 35
22 36
22 37
22 38
22 39
22 40
22 41
22 42
22 42
22 43
22 44
22 45
22 46
22 47
22 48
22 48
22 49
22 50
21 51
21 52
21 53
21 54
21 54
21 55
21 56
21 57
20 58
20 59
20 60
20 61
20 61
20 62
20 63
20 64
19 65
19 66
19 67
19 68
19 68
19 69
18 70
18 71
18 72
17 73
17 74
17 74
17 75
16 76
16 77
16 78
16 79
15 80
15 81
15 81
14 82
14 83
13 84
13 85
12 86
12 87
12 87
12 88
11 89
11 90
10 91
10 92
10 92
9 93
9 94
8 95
8 96
7 97
7 97
6 98
5 99
5 99
4 100
3 100
3 100
2 99
1 99
1 99
0 98
0 97
0 97
0 96
0 95
0 94
0 93
0 93
0 92
0 91
0 90
0 89
0 89
0 88
1 87
1 86
1 86
2 85
2 84
3 83
3 83
4 83
5 82
6 82
6 82
7 82
8 82
8 82
9 82
10 83
11 83
11 83
12 83
13 83
14 83
14 83
15 84
16 84
16 84
17 84
18 85
19 85
19 85
20 86
21 87
21 87
22 87
23 86
24 86
25 86
26 86
27 85
28 85
29 85
30 84
31 84
32 84
33 83
34 83
35 83
36 83
37 82
38 82
39 82
40 81
41 81
42 81
43 81
44 80
45 80
46 80
47 79
48 79
49 79
50 78
51 78
52 78
53 78
54 77
55 77
55 77
55 77
55 77
55 77
55 77
55 76
55 75
55 74
55 73
55 73
55 72
55 72
54 71
54 70
54 70
53 69
53 69
53 69
52 69
51 69
51 69
50 70
49 71
49 71
48 72
48 73
47 74
47 74
46 75
46 76
45 77
45 78
45 78
44 79
43 80
43 81
42 82
42 82
42 83
41 84
41 85
41 85
41 86
41 87
41 88
41 88
41 89
41 89
42 90
42 90
43 90
44 90
44 90
45 89
46 89
47 88
47 88
48 87
49 86
50 85
50 85
51 84
52 83
53 82
53 82
54 81
54 80
55 79
55 79
56 78
57 77
57 77
57 76
57 75
57 74
57 74
57 73
57 73
57 73
57 73
57 73
56 74
56 75
56 75
56 76
56 77
56 77
56 78
56 79
56 80
56 80
56 81
56 82
56 82
56 83
56 84
56 84
57 85
57 85
58 85
59 85
59 85
60 85
60 85
61 84
62 84
62 84
63 83
64 83
64 83
65 82
66 82
66 82
67 81
68 80
68 80
69 79
69 79
70 78
70 77
70 77
71 76
71 76
72 75
72 75
72 74
72 74
72 74
72 74
72 74
72 74
71 75
71 75
71 76
71 76
71 77
70 78
70 79
70 79
70 80
70 81
70 81
70 82
70 83
70 84
70 84
70 85
70 86
70 86
70 87
70 88
70 88
70 89
70 90
70 90
70 91
70 91
71 92
71 92
72 92
73 92
73 92
74 91
74 91
75 90
76 90
76 90
77 89
78 88
78 88
79 87
80 86
81 85
81 85
82 84
83 83
83 83
83 82
84 81
84 80
84 80
85 79
85 79
86 78
86 78
86 77
86 77
86 77
86 77
86 78
86 79
86 79
85 80
85 81
85 81
85 82
85 83
85 84
85 85
85 85
86 86
86 87
86 87
87 88
88 89
88 89
89 89
90 89
90 89
91 88
92 87
93 87
94 86
94 86
95 85
96 84
97 83
98 83
99 82
100 81
