7 10
7 9
7 9
7 8
7 8
7 7
7 7
6 7
6 7
6 7
6 8
6 8
6 8
5 9
5 10
5 10
4 11
4 11
4 12
4 13
4 13
3 14
3 14
3 15
3 16
3 16
3 17
2 18
2 19
2 19
2 20
2 21
2 21
1 22
1 23
1 23
1 24
1 25
1 25
2 26
2 27
2 27
3 28
3 28
3 29
3 29
4 30
5 30
5 30
6 31
6 31
7 32
8 32
8 32
9 32
10 32
10 32
11 31
12 31
12 31
13 31
14 31
15 31
15 31
16 30
17 29
17 29
18 28
19 28
20 27
20 27
21 26
22 26
23 25
23 25
24 24
25 23
25 23
26 22
27 21
27 21
28 20
29 19
29 19
30 18
30 17
30 17
31 16
31 15
32 14
32 14
32 13
33 12
33 11
33 11
33 10
34 9
34 8
34 8
34 7
34 6
34 5
34 5
34 4
34 3
34 3
33 2
33 2
32 1
32 1
31 0
31 0
30 0
30 0
29 1
29 1
28 1
28 1
28 2
28 3
28 3
27 4
27 4
27 5
27 6
27 7
27 7
27 8
27 9
27 10
27 10
27 11
26 12
26 13
26 13
26 14
25 15
25 16
25 17
25 17
25 18
25 19
25 20
25 20
25 21
25 22
24 23
24 24
24 25
24 25
24 26
24 27
24 28
24 29
24 29
24 30
23 31
23 32
23 33
23 33
23 34
23 35
23 36
23 37
23 38
23 38
23 39
23 40
23 41
23 42
23 43
23 43
23 44
23 45
22 46
22 47
22 48
22 49
22 49
22 50
22 51
21 52
21 53
21 54
21 55
21 55
21 56
21 57
20 58
20 59
20 60
20 61
20 61
20 62
20 63
19 64
19 65
19 66
19 67
19 67
19 68
19 69
19 70
19 71
19 72
19 72
19 73
19 74
18 75
18 76
18 77
18 77
18 78
17 79
17 80
17 80
17 81
16 82
16 83
16 84
16 84
15 85
15 86
14 87
14 87
14 88
13 89
13 90
13 91
13 91
12 92
11 93
10 94
10 94
9 95
9 96
8 97
8 97
7 98
6 99
6 99
5 100
4 100
4 100
3 100
3 100
2 100
2 100
1 99
1 99
0 98
0 97
0 97
0 96
0 95
0 94
0 94
0 93
0 92
0 91
0 90
0 89
0 89
0 88
0 87
0 86
0 85
0 85
0 84
0 83
0 82
0 81
0 81
0 80
1 79
1 78
1 78
1 77
1 76
1 75
1 75
2 74
2 74
3 73
3 73
3 72
3 72
4 72
4 72
4 72
5 73
5 73
6 74
6 74
6 75
6 76
6 76
7 77
7 77
8 78
8 78
9 79
10 80
10 80
11 81
11 81
11 82
11 82
12 83
12 83
13 84
13 84
13 85
13 86
13 86
14 87
14 87
15 88
15 89
15 89
16 90
16 91
16 91
17 92
17 92
18 92
18 92
19 93
19 93
20 94
21 94
21 94
22 94
22 94
23 95
23 95
24 95
25 95
25 95
26 95
26 95
27 95
28 95
28 95
29 94
30 94
30 94
31 94
31 94
32 93
33 93
33 93
34 93
35 93
35 93
36 92
36 92
37 91
37 91
38 90
38 90
39 89
40 89
40 89
41 88
41 88
42 87
42 86
42 86
43 85
44 85
44 85
45 84
45 84
46 83
46 83
46 82
46 82
47 81
47 81
48 81
48 81
48 80
48 79
48 79
49 78
49 78
49 77
49 76
49 76
49 77
48 78
48 79
47 80
47 81
47 81
48 80
48 80
48 79
48 79
49 78
49 78
49 77
49 77
50 76
50 76
50 75
50 75
50 74
50 74
51 73
51 73
50 72
50 72
50 72
50 71
50 71
49 71
49 71
48 71
48 71
47 71
46 71
46 71
45 72
45 72
44 73
44 74
44 74
43 75
43 76
43 76
42 77
42 78
42 78
42 79
42 80
42 80
42 81
42 82
42 83
42 83
42 84
42 85
42 86
42 86
42 87
42 88
42 88
42 89
42 90
42 90
43 91
43 92
43 92
44 92
44 92
45 93
45 93
46 92
46 92
47 91
47 91
48 90
48 90
49 89
50 88
50 88
51 87
51 86
51 86
51 85
52 84
52 83
52 83
53 82
53 81
53 81
54 80
54 79
54 79
55 78
55 77
55 77
56 76
56 75
56 75
56 74
56 73
56 73
56 72
56 72
56 71
56 71
55 71
55 71
55 71
55 71
55 71
55 72
55 72
55 73
55 74
55 74
55 75
55 76
55 76
54 77
54 78
54 78
54 79
54 80
54 80
55 81
55 82
55 82
55 83
55 84
55 84
55 85
55 86
55 87
55 87
56 88
56 89
56 89
57 90
57 91
57 91
58 92
58 92
59 93
59 94
59 94
60 95
60 95
61 95
61 95
62 95
63 95
63 95
64 94
64 94
65 93
65 93
66 92
66 91
66 91
67 90
68 89
68 89
68 88
69 87
69 86
69 86
70 85
70 84
71 83
71 83
72 82
72 81
72 81
72 80
72 79
72 78
72 78
73 77
73 76
73 76
73 75
73 75
73 74
73 73
73 73
73 72
73 72
73 72
73 72
73 71
73 71
72 71
72 71
72 71
72 71
72 72
72 72
72 73
72 73
72 74
72 74
72 75
72 75
71 76
71 77
71 77
71 78
71 78
70 79
70 80
70 80
70 81
70 81
70 82
70 83
70 83
70 84
70 84
70 85
70 85
70 86
70 87
70 87
71 88
71 88
71 89
71 89
72 90
72 90
72 91
72 91
73 91
73 91
74 91
74 91
75 90
75 90
76 89
77 89
77 89
78 88
78 88
79 87
79 87
80 86
80 85
80 85
81 84
82 84
82 84
83 83
83 82
83 82
84 81
84 81
84 80
84 79
84 79
85 78
85 77
85 77
85 76
85 75
85 75
86 74
86 73
86 73
86 72
86 71
86 71
86 70
86 70
86 70
86 70
86 69
86 69
86 69
86 69
85 70
85 70
85 71
85 71
85 72
85 73
85 73
84 74
84 75
84 75
84 76
84 76
84 77
84 78
84 78
83 79
83 80
83 80
83 81
83 82
83 82
83 83
83 84
83 84
83 85
83 86
83 86
83 87
83 88
83 88
83 89
83 90
83 90
83 91
83 92
83 92
83 93
83 94
83 94
84 95
84 95
85 96
85 97
85 97
86 98
86 98
87 98
87 98
88 99
89 99
89 99
90 98
91 98
91 98
92 98
93 97
94 97
94 97
95 96
96 96
97 95
97 95
98 94
99 94
