1 37
1 38
1 39
1 40
1 40
1 39
1 39
1 39
2 39
2 39
3 38
3 38
4 37
4 37
5 36
6 36
7 35
7 35
8 34
8 33
9 32
9 32
10 31
11 30
12 30
13 29
13 29
14 28
14 27
15 26
15 26
16 25
17 24
18 23
18 23
19 22
19 21
20 20
20 19
20 19
21 18
21 17
22 16
22 16
22 15
22 14
22 13
22 13
22 12
23 11
23 10
23 10
23 9
23 8
23 7
23 7
23 6
23 5
23 5
22 4
22 4
22 3
22 3
21 2
21 2
20 1
20 1
20 0
20 0
19 0
19 0
19 1
19 1
18 1
18 1
18 2
18 3
18 3
17 4
17 4
16 5
16 5
16 6
16 7
16 7
15 8
15 9
15 9
15 10
15 11
15 11
15 12
14 13
14 14
14 14
14 15
14 16
14 16
15 17
15 18
15 18
15 19
15 20
15 20
15 21
15 22
15 23
15 23
15 24
16 25
16 26
16 26
16 27
17 28
17 29
17 29
17 30
17 31
17 32
17 33
17 33
17 34
18 35
18 36
18 36
18 37
18 38
18 39
18 40
18 40
18 41
18 42
18 43
18 44
18 45
18 45
18 46
18 47
18 48
18 49
18 50
18 50
18 51
18 52
18 53
18 54
18 54
18 55
18 56
17 57
17 58
17 59
17 59
17 60
17 61
17 62
17 63
17 64
17 64
17 65
17 66
16 67
16 68
16 69
16 69
16 70
16 71
16 72
16 73
16 74
16 74
16 75
15 76
15 77
15 78
15 78
15 79
15 80
15 81
15 82
15 82
15 83
14 84
14 85
14 86
14 86
14 87
13 88
13 89
13 89
12 90
12 91
11 92
11 92
10 93
10 94
9 95
9 95
8 96
7 97
7 97
6 98
5 99
5 99
4 100
3 100
3 100
2 100
2 100
1 99
1 99
0 98
0 97
0 97
0 96
0 95
0 94
0 94
0 93
0 92
0 92
0 91
0 90
0 89
0 89
0 88
0 87
0 87
1 86
1 86
2 85
2 85
3 85
3 85
4 85
4 85
5 86
5 86
6 86
7 86
7 86
8 87
8 87
9 88
9 89
9 89
10 90
10 90
11 91
11 92
11 92
11 93
11 94
11 94
12 95
12 95
13 96
13 97
13 97
14 98
15 98
15 98
16 98
17 98
17 98
18 98
19 99
20 99
20 99
21 99
22 99
23 99
23 99
24 99
25 99
26 99
26 99
27 99
28 99
28 99
29 99
30 98
31 98
32 98
32 98
33 98
34 98
35 98
35 98
36 97
37 97
38 96
38 96
39 96
40 95
41 95
41 95
42 94
42 93
43 92
43 91
44 90
45 89
45 88
46 87
46 86
47 85
47 85
46 86
46 87
46 87
46 87
46 87
46 87
47 87
47 87
48 86
48 86
49 85
49 85
50 84
51 84
51 84
52 83
52 83
53 82
54 82
54 82
54 81
55 80
55 79
55 79
56 78
56 78
56 77
56 77
55 77
55 77
54 76
54 76
53 77
53 77
52 77
51 77
51 77
50 78
49 79
49 79
48 80
48 81
48 81
47 82
46 83
46 83
46 84
45 85
45 86
45 86
45 87
44 88
44 89
44 89
44 90
44 91
44 92
44 93
44 93
44 94
44 95
44 95
44 96
44 96
45 97
45 97
46 97
47 97
47 97
48 96
49 96
49 96
50 96
51 95
52 95
52 95
53 94
54 93
55 92
55 92
56 91
57 90
57 90
58 89
58 88
59 87
59 87
60 86
60 85
60 85
60 84
60 83
60 83
61 82
61 81
61 81
61 80
61 79
61 79
61 78
61 78
61 78
61 78
61 78
61 78
61 78
61 78
61 78
62 78
62 78
62 78
62 78
62 78
62 78
62 78
62 78
62 78
62 78
62 78
62 78
62 78
62 78
62 78
62 78
62 78
62 78
62 79
62 79
62 79
61 80
61 80
61 81
61 81
61 82
61 83
61 83
60 84
60 85
60 85
60 86
60 87
60 88
60 88
60 89
60 90
60 90
60 91
60 91
61 92
61 92
61 93
61 93
62 94
62 94
63 95
63 95
64 95
64 95
65 94
66 94
66 94
67 93
67 93
68 92
69 91
69 91
70 90
71 89
71 89
72 88
73 87
73 87
74 86
74 85
74 85
75 84
76 83
76 83
76 82
76 82
77 81
77 80
77 80
77 79
77 79
77 78
77 78
76 78
76 78
76 77
76 77
76 77
76 76
76 76
76 76
76 76
76 76
76 76
76 76
76 76
76 77
76 77
75 78
75 79
75 79
75 80
75 81
75 81
75 82
75 82
75 83
75 84
75 84
74 85
74 86
74 86
74 87
74 88
74 88
75 89
75 90
75 90
75 91
75 91
76 92
76 92
77 92
77 92
78 92
79 92
79 92
80 91
80 91
81 90
82 89
82 89
83 88
84 87
84 87
85 86
86 85
86 85
87 84
88 83
88 83
89 82
89 82
90 81
90 80
90 80
90 79
90 78
90 78
91 78
91 78
91 77
91 77
91 77
90 77
90 77
90 77
89 78
89 78
88 79
88 79
88 80
88 81
88 81
87 82
87 83
87 83
87 84
87 85
87 86
87 86
87 87
87 88
87 88
88 89
88 90
88 90
89 91
89 92
89 92
90 92
91 92
91 92
92 92
93 93
94 93
94 93
95 92
96 92
96 92
97 92
98 91
99 91
100 91
