2 48
1 49
1 50
1 50
1 50
0 51
0 51
0 51
0 51
0 51
0 51
0 51
1 50
1 50
2 49
3 48
3 48
4 47
5 46
5 45
6 44
7 43
7 43
8 42
9 41
9 40
10 39
11 38
11 38
12 37
13 36
14 35
15 34
16 33
16 33
17 32
17 31
18 30
19 29
19 28
20 27
20 27
21 26
21 25
22 24
23 23
23 22
24 21
24 21
25 20
26 19
26 18
27 17
28 16
28 16
29 15
30 14
30 13
31 12
31 12
32 11
32 10
33 9
33 8
33 8
34 7
34 6
35 5
35 5
35 4
35 3
35 3
34 2
34 1
34 1
33 0
33 0
32 1
32 1
31 2
30 3
30 3
29 4
29 5
28 6
28 7
28 7
28 8
27 9
27 10
27 11
26 12
26 13
26 13
26 14
26 15
25 16
25 17
25 18
25 19
25 19
25 20
25 21
25 22
24 23
24 24
24 25
24 26
24 27
24 27
24 28
24 29
24 30
23 31
23 32
23 33
23 34
23 34
23 35
23 36
23 37
22 38
22 39
22 40
22 41
22 41
22 42
22 43
22 44
21 45
21 46
21 47
21 48
21 49
21 49
21 50
21 51
21 52
20 53
20 54
20 55
20 56
20 57
20 57
20 58
20 59
20 60
19 61
19 62
19 63
19 64
19 65
19 65
19 66
18 67
18 68
18 69
18 70
17 71
17 72
17 73
17 73
17 74
16 75
16 76
16 77
16 78
15 79
15 80
15 80
15 81
14 82
14 83
14 84
14 85
13 86
13 87
13 87
13 88
12 89
12 90
11 91
11 92
11 92
11 93
10 94
10 95
9 96
9 97
9 97
8 98
7 99
7 99
6 100
5 100
5 100
4 99
4 99
3 98
3 97
2 96
2 96
2 95
2 94
2 93
2 92
2 91
2 91
2 90
2 89
2 88
2 87
2 86
2 86
2 85
3 84
3 83
3 82
3 82
3 81
4 80
4 79
5 78
5 77
5 77
5 76
6 75
6 74
6 74
7 73
8 73
9 72
9 72
10 72
11 72
12 72
12 72
13 73
14 73
15 74
15 74
16 74
17 75
18 75
18 75
19 76
20 76
21 77
21 77
22 77
23 78
24 78
24 78
25 79
26 79
26 79
27 79
28 79
29 78
30 78
31 78
32 78
33 78
34 77
35 77
36 77
37 77
38 77
39 76
40 76
41 76
41 76
42 75
43 74
44 73
45 73
46 72
47 71
47 71
48 70
49 70
50 69
50 69
51 68
51 67
51 67
52 66
52 66
52 65
52 64
52 64
51 63
51 63
50 63
50 63
49 63
49 63
48 64
47 64
47 64
46 65
45 66
45 66
44 67
44 68
43 69
43 69
42 70
42 71
41 72
41 73
41 73
41 74
41 75
40 76
40 77
40 78
40 78
39 79
39 80
39 80
39 81
39 82
39 82
39 83
39 83
40 83
40 83
41 83
42 83
42 83
43 82
44 81
45 80
45 80
46 79
47 78
48 77
48 77
49 76
49 75
50 74
50 73
51 72
51 72
51 71
52 70
52 69
52 69
53 68
53 67
54 66
54 66
55 65
55 64
55 64
55 63
55 63
55 63
54 63
54 63
54 64
54 64
54 65
54 66
54 67
54 67
54 68
53 69
53 70
53 70
53 71
53 72
53 73
53 73
53 74
54 75
54 76
54 76
55 77
55 77
56 78
56 78
57 78
58 78
58 78
59 77
60 77
60 77
61 76
61 76
62 75
63 74
63 74
63 73
64 72
64 71
64 71
65 70
66 69
66 69
67 68
67 67
67 67
68 66
68 65
68 65
69 64
69 63
69 63
69 62
69 62
69 61
69 61
69 61
69 60
69 60
69 60
69 60
69 60
69 60
69 60
69 60
69 60
69 60
69 60
68 61
68 61
68 62
68 62
68 62
68 63
68 63
67 64
67 64
67 65
67 66
67 66
67 67
67 67
67 68
67 68
66 69
66 69
66 70
66 71
66 71
66 72
66 73
66 73
66 74
66 74
66 75
66 76
66 76
66 77
66 77
66 78
66 78
67 79
67 79
67 80
67 80
67 81
67 81
68 81
68 81
69 82
69 82
70 82
70 82
71 82
71 82
72 81
72 81
73 80
74 80
74 80
75 79
75 78
75 78
76 77
76 76
77 75
77 75
78 74
79 74
80 73
80 73
81 72
81 71
82 70
82 70
83 69
83 68
83 68
84 67
84 66
84 66
85 65
85 65
85 65
85 64
85 64
85 64
85 64
85 64
84 65
84 65
84 66
84 67
84 67
84 68
84 69
83 70
83 71
83 72
83 72
83 73
83 74
83 75
83 76
83 76
83 77
83 78
84 79
84 80
84 81
84 81
84 82
85 83
85 84
85 84
86 85
86 85
87 85
88 86
89 86
89 86
90 85
91 84
92 84
93 83
93 83
94 82
95 82
96 81
97 81
98 80
99 80
100 79
