8 49
7 50
7 50
6 49
6 49
6 49
6 50
6 50
6 50
7 49
7 49
8 48
9 48
9 48
10 47
10 46
11 45
11 45
12 44
12 43
13 42
13 41
14 40
14 40
15 39
16 38
16 37
17 36
18 35
18 35
18 34
19 33
19 32
20 31
20 30
20 29
21 28
21 27
21 27
21 26
22 25
22 24
23 23
23 22
24 21
24 20
24 20
24 19
25 18
25 17
25 16
26 15
26 14
26 14
26 13
27 12
27 11
28 10
28 9
28 9
28 8
28 7
28 6
28 6
28 5
28 4
28 3
28 3
28 2
28 1
28 1
27 1
27 1
26 1
26 1
25 2
25 3
25 3
25 4
24 5
24 6
23 7
23 8
23 8
23 9
22 10
22 11
22 12
21 13
21 14
21 14
21 15
21 16
20 17
20 18
20 19
20 20
20 20
20 21
20 22
20 23
20 24
20 25
20 26
20 26
20 27
20 28
20 29
20 30
20 31
20 32
20 32
20 33
20 34
21 35
21 36
21 37
21 37
21 38
21 39
22 40
22 41
22 42
22 43
22 43
22 44
22 45
22 46
22 47
22 48
22 49
22 49
22 50
22 51
21 52
21 53
21 54
21 55
21 55
21 56
21 57
21 58
20 59
20 60
20 61
20 62
20 62
20 63
19 64
19 65
19 66
19 67
18 68
18 69
18 69
18 70
17 71
17 72
17 73
17 74
16 75
16 76
16 77
16 77
16 78
15 79
15 80
14 81
14 82
14 83
13 84
13 85
13 85
12 86
12 87
11 88
11 89
10 90
10 91
10 91
9 92
9 93
8 94
8 95
7 96
7 96
6 97
6 98
5 99
5 99
4 100
3 100
3 100
2 99
2 99
1 98
1 98
0 97
0 97
0 96
0 96
0 95
0 94
0 94
1 93
1 92
1 92
2 91
3 90
3 90
4 89
5 89
5 89
6 89
7 88
8 88
8 88
9 88
10 88
11 88
11 88
12 89
13 89
14 90
14 90
15 91
15 92
16 93
16 93
17 94
18 95
19 96
19 96
20 97
20 98
20 98
21 99
21 99
22 99
22 99
23 98
24 98
24 98
24 97
25 96
25 95
25 95
26 94
26 93
27 92
27 92
27 91
28 90
28 89
28 88
29 87
29 86
29 86
30 85
30 84
31 83
31 82
32 81
32 80
32 80
32 79
33 78
33 77
33 76
33 75
34 74
34 73
34 73
34 72
35 71
35 70
36 69
36 68
36 68
37 67
37 66
37 66
38 66
39 66
40 66
41 66
42 66
43 66
44 66
45 66
46 66
46 66
46 67
47 68
47 69
48 70
48 71
48 71
47 71
47 71
48 72
48 73
48 73
48 74
49 75
49 76
49 77
50 78
50 79
51 80
51 81
51 82
52 83
52 84
52 84
53 85
53 85
53 85
54 84
54 84
54 83
54 82
54 82
54 81
54 80
54 79
54 78
54 78
54 77
54 76
54 75
54 74
54 74
53 73
53 72
53 72
53 71
53 70
53 70
52 70
52 70
51 71
50 71
50 71
50 72
49 73
49 74
49 74
48 75
48 76
47 77
47 78
47 78
47 79
46 80
46 81
45 82
45 83
45 83
45 84
45 85
44 86
44 87
44 88
44 88
44 89
44 90
43 91
43 92
43 93
43 94
43 94
43 95
43 96
43 97
43 97
44 98
44 99
44 99
45 100
45 100
46 99
47 99
47 99
48 98
48 97
49 96
49 96
50 95
50 94
51 93
51 92
51 92
52 91
52 90
53 89
53 88
54 87
54 86
54 86
54 85
55 84
55 83
55 82
56 81
56 80
56 80
56 79
56 78
57 77
57 76
57 75
57 74
57 74
57 73
58 72
58 71
58 71
58 70
58 69
58 69
57 69
57 69
57 70
56 71
56 72
56 72
56 73
55 74
55 75
55 76
55 76
55 77
55 78
54 79
54 80
54 81
54 81
54 82
54 83
53 84
53 85
53 86
53 86
53 87
53 88
53 89
53 90
53 90
54 89
55 88
55 87
56 86
57 85
58 84
59 83
59 82
60 81
61 80
62 79
63 78
64 77
64 76
65 75
66 74
67 73
68 72
68 71
69 70
70 69
70 69
70 70
70 71
70 72
70 73
70 73
69 74
69 75
69 75
69 76
69 77
69 78
69 79
69 79
69 80
69 81
69 82
69 83
69 84
69 84
69 85
69 86
69 87
69 88
69 89
69 89
69 90
70 91
70 92
70 92
70 93
70 93
71 93
72 93
72 93
72 92
73 91
73 90
73 90
74 89
75 88
75 87
76 86
76 86
77 85
77 84
78 83
78 82
79 81
79 80
79 80
79 79
80 78
80 77
81 76
81 75
82 74
82 73
82 73
82 72
83 71
83 70
83 69
83 68
84 67
84 66
84 66
85 65
85 64
86 63
86 62
87 61
87 60
87 60
87 59
88 58
88 57
88 57
88 57
88 58
87 59
87 60
87 60
87 61
86 62
86 63
85 64
85 65
85 65
85 66
84 67
84 68
84 69
84 70
83 71
83 72
83 72
83 73
83 74
82 75
82 76
82 77
82 78
82 78
82 79
82 80
83 81
83 82
83 83
83 83
83 84
84 85
84 86
84 87
84 87
85 88
86 89
87 90
87 90
88 90
89 91
90 91
90 91
91 91
92 90
93 90
93 90
94 89
95 89
96 88
96 88
97 87
98 86
99 85
100 84
