8 51
8 52
9 53
9 54
9 54
8 55
8 56
8 56
8 57
8 57
9 58
9 59
9 59
9 60
9 60
10 60
10 60
11 59
12 58
12 58
13 57
13 56
14 55
14 54
14 54
15 53
15 52
16 51
16 50
17 49
17 49
17 48
18 47
18 46
19 45
19 44
19 43
20 42
20 41
20 41
20 40
21 39
21 38
21 37
22 36
22 35
22 34
23 33
23 32
23 32
23 31
24 30
24 29
25 28
25 27
26 26
26 25
27 24
27 23
27 23
27 22
28 21
28 20
28 19
28 18
29 17
29 16
29 16
29 15
30 14
30 13
30 12
31 11
31 10
31 10
31 9
31 8
32 7
32 6
32 5
32 5
32 4
33 3
33 2
33 2
32 1
32 0
32 0
32 1
32 1
32 2
31 3
31 4
30 5
30 6
30 6
30 7
29 8
29 9
29 10
29 11
28 12
28 13
28 13
28 14
27 15
27 16
27 17
26 18
26 19
26 20
25 21
25 22
25 22
25 23
24 24
24 25
24 26
24 27
23 28
23 29
23 30
23 31
22 32
22 33
22 34
22 34
22 35
22 36
21 37
21 38
21 39
21 40
21 41
20 42
20 43
20 44
20 45
20 46
19 47
19 48
19 49
19 49
19 50
19 51
18 52
18 53
18 54
18 55
18 56
17 57
17 58
17 59
17 60
17 61
16 62
16 63
16 64
16 64
16 65
16 66
15 67
15 68
15 69
15 70
14 71
14 72
14 73
14 74
13 75
13 76
13 77
13 77
13 78
12 79
12 80
12 81
11 82
11 83
11 84
10 85
10 86
10 87
9 88
9 89
9 89
9 90
8 91
8 92
8 93
8 94
7 95
7 96
7 97
7 97
6 98
6 99
5 100
5 100
4 100
4 100
3 100
3 100
2 99
2 98
2 98
1 97
1 96
0 95
0 95
0 94
0 93
0 92
0 91
0 91
0 90
0 89
0 88
0 87
0 86
0 85
0 85
0 84
0 83
0 82
1 81
1 80
1 79
1 78
1 78
1 77
2 76
2 75
2 74
2 73
3 72
3 71
3 71
3 70
4 69
4 68
4 67
5 66
5 65
5 65
6 64
7 63
7 62
8 61
8 61
9 60
10 59
11 59
12 58
12 58
13 58
14 59
15 59
15 59
16 60
17 60
18 61
18 61
19 62
20 63
20 64
21 65
21 65
22 66
22 67
23 68
23 69
23 69
24 70
25 71
26 72
26 72
27 73
27 74
28 75
28 75
29 75
30 76
31 76
31 76
32 75
33 75
33 75
34 74
35 74
36 73
37 73
38 72
39 72
40 71
41 71
42 70
43 70
44 69
45 69
45 69
46 70
46 70
46 70
46 69
46 69
46 68
46 68
46 67
46 66
46 66
46 65
47 64
47 63
47 62
47 62
47 61
47 60
47 59
47 59
47 58
48 57
48 56
48 55
48 55
48 54
48 53
48 52
48 52
47 51
47 50
47 50
46 49
46 48
46 48
45 48
45 48
44 48
44 48
43 49
42 49
42 49
42 50
41 51
41 52
41 53
41 53
41 54
40 55
40 56
39 57
39 58
39 58
39 59
38 60
38 61
38 62
37 63
37 64
37 64
37 65
37 66
37 67
36 68
36 69
36 70
36 71
36 72
36 72
36 73
36 74
36 75
35 76
35 77
35 78
35 79
35 79
35 80
35 81
35 82
35 83
35 84
35 85
35 85
35 86
35 87
36 88
36 89
36 90
36 91
36 91
37 92
37 92
38 92
39 92
39 92
40 91
41 91
42 90
42 90
42 89
43 88
43 87
44 86
44 85
44 85
45 84
45 83
46 82
46 81
47 80
47 79
47 79
47 78
48 77
48 76
48 75
48 74
49 73
49 72
49 71
49 71
49 70
50 69
50 68
51 67
51 66
51 66
52 65
52 64
52 64
52 63
52 63
52 63
52 64
52 65
52 66
52 66
52 67
52 68
51 69
51 70
51 71
51 71
51 72
51 73
51 74
51 75
51 75
51 76
52 77
52 78
52 79
52 79
53 80
53 81
53 81
54 82
55 83
55 83
56 82
57 81
57 81
58 80
58 79
59 78
59 77
60 76
60 75
61 74
62 73
62 72
63 71
63 70
64 69
64 68
65 67
66 66
66 65
67 64
67 63
68 62
68 61
69 60
70 59
70 58
71 57
71 56
72 55
72 54
73 53
74 52
74 51
75 50
75 49
76 48
76 47
77 46
78 45
78 44
79 43
79 42
80 41
80 40
81 39
81 39
81 40
80 41
80 42
80 43
79 44
79 45
79 45
78 46
78 46
77 47
77 48
76 49
76 50
76 50
76 51
75 52
75 53
75 54
74 55
74 56
74 56
74 57
74 58
74 59
73 60
73 61
73 62
73 63
73 64
73 64
73 65
73 66
72 67
72 68
72 69
72 70
72 70
72 71
72 72
72 73
72 74
72 74
72 75
72 76
72 77
72 78
72 78
73 79
73 79
74 79
74 79
75 78
76 78
76 78
77 77
78 76
78 75
79 74
79 74
80 73
81 72
81 71
82 70
82 70
82 69
83 68
83 67
84 66
84 65
84 65
84 64
85 63
85 62
85 62
86 62
86 62
87 63
87 63
87 64
87 65
87 66
87 66
87 67
86 68
86 69
86 70
86 70
86 71
86 72
86 73
86 74
86 75
86 75
86 76
86 77
86 78
86 79
86 79
86 80
87 81
87 82
87 82
88 82
89 83
90 83
90 83
91 82
92 81
93 81
94 80
94 80
95 79
95 78
96 77
97 76
97 75
98 74
99 73
99 72
100 71
