12 56
11 56
11 56
10 55
10 55
10 55
10 55
10 55
10 55
10 54
10 54
11 53
11 53
11 52
12 51
12 50
12 49
12 49
13 48
13 47
14 46
14 45
14 45
14 44
15 43
15 42
16 41
16 40
16 40
17 39
17 38
18 37
18 36
19 35
19 34
19 34
19 33
20 32
20 31
21 30
21 29
21 29
21 28
22 27
22 26
22 25
23 24
23 23
23 23
23 22
24 21
24 20
24 19
25 18
25 17
25 17
25 16
25 15
26 14
26 13
26 12
26 11
26 11
26 10
26 9
26 8
26 7
26 7
26 6
26 5
26 4
26 3
26 3
26 2
26 2
25 1
25 1
25 0
25 0
24 1
24 1
23 2
23 3
22 4
22 4
22 5
21 6
21 7
21 7
21 8
20 9
20 10
19 11
19 12
19 12
19 13
18 14
18 15
18 16
17 17
17 18
17 18
17 19
17 20
17 21
16 22
16 23
16 24
16 25
16 25
16 26
16 27
16 28
15 29
15 30
15 31
15 32
15 33
15 33
15 34
15 35
15 36
14 37
14 38
14 39
14 40
14 40
14 41
14 42
14 43
14 44
14 45
14 46
14 47
14 47
14 48
14 49
14 50
14 51
14 52
14 53
14 53
14 54
14 55
14 56
14 57
14 58
14 59
14 60
14 60
14 61
14 62
14 63
14 64
14 65
14 66
14 66
14 67
14 68
13 69
13 70
13 71
13 71
13 72
13 73
12 74
12 75
12 76
12 77
12 77
12 78
12 79
11 80
11 81
11 82
11 83
11 83
11 84
10 85
10 86
9 87
9 88
9 88
8 89
8 90
7 91
7 92
7 92
7 93
6 94
6 95
6 95
5 96
5 97
4 98
4 98
3 99
3 100
3 100
2 100
1 100
1 100
0 100
0 100
0 99
0 99
0 98
0 98
0 97
0 96
0 96
1 95
1 94
2 93
2 93
3 92
4 91
5 90
5 90
6 89
7 88
7 88
8 88
9 87
10 87
10 87
11 86
12 86
13 85
14 85
14 85
15 84
16 84
17 83
17 83
18 82
19 82
20 81
20 81
21 80
22 79
22 79
23 78
24 78
25 77
25 77
26 76
26 76
27 75
28 74
28 74
29 73
29 72
29 72
30 72
31 72
32 72
33 72
34 73
35 73
36 73
37 73
38 73
38 73
39 73
40 73
41 73
42 73
42 73
42 72
42 72
42 71
42 70
42 70
42 69
42 68
42 67
42 67
42 66
42 65
42 64
42 64
42 63
41 62
41 61
41 60
41 60
41 59
41 58
41 57
41 56
41 56
41 55
40 54
40 53
40 52
40 52
39 51
39 51
38 51
38 51
37 52
36 53
36 53
36 54
35 55
35 56
35 56
34 57
34 58
33 59
33 60
33 60
33 61
32 62
32 63
32 64
32 64
32 65
31 66
31 67
31 68
31 68
31 69
30 70
30 71
30 71
30 72
30 73
30 74
30 74
31 75
31 76
31 76
32 77
32 77
33 77
33 77
34 77
35 77
35 77
36 76
36 75
37 74
37 74
38 73
38 72
39 71
39 71
40 70
40 69
41 68
41 67
41 67
41 66
42 65
42 64
42 64
43 63
43 62
43 62
43 62
42 63
42 63
42 64
42 65
42 65
42 66
41 67
41 68
40 69
40 70
40 70
40 71
39 72
39 73
39 74
39 74
39 75
38 76
38 77
37 78
37 79
37 79
37 80
37 81
37 82
37 83
37 83
37 84
37 85
37 86
37 86
38 87
38 87
39 87
39 87
40 87
41 87
41 87
42 86
42 85
42 85
43 84
43 83
44 82
44 81
44 81
45 80
45 79
46 78
46 77
46 77
47 76
47 75
48 74
48 73
48 73
49 72
49 71
50 70
50 69
50 69
50 68
51 67
51 66
51 66
51 65
52 64
52 63
52 63
52 62
52 61
52 61
53 60
54 59
55 58
55 58
56 57
57 57
57 57
58 57
58 57
58 58
58 58
58 59
58 60
58 60
58 61
57 62
57 63
57 63
57 64
56 65
56 66
56 67
56 67
56 68
56 69
56 70
56 71
56 72
56 72
56 73
55 74
55 75
55 76
55 76
55 77
55 78
55 79
55 79
56 80
56 81
56 81
56 82
56 82
57 83
58 83
58 83
59 82
59 81
59 81
60 80
61 79
61 79
62 78
63 77
63 76
64 75
64 75
65 74
65 73
66 72
66 71
66 71
67 70
67 69
68 68
68 67
69 66
69 66
69 65
70 64
70 63
70 63
71 62
71 61
71 61
71 61
71 61
71 62
71 63
71 63
71 64
70 65
70 66
70 66
70 67
69 68
69 69
69 70
68 71
68 72
68 72
68 73
68 74
67 75
67 76
67 77
67 78
67 78
67 79
67 80
67 81
67 82
67 83
67 83
67 84
68 85
68 86
68 87
68 87
69 88
70 88
70 88
71 88
72 88
73 88
73 88
74 88
75 87
76 87
77 87
77 87
78 86
79 86
80 85
81 85
82 84
82 84
83 83
84 82
85 82
86 81
87 80
87 80
88 79
89 78
90 78
91 77
92 76
92 76
93 75
94 74
95 73
95 73
96 72
97 71
98 70
98 70
99 69
100 69
