12 13
11 14
11 14
10 15
10 16
10 16
10 17
10 17
10 17
10 18
10 18
11 18
11 18
12 18
13 18
13 18
14 18
15 18
15 18
16 18
17 17
18 17
18 17
19 17
20 17
20 17
21 16
22 16
22 16
23 16
24 15
25 15
25 15
26 14
27 13
27 13
27 12
28 11
28 10
28 10
28 9
29 8
29 7
29 7
29 6
29 5
29 4
29 4
29 3
29 2
29 1
29 1
29 0
29 0
28 1
28 1
27 2
27 2
26 3
25 4
25 4
25 5
25 6
24 7
24 8
24 9
24 9
24 10
23 11
23 12
23 13
22 14
22 15
22 15
22 16
22 17
21 18
21 19
21 20
21 21
20 22
20 23
20 24
20 24
20 25
20 26
19 27
19 28
19 29
19 30
19 31
18 32
18 33
18 34
18 34
18 35
18 36
17 37
17 38
17 39
17 40
17 41
17 42
16 43
16 44
16 45
16 45
16 46
15 47
15 48
15 49
15 50
14 51
14 52
14 53
14 54
13 55
13 56
13 57
13 57
13 58
13 59
12 60
12 61
12 62
12 63
12 64
12 65
11 66
11 67
11 68
11 69
11 69
11 70
11 71
10 72
10 73
10 74
10 75
10 76
10 77
9 78
9 79
9 80
9 80
9 81
9 82
9 83
9 84
8 85
8 86
8 87
8 88
8 89
8 89
8 90
8 91
7 92
7 93
7 94
7 94
7 95
6 96
6 97
6 98
6 98
5 99
5 100
5 100
4 100
3 100
3 100
2 100
2 100
1 99
1 99
0 98
0 97
0 97
0 96
0 95
0 95
0 94
0 93
0 92
0 92
0 91
1 90
1 89
1 88
1 88
1 87
1 86
2 85
2 84
2 83
2 82
2 82
2 81
3 80
3 79
4 78
4 77
4 77
5 76
5 75
6 74
6 73
6 73
7 72
7 71
8 70
8 69
8 69
9 68
10 68
11 67
11 67
12 66
13 66
14 65
14 65
15 65
16 65
17 65
17 65
18 65
19 64
20 64
21 64
21 64
22 64
23 63
24 63
24 63
25 63
26 62
27 62
28 62
28 62
29 62
30 62
31 62
32 61
33 61
34 61
35 61
36 61
37 61
38 60
39 60
40 60
41 60
42 60
43 60
44 59
45 59
46 59
47 59
48 59
49 59
50 58
51 58
52 58
53 58
53 58
54 59
54 60
54 60
53 60
53 60
53 59
53 59
54 58
54 58
54 57
54 56
54 56
54 55
54 54
54 53
54 53
54 52
54 51
54 50
54 50
54 49
55 48
55 47
55 47
55 46
55 45
55 45
55 44
55 44
55 43
55 43
54 43
54 43
53 44
53 44
53 45
52 46
52 47
52 47
51 48
51 49
50 50
50 51
50 51
50 52
49 53
49 54
49 55
48 56
48 57
48 57
48 58
48 59
47 60
47 61
47 62
47 62
47 63
47 64
46 65
46 66
46 67
46 67
46 68
45 69
45 70
45 71
45 71
45 72
46 73
46 74
46 74
46 75
46 75
47 76
48 76
48 76
49 75
49 74
49 74
50 73
51 73
52 72
52 72
53 71
53 70
54 69
54 68
54 68
55 67
55 66
56 65
56 65
56 64
57 63
57 62
57 62
58 61
58 60
58 60
58 59
58 59
58 59
58 59
58 60
58 61
58 61
58 62
58 63
58 63
58 64
58 65
58 66
58 66
58 67
58 68
58 69
58 69
58 70
58 71
58 71
58 72
58 73
58 73
59 73
60 73
60 73
61 72
62 71
62 71
63 70
63 69
64 68
64 68
65 67
65 66
66 65
66 64
66 64
67 63
68 62
68 61
69 60
69 60
70 59
70 58
71 57
71 57
72 56
73 55
73 55
73 54
74 53
74 52
74 52
74 51
74 51
74 50
74 50
74 50
74 51
74 51
74 52
74 53
74 53
74 54
73 55
73 56
73 56
73 57
73 58
73 59
73 60
73 60
73 61
73 62
73 62
73 63
73 64
73 64
74 65
74 66
74 66
75 66
75 66
76 65
76 65
77 64
77 64
78 63
79 62
79 62
80 61
81 60
81 60
82 59
83 59
83 59
83 58
84 57
84 56
84 56
84 55
85 54
85 53
86 52
86 51
86 51
86 50
86 49
86 49
87 48
87 48
87 49
87 49
86 50
86 50
86 51
85 52
85 53
85 53
85 54
85 55
85 56
85 57
85 58
85 58
85 59
84 60
84 61
84 61
84 62
84 63
84 64
84 64
84 65
84 66
84 66
85 67
85 68
85 68
86 69
87 70
87 70
87 71
88 72
88 73
88 73
89 73
90 74
91 74
91 74
92 74
93 74
93 74
94 73
95 73
96 72
96 72
97 71
97 70
98 69
98 68
99 67
99 66
