2 54
2 54
1 55
1 56
1 56
1 57
1 57
1 58
1 59
1 59
1 60
1 61
1 61
2 62
2 63
2 63
3 64
3 64
4 63
4 63
5 62
5 61
6 60
6 60
7 59
7 58
8 57
8 56
9 55
9 54
9 54
9 53
10 52
10 51
11 50
11 49
11 48
12 47
12 46
12 46
12 45
13 44
13 43
13 42
14 41
14 40
14 39
15 38
15 37
15 37
15 36
16 35
16 34
16 33
17 32
17 31
17 30
17 29
18 28
18 27
18 27
18 26
19 25
19 24
19 23
20 22
20 21
20 20
21 19
21 18
21 18
21 17
22 16
22 15
22 14
22 13
23 12
23 11
23 10
23 10
23 9
23 8
24 7
24 6
24 5
24 4
24 4
24 3
24 2
24 1
24 1
24 0
24 0
23 1
23 1
23 2
22 3
22 4
22 4
22 5
21 6
21 7
21 8
21 9
20 10
20 11
20 12
20 12
20 13
20 14
19 15
19 16
19 17
19 18
19 19
18 20
18 21
18 22
18 22
18 23
18 24
18 25
17 26
17 27
17 28
17 29
17 30
17 31
17 32
16 33
16 34
16 35
16 36
16 36
16 37
16 38
16 39
15 40
15 41
15 42
15 43
15 44
15 45
15 46
14 47
14 48
14 49
14 50
14 50
14 51
14 52
14 53
13 54
13 55
13 56
13 57
13 58
13 59
13 60
12 61
12 62
12 63
12 64
12 64
12 65
12 66
11 67
11 68
11 69
11 70
10 71
10 72
10 73
10 74
10 75
9 76
9 77
9 78
9 78
9 79
9 80
8 81
8 82
8 83
8 84
8 85
7 86
7 87
7 88
7 88
7 89
6 90
6 91
6 92
6 93
5 94
5 95
5 95
5 96
4 97
4 98
3 99
3 100
3 100
2 100
2 100
1 99
1 99
1 98
0 97
0 96
0 96
0 95
0 94
0 93
0 92
0 91
0 90
0 89
0 89
0 88
0 87
0 86
0 85
0 84
0 83
0 82
0 82
0 81
0 80
0 79
0 78
1 77
1 76
1 75
1 74
1 73
1 73
1 72
1 71
2 70
2 69
2 68
2 67
2 67
2 66
3 65
3 64
3 64
4 63
4 63
5 63
6 63
6 63
7 64
8 64
8 64
9 65
9 66
10 67
10 68
10 68
10 69
11 70
11 71
11 71
12 72
12 73
13 74
13 75
13 75
14 76
15 77
15 77
16 77
17 77
18 77
19 76
20 76
21 76
22 76
23 76
24 76
25 76
26 76
27 75
28 75
29 75
30 75
31 75
31 75
32 75
33 74
34 74
35 74
35 74
36 73
36 72
36 72
37 71
37 71
37 70
37 70
37 69
38 68
38 67
38 66
38 66
38 65
39 64
39 63
39 62
39 62
39 61
39 60
39 59
39 58
39 57
39 57
39 56
39 55
40 54
40 53
40 52
40 52
40 51
40 50
40 49
40 48
40 47
40 47
40 46
39 45
39 44
39 44
39 43
39 42
39 42
38 41
38 40
38 40
37 41
37 41
36 42
35 42
35 42
35 43
35 44
34 45
34 46
34 47
34 47
34 48
33 49
33 50
33 51
33 52
32 53
32 54
32 55
32 55
32 56
32 57
31 58
31 59
31 60
31 61
30 62
30 63
30 64
30 64
30 65
30 66
30 67
30 68
29 69
29 70
29 71
29 72
29 73
29 74
29 74
29 75
29 76
29 77
29 78
29 79
29 80
29 81
29 82
29 82
29 83
29 84
29 85
29 86
29 87
29 88
29 89
29 89
29 90
29 91
29 92
29 93
29 93
30 94
30 94
31 94
32 94
32 94
33 93
33 92
34 91
34 91
35 90
35 89
36 88
36 87
37 86
37 85
37 85
37 84
37 83
38 82
38 81
38 80
38 79
38 78
39 77
39 76
39 75
39 75
39 74
40 73
40 72
40 71
40 70
41 69
41 68
41 67
41 67
41 66
41 65
42 64
42 63
42 62
42 62
42 61
43 60
43 59
43 58
43 58
43 57
43 56
43 56
43 57
43 57
43 58
43 59
43 59
43 60
43 61
42 62
42 63
42 64
42 65
42 65
42 66
42 67
42 68
42 69
42 70
42 71
42 71
42 72
42 73
42 74
42 75
42 76
42 77
42 77
42 78
42 79
43 80
43 81
43 82
43 82
43 83
43 84
43 85
43 85
44 86
45 87
45 87
46 88
46 88
47 88
48 87
49 87
49 87
50 86
50 85
51 84
51 84
52 83
53 82
53 81
54 80
54 80
55 79
55 78
56 77
56 76
57 75
57 75
58 74
58 73
59 72
59 71
60 70
60 70
61 69
61 68
62 67
62 66
63 65
63 64
63 64
63 63
64 62
64 61
64 60
65 59
65 58
65 58
65 57
66 56
66 55
66 54
67 53
67 52
67 52
67 51
67 50
68 49
68 48
68 47
68 47
68 46
69 45
69 44
69 43
69 43
69 42
70 41
70 40
70 40
70 39
70 39
70 38
70 38
70 37
70 37
70 37
70 37
70 37
70 38
70 39
70 39
69 40
69 41
69 41
69 42
69 43
68 44
68 45
68 46
68 46
68 47
68 48
67 49
67 50
67 51
67 51
67 52
67 53
67 54
67 55
67 56
67 57
67 57
67 58
67 59
66 60
66 61
66 62
66 63
66 63
66 64
66 65
66 66
66 67
66 68
66 69
66 69
66 70
66 71
66 72
66 73
66 74
66 74
66 75
67 76
67 77
67 77
67 78
67 79
67 80
67 80
68 81
68 82
68 82
69 83
70 84
70 84
71 85
72 85
72 85
73 85
74 85
74 85
75 84
76 84
76 84
77 83
77 82
78 81
78 81
79 80
80 79
81 78
81 78
82 77
82 76
83 75
83 74
83 74
83 73
84 72
84 71
84 70
85 69
85 68
85 68
85 67
86 66
86 65
87 64
87 63
87 63
87 62
87 61
88 60
88 59
88 58
88 58
88 57
89 56
89 55
89 54
89 54
89 53
89 52
89 51
89 51
89 50
89 49
89 49
88 49
88 49
88 49
87 49
87 49
86 50
86 51
86 51
86 52
86 53
86 54
86 54
86 55
86 56
85 57
85 58
85 59
85 59
85 60
85 61
85 62
85 63
85 64
85 65
85 65
85 66
85 67
85 68
85 69
85 70
85 71
85 72
85 72
85 73
86 74
86 75
86 76
86 76
86 77
87 78
87 79
87 80
87 80
88 81
88 82
88 82
89 82
90 83
91 83
91 83
92 82
93 81
93 80
94 79
95 78
95 78
96 77
96 76
97 75
98 74
99 73
99 72
100 71
