0 36
0 37
0 38
0 39
0 39
0 38
0 37
0 37
0 37
1 37
1 37
2 36
2 35
2 35
3 34
4 33
4 33
5 32
6 32
7 31
8 31
8 31
9 30
10 29
11 29
12 28
12 28
13 27
14 27
15 26
16 26
16 26
17 25
18 25
19 24
19 24
20 24
21 23
22 23
22 23
23 22
24 22
24 22
24 21
24 21
24 20
24 20
23 19
23 18
22 17
22 16
21 15
21 14
20 13
20 12
19 11
19 10
18 9
18 8
17 7
17 6
16 5
16 4
15 3
15 2
14 1
14 0
14 0
14 1
14 2
14 2
14 3
14 3
14 3
14 4
14 5
14 6
14 7
14 7
14 8
14 9
14 10
14 11
14 12
14 13
14 13
14 14
14 15
14 16
14 17
14 18
14 19
14 20
14 21
14 21
14 22
14 23
14 24
14 25
14 26
14 27
14 28
14 29
14 29
14 30
14 31
14 32
14 33
15 34
15 35
15 36
15 37
15 38
15 38
15 39
15 40
15 41
15 42
15 43
15 44
15 45
15 46
15 47
15 48
15 49
15 49
15 50
15 51
15 52
15 53
15 54
15 55
15 56
15 57
15 58
15 58
15 59
15 60
15 61
15 62
15 63
15 64
15 65
15 66
15 66
15 67
15 68
15 69
15 70
15 71
15 72
15 73
15 74
15 74
15 75
15 76
15 77
15 78
15 79
15 79
15 80
15 81
15 82
15 83
15 83
15 84
15 85
15 85
15 86
15 86
15 85
15 84
15 83
15 82
15 81
15 80
15 79
15 78
15 77
15 76
15 75
15 74
15 73
15 72
15 71
15 70
15 69
15 68
15 67
15 66
15 65
15 64
15 63
15 62
15 61
15 60
15 59
14 58
14 57
14 56
14 55
14 54
14 53
14 52
14 51
14 50
14 49
14 48
14 47
14 46
14 45
14 44
14 43
14 42
14 41
14 40
14 39
14 38
14 37
14 36
14 35
14 34
14 33
14 32
14 31
14 30
14 30
15 30
15 30
15 30
14 30
14 30
14 31
14 32
14 33
14 33
14 34
14 35
14 36
14 37
14 38
14 39
14 39
14 40
14 41
13 42
13 43
13 44
13 44
13 45
12 46
12 47
12 48
11 49
11 50
11 50
11 51
11 52
10 53
10 54
10 55
10 55
10 56
9 57
9 58
8 59
8 60
8 60
7 61
7 62
6 63
6 63
5 64
4 65
4 65
4 66
4 67
4 67
4 66
5 65
5 64
5 63
6 62
6 61
6 60
6 59
7 58
7 57
7 56
8 55
8 54
8 53
9 52
9 51
9 50
9 49
10 48
10 47
10 46
11 45
11 44
11 44
12 44
13 45
14 45
15 46
16 46
16 46
17 46
17 46
18 45
18 45
19 46
20 47
20 47
21 48
22 48
22 48
23 49
23 50
23 50
24 51
24 52
24 52
25 53
25 54
25 54
25 55
25 55
25 54
25 53
25 52
25 51
25 50
25 49
25 48
25 47
25 46
25 45
25 44
25 43
25 42
25 41
25 40
25 39
25 38
25 37
25 36
25 35
25 34
25 33
26 32
26 31
26 30
26 29
26 28
26 27
26 26
26 25
26 24
26 23
26 22
26 21
26 20
26 19
26 18
26 17
26 16
26 15
26 14
26 13
26 12
26 11
26 10
26 9
26 9
27 8
27 7
28 6
28 5
28 5
29 4
29 4
29 4
30 5
30 5
31 6
31 7
31 7
32 8
32 9
32 9
32 10
32 11
32 11
32 12
33 13
33 14
33 14
33 15
33 16
33 17
33 17
33 18
32 19
32 20
32 20
32 21
31 22
31 23
31 23
31 24
30 25
30 26
30 26
29 27
29 28
28 29
28 29
27 30
27 31
26 32
26 32
25 33
25 34
25 34
24 35
24 35
24 36
24 36
24 36
24 36
24 37
24 37
25 38
26 38
26 38
27 38
28 38
29 38
29 38
30 38
31 38
32 38
33 38
33 38
34 38
35 38
36 38
37 38
37 38
38 38
39 39
40 39
41 39
41 39
42 39
43 40
44 40
44 40
45 41
45 42
46 43
46 43
46 44
47 45
47 46
47 47
47 47
47 48
47 49
48 50
48 51
48 52
48 52
48 53
48 54
47 55
47 56
47 57
47 57
47 58
46 59
46 60
46 61
45 62
45 63
45 63
45 64
44 65
44 66
44 67
43 68
43 69
43 69
42 70
42 71
41 72
41 73
41 73
40 74
40 75
39 76
39 77
39 77
38 78
38 79
37 80
37 80
36 81
35 81
35 81
34 81
34 81
34 80
34 79
34 78
34 77
33 76
33 75
33 74
33 73
33 72
33 71
33 70
33 69
32 68
32 67
32 66
32 65
32 64
32 63
32 62
32 61
31 60
31 59
31 58
31 57
31 56
31 55
31 54
31 53
30 52
30 51
30 50
30 49
30 48
30 47
30 46
30 45
29 44
29 43
29 42
29 41
29 40
29 40
30 39
30 38
30 38
30 37
30 36
30 35
30 35
30 35
30 36
30 37
30 38
30 38
30 39
30 40
30 41
30 42
30 42
30 43
30 44
29 45
29 46
29 47
29 47
29 48
29 49
28 50
28 51
28 52
28 53
28 53
28 54
27 55
27 56
27 57
26 58
26 59
26 59
26 60
25 61
25 62
25 63
25 63
25 64
24 65
24 66
24 66
23 67
23 67
23 68
23 68
23 67
24 66
24 65
24 64
25 63
25 62
25 61
26 60
26 59
26 58
27 57
27 56
28 55
28 54
28 53
29 52
29 51
29 50
30 49
30 48
30 47
31 46
31 45
31 44
32 43
32 42
32 42
33 43
34 44
35 44
36 45
36 45
36 46
36 46
36 45
36 44
36 44
36 45
35 46
35 47
35 48
35 48
35 49
34 50
34 51
34 52
34 52
34 53
34 54
33 55
33 56
33 57
33 58
33 58
33 59
32 60
32 61
32 62
31 63
31 64
31 64
31 65
30 66
30 67
30 68
30 69
29 70
29 71
29 71
29 72
28 73
28 74
27 75
27 76
26 77
26 78
26 78
26 79
25 80
25 81
25 82
25 83
24 84
24 85
24 85
24 86
23 87
23 88
23 89
22 90
22 91
22 91
22 92
21 93
21 94
20 95
20 96
20 96
20 97
19 98
19 99
19 100
19 100
20 99
20 98
21 97
21 96
22 95
22 94
23 93
23 92
24 91
24 90
25 89
25 88
26 87
26 86
27 85
27 84
28 83
29 82
29 81
30 80
30 79
31 78
31 77
32 76
32 75
33 74
33 73
34 72
34 71
35 70
35 69
36 68
36 67
37 66
38 65
38 64
39 63
39 62
40 61
40 60
41 59
41 58
42 57
42 56
43 55
43 54
44 53
44 52
45 51
46 50
46 49
47 48
47 47
48 46
48 45
49 44
49 43
50 42
50 41
51 40
51 39
52 38
52 37
53 36
53 35
54 34
55 33
55 32
56 31
56 30
57 29
57 28
58 27
58 26
59 25
59 24
60 23
60 22
61 21
61 20
62 19
62 18
63 17
63 17
63 16
63 15
63 15
63 14
63 13
63 13
63 12
63 12
63 11
63 11
62 11
62 11
63 11
63 11
63 11
64 11
65 11
65 11
66 11
66 11
67 11
68 11
68 11
69 12
70 12
70 12
71 13
71 14
71 14
71 15
71 16
71 17
71 17
71 18
70 19
70 20
70 21
70 21
70 22
70 23
69 24
69 25
69 26
69 26
69 27
68 28
68 29
67 30
67 31
67 31
66 32
66 33
65 34
65 35
64 36
64 36
63 37
63 38
62 39
62 40
62 40
61 41
61 42
60 43
60 43
59 44
59 45
58 46
58 46
58 47
58 47
57 48
57 48
57 48
58 48
58 48
59 48
59 48
60 47
61 47
61 47
62 47
63 46
64 46
64 46
65 46
66 46
67 46
67 46
68 46
69 46
69 46
70 47
70 48
71 49
71 49
71 50
72 51
72 52
72 53
72 53
72 54
72 55
72 56
72 57
72 58
72 58
72 59
72 60
71 61
71 62
71 63
71 64
71 64
71 65
71 66
70 67
70 68
70 69
70 69
69 70
69 71
68 72
68 73
68 73
67 74
66 74
66 74
65 75
65 75
64 75
64 75
64 74
64 74
64 73
63 72
63 71
63 71
63 70
63 69
64 68
64 67
64 66
64 65
64 64
64 63
65 62
65 61
65 60
65 59
65 58
65 57
66 56
66 55
66 54
66 53
66 52
66 51
67 50
67 49
67 48
67 47
67 46
67 45
68 44
68 43
68 42
68 41
68 40
68 39
69 38
69 37
69 36
69 35
69 34
69 33
70 32
70 31
70 30
70 29
70 28
70 27
71 26
71 25
71 24
71 23
71 22
71 21
72 20
72 19
72 18
72 17
72 16
72 15
73 14
73 13
73 12
73 12
74 11
74 10
75 9
75 8
75 8
75 7
75 6
75 5
75 5
76 6
76 6
77 7
77 8
77 8
77 9
77 10
77 11
77 11
77 12
77 13
77 14
77 15
77 16
77 16
77 17
77 18
77 19
77 20
77 21
77 21
77 22
77 23
76 24
76 25
76 26
76 27
76 27
76 28
77 29
77 30
77 31
77 31
77 32
77 33
77 34
77 34
77 35
77 35
77 35
77 34
77 33
77 33
77 32
77 31
77 31
77 30
77 29
77 28
77 27
77 27
77 26
77 25
78 24
78 23
78 22
78 21
78 21
78 20
78 19
78 18
79 17
79 16
79 15
79 14
79 14
79 13
79 12
80 11
80 10
80 9
80 9
81 8
81 7
81 7
81 7
81 7
82 8
82 8
83 9
84 9
84 9
85 10
85 11
85 11
86 12
86 13
86 13
86 14
86 15
86 15
86 16
86 17
86 17
86 18
85 19
85 20
85 20
84 21
84 22
83 23
83 23
82 24
82 25
81 26
81 26
80 27
80 28
79 29
79 29
78 30
77 31
76 32
76 32
75 33
75 33
74 34
74 34
74 34
74 34
75 34
75 34
76 33
76 33
77 32
78 32
79 31
79 31
80 30
81 30
81 30
82 30
83 30
84 30
84 30
85 30
85 30
85 31
85 32
85 32
84 33
83 34
82 35
81 36
80 36
79 37
78 38
77 39
77 39
76 39
75 39
74 39
74 39
74 38
74 38
73 38
73 38
73 38
73 39
73 40
73 40
73 41
74 42
74 43
74 43
74 44
74 45
74 46
74 46
74 47
74 48
74 49
74 50
74 50
74 51
74 52
74 53
74 54
74 54
74 55
74 56
74 57
74 57
75 58
75 58
75 58
75 58
75 57
75 56
75 56
75 55
75 54
75 54
75 53
76 52
76 51
76 50
76 50
76 49
76 48
77 47
77 46
77 45
77 45
77 44
78 43
78 42
78 41
78 41
79 40
79 39
79 39
80 38
80 38
81 37
82 37
82 37
83 37
84 37
84 37
85 37
86 37
86 37
87 38
88 38
88 38
89 39
89 39
89 40
89 41
89 41
89 42
89 43
89 43
88 44
88 45
87 46
87 46
86 47
86 48
85 49
85 50
85 50
84 51
83 52
82 53
82 53
81 54
80 55
79 56
79 56
78 57
77 58
77 58
76 58
75 58
75 58
75 59
75 59
75 59
75 59
76 59
76 59
77 58
78 58
78 58
79 57
80 57
81 56
81 56
82 55
83 55
83 55
84 55
85 54
86 54
86 54
87 53
88 53
88 53
89 53
89 53
89 53
88 52
88 52
87 51
86 50
86 50
85 49
85 48
85 48
85 47
84 46
84 45
84 44
84 44
84 43
83 42
83 41
83 40
83 40
83 39
83 38
83 37
83 36
83 36
83 35
82 34
82 33
82 33
82 32
82 32
83 33
83 33
83 34
83 35
83 35
83 36
83 37
83 38
83 38
83 39
83 40
83 41
83 42
83 42
83 43
83 44
83 45
83 46
83 47
83 48
83 48
83 49
83 50
82 51
82 52
82 53
82 54
82 54
82 55
82 56
81 57
81 58
81 59
81 60
81 60
81 61
81 62
80 63
80 64
80 65
80 66
80 66
80 67
80 68
80 69
80 70
80 71
80 71
79 72
78 73
77 73
76 74
75 75
74 76
73 76
72 77
71 78
71 78
70 79
70 80
70 80
69 79
69 79
69 78
69 77
69 77
69 77
70 76
70 75
70 75
71 74
72 74
72 74
73 73
74 73
74 73
75 73
76 72
77 72
77 72
78 72
79 71
80 71
80 71
81 71
82 70
83 70
83 70
84 70
85 70
86 70
86 70
87 70
88 70
88 70
89 70
90 70
91 70
91 70
92 71
92 71
93 70
94 70
94 70
95 70
95 70
95 69
95 68
95 67
95 66
95 65
95 64
95 63
95 62
95 61
95 60
95 59
95 59
95 58
96 57
96 56
96 55
96 55
96 54
96 53
96 53
96 52
96 52
97 52
97 52
97 52
98 53
98 53
99 54
99 55
99 55
99 56
99 57
99 58
99 58
99 59
99 60
99 61
99 61
99 62
100 63
100 64
100 65
100 65
100 66
100 67
100 67
100 68
100 69
100 70
100 70
99 71
99 72
99 72
99 73
99 73
99 74
