2 40
2 40
1 41
1 41
1 41
0 41
0 41
0 42
0 42
0 42
0 42
0 42
0 42
0 42
1 42
1 42
1 42
2 42
2 42
3 42
4 42
4 42
5 41
5 41
6 40
7 40
7 40
8 39
9 39
10 38
10 38
11 37
12 36
12 36
13 35
14 34
14 34
15 33
16 32
16 32
17 31
18 31
18 31
19 30
19 29
19 29
20 28
21 28
21 28
21 27
21 26
21 26
21 25
21 25
21 24
21 23
21 23
21 22
21 21
21 21
21 20
20 19
20 18
20 18
19 17
19 16
18 15
18 15
18 14
17 13
17 12
17 11
17 11
17 10
16 9
16 8
16 8
15 7
15 6
14 5
14 5
13 4
13 3
13 3
13 2
13 1
13 1
13 0
13 0
13 0
13 1
13 2
13 2
13 3
13 4
13 4
13 5
13 6
13 7
13 8
13 8
13 9
13 10
13 11
13 12
13 13
13 14
13 15
13 16
13 17
13 17
13 18
13 19
13 20
13 21
13 22
13 23
13 24
13 25
13 26
13 27
13 27
13 28
13 29
13 30
13 31
13 32
13 33
13 34
13 35
13 36
13 37
13 38
13 39
13 39
13 40
13 41
13 42
13 43
13 44
13 45
13 46
13 47
13 48
13 49
13 50
13 50
13 51
13 52
13 53
13 54
13 55
13 56
12 57
12 58
12 59
12 60
12 61
12 62
12 63
12 63
12 64
12 65
12 66
12 67
12 68
12 69
12 70
12 70
12 71
12 72
12 73
12 74
12 75
12 75
12 76
12 77
11 78
11 79
11 80
11 80
11 81
11 82
11 83
11 84
11 84
11 85
11 86
11 87
11 87
10 88
10 89
10 89
10 90
10 90
10 90
9 90
9 90
9 89
9 89
9 88
9 87
9 86
9 85
9 84
9 83
9 82
9 81
9 80
9 79
9 78
9 77
10 76
10 75
10 74
10 73
10 72
10 71
10 70
10 69
10 68
10 67
10 66
10 65
10 64
10 63
10 62
10 61
10 60
10 59
10 58
10 57
10 56
10 55
10 54
10 53
11 52
11 51
11 50
11 49
11 48
11 47
11 46
11 45
11 44
11 43
11 42
11 41
11 40
11 40
12 39
12 38
12 38
12 38
11 39
11 39
11 40
11 41
11 42
11 43
11 43
11 44
10 45
10 46
10 47
10 47
10 48
9 49
9 50
9 51
9 51
9 52
8 53
8 54
7 55
7 56
7 56
7 57
6 58
6 59
6 59
6 60
5 61
5 62
5 63
5 63
4 64
4 65
4 65
3 66
3 66
2 67
2 68
2 68
2 68
2 67
3 66
3 65
4 64
4 63
4 62
5 61
5 60
6 59
6 58
6 57
7 56
7 55
7 54
8 53
8 52
9 51
9 50
9 50
10 49
11 49
12 48
12 48
13 47
13 47
14 48
15 49
15 49
16 50
16 51
16 51
17 52
17 53
18 54
18 54
19 55
19 56
19 56
20 57
20 57
20 58
20 58
21 58
21 58
21 59
21 59
21 58
21 57
21 56
21 55
22 54
22 53
22 52
22 51
22 50
22 49
22 48
22 47
23 46
23 45
23 44
23 43
23 42
23 41
23 40
23 39
24 38
24 37
24 36
24 35
24 34
24 33
24 32
24 31
25 30
25 29
25 28
25 27
25 26
25 25
25 24
25 23
26 22
26 21
26 20
26 19
26 18
26 18
25 18
25 18
25 17
25 16
25 16
25 15
25 15
26 15
26 15
26 15
27 14
27 14
28 13
28 13
29 13
29 13
30 12
30 12
31 12
31 12
32 12
32 12
33 13
33 13
34 13
34 13
35 14
35 14
35 15
35 16
35 16
35 17
35 17
35 18
35 19
35 20
35 20
35 21
34 22
34 23
34 23
34 24
34 25
33 26
33 27
33 28
33 28
33 29
32 30
32 31
32 32
32 32
32 33
31 34
31 35
30 36
30 37
30 37
30 38
29 39
29 40
29 41
29 41
29 42
28 43
28 44
28 44
27 45
27 46
27 46
27 46
27 46
27 46
28 45
28 45
29 44
29 44
30 43
31 43
31 43
32 42
32 42
33 42
34 42
34 42
35 42
36 42
37 42
37 42
38 43
38 43
39 44
40 45
40 45
41 46
41 47
42 48
42 48
43 49
43 50
44 51
44 52
44 52
44 53
44 54
44 55
44 56
44 57
44 57
44 58
44 59
44 60
44 61
44 62
44 62
44 63
44 64
44 65
44 66
44 67
44 68
44 68
44 69
44 70
43 71
43 72
43 73
43 73
43 74
43 75
42 76
42 77
42 78
42 79
42 79
41 80
41 81
40 82
40 83
40 83
40 84
39 85
39 86
39 86
38 87
38 88
37 89
37 89
36 90
36 90
35 91
35 91
34 91
34 91
33 90
33 90
33 89
33 88
33 87
33 86
33 85
33 84
33 83
33 82
33 81
34 80
34 79
34 78
34 77
34 76
34 75
34 74
34 73
34 72
34 71
34 70
34 69
34 68
34 67
34 66
34 65
34 64
34 63
34 62
34 61
35 60
35 59
35 58
35 57
35 56
35 55
35 54
35 53
35 52
35 51
35 51
35 52
35 53
35 54
35 54
35 55
35 56
35 56
34 57
34 58
34 58
34 59
33 60
33 61
33 62
33 62
33 63
32 64
32 65
32 66
32 66
31 67
31 68
31 68
30 69
30 70
30 70
30 71
30 71
29 72
29 72
28 73
28 73
29 72
29 71
30 70
30 69
31 68
31 67
32 66
32 65
33 64
33 63
34 62
34 61
35 60
35 59
36 58
36 57
37 56
37 55
37 55
38 55
39 56
40 56
40 56
40 57
40 57
39 58
39 58
39 59
39 60
39 61
39 61
39 62
38 63
38 64
38 65
38 65
38 66
37 67
37 68
37 68
37 69
36 70
36 71
36 71
35 72
35 73
34 74
34 74
33 75
33 76
32 77
32 77
31 78
30 79
30 79
29 80
29 81
29 81
28 82
28 83
28 83
29 82
29 81
30 80
30 79
31 78
32 77
32 76
33 75
33 74
34 73
35 72
35 71
36 70
36 69
37 68
38 67
38 66
39 65
39 64
40 63
41 62
41 61
42 60
42 59
43 58
44 57
44 56
45 55
46 54
46 53
47 52
47 51
48 50
49 49
49 48
50 47
50 46
51 45
52 44
52 43
53 42
53 41
54 40
55 39
55 38
56 37
56 36
57 35
58 34
58 33
59 32
59 31
60 30
60 30
60 30
60 29
60 29
60 29
61 28
61 28
62 28
62 28
63 28
63 28
64 27
64 27
65 26
65 26
65 26
66 26
66 26
67 26
67 26
68 26
68 26
69 27
69 27
69 28
69 28
69 29
69 29
69 30
69 30
69 31
69 32
69 33
69 33
69 34
68 35
68 36
68 36
68 37
67 38
67 39
67 39
67 40
66 41
66 42
65 43
65 44
65 44
64 45
64 46
63 47
63 48
63 48
62 49
62 50
61 51
61 52
61 52
60 53
60 54
59 55
59 56
59 56
59 57
58 58
58 59
58 59
57 60
57 60
57 60
57 60
58 60
58 60
59 60
59 60
60 60
60 60
61 60
62 60
62 60
63 60
64 60
64 60
65 61
66 61
66 61
67 62
68 63
68 63
69 64
69 65
69 65
70 66
70 67
70 67
70 68
70 69
70 69
69 70
69 71
69 71
68 72
68 73
68 73
68 74
67 75
67 76
67 76
66 77
65 78
65 78
64 79
63 80
63 80
62 81
62 81
61 81
61 81
60 80
60 80
60 79
60 78
61 77
61 76
61 75
61 74
62 73
62 72
62 71
62 70
62 69
63 68
63 67
63 66
63 65
63 64
64 63
64 62
64 61
64 60
65 59
65 58
65 57
65 56
65 55
66 54
66 53
66 52
66 51
67 50
67 49
67 48
67 47
67 46
68 45
68 44
68 43
68 42
68 41
69 40
69 39
69 38
69 37
70 36
70 35
70 34
70 33
70 32
71 31
71 30
71 29
71 28
71 27
72 26
72 25
72 24
72 23
73 22
73 21
73 20
73 20
73 21
74 22
74 23
74 24
74 24
74 25
74 25
73 24
73 24
73 25
73 26
73 27
73 27
73 28
74 29
74 30
74 31
74 31
74 32
74 33
74 34
74 35
74 35
74 36
74 36
75 37
75 37
75 37
75 38
75 38
75 38
75 37
75 36
75 35
75 34
75 33
75 32
75 31
75 30
76 29
76 28
76 27
76 26
76 25
76 24
76 23
76 22
76 21
76 20
76 20
77 20
77 20
77 19
77 19
77 18
77 18
78 17
78 17
79 17
80 17
80 17
81 16
81 15
81 15
82 15
82 15
83 15
84 15
84 15
85 15
85 15
86 15
86 15
87 16
87 16
87 16
88 17
88 17
88 18
88 18
88 19
88 19
88 20
88 21
88 21
88 22
87 23
87 24
87 24
86 25
86 26
86 26
85 27
85 28
84 29
84 29
83 30
83 31
82 32
82 32
81 33
81 34
81 34
80 35
79 35
79 35
79 35
78 35
78 35
78 35
79 35
79 35
79 34
79 34
80 33
81 33
81 33
82 32
82 32
82 33
81 34
81 35
81 36
81 37
80 38
80 39
80 40
79 41
79 42
79 43
79 44
78 45
78 46
78 46
78 47
78 48
77 49
77 50
77 51
77 52
76 53
76 54
76 55
76 55
76 56
75 57
75 58
75 58
75 59
74 60
74 61
74 62
74 62
74 63
73 64
73 65
73 65
73 66
73 67
73 68
73 69
73 70
73 70
73 71
73 72
73 72
74 73
74 74
74 74
74 75
74 75
74 74
74 74
74 74
75 74
75 74
75 74
75 73
75 72
75 71
75 70
75 69
76 68
76 67
76 66
76 65
76 64
76 63
76 62
76 62
76 61
77 60
77 59
77 58
77 58
77 57
77 57
78 56
78 56
79 55
79 55
80 54
80 54
81 54
82 54
82 54
83 53
83 53
84 53
84 53
85 54
85 54
86 54
86 54
87 55
87 55
87 55
88 56
88 56
87 57
87 57
87 58
87 58
87 59
86 60
86 61
86 61
85 62
85 63
84 64
84 64
83 65
83 66
82 67
82 67
81 68
81 69
81 69
80 70
80 71
79 72
79 72
78 73
77 74
77 74
76 75
76 75
76 75
75 75
75 75
76 75
76 75
76 74
76 73
76 73
76 72
77 71
77 70
77 70
77 69
78 68
78 67
78 67
79 66
79 65
80 64
80 63
80 63
80 62
81 61
81 60
81 59
81 59
81 58
81 57
82 56
82 55
82 54
82 54
82 53
82 52
82 51
82 51
83 50
83 49
83 49
83 48
83 48
83 48
83 48
83 49
83 50
83 50
83 51
83 52
83 52
83 53
82 54
82 55
82 56
82 56
82 57
82 58
82 59
82 60
82 61
82 62
82 62
82 63
82 64
82 65
82 66
82 67
82 67
82 68
82 69
81 70
81 71
81 72
81 72
81 73
81 74
81 75
81 76
81 76
81 77
80 78
80 79
80 80
80 80
80 81
80 82
80 83
80 83
81 84
81 84
81 85
81 86
81 86
82 86
82 86
82 86
83 86
83 86
84 85
85 85
85 85
86 84
86 84
87 83
87 83
88 82
88 81
88 81
89 80
89 80
90 79
90 78
90 78
90 77
90 77
91 76
91 76
91 76
92 75
92 75
92 74
92 74
93 74
93 74
93 74
94 75
94 75
95 76
95 76
96 77
96 78
96 78
97 79
97 80
97 80
97 81
98 82
98 83
98 83
98 84
99 85
99 86
99 86
99 87
99 88
99 89
99 89
99 90
100 91
100 92
100 92
100 93
99 94
99 95
99 95
99 96
99 97
99 98
99 98
99 99
99 99
98 100
98 100
97 100
