1 35
0 35
0 35
0 36
0 36
0 36
0 36
0 37
0 37
0 38
0 38
1 38
1 38
2 38
2 38
3 38
3 38
4 37
5 36
5 36
6 35
7 34
7 34
8 33
9 33
10 32
10 32
11 31
11 30
12 29
12 29
13 28
14 27
14 27
15 26
16 25
16 25
17 24
17 23
17 23
18 22
18 21
18 21
19 20
19 20
19 19
18 18
18 17
18 16
18 15
17 14
17 13
17 12
16 11
16 10
16 9
16 8
15 7
15 6
15 5
15 4
14 3
14 2
14 2
14 1
14 0
14 0
14 0
14 1
14 1
14 2
14 2
14 3
14 4
14 5
14 5
14 6
14 7
14 8
14 8
14 9
14 10
14 11
14 12
14 13
14 13
14 14
14 15
13 16
13 17
13 18
13 19
13 19
13 20
13 21
13 22
13 23
13 24
13 25
13 26
13 26
13 27
13 28
13 29
13 30
13 31
13 32
13 33
13 34
13 35
13 35
13 36
13 37
13 38
13 39
12 40
12 41
12 42
12 43
12 44
12 45
12 45
12 46
12 47
12 48
12 49
12 50
12 51
12 52
12 53
12 54
12 55
12 56
12 56
12 57
12 58
12 59
12 60
12 61
12 62
12 63
12 64
12 65
12 66
12 66
12 67
12 68
12 69
12 70
12 71
12 72
12 73
12 74
12 75
12 75
12 76
12 77
12 78
12 79
12 80
12 81
12 82
12 83
12 83
12 84
12 85
12 86
12 87
12 88
12 89
12 90
12 91
12 91
12 92
12 93
12 94
12 95
12 96
12 96
12 97
12 98
12 99
12 99
12 100
12 100
12 100
12 100
12 99
12 98
12 97
12 96
12 96
12 95
12 94
12 93
12 92
12 91
12 90
12 89
12 88
12 87
12 86
12 85
12 84
12 83
12 82
12 81
12 80
12 79
12 78
12 77
12 76
12 75
12 74
12 73
12 72
12 71
12 70
12 69
12 68
12 67
12 66
12 65
12 64
12 63
12 62
12 61
12 60
12 59
12 58
12 57
12 56
12 55
12 54
12 53
12 52
12 51
12 50
12 49
12 48
12 47
12 46
12 45
12 44
12 43
12 42
12 41
12 40
12 39
12 38
12 37
12 36
12 36
12 35
12 34
12 33
12 32
12 32
12 32
12 32
11 33
11 33
11 34
11 35
11 35
11 36
10 37
10 38
10 39
10 39
10 40
10 41
9 42
9 43
9 44
9 44
9 45
8 46
8 47
8 48
8 48
8 49
7 50
7 51
7 52
6 53
6 54
6 54
6 55
6 56
5 57
5 58
5 59
5 60
5 60
5 61
4 62
4 63
4 64
4 64
3 65
3 66
3 66
3 67
3 68
3 68
3 68
3 67
3 66
3 65
4 64
4 63
4 62
4 61
4 60
4 59
5 58
5 57
5 56
5 55
5 54
5 53
6 52
6 51
6 50
6 49
6 48
6 47
7 46
7 45
7 44
7 43
7 43
8 42
9 41
10 40
10 40
11 39
11 39
12 39
12 39
13 40
13 41
13 41
14 42
15 43
15 43
16 44
16 45
16 45
17 46
17 47
17 47
18 48
18 48
18 49
18 50
18 50
19 50
19 50
19 50
19 50
19 49
19 48
19 47
19 46
19 45
19 44
19 43
19 42
20 41
20 40
20 39
20 38
20 37
20 36
20 35
20 34
20 33
20 32
20 31
20 30
20 29
20 28
20 27
20 26
20 25
21 24
21 23
21 22
21 21
21 20
21 19
21 18
21 17
21 16
21 16
21 16
21 15
21 14
21 14
22 14
22 14
22 14
23 14
23 14
24 14
24 14
25 15
25 15
26 16
26 16
27 17
27 17
28 18
28 19
28 19
29 20
29 21
29 21
29 22
29 23
29 23
29 24
29 25
29 25
29 26
29 27
29 27
29 28
28 29
28 30
28 31
28 31
28 32
27 33
27 34
27 34
27 35
26 36
26 37
26 38
26 38
25 39
25 40
24 41
24 42
24 42
23 43
23 44
22 45
22 46
22 46
22 47
21 48
21 49
21 49
20 50
20 50
20 50
20 50
20 49
20 49
21 48
21 48
22 47
22 47
22 46
23 45
23 44
23 44
24 43
25 42
25 42
26 41
26 40
26 40
27 39
28 39
28 39
29 39
30 38
31 38
31 38
32 38
33 38
33 38
34 38
35 38
36 38
36 38
37 38
38 38
38 38
39 38
40 38
41 38
41 38
42 39
43 39
43 39
44 40
44 40
45 41
46 42
46 42
46 43
47 44
47 45
47 46
47 46
47 47
47 48
47 49
47 50
47 50
47 51
46 52
46 53
46 54
46 54
46 55
46 56
45 57
45 58
45 59
45 59
45 60
45 61
44 62
44 63
44 64
44 64
44 65
43 66
43 67
42 68
42 69
42 69
41 70
41 71
40 72
40 73
39 74
39 74
39 75
38 76
38 77
37 78
37 79
37 79
36 80
36 81
35 82
35 82
34 83
34 83
33 82
32 82
32 82
31 81
31 80
31 80
31 79
31 78
31 77
31 76
31 75
31 74
31 73
31 72
31 71
31 70
31 69
31 68
31 67
31 66
31 65
31 64
31 63
31 62
31 61
32 60
32 59
32 58
32 57
32 56
32 55
32 54
32 53
32 52
32 51
32 50
32 49
32 48
32 47
32 46
32 45
32 44
32 43
32 42
32 41
32 41
33 41
33 41
33 41
32 42
32 43
32 43
32 44
32 45
32 45
32 46
31 47
31 48
31 49
31 49
31 50
30 51
30 52
30 53
30 53
30 54
29 55
29 56
29 57
29 57
29 58
29 59
28 60
28 61
28 62
28 62
28 63
27 64
27 65
27 65
27 66
27 66
26 67
26 67
27 67
27 67
27 66
28 65
28 64
28 63
29 62
29 61
29 60
29 59
30 58
30 57
30 56
31 55
31 54
31 53
32 52
32 51
32 50
33 49
33 48
33 47
33 46
34 45
34 44
34 43
35 42
35 41
35 41
36 41
37 42
38 42
38 42
39 43
39 44
39 44
39 45
39 45
39 46
39 47
39 48
39 48
39 49
39 50
38 51
38 52
38 53
38 53
38 54
38 55
37 56
37 57
37 58
37 58
37 59
36 60
36 61
36 62
35 63
35 64
35 64
35 65
34 66
34 67
34 68
33 69
33 70
33 70
33 71
33 72
32 73
32 74
32 75
32 76
32 76
32 77
31 78
31 79
30 80
30 81
30 81
30 82
30 83
30 83
30 82
31 81
31 80
32 79
32 78
33 77
33 76
34 75
34 74
35 73
35 72
36 71
36 70
36 69
37 68
37 67
38 66
38 65
39 64
39 63
40 62
40 61
41 60
41 59
41 58
42 57
42 56
43 55
43 54
44 53
44 52
45 51
45 50
46 49
46 48
47 47
47 46
47 45
48 44
48 43
49 42
49 41
50 40
50 39
51 38
51 37
52 36
52 35
53 34
53 33
53 32
54 31
54 30
55 29
55 28
56 27
56 26
57 25
57 24
58 23
58 22
58 21
59 20
59 19
60 18
60 17
61 16
61 15
62 14
62 13
63 12
63 11
64 10
64 9
64 9
64 8
64 7
64 7
64 6
64 6
64 6
64 6
64 5
64 5
64 5
64 5
65 5
65 5
66 5
66 5
67 6
68 6
68 6
69 7
69 8
69 8
70 9
70 9
71 10
71 11
71 11
72 12
72 13
72 13
72 14
72 15
72 15
73 16
73 17
73 17
74 18
74 19
74 19
74 20
74 21
74 22
74 22
74 23
74 24
74 25
74 25
74 26
73 27
73 28
73 29
73 29
73 30
73 31
73 32
73 32
73 33
72 34
72 35
72 36
72 36
71 37
71 38
70 39
70 39
70 40
69 41
69 42
69 42
69 43
68 44
68 45
68 45
67 46
67 46
66 47
66 47
66 48
66 48
66 48
66 48
66 47
66 47
66 46
66 46
67 46
67 46
68 45
68 45
69 44
69 44
70 43
70 43
71 43
71 43
72 43
72 43
73 43
73 43
74 44
74 45
74 45
74 46
74 46
75 47
75 48
75 48
75 49
75 50
75 51
75 51
75 52
75 53
75 53
75 54
75 55
75 56
75 57
75 57
75 58
75 59
75 60
75 61
75 61
75 62
74 63
74 64
74 65
74 65
74 66
74 67
73 68
73 69
73 70
73 70
72 71
72 72
71 73
71 74
71 74
71 75
71 76
70 77
70 78
70 79
70 79
69 80
69 81
68 82
68 83
68 83
68 84
67 85
67 86
67 87
67 87
66 88
66 89
66 89
65 90
65 91
65 91
64 91
64 91
64 90
64 89
64 89
64 88
64 87
65 86
65 85
65 84
65 83
66 82
66 81
66 80
66 79
67 78
67 77
67 76
67 75
67 74
68 73
68 72
68 71
68 70
69 69
69 68
69 67
69 66
70 65
70 64
70 63
70 62
71 61
71 60
71 59
71 58
71 57
72 56
72 55
72 54
72 53
73 52
73 51
73 50
73 49
74 48
74 47
74 46
74 45
74 44
75 43
75 42
75 41
75 40
76 39
76 38
76 37
76 36
77 35
77 34
77 33
77 32
78 31
78 30
78 29
78 28
78 27
79 26
79 25
79 24
79 23
80 22
80 21
80 20
80 19
81 18
81 17
81 16
81 16
82 15
82 15
82 14
82 13
82 12
82 12
82 12
82 12
82 12
82 12
82 13
82 13
83 14
83 14
83 15
83 16
83 17
83 17
83 18
83 19
83 20
83 20
83 21
83 22
83 23
83 23
83 24
83 25
83 26
83 27
83 28
83 28
83 29
83 30
83 31
83 32
83 32
83 33
83 34
83 35
83 36
83 36
83 37
83 38
83 39
83 39
83 40
83 41
83 41
83 42
83 43
83 43
84 44
84 44
84 43
84 42
84 41
84 40
84 39
84 38
83 37
83 36
83 35
83 34
83 33
83 32
83 31
83 30
83 30
83 29
83 28
83 27
83 26
83 25
83 25
83 24
83 24
83 23
83 22
83 22
84 21
84 21
85 20
85 20
86 19
86 19
87 18
87 18
88 17
89 17
89 17
90 16
90 16
91 16
91 16
91 16
91 17
91 17
91 18
91 19
91 19
91 20
91 21
91 21
90 22
90 23
89 24
89 24
89 25
88 26
88 27
88 28
88 28
87 29
87 30
86 31
86 32
86 32
86 33
85 34
85 35
85 35
84 36
84 37
83 38
83 38
83 39
83 40
83 40
82 41
82 42
82 42
82 43
82 43
82 44
82 45
82 45
82 46
82 46
82 47
82 48
82 48
82 49
82 50
82 51
82 51
82 52
82 53
82 54
82 54
82 55
82 56
82 57
82 57
82 58
82 59
82 60
82 61
82 61
82 62
82 63
82 64
82 64
81 65
81 66
81 66
81 67
81 68
81 69
81 69
81 70
81 70
81 71
81 71
82 72
82 72
82 71
82 71
82 70
82 70
82 69
82 69
82 68
82 67
82 67
82 66
82 65
82 65
82 64
82 63
82 62
82 62
81 61
81 60
81 60
81 59
81 58
81 58
81 57
81 57
81 56
81 56
82 55
82 55
82 54
82 54
83 53
83 53
84 52
84 51
84 51
85 50
85 50
86 49
87 48
87 48
88 47
88 46
88 46
89 46
90 46
90 46
91 46
91 46
91 47
91 47
91 48
91 48
91 49
91 50
91 50
91 51
91 52
91 52
90 53
90 54
90 54
89 55
89 56
88 57
88 58
88 58
87 59
87 60
86 61
86 62
86 62
85 63
85 64
84 65
84 65
83 66
83 67
82 68
82 68
82 69
81 70
81 71
81 71
80 72
80 72
80 73
80 73
80 72
80 72
81 71
81 71
82 70
83 69
83 69
83 68
84 67
84 66
84 66
85 65
86 64
86 64
87 63
87 62
87 62
88 61
88 60
88 60
89 59
89 59
90 58
90 57
90 57
90 57
90 56
90 56
90 56
90 55
90 54
89 53
89 52
89 51
89 50
89 49
89 48
88 47
88 46
88 45
88 44
88 44
88 43
88 42
88 41
88 40
88 40
88 39
88 38
88 38
88 38
88 38
88 39
88 39
88 40
88 40
88 41
87 42
87 43
87 44
87 44
87 45
87 46
87 47
87 48
87 48
87 49
87 50
87 51
87 52
87 52
87 53
87 54
86 55
86 56
86 57
86 57
86 58
86 59
86 60
86 61
86 61
86 62
85 63
85 64
85 65
85 65
85 66
84 67
84 68
84 69
84 69
84 70
84 71
84 72
84 72
83 73
83 74
83 74
83 75
83 76
83 77
83 77
82 78
82 79
82 79
81 80
80 80
80 80
79 81
78 82
78 82
77 83
77 84
77 84
76 85
76 85
75 85
75 85
75 85
75 85
76 84
76 84
77 83
78 82
78 82
79 81
80 80
80 80
81 79
82 78
82 78
83 77
84 76
84 76
85 75
86 74
86 74
87 73
88 73
88 73
89 72
90 71
90 71
91 70
92 70
92 70
93 69
93 68
93 68
94 67
95 67
95 67
95 66
95 66
96 65
96 65
96 64
96 64
96 63
96 63
96 62
96 62
96 61
96 61
95 60
95 60
95 60
95 60
95 60
95 61
95 61
96 62
96 63
96 63
96 64
96 65
96 65
96 66
97 67
97 68
97 68
97 69
97 70
97 71
97 72
97 73
97 73
97 74
98 75
98 76
98 77
98 77
98 78
98 79
98 80
98 81
98 81
98 82
99 83
99 84
99 85
99 85
99 86
99 87
99 88
99 89
99 90
99 90
99 91
100 92
100 93
100 94
