0 62
0 63
0 63
0 62
0 62
0 62
0 62
0 61
0 60
0 60
1 59
1 58
1 58
2 57
2 56
2 56
3 55
3 54
4 53
4 53
5 52
5 51
6 50
6 50
7 49
7 48
7 48
8 47
8 46
9 45
9 45
10 44
10 43
10 43
11 42
11 41
11 41
12 40
12 40
12 39
12 39
12 39
12 38
12 38
12 37
12 36
12 36
11 35
11 35
10 34
10 34
10 33
10 32
10 32
9 31
9 30
9 30
9 29
9 28
9 28
8 27
8 27
8 27
8 28
8 28
7 29
7 30
7 30
7 31
8 32
8 33
8 34
8 34
8 35
8 36
8 37
8 38
8 39
8 40
8 40
8 41
8 42
8 43
8 44
8 45
8 46
8 47
8 47
8 48
8 49
8 50
8 51
9 52
9 53
9 54
9 55
9 56
9 56
9 57
9 58
9 59
9 60
9 61
9 62
9 63
9 64
9 65
9 65
9 66
9 67
9 68
9 69
10 70
10 71
10 72
10 73
10 74
10 74
10 75
10 76
10 77
10 78
10 79
10 80
10 81
10 82
10 83
10 83
10 84
10 85
10 86
11 87
11 88
11 89
11 90
11 90
11 91
11 92
11 93
11 94
11 95
11 95
11 96
12 97
12 98
12 99
12 99
12 98
12 97
12 96
12 95
12 94
12 93
12 92
11 91
11 90
11 89
11 88
11 87
11 86
11 85
11 84
11 83
11 83
11 82
11 81
11 80
11 79
11 78
11 77
11 76
11 75
11 74
11 73
11 73
11 72
11 71
11 70
11 70
10 69
10 68
10 68
10 68
10 68
9 69
9 70
9 70
9 71
8 72
8 73
8 73
8 74
7 75
7 76
7 77
7 77
7 78
6 79
6 80
6 81
6 81
6 82
5 83
5 84
5 84
5 85
4 86
4 87
4 88
4 88
4 89
3 90
3 91
3 92
3 92
3 93
2 94
2 95
2 96
2 96
2 97
1 98
1 99
1 99
0 100
0 100
0 100
0 99
0 98
1 97
1 96
1 95
1 94
2 93
2 92
2 91
2 90
3 89
3 88
3 87
3 86
4 85
4 84
4 83
4 83
4 82
5 81
5 80
5 79
5 78
6 77
6 76
6 76
6 75
6 74
6 73
6 73
7 72
7 71
7 71
8 70
8 70
8 70
9 70
9 70
10 71
10 71
11 72
11 72
12 72
12 72
13 73
13 73
14 74
14 74
15 75
15 75
16 76
16 76
16 76
16 77
16 77
16 76
16 75
16 74
16 73
16 72
16 71
16 70
16 69
16 68
16 67
16 66
16 65
16 64
16 63
16 62
17 61
17 60
17 59
17 58
17 57
17 56
17 55
17 54
17 53
17 52
17 51
17 50
17 49
17 48
17 47
17 46
17 45
17 45
17 44
17 44
16 43
16 43
16 42
16 41
16 40
16 40
16 39
16 39
17 38
17 38
17 37
17 36
17 36
18 35
19 34
19 34
20 33
20 32
20 32
21 31
22 30
22 30
23 29
24 29
24 29
25 28
25 28
26 28
26 28
27 29
27 30
27 30
27 31
27 32
27 32
27 33
27 34
27 34
27 35
26 36
26 37
26 38
26 38
26 39
25 40
25 41
25 42
25 42
25 43
25 44
24 45
24 46
24 47
24 47
23 48
23 49
22 50
22 51
22 51
22 52
22 53
21 54
21 55
21 56
21 56
21 57
20 58
20 59
20 59
19 60
19 61
19 61
19 62
19 63
19 63
19 63
19 64
19 64
20 63
20 63
21 63
21 63
22 62
22 61
23 60
23 60
24 59
25 58
25 58
26 57
26 56
27 55
27 55
28 54
29 53
29 53
30 52
31 51
31 51
32 50
33 50
33 50
34 51
35 51
35 51
36 52
36 52
36 53
37 54
37 55
37 55
37 56
38 57
38 58
38 58
38 59
39 60
39 61
39 61
39 62
39 63
39 64
39 65
39 65
39 66
39 67
39 68
39 69
39 70
39 70
39 71
39 72
38 73
38 74
38 75
38 75
38 76
38 77
37 78
37 79
37 80
37 81
37 81
37 82
37 83
36 84
36 85
36 86
36 86
35 87
35 88
34 89
34 90
34 90
34 91
33 92
33 93
33 94
33 94
33 95
32 96
32 97
32 97
31 98
31 98
30 98
30 98
30 97
30 96
30 96
30 95
30 94
30 93
30 92
30 91
30 90
30 89
30 88
30 87
30 86
29 85
29 84
29 83
29 82
29 81
29 80
29 79
29 78
29 77
29 76
29 75
29 75
29 74
29 73
29 72
29 71
29 70
28 69
28 68
28 67
28 66
28 65
28 64
28 64
28 63
28 62
28 62
28 61
28 61
28 61
28 61
27 62
27 63
27 63
27 64
27 65
27 66
27 66
27 67
27 68
27 69
27 70
27 71
27 71
27 72
26 73
26 74
26 75
26 75
26 76
26 77
26 78
26 79
26 79
26 80
25 81
25 82
25 83
25 83
25 84
24 85
24 86
24 86
24 87
24 88
24 88
24 89
24 89
25 88
25 88
25 87
26 86
26 85
26 84
26 84
26 83
26 82
27 81
27 80
27 79
27 79
27 78
28 77
28 76
28 75
28 74
29 73
29 72
29 72
29 71
30 70
30 69
30 68
31 67
31 66
31 66
31 65
31 64
31 63
31 63
32 62
32 62
32 62
32 63
32 63
32 64
32 65
32 65
32 66
31 67
31 68
31 69
31 69
31 70
31 71
30 72
30 73
30 74
30 75
30 75
30 76
30 77
29 78
29 79
29 80
29 80
29 81
29 82
29 83
29 84
29 85
29 85
29 86
29 87
28 88
28 89
28 90
28 90
28 91
28 92
28 93
28 94
28 94
28 93
29 92
29 91
30 90
30 89
31 88
31 87
31 86
32 85
32 84
33 83
33 82
33 81
34 80
34 79
35 78
35 77
36 76
36 75
36 74
37 73
37 72
38 71
38 70
39 69
39 68
39 67
40 66
40 65
41 64
41 63
41 62
42 61
42 60
43 59
43 58
44 57
44 56
44 55
45 54
45 53
46 52
46 51
47 50
47 49
47 48
48 47
48 46
49 45
49 44
49 43
50 42
50 41
51 40
51 39
52 38
52 37
52 36
53 35
53 34
54 33
54 32
55 31
55 30
55 29
56 28
56 27
57 26
57 25
57 24
58 23
58 22
59 21
59 20
60 19
60 18
60 18
59 18
59 18
59 18
59 17
59 17
59 16
59 16
59 15
59 15
60 14
60 14
60 13
60 13
61 12
61 12
62 12
62 12
63 13
63 13
63 14
63 15
63 15
63 16
63 17
63 17
63 18
63 19
63 20
63 21
63 21
63 22
62 23
62 24
62 25
62 25
62 26
62 27
61 28
61 29
61 30
61 30
61 31
60 32
60 33
60 34
60 34
59 35
59 36
58 37
58 38
58 38
58 39
58 40
58 41
58 41
57 42
57 43
57 43
57 43
57 43
58 42
58 42
59 41
59 41
60 40
60 39
60 39
61 38
62 37
62 37
63 36
63 35
63 35
64 34
65 33
65 33
66 33
66 33
67 33
67 33
68 33
68 33
69 34
69 35
69 35
69 36
69 37
69 38
69 38
69 39
69 40
69 41
69 42
69 42
69 43
69 44
68 45
68 46
68 47
68 47
68 48
68 49
68 50
68 51
68 52
68 53
68 54
68 54
68 55
68 56
67 57
67 58
67 59
67 60
67 60
67 61
67 62
66 63
66 64
66 65
66 65
66 66
65 67
65 68
64 69
64 70
64 70
64 71
64 72
63 73
63 74
63 75
63 75
62 76
62 77
61 78
61 79
61 79
61 80
60 81
60 82
60 82
60 83
60 84
60 84
59 84
59 84
59 84
59 83
59 82
59 81
59 81
59 80
59 79
59 78
60 77
60 76
60 75
60 74
60 73
60 72
60 71
60 70
61 69
61 68
61 67
61 66
61 65
61 64
61 63
62 62
62 61
62 60
62 59
62 58
62 57
62 56
62 55
63 54
63 53
63 52
63 51
63 50
63 49
63 48
64 47
64 46
64 45
64 44
64 43
64 42
64 41
64 40
65 39
65 38
65 37
65 36
65 35
65 34
65 33
65 32
66 31
66 30
66 29
66 28
66 27
66 26
66 25
67 24
67 23
67 22
67 21
67 20
67 19
67 18
67 17
68 16
68 15
68 14
68 13
68 13
68 12
68 11
69 10
69 9
69 8
69 8
69 7
69 6
69 6
69 5
69 5
69 5
69 6
69 6
69 7
69 7
69 8
70 9
70 10
70 10
70 11
70 12
70 13
70 13
70 14
70 15
70 16
70 16
70 17
70 18
70 18
70 19
70 20
70 21
70 21
70 22
70 23
70 23
70 24
70 25
70 25
70 26
70 26
70 26
70 26
70 25
70 25
70 24
70 23
70 22
70 22
70 21
70 20
70 19
70 19
70 18
70 17
70 16
70 16
70 15
71 14
71 13
71 13
71 12
71 11
71 10
71 10
71 9
72 8
72 7
72 7
73 6
73 5
73 5
74 4
75 3
75 3
76 2
76 1
76 1
77 0
77 0
78 1
78 1
78 2
78 2
78 3
78 4
78 5
78 5
78 6
77 7
77 8
77 9
77 9
77 10
76 11
76 12
76 13
76 13
76 14
75 15
75 16
75 17
75 17
75 18
74 19
74 20
74 20
74 21
74 22
74 22
73 22
73 22
73 22
74 21
74 21
75 20
75 19
75 19
76 18
76 17
76 17
76 16
77 15
77 14
77 14
78 13
78 12
78 12
79 11
79 11
79 11
79 12
79 12
79 13
78 14
78 15
78 15
78 16
78 17
78 18
78 18
78 19
77 20
77 21
77 22
77 22
77 23
76 24
76 25
76 26
76 26
76 27
75 28
75 29
74 30
74 31
74 31
74 32
74 33
73 34
73 35
73 36
73 36
73 37
73 38
72 39
72 40
72 41
72 42
72 42
72 43
72 44
71 45
71 46
71 47
71 47
71 48
71 49
70 50
70 51
70 52
70 52
70 53
69 54
69 55
69 56
69 56
69 57
69 58
69 59
69 59
69 60
69 60
69 61
69 61
69 60
69 60
70 59
70 59
71 58
71 57
72 56
72 55
72 55
72 54
73 53
73 52
73 51
73 51
73 50
74 49
74 48
75 47
75 46
75 46
75 45
76 44
76 43
76 42
76 42
77 41
77 40
78 39
78 38
78 38
79 37
79 36
80 35
80 35
81 34
81 33
82 32
82 32
83 31
83 31
84 32
84 32
84 33
84 34
84 34
84 35
83 36
83 37
83 38
83 38
83 39
82 40
82 41
82 42
82 42
82 43
81 44
81 45
80 46
80 47
80 47
80 48
79 49
79 50
79 51
78 52
78 53
78 53
77 54
77 55
76 56
76 56
76 57
75 58
75 59
75 59
75 60
75 60
75 60
76 59
76 59
77 58
77 57
77 57
77 56
78 55
78 54
78 53
78 53
79 52
79 51
80 50
80 49
80 49
81 48
81 47
82 46
82 46
82 45
83 44
83 43
83 42
83 42
83 41
84 40
84 39
84 39
84 38
85 37
85 36
85 36
85 35
85 34
85 34
84 33
84 32
84 32
84 31
84 30
84 30
83 29
83 28
83 28
82 27
82 26
82 26
81 25
81 25
81 25
80 24
80 24
80 25
80 25
80 26
80 26
80 27
80 28
80 29
80 29
80 30
79 31
79 32
79 33
79 33
79 34
79 35
79 36
79 37
79 38
79 39
79 39
79 40
79 41
79 42
79 43
79 44
79 44
79 45
79 46
79 47
79 48
79 49
79 49
79 50
79 51
79 52
79 53
79 54
79 55
79 55
79 56
78 57
78 58
78 59
78 59
78 60
78 61
78 62
78 62
78 63
78 64
78 65
78 65
79 66
79 66
79 67
79 67
80 66
80 66
81 65
81 64
81 64
82 63
82 62
83 61
83 60
83 60
83 59
84 58
84 57
85 56
85 55
85 55
86 54
87 53
87 52
88 51
88 51
88 50
89 49
89 48
90 47
90 46
90 46
91 45
91 44
92 43
92 42
92 42
92 41
93 40
93 39
93 39
94 38
95 37
95 37
96 36
96 36
97 35
98 35
98 35
98 35
99 36
99 36
99 37
99 38
99 38
99 39
100 40
100 41
100 41
100 42
99 43
99 44
99 45
99 45
99 46
99 47
99 48
99 49
99 49
99 50
98 51
98 52
97 53
97 54
97 54
97 55
96 56
96 57
96 58
95 59
95 60
95 60
95 61
94 62
94 63
93 64
93 65
93 65
93 66
92 67
92 68
92 69
91 70
91 71
