0 43
0 44
0 44
0 44
0 43
0 43
1 42
1 42
2 41
3 41
3 41
4 40
5 40
6 39
6 39
7 38
8 37
9 36
9 36
10 35
11 34
12 33
13 32
13 32
14 31
15 30
16 29
17 28
17 28
18 27
19 26
20 25
20 25
21 24
21 23
21 23
22 22
22 22
22 22
21 21
21 21
20 20
20 20
19 20
19 20
18 19
17 18
17 17
16 16
16 16
15 15
15 14
14 13
14 12
14 12
14 11
14 10
14 10
13 9
13 9
13 9
13 10
13 10
13 11
13 12
13 12
13 13
13 14
13 15
13 16
13 17
13 17
13 18
13 19
13 20
13 21
13 22
13 23
13 24
13 25
13 25
13 26
13 27
13 28
13 29
13 30
13 31
13 32
13 33
13 34
13 35
13 35
13 36
13 37
13 38
13 39
13 40
13 41
13 42
13 43
13 44
13 45
13 46
13 46
13 47
13 48
13 49
13 50
13 51
13 52
13 53
13 54
13 55
13 56
13 57
13 57
13 58
13 59
13 60
13 61
13 62
14 63
14 64
14 65
14 66
14 67
14 68
14 68
14 69
14 70
14 71
14 72
14 73
14 74
14 75
14 76
14 77
14 78
14 78
14 79
14 80
14 81
15 82
15 83
15 84
15 85
15 86
15 86
15 87
15 88
15 89
15 90
15 91
15 91
15 92
15 93
15 94
15 95
15 96
15 96
15 97
15 98
15 99
15 99
15 100
15 100
15 99
15 98
15 97
15 96
15 95
15 94
15 93
15 92
15 91
15 90
15 89
15 88
15 87
15 86
15 85
15 84
15 83
15 82
15 81
15 80
15 79
15 78
15 77
15 76
15 75
15 74
15 73
15 72
14 71
14 70
14 69
14 68
14 67
14 66
14 65
14 64
14 63
14 62
14 61
14 60
14 59
14 58
14 57
14 56
14 55
14 54
14 53
14 52
14 51
14 50
14 49
14 48
14 47
14 46
14 45
14 44
14 43
14 42
14 42
15 41
15 40
16 39
16 38
16 38
16 37
16 37
16 36
15 35
15 34
15 34
15 35
15 36
15 37
15 37
15 38
15 39
14 40
14 41
14 42
14 42
14 43
14 44
13 45
13 46
13 47
13 48
13 48
13 49
13 50
13 51
12 52
12 53
12 54
12 55
12 55
12 56
12 57
12 58
11 59
11 60
11 61
11 62
11 62
11 63
10 64
10 65
10 66
10 67
9 68
9 69
9 69
9 70
8 71
8 72
8 73
8 74
7 75
7 76
7 76
7 77
6 78
6 79
6 79
5 80
4 81
4 81
4 82
4 82
4 81
5 80
5 79
5 78
5 77
6 76
6 75
6 74
7 73
7 72
7 71
7 70
8 69
8 68
8 67
9 66
9 65
9 64
9 63
10 62
10 61
10 60
10 59
11 58
11 57
11 56
12 55
12 54
12 53
12 52
13 51
13 50
13 50
14 50
15 49
16 49
16 49
17 49
17 49
17 50
17 50
18 51
19 52
19 52
19 53
20 54
20 55
20 55
20 56
20 57
20 58
20 58
20 59
21 60
21 61
21 61
22 62
22 63
22 63
23 64
23 65
23 65
24 66
24 66
24 65
24 64
24 63
24 62
24 61
24 60
24 59
24 58
24 57
24 56
24 55
24 54
24 53
24 52
24 51
24 50
24 49
24 48
24 47
24 46
24 45
25 44
25 43
25 42
25 41
25 40
25 39
25 38
25 37
25 36
25 35
25 34
25 33
25 32
25 31
25 30
25 29
25 28
25 27
25 26
25 25
25 24
25 23
25 22
25 22
26 21
26 20
26 20
27 19
27 19
27 18
27 17
27 17
28 17
28 17
29 17
30 17
30 17
31 18
31 19
31 19
32 20
32 21
32 21
32 22
32 23
32 24
32 24
32 25
32 26
32 27
32 28
32 28
32 29
32 30
31 31
31 32
31 33
31 33
31 34
31 35
30 36
30 37
30 38
30 38
29 39
29 40
28 41
28 42
28 42
28 43
27 44
27 45
26 46
26 47
26 47
25 48
25 49
24 50
24 50
23 51
23 52
23 52
22 53
22 53
22 53
22 53
23 53
23 53
24 52
24 52
25 51
26 51
27 50
27 50
28 49
29 49
30 48
30 48
31 48
32 47
33 47
34 46
35 46
35 46
36 45
37 45
38 44
39 44
39 44
40 44
41 45
42 45
42 45
43 46
44 46
45 47
45 47
45 48
46 49
46 50
46 51
46 51
46 52
47 53
47 54
47 55
47 55
47 56
47 57
46 58
46 59
46 60
46 60
46 61
46 62
45 63
45 64
45 65
45 65
45 66
45 67
44 68
44 69
44 70
44 71
44 71
44 72
43 73
43 74
42 75
42 76
42 76
41 77
41 78
40 79
40 80
40 80
39 81
38 82
38 82
37 83
37 84
37 84
36 85
35 85
35 85
35 84
35 83
34 82
34 81
34 80
34 79
34 78
34 77
33 76
33 75
33 74
33 73
33 72
32 71
32 70
32 69
32 68
32 67
32 66
31 65
31 64
31 63
31 62
31 61
30 60
30 59
30 58
30 57
30 56
30 55
29 54
29 53
29 52
29 52
30 51
30 50
31 49
31 49
31 48
31 48
31 47
31 47
31 48
31 49
31 49
31 50
31 51
31 52
31 53
31 53
31 54
31 55
30 56
30 57
30 58
30 58
30 59
30 60
29 61
29 62
29 63
29 64
29 64
29 65
29 66
28 67
28 68
28 69
28 69
28 70
28 71
27 72
27 73
27 74
27 74
27 75
26 76
26 77
26 77
25 78
25 79
25 79
25 79
25 78
25 77
26 76
26 75
26 74
26 73
27 72
27 71
27 70
27 69
28 68
28 67
28 66
28 65
29 64
29 63
29 62
29 61
30 60
30 59
30 58
30 57
31 56
31 55
31 54
31 54
32 54
33 53
34 53
34 53
34 53
34 54
34 55
34 56
34 56
34 57
34 58
34 59
34 60
34 60
34 61
34 62
33 63
33 64
33 65
33 66
33 66
33 67
33 68
33 69
33 70
33 71
33 72
33 72
33 73
32 74
32 75
32 76
32 77
31 78
31 79
31 79
31 80
30 81
30 82
30 83
30 84
29 85
29 86
29 87
29 87
29 88
28 89
28 90
28 91
28 92
27 93
27 94
27 94
27 95
26 96
26 97
26 98
25 99
25 100
25 100
25 99
26 98
26 97
27 96
27 95
28 94
28 93
28 92
29 91
29 90
30 89
30 88
31 87
31 86
32 85
32 84
32 83
33 82
33 81
34 80
34 79
35 78
35 77
35 76
36 75
36 74
37 73
37 72
38 71
38 70
38 69
39 68
39 67
40 66
40 65
41 64
41 63
42 62
42 61
42 60
43 59
43 58
44 57
44 56
45 55
45 54
45 53
46 52
46 51
47 50
47 49
48 48
48 47
49 46
49 45
49 44
50 43
50 42
51 41
51 40
52 39
52 38
52 37
53 36
53 35
54 34
54 33
55 32
55 31
55 30
56 29
56 28
57 27
57 26
58 25
58 24
59 23
59 22
59 21
60 20
60 19
61 18
61 17
62 16
62 15
62 15
61 15
61 15
61 14
61 13
61 12
61 12
61 11
61 10
61 10
62 9
62 9
63 8
63 7
63 7
64 6
65 6
65 6
66 6
66 6
67 6
68 6
68 6
69 7
70 7
70 7
71 8
71 9
71 9
71 10
72 11
72 12
72 12
72 13
72 14
72 15
72 15
72 16
72 17
72 18
72 18
72 19
71 20
71 21
71 22
71 22
71 23
70 24
70 25
70 26
70 26
70 27
69 28
69 29
68 30
68 31
68 31
67 32
67 33
66 34
66 35
66 35
65 36
65 37
64 38
64 39
64 39
63 40
63 41
62 42
62 42
61 43
61 44
61 44
60 45
60 46
60 46
60 46
60 47
60 47
61 47
61 47
62 47
63 47
63 47
64 46
65 46
65 46
66 45
67 45
67 45
68 45
69 45
70 45
70 45
71 46
72 47
72 47
73 48
74 49
74 49
74 50
74 51
74 52
74 52
74 53
74 54
74 55
74 56
74 57
74 58
74 58
74 59
74 60
73 61
73 62
73 63
73 64
73 64
73 65
72 66
72 67
72 68
72 69
71 70
71 71
71 71
71 72
70 73
70 74
70 75
69 76
69 77
69 77
69 78
68 79
68 80
67 81
67 82
67 82
66 83
66 84
66 84
65 85
65 85
65 85
64 84
64 83
64 83
64 82
65 81
65 80
65 79
65 79
65 78
65 77
65 76
66 75
66 74
66 73
66 72
66 71
66 70
66 69
67 68
67 67
67 66
67 65
67 64
67 63
68 62
68 61
68 60
68 59
68 58
68 57
68 56
69 55
69 54
69 53
69 52
69 51
69 50
69 49
70 48
70 47
70 46
70 45
70 44
70 43
71 42
71 41
71 40
71 39
71 38
71 37
71 36
72 35
72 34
72 33
72 32
72 31
72 30
72 29
73 28
73 27
73 26
73 25
73 24
73 23
74 22
74 21
74 20
74 19
74 18
74 17
74 16
75 15
75 14
75 13
75 12
75 12
75 11
76 10
76 9
77 8
77 7
77 6
78 5
78 4
78 4
78 3
78 2
78 1
78 1
79 0
79 0
79 1
79 2
79 2
80 3
80 3
80 4
80 5
80 6
80 7
80 8
80 8
80 9
80 10
79 11
79 12
79 13
79 14
79 14
79 15
79 16
79 17
79 18
79 19
79 20
79 21
79 21
79 22
79 23
78 24
78 25
78 26
78 26
78 27
78 28
78 29
78 30
78 30
78 31
78 32
78 32
78 32
78 31
78 31
78 30
78 30
78 29
78 28
78 27
78 26
78 26
78 25
78 24
78 23
78 22
78 22
78 21
78 20
79 19
79 18
79 17
79 17
79 16
79 15
79 14
79 13
79 12
79 11
79 11
79 10
80 9
80 8
80 7
80 7
81 6
81 5
81 5
81 5
82 5
82 5
83 5
84 5
84 5
85 6
85 6
86 7
86 8
86 8
87 9
87 9
87 10
87 11
87 12
87 12
87 13
86 14
86 15
86 15
85 16
85 17
84 18
84 19
84 19
83 20
83 21
82 22
82 22
81 23
81 24
80 25
80 25
79 26
79 27
78 28
78 28
77 29
77 29
77 30
77 30
77 29
77 29
77 29
78 29
78 29
79 29
79 29
80 28
81 28
81 28
82 28
83 28
83 28
84 28
84 28
85 29
85 29
84 30
83 31
83 32
82 33
81 34
80 35
80 36
79 37
78 38
78 38
77 38
76 38
75 38
75 38
75 37
75 37
74 37
74 37
74 38
74 38
74 39
74 40
74 40
74 41
74 42
74 43
74 43
74 44
74 45
75 46
75 47
75 48
75 48
75 49
75 50
75 51
75 52
75 52
75 53
76 54
76 55
76 56
76 56
76 57
76 58
76 59
76 59
77 60
77 61
77 61
77 62
77 62
77 62
76 61
76 60
76 60
76 59
76 58
76 57
76 57
76 56
76 55
76 54
76 53
76 53
76 52
76 51
77 50
77 49
77 48
77 48
77 47
77 46
77 45
77 44
77 43
77 43
77 42
78 41
78 40
78 40
79 39
79 39
80 38
80 38
81 38
82 38
82 38
83 37
84 37
84 37
85 38
86 38
86 38
87 38
87 38
88 39
89 39
89 39
89 40
89 41
89 41
89 42
89 43
89 44
89 44
88 45
88 46
87 47
87 48
87 48
86 49
86 50
85 51
85 52
85 52
84 53
84 54
83 55
83 55
82 56
81 57
80 58
80 58
79 59
78 60
77 61
77 61
76 62
76 63
76 63
75 64
75 64
75 64
76 64
76 64
77 63
77 63
78 62
79 61
79 61
80 60
81 59
81 59
82 59
83 58
84 58
84 58
85 57
86 57
87 56
87 56
88 56
88 56
89 55
90 55
90 55
90 55
90 55
89 54
89 54
88 53
87 53
87 53
86 52
86 51
86 51
86 50
85 49
85 48
85 48
85 48
85 47
85 46
85 45
84 44
84 43
84 42
84 41
84 40
84 39
83 38
83 37
83 36
83 35
83 35
83 34
83 33
83 33
83 33
83 34
83 34
83 35
83 36
83 37
83 37
83 38
83 39
83 40
83 41
83 42
83 42
83 43
83 44
82 45
82 46
82 47
82 48
82 48
82 49
82 50
82 51
82 52
82 53
82 54
82 55
82 55
82 56
82 57
81 58
81 59
81 60
81 61
81 61
81 62
81 63
81 64
81 65
81 66
81 67
81 67
81 68
81 69
80 70
80 71
80 72
80 73
80 73
79 74
79 75
78 76
77 77
77 78
76 79
75 80
75 81
74 82
74 82
73 82
72 82
72 82
72 81
72 81
71 81
71 81
71 80
71 80
72 79
72 79
73 78
74 78
74 78
75 77
76 76
76 76
77 75
78 75
78 75
79 75
80 75
81 75
82 75
82 75
83 75
84 74
85 74
86 74
86 74
87 74
88 74
89 74
89 74
90 75
91 75
91 75
92 75
93 75
93 75
93 76
93 76
93 75
93 74
93 73
93 72
93 71
93 70
93 69
93 68
93 67
93 66
93 66
93 65
94 64
94 63
94 63
94 62
94 61
94 61
94 60
94 60
95 60
95 60
96 60
96 60
97 61
97 62
97 62
98 63
98 64
98 64
98 65
99 66
99 67
99 68
99 68
99 69
99 70
99 71
99 72
99 73
99 73
99 74
100 75
100 76
100 77
100 77
100 78
100 79
100 80
100 81
100 81
100 82
100 83
100 84
100 84
100 85
100 86
100 87
100 87
100 88
100 89
100 89
99 90
99 91
