4 37
4 38
4 39
4 39
4 38
4 37
4 37
4 37
4 36
4 36
5 35
5 35
6 34
6 33
6 33
6 32
7 31
7 30
7 30
8 29
8 28
9 27
9 27
9 26
10 25
10 24
10 23
10 23
11 22
11 21
12 20
12 20
12 19
13 18
13 17
13 17
13 16
13 15
13 15
14 14
14 14
14 13
13 12
13 11
13 10
13 9
12 8
12 7
12 6
11 5
11 4
11 3
11 2
10 1
10 0
10 0
9 1
9 1
9 2
9 2
8 3
8 3
8 4
8 5
8 6
8 7
8 7
8 8
8 9
8 10
8 11
8 12
8 13
8 14
8 14
8 15
8 16
8 17
9 18
9 19
9 20
9 21
9 21
9 22
9 23
9 24
9 25
9 26
9 27
9 28
9 29
9 30
9 31
9 31
9 32
9 33
9 34
9 35
9 36
9 37
9 38
9 39
9 40
9 41
9 42
9 43
9 43
9 44
9 45
9 46
9 47
9 48
9 49
9 50
9 51
9 52
9 53
9 54
9 55
9 55
9 56
9 57
9 58
9 59
9 60
9 61
9 62
9 63
9 64
9 65
9 66
9 67
9 67
9 68
9 69
9 70
9 71
9 72
9 73
9 74
9 75
9 76
9 77
9 77
9 78
9 79
9 80
9 81
9 82
9 83
9 84
9 85
9 86
9 86
9 87
9 88
9 89
9 90
9 91
9 91
9 92
10 93
10 94
10 94
10 95
10 96
10 96
10 96
10 95
10 95
10 94
10 94
10 93
9 92
9 91
9 91
9 90
9 89
9 88
9 87
9 86
9 86
9 85
9 84
9 83
9 82
9 81
9 80
9 80
9 79
9 78
9 77
9 76
9 75
9 74
9 73
9 72
9 71
9 70
9 69
8 68
8 67
8 66
8 65
8 64
8 63
8 62
8 61
8 60
8 59
8 58
8 57
8 56
8 56
8 55
8 54
8 53
8 52
8 51
8 50
8 49
8 48
8 47
8 46
8 46
8 45
8 44
8 44
7 44
7 44
7 45
7 45
7 46
7 47
7 47
7 48
6 49
6 50
6 50
6 51
5 52
5 53
5 54
5 54
5 55
5 56
4 57
4 58
4 59
4 59
4 60
4 61
3 62
3 63
3 64
3 64
3 65
2 66
2 67
1 68
1 69
1 69
1 70
0 71
0 72
0 73
0 73
0 74
0 75
0 76
0 76
0 75
0 74
0 73
1 72
1 71
1 70
1 69
1 68
1 67
1 66
2 65
2 64
2 63
2 62
2 61
2 60
3 59
3 58
3 57
3 56
3 55
3 54
3 53
4 52
4 51
4 50
4 49
4 49
5 48
6 47
7 46
7 46
7 45
7 45
8 44
8 44
8 44
9 45
9 46
9 46
10 47
10 47
11 48
11 48
12 49
12 49
13 50
13 50
14 50
14 50
15 51
16 51
16 51
17 51
17 51
18 51
18 51
19 52
19 52
19 52
19 51
19 50
19 49
19 48
19 47
19 46
18 45
18 44
18 43
18 42
18 41
18 40
18 39
18 38
18 37
18 36
18 35
18 34
18 33
18 32
17 31
17 30
17 29
17 28
17 27
17 26
17 25
17 24
17 24
18 23
18 23
18 22
18 21
18 21
18 20
18 20
18 19
18 19
19 18
19 18
20 17
21 17
21 17
22 16
22 15
22 15
23 14
23 14
24 13
25 13
25 13
26 13
26 13
26 13
27 14
27 15
27 15
27 16
27 17
27 17
27 18
27 19
27 20
27 20
27 21
27 22
27 23
27 24
27 25
27 25
27 26
27 27
26 28
26 29
26 30
26 30
26 31
26 32
25 33
25 34
25 35
25 35
25 36
25 37
24 38
24 39
24 40
24 40
24 41
23 42
23 43
23 44
23 44
23 45
22 46
22 47
22 47
21 48
21 49
21 49
21 50
21 50
22 50
22 50
22 50
23 49
23 49
24 48
24 47
24 47
25 46
25 45
25 45
26 44
26 43
27 42
27 42
28 41
29 41
30 40
30 40
31 39
32 38
32 38
33 37
34 37
34 37
35 37
36 37
36 37
37 37
38 37
38 37
39 38
40 38
40 38
41 39
41 40
41 40
41 41
42 42
42 43
42 43
42 44
42 45
42 46
42 47
42 47
42 48
42 49
42 50
42 51
42 52
42 52
42 53
42 54
42 55
42 56
42 57
42 57
42 58
41 59
41 60
41 61
40 62
40 63
40 63
40 64
40 65
40 66
39 67
39 68
39 69
39 70
39 70
39 71
38 72
38 73
38 74
37 75
37 76
37 76
37 77
37 78
36 79
36 80
36 81
36 81
36 82
35 83
35 84
35 85
35 85
34 86
33 87
33 87
32 88
32 88
31 88
31 88
30 87
30 87
30 86
30 85
30 84
30 83
30 82
30 81
30 80
29 79
29 78
29 77
29 76
29 75
29 74
29 73
29 72
29 71
29 70
29 69
29 68
29 67
29 66
29 65
29 64
28 63
28 62
28 61
28 60
28 59
28 58
28 57
28 56
28 56
28 55
28 54
28 53
28 52
28 51
28 50
28 49
28 49
27 48
27 47
27 47
27 47
27 48
27 49
27 49
27 50
26 51
26 52
26 52
26 53
26 54
26 55
26 56
26 56
26 57
26 58
25 59
25 60
25 61
25 62
25 62
25 63
25 64
24 65
24 66
24 67
24 68
24 68
24 69
24 70
23 71
23 72
23 73
23 74
23 74
23 75
23 76
22 77
22 78
22 79
22 80
22 80
22 81
22 82
21 83
21 84
21 85
21 85
21 86
21 87
21 88
21 88
21 88
21 87
22 86
22 85
22 84
22 83
23 82
23 81
23 80
23 79
24 78
24 77
24 76
25 75
25 74
25 73
25 72
26 71
26 70
26 69
26 68
27 67
27 66
27 65
28 64
28 63
28 62
28 61
29 60
29 59
29 58
29 57
30 56
30 55
30 55
30 54
31 53
31 52
32 51
32 50
32 49
33 48
33 47
33 47
34 46
34 46
34 47
34 47
34 48
34 49
34 49
34 50
34 51
34 52
34 53
34 53
34 54
34 55
33 56
33 57
33 58
33 58
33 59
33 60
33 61
32 62
32 63
32 64
32 65
32 65
32 66
32 67
31 68
31 69
31 70
31 71
31 71
31 72
31 73
31 74
30 75
30 76
30 77
30 78
30 78
30 79
29 80
29 81
29 82
29 83
28 84
28 85
28 86
28 86
29 85
29 84
30 83
31 82
31 81
32 80
32 79
33 78
34 77
34 76
35 75
36 74
36 73
37 72
37 71
38 70
39 69
39 68
40 67
41 66
41 65
42 64
43 63
43 62
44 61
44 60
45 59
46 58
46 57
47 56
48 55
48 54
49 53
50 52
50 51
51 50
51 49
52 48
53 47
53 46
54 45
55 44
55 43
56 42
56 41
57 40
58 39
58 38
59 37
60 36
60 35
61 34
62 33
62 32
63 31
63 30
64 29
65 28
65 27
66 26
67 25
67 24
68 23
68 22
69 21
70 20
70 19
71 18
71 18
70 18
70 18
70 19
70 19
70 19
70 19
69 20
69 20
69 20
69 20
69 20
70 19
70 19
70 18
70 18
71 17
71 16
71 16
72 15
73 15
73 15
74 14
74 13
74 13
75 12
76 11
76 11
77 11
77 11
78 10
78 10
78 11
78 11
79 12
79 12
79 13
79 14
79 14
78 15
78 16
78 16
78 17
78 18
78 19
78 20
78 20
78 21
77 22
77 23
77 24
77 24
77 25
76 26
76 27
75 28
75 29
75 29
75 30
75 31
74 32
74 33
74 34
74 34
73 35
73 36
72 37
72 38
72 38
72 39
71 40
71 41
71 42
71 42
70 43
70 44
69 45
69 45
69 46
68 47
68 48
68 48
68 49
68 49
68 49
68 49
68 49
68 49
69 49
69 49
70 48
70 47
70 47
71 46
71 45
71 45
72 44
73 43
73 43
74 42
74 41
74 41
75 40
75 39
75 39
76 38
77 38
77 38
78 38
78 38
79 38
79 38
79 39
79 39
80 40
80 41
80 41
80 42
80 43
80 43
80 44
80 45
80 46
80 46
80 47
80 48
80 49
80 50
80 50
80 51
79 52
79 53
79 53
79 54
79 55
78 56
78 57
78 58
78 58
78 59
78 60
77 61
77 62
77 63
77 63
77 64
76 65
76 66
76 67
76 67
76 68
75 69
75 70
74 71
74 72
74 72
74 73
73 74
73 75
73 76
73 76
73 77
72 78
72 79
72 79
71 80
71 81
71 81
70 82
70 83
70 83
69 83
69 83
69 82
69 81
69 81
69 80
69 79
70 78
70 77
70 76
70 75
70 74
70 73
71 72
71 71
71 70
71 69
71 68
71 67
72 66
72 65
72 64
72 63
72 62
72 61
73 60
73 59
73 58
73 57
73 56
73 55
74 54
74 53
74 52
74 51
74 50
74 49
75 48
75 47
75 46
75 45
75 44
76 43
76 42
76 41
76 40
76 39
76 38
77 37
77 36
77 35
77 34
77 33
77 32
78 31
78 30
78 29
78 28
78 27
78 26
79 25
79 24
79 23
79 22
79 21
79 20
80 19
80 18
80 17
80 16
80 15
80 14
81 13
81 12
81 11
81 11
81 11
80 11
80 11
80 11
80 11
80 11
81 12
81 12
81 13
81 13
81 14
81 15
81 15
82 16
82 17
82 17
82 18
82 19
82 20
82 20
82 21
82 22
82 22
82 23
83 24
83 25
83 25
83 26
83 27
83 27
84 28
84 29
84 29
84 30
84 30
84 31
84 31
84 32
84 32
85 32
85 32
85 32
84 32
84 32
84 32
84 32
83 31
83 31
83 30
83 30
82 29
82 29
82 28
82 28
82 27
82 27
83 26
83 25
83 25
83 24
83 24
84 23
84 22
84 22
85 21
85 21
86 20
86 19
86 19
87 18
87 18
88 17
88 16
88 16
89 15
89 15
90 14
90 14
91 14
91 14
92 15
92 15
92 16
92 16
92 17
92 17
91 18
91 19
91 19
91 20
90 21
90 22
90 22
90 23
89 24
89 25
89 25
89 26
88 27
88 28
88 28
87 29
87 30
87 30
86 31
86 32
86 32
86 33
86 33
86 33
86 33
86 33
87 32
87 31
87 31
88 30
88 30
89 29
89 28
89 28
89 27
89 27
90 26
90 25
90 25
91 25
91 25
91 25
91 25
90 26
90 26
89 27
89 28
88 29
88 30
87 31
87 32
86 33
86 34
85 35
85 36
85 36
84 37
84 38
83 39
83 40
83 40
83 41
83 42
83 42
82 43
82 43
82 44
82 45
82 45
82 46
82 47
82 47
82 48
82 49
82 50
82 50
82 51
82 52
82 52
82 53
82 54
82 55
82 55
82 56
82 57
82 58
82 59
82 59
82 60
82 61
82 62
82 62
82 63
82 64
82 64
83 65
83 66
83 66
83 67
83 68
83 68
83 68
83 69
83 69
83 68
83 68
83 68
82 67
82 67
82 66
82 65
82 65
82 64
82 63
82 63
82 62
82 61
82 61
82 60
82 59
82 58
82 58
83 57
83 56
83 56
83 55
83 54
83 54
84 53
84 52
84 52
85 51
85 50
85 50
86 49
87 48
87 48
88 47
88 46
88 46
89 45
89 45
90 44
91 44
91 44
92 43
92 43
93 43
93 43
93 44
93 44
93 45
93 46
93 46
93 47
93 48
93 48
93 49
92 50
92 51
92 51
92 52
91 53
91 54
91 54
91 55
90 56
90 57
90 57
90 58
89 59
89 60
89 61
89 61
89 62
88 63
88 64
88 64
88 65
87 66
87 67
87 67
86 68
86 68
86 69
86 69
86 69
86 68
86 68
87 67
87 66
87 66
88 65
88 64
88 64
89 63
89 62
89 62
89 61
90 60
90 59
90 59
91 58
91 57
91 57
91 56
91 55
91 54
91 54
92 53
92 52
92 52
92 51
92 50
92 50
92 49
92 48
92 48
92 47
92 47
92 46
92 45
92 45
91 44
91 44
90 43
90 43
90 42
90 42
89 42
89 42
89 42
88 42
88 42
88 42
88 43
88 43
88 44
88 44
88 45
88 46
88 46
88 47
88 48
88 48
88 49
88 50
88 51
88 52
88 52
88 53
88 54
88 55
88 55
88 56
88 57
88 58
88 59
88 60
88 60
88 61
88 62
88 63
88 64
88 65
88 65
88 66
87 67
87 68
87 69
87 69
87 70
87 71
87 72
87 73
87 73
87 74
87 75
87 76
87 77
87 77
87 78
87 79
87 80
87 81
87 81
87 82
86 83
86 84
86 84
86 85
86 85
86 86
86 86
86 87
86 87
86 88
86 88
86 88
87 88
87 88
87 87
87 86
87 86
88 85
88 85
89 84
89 83
89 83
89 82
90 81
90 80
90 80
90 79
91 78
91 77
91 77
92 76
92 75
92 75
92 74
93 73
93 72
93 72
94 71
94 70
94 70
94 69
95 68
95 67
95 67
95 66
96 65
96 64
96 64
96 63
97 62
97 61
97 61
97 60
97 59
97 59
98 58
98 58
98 58
98 58
98 59
98 60
98 60
98 61
98 62
98 62
98 63
98 64
98 64
99 65
99 66
99 66
99 67
99 68
99 68
99 69
99 70
99 70
99 71
100 72
100 73
100 73
100 74
99 75
99 76
99 77
99 77
99 78
99 79
99 80
99 81
99 82
99 83
99 83
99 84
99 85
99 86
99 87
99 88
99 88
99 89
99 90
98 91
98 92
98 93
98 94
98 94
98 95
98 96
97 97
97 98
97 99
97 100
