0 33
0 34
0 35
0 35
0 35
0 36
0 36
0 37
0 37
1 38
1 38
2 38
2 38
3 38
4 38
4 38
5 37
6 37
6 37
7 36
8 36
8 36
9 35
9 34
10 33
10 33
11 32
12 32
13 31
13 31
14 30
14 29
15 28
15 28
16 27
16 26
17 25
17 25
18 24
19 23
19 23
20 22
21 21
21 21
22 20
22 19
22 19
22 18
21 17
21 16
21 15
21 14
20 13
20 12
20 11
20 10
19 9
19 8
19 7
19 6
18 5
18 4
18 4
18 3
18 2
18 1
18 1
17 0
17 0
17 1
17 1
18 1
18 1
18 2
18 2
18 3
18 4
18 4
18 5
18 6
18 7
18 7
18 8
18 9
18 10
18 11
18 11
18 12
18 13
17 14
17 15
17 16
17 16
17 17
17 18
17 19
17 20
17 21
17 22
17 23
17 23
17 24
17 25
17 26
17 27
17 28
17 29
17 30
17 31
17 31
17 32
17 33
17 34
17 35
16 36
16 37
16 38
16 39
16 40
16 41
16 41
16 42
16 43
16 44
16 45
16 46
16 47
16 48
16 49
16 50
16 51
16 52
16 52
16 53
16 54
16 55
16 56
16 57
15 58
15 59
15 60
15 61
15 62
15 63
15 63
15 64
15 65
15 66
15 67
15 68
15 69
15 70
15 71
15 72
15 73
15 73
15 74
15 75
15 76
15 77
15 78
15 79
15 80
15 81
15 82
15 82
15 83
15 84
15 85
15 86
15 87
15 88
15 89
15 89
15 90
15 91
16 92
16 93
16 94
16 94
16 95
16 96
16 97
16 97
16 98
16 99
16 100
16 100
16 100
16 100
16 99
16 98
16 98
16 97
16 96
16 95
16 94
16 93
16 92
16 91
16 90
16 89
16 88
16 87
16 86
16 85
16 84
16 83
16 82
16 81
16 80
16 79
16 78
16 77
16 76
16 75
16 74
16 73
16 72
16 71
16 70
15 69
15 68
15 67
15 66
15 65
15 64
15 63
15 62
15 61
15 60
15 59
15 58
15 57
15 56
15 55
15 54
15 53
15 52
15 51
15 50
15 49
15 48
15 47
15 46
15 45
15 44
15 43
15 42
15 41
15 41
15 40
15 39
15 38
15 37
15 36
15 36
15 35
15 35
15 36
15 36
15 37
15 37
14 38
14 39
14 39
14 40
14 41
14 42
14 42
14 43
13 44
13 45
13 46
13 46
12 47
12 48
11 49
11 50
11 50
11 51
11 52
10 53
10 54
10 55
10 55
10 56
10 57
9 58
9 59
9 60
9 61
9 61
9 62
8 63
8 64
8 64
7 65
7 66
7 66
7 67
7 67
7 67
7 66
7 65
8 64
8 63
8 62
8 61
8 60
8 59
9 58
9 57
9 56
9 55
9 54
9 53
10 52
10 51
10 50
10 49
10 49
11 48
11 47
12 46
12 46
13 45
13 45
14 45
15 45
15 45
16 46
16 46
17 47
17 47
18 48
19 48
19 48
20 49
21 49
21 49
22 50
22 50
23 50
24 50
24 50
25 50
25 50
25 50
25 49
25 48
25 47
25 46
25 45
25 44
25 43
25 42
25 41
25 40
24 39
24 38
24 37
24 36
24 35
24 34
24 33
24 32
24 31
24 30
24 29
24 28
24 28
25 27
25 26
25 26
24 25
24 24
24 24
25 24
25 24
25 24
26 24
26 24
26 23
26 23
27 23
27 23
28 24
28 24
29 24
29 24
30 25
30 25
31 26
31 26
32 27
32 27
32 28
32 28
32 29
32 30
32 30
32 31
31 32
31 33
31 33
30 34
30 35
30 35
29 36
29 37
29 37
29 38
28 39
28 40
28 40
27 41
27 42
26 43
26 43
25 44
25 45
25 45
24 46
23 47
23 47
23 48
23 48
22 48
22 48
23 48
23 48
23 48
23 47
23 47
24 46
24 45
25 44
25 44
26 43
27 42
27 42
28 41
29 40
29 40
30 39
31 39
32 38
32 38
33 37
34 37
35 36
35 36
36 36
37 35
38 35
38 35
39 35
40 35
41 35
41 35
42 35
43 36
44 36
44 36
45 37
46 37
46 37
47 38
47 38
48 39
48 40
48 40
48 41
49 42
49 43
49 43
49 44
49 45
49 46
49 46
49 47
49 48
49 48
49 49
48 50
48 51
48 51
47 52
47 53
46 54
46 55
46 55
45 56
45 57
44 58
44 59
44 59
43 60
43 61
42 62
42 62
41 63
40 64
40 65
39 66
39 66
38 67
37 68
36 69
36 69
35 70
34 71
34 71
33 72
32 72
32 72
32 71
32 70
32 69
32 68
32 67
32 66
32 65
32 64
32 63
32 62
32 61
32 60
31 59
31 58
31 57
31 56
31 55
31 54
31 53
31 52
31 51
31 50
31 49
31 48
31 47
31 46
31 46
31 45
32 44
32 43
32 43
32 42
32 42
31 43
31 43
31 43
30 44
30 45
30 45
30 46
30 47
30 48
30 48
30 49
29 50
29 51
29 51
29 52
28 53
28 54
28 55
28 55
28 56
27 57
27 58
27 58
27 59
26 60
26 61
26 61
26 62
26 62
27 61
27 61
27 60
28 59
28 58
29 57
29 56
29 55
30 54
30 53
31 52
31 51
32 50
32 49
32 48
33 47
33 46
34 45
34 44
34 43
35 42
35 41
36 40
36 39
36 39
37 39
38 38
39 38
39 38
40 39
40 39
39 40
39 41
39 41
39 42
38 43
38 44
38 45
38 45
38 46
37 47
37 48
37 49
37 49
37 50
37 51
36 52
36 53
36 54
36 54
36 55
36 56
35 57
35 58
35 59
35 60
35 60
35 61
34 62
34 63
33 64
33 65
33 65
33 66
32 67
32 68
31 69
31 70
31 70
31 71
30 72
30 73
30 73
31 72
31 71
32 70
32 69
33 68
33 67
34 66
34 65
35 64
35 63
36 62
37 61
37 60
38 59
38 58
39 57
39 56
40 55
40 54
41 53
41 52
42 51
43 50
43 49
44 48
44 47
45 46
45 45
46 44
46 43
47 42
47 41
48 40
49 39
49 38
50 37
50 36
51 35
51 34
52 33
52 32
53 31
53 30
54 29
55 28
55 27
56 26
56 25
57 24
57 23
58 22
58 21
59 20
59 19
60 18
60 18
60 17
61 16
61 15
61 15
60 14
60 14
60 13
60 13
61 12
61 12
61 11
61 11
61 11
62 12
62 12
63 12
63 12
64 13
64 13
65 14
65 14
66 15
67 15
67 15
68 16
68 17
68 17
69 18
69 18
70 19
70 20
70 20
70 21
70 22
70 22
71 23
71 24
71 24
71 25
71 26
71 26
71 27
71 28
71 28
71 29
71 30
71 31
71 31
71 32
71 33
71 34
71 34
71 35
71 36
71 36
71 37
70 38
70 39
70 39
70 40
69 41
69 42
69 42
68 43
68 44
67 45
67 46
67 46
66 47
66 48
66 48
65 49
65 50
65 50
64 51
64 51
64 52
64 52
63 53
63 53
63 53
63 53
63 52
63 52
63 52
64 51
64 51
64 50
64 50
65 49
65 49
66 48
67 48
67 48
68 47
68 47
69 46
69 46
70 46
70 46
70 47
70 47
71 47
71 47
72 48
72 49
72 49
72 50
72 50
72 51
72 51
72 52
72 53
72 54
72 54
72 55
72 56
72 56
72 57
72 58
72 59
72 59
72 60
71 61
71 62
71 63
71 63
71 64
71 65
71 66
71 66
70 67
70 68
69 69
69 70
69 70
69 71
69 72
68 73
68 74
68 75
68 75
68 76
67 77
67 78
67 79
67 79
66 80
66 81
65 82
65 83
65 83
64 84
64 85
64 85
64 86
63 87
63 88
63 88
63 88
62 88
62 88
62 87
62 86
62 86
62 85
63 84
63 83
63 82
63 81
64 80
64 79
64 78
64 77
65 76
65 75
65 74
65 73
66 72
66 71
66 70
67 69
67 68
67 67
67 66
68 65
68 64
68 63
68 62
69 61
69 60
69 59
70 58
70 57
70 56
70 55
71 54
71 53
71 52
71 51
72 50
72 49
72 48
72 47
73 46
73 45
73 44
74 43
74 42
74 41
74 40
75 39
75 38
75 37
75 36
76 35
76 34
76 33
77 32
77 31
77 30
77 29
78 28
78 27
78 26
78 25
79 24
79 23
79 22
79 21
80 20
80 19
80 19
80 18
80 17
80 17
80 16
80 15
80 15
80 15
80 15
80 15
80 16
80 17
80 17
79 18
79 18
79 19
79 20
79 21
79 21
79 22
79 23
79 24
79 25
79 25
79 26
79 27
79 28
79 29
79 29
79 30
79 31
79 32
79 33
79 33
79 34
79 35
79 36
79 36
79 37
79 38
79 39
79 39
79 40
79 41
79 42
79 42
79 43
79 43
79 44
79 45
79 45
80 45
80 45
80 44
80 44
80 43
80 42
80 41
80 40
79 39
79 38
79 37
79 36
79 35
79 34
79 34
79 33
79 32
79 31
79 30
79 29
79 28
79 28
79 27
79 26
79 26
80 25
80 25
80 24
80 24
81 23
81 23
82 22
83 21
83 21
84 20
85 20
85 20
86 20
86 20
87 20
87 20
88 20
88 20
88 21
88 21
89 22
89 22
88 23
88 24
88 24
88 25
88 26
88 26
88 27
87 28
87 29
87 29
86 30
86 31
85 32
85 32
85 33
84 34
84 35
84 35
83 36
82 37
82 37
81 38
81 39
81 39
80 40
80 40
80 41
80 41
81 41
81 41
82 41
82 41
83 40
83 40
84 39
84 39
85 39
85 39
86 38
87 38
87 38
87 37
87 37
88 37
88 37
88 37
87 38
86 39
85 40
84 41
83 41
82 42
81 43
80 44
80 44
79 45
79 46
78 47
78 47
77 47
77 47
77 48
77 49
77 49
77 50
77 51
77 51
77 52
77 53
77 54
77 54
77 55
77 56
77 57
77 57
77 58
77 59
77 60
77 61
77 61
77 62
77 63
77 64
77 65
77 65
77 66
77 67
77 68
77 69
77 69
77 70
77 71
77 72
77 72
77 73
77 74
77 75
77 75
77 76
77 77
77 77
78 78
78 78
78 78
78 78
78 77
78 76
78 76
78 75
78 74
78 74
78 73
78 72
78 72
78 71
78 70
78 69
78 69
78 68
78 67
78 67
78 66
78 65
78 64
78 64
78 63
78 62
78 62
79 61
79 61
80 60
80 59
80 59
81 58
81 57
81 57
82 56
82 55
83 54
83 54
84 53
85 52
85 52
86 51
87 51
88 50
88 50
89 49
90 49
90 49
91 48
92 48
92 48
93 48
93 48
94 48
94 48
94 49
94 49
94 50
94 50
94 51
94 52
94 52
93 53
93 54
92 55
92 55
91 56
91 57
90 58
90 58
89 59
89 60
88 61
88 62
88 62
87 63
87 64
86 65
86 65
85 66
85 67
84 68
84 69
84 69
83 70
82 71
82 71
81 72
81 72
81 73
81 73
81 73
81 72
81 72
82 71
82 71
83 70
84 69
84 69
85 68
85 67
85 67
86 66
87 65
87 65
88 64
88 64
89 63
90 62
90 62
91 61
91 61
92 60
92 60
92 59
92 59
93 58
93 58
93 57
93 57
93 56
92 55
92 54
91 53
91 52
91 51
90 50
90 49
89 48
89 47
89 47
89 46
89 45
88 44
88 43
88 42
88 42
88 41
88 40
88 40
88 40
88 40
88 40
88 41
88 41
88 42
89 43
89 44
89 44
89 45
89 46
89 47
89 47
89 48
89 49
89 50
89 51
89 51
89 52
89 53
88 54
88 55
88 56
88 56
88 57
88 58
88 59
88 60
88 61
88 61
88 62
88 63
88 64
88 65
88 65
88 66
88 67
88 68
88 69
88 69
88 70
88 71
88 72
88 72
88 73
87 74
87 75
87 75
87 76
87 77
87 77
87 78
87 79
87 79
86 80
86 80
85 81
85 81
84 82
84 82
83 83
83 83
82 84
81 84
81 84
80 85
79 86
79 86
78 87
78 87
77 88
77 88
76 88
76 88
76 88
76 87
76 87
77 86
77 86
78 85
79 85
79 85
80 84
81 83
81 83
82 82
83 81
84 80
84 80
85 79
86 78
86 78
87 77
88 77
89 76
89 76
90 75
91 75
91 75
92 74
93 74
93 74
94 73
95 72
95 72
96 72
96 72
97 71
97 71
97 71
97 70
97 70
97 70
97 70
97 69
97 69
96 68
96 68
95 67
95 67
95 67
94 66
94 66
94 66
94 66
94 66
94 66
94 66
95 67
95 67
96 68
96 68
96 69
97 70
97 71
97 71
98 72
98 73
98 73
98 74
98 75
98 76
98 76
99 77
99 78
99 78
99 79
99 80
99 81
99 81
99 82
100 83
100 84
100 84
100 85
100 86
100 87
