1 49
1 49
1 49
2 48
2 48
3 48
3 48
3 47
3 46
3 46
4 45
4 45
5 44
5 43
6 42
6 42
7 41
7 40
7 40
7 39
8 38
8 37
8 37
9 36
9 35
9 35
10 34
10 33
10 33
10 32
10 32
10 32
10 31
10 31
10 30
9 29
9 28
9 27
9 26
8 25
8 24
8 24
8 23
7 22
7 21
7 20
7 20
7 20
7 21
7 21
7 22
7 23
7 23
7 24
7 25
7 26
7 26
7 27
8 28
8 29
8 30
8 30
8 31
8 32
8 33
8 34
8 35
8 36
8 36
8 37
8 38
8 39
8 40
8 41
8 42
8 43
8 44
8 44
8 45
8 46
8 47
8 48
8 49
8 50
8 51
8 51
8 52
8 53
8 54
8 55
9 56
9 57
9 58
9 59
9 60
9 60
9 61
9 62
9 63
9 64
9 65
9 66
9 67
9 68
9 68
9 69
9 70
9 71
9 72
9 73
9 74
9 75
9 76
9 76
9 77
9 78
9 79
9 80
9 81
9 82
9 82
9 83
9 84
10 85
10 86
10 87
10 88
10 88
10 89
10 90
10 91
10 92
10 92
10 93
10 94
10 95
10 95
10 96
10 97
10 98
10 98
10 99
10 99
10 99
10 98
10 97
10 96
10 95
10 94
10 93
10 92
10 91
9 90
9 89
9 88
9 87
9 86
9 85
9 84
9 83
9 82
9 81
9 81
9 80
9 79
9 78
9 77
9 76
8 75
8 74
8 73
8 72
8 71
8 70
8 70
8 69
7 68
7 67
7 67
6 66
6 65
6 65
6 65
6 66
6 66
6 67
5 68
5 69
5 69
5 70
4 71
4 72
4 72
4 73
3 74
3 75
3 75
3 76
3 77
3 78
3 79
3 79
3 80
3 81
2 82
2 83
2 84
2 84
2 85
1 86
1 87
1 87
0 88
0 89
0 89
0 90
0 91
0 92
0 92
0 93
0 93
0 92
1 91
1 90
1 89
1 88
2 87
2 86
2 85
2 84
3 83
3 82
3 81
4 80
4 79
4 78
4 77
5 76
5 75
5 74
5 73
6 72
6 71
6 70
6 69
7 68
7 67
7 67
8 66
9 66
9 66
10 67
10 67
11 68
11 68
12 69
12 70
12 70
13 71
13 72
13 72
14 73
14 73
14 74
14 74
15 75
15 75
15 76
15 76
16 76
16 76
16 75
16 74
16 73
16 72
16 71
16 70
16 69
16 68
16 67
16 66
16 65
16 64
16 63
16 62
16 61
16 60
16 59
16 58
16 57
16 56
16 55
16 54
16 53
16 52
16 51
16 50
16 49
16 48
16 47
16 46
16 45
16 44
16 43
16 42
16 41
16 40
16 39
16 38
16 37
16 37
16 36
17 35
17 34
17 34
17 33
17 33
17 32
17 32
18 31
18 31
18 31
19 30
19 30
20 29
20 29
21 28
21 28
22 27
22 27
23 26
23 26
24 25
24 25
25 24
25 24
26 24
26 24
27 24
27 24
27 25
27 25
27 26
27 27
27 27
27 28
27 29
27 30
27 30
27 31
26 32
26 33
26 33
26 34
25 35
25 36
25 37
25 37
25 38
24 39
24 40
23 41
23 42
23 42
23 43
23 44
22 45
22 46
22 47
22 47
22 48
21 49
21 50
21 50
21 51
20 52
20 53
20 53
19 54
19 55
19 55
19 56
19 56
19 56
19 56
19 56
19 56
20 55
20 55
21 54
22 53
22 53
23 52
23 52
24 51
25 50
25 50
26 49
26 49
27 48
28 48
28 48
29 47
30 46
30 46
31 46
32 46
32 46
33 45
34 45
34 45
35 45
35 45
36 46
36 46
37 47
37 48
37 48
37 49
37 50
37 51
37 51
37 52
38 53
38 54
38 54
38 55
38 56
38 57
38 58
38 58
38 59
38 60
38 61
38 62
38 62
38 63
37 64
37 65
37 66
37 66
37 67
36 68
36 69
36 70
36 70
36 71
35 72
35 73
35 74
35 74
35 75
34 76
34 77
34 77
34 78
33 79
33 80
33 81
33 81
33 82
32 83
32 84
32 84
31 85
30 86
30 86
29 87
29 87
29 86
29 85
29 84
28 83
28 82
28 81
28 80
28 79
28 78
28 77
27 76
27 75
27 74
27 73
27 72
27 71
26 70
26 69
26 68
26 67
26 66
26 65
26 64
25 63
25 62
25 61
25 60
25 60
25 60
24 59
24 59
24 60
24 61
24 61
24 62
24 63
24 64
24 64
24 65
24 66
24 67
24 68
24 68
24 69
23 70
23 71
23 72
23 72
23 73
23 74
23 75
23 75
23 76
22 77
22 78
22 79
22 79
22 80
22 81
22 82
22 82
21 83
21 84
21 84
21 85
21 85
21 84
22 83
22 82
22 81
23 80
23 79
23 78
24 77
24 76
24 75
25 74
25 73
25 72
25 71
26 70
26 69
26 68
27 67
27 66
27 65
28 64
28 63
28 62
29 61
29 60
29 60
29 61
29 61
29 62
29 63
29 63
29 64
29 65
29 66
29 66
29 67
29 68
29 69
29 70
29 71
29 71
29 72
29 73
28 74
28 75
28 76
28 76
28 77
28 78
27 79
27 80
27 81
27 81
27 82
27 83
26 84
26 85
26 86
26 86
26 87
26 88
25 89
25 90
25 91
25 91
25 92
25 93
24 94
24 95
24 96
24 96
24 97
24 98
24 99
24 100
24 100
24 99
25 98
25 97
26 96
26 95
26 94
27 93
27 92
27 91
28 90
28 89
29 88
29 87
29 86
30 85
30 84
31 83
31 82
31 81
32 80
32 79
33 78
33 77
33 76
34 75
34 74
34 73
35 72
35 71
36 70
36 69
36 68
37 67
37 66
38 65
38 64
38 63
39 62
39 61
39 60
40 59
40 58
41 57
41 56
41 55
42 54
42 53
43 52
43 51
43 50
44 49
44 48
44 47
45 46
45 45
46 44
46 43
46 42
47 41
47 40
48 39
48 38
48 37
49 36
49 35
50 34
50 33
50 32
51 31
51 30
51 29
52 28
52 27
53 26
53 25
53 24
54 23
54 22
55 21
55 20
55 19
56 18
56 17
56 16
57 15
57 14
58 13
58 12
58 12
59 11
60 11
60 11
61 11
61 11
62 11
62 11
62 12
62 12
63 12
63 12
63 13
63 14
63 14
63 15
63 15
63 16
63 17
63 18
63 18
63 19
62 20
62 21
62 22
62 22
62 23
61 24
61 25
61 26
61 26
61 27
60 28
60 29
60 29
60 30
59 31
59 32
59 33
59 33
59 34
58 35
58 36
58 36
58 37
57 38
57 39
57 39
57 40
57 41
57 41
57 42
57 42
57 43
57 43
57 42
57 42
58 41
58 41
59 40
59 40
60 39
60 38
60 38
61 37
62 36
62 36
63 36
63 36
64 36
64 36
65 36
66 36
66 36
66 37
66 37
67 38
67 39
67 39
67 40
67 41
67 41
67 42
67 43
67 44
67 45
67 45
67 46
67 47
67 48
67 48
67 49
67 50
67 51
67 52
67 52
67 53
66 54
66 55
66 56
66 56
66 57
65 58
65 59
65 60
65 60
65 61
65 62
65 63
65 64
65 65
65 65
65 66
64 67
64 68
64 69
64 69
64 70
63 71
63 72
63 72
63 73
62 74
62 75
62 75
62 76
62 77
62 78
62 78
61 79
61 80
61 80
61 81
61 82
61 82
61 83
61 83
61 82
61 81
61 80
62 79
62 78
62 77
62 76
62 75
62 74
63 73
63 72
63 71
63 70
63 69
63 68
63 67
64 66
64 65
64 64
64 63
64 62
64 61
65 60
65 59
65 58
65 57
65 56
65 55
65 54
66 53
66 52
66 51
66 50
66 49
66 48
67 47
67 46
67 45
67 44
67 43
67 42
67 41
68 40
68 39
68 38
68 37
68 36
68 35
69 34
69 33
69 32
69 31
69 30
69 29
69 28
70 27
70 26
70 25
70 24
70 23
70 22
71 21
71 20
71 19
71 18
71 17
71 16
71 15
72 14
72 13
72 12
72 11
72 10
72 9
73 8
73 7
73 6
73 5
73 5
73 6
73 7
73 8
73 9
73 9
72 10
72 11
72 11
72 12
72 13
72 13
72 14
72 15
72 15
72 16
72 17
72 17
72 18
72 18
72 19
72 19
72 19
72 19
72 18
72 18
72 17
72 16
72 16
72 15
73 14
73 13
73 13
73 12
73 11
73 11
73 10
74 9
74 8
74 8
74 7
75 6
75 5
75 5
76 4
76 3
76 3
77 2
77 2
77 1
77 1
78 1
78 1
79 1
79 1
80 1
80 1
81 2
81 2
81 2
81 3
81 4
81 4
81 5
81 6
81 6
81 7
80 8
80 9
80 9
80 10
80 11
80 12
80 12
79 13
79 14
79 14
78 15
78 16
78 16
77 17
77 18
77 18
77 19
77 19
77 19
77 18
77 18
77 17
77 17
78 16
78 16
79 15
79 14
79 14
80 13
80 13
80 13
81 13
81 13
80 14
80 15
79 16
79 17
78 18
78 19
77 20
77 21
76 22
76 23
76 23
76 24
75 25
75 26
75 27
75 27
75 28
75 29
75 30
75 30
75 31
75 32
75 33
75 33
75 34
74 35
74 36
74 36
74 37
74 38
74 39
74 39
74 40
73 41
73 42
73 43
73 43
73 44
73 45
73 46
73 46
72 47
72 48
72 48
72 49
72 50
72 50
72 51
72 51
72 51
72 51
72 51
72 50
72 50
72 49
72 48
72 48
73 47
73 46
73 46
73 45
73 44
73 44
73 43
74 42
74 41
74 41
75 40
75 39
75 39
75 38
76 37
76 36
76 36
77 35
78 34
78 34
79 33
79 32
79 32
80 31
80 30
80 30
81 29
81 28
81 28
82 27
83 27
83 27
83 27
84 27
84 27
84 28
84 28
84 29
84 30
84 30
84 31
84 32
84 32
84 33
83 34
83 35
83 35
83 36
83 37
83 38
83 38
82 39
82 40
81 41
81 42
81 42
81 43
80 44
80 45
80 46
80 46
80 47
79 48
79 49
79 49
78 50
78 51
78 51
77 52
77 53
77 53
77 53
77 53
77 53
78 52
78 52
79 51
79 51
80 50
80 49
80 49
81 48
81 48
82 47
82 46
82 46
83 45
83 45
84 44
84 44
85 43
85 42
85 42
85 41
85 41
86 40
86 40
86 39
86 38
86 38
86 37
86 37
85 36
85 35
85 35
85 34
85 34
84 33
84 32
84 32
84 31
84 30
84 30
83 29
83 28
83 28
83 27
83 27
82 26
82 26
81 25
81 25
81 24
81 24
80 24
80 24
80 24
80 25
80 25
79 25
79 25
79 26
79 27
79 27
79 28
79 29
79 29
79 30
79 31
79 32
79 32
79 33
79 34
79 35
79 35
79 36
79 37
79 38
79 39
79 39
79 40
78 41
78 42
78 42
78 43
78 44
78 45
78 45
78 46
78 47
78 48
78 48
78 49
78 50
78 51
78 52
78 52
78 53
78 54
78 55
78 56
78 56
78 57
77 58
77 59
77 60
77 60
77 61
77 62
77 63
77 64
77 65
77 65
77 66
77 67
77 68
77 68
77 69
76 70
76 71
76 71
76 72
76 73
76 74
76 74
76 75
76 76
76 76
76 77
76 77
76 78
76 78
76 78
77 79
77 79
78 78
78 78
79 77
79 77
80 76
80 75
80 75
80 74
81 73
81 72
81 72
82 71
82 70
83 69
83 69
83 68
84 67
84 66
84 66
85 65
85 64
86 63
86 62
86 62
86 61
86 60
87 59
87 58
87 57
87 57
87 56
88 55
88 54
88 53
88 53
89 52
89 51
90 50
90 50
90 49
90 48
90 47
90 47
91 46
91 45
91 45
91 44
91 44
92 43
92 43
92 43
93 42
93 42
94 41
94 41
95 41
95 41
96 41
96 41
97 42
97 42
98 43
98 44
98 44
98 45
98 46
98 46
98 47
99 48
99 49
99 49
99 50
99 51
99 52
99 52
99 53
99 54
100 55
100 56
100 57
100 57
100 58
100 59
99 60
99 61
99 62
99 62
99 63
99 64
99 65
99 66
99 67
99 68
99 68
99 69
99 70
98 71
98 72
98 73
98 74
98 74
98 75
98 76
97 77
97 78
97 79
97 80
