2 34
1 35
1 35
0 34
0 34
0 33
0 32
0 31
0 31
0 31
0 31
0 31
1 31
1 31
2 31
2 31
3 30
3 30
4 29
4 29
5 28
6 28
6 28
7 27
8 27
8 27
9 26
10 25
10 25
11 24
12 23
12 23
13 22
14 21
14 21
15 20
15 19
15 19
16 18
16 17
16 17
17 16
17 16
17 15
17 15
17 14
17 13
17 13
16 12
16 11
16 11
15 10
15 9
15 9
14 8
13 7
13 7
12 6
12 6
11 5
10 5
10 5
9 6
9 6
8 7
8 7
7 8
7 8
7 9
7 10
7 11
7 12
7 12
7 13
7 14
7 15
7 16
7 16
7 17
7 18
7 19
7 20
7 21
7 22
7 23
7 24
7 25
7 25
7 26
7 27
7 28
7 29
7 30
7 31
7 32
7 33
7 34
7 35
7 36
7 36
7 37
7 38
7 39
7 40
7 41
7 42
7 43
7 44
7 45
7 46
7 47
7 48
7 49
7 49
7 50
7 51
7 52
7 53
7 54
8 55
8 56
8 57
8 58
8 59
8 60
8 61
8 61
8 62
8 63
8 64
8 65
8 66
8 67
8 68
8 69
8 70
8 71
8 71
8 72
8 73
8 74
8 75
8 76
8 77
8 78
8 79
8 80
8 80
8 81
8 82
8 83
8 84
8 85
8 86
8 87
8 87
8 88
8 89
8 90
8 91
8 91
8 92
8 93
8 94
8 94
8 95
8 95
8 96
8 96
8 96
8 96
8 95
8 94
8 94
8 93
8 92
8 92
8 91
8 90
8 89
8 88
8 87
8 87
8 86
8 85
8 84
8 83
8 82
8 81
8 80
8 79
8 78
8 77
8 76
9 75
9 74
9 73
9 72
9 71
9 70
9 69
9 68
9 67
9 66
9 65
9 64
9 63
9 63
9 62
9 61
9 60
9 59
9 58
9 57
9 56
9 55
9 54
9 53
9 52
9 51
9 50
9 49
9 49
9 48
9 47
8 46
8 45
8 44
8 44
8 43
8 42
8 42
8 41
8 41
7 42
7 42
7 43
7 44
7 44
7 45
6 46
6 47
6 48
6 48
6 49
5 50
5 51
5 52
5 52
5 53
5 54
4 55
4 56
4 57
4 57
4 58
4 59
3 60
3 61
3 62
3 62
3 63
2 64
2 65
2 65
2 66
1 67
1 68
1 68
0 69
0 70
0 70
0 71
0 71
0 71
0 70
0 69
1 68
1 67
1 66
1 65
2 64
2 63
2 62
2 62
2 61
3 60
3 59
4 58
4 57
5 56
5 55
5 55
5 54
6 53
6 52
6 52
7 51
8 50
8 50
9 49
10 49
10 49
11 49
11 49
12 50
13 51
13 51
14 52
14 52
15 53
15 53
16 54
16 54
17 54
17 54
17 53
17 52
17 51
17 50
17 49
17 48
17 47
17 46
17 45
17 44
17 43
17 42
17 41
17 40
18 39
18 38
18 37
18 36
18 35
18 34
18 33
18 32
18 31
18 30
18 29
18 28
18 27
18 26
18 25
18 24
18 24
17 23
17 22
17 22
17 21
17 20
17 20
17 19
17 19
17 18
17 18
18 17
18 17
19 16
19 15
19 15
20 14
20 13
20 13
21 12
21 11
21 11
22 10
22 10
23 9
23 9
24 9
24 9
25 9
26 9
26 9
27 10
27 10
27 10
28 11
28 12
28 12
28 13
28 13
28 14
28 15
28 15
28 16
28 17
28 17
28 18
27 19
27 20
27 21
27 21
27 22
27 23
26 24
26 25
26 26
26 26
26 27
25 28
25 29
24 30
24 31
24 31
24 32
24 33
23 34
23 35
23 36
23 36
23 37
22 38
22 39
21 40
21 41
21 41
21 42
20 43
20 44
20 45
20 45
19 46
19 47
18 48
18 49
18 49
17 50
17 51
17 51
16 52
16 53
16 53
15 54
15 54
15 54
15 54
16 53
16 53
17 52
17 52
18 51
19 50
19 50
20 49
20 48
21 47
21 47
22 46
23 45
23 45
24 44
25 44
26 43
26 43
27 43
28 42
29 42
29 42
30 42
31 43
32 43
32 43
33 43
34 44
35 44
35 44
36 45
36 46
37 47
37 47
38 48
39 49
39 49
39 50
40 51
40 52
40 52
40 53
41 54
41 55
41 56
41 56
41 57
41 58
41 59
41 60
41 60
41 61
41 62
41 63
41 64
41 65
41 66
41 66
41 67
41 68
40 69
40 70
40 71
40 72
40 72
40 73
39 74
39 75
39 76
38 77
38 78
38 78
38 79
38 80
37 81
37 82
37 83
37 84
37 84
37 85
36 86
36 87
36 88
35 89
35 90
35 90
34 91
34 92
33 93
33 93
32 94
32 95
31 96
31 96
30 97
29 98
29 98
28 99
28 100
28 100
27 100
27 100
26 100
26 100
25 99
25 99
25 98
25 97
25 96
25 95
25 95
25 94
25 93
25 92
26 91
26 90
26 89
26 88
26 87
26 86
26 85
26 84
27 83
27 82
27 81
27 80
27 79
27 78
27 77
28 76
28 75
28 74
28 73
28 72
28 71
28 70
28 69
29 68
29 67
29 66
29 65
29 64
29 63
29 62
30 61
30 60
30 59
30 58
30 57
30 56
30 55
30 54
31 53
31 52
31 51
31 50
31 50
31 50
31 50
30 51
30 52
30 52
29 53
29 54
29 54
29 55
28 56
28 57
28 58
28 58
28 59
28 60
27 61
27 62
27 63
27 63
26 64
26 65
25 66
25 67
25 67
25 68
24 69
24 70
24 70
23 71
23 72
23 72
22 73
22 74
22 74
22 75
22 75
21 75
21 75
21 74
22 73
22 72
23 71
23 70
24 69
24 68
25 67
25 66
26 65
26 64
27 63
27 62
28 61
28 60
29 59
29 58
30 57
30 56
31 55
31 54
32 53
32 52
32 52
33 53
34 53
34 53
34 53
34 54
34 55
34 56
34 56
34 57
34 58
34 59
34 60
34 61
34 61
34 62
34 63
33 64
33 65
33 66
33 66
33 67
33 68
32 69
32 70
32 71
32 71
32 72
31 73
31 74
31 75
31 75
30 76
30 77
30 77
29 78
29 79
28 80
28 80
28 81
28 81
27 81
27 81
27 80
28 79
28 78
29 77
29 76
30 75
30 74
31 73
31 72
31 71
32 70
32 69
33 68
33 67
34 66
34 65
34 64
35 63
35 62
36 61
36 60
37 59
37 58
38 57
38 56
38 55
39 54
39 53
40 52
40 51
41 50
41 49
42 48
42 47
42 46
43 45
43 44
44 43
44 42
45 41
45 40
45 39
46 38
46 37
47 36
47 35
48 34
48 33
49 32
49 31
49 30
50 29
50 28
51 27
51 26
52 25
52 24
52 23
53 22
53 21
54 20
54 19
55 18
55 17
56 16
56 15
56 15
57 15
57 15
57 14
57 14
56 13
56 13
56 13
57 13
57 13
57 12
57 12
57 12
58 11
58 11
58 11
59 10
59 10
60 10
60 10
61 9
61 9
62 8
62 8
63 8
63 8
64 7
65 7
65 7
66 7
66 7
67 8
67 8
68 9
68 9
68 10
68 10
69 11
69 11
69 12
69 12
69 13
69 13
69 14
69 15
69 15
69 16
69 17
69 18
69 18
69 19
68 20
68 21
68 21
67 22
67 23
66 24
66 25
66 25
66 26
65 27
65 28
65 29
65 29
64 30
64 31
63 32
63 32
63 33
62 34
62 35
62 35
61 36
61 37
60 38
60 39
60 39
59 40
59 41
58 42
58 42
57 43
57 44
57 44
57 45
56 46
56 47
56 47
55 48
55 48
55 48
55 48
55 48
56 48
56 48
57 47
57 47
58 46
58 45
58 45
59 44
60 44
60 44
61 43
61 43
62 42
63 42
63 42
64 43
65 43
65 43
66 44
67 44
67 44
68 45
68 46
69 47
69 47
69 48
70 49
70 50
70 50
70 51
70 52
71 53
71 54
71 55
71 55
71 56
71 57
71 58
71 59
71 59
71 60
71 61
71 62
71 63
71 63
71 64
70 65
70 66
70 67
70 67
70 68
69 69
69 70
69 70
68 71
68 72
67 73
67 73
67 74
66 75
66 76
66 76
65 77
65 78
64 79
64 79
63 80
62 80
61 81
61 81
60 82
60 83
60 83
59 83
59 83
58 82
58 81
58 81
58 80
58 79
58 79
58 78
58 77
59 76
59 75
59 74
59 73
59 72
59 71
60 70
60 69
60 68
60 67
60 66
60 65
61 64
61 63
61 62
61 61
61 60
61 59
62 58
62 57
62 56
62 55
62 54
62 53
63 52
63 51
63 50
63 49
63 48
63 47
64 46
64 45
64 44
64 43
64 42
64 41
65 40
65 39
65 38
65 37
65 36
65 35
66 34
66 33
66 32
66 31
66 30
66 29
67 28
67 27
67 26
67 25
67 24
67 23
68 22
68 21
68 20
68 19
68 18
68 17
69 16
69 15
69 14
69 13
69 13
70 14
70 15
70 15
70 14
70 14
70 15
70 16
70 16
70 17
70 18
70 19
70 19
70 20
71 21
71 22
71 23
71 23
71 24
71 25
71 26
71 26
72 27
72 28
72 28
72 29
72 29
72 29
72 29
72 29
73 29
73 29
73 28
73 27
73 26
73 25
73 24
73 23
73 22
73 21
73 20
73 19
73 18
73 17
73 16
73 15
73 14
73 13
73 12
73 11
73 11
73 10
74 9
74 8
74 8
74 7
74 7
74 6
74 6
75 5
75 5
76 4
76 4
77 3
77 3
78 2
78 2
79 1
79 1
80 1
80 1
81 0
81 0
82 0
82 0
83 0
83 0
84 1
84 1
85 2
85 2
86 3
86 3
87 4
87 4
88 5
88 5
88 6
88 6
88 7
88 7
87 8
87 9
87 9
86 10
86 11
86 11
86 12
85 13
85 14
85 14
84 15
83 16
83 16
83 17
82 18
82 19
82 19
81 20
81 21
80 22
80 22
79 23
78 24
78 24
77 25
77 25
76 26
76 26
75 26
75 26
75 26
76 25
76 25
77 24
77 23
77 23
78 22
78 21
78 21
79 20
80 19
80 19
81 18
81 17
81 17
82 16
83 16
83 16
83 17
82 18
82 19
82 20
82 21
81 22
81 23
81 24
80 25
80 26
80 27
79 28
79 29
79 30
79 31
78 32
78 33
78 33
78 34
77 35
77 36
76 37
76 38
76 38
75 39
75 39
75 40
75 41
75 41
75 42
74 43
74 44
74 45
74 45
74 46
74 47
74 48
74 48
74 49
74 50
74 51
74 52
74 52
74 53
74 54
74 55
74 55
74 56
74 57
74 57
74 58
74 59
74 59
74 60
74 60
75 60
75 60
75 61
75 61
75 61
75 60
75 60
75 60
76 59
76 58
76 58
76 57
76 56
76 56
76 55
76 55
76 54
76 53
76 52
76 52
77 51
77 50
77 50
77 49
77 48
77 47
77 47
77 46
78 45
78 44
78 44
79 43
80 42
80 42
81 41
81 41
82 40
82 40
83 39
83 39
84 39
85 39
85 39
86 39
86 39
87 40
87 40
88 41
88 41
88 42
88 42
88 43
88 44
88 44
88 45
87 46
87 47
87 47
86 48
86 49
86 49
85 50
85 51
84 52
84 53
84 53
84 54
83 55
83 56
83 56
82 57
81 58
80 59
80 59
79 60
79 61
78 62
78 62
77 63
77 64
77 64
76 65
75 65
75 65
75 65
75 65
75 64
75 63
75 63
75 62
75 61
75 60
75 60
75 59
76 58
76 57
76 57
76 56
77 55
77 54
77 53
77 53
77 52
78 51
78 50
78 49
78 49
78 48
79 47
79 46
79 45
79 45
79 44
79 43
79 42
79 41
79 40
79 40
79 39
80 38
80 37
80 36
80 36
80 35
81 34
81 33
81 33
81 32
81 31
81 31
82 31
82 31
82 31
82 32
82 32
82 33
82 33
82 34
82 35
82 36
82 37
82 37
82 38
82 39
82 40
82 41
82 41
82 42
82 43
82 44
82 45
82 45
82 46
81 47
81 48
81 49
81 49
81 50
81 51
81 52
81 53
81 53
81 54
81 55
81 56
81 56
81 57
80 58
80 59
80 60
80 60
80 61
80 62
80 63
80 63
80 64
79 65
79 66
79 66
79 67
79 68
79 68
78 69
78 70
78 70
78 71
78 72
78 72
78 73
78 73
78 74
78 74
79 74
79 74
79 74
80 73
80 73
81 72
81 72
82 71
82 71
83 70
83 70
84 69
84 69
85 68
85 67
85 67
86 66
87 65
87 65
88 64
88 64
89 63
89 62
89 62
90 61
90 61
90 60
90 60
91 60
91 60
91 59
91 59
92 59
92 59
92 58
92 58
92 58
93 57
93 57
93 56
93 56
94 55
94 55
95 54
95 54
95 53
95 53
96 53
96 53
96 53
97 54
97 54
97 55
97 56
97 57
97 57
97 58
98 59
98 60
98 60
98 61
99 62
99 63
99 64
99 64
99 65
99 66
99 67
99 68
99 69
99 70
99 70
99 71
99 72
100 73
100 74
100 75
100 76
100 76
100 77
100 78
100 79
100 80
100 81
100 81
100 82
99 83
99 84
99 85
99 85
99 86
99 87
99 88
99 88
98 89
