1 32
1 33
1 34
1 34
0 33
0 33
0 32
0 32
0 32
0 32
0 32
1 32
1 32
2 31
2 30
2 30
3 29
4 29
4 29
5 28
6 28
6 28
7 27
8 27
8 27
9 27
10 26
11 26
11 26
12 25
13 24
13 24
14 23
15 23
15 23
16 22
17 22
17 22
18 21
18 21
19 20
19 20
20 19
20 19
20 19
20 18
20 18
19 17
18 16
17 15
16 14
15 13
14 12
14 12
13 11
13 10
12 9
12 8
11 7
11 7
11 6
10 5
10 4
10 4
9 3
9 2
9 2
9 1
9 1
9 0
9 0
9 1
9 1
9 2
9 2
9 3
10 4
10 5
10 6
10 6
10 7
10 8
10 9
10 10
10 11
10 12
10 13
10 13
10 14
10 15
10 16
11 17
11 18
11 19
11 20
11 21
11 21
11 22
11 23
11 24
11 25
11 26
11 27
11 28
11 29
11 30
11 31
11 32
11 33
11 33
11 34
11 35
11 36
11 37
11 38
11 39
11 40
11 41
11 42
11 43
11 44
11 45
11 45
11 46
11 47
11 48
11 49
11 50
11 51
11 52
11 53
11 54
11 55
11 56
11 57
11 58
11 58
11 59
11 60
11 61
11 62
11 63
12 64
12 65
12 66
12 67
12 68
12 69
12 69
12 70
12 71
12 72
12 73
12 74
12 75
12 76
12 77
12 77
12 78
12 79
12 80
12 81
12 82
12 83
12 83
12 84
12 85
12 86
12 87
12 88
12 88
12 89
12 90
12 90
12 91
12 91
12 91
12 91
12 90
12 90
12 89
12 88
12 87
12 86
12 85
12 84
12 83
12 82
12 81
12 80
12 79
12 78
12 77
12 76
12 75
12 74
12 73
12 72
12 71
12 70
12 69
12 68
12 67
12 66
12 65
12 64
12 63
12 62
12 61
12 60
12 59
12 58
12 57
12 56
12 55
12 54
12 53
12 52
12 51
12 50
12 49
12 48
12 47
12 46
12 45
12 44
12 43
12 43
12 42
12 41
12 40
12 39
12 38
12 37
12 36
12 36
12 35
12 35
12 36
12 36
12 37
11 38
11 39
11 39
11 40
11 41
10 42
10 43
10 44
10 44
10 45
10 46
9 47
9 48
9 49
9 49
9 50
8 51
8 52
7 53
7 54
7 54
7 55
7 56
6 57
6 58
6 59
6 59
6 60
5 61
5 62
5 62
4 63
4 64
4 64
3 65
3 66
3 66
3 66
3 65
3 64
4 63
4 62
4 61
4 60
5 59
5 58
5 57
5 56
6 55
6 54
6 53
6 53
7 52
7 51
8 50
8 49
9 48
9 47
9 47
10 46
10 45
11 44
11 44
12 44
13 44
13 44
14 45
14 45
15 46
15 47
15 47
16 48
17 49
17 49
18 50
18 50
19 51
19 51
20 52
20 52
20 52
20 52
20 51
20 50
20 49
20 48
20 47
20 46
20 45
20 44
20 43
20 42
20 41
20 40
20 39
20 38
20 37
21 36
21 35
21 34
21 33
21 32
21 31
21 30
21 29
21 28
21 27
21 26
21 25
21 24
21 23
21 22
21 21
21 20
21 20
21 19
20 18
20 17
20 16
20 16
20 15
20 14
20 14
20 13
20 13
20 13
20 13
20 12
20 12
21 12
21 12
21 12
22 11
22 11
23 11
23 11
24 11
24 11
25 12
25 12
26 13
26 13
26 14
26 14
27 15
27 15
27 16
27 16
28 17
28 17
27 18
27 19
27 19
27 20
27 21
27 22
27 23
27 23
27 24
26 25
26 26
26 26
26 27
25 28
25 29
25 30
25 30
25 31
24 32
24 33
24 34
24 34
23 35
23 36
22 37
22 37
22 38
21 39
21 40
21 40
20 41
20 42
20 42
20 43
20 43
20 43
20 43
20 43
21 42
22 42
22 42
23 41
23 41
24 40
25 40
25 40
26 39
27 39
27 39
28 38
29 38
29 38
30 38
31 38
31 38
32 38
33 39
34 39
34 39
35 40
36 41
36 41
37 42
38 43
39 44
39 44
40 45
40 46
41 47
41 48
41 48
41 49
41 50
42 51
42 52
42 53
42 53
42 54
42 55
43 56
43 57
43 58
43 59
43 59
43 60
43 61
44 62
44 63
44 64
44 65
44 65
44 66
44 67
44 68
44 69
44 70
44 70
44 71
44 72
44 73
44 74
44 75
44 75
44 76
44 77
43 78
43 79
43 80
43 80
43 81
42 82
42 83
41 84
41 85
41 85
41 86
40 87
40 88
39 89
39 90
39 90
38 91
38 92
37 93
37 94
37 94
37 95
36 96
36 97
36 97
35 98
34 99
34 99
33 100
32 100
32 100
31 100
31 100
30 100
30 100
29 99
28 98
28 98
28 97
28 96
28 95
28 94
28 93
28 92
28 91
28 90
28 89
28 88
28 87
28 86
28 85
28 84
28 83
28 82
28 81
28 80
28 79
28 78
28 77
28 76
28 75
28 74
28 73
28 72
28 71
28 70
28 69
28 68
28 67
28 66
28 65
28 64
28 63
28 62
28 61
28 60
28 59
28 58
28 57
28 56
28 55
28 54
28 53
28 52
28 51
28 51
29 50
29 49
30 48
30 47
30 47
30 47
30 48
30 48
29 49
29 50
29 50
29 51
29 52
29 53
29 54
29 54
29 55
28 56
28 57
28 58
28 58
27 59
27 60
26 61
26 62
26 62
25 63
25 64
25 64
24 65
24 66
24 66
23 67
23 68
23 68
23 68
23 67
24 66
24 65
25 64
25 63
26 62
26 61
27 60
27 59
27 58
28 57
28 56
29 55
29 54
30 53
30 52
30 52
31 52
32 52
33 52
34 52
34 52
35 53
35 54
35 54
35 55
34 56
34 57
34 57
34 58
33 59
33 60
33 61
33 61
33 62
33 63
32 64
32 65
32 66
32 66
32 67
32 68
31 69
31 70
31 71
31 71
30 72
30 73
29 74
29 75
29 75
28 76
28 77
28 77
27 78
27 79
27 79
26 80
25 81
25 81
24 82
24 82
25 81
25 80
26 79
26 78
27 77
27 76
28 75
29 74
29 73
30 72
30 71
31 70
31 69
32 68
33 67
33 66
34 65
34 64
35 63
35 62
36 61
37 60
37 59
38 58
38 57
39 56
39 55
40 54
41 53
41 52
42 51
42 50
43 49
43 48
44 47
45 46
45 45
46 44
46 43
47 42
47 41
48 40
49 39
49 38
50 37
50 36
51 35
51 34
52 33
53 32
53 31
54 30
54 29
55 28
55 27
56 26
57 25
57 24
58 23
58 22
59 21
59 20
60 19
60 19
59 19
59 19
59 18
59 18
59 18
59 18
59 18
59 18
59 18
59 18
59 18
59 18
60 18
60 18
60 17
60 17
61 16
61 16
62 16
62 16
63 15
64 15
64 15
65 15
65 15
66 15
66 15
67 16
67 16
68 16
68 16
69 17
69 17
70 17
70 17
70 18
70 18
71 19
71 19
71 20
71 20
70 21
70 22
70 22
70 23
69 24
69 25
69 25
69 26
68 27
68 28
68 28
68 29
67 30
67 31
67 31
66 32
66 33
65 34
65 35
65 35
65 36
64 37
64 38
64 38
63 39
63 40
62 41
62 41
61 42
60 43
60 43
60 44
59 45
59 46
59 46
58 47
58 47
57 48
57 49
57 49
57 50
57 50
57 50
57 50
58 50
58 50
59 49
59 49
60 48
61 48
61 48
62 47
63 47
63 47
64 47
65 47
65 47
66 48
67 48
67 48
68 49
69 49
69 49
69 50
70 51
70 52
70 52
71 53
72 54
72 54
72 55
72 56
72 57
72 57
72 58
73 59
73 60
73 60
73 61
73 62
73 62
73 63
72 64
72 65
72 65
72 66
71 67
71 68
71 68
70 69
70 70
69 71
69 71
68 72
68 73
67 74
67 74
66 75
66 76
66 76
65 77
64 77
64 77
63 77
62 77
62 77
61 77
61 77
61 76
61 76
60 75
60 74
60 74
60 73
60 72
61 71
61 70
61 69
61 68
62 67
62 66
62 65
62 64
63 63
63 62
63 61
63 60
64 59
64 58
64 57
64 56
65 55
65 54
65 53
65 52
66 51
66 50
66 49
66 48
67 47
67 46
67 45
67 44
67 43
68 42
68 41
68 40
68 39
69 38
69 37
69 36
69 35
70 34
70 33
70 32
70 31
71 30
71 29
71 28
71 27
72 26
72 25
72 24
72 23
73 22
73 21
73 20
73 19
74 18
74 17
74 16
74 16
74 17
74 18
74 19
74 19
74 19
74 18
74 18
74 19
74 19
74 20
74 21
74 22
74 22
74 23
74 24
74 25
74 25
74 26
74 27
74 27
74 28
74 29
74 29
74 30
74 30
75 30
75 30
75 30
75 30
75 31
75 31
75 30
75 29
75 28
75 27
75 26
75 25
76 24
76 23
76 22
76 21
76 20
76 19
76 18
76 18
77 17
77 17
77 16
77 16
78 15
78 15
79 14
79 14
80 14
80 14
81 14
81 14
82 14
82 14
83 14
84 14
84 14
85 14
85 14
86 15
86 15
87 16
87 16
87 17
87 17
88 18
88 18
88 19
88 20
88 20
87 21
87 22
87 22
87 23
86 24
86 25
86 25
85 26
84 27
84 27
84 28
83 29
83 30
83 30
82 31
81 32
81 32
80 33
79 34
79 34
78 35
77 35
77 35
76 36
75 36
75 36
74 37
74 37
74 37
74 37
75 36
75 36
76 35
76 35
77 34
77 33
77 33
77 34
77 35
78 36
78 37
78 38
78 38
78 39
78 40
78 41
78 42
78 43
78 44
78 45
78 46
78 46
77 46
77 46
77 47
76 48
76 49
76 49
76 50
75 51
75 52
75 53
75 53
75 54
74 55
74 56
74 57
74 57
74 58
74 59
74 59
74 60
74 61
74 61
75 62
75 62
75 62
75 62
74 62
74 62
74 62
74 61
74 61
74 60
74 60
75 59
75 59
75 58
75 57
75 57
75 56
75 55
75 55
76 54
76 53
76 53
76 52
77 51
77 50
77 50
78 49
78 49
79 48
79 48
80 47
80 47
81 46
82 46
82 46
83 46
83 46
84 46
85 46
85 46
86 46
86 46
87 47
87 47
88 48
88 48
89 49
89 49
89 49
89 50
89 50
89 51
89 52
89 52
88 53
88 54
88 54
87 55
87 56
86 57
86 57
85 58
85 59
84 60
84 60
83 61
82 62
82 62
81 63
81 64
81 64
80 64
80 64
79 65
79 65
79 65
78 64
78 64
78 63
78 62
78 61
79 60
79 59
79 58
79 57
79 56
79 55
79 54
79 53
80 52
80 51
80 50
80 49
80 48
80 47
80 46
80 45
81 44
81 43
81 42
81 41
81 41
82 41
82 41
82 41
82 42
82 43
82 43
82 44
82 45
82 46
82 46
82 47
82 48
82 49
82 50
82 51
82 51
82 52
82 53
82 54
82 55
82 56
82 56
82 57
82 58
81 59
81 60
81 61
81 61
81 62
81 63
81 64
81 64
81 65
81 66
81 67
81 67
81 68
81 69
81 69
80 70
80 70
80 71
80 71
80 72
80 72
81 72
81 72
81 72
82 72
83 72
83 72
84 71
84 70
84 70
85 69
86 68
86 68
87 67
88 66
88 66
89 65
90 64
90 64
91 63
91 62
91 62
92 61
93 60
93 60
94 59
94 59
95 58
95 58
96 58
96 58
97 59
97 59
98 60
98 61
98 61
98 62
99 63
99 64
99 64
99 65
99 66
99 67
99 68
99 69
99 69
99 70
99 71
100 72
100 73
100 74
100 74
100 75
99 76
99 77
99 78
99 78
99 79
99 80
99 81
99 82
99 83
99 83
99 84
98 85
98 86
98 87
