0 37
0 36
0 36
0 36
0 36
0 36
0 36
1 36
1 36
2 35
3 35
3 35
4 34
5 34
5 34
6 33
7 33
8 32
8 32
9 31
10 30
11 29
11 29
12 28
13 27
14 26
14 26
15 25
16 24
17 23
18 22
18 22
19 21
20 20
20 20
21 19
21 18
21 18
22 17
22 17
21 16
21 15
21 15
21 14
20 13
20 12
19 11
19 10
18 9
18 8
18 7
17 6
17 5
16 4
16 3
15 2
15 1
15 1
15 1
15 2
15 2
14 2
14 2
14 3
14 4
14 5
14 5
14 6
14 7
14 8
14 9
14 10
14 11
14 11
14 12
14 13
14 14
14 15
14 16
14 17
14 18
14 19
14 19
14 20
14 21
14 22
14 23
14 24
14 25
14 26
14 27
14 27
14 28
14 29
14 30
14 31
14 32
14 33
14 34
14 35
14 36
14 37
14 37
14 38
14 39
14 40
14 41
14 42
14 43
14 44
14 45
14 46
14 47
14 48
14 48
14 49
14 50
14 51
14 52
14 53
14 54
14 55
14 56
14 57
14 58
14 59
14 59
14 60
14 61
14 62
14 63
14 64
14 65
14 66
14 67
14 68
14 69
14 70
14 70
14 71
14 72
14 73
14 74
14 75
14 76
14 77
14 78
14 79
14 80
14 80
14 81
14 82
14 83
14 84
14 85
14 86
14 87
14 88
14 88
14 89
14 90
14 91
14 92
14 93
14 93
14 94
13 95
13 96
13 97
13 97
13 98
13 99
13 100
13 100
13 100
13 99
13 98
13 97
13 96
13 95
13 94
13 93
13 92
13 91
13 90
13 89
13 88
13 87
13 86
13 85
13 84
13 83
13 82
13 81
13 80
13 79
13 78
13 77
13 76
13 75
13 74
13 73
13 72
13 71
13 70
14 69
14 68
14 67
14 66
14 65
14 64
14 63
14 62
14 61
14 60
14 59
14 58
14 57
14 56
14 55
14 54
14 53
14 52
14 51
14 50
14 49
14 48
14 47
14 46
14 45
14 44
14 43
14 42
14 41
14 40
14 39
14 38
14 38
15 38
15 38
14 37
14 36
14 36
14 37
14 38
14 38
14 39
13 40
13 41
13 42
13 42
13 43
13 44
12 45
12 46
12 47
12 48
12 48
12 49
12 50
12 51
11 52
11 53
11 54
11 55
11 55
11 56
10 57
10 58
10 59
10 60
9 61
9 62
9 62
9 63
8 64
8 65
8 66
8 67
7 68
7 69
7 69
7 70
6 71
6 72
5 73
5 74
5 74
5 75
4 76
4 77
4 77
4 78
4 78
4 77
4 76
5 75
5 74
5 73
5 72
6 71
6 70
6 69
6 68
7 67
7 66
7 65
7 64
7 63
8 62
8 61
8 60
8 59
9 58
9 57
9 56
9 55
10 54
10 53
10 52
10 52
11 52
12 52
13 51
14 51
15 51
15 51
16 51
16 51
16 52
16 52
17 53
18 53
18 53
18 54
19 55
19 56
19 56
20 57
20 58
21 59
21 59
22 60
22 61
22 61
22 62
23 63
23 64
23 64
23 65
23 66
23 66
23 67
23 68
23 68
23 67
23 66
23 65
23 64
23 63
23 62
23 61
23 60
24 59
24 58
24 57
24 56
24 55
24 54
24 53
24 52
24 51
24 50
24 49
24 48
24 47
24 46
24 45
24 44
25 43
25 42
25 41
25 40
25 39
25 38
25 37
25 36
25 35
25 34
25 33
25 32
25 31
25 30
25 29
25 28
25 27
26 26
26 25
26 24
26 23
26 22
26 21
26 20
26 19
26 18
26 18
27 17
27 16
28 15
28 15
28 14
28 13
28 12
28 12
28 11
28 10
28 9
28 9
29 8
30 8
30 8
31 9
31 9
32 10
32 10
32 11
33 12
33 13
33 13
33 14
34 15
34 16
34 16
34 17
34 18
34 19
34 20
34 20
34 21
34 22
34 23
34 23
34 24
34 25
34 26
34 27
34 27
34 28
33 29
33 30
33 31
33 31
33 32
33 33
32 34
32 35
32 36
32 36
32 37
31 38
31 39
31 40
31 40
30 41
30 42
29 43
29 44
29 44
28 45
28 46
27 47
27 48
27 48
26 49
26 50
26 50
25 51
25 51
25 52
25 52
25 52
25 52
26 52
26 52
27 53
28 53
28 53
29 53
30 52
31 52
31 52
32 52
33 51
34 51
34 51
35 51
36 50
37 50
37 50
38 50
39 50
40 50
41 50
41 50
42 51
43 51
44 52
44 52
45 53
46 54
46 54
46 55
47 56
47 57
47 57
47 58
47 59
47 60
47 61
47 61
47 62
47 63
46 64
46 65
46 66
46 66
46 67
46 68
45 69
45 70
45 71
45 71
45 72
44 73
44 74
43 75
43 76
43 76
42 77
42 78
41 79
41 80
41 80
40 81
40 82
39 83
39 84
39 84
38 85
38 86
37 87
37 87
36 88
36 88
35 88
35 88
35 87
35 86
35 85
35 84
34 83
34 82
34 81
34 80
34 79
34 78
34 77
34 76
34 75
34 74
33 73
33 72
33 71
33 70
33 69
33 68
33 67
33 66
33 65
32 64
32 63
32 62
32 61
32 60
32 59
32 58
32 57
32 56
32 55
31 54
31 53
31 52
31 51
31 50
31 50
31 49
32 48
32 47
32 47
32 47
32 46
32 46
32 47
32 47
32 48
32 49
32 50
32 51
32 51
32 52
32 53
31 54
31 55
31 56
31 56
31 57
31 58
30 59
30 60
30 61
30 61
30 62
29 63
29 64
29 65
28 66
28 67
28 67
28 68
28 69
27 70
27 71
27 72
27 73
27 73
27 74
27 75
26 76
26 77
26 78
26 78
26 79
26 80
26 81
26 81
25 82
25 82
25 82
25 81
25 80
26 79
26 78
26 77
26 76
27 75
27 74
27 73
27 72
28 71
28 70
28 69
28 68
29 67
29 66
29 65
29 64
29 63
30 62
30 61
30 60
30 59
31 58
31 57
31 56
31 55
32 54
32 53
32 52
32 51
33 50
33 49
33 48
33 48
34 49
34 50
35 51
35 52
36 53
36 53
36 52
36 52
35 53
35 54
35 54
35 55
35 56
35 57
35 58
35 59
35 59
35 60
35 61
34 62
34 63
34 64
34 65
34 65
34 66
34 67
34 68
33 69
33 70
33 71
33 72
33 72
33 73
32 74
32 75
32 76
32 77
31 78
31 79
31 80
31 80
31 81
31 82
31 83
31 84
30 85
30 86
30 87
30 88
30 89
30 89
30 90
30 91
29 92
29 93
29 94
29 95
28 96
28 97
28 98
28 98
28 97
29 96
29 95
30 94
30 93
31 92
31 91
31 90
32 89
32 88
33 87
33 86
34 85
34 84
35 83
35 82
35 81
36 80
36 79
37 78
37 77
38 76
38 75
38 74
39 73
39 72
40 71
40 70
41 69
41 68
41 67
42 66
42 65
43 64
43 63
44 62
44 61
45 60
45 59
45 58
46 57
46 56
47 55
47 54
48 53
48 52
48 51
49 50
49 49
50 48
50 47
51 46
51 45
52 44
52 43
52 42
53 41
53 40
54 39
54 38
55 37
55 36
55 35
56 34
56 33
57 32
57 31
58 30
58 29
58 28
59 27
59 26
60 25
60 24
61 23
61 22
62 21
62 20
62 19
63 18
63 17
64 16
64 15
65 14
65 13
65 13
64 12
64 12
63 11
63 10
63 10
63 10
63 9
63 9
63 9
64 8
65 8
65 8
66 8
66 8
67 8
68 8
68 8
69 8
69 8
70 9
71 10
71 10
71 11
71 12
71 12
71 13
72 14
72 15
72 15
72 16
72 17
71 18
71 19
71 20
71 20
71 21
70 22
70 23
70 24
70 24
70 25
69 26
69 27
68 28
68 29
68 29
68 30
67 31
67 32
66 33
66 34
66 34
66 35
65 36
65 37
64 38
64 39
64 39
63 40
63 41
62 42
62 42
62 43
61 44
61 45
61 45
60 46
60 46
59 47
59 47
59 48
59 48
59 49
59 49
60 50
60 50
61 50
62 50
62 50
63 50
64 50
64 50
65 50
66 50
66 50
67 50
68 50
68 50
69 51
70 52
70 52
71 53
72 54
72 54
72 55
73 56
73 57
73 57
73 58
73 59
73 60
73 61
73 61
73 62
73 63
73 64
73 65
73 66
73 66
73 67
73 68
72 69
72 70
72 71
72 72
72 72
72 73
72 74
71 75
71 76
71 77
71 77
70 78
70 79
69 80
69 81
69 81
68 82
68 83
67 84
67 84
66 85
66 85
65 86
65 86
64 85
64 85
63 84
63 83
63 83
63 82
63 81
63 80
63 79
63 79
63 78
63 77
63 76
64 75
64 74
64 73
64 72
64 71
64 70
65 69
65 68
65 67
65 66
65 65
65 64
65 63
66 62
66 61
66 60
66 59
66 58
66 57
66 56
67 55
67 54
67 53
67 52
67 51
67 50
68 49
68 48
68 47
68 46
68 45
68 44
68 43
69 42
69 41
69 40
69 39
69 38
69 37
69 36
70 35
70 34
70 33
70 32
70 31
70 30
71 29
71 28
71 27
71 26
71 25
71 24
71 23
72 22
72 21
72 20
72 19
72 19
72 18
73 17
73 16
74 15
74 14
74 13
75 12
75 11
76 10
76 9
76 9
76 8
77 7
77 6
77 5
77 5
77 4
77 3
77 2
77 1
77 1
78 1
78 1
78 2
78 2
79 3
79 4
79 4
79 5
79 6
79 7
79 8
79 8
79 9
79 10
79 11
79 12
79 13
79 14
79 14
79 15
79 16
79 17
79 18
79 19
79 20
79 21
79 21
79 22
79 23
79 24
79 25
79 26
79 26
79 27
79 28
79 29
79 30
79 30
79 31
79 32
79 33
79 33
79 34
79 34
79 34
79 33
79 32
79 32
79 31
80 30
80 29
80 28
80 28
80 27
80 26
81 25
81 24
81 23
81 23
81 22
81 21
82 20
82 19
82 18
82 18
82 17
82 16
82 15
83 14
83 13
83 12
83 11
83 11
83 10
84 9
84 8
84 7
84 7
84 6
84 5
84 4
84 4
85 4
85 4
85 3
85 3
86 3
86 3
87 4
87 4
88 5
88 6
88 6
88 7
88 8
88 9
88 9
88 10
88 11
88 12
88 12
88 13
88 14
88 15
88 16
88 16
88 17
87 18
87 19
86 20
86 21
86 21
85 22
85 23
84 24
84 25
84 25
83 26
83 27
82 28
82 29
82 29
81 30
81 31
80 32
80 32
79 33
79 34
79 34
79 34
79 34
79 34
79 33
79 33
80 32
80 32
81 31
82 31
82 31
83 30
84 30
84 30
85 30
86 30
86 30
87 31
87 31
87 32
87 32
86 33
85 34
84 35
83 36
83 37
82 38
81 39
80 40
79 41
79 41
78 40
77 40
77 40
77 39
77 39
76 39
76 39
76 40
76 40
76 41
76 41
76 42
76 43
76 44
76 45
76 45
76 46
77 47
77 48
77 49
77 49
77 50
77 51
77 52
77 53
77 54
77 54
77 55
77 56
77 57
77 58
77 58
77 59
77 60
77 60
78 61
78 62
78 62
78 62
78 61
78 61
78 60
78 59
78 59
78 58
79 57
79 56
79 55
79 55
79 54
79 53
80 52
80 51
80 50
80 50
80 49
80 48
81 47
81 46
81 45
81 45
81 44
82 43
82 42
82 42
83 41
83 41
84 40
85 40
85 40
86 40
86 40
87 41
88 41
88 41
89 41
90 41
90 41
91 42
91 42
92 43
92 44
92 44
91 45
91 46
91 46
91 47
90 48
90 49
90 49
90 50
89 51
89 52
88 53
88 54
88 54
87 55
86 56
85 57
85 57
84 58
84 59
83 60
83 61
83 61
82 62
81 62
80 63
80 63
79 64
79 64
78 64
78 64
79 64
79 64
79 64
80 63
80 62
80 62
81 61
82 61
82 61
83 60
84 59
84 59
85 58
86 58
87 57
87 57
88 57
89 56
90 56
90 56
91 55
92 55
92 55
93 54
93 54
92 54
92 54
91 53
91 52
91 52
90 51
89 51
89 51
89 50
88 49
88 48
88 47
88 47
87 46
87 45
86 44
86 43
86 43
86 42
85 41
85 40
85 39
85 39
85 38
85 37
85 36
85 35
85 35
84 34
84 33
84 33
84 33
84 33
84 34
84 35
84 36
84 36
84 37
84 38
85 39
85 40
85 41
85 41
85 42
85 43
85 44
85 45
85 46
85 46
85 47
85 48
84 49
84 50
84 51
84 52
84 52
84 53
84 54
84 55
84 56
84 57
84 58
84 59
84 59
84 60
84 61
83 62
83 63
83 64
83 65
83 65
83 66
83 67
82 68
82 69
82 70
82 71
82 71
82 72
82 73
82 74
82 75
82 75
81 76
81 77
80 78
79 79
78 80
78 81
77 82
76 83
76 84
75 85
75 85
74 86
74 87
74 87
73 86
73 86
73 85
73 85
74 84
74 84
75 83
75 82
76 81
76 81
77 80
78 79
78 79
79 79
80 78
81 78
81 78
82 78
83 77
84 77
84 77
85 77
86 76
87 76
87 76
88 76
89 75
90 75
90 75
91 75
92 75
92 75
93 75
94 75
94 75
95 75
95 75
95 74
95 74
96 74
96 74
96 73
95 72
95 71
95 71
95 70
95 69
95 68
95 68
95 67
95 67
95 66
95 65
95 65
95 64
95 64
96 64
96 64
97 64
97 64
98 65
98 65
98 66
98 67
98 67
98 68
99 69
99 70
99 71
99 71
99 72
99 73
100 74
100 75
100 76
100 76
100 77
100 78
99 79
99 80
99 81
99 81
99 82
99 83
99 84
99 85
99 86
99 87
99 87
99 88
99 89
98 90
98 91
98 92
98 92
98 93
98 94
97 95
97 96
97 97
97 97
97 98
97 99
97 100
