0 36
0 37
0 38
0 38
0 38
0 38
0 39
0 39
1 39
2 39
2 39
3 39
4 39
4 39
5 38
6 38
6 38
7 37
8 37
9 36
9 36
10 35
11 34
12 33
13 32
13 32
14 31
15 30
16 29
17 28
17 28
18 27
19 26
19 25
20 24
20 24
21 23
22 23
23 22
23 22
24 21
24 20
24 20
24 19
24 19
24 18
24 17
24 17
23 16
23 16
22 15
21 15
21 15
20 14
19 13
19 13
18 12
18 11
18 11
17 10
17 9
16 8
16 8
15 7
15 6
15 6
14 5
14 4
14 4
13 3
13 3
13 3
13 4
13 4
13 5
13 6
13 7
13 8
13 8
13 9
13 10
13 11
13 12
13 13
13 13
13 14
13 15
13 16
13 17
13 18
13 19
13 20
13 21
13 21
13 22
13 23
13 24
13 25
13 26
13 27
13 28
13 29
13 30
13 30
13 31
13 32
13 33
13 34
13 35
14 36
14 37
14 38
14 39
14 40
14 41
14 41
14 42
14 43
14 44
14 45
14 46
14 47
14 48
14 49
14 50
14 51
14 52
14 53
14 53
14 54
14 55
14 56
14 57
14 58
14 59
14 60
14 61
14 62
14 63
14 64
14 64
14 65
14 66
14 67
14 68
15 69
15 70
15 71
15 72
15 73
15 74
15 74
15 75
15 76
15 77
15 78
15 79
15 80
15 81
15 82
15 82
15 83
15 84
15 85
15 86
15 86
15 87
15 88
15 88
15 89
15 90
15 90
15 89
15 88
15 87
15 86
15 85
15 84
15 83
15 82
15 81
15 80
15 79
15 78
15 77
15 76
15 75
15 74
15 73
15 72
15 71
15 70
15 69
15 68
15 67
15 66
15 65
15 64
15 63
15 62
15 61
15 60
15 59
15 58
15 57
15 56
15 55
15 54
15 53
15 52
15 51
15 50
15 49
15 48
15 47
15 46
15 45
15 44
15 43
15 42
15 41
15 40
15 39
15 38
15 37
15 36
15 35
15 34
15 33
15 32
15 32
15 32
15 31
14 30
14 29
14 29
14 30
14 31
14 32
14 32
14 33
14 34
13 35
13 36
13 37
13 37
13 38
13 39
12 40
12 41
12 42
12 43
12 43
12 44
12 45
11 46
11 47
11 48
11 49
11 49
11 50
10 51
10 52
10 53
9 54
9 55
9 55
8 56
7 57
7 58
6 59
6 59
6 60
5 61
5 62
5 63
5 63
4 64
3 65
3 65
2 66
2 66
2 65
3 64
3 63
3 62
4 61
4 60
4 59
5 58
5 57
5 56
6 55
6 54
6 53
7 52
7 51
7 50
8 49
8 48
8 47
9 46
9 45
9 45
10 45
11 46
12 46
13 47
14 47
14 47
15 47
15 47
16 46
17 46
17 46
18 47
18 48
19 49
19 49
20 50
21 51
22 52
22 52
22 53
23 54
23 55
23 55
23 56
24 57
24 58
24 58
25 59
25 60
25 60
26 61
26 62
26 62
26 63
26 63
26 62
26 61
26 60
26 59
26 58
26 57
26 56
26 55
26 54
26 53
26 52
26 51
26 50
26 49
26 48
26 47
26 46
26 45
26 44
26 43
26 42
26 41
26 40
26 39
26 38
26 37
26 36
25 35
25 34
25 33
25 32
25 31
25 30
25 29
25 28
25 27
25 26
25 25
25 24
25 23
25 22
25 21
25 20
25 19
25 18
25 17
25 16
25 15
25 14
25 13
25 12
25 11
25 10
25 9
25 8
25 8
25 8
25 7
25 7
25 7
25 6
25 6
26 6
26 6
27 7
27 7
28 7
28 7
29 8
30 8
30 8
31 9
32 10
32 10
33 11
33 12
33 12
33 13
34 14
34 15
34 15
34 16
35 17
35 18
35 19
35 19
35 20
34 21
34 22
34 22
34 23
33 24
33 25
33 26
33 26
33 27
32 28
32 29
31 30
31 31
31 31
31 32
30 33
30 34
29 35
29 36
29 36
28 37
28 38
27 39
27 40
27 40
26 41
26 42
25 43
25 44
25 44
24 45
23 46
23 46
23 47
22 48
22 49
22 49
22 50
22 50
22 50
23 50
23 50
24 50
24 50
25 50
26 50
26 50
27 50
28 49
29 49
30 49
30 49
31 48
32 48
33 47
34 47
34 47
35 47
36 47
37 47
38 47
39 47
39 47
40 47
41 47
42 47
42 47
43 48
44 48
45 49
45 49
46 50
46 51
47 52
47 52
47 53
47 54
47 55
47 55
47 56
47 57
47 58
47 59
47 59
47 60
46 61
46 62
46 63
46 63
45 64
45 65
44 66
44 67
43 68
43 69
43 69
42 70
42 71
41 72
41 73
40 74
40 74
40 75
39 76
39 77
39 78
38 79
38 80
38 80
37 81
36 82
36 83
35 84
35 84
34 85
33 86
33 86
32 87
32 88
32 88
31 88
31 88
30 88
30 88
30 87
30 86
30 85
30 84
30 83
30 82
30 81
30 80
30 79
30 78
30 77
30 76
30 75
30 74
30 73
30 72
30 71
30 70
30 69
30 68
30 67
30 66
31 65
31 64
31 63
31 62
31 61
31 60
31 59
31 58
31 57
31 56
31 55
31 54
31 53
31 52
31 51
31 50
31 49
31 48
31 47
31 46
31 45
31 44
31 43
31 43
32 42
32 42
31 42
31 42
30 41
30 41
30 42
30 43
30 44
30 44
30 45
30 46
29 47
29 48
29 49
29 50
29 50
29 51
28 52
28 53
28 54
27 55
27 56
27 56
27 57
27 58
27 59
26 60
26 61
26 62
26 63
26 63
26 64
25 65
25 66
25 67
24 68
24 69
24 69
24 70
23 71
23 72
23 73
22 74
22 75
22 75
22 76
21 77
21 78
21 78
21 79
21 80
21 80
22 81
22 81
22 80
23 79
23 78
23 77
24 76
24 75
24 74
25 73
25 72
26 71
26 70
26 69
27 68
27 67
27 66
28 65
28 64
28 63
29 62
29 61
29 60
30 59
30 58
31 57
31 56
31 55
32 54
32 53
32 52
33 51
33 50
33 50
34 51
35 51
36 52
36 52
36 51
35 50
35 49
35 49
35 50
35 51
35 51
35 52
35 53
35 54
35 55
35 55
35 56
35 57
34 58
34 59
34 60
34 61
34 61
34 62
33 63
33 64
33 65
32 66
32 67
32 67
32 68
31 69
31 70
31 71
30 72
30 73
30 73
30 74
29 75
29 76
28 77
28 78
27 79
27 80
27 80
27 79
28 78
28 77
29 76
29 75
30 74
30 73
31 72
31 71
32 70
32 69
33 68
33 67
34 66
34 65
35 64
35 63
36 62
36 61
37 60
37 59
38 58
38 57
39 56
39 55
40 54
40 53
41 52
41 51
42 50
42 49
43 48
43 47
44 46
44 45
45 44
45 43
46 42
46 41
47 40
47 39
48 38
48 37
49 36
49 35
50 34
50 33
51 32
51 31
52 30
52 29
53 28
53 27
54 26
54 25
55 24
55 23
56 22
56 21
57 20
57 19
58 18
58 17
59 16
59 15
60 14
60 13
60 13
60 12
60 12
60 11
60 10
60 10
60 9
60 8
60 8
60 8
61 7
61 7
62 7
63 7
63 7
64 7
64 7
65 8
66 8
66 8
67 9
68 9
68 9
69 10
69 11
69 11
69 12
70 13
70 14
70 14
70 15
69 16
69 17
69 18
69 18
69 19
68 20
68 21
68 22
68 22
67 23
67 24
66 25
66 26
66 26
66 27
65 28
65 29
64 30
64 31
64 31
63 32
63 33
62 34
62 35
62 35
61 36
61 37
60 38
60 39
60 39
59 40
59 41
58 42
58 42
57 43
57 44
57 44
56 45
56 45
56 46
56 46
56 47
56 47
57 47
57 47
58 48
59 48
59 48
60 48
61 48
62 48
62 48
63 48
64 48
65 48
65 48
66 49
67 49
68 50
68 50
69 51
69 52
70 53
70 53
71 54
71 55
72 56
72 57
72 57
72 58
72 59
72 60
72 61
72 62
72 63
72 63
72 64
72 65
72 66
72 67
72 68
72 69
72 69
72 70
72 71
71 72
71 73
71 74
71 74
71 75
70 76
70 77
69 78
69 79
69 79
68 80
68 81
67 82
67 83
67 83
66 84
65 85
65 85
64 86
64 86
63 86
63 86
62 85
62 85
62 84
62 83
62 82
62 82
62 81
62 80
62 79
62 78
62 78
62 77
62 76
62 75
63 74
63 73
63 72
63 71
63 70
63 69
64 68
64 67
64 66
64 65
64 64
64 63
65 62
65 61
65 60
65 59
65 58
65 57
65 56
66 55
66 54
66 53
66 52
66 51
66 50
67 49
67 48
67 47
67 46
67 45
67 44
68 43
68 42
68 41
68 40
68 39
68 38
68 37
69 36
69 35
69 34
69 33
69 32
69 31
70 30
70 29
70 28
70 27
70 26
70 25
70 24
71 23
71 22
71 21
71 20
71 19
71 18
72 17
72 16
72 15
72 14
72 13
72 12
73 11
73 10
73 9
73 8
73 8
74 7
75 7
76 6
77 6
77 6
77 5
77 4
77 3
77 2
77 1
77 1
77 0
77 0
77 1
77 2
77 3
77 4
77 4
78 5
78 6
79 7
79 7
79 8
79 9
79 10
79 11
79 12
79 13
79 13
79 14
79 15
79 16
79 17
79 18
79 19
79 19
79 20
79 21
79 22
79 23
79 24
79 25
79 26
79 26
79 27
79 28
79 29
79 30
79 31
79 31
79 32
79 33
79 34
79 35
79 35
79 36
79 37
79 37
79 37
79 37
79 36
79 35
79 35
79 34
79 33
79 32
79 31
79 31
79 30
79 29
80 28
80 27
80 26
80 25
80 25
80 24
80 23
80 22
81 21
81 20
81 19
81 18
81 18
81 17
82 16
82 15
82 14
83 13
83 12
83 12
83 11
83 10
84 9
84 8
84 7
84 7
85 6
85 6
86 6
86 6
87 7
87 7
88 8
88 9
88 9
89 10
89 11
89 11
89 12
89 13
89 14
89 14
89 15
89 16
89 17
89 17
88 18
88 19
87 20
87 21
87 21
86 22
86 23
85 24
85 25
85 25
84 26
84 27
83 28
83 29
83 29
82 30
81 30
80 31
80 31
79 32
79 33
79 33
78 33
78 33
78 33
79 33
79 33
79 32
79 32
80 31
81 31
81 31
82 30
82 30
83 30
84 30
84 30
85 30
85 30
86 31
86 31
86 32
86 33
86 33
85 34
84 35
83 36
82 37
81 38
80 39
79 40
78 41
78 41
77 41
76 42
75 42
75 42
75 41
75 41
74 41
74 41
74 41
74 41
74 42
74 43
74 43
74 44
75 45
75 46
75 47
75 47
75 48
75 49
75 50
75 51
75 52
75 52
75 53
75 54
76 55
76 56
76 57
76 57
76 58
76 59
76 60
76 60
76 61
76 62
76 63
76 63
76 63
76 63
76 62
76 62
76 61
76 60
76 59
76 59
76 58
75 57
75 56
75 55
75 55
75 54
75 53
76 52
76 51
76 50
76 50
76 49
76 48
76 47
76 46
76 45
76 45
76 44
77 43
77 42
77 41
77 41
78 40
79 39
79 39
80 38
80 37
80 37
81 37
82 37
82 37
83 37
84 37
85 37
85 37
86 37
87 37
88 37
88 37
89 38
90 38
90 38
91 39
91 39
91 40
92 41
92 42
92 42
91 43
91 44
91 44
91 45
90 46
90 47
89 48
89 49
89 49
88 50
88 51
87 52
87 53
87 53
86 54
85 55
84 55
83 56
83 56
82 57
81 58
81 59
80 60
80 60
79 61
78 62
77 63
76 64
76 64
75 65
74 65
74 65
73 66
73 66
73 66
74 65
74 65
75 65
75 65
76 64
77 63
77 63
78 62
79 62
80 61
80 61
81 60
82 60
83 59
83 59
84 58
85 58
86 57
87 57
87 57
88 57
89 56
90 56
90 56
91 55
91 55
91 54
91 54
91 53
91 53
90 52
89 51
89 51
88 50
88 49
87 48
87 48
87 48
87 47
86 46
86 45
86 44
86 43
85 42
85 41
85 40
85 39
84 38
84 37
84 36
84 35
83 34
83 33
83 33
82 32
82 31
82 31
82 30
82 30
82 31
82 31
82 32
82 33
82 34
82 34
82 35
82 36
82 37
82 38
82 39
82 39
82 40
82 41
82 42
82 43
82 44
82 44
82 45
82 46
82 47
82 48
82 49
82 50
82 51
82 52
82 52
82 53
82 54
82 55
82 56
82 57
82 58
82 59
82 59
82 60
82 61
82 62
81 63
81 64
81 65
81 66
81 66
81 67
81 68
80 69
80 70
80 71
80 72
80 72
80 73
80 74
79 75
79 76
79 77
79 77
79 78
78 79
78 80
78 81
78 81
78 82
77 83
77 84
77 84
76 85
75 85
75 85
74 86
73 86
73 86
72 85
72 85
71 84
71 83
71 83
71 82
71 82
71 81
71 81
71 80
71 80
72 80
72 80
73 79
74 79
74 79
75 78
76 78
76 78
77 77
78 77
79 76
79 76
80 76
81 75
82 75
83 75
83 75
84 75
85 75
86 75
87 75
87 75
88 75
89 75
89 75
90 75
90 75
90 74
90 73
90 72
90 71
91 70
91 69
91 68
91 67
91 66
91 66
91 65
91 64
91 64
91 63
91 63
92 62
92 62
93 63
93 63
94 63
94 63
95 64
96 65
96 65
97 66
98 67
98 67
98 68
99 69
99 70
99 71
99 71
99 72
99 73
100 74
100 75
100 76
100 76
100 77
100 78
99 79
99 80
99 81
99 81
99 82
99 83
98 84
98 85
98 86
98 86
98 87
97 88
97 89
96 90
96 91
96 91
96 92
95 93
95 94
94 95
94 96
94 96
93 97
93 98
92 99
92 100
