0 5
0 5
0 4
0 4
0 5
0 5
0 6
0 6
0 7
0 8
0 9
0 9
0 10
0 11
0 11
0 12
1 13
1 14
1 14
2 15
2 15
3 16
4 17
4 17
5 17
5 17
6 17
7 17
7 17
8 16
9 15
10 14
11 13
12 12
13 11
13 10
14 9
15 8
16 7
17 6
18 5
19 4
19 4
20 3
21 2
22 2
23 1
23 1
24 0
24 0
24 0
24 1
24 1
23 2
23 2
22 3
22 3
21 4
21 5
20 6
20 6
19 7
18 8
17 9
17 9
16 10
16 11
15 12
15 12
14 13
14 14
13 15
13 15
12 16
11 17
11 17
10 18
10 18
9 19
9 19
9 20
9 20
9 21
9 22
9 22
9 23
9 24
9 24
9 25
10 26
10 27
10 27
10 28
10 29
10 30
10 30
10 31
10 32
10 32
10 33
11 34
11 35
11 36
11 36
11 37
11 38
11 39
11 40
11 41
11 41
11 42
11 43
12 44
12 45
12 46
12 47
12 47
12 48
12 49
12 50
12 51
12 52
12 52
12 53
12 54
12 55
12 56
12 57
12 58
12 58
12 59
13 60
13 61
13 62
13 62
13 63
13 64
13 65
13 66
13 66
13 67
13 68
13 69
13 70
13 70
13 71
13 72
13 72
13 71
14 70
14 69
14 68
14 67
15 66
15 65
15 64
15 63
16 62
16 61
16 60
16 59
17 58
17 57
17 56
18 55
18 54
18 53
18 52
19 51
19 50
19 49
19 48
20 47
20 46
20 45
20 44
21 43
21 42
21 41
21 40
22 39
22 38
22 38
23 37
24 37
24 37
24 37
24 38
24 39
24 39
24 40
24 41
24 41
25 42
25 43
25 43
25 44
25 45
25 46
25 46
25 47
25 48
25 49
25 49
25 50
25 51
25 52
25 53
25 53
25 54
25 55
25 56
25 56
25 57
26 58
26 59
26 59
26 60
26 60
26 60
26 59
26 58
26 57
26 56
26 55
26 54
26 53
26 52
26 51
26 50
26 49
26 48
26 47
26 46
26 45
26 44
26 43
26 42
26 41
26 40
26 39
26 38
26 37
26 36
26 35
26 34
26 33
26 32
26 31
26 30
26 29
26 28
26 27
26 26
26 25
26 24
26 23
26 22
26 22
26 23
26 23
26 22
26 22
26 21
26 21
26 22
26 22
26 23
26 23
27 24
27 25
27 25
28 26
28 27
29 28
29 29
30 30
30 31
30 31
30 32
31 33
31 34
31 34
31 34
31 34
31 35
31 36
31 36
32 37
32 38
32 38
32 39
32 40
32 41
32 42
32 42
32 43
32 44
32 45
32 46
32 46
32 47
33 48
33 49
33 50
33 50
33 51
33 52
33 53
33 54
33 55
33 55
33 56
33 57
33 58
33 58
33 59
33 59
33 60
33 60
33 60
33 60
33 59
33 59
33 58
34 57
34 56
34 56
34 55
34 54
34 53
34 52
34 52
34 51
34 50
35 49
35 48
35 47
35 47
35 46
35 45
36 44
36 43
36 42
36 42
37 41
37 40
38 39
38 39
38 38
39 37
39 36
39 36
40 35
40 35
41 35
41 35
41 35
42 36
42 36
42 37
42 38
42 39
42 39
43 40
43 41
43 41
43 42
43 43
43 44
43 45
43 45
43 46
44 47
44 48
44 49
44 49
44 50
44 51
44 52
44 53
44 53
44 54
44 55
44 56
44 56
44 57
45 58
45 59
45 59
45 60
45 61
45 62
45 62
45 63
45 64
45 64
45 63
46 62
46 61
47 60
47 59
47 58
48 57
48 56
49 55
49 54
49 53
50 52
50 51
51 50
51 49
51 48
52 47
52 46
52 45
53 44
53 43
54 42
54 41
54 40
55 39
55 38
56 37
56 36
56 36
57 35
57 35
57 34
57 34
58 35
58 35
58 36
58 36
58 37
59 38
59 39
59 39
59 40
59 41
59 42
59 42
59 43
60 44
60 45
60 46
60 46
60 47
60 48
60 49
60 50
60 51
60 52
60 52
60 53
60 54
61 55
61 56
61 57
61 58
61 58
61 59
61 60
61 61
61 62
61 63
61 64
61 65
61 66
61 66
61 67
61 68
61 69
61 70
61 71
61 72
61 73
61 74
61 75
61 75
61 76
61 77
61 78
61 79
61 80
61 81
61 82
61 83
61 83
61 84
61 85
61 86
61 87
61 88
61 89
61 89
61 90
61 91
61 92
61 93
61 94
61 94
61 95
61 96
61 97
61 98
61 98
60 99
60 100
60 100
60 100
60 100
60 99
60 99
60 98
60 97
60 96
60 95
60 94
60 93
60 92
60 91
60 90
60 89
60 88
60 87
60 86
60 85
60 84
60 83
60 82
60 81
60 80
60 79
61 78
61 77
61 76
61 75
61 74
61 73
61 72
61 71
61 70
61 69
61 68
61 67
61 66
61 65
61 64
61 63
61 62
61 61
61 60
61 59
61 58
61 57
61 56
61 55
61 54
61 53
61 52
61 51
61 50
61 49
61 48
61 47
61 46
61 45
61 44
61 43
61 42
61 41
61 40
61 39
61 38
61 37
62 36
62 35
62 34
62 33
62 32
62 31
62 30
62 29
62 28
62 27
62 26
62 25
62 24
62 23
62 22
62 21
62 20
62 19
62 18
62 17
62 16
62 16
62 15
62 14
62 13
62 12
62 11
62 11
62 10
62 9
62 8
62 7
62 7
61 6
61 6
62 6
62 6
62 7
62 7
63 8
63 8
63 9
63 10
63 10
63 11
63 12
63 12
63 13
63 14
63 15
63 15
63 16
64 17
64 18
64 18
64 19
65 20
65 21
66 22
66 23
67 24
67 25
68 26
68 27
68 28
69 29
69 30
70 31
70 32
71 33
71 34
71 34
71 35
72 36
72 37
72 37
72 36
72 35
72 35
73 36
73 37
73 37
73 38
73 39
73 39
73 40
74 41
74 42
74 42
74 43
74 44
74 45
74 46
74 46
74 47
74 48
74 49
74 50
74 50
74 51
74 52
73 53
73 54
73 55
73 55
73 56
73 57
73 58
73 59
73 60
73 60
73 61
73 62
73 63
73 64
73 64
73 65
73 66
72 67
72 68
72 69
72 69
72 70
72 71
72 72
72 72
73 73
73 74
73 74
73 75
73 75
73 75
73 74
73 74
73 73
73 72
73 71
73 70
73 69
73 68
73 67
73 66
73 65
73 64
73 63
73 62
73 61
74 60
74 59
74 58
74 57
74 56
74 55
74 54
74 53
74 52
74 51
74 50
74 49
74 48
74 47
74 46
74 45
74 44
74 43
74 42
74 41
74 40
74 39
74 38
74 37
74 36
74 35
74 34
74 33
75 32
75 31
75 30
75 29
75 28
75 27
75 26
75 25
75 24
75 23
75 22
75 21
75 20
75 19
75 19
75 18
75 17
75 16
75 16
75 15
76 14
76 13
76 13
76 12
76 11
75 10
75 9
75 8
75 7
75 7
76 7
76 7
76 8
76 8
76 9
76 9
77 10
77 11
77 11
77 12
77 13
77 13
77 14
77 15
77 16
77 16
77 17
77 18
77 19
77 19
77 20
77 21
77 22
78 23
78 24
78 25
78 26
78 27
78 28
79 29
79 30
79 31
79 32
79 33
79 34
79 35
80 36
80 37
80 38
80 39
80 40
80 41
81 42
81 43
81 44
81 45
81 45
81 46
80 47
80 48
80 49
80 49
80 49
80 48
80 48
81 49
81 49
81 50
81 51
81 51
82 52
82 53
82 53
83 54
84 54
84 54
85 55
86 55
86 55
87 55
88 55
88 55
89 54
90 54
90 54
91 54
92 53
93 53
93 53
94 52
95 51
95 51
96 50
96 49
96 49
97 48
97 47
97 47
97 46
98 45
98 44
98 43
98 43
98 42
98 41
98 40
98 40
98 39
97 38
97 37
97 37
96 36
96 35
96 35
95 35
94 35
94 35
93 35
92 36
91 36
91 36
90 37
89 38
89 38
88 39
87 40
86 41
86 41
85 42
85 43
84 44
84 45
84 45
84 46
84 47
84 48
84 49
84 49
84 50
84 51
84 52
84 53
84 53
84 54
85 55
85 56
85 56
86 57
86 58
87 59
87 59
88 60
88 61
89 62
89 62
90 63
91 64
92 65
92 65
93 66
94 66
95 67
95 67
96 68
97 68
97 68
98 69
99 69
99 69
100 70
100 70
99 71
