1 5
1 4
1 4
1 3
0 2
0 1
0 1
0 1
0 2
0 2
0 3
0 3
0 4
0 5
0 6
0 6
0 7
0 8
0 8
0 9
0 10
0 11
0 11
0 12
0 13
0 13
1 14
1 15
1 15
2 16
2 17
2 17
3 17
4 17
4 17
5 17
6 17
6 17
7 16
8 15
9 14
10 13
11 12
12 12
13 11
14 10
15 9
16 8
16 8
17 7
18 6
19 5
20 4
20 4
20 3
21 2
21 1
21 1
22 0
22 0
22 1
22 1
22 1
21 2
21 2
21 3
20 4
20 5
20 5
19 6
18 7
18 7
17 8
17 9
16 10
16 10
15 11
14 12
14 12
13 13
13 14
12 15
12 15
11 16
10 16
10 16
9 17
9 17
8 18
8 18
8 19
8 19
8 20
8 21
8 21
8 22
8 23
8 23
8 24
9 25
9 26
9 26
9 27
9 28
9 29
9 30
9 30
9 31
10 32
10 33
10 34
10 34
10 35
10 36
10 37
10 38
10 39
10 39
10 40
10 41
11 42
11 43
11 44
11 44
11 45
11 46
11 47
11 48
11 49
11 49
11 50
11 51
11 52
11 53
11 54
11 55
11 55
11 56
11 57
11 58
11 59
11 60
11 60
11 61
11 62
11 63
11 64
11 65
11 65
11 66
11 67
11 68
11 69
11 69
11 70
11 71
11 72
11 72
11 73
11 74
11 74
12 75
12 75
12 75
12 74
13 73
13 72
14 71
14 70
15 69
15 68
16 67
16 66
16 65
17 64
17 63
18 62
18 61
19 60
19 59
20 58
20 57
20 56
21 55
21 54
22 53
22 52
23 51
23 50
24 49
24 48
24 48
25 47
26 46
27 45
27 45
27 45
27 44
27 44
27 44
28 45
28 45
28 46
28 47
28 47
28 48
28 49
28 50
28 50
28 51
28 52
28 53
28 53
27 54
27 55
27 55
27 56
27 57
27 58
27 58
27 59
27 60
27 60
27 60
27 61
27 61
27 60
27 60
27 59
27 58
27 57
27 56
27 55
27 54
27 53
27 52
27 51
27 50
27 49
27 48
27 47
27 46
27 45
27 44
28 43
28 42
28 41
28 40
28 39
28 38
28 37
28 36
28 35
28 34
28 33
28 32
28 31
28 30
28 29
28 28
28 27
28 26
28 26
28 25
28 25
28 24
28 23
28 23
28 23
28 24
28 24
29 25
29 25
30 26
30 26
31 27
31 28
31 28
32 29
32 30
32 30
33 31
33 32
34 33
34 34
35 35
35 36
36 37
36 38
36 38
36 39
36 40
36 40
36 40
36 41
36 42
36 42
37 43
37 44
37 44
37 45
37 46
37 47
37 47
37 48
37 49
37 50
37 50
37 51
37 52
37 53
37 53
37 54
37 55
37 56
37 56
37 57
37 58
37 59
37 59
37 60
37 61
37 62
37 62
37 63
37 63
37 63
37 63
37 63
37 62
37 61
37 61
37 60
38 59
38 58
38 58
38 57
39 56
39 55
39 54
39 54
39 53
40 52
40 51
40 50
40 50
40 49
41 48
41 47
42 46
42 45
42 45
42 44
43 43
43 42
43 42
44 41
44 40
44 40
45 40
45 40
45 39
45 39
46 40
46 40
46 41
46 41
47 42
47 42
47 43
47 44
47 45
47 45
47 46
47 47
47 48
47 49
47 49
47 50
47 51
47 52
47 52
47 53
47 54
47 55
47 56
47 56
47 57
47 58
47 59
47 59
47 60
47 61
47 62
47 62
47 63
47 64
47 64
48 63
48 62
49 61
49 60
50 59
50 58
51 57
52 56
52 55
53 54
53 53
54 52
55 51
55 50
56 49
56 48
57 47
57 46
58 45
58 45
58 44
58 43
58 43
58 42
58 42
57 41
57 40
57 40
58 39
58 39
58 40
58 40
59 41
59 41
59 42
59 43
59 44
59 44
59 45
60 46
60 47
60 48
60 48
60 49
61 50
61 51
61 52
61 52
61 53
61 54
61 55
61 56
61 57
61 57
61 58
61 59
61 60
61 61
61 62
61 63
61 63
61 64
61 65
61 66
61 67
61 68
61 69
61 70
61 70
61 71
61 72
61 73
61 74
61 75
61 76
61 77
61 77
61 78
61 79
60 80
60 81
60 82
60 83
60 83
60 84
60 85
59 86
59 87
59 88
59 88
59 89
58 90
58 91
58 92
58 92
58 93
57 94
57 95
57 95
57 96
56 97
56 98
56 98
55 99
55 100
55 100
54 100
54 100
53 100
53 100
53 99
53 98
53 97
53 96
54 95
54 94
54 93
54 92
54 91
54 90
54 89
54 88
54 87
55 86
55 85
55 84
55 83
55 82
55 81
55 80
55 79
56 78
56 77
56 76
56 75
56 74
56 73
56 72
56 71
56 70
57 69
57 68
57 67
57 66
57 65
57 64
57 63
57 62
57 61
58 60
58 59
58 58
58 57
58 56
58 55
58 54
58 53
58 52
59 51
59 50
59 49
59 48
59 47
59 46
59 45
59 44
60 43
60 42
60 41
60 40
60 39
60 38
60 37
60 36
60 35
61 34
61 33
61 32
61 31
61 30
61 30
62 29
62 28
63 27
63 26
64 25
64 24
65 23
65 23
65 22
65 21
65 20
65 20
65 19
65 18
65 17
65 16
65 16
65 15
65 15
66 16
66 16
66 17
66 17
66 18
66 19
66 19
66 20
66 21
66 21
66 22
66 23
66 24
66 24
66 25
66 26
66 27
66 27
67 28
67 29
67 29
68 30
69 30
70 31
71 31
72 32
73 32
74 33
74 33
74 34
74 35
74 36
74 37
74 38
74 39
74 39
74 39
74 39
74 40
74 40
75 41
75 42
75 42
75 43
75 44
75 44
75 45
75 46
75 47
75 48
75 48
75 49
75 50
75 51
75 51
75 52
75 53
75 54
75 54
75 55
75 56
75 57
75 57
75 58
75 59
75 60
75 60
75 61
75 61
75 62
75 62
75 62
75 62
75 61
75 61
76 60
76 59
76 59
76 58
76 57
76 56
76 55
76 54
76 53
76 52
77 51
77 50
77 49
77 48
77 47
77 46
77 45
77 44
77 43
77 42
77 41
77 40
77 39
77 38
78 37
78 36
78 35
78 34
78 33
78 32
78 31
78 30
78 30
78 29
78 28
79 27
79 26
79 25
79 24
79 24
79 23
79 22
79 22
78 21
78 21
78 20
78 20
78 20
79 21
79 21
79 22
79 22
79 23
79 24
79 25
79 25
79 26
79 27
79 27
79 28
79 29
79 30
79 31
80 32
80 33
80 34
80 35
80 36
80 37
80 38
80 39
80 40
81 41
81 42
81 43
81 44
81 45
81 45
81 46
81 47
81 48
81 48
81 49
81 49
81 50
81 50
82 51
82 52
82 52
83 53
83 53
84 54
84 54
85 55
86 55
86 55
87 54
88 54
88 54
89 54
90 54
90 54
91 53
92 53
93 52
93 52
94 51
95 50
95 50
96 49
97 48
97 48
98 47
98 46
98 46
98 45
98 44
98 43
98 43
98 42
98 41
98 41
97 40
96 40
96 40
95 39
94 39
94 39
93 39
92 40
91 40
91 40
90 41
89 41
89 41
88 42
87 42
86 43
86 43
85 44
85 45
84 46
84 46
84 47
83 48
83 49
83 49
83 50
83 51
83 52
83 52
83 53
83 54
83 55
83 55
84 56
84 57
85 58
85 58
86 59
87 60
87 60
88 61
89 62
89 62
90 62
91 63
92 63
92 63
93 63
94 64
95 64
96 64
96 64
97 65
98 65
98 65
99 66
100 66
