0 3
0 2
0 1
0 1
0 0
0 0
0 1
0 1
0 2
0 3
0 3
0 4
0 5
0 5
0 6
1 7
1 8
1 8
1 9
1 10
2 11
2 12
2 13
2 13
2 14
3 15
3 16
3 17
3 17
3 18
3 19
3 20
3 21
3 21
3 22
4 23
4 24
4 25
4 25
4 26
5 27
5 28
5 29
5 29
5 30
6 31
6 32
6 32
7 33
7 34
7 34
7 35
7 35
7 34
8 33
8 32
8 31
9 30
9 29
10 28
10 27
10 26
11 25
11 24
11 23
12 22
12 21
12 20
13 19
13 18
13 17
14 16
14 15
15 14
15 13
15 12
16 11
16 10
16 10
17 9
18 8
19 7
19 7
19 6
19 5
19 5
19 5
19 5
19 6
19 7
19 7
18 8
18 9
18 9
18 10
17 11
17 12
17 12
17 13
16 14
16 15
16 16
16 16
15 17
15 18
14 19
14 19
14 20
13 21
13 22
13 23
13 23
12 24
12 25
11 26
11 26
11 27
11 28
11 29
11 29
10 30
10 31
10 31
10 32
10 32
11 33
11 34
11 34
11 35
11 36
11 37
11 37
11 38
11 39
11 40
11 41
11 42
11 42
11 43
11 44
11 45
11 46
11 47
11 48
11 48
11 49
11 50
11 51
11 52
11 53
11 54
11 54
11 55
11 56
11 57
11 58
11 59
11 60
11 60
11 61
11 62
11 63
11 64
11 65
11 66
11 66
11 67
11 68
10 69
10 70
10 71
10 71
10 72
10 73
10 74
10 75
10 75
10 76
11 77
11 78
11 79
11 79
11 80
11 81
11 81
11 81
12 81
12 81
12 80
13 79
13 78
14 77
14 76
15 75
15 74
16 73
16 72
16 71
17 70
17 69
18 68
18 67
19 66
19 65
20 64
20 63
21 62
21 61
21 60
22 59
22 58
23 57
23 56
24 55
24 54
25 53
25 52
25 52
25 53
25 54
25 55
25 55
24 55
24 55
24 54
24 54
24 54
25 53
25 52
25 52
26 51
26 50
26 50
27 49
27 48
27 48
28 47
28 47
29 47
29 47
30 48
30 48
30 49
30 50
30 50
31 51
31 52
31 52
31 53
31 54
31 55
31 55
31 56
31 57
31 58
31 58
31 59
32 60
32 61
32 62
32 62
32 63
32 64
32 64
32 65
32 66
32 66
32 67
32 68
32 68
33 68
33 68
33 69
33 69
33 68
33 68
33 67
33 66
33 65
33 64
33 63
33 62
33 61
33 60
33 59
33 58
33 57
33 56
33 55
33 54
33 53
33 52
33 51
33 50
32 49
32 48
32 47
32 46
32 45
32 44
32 43
32 42
32 41
32 40
32 39
32 38
32 37
32 36
32 35
32 34
32 33
32 32
32 31
32 30
32 30
32 29
32 28
32 28
32 28
32 28
32 29
32 29
33 29
33 29
33 30
33 30
33 30
34 31
34 31
34 32
34 32
35 33
35 34
36 35
37 36
38 37
38 38
39 39
40 40
41 41
41 42
42 43
42 43
43 42
43 41
43 41
43 41
43 40
43 40
43 41
43 41
43 42
43 43
43 43
43 44
43 45
43 45
43 46
43 47
43 47
43 48
43 49
43 50
43 50
43 51
43 52
43 53
43 53
43 54
42 55
42 56
42 56
42 57
42 58
42 59
42 60
42 60
42 61
42 62
42 62
42 63
42 64
42 64
42 64
42 64
42 64
43 63
43 62
43 62
43 61
43 60
43 59
43 58
43 58
43 57
43 56
44 55
44 54
44 53
44 53
44 52
45 51
45 50
45 49
45 49
45 48
46 47
46 46
46 46
46 45
47 44
47 43
47 43
47 42
47 42
48 42
48 42
48 43
48 43
49 44
49 45
49 45
49 46
49 47
49 47
49 48
49 49
49 50
49 50
49 51
49 52
49 53
49 53
49 54
50 55
50 56
50 56
50 57
50 58
50 59
50 59
50 60
50 61
50 61
50 62
50 63
50 63
50 64
50 65
50 65
51 64
51 63
52 62
52 61
53 60
53 59
54 58
54 57
55 56
55 55
56 54
56 53
57 52
57 51
58 50
58 49
59 48
59 48
60 47
60 47
60 47
60 48
60 48
60 49
60 50
60 50
60 51
60 52
60 52
60 53
60 54
60 55
60 55
60 56
60 57
60 58
60 58
60 59
60 60
60 61
60 62
60 62
60 63
61 64
61 65
61 66
61 66
61 67
61 68
61 69
61 70
61 71
61 71
61 72
61 73
60 74
60 75
60 76
60 77
60 77
60 78
60 79
60 80
60 81
60 82
60 82
60 83
60 84
60 85
60 86
60 87
60 88
60 88
60 89
60 90
59 91
59 92
59 93
59 93
59 94
59 95
59 96
59 97
59 97
58 98
58 99
58 99
58 100
58 100
57 100
57 100
57 99
57 98
57 97
57 96
57 95
57 94
57 93
57 92
57 91
57 90
57 89
57 88
57 87
57 86
57 85
57 84
57 83
57 82
57 81
57 80
57 79
57 78
57 77
57 76
57 75
57 74
57 73
57 72
57 71
57 70
57 69
57 68
57 67
57 66
57 65
57 64
57 63
58 62
58 61
58 60
58 59
58 58
58 57
58 56
58 55
58 54
58 53
58 52
58 51
58 50
58 49
58 48
58 47
58 46
58 45
58 44
58 43
58 42
58 41
58 40
58 39
58 38
58 37
58 36
58 35
58 34
58 33
58 32
58 31
58 30
58 29
58 28
58 27
58 26
58 25
58 24
58 24
59 23
59 23
59 23
59 24
59 25
59 25
59 26
59 27
59 27
59 28
60 29
60 30
60 30
60 31
60 31
60 32
60 33
60 33
60 34
60 34
61 35
62 36
63 37
64 38
65 39
66 40
67 41
68 41
69 42
70 43
71 44
72 45
73 46
74 47
74 47
75 47
75 47
75 46
75 46
74 45
74 45
74 45
74 45
74 46
74 46
74 47
74 47
74 48
74 49
74 50
74 50
74 51
74 52
74 53
74 53
74 54
74 55
73 56
73 57
73 58
73 58
73 59
73 60
73 61
73 61
73 62
73 63
73 64
73 65
73 65
73 66
73 67
73 67
73 68
73 69
73 70
73 70
73 71
73 71
73 71
73 71
73 70
73 69
73 68
73 67
73 66
73 65
73 64
73 63
73 62
73 61
73 60
73 59
73 58
73 57
73 56
73 55
73 54
73 53
73 52
72 51
72 50
72 49
72 48
72 47
72 46
72 45
72 44
72 43
72 42
72 41
72 40
72 39
72 38
72 37
72 36
72 35
72 34
72 33
72 32
72 31
72 31
72 30
72 29
72 28
72 27
72 26
72 25
72 24
72 24
72 23
72 22
72 22
71 21
71 21
71 21
72 22
72 22
72 23
72 23
72 24
72 25
72 25
72 26
72 26
73 27
73 28
73 28
73 29
74 30
74 31
74 32
75 33
75 34
75 35
76 36
76 37
76 38
77 39
77 40
77 41
78 42
78 43
78 44
79 45
79 46
79 47
80 48
80 49
80 49
81 50
81 51
82 52
82 52
82 53
82 53
83 54
83 54
83 55
83 56
83 56
84 57
84 58
84 58
85 59
86 59
86 59
87 59
87 59
88 58
89 58
89 58
90 57
91 57
91 57
92 56
93 55
93 55
94 54
94 53
94 53
95 52
95 51
96 50
96 50
96 49
97 48
97 47
97 47
97 46
97 45
97 44
97 43
97 43
97 42
97 41
97 40
97 39
97 39
97 38
96 37
96 36
96 36
95 35
94 34
94 34
93 33
93 33
92 34
91 34
91 34
90 35
90 36
90 36
89 37
88 38
88 38
88 39
88 40
87 41
87 42
87 43
87 43
87 44
87 45
86 46
86 47
86 48
86 48
86 49
86 50
85 51
85 52
85 53
85 53
85 54
85 55
86 56
86 57
86 58
86 58
86 59
86 60
87 61
87 62
87 63
87 63
88 64
88 65
89 66
89 66
90 67
90 68
91 69
91 70
91 70
92 71
93 72
94 72
95 73
95 73
96 73
97 74
98 74
99 75
100 75
