0 4
0 4
0 3
0 2
0 1
0 1
0 0
0 0
0 1
0 1
0 1
0 2
0 2
1 3
1 4
1 4
2 5
2 6
2 6
2 7
3 8
3 9
3 9
3 10
4 11
4 12
4 13
4 13
4 14
5 15
5 16
5 17
5 17
6 18
6 19
6 19
6 20
6 21
6 22
6 22
7 23
7 23
8 24
8 25
8 25
9 26
9 26
9 25
10 24
10 23
11 22
11 21
12 20
12 19
12 18
13 17
13 16
14 15
14 14
15 13
15 12
16 11
16 10
16 9
17 8
17 7
18 6
18 5
19 4
19 3
19 3
20 2
21 1
21 1
21 1
21 1
21 1
21 1
20 2
20 3
20 3
19 4
19 5
19 5
18 6
18 7
18 7
17 8
17 9
16 10
16 11
16 11
16 12
15 13
15 14
15 14
15 15
14 16
14 17
14 17
13 18
13 19
12 20
12 20
11 21
11 22
11 22
11 23
11 24
11 24
10 25
10 25
10 26
10 26
10 27
10 27
10 28
10 28
10 29
10 29
11 29
11 29
11 30
11 30
11 31
11 32
11 32
11 33
11 34
11 34
11 35
12 36
12 37
12 37
12 38
12 39
12 40
12 41
12 41
12 42
12 43
12 44
12 45
12 46
12 46
12 47
12 48
12 49
12 50
12 51
12 52
12 52
12 53
12 54
12 55
12 56
12 57
12 58
12 59
12 59
12 60
12 61
12 62
13 63
13 64
13 65
13 66
13 67
13 67
13 68
13 69
13 70
13 71
13 72
13 73
13 74
13 74
13 75
13 76
13 77
13 78
13 79
13 79
13 80
13 81
13 82
13 83
13 83
13 84
13 85
13 86
13 87
13 87
13 88
13 89
13 90
13 91
13 91
13 92
13 93
13 93
13 93
13 92
14 91
14 90
14 89
15 88
15 87
15 86
16 85
16 84
17 83
17 82
17 81
18 80
18 79
18 78
19 77
19 76
19 75
20 74
20 73
20 72
21 71
21 70
22 69
22 68
22 67
23 66
23 65
23 64
24 63
24 62
24 61
25 60
25 59
25 58
26 57
26 56
27 55
27 54
27 53
28 52
28 51
28 50
29 49
29 48
29 48
30 47
30 47
29 47
29 47
29 47
29 48
29 48
29 49
29 50
29 50
29 51
29 52
29 52
29 53
29 54
29 55
29 56
29 56
29 57
29 58
29 59
29 59
29 60
29 61
29 62
29 63
29 63
29 64
29 65
29 65
29 66
29 67
29 68
29 68
29 69
29 69
29 70
29 70
29 70
29 70
29 69
29 68
29 67
29 66
29 65
29 64
29 63
29 62
29 61
29 60
29 59
29 58
29 57
29 56
29 55
29 54
29 53
29 52
29 51
29 50
29 49
29 48
29 47
29 46
29 45
29 44
29 43
29 42
29 41
29 40
29 40
29 39
30 38
30 37
30 36
31 35
31 34
31 34
31 33
31 32
31 32
31 31
31 30
31 30
32 30
32 30
32 30
32 30
33 31
33 31
34 32
34 33
35 34
36 35
36 36
37 37
38 38
38 39
39 40
39 40
40 41
40 42
41 43
41 43
41 44
41 44
41 45
41 46
41 46
41 47
41 47
41 48
41 49
41 50
41 50
40 51
40 52
40 52
40 53
40 54
40 55
40 56
40 56
40 57
40 58
40 59
40 59
40 60
40 61
40 61
40 62
40 63
40 63
40 64
40 64
40 65
40 65
41 65
41 65
41 64
41 64
41 63
41 62
41 62
42 61
42 60
42 60
42 59
42 58
42 57
42 56
42 56
42 55
43 54
43 53
43 53
44 52
44 51
44 51
45 50
45 50
45 50
46 50
46 50
46 51
46 51
47 52
47 52
48 53
48 54
48 54
48 55
48 55
49 56
49 57
49 57
49 58
49 59
49 59
50 60
50 61
50 61
50 62
50 62
51 63
51 63
51 63
52 62
52 62
53 61
53 60
54 59
54 58
55 57
55 56
56 55
56 54
57 53
57 52
58 51
58 50
59 49
59 48
60 47
60 46
61 45
61 45
61 45
61 44
61 44
61 44
61 44
61 45
61 45
61 46
61 47
61 47
61 48
61 49
61 49
61 50
61 51
61 52
61 53
61 53
61 54
61 55
61 56
61 57
61 58
61 58
61 59
61 60
61 61
61 62
61 63
61 63
61 64
61 65
61 66
61 67
61 68
61 69
61 69
61 70
61 71
61 72
61 73
61 74
61 75
61 76
61 76
61 77
61 78
61 79
61 80
61 81
61 81
61 82
61 83
60 84
60 85
60 86
60 87
60 87
60 88
60 89
60 90
60 91
60 92
60 93
60 93
60 94
60 95
60 96
60 97
60 97
60 98
60 99
60 99
60 100
60 100
59 100
59 100
59 100
58 100
58 100
58 99
58 98
58 98
58 97
57 96
57 95
57 95
57 94
56 93
56 92
56 92
56 91
56 90
56 89
56 88
56 87
56 86
56 85
56 84
56 83
56 82
56 81
56 80
56 79
56 78
56 77
56 76
56 75
56 74
56 73
56 72
56 71
56 70
56 69
56 68
56 67
56 66
56 65
56 64
56 63
56 62
57 61
57 60
57 59
57 58
57 57
57 56
57 55
57 54
57 53
57 52
57 51
57 50
57 49
57 48
57 47
57 46
57 45
57 44
57 43
57 42
57 41
57 40
57 39
57 38
57 37
57 36
57 35
57 34
57 33
57 32
57 31
57 31
58 30
59 29
59 28
60 27
60 27
60 26
60 26
61 25
61 24
61 24
61 25
61 25
62 26
62 26
63 27
63 27
64 28
64 28
65 29
66 30
66 31
67 32
68 33
69 34
69 35
70 36
71 37
72 38
72 39
73 40
73 40
73 41
73 41
73 42
73 42
72 43
72 44
72 44
72 45
72 46
72 46
72 47
72 48
72 49
72 49
72 50
72 51
72 52
72 52
72 53
72 54
72 55
72 56
72 56
72 57
72 58
72 59
72 60
72 60
72 61
72 62
72 63
72 64
72 64
72 65
71 66
71 67
71 67
71 68
71 68
71 69
71 69
71 69
71 68
71 68
71 67
71 66
71 65
71 64
72 63
72 62
72 61
72 60
72 59
72 58
72 57
72 56
73 55
73 54
73 53
73 52
73 51
73 50
73 49
73 48
73 47
74 46
74 45
74 44
74 43
74 42
74 41
74 40
74 39
75 38
75 37
75 36
75 35
75 34
75 34
76 33
76 33
76 32
76 32
76 32
76 32
76 32
76 32
76 32
77 33
77 33
77 34
77 34
77 35
78 36
78 37
78 38
78 39
79 40
79 41
79 42
79 43
80 44
80 45
80 46
80 47
81 48
81 49
81 50
81 51
82 52
82 53
82 53
82 54
82 55
82 56
82 56
82 57
82 57
83 58
83 59
83 59
83 59
83 60
83 60
84 60
84 60
84 60
85 59
85 59
86 58
86 58
87 57
87 57
87 56
87 55
87 55
88 54
88 54
89 53
89 52
89 52
89 51
90 50
90 49
90 49
90 48
90 47
90 47
90 46
90 45
90 44
90 44
90 43
90 42
90 42
90 41
90 40
90 40
89 40
89 40
88 40
88 40
87 41
87 41
86 42
86 43
86 43
86 44
85 45
85 46
85 46
85 47
84 48
84 49
84 49
84 50
84 51
84 52
84 53
84 53
84 54
83 55
83 56
83 57
83 57
83 58
84 59
84 60
84 61
84 61
84 62
84 63
84 64
84 64
85 65
86 66
86 66
87 67
88 67
88 67
89 68
90 68
90 68
91 68
92 68
93 68
93 68
94 67
95 67
95 67
96 66
97 66
97 66
98 65
98 65
99 64
100 64
