0 7
0 6
0 5
0 4
0 4
0 3
0 3
0 2
0 1
0 0
0 0
0 1
0 1
0 2
0 3
0 4
0 5
0 5
0 6
1 7
1 8
1 8
1 9
1 10
1 11
1 11
1 12
2 13
2 14
2 15
2 15
3 16
3 17
3 17
4 18
4 19
4 19
5 20
5 21
6 22
6 22
7 23
8 23
8 23
9 22
10 22
10 22
11 21
12 20
13 19
14 18
15 17
16 16
17 15
18 14
18 14
19 13
19 12
20 11
20 10
21 9
21 8
22 7
22 7
23 6
23 5
23 5
23 4
23 3
23 3
23 4
23 4
23 5
23 5
22 6
22 6
21 7
21 8
20 9
20 10
20 10
19 11
19 12
18 13
18 14
18 14
17 15
17 16
16 17
16 18
16 18
15 19
15 20
15 20
14 21
14 22
13 23
13 23
12 24
12 25
12 25
11 26
11 27
11 27
11 28
11 28
11 29
11 30
11 30
11 31
11 32
11 32
11 33
11 34
11 35
11 36
11 36
11 37
11 38
11 39
11 39
11 40
11 41
11 42
11 43
11 44
11 44
11 45
11 46
11 47
11 48
11 49
11 49
11 50
11 51
12 52
12 53
12 54
12 55
12 55
12 56
12 57
12 58
12 59
12 60
12 61
12 61
12 62
12 63
12 64
12 65
12 66
12 66
12 67
12 68
12 69
12 70
12 71
12 71
12 72
12 73
12 74
12 74
13 75
13 75
13 76
13 76
13 76
13 75
14 74
14 73
14 72
15 71
15 70
15 69
15 68
16 67
16 66
16 65
17 64
17 63
17 62
18 61
18 60
18 59
19 58
19 57
19 56
20 55
20 54
20 53
20 52
21 51
21 50
21 49
22 48
22 47
22 47
23 46
24 46
25 45
26 45
26 45
26 45
26 44
26 44
26 45
26 45
26 46
26 47
26 48
26 48
26 49
27 50
27 51
27 51
27 52
27 53
27 54
27 54
27 55
27 56
27 57
27 57
27 58
27 59
27 60
27 60
26 61
26 61
26 62
26 62
26 62
26 61
26 60
26 60
26 59
26 58
26 57
26 56
26 55
26 54
27 53
27 52
27 51
27 50
27 49
27 48
27 47
27 46
27 45
27 44
27 43
27 42
27 41
28 40
28 39
28 38
28 37
28 36
28 35
28 34
28 34
28 33
29 32
29 31
30 30
30 29
30 29
30 28
30 27
30 26
30 26
29 26
29 26
29 26
30 26
30 26
30 27
30 27
30 28
30 28
31 29
31 30
31 30
32 31
32 32
33 33
33 34
34 35
34 36
35 37
35 38
36 39
36 39
36 40
37 41
37 42
37 43
37 43
37 42
37 42
37 42
37 42
37 43
37 44
37 45
37 45
37 46
38 47
38 48
38 48
38 49
38 50
38 51
38 52
38 52
38 53
38 54
38 55
38 55
38 56
38 57
38 58
38 58
38 59
38 60
38 61
38 61
38 62
38 62
38 62
38 62
38 61
38 61
38 60
39 59
39 58
39 58
39 57
40 56
40 55
40 54
40 54
41 53
41 52
42 51
42 50
42 50
42 49
43 48
43 47
43 46
43 46
43 45
44 44
44 43
44 42
44 42
45 41
45 40
45 40
45 40
46 40
46 40
46 41
46 41
47 42
47 43
47 43
47 44
47 45
47 45
47 46
47 47
47 48
47 49
47 49
47 50
48 51
48 52
48 52
48 53
48 54
48 55
48 55
48 56
48 57
48 58
48 58
48 59
48 60
48 61
48 61
48 62
48 63
48 63
49 63
49 63
50 62
50 62
51 61
51 60
51 60
51 59
52 58
52 57
52 57
52 56
53 55
53 54
53 54
53 53
54 52
54 51
54 51
55 50
55 49
55 49
56 48
56 47
56 47
56 47
56 47
57 48
57 48
57 49
57 50
57 51
57 51
57 52
57 53
58 54
58 55
58 56
58 56
58 57
58 58
58 59
58 60
58 61
58 61
58 62
58 63
58 64
58 65
58 66
58 67
58 68
58 68
58 69
58 70
58 71
58 72
58 73
58 74
58 75
58 75
58 76
58 77
58 78
58 79
58 80
58 81
58 82
58 82
58 83
58 84
58 85
58 86
58 87
58 88
58 89
58 89
58 90
58 91
58 92
58 93
58 94
58 94
58 95
59 96
59 97
59 97
59 98
59 99
59 99
59 100
59 100
59 100
59 99
59 98
59 97
59 96
59 95
59 94
59 93
59 92
59 91
59 90
59 89
59 88
59 87
59 86
59 85
59 84
59 83
60 82
60 81
60 80
60 79
60 78
60 77
60 76
60 75
60 74
60 73
60 72
60 71
60 70
60 69
60 68
60 67
60 66
60 65
60 64
60 63
60 62
60 61
60 60
60 59
60 58
60 57
60 56
60 55
60 54
60 53
60 52
60 51
60 50
60 49
60 48
61 47
61 46
61 45
61 44
61 43
61 42
61 41
61 40
61 39
61 38
61 37
61 36
61 35
61 34
61 33
61 32
61 31
61 30
61 30
61 29
61 28
61 27
62 26
62 25
62 24
62 23
62 23
62 22
62 21
61 20
61 19
61 18
61 18
61 17
61 16
61 16
61 15
61 15
62 14
62 14
63 15
63 15
63 15
63 16
63 17
63 17
63 18
63 19
63 19
63 20
63 21
63 22
63 22
63 23
64 24
64 25
64 26
64 27
65 28
65 29
65 30
65 31
66 32
66 33
66 34
66 35
67 36
67 37
67 38
67 39
68 40
68 41
68 42
68 43
69 44
69 45
69 46
69 46
69 47
69 48
69 49
69 49
69 50
69 50
69 51
69 52
69 52
69 53
69 54
69 54
69 55
69 56
69 57
69 58
69 58
69 59
69 59
69 60
69 61
69 61
69 62
69 63
69 63
69 64
69 65
69 65
69 65
69 65
69 65
69 64
69 63
69 62
69 61
69 60
70 59
70 58
70 57
70 56
70 55
70 54
70 53
70 52
70 51
70 50
70 49
71 48
71 47
71 46
71 45
71 44
71 43
71 42
71 41
71 40
71 39
71 38
72 37
72 36
72 35
72 34
72 33
72 32
72 32
72 31
72 30
72 30
72 29
71 28
71 27
71 27
71 27
72 27
72 27
72 28
72 28
73 29
73 29
73 30
73 30
73 31
73 32
73 32
73 33
73 34
73 35
73 35
73 36
73 37
74 38
74 39
74 40
74 41
74 42
74 43
75 44
75 45
75 46
75 47
75 48
75 49
76 50
76 51
76 52
76 53
76 53
76 54
76 55
76 55
76 54
76 54
76 54
76 55
76 55
77 55
77 55
78 56
78 56
79 56
79 56
80 56
81 56
81 56
82 56
83 55
84 55
84 55
85 54
86 54
87 53
87 53
88 52
89 52
89 52
90 51
90 50
90 50
90 49
91 48
91 47
91 47
91 46
91 45
91 44
91 44
91 43
91 42
91 42
90 41
89 41
89 41
88 41
87 41
87 41
86 41
85 42
84 42
84 42
83 43
82 43
81 44
81 44
80 45
79 46
78 47
78 47
78 48
77 49
77 50
77 50
77 51
76 52
76 53
76 53
77 54
77 55
77 55
78 56
78 57
79 58
79 58
80 59
81 59
82 60
83 60
83 60
84 61
85 61
86 62
87 62
87 62
88 62
89 62
90 63
91 63
92 63
92 63
93 64
94 64
95 65
95 65
96 66
97 66
98 67
98 67
99 68
100 68
