0 1
0 1
0 0
0 0
0 0
0 1
0 1
0 2
0 2
1 3
1 3
2 4
2 5
2 5
2 6
3 7
3 8
3 8
3 9
4 10
4 11
4 11
5 12
6 13
6 13
6 14
7 15
7 16
7 16
8 17
8 18
8 18
8 19
8 20
8 21
8 22
8 22
8 23
9 24
9 25
9 25
10 26
10 27
10 27
10 26
11 25
11 24
12 23
12 22
12 21
13 20
13 19
14 18
14 17
14 16
15 15
15 14
16 13
16 12
16 12
16 11
17 10
17 9
17 8
18 7
18 6
18 6
19 5
19 4
19 4
19 3
19 3
19 3
19 3
19 4
19 4
18 5
18 6
18 6
18 7
17 8
17 9
17 9
16 10
15 11
15 11
15 12
14 13
14 14
14 14
14 15
13 16
13 17
13 18
13 18
12 19
12 20
12 20
12 21
12 22
12 22
11 23
11 23
11 24
11 24
12 24
12 24
12 25
12 26
12 26
13 27
13 27
13 28
13 29
13 29
13 30
13 31
13 32
13 32
13 33
13 34
13 35
13 36
13 36
13 37
13 38
14 39
14 40
14 41
14 41
14 42
14 43
14 44
14 45
14 46
14 46
14 47
14 48
14 49
14 50
14 51
14 52
14 52
14 53
14 54
14 55
14 56
14 57
14 57
14 58
15 59
15 60
15 61
15 61
15 62
15 63
15 63
15 64
15 65
15 65
16 66
16 67
16 67
16 68
16 68
16 67
17 66
17 65
18 64
18 63
19 62
19 61
20 60
20 59
20 58
21 57
21 56
22 55
22 54
23 53
23 52
23 51
24 50
24 49
25 48
25 47
26 46
26 45
27 44
27 43
27 43
27 42
27 42
27 41
27 41
26 41
26 41
26 41
27 40
27 40
27 39
27 39
28 38
28 38
28 37
28 36
28 36
29 36
29 36
29 36
29 36
30 37
30 38
30 38
30 39
30 40
30 40
30 41
30 42
30 43
30 43
30 44
30 45
30 46
30 46
30 47
30 48
30 49
30 49
30 50
30 51
30 52
30 53
30 53
30 54
31 55
31 56
31 56
31 57
31 58
31 59
31 59
31 60
31 61
31 61
31 62
31 63
31 63
32 63
32 63
32 63
32 62
32 61
32 60
32 59
32 58
32 57
32 56
31 55
31 54
31 53
31 52
31 51
31 50
31 49
31 48
31 47
31 46
31 45
31 44
31 43
31 42
31 41
31 40
30 39
30 38
30 37
30 36
30 35
30 34
30 33
30 32
30 31
30 30
30 29
30 28
30 27
30 26
30 25
30 24
29 23
29 22
29 21
29 20
29 19
29 18
29 17
29 16
29 16
30 15
30 14
31 13
31 13
30 12
30 12
30 12
30 13
30 13
31 14
31 14
31 15
31 15
31 16
31 16
32 17
32 17
32 18
32 19
32 19
32 20
32 20
33 21
33 21
34 22
34 23
35 24
36 25
37 26
37 27
38 28
39 29
40 30
40 31
41 32
41 32
41 31
41 31
41 30
41 30
41 30
41 30
41 31
41 32
41 32
41 33
41 34
41 34
41 35
41 36
41 37
41 38
41 38
41 39
41 40
41 41
41 42
41 43
41 43
41 44
41 45
41 46
41 47
41 48
41 48
41 49
41 50
41 51
41 52
41 52
41 53
41 54
41 55
41 55
41 56
41 57
41 57
41 58
41 59
41 59
41 59
41 58
41 57
41 57
41 56
41 55
41 54
41 54
41 53
42 52
42 51
42 50
42 50
42 49
42 48
42 47
42 46
42 45
42 45
42 44
42 43
43 42
43 41
43 40
43 40
43 39
44 38
44 37
44 36
44 36
44 35
44 34
44 33
44 33
45 32
45 31
45 31
45 30
45 30
46 29
46 29
47 28
47 28
48 29
48 29
48 30
48 30
48 31
48 32
48 32
48 33
49 34
49 35
49 35
49 36
49 37
49 38
49 38
49 39
49 40
49 41
49 42
49 42
49 43
49 44
49 45
49 46
49 46
49 47
49 48
49 49
49 49
49 50
49 51
49 52
49 53
49 53
49 54
50 55
50 56
50 56
50 57
50 58
50 58
50 59
50 59
50 60
50 60
50 60
50 59
51 58
51 57
51 56
51 55
52 54
52 53
52 52
52 51
53 50
53 49
53 48
53 47
54 46
54 45
54 44
54 43
55 42
55 41
55 40
55 39
56 38
56 37
56 36
56 36
56 35
56 34
56 33
56 33
56 33
56 33
56 33
56 34
56 34
56 35
56 36
56 36
56 37
56 38
56 38
56 39
56 40
56 41
56 42
56 42
56 43
56 44
56 45
56 46
56 46
56 47
56 48
56 49
56 50
56 51
56 52
56 52
56 53
56 54
56 55
56 56
56 57
56 58
56 59
56 59
56 60
56 61
56 62
57 63
57 64
57 65
57 66
57 67
57 67
57 68
57 69
57 70
57 71
57 72
57 73
57 74
57 74
57 75
57 76
57 77
57 78
57 79
57 80
57 81
57 81
57 82
57 83
57 84
57 85
57 86
57 87
57 87
57 88
57 89
57 90
57 91
57 92
57 92
57 93
57 94
57 95
57 96
57 96
57 97
57 98
57 98
57 99
57 100
57 100
56 100
56 100
56 99
56 98
56 97
56 96
56 95
56 94
56 93
56 92
55 91
55 90
55 89
55 88
55 87
55 86
55 85
55 84
55 83
55 82
55 81
55 80
55 79
55 78
55 77
55 76
55 75
54 74
54 73
54 72
54 71
54 70
54 69
54 68
54 67
54 66
54 65
54 64
54 63
54 62
54 61
54 60
54 59
53 58
53 57
53 56
53 55
53 54
53 53
53 52
53 51
53 50
53 49
53 48
53 47
53 46
53 45
53 44
53 43
53 42
52 41
52 40
52 39
52 38
52 37
52 36
52 35
52 34
52 33
52 32
52 31
52 30
52 29
52 28
52 27
52 26
52 25
51 24
51 23
51 22
51 21
51 20
51 19
51 18
51 17
51 16
51 16
51 15
52 14
52 13
52 12
52 11
53 10
53 9
53 9
53 8
53 7
53 6
53 6
53 6
53 7
53 7
54 8
54 8
54 9
54 9
55 10
55 10
55 11
55 11
56 12
56 12
56 13
56 14
56 14
57 15
57 16
58 17
58 18
59 19
59 20
60 21
60 22
61 23
61 24
62 25
62 26
63 27
63 28
64 29
64 30
64 30
65 31
65 31
66 30
66 30
66 29
66 29
66 28
66 28
67 28
67 28
67 28
67 28
67 29
67 30
67 30
67 31
67 32
67 33
67 34
67 34
67 35
67 36
67 37
67 38
67 39
67 39
67 40
67 41
67 42
67 43
67 44
67 44
67 45
67 46
67 47
67 48
67 48
67 49
67 50
67 51
67 51
67 52
67 53
67 54
67 54
67 55
67 55
67 55
68 54
68 54
68 53
68 52
68 51
68 50
68 49
68 48
68 47
68 46
68 45
68 44
68 43
68 42
68 41
68 40
68 39
68 38
68 37
68 36
68 35
68 34
68 33
68 32
68 31
68 30
68 29
68 28
68 27
68 26
68 25
68 24
68 23
68 22
68 21
68 20
68 19
68 18
68 17
68 16
68 15
68 14
68 13
68 12
68 12
68 11
68 10
68 9
68 8
68 7
68 6
68 6
68 5
68 5
68 4
68 4
68 4
68 5
68 5
69 6
69 6
69 7
69 7
69 8
69 9
69 9
69 10
69 10
70 11
70 12
70 12
70 13
70 14
71 15
71 16
71 17
71 18
71 19
72 20
72 21
72 22
72 23
73 24
73 25
73 26
73 27
73 28
74 29
74 30
74 31
74 32
74 33
75 34
75 35
75 36
75 36
74 37
74 38
74 38
74 39
74 39
74 39
74 40
74 40
75 40
75 40
76 39
76 39
77 38
77 38
78 37
79 36
79 36
80 35
81 34
81 34
82 33
83 32
83 32
84 31
84 30
84 30
85 29
85 28
85 28
85 27
86 26
86 25
86 25
87 24
87 23
87 23
87 22
87 21
87 20
87 20
86 19
86 18
86 18
85 17
85 16
85 16
84 15
84 15
83 14
83 14
82 14
81 14
81 14
80 15
80 15
79 16
79 17
79 17
78 18
78 19
78 19
78 20
77 21
77 22
77 22
77 23
77 24
77 25
77 26
77 27
77 27
77 28
77 29
77 30
77 31
77 31
77 32
78 33
78 34
78 35
78 35
78 36
78 37
79 38
79 39
79 40
79 40
80 41
80 42
81 43
81 44
81 44
82 45
82 46
83 47
83 47
84 48
85 48
86 49
87 49
87 49
88 49
89 50
90 50
91 50
91 50
92 50
93 50
94 50
95 50
95 50
96 50
97 50
98 50
99 50
100 50
