5 7
5 6
4 5
4 4
4 4
4 3
3 2
3 1
3 1
3 0
3 0
2 0
2 0
2 1
2 1
2 2
1 3
1 4
1 4
1 5
0 6
0 7
0 8
0 8
0 9
0 10
0 11
0 12
0 12
0 13
0 14
0 15
0 16
0 16
0 17
0 18
0 19
0 20
0 20
0 21
0 22
0 23
0 23
0 24
1 25
1 26
1 26
2 27
3 27
3 27
4 28
5 28
5 28
6 29
7 29
7 29
8 30
9 30
9 30
10 30
11 30
11 30
12 31
12 31
12 30
13 29
13 28
14 27
14 26
14 25
15 24
15 23
15 22
16 21
16 20
17 19
17 18
17 17
18 16
18 15
19 14
19 13
19 12
20 11
20 10
20 9
21 8
21 7
22 6
22 5
22 5
23 5
23 5
23 6
23 6
22 5
22 5
21 6
21 6
21 7
20 8
20 9
20 9
20 10
19 11
19 12
19 12
18 13
18 14
17 15
17 16
17 16
16 17
15 18
15 19
14 20
14 20
13 21
13 22
12 23
12 24
12 24
11 25
11 26
10 27
10 28
10 28
9 29
9 29
9 30
9 30
9 30
9 31
9 31
10 31
10 31
10 31
10 31
11 31
11 31
11 32
11 32
12 33
12 34
12 34
12 35
12 36
12 36
12 37
12 38
12 39
12 40
12 41
12 41
12 42
12 43
13 44
13 45
13 46
13 46
13 47
13 48
13 49
13 50
13 51
13 52
13 52
13 53
13 54
14 55
14 56
14 57
14 58
14 58
14 59
14 60
14 61
14 62
14 63
14 63
14 64
14 65
14 66
14 67
14 68
14 68
14 69
14 70
14 71
14 72
14 72
15 73
15 74
15 74
15 75
15 76
15 76
16 75
16 74
17 73
17 72
18 71
18 70
19 69
19 68
20 67
21 66
21 65
22 64
22 63
23 62
23 61
24 60
25 59
25 58
26 57
26 56
27 55
27 54
28 53
28 52
29 51
29 51
30 50
30 49
30 49
30 49
29 48
29 48
29 49
29 49
29 50
29 51
29 51
29 52
29 53
29 54
29 55
29 55
29 56
30 57
30 58
30 58
30 59
30 60
30 61
30 62
30 63
30 63
30 64
30 65
30 66
30 67
30 68
30 68
30 69
30 70
29 71
29 72
29 73
29 73
29 74
30 75
30 76
30 76
30 75
30 74
30 73
30 72
30 71
30 70
30 69
30 68
30 67
30 66
30 65
30 64
30 63
30 62
30 61
30 60
30 59
30 58
30 57
30 56
31 55
31 54
31 53
31 52
31 51
31 50
31 49
31 48
31 47
31 46
31 45
31 44
31 43
31 42
31 41
31 40
31 39
31 38
31 37
31 36
31 35
31 34
31 34
32 33
33 32
33 32
32 31
32 31
31 30
31 29
31 29
31 30
31 30
32 31
32 32
33 33
33 34
34 35
34 36
35 37
35 38
36 39
36 40
37 41
37 42
38 43
38 44
39 45
39 45
39 44
39 43
39 43
39 42
39 42
39 42
39 41
39 41
39 41
39 42
39 43
39 43
40 44
40 45
40 45
40 46
40 47
40 48
40 49
40 49
40 50
40 51
40 52
40 53
40 54
40 54
40 55
40 56
40 57
40 58
40 59
40 60
40 60
40 61
40 62
40 63
40 64
40 64
40 65
40 66
40 67
40 67
40 68
40 69
40 69
40 69
40 68
40 68
40 67
40 66
40 66
40 65
41 64
41 63
41 62
41 62
41 61
41 60
41 59
41 58
41 57
41 57
41 56
42 55
42 54
42 53
42 53
42 52
43 51
43 50
43 49
43 49
44 48
44 47
44 47
44 46
44 46
45 47
45 47
45 48
45 48
46 49
46 50
46 50
46 51
46 52
46 53
46 54
46 54
46 55
46 56
46 57
46 58
46 58
46 59
46 60
46 61
46 62
46 63
46 63
46 64
46 65
46 66
46 67
46 68
46 69
46 69
46 70
47 71
47 72
47 73
47 73
47 74
47 75
47 76
47 77
47 77
48 77
48 77
48 76
49 75
49 74
50 73
50 72
51 71
51 70
52 69
52 68
53 67
53 66
54 65
54 64
55 63
55 62
56 61
56 60
57 59
57 58
58 57
58 56
59 55
59 54
59 54
59 53
58 52
58 51
58 51
58 51
58 50
58 50
58 51
58 51
59 52
59 53
59 53
59 54
59 55
59 56
59 56
59 57
59 58
59 59
59 60
59 60
59 61
59 62
59 63
59 64
59 65
59 66
59 66
59 67
59 68
59 69
59 70
59 71
59 72
59 73
59 73
59 74
59 75
59 76
58 77
58 78
58 79
58 80
58 80
58 81
58 82
58 83
58 84
58 85
58 86
58 86
58 87
58 88
57 89
57 90
57 91
57 91
57 92
57 93
56 94
56 95
56 96
56 96
56 97
55 98
55 99
55 99
55 100
55 100
54 100
54 100
53 99
53 98
53 98
53 97
53 96
53 95
53 95
53 94
53 93
53 92
53 91
53 90
53 89
53 88
54 87
54 86
54 85
54 84
54 83
54 82
54 81
54 80
54 79
54 78
54 77
54 76
54 75
54 74
54 73
54 72
55 71
55 70
55 69
55 68
55 67
55 66
55 65
55 64
55 63
55 62
55 61
55 60
55 59
55 58
55 57
56 56
56 55
56 54
56 53
56 52
56 51
56 50
56 49
56 48
56 47
56 46
56 45
56 44
56 43
56 42
56 41
57 40
57 39
57 38
57 37
57 36
57 35
57 34
57 33
57 33
58 32
59 31
59 30
60 29
61 28
61 28
61 27
61 27
60 26
60 25
60 25
60 25
60 26
60 26
60 26
60 26
60 27
60 27
60 28
61 29
61 30
62 31
62 32
63 33
63 34
64 35
64 36
65 37
65 38
66 39
66 40
67 41
67 42
68 43
68 44
69 45
69 46
70 47
70 48
70 48
70 48
69 47
69 47
69 46
69 46
69 47
70 48
70 49
70 49
70 50
70 51
70 52
70 53
70 53
70 54
70 55
70 56
70 57
70 57
70 58
70 59
70 60
70 61
70 62
70 62
70 63
70 64
70 65
70 66
70 66
70 67
70 68
70 69
70 70
70 70
70 71
70 72
70 72
70 71
70 70
70 69
70 68
70 67
70 66
70 65
70 64
70 63
70 62
70 61
70 60
70 59
70 58
70 57
71 56
71 55
71 54
71 53
71 52
71 51
71 50
71 49
71 48
71 47
71 46
71 45
71 44
71 43
71 42
71 41
71 40
71 40
72 39
72 38
73 37
73 37
73 36
73 35
72 34
72 33
72 32
72 32
72 31
72 31
72 31
72 31
72 32
72 32
72 32
72 33
72 34
72 35
73 36
73 37
73 38
73 39
73 40
73 41
74 42
74 43
74 44
74 45
74 46
74 47
75 48
75 49
75 50
75 51
75 52
75 53
76 54
76 55
76 56
76 57
76 57
75 56
75 55
75 55
74 55
74 55
74 56
74 56
75 57
75 57
76 58
76 58
77 58
78 58
79 58
79 58
80 58
81 58
82 58
82 58
83 58
84 57
85 57
85 57
86 56
87 56
88 55
89 55
89 55
90 54
91 54
92 53
93 53
93 53
94 52
95 52
96 51
96 51
97 50
98 49
98 49
99 48
99 47
99 47
100 46
100 46
100 45
100 44
100 44
99 43
99 43
98 42
98 41
98 41
97 40
96 40
96 40
95 40
94 40
94 40
93 40
92 41
91 41
91 41
90 42
89 43
89 43
88 44
87 45
87 45
86 46
86 47
85 48
85 48
85 49
84 50
84 51
84 51
84 52
84 53
83 54
83 55
83 56
83 56
83 57
83 58
83 59
83 60
83 60
83 61
83 62
83 63
83 64
83 65
83 65
83 66
83 67
84 68
84 69
84 70
84 70
85 71
85 72
86 73
86 74
86 74
87 75
87 76
88 77
88 77
89 78
90 78
91 79
91 79
92 79
93 78
94 78
95 78
