0 7
0 6
0 5
0 4
0 3
0 2
0 2
0 1
0 1
1 1
1 1
1 1
2 2
3 2
3 2
3 3
4 4
4 5
4 5
4 6
5 7
5 8
5 9
5 9
5 10
6 11
6 12
6 13
6 13
6 14
7 15
7 16
7 17
7 17
7 18
8 19
8 20
8 20
9 21
9 22
10 23
10 23
10 24
10 25
10 26
10 26
11 27
11 27
12 28
12 28
13 27
13 27
13 26
14 25
14 24
15 23
15 22
16 21
16 20
16 19
17 18
17 17
18 16
18 15
18 14
19 13
19 12
20 11
20 10
21 9
21 8
21 7
22 6
22 5
23 4
23 3
23 3
24 3
25 2
26 2
26 2
25 1
25 0
25 0
25 0
25 0
25 1
25 1
24 2
24 3
24 3
23 4
23 5
23 5
22 6
22 7
21 8
21 8
20 9
20 10
19 11
19 11
19 12
18 13
18 14
18 15
18 15
17 16
16 17
16 17
16 18
15 19
15 20
15 20
15 21
15 21
14 22
14 23
14 23
14 24
14 25
14 25
14 26
14 26
14 27
14 28
14 28
14 29
14 29
14 30
14 30
14 31
14 32
14 32
14 33
14 34
14 34
14 35
14 36
14 37
14 37
14 38
14 39
14 40
14 40
14 41
14 42
14 43
14 43
14 44
14 45
14 46
14 47
14 47
14 48
14 49
14 50
14 51
14 51
14 52
14 53
14 54
14 55
14 56
14 57
14 58
14 58
14 59
14 60
14 61
14 62
14 63
14 63
14 64
14 65
14 66
14 67
14 68
14 68
14 69
14 70
14 70
14 71
14 71
14 72
14 72
14 72
14 71
15 70
15 69
16 68
16 67
17 66
17 65
17 64
18 63
18 62
19 61
19 60
20 59
20 58
20 57
21 56
21 55
22 54
22 53
22 52
23 51
23 50
24 49
24 48
25 47
25 46
25 45
26 44
26 43
27 42
27 41
28 40
28 39
28 39
28 39
28 39
28 39
28 39
28 40
28 40
28 41
28 42
28 42
28 43
28 44
28 44
28 45
28 46
28 47
28 47
28 48
28 49
28 50
28 51
28 51
28 52
28 53
28 53
28 54
28 55
28 56
28 56
28 57
28 58
28 58
29 59
29 60
29 60
29 61
29 61
29 62
29 62
29 63
29 63
29 63
29 63
29 62
29 62
28 61
28 60
28 60
28 59
28 58
28 57
28 56
28 55
28 54
28 53
28 52
29 51
29 50
29 49
29 48
29 47
29 46
29 45
29 44
29 43
29 42
29 41
29 40
29 39
29 38
29 37
29 36
30 35
30 34
30 33
30 32
30 31
30 30
30 29
30 28
30 27
30 27
31 26
31 26
31 25
31 25
31 24
31 24
31 24
32 25
32 25
32 25
32 26
32 26
32 27
32 27
33 28
33 29
34 30
34 31
35 32
35 33
36 34
37 35
37 36
38 37
38 38
39 39
39 40
40 41
40 41
40 40
40 40
40 40
40 40
40 41
40 41
39 42
39 42
39 43
39 44
39 45
39 45
39 46
39 47
39 48
39 48
39 49
39 50
39 51
39 51
39 52
39 53
39 54
39 54
39 55
39 56
39 56
39 57
39 58
39 58
39 59
39 60
39 60
39 60
39 60
39 60
40 60
40 60
40 59
40 58
40 58
40 57
40 56
40 56
40 55
40 54
40 53
40 53
40 52
40 51
40 50
40 49
40 49
40 48
40 47
40 46
40 46
40 45
41 44
41 43
41 43
41 42
41 41
41 41
42 40
42 40
43 39
43 39
43 39
44 40
44 40
45 41
45 41
45 42
45 43
45 43
46 44
46 45
46 45
46 46
46 47
46 48
46 48
46 49
46 50
46 51
46 51
46 52
46 53
46 53
46 54
46 55
46 55
46 56
46 56
46 57
46 57
46 56
47 55
47 54
48 53
48 52
48 51
49 50
49 49
50 48
50 47
50 46
51 45
51 44
52 43
52 42
52 41
53 40
53 39
54 38
54 37
54 37
53 38
53 38
53 39
53 39
53 40
53 40
53 41
53 41
53 42
53 43
53 43
53 44
53 45
53 46
53 46
53 47
53 48
53 49
53 50
53 50
53 51
53 52
53 53
53 54
53 54
53 55
53 56
53 57
53 57
53 58
53 59
53 60
53 61
53 61
53 62
53 63
53 64
53 65
53 65
53 66
53 67
53 68
53 69
53 70
53 70
53 71
53 72
53 73
53 74
53 74
53 75
53 76
53 77
53 78
53 78
53 79
53 80
53 81
53 82
53 83
53 83
53 84
53 85
53 86
53 87
53 87
53 88
53 89
53 90
53 90
53 91
53 92
53 93
53 93
53 94
53 95
53 96
53 96
53 97
53 98
53 98
53 99
53 99
53 100
53 100
53 100
52 100
52 100
52 100
52 100
52 99
52 98
52 98
52 97
51 96
51 95
51 95
51 94
51 93
51 92
51 91
51 90
51 89
51 88
51 87
51 86
51 85
51 84
52 83
52 82
52 81
52 80
52 79
52 78
52 77
52 76
52 75
52 74
52 73
52 72
52 71
52 70
52 69
52 68
52 67
52 66
52 65
52 64
52 63
52 62
52 61
53 60
53 59
53 58
53 57
53 56
53 55
53 54
53 53
53 52
53 51
53 50
53 49
53 48
53 47
53 46
53 45
53 44
53 43
53 42
53 41
53 40
53 39
53 38
53 37
54 36
54 35
54 34
54 33
54 32
54 31
54 30
54 29
54 28
54 27
54 26
54 25
54 25
55 24
55 23
55 23
55 23
55 23
55 24
55 24
56 25
56 26
56 26
56 27
56 28
56 28
56 29
56 29
57 30
58 30
59 31
60 32
61 33
62 33
63 34
64 35
65 35
66 36
66 36
66 36
66 35
66 35
66 34
66 34
66 34
65 35
65 35
65 36
65 36
65 37
65 38
65 39
65 39
65 40
65 41
65 42
65 42
65 43
65 44
65 45
65 45
65 46
65 47
65 48
65 49
65 49
65 50
65 51
65 52
65 52
65 53
65 54
65 55
65 55
65 56
65 57
65 57
66 58
66 58
66 59
66 59
66 60
66 60
66 60
66 59
66 59
65 58
65 58
65 57
65 56
65 55
65 54
65 53
65 52
65 51
65 50
65 49
65 48
65 47
65 46
65 45
65 44
65 43
65 42
66 41
66 40
66 39
66 38
66 37
66 36
66 35
66 34
66 33
66 32
66 31
66 30
66 29
66 28
66 27
66 26
66 25
66 24
66 24
67 23
67 22
67 22
67 21
67 21
67 21
67 21
67 21
67 22
67 22
68 23
68 23
68 24
68 24
69 25
69 25
69 26
70 27
70 28
71 29
71 30
71 31
72 32
72 33
73 34
73 35
73 36
74 37
74 38
74 39
75 40
75 41
76 42
76 43
76 43
76 43
76 43
76 43
75 43
75 43
75 43
75 43
75 43
76 44
76 44
76 44
77 45
77 45
78 46
78 46
79 46
79 46
80 46
80 46
81 46
82 46
82 46
83 46
83 46
84 45
84 45
85 44
86 44
86 44
87 43
87 43
88 42
88 42
88 41
88 41
89 40
89 39
89 39
89 38
89 38
89 37
89 36
89 36
89 35
89 34
89 34
89 33
89 32
89 32
88 31
88 30
88 30
87 29
87 29
87 29
86 29
86 29
85 29
85 29
84 29
84 29
83 30
83 30
83 31
83 31
82 32
82 33
82 33
81 34
81 35
81 35
80 36
80 37
80 37
79 38
79 39
79 39
78 40
78 41
78 41
78 42
78 43
78 43
77 44
77 45
77 45
77 46
77 47
77 47
77 48
77 48
77 49
77 50
77 50
77 51
77 52
77 53
77 53
78 54
78 54
79 55
79 56
79 56
79 57
79 58
79 58
80 59
80 59
81 60
82 60
82 60
83 60
84 60
84 60
85 60
85 60
86 59
87 59
87 59
88 59
89 59
89 59
90 58
91 58
91 58
92 58
93 57
94 57
94 57
95 57
95 57
96 57
97 57
97 57
98 56
98 56
99 56
99 56
100 56
