0 5
0 6
0 6
0 5
0 4
0 3
0 3
1 4
1 4
1 5
1 6
1 6
2 7
2 8
2 8
2 9
2 10
2 11
2 11
2 12
3 13
3 14
3 14
3 15
4 16
4 17
4 17
5 16
6 15
7 14
7 13
8 12
9 11
10 10
11 9
12 8
13 7
14 6
14 5
15 4
16 3
17 2
17 2
18 3
19 3
20 4
20 4
20 3
19 2
19 1
19 0
19 0
18 1
18 2
18 2
17 3
17 4
17 4
16 5
16 6
15 7
15 8
15 8
14 9
13 10
12 11
12 11
11 12
11 13
10 14
10 14
9 15
8 16
8 16
7 17
7 17
6 18
6 18
6 19
6 19
5 20
5 20
5 21
5 21
5 21
6 22
6 23
6 23
6 24
6 24
6 25
6 26
6 27
6 27
6 28
7 29
7 30
7 31
7 31
7 32
7 33
7 34
7 34
7 35
7 36
7 37
7 38
7 39
7 40
7 40
7 41
7 42
7 43
7 44
7 45
7 45
7 46
7 47
7 48
7 49
7 50
7 51
7 51
7 52
7 53
7 54
7 55
7 56
7 56
7 57
7 58
7 59
7 60
7 60
7 61
7 62
7 63
7 64
7 64
7 65
7 66
7 66
7 67
7 67
7 66
8 65
8 64
9 63
9 62
9 61
10 60
10 59
11 58
11 57
12 56
12 55
12 54
13 53
13 52
14 51
14 50
14 49
15 48
15 47
16 46
16 45
16 44
17 43
17 42
18 41
18 40
19 39
19 38
19 37
20 36
20 35
21 34
21 33
21 33
22 33
23 32
24 32
24 32
25 31
25 30
25 30
25 30
26 31
26 32
26 32
26 33
26 34
26 35
26 35
26 36
26 37
26 38
26 38
26 39
26 40
26 41
26 42
26 42
26 43
25 44
25 45
25 45
25 46
25 47
25 48
25 49
25 49
25 50
26 51
26 52
26 52
26 53
26 54
26 54
26 55
26 55
26 55
26 54
26 53
26 52
26 51
26 50
26 49
26 48
26 47
26 46
25 45
25 44
25 43
25 42
25 41
25 40
25 39
25 38
25 37
25 36
25 35
25 34
25 33
25 32
25 31
25 30
25 29
25 28
25 27
24 26
24 25
24 24
24 23
24 22
24 21
24 20
24 19
24 18
24 17
24 17
24 16
24 16
24 15
24 14
24 13
24 13
24 13
25 13
25 13
26 14
26 14
27 15
27 15
28 16
28 17
28 17
28 18
28 19
28 19
29 20
29 21
30 22
30 23
31 24
31 25
32 26
32 27
33 28
33 29
33 29
34 30
34 30
34 30
34 31
34 31
35 32
35 32
36 33
36 33
36 34
36 35
36 35
36 36
36 37
36 38
36 38
36 39
36 40
36 41
36 41
36 42
36 43
36 44
36 44
36 45
36 46
36 47
36 47
35 48
35 49
35 49
35 50
35 51
35 51
35 51
35 51
36 50
36 50
36 49
36 48
36 47
36 47
36 46
37 45
37 44
37 44
37 43
38 42
38 41
38 40
38 40
38 39
38 38
39 37
39 36
39 35
39 35
40 34
40 33
41 32
41 31
41 31
42 30
42 29
42 29
42 28
42 28
43 28
43 28
43 28
43 29
43 29
44 30
44 31
44 31
44 32
44 33
44 34
44 34
44 35
45 36
45 37
45 38
45 38
45 39
45 40
45 41
45 42
45 43
45 43
45 44
46 45
46 46
46 47
46 47
46 48
47 49
47 50
47 51
47 51
47 52
47 53
47 54
47 54
48 55
48 56
48 56
48 57
48 57
48 58
48 58
48 57
49 56
49 55
49 54
50 53
50 52
51 51
51 50
51 49
52 48
52 47
52 46
53 45
53 44
54 43
54 42
54 41
55 40
55 39
55 38
56 37
56 36
57 35
57 34
57 33
58 32
58 31
58 31
58 30
58 30
58 30
59 30
59 30
59 31
59 31
59 32
59 33
59 34
59 35
59 35
59 36
59 37
59 38
59 39
59 40
59 40
59 41
59 42
59 43
59 44
59 45
59 45
59 46
59 47
60 48
60 49
60 50
60 51
60 51
60 52
60 53
60 54
60 55
60 56
60 57
60 58
60 59
60 59
60 60
60 61
60 62
59 63
59 64
59 65
59 66
59 67
59 67
59 68
59 69
59 70
59 71
59 72
59 73
59 74
59 75
59 75
59 76
59 77
59 78
58 79
58 80
58 81
58 82
58 83
58 83
58 84
58 85
58 86
58 87
58 88
58 89
58 89
58 90
58 91
57 92
57 93
57 94
57 94
57 95
56 96
56 97
56 97
55 98
54 99
54 99
53 100
53 100
52 100
51 100
51 100
51 99
50 98
50 97
50 97
50 96
50 95
50 94
50 93
50 92
51 91
51 90
51 89
51 88
51 87
51 86
51 85
51 84
51 83
51 82
51 81
52 80
52 79
52 78
52 77
52 76
52 75
52 74
52 73
52 72
52 71
52 70
53 69
53 68
53 67
53 66
53 65
53 64
53 63
53 62
53 61
53 60
53 59
54 58
54 57
54 56
54 55
54 54
54 53
54 52
54 51
54 50
54 49
55 48
55 47
55 46
55 45
55 44
55 43
55 42
55 41
55 40
55 39
55 38
56 37
56 36
56 35
56 34
56 33
56 32
56 31
56 30
56 29
56 28
56 27
57 26
57 25
57 24
57 23
57 22
57 21
57 20
57 19
57 18
57 17
57 16
58 15
58 14
58 13
58 12
58 11
58 10
58 10
59 10
60 10
61 10
61 10
62 9
62 9
62 10
62 10
63 11
63 11
64 12
64 13
64 13
64 14
64 15
64 15
64 16
64 17
64 17
65 18
65 19
65 19
65 20
65 20
65 21
66 22
66 23
66 24
67 25
67 26
68 27
68 28
68 29
69 30
69 31
69 32
70 33
70 34
70 34
70 35
71 36
71 37
71 38
71 38
71 37
71 37
71 36
71 36
71 36
71 36
71 37
71 37
72 38
72 38
72 39
72 40
72 40
72 41
72 42
72 43
72 43
72 44
72 45
72 46
72 46
72 47
72 48
72 49
72 50
72 50
72 51
71 52
71 53
71 54
71 54
71 55
71 56
71 57
71 57
71 58
71 59
71 59
71 60
71 61
71 61
71 61
71 61
71 60
71 59
71 58
71 57
71 56
71 55
71 54
71 53
71 52
71 51
72 50
72 49
72 48
72 47
72 46
72 45
72 44
72 43
72 42
72 41
72 40
72 39
72 38
72 37
72 36
72 35
72 34
72 33
72 32
72 31
73 30
73 29
73 28
73 27
73 26
73 25
73 24
73 23
73 22
73 21
73 20
73 20
73 19
72 18
72 17
72 16
72 16
72 15
72 14
72 13
72 13
72 12
72 12
72 13
72 13
73 14
73 14
74 15
74 15
74 16
74 16
75 17
75 18
75 18
76 19
76 20
76 20
76 21
76 22
76 22
76 23
77 24
77 25
77 25
77 26
77 27
77 28
77 29
77 30
77 31
77 32
77 33
77 34
77 35
77 36
77 37
77 38
77 39
77 40
77 40
77 41
77 42
77 43
77 44
77 45
77 45
77 46
77 46
77 46
78 47
78 47
79 48
79 49
79 49
80 50
81 50
81 50
82 50
83 50
83 50
84 50
85 50
85 50
86 49
87 49
87 49
88 48
89 47
89 47
90 46
91 45
91 45
91 44
92 43
92 42
92 42
93 41
93 40
93 40
93 39
92 38
92 37
92 37
91 36
91 35
91 35
90 35
89 35
89 35
88 35
87 35
86 35
86 35
85 36
84 37
83 38
83 38
82 39
81 40
81 40
80 41
79 42
78 43
78 43
78 44
77 45
77 46
77 47
77 47
77 48
77 49
77 50
77 50
77 51
78 52
78 53
78 54
78 54
79 55
80 56
80 56
81 57
82 58
83 58
84 59
84 59
85 60
86 60
87 61
88 61
88 61
89 61
90 62
91 62
92 62
92 62
93 62
94 62
95 62
96 62
96 62
97 63
98 63
98 63
99 64
99 64
100 65
