0 4
0 5
0 5
0 4
0 4
0 4
0 5
0 6
0 6
0 7
1 8
1 9
1 10
1 10
1 11
1 12
1 13
1 13
2 14
2 15
2 15
2 16
3 17
3 18
3 18
4 19
5 19
5 19
6 18
7 17
8 16
9 15
10 14
11 13
12 12
13 11
13 10
14 9
15 8
16 7
17 6
18 5
19 4
20 3
21 2
21 2
22 2
23 2
24 2
24 2
24 1
24 0
24 0
24 1
24 1
24 2
23 3
23 4
23 4
23 5
22 6
22 7
22 8
22 8
21 9
21 10
20 11
20 12
20 12
19 13
19 14
18 15
18 16
17 17
17 17
16 18
16 19
15 20
15 21
15 21
14 22
13 23
13 24
12 25
12 25
11 26
11 26
10 27
10 27
9 27
9 27
9 28
9 28
9 28
10 29
10 30
10 30
10 31
10 32
10 33
10 33
10 34
10 35
10 36
10 37
10 37
10 38
11 39
11 40
11 41
11 41
11 42
11 43
11 44
11 45
11 46
11 47
11 47
11 48
11 49
12 50
12 51
12 52
12 53
12 53
12 54
12 55
12 56
12 57
12 58
12 59
12 60
12 60
12 61
12 62
12 63
12 64
12 65
12 65
12 66
13 67
13 68
13 69
13 69
13 70
13 71
13 72
13 73
13 73
13 74
13 75
13 76
13 76
13 77
13 77
13 78
13 78
13 77
14 76
14 75
14 74
15 73
15 72
16 71
16 70
16 69
17 68
17 67
17 66
18 65
18 64
19 63
19 62
19 61
20 60
20 59
20 58
21 57
21 56
22 55
22 54
22 53
23 52
23 51
23 51
24 51
25 51
25 51
25 50
25 50
26 51
26 51
26 52
26 53
26 54
26 54
26 55
26 56
26 57
26 58
26 58
26 59
26 60
26 61
26 62
26 62
26 63
26 64
26 65
26 66
26 66
26 67
26 68
26 68
26 69
26 70
26 70
26 70
26 70
26 69
26 68
26 67
26 66
26 65
26 64
26 63
26 62
26 61
27 60
27 59
27 58
27 57
27 56
27 55
27 54
27 53
27 52
27 51
27 50
27 49
27 48
27 47
27 46
27 45
27 44
27 43
27 42
27 41
28 40
28 39
28 38
28 37
28 36
28 35
28 34
28 33
28 32
28 31
28 31
29 31
29 31
29 30
29 30
29 29
29 29
29 30
29 30
30 31
30 32
30 32
30 33
30 34
30 34
30 35
31 36
31 37
31 37
31 38
31 39
31 39
32 39
33 39
34 39
34 39
34 40
35 41
35 42
35 42
35 41
35 40
35 40
35 39
35 39
35 40
35 41
35 41
36 42
36 42
36 43
36 44
36 45
36 45
36 46
36 47
36 48
36 49
36 49
36 50
36 51
36 52
36 53
36 54
36 54
36 55
36 56
36 57
36 58
36 58
36 59
36 60
36 61
36 61
36 62
36 63
36 63
36 63
36 63
36 63
36 62
37 61
37 60
37 60
37 59
38 58
38 57
38 56
38 56
38 55
38 54
39 53
39 52
39 51
39 51
40 50
40 49
41 48
41 47
41 47
41 46
42 45
42 44
42 43
42 43
42 42
42 41
42 41
43 41
43 41
43 41
43 42
43 42
44 43
44 43
44 44
44 45
44 46
44 46
44 47
45 48
45 49
45 49
45 50
45 51
45 52
45 53
45 53
45 54
45 55
45 56
45 57
45 57
45 58
45 59
45 60
45 60
45 61
45 62
45 63
45 63
45 64
45 64
46 65
46 65
46 64
47 63
47 62
48 61
48 60
49 59
49 58
49 57
50 56
50 55
51 54
51 53
51 52
52 51
52 50
53 49
53 48
54 47
54 46
54 46
55 45
56 44
56 44
56 44
56 43
56 42
56 42
57 43
57 43
57 44
57 45
57 45
57 46
57 47
57 48
57 48
57 49
58 50
58 51
58 52
58 52
58 53
58 54
58 55
58 56
58 57
58 58
58 59
58 59
58 60
58 61
58 62
58 63
58 64
58 65
58 66
58 66
58 67
58 68
58 69
58 70
58 71
58 72
58 72
58 73
58 74
58 75
59 76
59 77
59 78
59 79
59 79
59 80
59 81
59 82
59 83
59 84
59 85
59 85
59 86
59 87
59 88
59 89
59 90
59 91
59 91
59 92
59 93
59 94
59 95
59 95
59 96
59 97
59 98
59 98
59 99
59 100
59 100
59 100
59 99
59 98
59 97
59 96
59 95
59 94
59 93
59 92
60 91
60 90
60 89
60 88
60 87
60 86
60 85
60 84
60 83
60 82
60 81
60 80
60 79
60 78
60 77
60 76
60 75
60 74
61 73
61 72
61 71
61 70
61 69
61 68
61 67
61 66
61 65
61 64
61 63
61 62
61 61
61 60
61 59
61 58
61 57
61 56
62 55
62 54
62 53
62 52
62 51
62 50
62 49
62 48
62 47
62 46
62 45
62 44
62 43
62 42
62 41
62 40
62 39
62 38
63 37
63 36
63 35
63 34
63 33
63 32
63 31
63 30
63 29
63 28
63 28
63 27
63 26
63 25
63 24
63 23
63 23
63 22
63 21
62 20
62 19
62 18
62 17
62 17
62 16
62 16
63 17
63 17
63 18
63 18
63 19
63 19
63 20
63 20
63 21
63 22
63 23
63 23
63 24
64 25
64 26
64 26
64 27
64 28
64 28
64 29
64 30
65 31
65 32
65 33
65 34
65 35
66 36
66 37
66 38
66 39
67 40
67 41
67 42
67 43
67 44
68 45
68 46
68 47
68 47
69 48
69 49
69 49
68 48
68 47
68 47
69 48
69 48
69 48
69 49
69 49
69 50
69 51
69 51
69 52
69 53
69 53
69 54
69 55
69 56
69 57
69 57
69 58
69 59
69 60
69 60
69 61
69 62
69 63
69 64
69 65
69 65
69 66
69 67
69 68
69 68
69 69
69 70
69 71
69 71
69 72
69 73
69 73
69 74
69 75
69 75
69 75
69 75
69 74
69 73
69 72
69 71
70 70
70 69
70 68
70 67
70 66
70 65
70 64
70 63
70 62
71 61
71 60
71 59
71 58
71 57
71 56
71 55
71 54
72 53
72 52
72 51
72 50
72 49
72 48
72 47
72 46
72 45
73 44
73 43
73 42
73 41
73 40
73 39
73 38
73 37
73 36
74 35
74 34
74 33
74 32
74 31
74 31
74 30
74 29
74 29
74 28
74 27
74 27
74 26
73 25
73 24
73 23
73 23
73 23
74 24
74 24
74 24
74 24
75 25
75 25
75 26
75 27
75 27
76 28
76 29
76 29
76 30
76 31
76 32
76 33
76 34
76 35
76 36
76 37
76 38
76 39
77 40
77 41
77 42
77 43
77 44
77 45
77 46
77 47
77 48
77 49
77 50
77 51
77 51
77 52
77 53
77 54
77 55
77 56
77 56
77 57
77 57
77 56
77 56
77 57
77 57
77 58
77 59
77 59
78 60
78 61
78 61
79 62
79 62
79 63
79 64
79 64
80 65
81 65
81 65
82 66
83 66
83 66
84 66
85 66
85 66
86 65
87 65
88 64
88 64
89 64
90 63
91 63
92 63
92 63
93 62
94 61
95 60
95 60
96 59
96 58
97 57
97 57
97 56
98 55
98 54
98 53
98 53
98 52
99 51
99 50
99 49
99 49
99 48
99 47
99 46
99 45
99 45
98 44
98 43
98 43
97 42
96 41
96 41
95 41
94 40
93 40
93 40
92 41
91 41
90 42
90 42
89 43
88 43
87 44
87 44
86 45
85 46
84 47
84 47
83 48
82 49
82 50
81 51
81 51
81 52
81 53
80 54
80 55
80 56
80 56
80 57
80 58
80 59
80 60
80 60
80 61
81 62
81 63
81 64
81 64
82 65
83 66
84 67
84 67
85 68
86 69
87 70
87 70
88 71
89 71
90 72
90 72
91 73
92 73
93 74
94 74
94 74
95 74
96 75
97 75
97 75
98 76
99 77
99 77
100 78
