0 15
0 14
0 14
0 13
0 13
0 13
0 12
0 12
0 12
0 12
0 13
0 13
0 13
1 14
1 15
1 15
2 16
2 17
2 17
3 18
3 19
4 20
4 20
5 21
5 22
6 23
6 23
6 24
7 25
7 26
7 27
7 27
7 28
8 29
8 30
8 30
9 31
9 32
10 33
10 33
11 34
11 35
11 35
12 36
13 37
13 37
14 38
14 38
14 37
15 36
15 35
15 34
15 33
16 32
16 31
16 30
17 29
17 28
17 27
17 26
18 25
18 24
18 23
19 22
19 21
19 20
20 19
20 18
20 17
20 16
21 15
21 14
21 13
22 12
22 11
22 10
22 9
23 8
23 7
23 6
24 5
24 4
24 3
24 2
25 1
25 0
25 0
25 1
25 2
25 2
25 2
25 2
25 2
25 2
25 2
25 3
25 3
25 4
25 4
25 5
24 6
24 7
24 7
24 8
23 9
23 10
23 10
23 11
23 12
22 13
22 14
22 15
22 15
21 16
21 17
20 18
20 19
20 19
20 20
19 21
19 22
19 22
18 23
18 24
17 25
17 26
17 26
17 27
16 28
16 29
16 29
16 30
15 31
15 32
15 32
15 33
15 34
15 34
15 35
14 36
14 37
14 37
13 38
13 39
13 39
13 40
13 41
13 42
13 42
12 43
12 44
12 44
12 45
12 46
12 46
12 47
12 48
12 48
13 49
13 49
13 50
13 51
13 52
13 52
13 53
13 54
13 55
13 56
13 56
13 57
14 58
14 59
14 60
14 60
14 61
14 62
14 63
14 64
14 65
14 65
14 66
14 67
15 68
15 69
15 70
15 71
15 71
15 72
15 73
15 74
15 75
15 76
15 77
15 77
15 78
15 79
15 80
15 81
15 81
15 82
16 83
16 84
16 84
16 85
16 86
16 87
16 87
16 88
17 89
17 90
17 90
18 91
18 92
18 92
18 91
18 90
18 89
19 88
19 87
19 86
19 85
19 84
19 83
20 82
20 81
20 80
20 79
20 78
20 77
20 76
21 75
21 74
21 73
21 72
21 71
21 70
21 69
22 68
22 67
22 66
22 65
22 64
22 63
23 62
23 61
23 60
23 59
23 58
23 57
23 56
24 55
24 54
24 53
24 52
24 52
25 51
25 50
25 50
25 50
25 51
25 51
25 52
26 53
26 54
26 54
26 55
26 56
26 57
26 58
26 59
26 59
26 60
26 61
26 62
26 62
26 63
27 64
27 65
27 66
27 66
27 67
27 68
27 69
27 69
27 70
28 71
28 72
28 72
28 73
28 73
28 72
28 71
28 70
27 69
27 68
27 67
27 66
27 65
27 64
26 63
26 62
26 61
26 60
26 59
26 58
25 57
25 56
25 55
25 54
25 53
25 52
25 51
24 50
24 49
24 48
24 47
24 46
24 45
23 44
23 43
23 42
23 41
23 40
23 39
22 38
22 37
22 36
22 35
22 35
23 35
23 35
22 34
22 34
23 34
23 34
23 34
24 35
24 35
25 36
25 36
26 37
26 37
27 38
28 39
29 40
30 41
31 42
31 43
32 44
33 45
34 46
35 47
35 47
35 47
36 46
36 46
35 46
35 46
36 47
36 47
36 48
36 48
36 49
36 50
36 51
36 51
36 52
37 53
37 54
37 55
37 55
37 56
37 57
37 58
37 59
37 59
37 60
37 61
37 62
37 63
37 64
37 64
37 65
38 66
38 67
38 67
38 68
38 69
38 70
38 70
38 71
38 72
38 72
38 72
38 72
38 72
39 71
39 70
39 70
39 69
39 68
39 67
39 67
39 66
40 65
40 64
40 63
40 63
40 62
40 61
40 60
40 59
40 59
40 58
40 57
40 56
40 55
40 54
40 54
40 53
40 52
41 51
41 50
41 49
41 49
41 48
41 47
41 47
42 46
42 45
42 45
43 45
43 45
44 46
44 46
44 47
44 48
44 48
44 49
45 50
45 51
45 51
45 52
45 53
45 54
45 55
45 55
45 56
46 57
46 58
46 59
46 59
46 60
46 61
46 62
46 62
46 63
47 64
47 65
47 65
47 66
47 67
47 67
47 66
47 65
48 64
48 63
48 62
48 61
49 60
49 59
49 58
49 57
49 56
50 55
50 54
50 53
50 52
50 51
51 50
51 49
51 48
51 47
52 46
52 45
52 44
52 44
52 45
52 45
52 45
52 44
52 44
52 45
52 45
52 46
52 46
52 47
53 48
53 49
53 49
53 50
53 51
53 52
53 53
53 53
53 54
53 55
53 56
53 57
53 58
53 59
53 59
53 60
53 61
53 62
53 63
53 64
53 65
53 65
53 66
53 67
54 68
54 69
54 70
54 71
54 71
54 72
54 73
54 74
54 75
54 76
54 77
54 77
54 78
54 79
54 80
54 81
54 82
54 82
54 83
54 84
53 85
53 86
53 87
53 87
53 88
53 89
53 90
53 91
53 91
53 92
53 93
53 94
53 94
53 95
53 96
53 97
53 97
53 98
53 99
53 99
53 100
53 100
52 100
52 100
52 100
52 99
52 98
52 97
52 96
51 95
51 94
51 93
51 92
51 91
51 90
51 89
51 88
51 87
51 86
50 85
50 84
50 83
50 82
50 81
50 80
50 79
50 78
50 77
50 76
49 75
49 74
49 73
49 72
49 71
49 70
49 69
49 68
49 67
49 66
48 65
48 64
48 63
48 62
48 61
48 60
48 59
48 58
48 57
47 56
47 55
47 54
47 53
47 52
47 51
47 50
47 49
47 48
47 47
46 46
46 45
46 44
46 43
46 42
46 41
46 40
46 39
46 38
46 37
45 36
45 35
45 34
45 33
45 32
45 31
45 30
45 29
45 28
45 27
44 26
44 25
44 24
44 23
44 22
44 22
44 23
44 24
44 24
43 23
43 22
43 22
43 22
44 23
44 23
44 24
44 24
45 25
46 25
46 25
47 26
47 27
47 27
48 28
48 29
49 30
50 31
51 32
51 33
52 34
53 35
53 36
54 37
55 38
55 39
56 40
57 41
58 42
58 43
59 44
59 44
60 44
60 44
60 43
60 43
60 43
61 44
61 45
61 45
61 46
61 47
61 48
61 48
61 49
61 50
61 51
61 52
61 53
61 53
61 54
61 55
61 56
61 57
61 57
61 58
61 59
62 60
62 61
62 62
62 62
62 63
62 64
62 65
62 65
62 66
62 67
62 67
62 68
62 68
62 67
62 66
62 65
62 64
62 63
61 62
61 61
61 60
61 59
61 58
61 57
61 56
61 55
61 54
61 53
60 52
60 51
60 50
60 49
60 48
60 47
60 46
60 45
60 44
60 43
59 42
59 41
59 40
59 39
59 38
59 37
59 36
59 35
59 34
59 33
58 32
58 31
58 30
58 29
58 28
58 27
58 27
58 27
58 27
58 28
58 28
58 29
58 29
59 30
59 30
60 31
60 31
60 32
61 33
61 34
61 35
62 36
62 37
62 38
62 39
63 40
63 41
63 42
64 43
64 44
64 45
65 46
65 47
65 48
66 49
66 50
66 51
67 52
67 53
67 54
67 55
68 56
68 57
68 58
69 59
69 60
69 60
68 61
67 61
67 61
67 60
67 60
67 60
67 61
67 62
67 62
68 62
68 62
69 62
70 62
70 62
71 61
71 61
72 60
73 60
73 60
74 59
75 58
76 57
76 57
77 56
77 55
78 54
78 54
79 53
79 52
80 51
80 50
80 50
81 49
81 48
82 47
82 47
83 46
84 45
84 44
85 43
85 43
86 42
86 41
87 40
87 40
87 39
88 38
88 37
88 36
88 36
88 35
88 34
88 34
88 33
88 32
88 32
88 31
87 30
87 29
87 29
86 28
86 28
85 27
84 27
84 27
83 28
82 28
82 28
81 29
80 29
80 29
79 30
79 31
78 32
78 32
78 33
77 34
77 35
77 36
77 36
77 37
76 38
76 39
76 40
75 41
75 42
75 42
75 43
75 44
75 45
75 46
75 47
75 48
75 48
75 49
75 50
75 51
75 52
75 53
75 54
75 54
75 55
76 56
76 57
76 58
76 58
77 59
77 60
78 61
78 62
78 62
79 63
80 64
80 64
81 65
82 65
83 66
84 66
84 66
85 66
86 66
87 66
87 66
88 66
89 66
90 66
91 66
92 66
92 66
93 66
94 65
95 65
96 65
96 65
97 64
98 64
99 63
100 63
