0 10
1 9
1 9
0 8
0 7
0 7
0 6
0 5
0 5
0 5
0 6
0 6
0 7
0 8
0 9
0 9
0 10
0 11
0 12
0 12
0 13
1 14
1 15
1 15
2 16
2 17
2 17
2 18
3 19
3 20
3 20
4 21
4 22
4 22
5 23
6 23
6 23
7 23
7 23
8 22
8 21
9 20
9 19
10 18
11 17
11 16
12 15
12 14
13 13
14 12
14 11
15 10
16 9
16 8
17 7
17 6
18 5
19 4
19 3
20 2
20 1
21 0
21 0
22 1
23 2
23 2
22 1
22 1
22 2
22 3
22 4
22 4
22 5
21 6
21 7
20 8
20 9
20 9
20 10
19 11
19 12
18 13
18 14
18 14
18 15
17 16
17 17
16 18
16 19
16 19
15 20
14 21
14 22
13 23
13 23
13 24
12 25
12 26
11 27
11 28
11 28
10 29
9 30
9 30
8 31
7 32
7 32
7 33
7 33
6 33
6 33
6 33
6 34
6 34
7 35
7 35
7 36
7 37
7 37
7 38
8 39
8 40
8 40
8 41
9 42
9 43
9 44
9 44
9 45
10 46
10 47
10 48
10 48
10 49
10 50
11 51
11 52
11 53
11 54
11 54
11 55
11 56
11 57
11 58
11 59
11 60
11 60
11 61
11 62
12 63
12 64
12 65
12 65
12 66
12 67
12 68
12 69
12 70
12 70
12 71
12 72
12 73
12 74
12 74
12 75
12 76
12 76
12 77
12 78
12 78
12 79
12 79
12 79
12 78
13 77
13 76
13 75
13 74
14 73
14 72
14 71
14 70
15 69
15 68
15 67
15 66
16 65
16 64
16 63
16 62
17 61
17 60
17 59
17 58
18 57
18 56
18 55
18 54
19 53
19 52
19 51
19 50
20 49
20 48
20 48
21 49
22 49
22 49
22 49
22 50
22 51
22 51
22 52
22 53
22 54
22 55
22 55
22 56
23 57
23 58
23 59
23 59
23 60
23 61
23 62
23 62
23 63
23 64
23 65
23 65
23 66
23 67
23 68
23 68
23 69
23 70
23 70
23 71
23 71
23 71
23 71
23 70
23 69
23 68
23 67
23 66
23 65
23 64
23 63
23 62
23 61
23 60
23 59
23 58
23 57
23 56
23 55
23 54
23 53
23 52
23 51
23 50
23 49
23 48
23 47
23 46
23 45
23 44
23 43
23 42
23 41
23 40
23 39
23 38
23 37
23 36
23 35
23 34
23 33
23 32
23 32
24 31
24 31
24 30
23 29
23 28
23 28
23 28
24 29
24 30
24 30
24 31
24 32
24 32
24 33
24 33
24 34
25 35
25 36
25 36
25 37
25 38
25 38
26 39
26 40
27 41
27 42
28 43
28 43
28 44
29 45
29 46
29 46
29 46
29 45
29 45
29 46
29 46
30 47
30 47
30 48
30 49
30 49
30 50
30 51
30 52
30 52
30 53
30 54
30 55
30 56
30 56
30 57
30 58
31 59
31 60
31 61
31 61
31 62
31 63
31 64
31 64
31 65
31 66
31 67
31 67
31 68
31 69
31 69
31 70
31 70
31 70
31 70
31 69
31 68
31 68
31 67
32 66
32 65
32 65
32 64
33 63
33 62
33 61
33 61
33 60
33 59
34 58
34 57
34 56
34 56
34 55
34 54
35 53
35 52
35 51
35 50
35 50
35 49
36 48
36 47
36 46
36 46
37 45
37 44
37 44
38 43
38 43
38 44
38 44
39 44
39 44
40 45
40 46
40 46
40 47
40 48
40 48
40 49
41 50
41 51
41 52
41 52
41 53
41 54
41 55
41 56
41 56
41 57
42 58
42 59
42 60
42 60
42 61
42 62
42 63
42 64
42 64
42 65
42 66
42 67
42 67
42 68
42 69
42 69
42 70
42 71
42 71
42 71
42 71
42 70
43 69
43 68
43 67
43 66
44 65
44 64
44 63
45 62
45 61
45 60
46 59
46 58
46 57
46 56
47 55
47 54
47 53
48 52
48 51
48 50
49 49
49 48
49 47
49 46
50 45
50 44
50 44
50 45
50 45
50 45
50 45
50 46
50 46
50 47
50 48
50 49
50 49
50 50
50 51
50 52
50 52
50 53
50 54
50 55
50 56
50 57
50 57
50 58
50 59
51 60
51 61
51 62
51 63
51 63
51 64
51 65
51 66
51 67
51 68
51 69
51 70
51 70
51 71
51 72
51 73
51 74
51 75
51 76
51 76
51 77
51 78
51 79
51 80
51 81
51 82
51 82
51 83
51 84
51 85
51 86
51 87
51 87
51 88
51 89
51 90
51 91
51 92
51 92
51 93
50 94
50 95
50 96
50 96
50 97
50 98
50 99
50 99
50 100
50 100
50 100
50 100
50 99
50 98
50 97
50 96
50 95
50 94
50 93
50 92
50 91
50 90
50 89
50 88
51 87
51 86
51 85
51 84
51 83
51 82
51 81
51 80
51 79
51 78
51 77
51 76
51 75
51 74
51 73
51 72
51 71
51 70
51 69
51 68
51 67
51 66
51 65
51 64
52 63
52 62
52 61
52 60
52 59
52 58
52 57
52 56
52 55
52 54
52 53
52 52
52 51
52 50
52 49
52 48
52 47
52 46
52 45
52 44
52 43
52 42
52 41
52 40
52 39
53 38
53 37
53 36
53 35
53 34
53 33
53 32
53 31
53 30
53 29
53 28
53 27
53 26
53 26
53 25
54 24
54 23
54 22
54 22
54 21
53 20
53 19
53 18
53 18
53 17
53 17
53 17
53 18
53 18
54 18
54 18
54 19
54 20
54 20
54 21
54 22
54 22
54 23
55 24
55 25
55 26
55 26
55 27
55 28
55 29
55 29
56 30
56 31
56 31
56 32
57 33
57 34
57 35
57 36
58 37
58 38
58 39
59 40
59 41
59 42
59 43
60 44
60 45
60 45
60 46
61 47
61 48
61 49
61 49
61 49
61 49
61 50
61 51
61 51
61 52
61 53
61 53
61 54
62 55
62 56
62 56
62 57
61 58
61 59
61 59
61 60
61 61
61 62
61 63
61 63
61 64
61 65
61 66
61 67
61 67
61 68
61 69
61 70
61 71
61 71
61 72
61 73
61 74
61 74
60 75
60 76
60 76
60 77
60 78
60 78
60 79
60 79
60 78
60 77
60 76
60 75
61 74
61 73
61 72
61 71
61 70
61 69
61 68
61 67
61 66
61 65
62 64
62 63
62 62
62 61
62 60
62 59
62 58
62 57
62 56
62 55
63 54
63 53
63 52
63 51
63 50
63 49
63 48
63 47
63 46
63 45
64 44
64 43
64 42
64 41
64 40
64 39
64 38
64 37
64 36
64 35
65 34
65 33
65 32
65 31
65 30
65 29
65 29
65 28
65 28
65 27
65 26
65 25
65 25
65 24
65 23
65 22
65 21
65 21
65 22
65 22
66 22
66 22
66 23
66 23
67 24
67 25
67 25
67 26
67 27
67 27
67 28
67 29
67 30
67 31
67 31
67 32
67 33
67 34
67 35
67 36
67 37
67 38
67 39
67 40
67 41
67 42
67 43
68 44
68 45
68 46
68 47
68 48
68 49
68 50
68 51
68 52
68 53
68 54
68 55
68 56
68 56
68 57
68 58
68 59
68 60
68 61
68 62
68 62
68 62
69 63
69 64
69 64
70 65
70 66
70 66
71 67
72 68
72 68
73 69
74 69
74 69
75 68
76 68
76 68
77 68
78 68
79 68
79 68
80 67
81 67
82 66
82 66
83 65
84 64
85 64
86 63
86 63
87 62
88 61
88 61
89 60
90 59
90 58
91 57
91 57
91 56
91 55
92 54
92 53
92 52
92 52
92 51
93 50
93 49
93 48
93 48
93 47
93 46
93 45
93 44
93 43
93 43
92 42
92 41
92 41
91 40
90 39
90 39
89 39
88 39
88 39
87 40
86 40
85 41
85 41
84 42
83 42
82 43
81 43
81 43
80 44
79 45
79 46
78 47
78 47
77 48
77 49
76 50
76 51
76 51
76 52
76 53
75 54
75 55
75 56
75 57
75 57
75 58
75 59
75 60
75 61
75 62
75 62
75 63
75 64
76 65
76 66
76 67
76 67
77 68
77 69
78 70
78 71
78 71
79 72
80 73
80 74
81 75
81 75
82 76
83 76
84 77
85 77
85 77
86 78
87 79
88 79
89 80
89 80
90 80
91 81
92 81
93 81
93 81
94 82
95 82
95 82
96 82
97 82
97 82
98 83
99 83
99 83
100 83
