0 8
0 9
0 9
0 9
0 8
0 8
0 9
0 9
0 9
0 10
0 10
0 11
0 12
0 12
1 13
1 14
1 14
1 15
2 16
2 17
2 18
2 18
2 19
3 20
3 21
3 21
3 22
4 23
4 24
4 25
4 25
5 26
5 27
6 28
6 28
7 29
7 30
8 31
8 31
9 32
9 33
9 33
10 34
11 35
11 35
12 36
12 37
12 37
12 36
13 35
13 34
14 33
14 32
14 31
15 30
15 29
15 28
16 27
16 26
17 25
17 24
17 23
18 22
18 21
18 20
19 19
19 18
20 17
20 16
20 15
21 14
21 13
21 12
22 11
22 10
23 9
23 8
23 7
24 6
24 5
24 4
25 3
25 2
26 1
26 0
26 0
27 1
27 2
28 3
28 3
28 3
27 3
27 3
27 4
26 5
26 6
26 6
26 7
25 8
25 9
25 9
25 10
24 11
24 12
24 12
23 13
23 14
22 15
22 16
22 16
22 17
21 18
21 19
20 20
20 21
20 21
19 22
19 23
18 24
18 25
18 25
17 26
17 27
16 28
16 29
16 29
15 30
15 31
15 31
15 32
14 33
14 34
14 34
14 35
14 36
14 36
13 37
13 38
13 38
13 39
13 40
13 40
13 41
13 42
13 42
13 43
13 44
13 45
13 45
13 46
13 47
13 48
13 48
13 49
13 50
13 51
13 52
13 52
13 53
13 54
14 55
14 56
14 57
14 57
14 58
14 59
14 60
14 61
14 62
14 62
14 63
14 64
15 65
15 66
15 67
15 67
15 68
15 69
15 70
15 71
15 72
15 73
15 73
15 74
15 75
15 76
15 77
15 78
15 78
15 79
16 80
16 81
16 82
16 82
16 83
16 84
16 85
16 86
16 86
16 87
16 88
16 89
16 89
16 90
17 91
17 92
17 92
17 93
17 94
17 94
17 95
17 96
17 96
17 95
17 94
18 93
18 92
18 91
18 90
18 89
18 88
19 87
19 86
19 85
19 84
19 83
19 82
20 81
20 80
20 79
20 78
20 77
21 76
21 75
21 74
21 73
21 72
21 71
22 70
22 69
22 68
22 67
22 66
22 65
23 64
23 63
23 62
23 61
23 60
23 59
24 58
24 57
24 56
24 56
24 55
24 55
24 55
24 55
24 56
24 57
24 58
24 58
24 59
24 60
24 61
24 61
24 62
24 63
24 64
24 65
24 65
24 66
25 67
25 68
25 69
25 69
25 70
25 71
25 72
25 73
25 73
25 74
25 75
25 76
25 76
25 77
25 78
25 78
25 79
25 79
25 78
25 77
25 76
24 75
24 74
24 73
24 72
24 71
24 70
24 69
23 68
23 67
23 66
23 65
23 64
23 63
23 62
22 61
22 60
22 59
22 58
22 57
22 56
22 55
22 54
21 53
21 52
21 51
21 50
21 49
21 48
21 47
20 46
20 45
20 44
20 43
20 43
20 43
20 42
20 41
20 41
20 40
20 40
20 41
20 41
20 41
21 41
21 41
21 41
22 42
22 42
23 43
23 44
24 45
25 46
25 47
26 48
27 49
27 50
28 51
28 52
29 53
30 54
30 55
31 56
31 56
30 55
30 55
30 55
30 55
31 56
31 57
31 57
31 58
31 59
31 60
31 60
31 61
32 62
32 63
32 63
32 64
32 65
32 66
32 67
32 67
32 68
32 69
32 70
32 71
32 71
32 72
32 73
32 74
32 75
32 75
32 76
33 77
33 78
33 78
33 79
33 79
33 79
33 79
33 78
33 77
33 77
33 76
33 75
33 75
33 74
33 73
33 72
33 71
33 71
33 70
33 69
33 68
33 67
33 67
33 66
33 65
34 64
34 63
34 62
34 62
34 61
34 60
34 59
34 58
34 57
34 56
34 56
34 55
35 54
35 53
35 52
35 52
35 51
35 50
35 50
36 50
36 50
36 50
36 51
37 52
37 53
37 53
37 54
38 55
38 56
38 56
38 57
38 58
38 59
38 60
38 60
38 61
39 62
39 63
39 63
39 64
39 65
39 66
39 67
39 67
39 68
40 69
40 70
40 71
40 71
40 70
40 69
40 68
41 67
41 66
41 65
41 64
41 63
41 62
42 61
42 60
42 59
42 58
42 57
42 56
43 55
43 54
43 53
43 52
43 51
43 50
44 49
44 48
44 47
44 46
44 46
44 47
45 48
45 49
45 49
45 49
45 48
45 48
45 49
45 50
45 50
45 51
46 52
46 53
46 54
46 54
46 55
47 56
47 57
47 58
47 58
47 59
47 60
47 61
47 62
47 63
47 63
47 64
47 65
47 66
48 67
48 68
48 69
48 70
48 70
48 71
48 72
48 73
48 74
48 75
48 76
48 77
48 77
48 78
48 79
48 80
48 81
48 82
48 83
48 84
48 84
48 85
48 86
48 87
48 88
48 89
48 89
48 90
48 91
48 92
48 93
48 93
48 94
49 95
49 96
49 97
49 97
49 98
49 99
49 99
49 100
49 100
48 100
48 100
48 100
48 99
48 98
48 97
48 96
48 95
47 94
47 93
47 92
47 91
47 90
47 89
47 88
47 87
47 86
47 85
46 84
46 83
46 82
46 81
46 80
46 79
46 78
46 77
46 76
46 75
46 74
45 73
45 72
45 71
45 70
45 69
45 68
45 67
45 66
45 65
45 64
44 63
44 62
44 61
44 60
44 59
44 58
44 57
44 56
44 55
44 54
44 53
43 52
43 51
43 50
43 49
43 48
43 47
43 46
43 45
43 44
43 43
43 42
42 41
42 40
42 39
42 38
42 37
42 36
42 35
42 34
42 33
42 32
41 31
41 30
41 29
41 28
41 27
41 26
41 26
41 27
41 27
40 26
40 25
40 25
40 25
40 26
40 26
41 27
41 27
42 28
42 28
43 29
43 30
43 30
44 31
44 31
45 32
45 33
46 34
47 35
47 36
48 37
48 38
49 39
50 40
50 41
51 42
52 43
52 44
53 45
53 46
54 47
55 48
55 49
56 50
56 50
57 50
57 50
57 51
57 51
57 52
57 52
57 53
57 54
57 55
57 55
57 56
57 57
57 58
57 59
57 59
57 60
57 61
57 62
57 62
57 63
57 64
57 65
57 66
57 67
57 67
57 68
58 69
58 70
58 70
58 71
58 72
58 72
58 73
58 73
58 72
58 71
58 70
58 69
58 68
57 67
57 66
57 65
57 64
57 63
57 62
57 61
57 60
57 59
57 58
56 57
56 56
56 55
56 54
56 53
56 52
56 51
56 50
56 49
56 48
56 47
55 46
55 45
55 44
55 43
55 42
55 41
55 40
55 39
55 38
55 37
54 36
54 35
54 34
54 33
54 32
54 31
54 31
54 31
54 30
54 30
54 30
54 31
54 31
55 32
55 33
55 33
55 33
55 34
56 35
56 36
56 37
56 38
57 39
57 40
57 41
57 42
58 43
58 44
58 45
58 46
59 47
59 48
59 49
59 50
60 51
60 52
60 53
60 54
61 55
61 56
61 57
61 58
62 59
62 60
62 61
62 62
63 63
63 64
63 65
63 66
64 67
64 68
64 69
64 69
64 70
63 71
63 72
63 72
63 71
63 70
63 70
63 70
63 71
63 71
64 72
64 72
65 72
65 72
66 72
67 72
67 72
68 71
69 71
69 71
70 70
71 70
71 70
72 69
73 69
74 68
74 68
75 67
75 66
76 65
76 65
77 64
78 63
78 62
79 61
79 61
80 60
81 59
82 58
82 58
83 57
83 56
84 55
84 54
84 54
84 53
85 52
85 51
85 51
85 50
86 49
86 48
86 48
86 47
87 46
87 45
87 45
87 44
87 43
87 42
87 42
86 41
86 40
86 40
86 39
86 38
86 38
85 37
85 37
84 37
84 37
83 38
83 38
82 39
82 40
82 40
81 41
81 42
80 43
80 43
80 44
80 45
79 46
79 47
79 48
79 48
79 49
79 50
78 51
78 52
78 53
78 53
78 54
78 55
77 56
77 57
77 58
77 58
77 59
78 60
78 61
78 62
78 62
78 63
79 64
79 65
79 65
79 66
80 67
80 68
80 69
80 69
81 70
82 70
83 71
83 71
84 71
85 72
86 72
86 72
87 72
88 72
89 72
89 72
90 71
91 71
92 70
93 70
93 70
94 69
95 69
96 68
96 68
97 67
98 67
99 66
100 66
