2 2
2 3
1 4
1 5
1 5
1 6
1 6
0 6
0 6
0 7
0 8
0 9
0 10
0 11
0 11
0 12
0 13
0 14
0 15
0 15
0 16
0 17
0 18
0 18
1 19
1 20
1 20
2 21
2 21
3 22
3 22
4 22
5 22
5 22
6 21
6 20
7 19
7 18
8 17
9 16
9 15
10 14
10 13
11 12
12 11
12 10
13 9
13 8
14 7
14 6
15 5
16 4
16 3
17 2
17 1
18 0
18 0
19 1
20 1
20 1
20 2
20 2
19 2
19 2
19 3
18 4
18 5
18 5
18 6
18 7
17 8
17 9
17 10
17 10
17 11
16 12
16 13
16 14
15 15
15 16
15 16
14 17
14 18
13 19
13 20
12 21
12 21
11 22
11 23
10 24
10 25
10 25
9 26
8 27
8 28
7 29
7 29
6 30
6 31
6 31
6 31
6 32
6 32
6 32
6 32
6 32
7 33
7 33
8 34
8 35
8 35
8 36
8 37
8 38
8 39
8 39
8 40
9 41
9 42
9 43
9 43
9 44
9 45
10 46
10 47
10 48
10 49
10 49
10 50
10 51
10 52
10 53
10 54
10 55
10 55
10 56
10 57
10 58
11 59
11 60
11 61
11 62
11 62
11 63
11 64
11 65
11 66
11 67
11 68
11 68
11 69
11 70
11 71
11 71
11 72
11 73
11 74
11 74
11 75
11 75
12 76
12 76
12 75
13 74
13 73
13 72
14 71
14 70
14 69
15 68
15 67
15 66
15 65
16 64
16 63
16 62
17 61
17 60
17 59
18 58
18 57
18 56
19 55
19 54
19 53
20 52
20 51
20 50
20 49
21 48
21 47
21 46
22 45
22 44
22 44
23 43
24 43
25 42
26 42
26 42
26 41
26 40
26 39
26 39
26 39
27 40
27 41
27 41
27 42
27 43
27 43
27 44
27 45
27 46
27 47
27 47
27 48
27 49
27 50
27 51
27 52
27 53
27 53
27 54
27 55
27 56
27 57
27 58
27 58
27 59
27 60
28 61
28 62
28 63
28 63
28 64
28 65
28 66
28 66
28 67
28 67
28 68
28 68
29 68
29 68
29 67
29 66
29 65
29 64
29 63
29 62
29 61
29 60
29 59
29 58
29 57
29 56
29 55
29 54
29 53
29 52
29 51
29 50
29 49
29 48
29 47
29 46
29 45
29 44
29 43
29 42
29 41
29 40
29 39
29 38
29 37
29 36
29 35
29 34
29 33
29 32
29 31
29 30
29 29
29 28
29 28
30 27
31 26
31 26
31 25
31 24
31 24
31 23
30 22
30 21
30 21
31 22
31 22
32 23
32 23
33 23
33 23
33 24
34 25
34 26
35 27
35 28
36 29
36 30
37 31
37 32
38 33
38 34
39 35
39 36
40 37
40 38
40 38
40 37
41 36
41 35
41 35
41 34
41 34
41 33
41 33
41 34
41 35
41 35
41 36
41 37
41 38
41 39
41 39
41 40
41 41
41 42
41 43
41 44
41 44
41 45
41 46
41 47
41 48
41 49
41 50
41 50
41 51
40 52
40 53
40 54
40 54
40 55
40 56
40 57
40 58
40 58
40 59
40 59
40 60
40 60
40 60
40 59
40 59
41 58
41 57
41 57
41 56
42 55
42 54
42 53
42 53
42 52
43 51
43 50
44 49
44 48
44 48
44 47
44 46
45 45
45 44
45 43
45 43
46 42
46 41
47 40
47 40
48 39
48 38
48 38
48 38
48 39
48 40
48 40
48 41
49 42
49 43
49 43
49 44
49 45
49 46
49 46
49 47
49 48
49 49
49 50
49 50
49 51
49 52
49 53
49 54
49 55
49 55
49 56
49 57
49 58
49 58
50 59
50 60
50 60
50 61
50 61
50 61
50 60
51 59
51 58
52 57
52 56
52 55
53 54
53 53
53 52
54 51
54 50
55 49
55 48
55 47
56 46
56 45
56 44
57 43
57 42
58 41
58 40
58 40
59 41
59 42
59 42
59 41
59 40
59 40
59 41
59 42
59 42
59 43
60 44
60 45
60 45
60 46
61 47
61 48
61 49
61 49
61 50
61 51
61 52
61 53
61 54
61 54
61 55
61 56
62 57
62 58
62 59
62 60
62 60
62 61
62 62
62 63
62 64
62 65
62 66
62 66
62 67
62 68
62 69
62 70
62 71
62 72
62 73
62 73
62 74
62 75
62 76
62 77
62 78
62 79
62 80
62 81
62 81
62 82
62 83
62 84
62 85
62 86
62 87
62 87
62 88
62 89
61 90
61 91
61 92
61 93
61 93
61 94
60 95
60 96
60 97
60 97
60 98
60 99
60 99
60 100
60 100
60 100
60 99
60 98
60 97
60 96
60 95
60 94
60 93
60 92
60 91
61 90
61 89
61 88
61 87
61 86
61 85
61 84
61 83
61 82
61 81
61 80
61 79
61 78
61 77
61 76
61 75
61 74
61 73
61 72
61 71
62 70
62 69
62 68
62 67
62 66
62 65
62 64
62 63
62 62
62 61
62 60
62 59
62 58
62 57
62 56
62 55
62 54
62 53
62 52
62 51
63 50
63 49
63 48
63 47
63 46
63 45
63 44
63 43
63 42
63 41
63 40
63 39
63 38
63 37
63 36
63 35
63 34
63 33
63 32
63 31
64 30
64 29
64 28
64 27
64 26
64 25
64 24
64 23
64 22
64 21
64 20
64 20
64 19
64 18
64 17
64 16
64 15
64 14
64 14
64 13
64 12
64 11
64 10
64 10
64 10
64 11
64 11
64 12
65 13
65 14
65 14
65 15
65 16
65 16
65 17
65 18
65 19
65 20
65 20
65 21
65 22
65 23
65 24
65 24
65 25
66 26
66 27
66 28
67 29
67 30
67 31
68 32
68 33
68 34
68 35
69 36
69 37
69 38
70 39
70 40
70 40
71 41
71 41
71 40
71 40
71 40
71 41
71 42
71 42
71 43
71 44
71 45
71 45
71 46
71 47
71 48
71 49
71 49
71 50
71 51
71 52
71 53
71 53
71 54
70 55
70 56
70 57
70 57
70 58
71 59
71 60
71 61
71 61
71 62
71 63
71 64
71 64
71 65
71 66
71 67
71 67
71 68
71 69
71 69
71 70
71 70
71 70
71 69
71 68
71 67
71 66
71 65
71 64
71 63
72 62
72 61
72 60
72 59
72 58
72 57
72 56
72 55
72 54
72 53
72 52
72 51
72 50
72 49
72 48
73 47
73 46
73 45
73 44
73 43
73 42
73 41
73 40
73 39
73 38
73 37
73 36
73 35
73 34
73 33
74 32
74 31
74 30
74 29
74 28
74 27
74 26
74 25
74 25
74 24
75 23
75 22
75 21
75 21
75 20
75 19
74 18
74 17
74 16
74 16
74 15
74 14
74 14
74 13
74 13
75 14
75 14
75 15
75 15
76 16
76 17
76 17
76 18
76 19
76 20
76 20
76 21
76 22
76 23
76 23
76 24
76 25
76 26
76 27
76 28
76 29
76 30
76 31
76 32
76 33
76 34
76 35
76 36
76 37
76 38
76 39
76 40
76 41
76 42
76 43
76 44
76 45
76 46
76 46
76 47
76 48
76 49
76 50
76 51
76 51
76 52
76 52
75 51
75 50
75 50
76 51
76 51
76 52
76 52
77 53
77 53
78 54
79 54
79 54
80 55
81 55
81 55
82 55
83 55
83 55
84 54
85 54
85 54
86 54
87 53
88 53
88 53
89 52
90 52
91 51
91 51
92 50
92 49
93 48
93 48
94 47
94 46
95 45
95 44
95 44
95 43
96 42
96 41
96 41
96 40
96 39
96 38
96 37
96 37
95 36
95 35
95 35
94 34
94 33
94 33
93 32
92 32
92 32
91 32
90 33
89 33
89 33
88 34
87 34
86 35
85 35
85 35
84 36
84 37
83 38
83 39
83 39
82 40
82 41
81 42
81 42
81 43
80 44
80 45
80 46
80 46
80 47
81 48
81 49
81 49
81 50
82 51
82 52
82 53
82 53
83 54
83 55
84 56
84 56
85 57
86 57
87 58
87 58
88 59
89 59
90 60
90 60
91 61
92 61
93 62
94 62
94 62
95 63
96 63
96 63
97 64
98 65
98 65
99 66
100 67
