0 8
0 7
0 6
0 6
0 5
0 4
0 3
0 3
0 2
0 2
0 2
0 3
0 3
1 4
1 5
1 5
1 6
1 7
1 8
1 8
1 9
2 10
2 11
2 12
2 12
2 13
3 14
3 15
3 15
3 16
4 17
4 18
4 18
5 19
5 20
5 20
6 20
6 20
7 20
8 20
8 20
9 19
9 18
10 17
11 16
12 15
12 14
13 13
14 12
15 11
15 10
16 9
17 8
18 7
18 6
19 5
19 5
20 4
21 3
21 2
22 1
22 1
22 0
22 0
22 1
22 1
22 2
22 2
21 3
20 4
20 4
20 5
19 6
19 7
19 7
18 8
18 9
17 10
17 10
16 11
16 12
15 13
15 13
14 14
14 15
13 16
13 16
12 17
12 18
11 19
11 19
10 20
10 21
10 21
9 22
9 22
9 23
9 23
9 23
9 24
9 25
9 25
9 26
9 27
9 28
9 28
9 29
9 30
9 31
9 31
9 32
9 33
10 34
10 35
10 36
10 36
10 37
10 38
10 39
10 40
10 41
10 41
10 42
10 43
10 44
10 45
10 46
10 46
10 47
10 48
11 49
11 50
11 51
11 52
11 52
11 53
11 54
11 55
11 56
11 57
11 58
11 58
11 59
11 60
11 61
11 62
11 62
11 63
12 64
12 65
12 65
12 66
12 67
12 68
12 68
12 69
12 70
12 70
12 71
12 72
12 72
12 71
13 70
13 69
13 68
14 67
14 66
15 65
15 64
15 63
16 62
16 61
16 60
17 59
17 58
18 57
18 56
18 55
19 54
19 53
19 52
20 51
20 50
21 49
21 48
21 47
22 46
22 45
22 44
23 43
23 42
24 41
24 40
24 39
25 38
25 37
25 37
26 37
27 37
28 37
28 37
28 37
28 38
28 39
28 39
28 40
28 41
28 42
28 43
28 43
28 44
28 45
28 46
28 47
28 47
28 48
28 49
28 50
28 51
28 51
28 52
28 53
28 54
28 55
28 55
28 56
28 57
28 58
28 59
28 60
28 60
28 61
28 62
28 62
28 63
28 64
28 64
28 64
28 64
28 63
28 62
28 61
28 60
28 59
28 58
28 57
28 56
28 55
28 54
29 53
29 52
29 51
29 50
29 49
29 48
29 47
29 46
29 45
29 44
29 43
29 42
29 41
29 40
29 39
29 38
29 37
29 36
29 35
29 34
29 33
30 32
30 31
30 30
30 29
30 28
30 27
30 26
30 25
30 24
30 23
30 22
30 22
31 23
31 24
31 24
30 23
30 23
30 22
30 21
30 20
30 20
30 21
30 21
31 22
31 22
32 23
32 23
32 24
32 25
32 25
33 26
33 27
33 27
33 28
34 29
34 30
34 31
34 32
35 33
35 34
35 34
35 35
36 36
36 37
36 37
36 36
36 36
36 37
36 37
36 38
36 38
37 39
37 40
37 40
37 41
37 42
37 43
37 44
37 44
37 45
37 46
37 47
37 48
37 48
37 49
38 50
38 51
38 52
38 52
38 53
38 54
38 55
38 56
38 56
38 57
38 58
38 59
38 59
38 60
38 61
38 61
38 61
38 61
38 60
38 60
38 59
38 58
38 57
38 57
38 56
39 55
39 54
39 53
40 52
40 51
40 50
41 49
41 48
41 48
41 47
41 46
42 45
42 44
42 43
42 42
42 41
43 40
43 39
43 38
43 38
44 37
44 36
44 36
44 36
45 36
45 36
45 36
46 37
46 38
46 38
47 39
47 40
47 40
47 41
47 42
47 43
47 43
47 44
48 45
48 46
48 47
48 47
48 48
48 49
48 50
48 51
48 51
48 52
49 53
49 54
49 55
49 55
49 56
49 57
49 58
49 58
49 59
49 60
49 61
49 61
49 60
50 59
50 58
51 57
51 56
51 55
52 54
52 53
53 52
53 51
53 50
54 49
54 48
55 47
55 46
55 45
56 44
56 43
57 42
57 41
57 40
58 39
58 38
59 37
59 36
59 36
59 35
59 35
59 34
59 33
59 33
59 33
60 34
60 35
60 35
60 36
60 37
60 37
60 38
61 39
61 40
61 40
61 41
61 42
61 43
61 44
61 45
61 45
61 46
61 47
61 48
61 49
61 50
61 50
61 51
61 52
61 53
61 54
61 55
61 56
61 56
61 57
61 58
61 59
61 60
61 61
61 62
61 63
61 64
61 64
61 65
61 66
61 67
61 68
61 69
61 70
61 71
61 72
61 72
61 73
61 74
61 75
61 76
61 77
61 78
61 79
61 80
61 80
61 81
61 82
60 83
60 84
60 85
60 86
60 86
60 87
60 88
59 89
59 90
59 91
59 91
59 92
59 93
59 94
59 95
59 95
59 96
58 97
58 98
58 98
58 99
58 100
58 100
57 100
57 100
57 100
56 99
56 98
56 98
56 97
56 96
56 95
56 94
56 93
56 92
56 91
56 90
56 89
56 88
56 87
57 86
57 85
57 84
57 83
57 82
57 81
57 80
57 79
57 78
57 77
57 76
57 75
57 74
57 73
57 72
57 71
57 70
57 69
57 68
57 67
57 66
57 65
58 64
58 63
58 62
58 61
58 60
58 59
58 58
58 57
58 56
58 55
58 54
58 53
58 52
58 51
58 50
58 49
58 48
58 47
58 46
58 45
58 44
58 43
59 42
59 41
59 40
59 39
59 38
59 37
59 36
59 35
59 34
59 33
59 32
59 31
59 31
59 30
60 29
60 28
61 27
61 26
62 25
62 24
62 24
62 23
62 22
62 21
62 21
62 20
62 19
62 18
62 17
62 16
62 16
62 16
63 17
63 17
63 18
63 18
64 19
64 19
64 20
64 21
64 22
64 22
64 23
64 24
64 25
64 25
64 26
64 27
64 28
64 28
65 28
66 28
67 29
68 29
69 29
70 29
71 30
72 30
73 30
73 30
73 31
74 32
74 33
75 34
75 35
75 35
75 36
75 36
75 37
75 37
75 38
75 38
75 39
75 40
75 41
75 42
75 42
75 43
76 44
76 45
76 45
76 46
76 47
76 48
76 49
76 50
76 50
76 51
76 52
76 53
76 54
76 54
76 55
76 56
75 57
75 58
75 59
75 59
75 60
75 61
75 62
75 63
75 63
75 64
74 65
74 66
74 67
74 67
74 68
74 68
74 69
74 70
74 70
74 70
74 69
74 69
74 68
74 67
74 67
74 66
74 65
74 64
74 63
74 62
74 61
74 60
75 59
75 58
75 57
75 56
75 55
75 54
75 53
75 52
75 51
75 50
75 49
75 48
75 47
75 46
76 45
76 44
76 43
76 42
76 41
76 40
76 39
76 38
76 37
76 36
76 35
76 34
76 33
76 32
76 31
77 30
77 29
77 28
77 27
77 26
77 25
77 24
77 23
77 23
77 22
78 21
78 20
78 20
78 19
78 18
78 17
78 17
77 16
77 15
77 15
78 16
78 16
78 16
78 17
78 17
79 18
79 19
79 19
79 20
79 21
79 21
79 22
79 23
79 23
79 24
79 25
79 26
80 27
80 28
80 29
80 30
80 31
80 32
81 33
81 34
81 35
81 36
81 37
81 38
82 39
82 40
82 41
82 42
82 42
82 43
82 44
82 45
82 45
82 46
82 46
82 47
82 47
83 48
83 49
83 49
84 50
84 50
85 51
85 51
86 52
86 53
86 53
87 54
87 54
88 55
89 55
89 55
90 54
91 54
91 54
92 53
93 53
93 53
94 52
94 51
94 51
95 50
95 49
95 49
95 48
96 47
96 46
96 45
96 45
96 44
96 43
96 42
96 42
96 41
96 40
96 39
96 38
96 38
95 37
95 36
95 36
94 35
93 34
93 34
92 34
91 34
91 34
90 35
89 35
89 35
88 36
87 37
87 37
86 38
86 39
85 40
85 40
84 41
84 42
83 43
83 44
83 44
83 45
83 46
83 47
83 48
83 49
83 49
83 50
83 51
83 52
83 53
83 54
83 54
83 55
83 56
83 57
83 58
83 59
83 59
84 60
84 61
85 62
85 63
85 63
86 64
86 65
87 66
87 66
88 67
89 68
90 68
91 69
91 69
92 70
93 70
94 71
94 71
95 71
96 72
97 72
97 72
98 72
99 72
99 72
100 73
