0 4
0 3
0 2
0 1
0 1
0 1
0 0
0 0
0 0
0 1
0 1
1 2
1 2
2 3
2 4
2 4
2 5
2 6
2 7
2 7
2 8
3 9
3 10
3 10
4 11
4 12
5 13
5 13
6 14
6 15
6 15
7 16
7 17
7 17
8 18
8 19
8 19
9 20
9 21
9 21
9 22
9 22
10 21
10 20
11 19
11 18
12 17
13 16
13 15
14 14
15 13
15 12
16 11
16 10
17 9
18 8
18 7
19 6
19 5
20 4
20 4
21 4
21 4
21 4
21 4
21 5
21 5
20 6
20 6
19 7
19 8
19 8
18 9
17 10
17 10
16 11
16 12
16 12
15 13
15 14
15 14
14 15
13 16
13 16
13 17
12 18
12 19
12 19
11 20
11 21
11 21
10 22
10 22
10 23
10 24
10 24
10 25
10 25
10 26
10 26
10 27
10 27
10 28
10 28
10 29
10 30
10 30
10 31
10 32
10 32
10 33
11 34
11 35
11 35
11 36
11 37
11 37
11 38
11 39
11 40
11 41
11 41
11 42
11 43
12 44
12 45
12 46
12 46
12 47
12 48
12 49
12 50
12 51
12 51
12 52
12 53
12 54
12 55
12 56
12 57
12 57
12 58
12 59
13 60
13 61
13 62
13 63
13 63
13 64
13 65
13 66
13 67
13 67
13 68
13 69
13 70
13 70
13 71
13 72
13 73
13 74
13 74
13 75
13 76
13 77
13 77
13 78
13 79
13 79
13 80
13 81
13 81
14 81
14 81
14 81
15 80
15 79
16 78
16 77
17 76
17 75
18 74
19 73
19 72
20 71
20 70
21 69
21 68
22 67
22 66
23 65
24 64
24 63
25 62
25 61
26 60
26 59
27 58
27 58
28 58
28 58
29 58
29 58
29 59
29 59
29 60
29 61
29 61
29 62
29 63
29 64
29 64
29 65
29 66
29 67
29 67
29 68
29 69
29 70
29 70
29 71
29 72
29 73
29 73
29 74
29 74
29 75
29 76
29 76
29 77
29 77
29 78
29 78
29 78
29 77
29 76
29 76
29 75
29 74
29 73
29 72
29 71
29 70
29 69
29 68
29 67
29 66
29 65
29 64
29 63
29 62
29 61
29 60
29 59
29 58
29 57
29 56
29 55
29 54
29 53
29 52
29 51
29 50
29 49
29 48
29 47
29 46
29 45
29 44
29 43
29 42
29 42
29 41
29 40
30 39
30 38
30 37
30 36
30 36
30 36
30 35
30 35
31 35
31 35
31 36
31 36
32 37
32 37
33 37
33 37
34 38
34 38
35 39
36 40
36 41
37 42
38 43
39 44
39 45
40 46
40 46
41 47
41 48
41 48
41 49
41 49
41 50
41 50
41 51
41 52
41 52
41 53
41 53
41 54
41 55
41 56
41 56
41 57
41 58
41 58
41 59
40 60
40 61
40 61
40 62
40 63
40 64
40 64
40 65
40 66
40 66
40 67
40 67
41 68
41 68
41 68
41 68
41 67
41 67
41 66
41 65
41 65
42 64
42 63
42 63
42 62
42 61
42 60
42 60
42 59
43 58
43 57
43 56
43 56
43 55
44 54
44 53
44 53
44 52
44 52
45 52
45 52
46 52
46 52
46 52
47 53
47 53
48 54
48 55
48 55
48 56
48 57
48 57
48 58
48 59
48 59
49 60
49 61
49 61
49 62
49 63
49 63
49 64
49 64
50 65
50 65
50 66
50 66
50 66
51 66
51 66
51 65
52 64
52 63
52 62
52 61
53 60
53 59
53 58
53 57
54 56
54 55
54 54
54 53
55 52
55 51
55 50
55 49
56 48
56 47
56 47
56 46
57 45
57 44
57 44
57 43
57 43
57 43
57 44
57 44
57 45
57 45
57 46
57 46
57 47
57 48
57 49
57 49
57 50
57 51
57 52
57 52
57 53
57 54
57 55
57 56
57 56
57 57
57 58
56 59
56 60
56 61
56 61
56 62
56 63
56 64
56 65
56 66
56 67
56 67
56 68
56 69
56 70
56 71
56 72
56 72
56 73
56 74
55 75
55 76
55 77
55 78
55 78
55 79
55 80
55 81
55 82
55 83
55 83
55 84
55 85
55 86
55 87
55 88
55 88
55 89
55 90
54 91
54 92
54 93
54 94
54 94
54 95
54 96
54 97
54 97
53 98
53 99
53 99
52 100
52 100
52 100
51 100
51 100
50 99
50 99
50 98
49 97
49 96
49 96
49 95
49 94
49 93
49 92
49 91
49 90
49 89
49 88
49 87
49 86
49 85
49 84
49 83
49 82
49 81
49 80
49 79
49 78
49 77
49 76
49 75
49 74
49 73
49 72
49 71
49 70
49 69
50 68
50 67
50 66
50 65
50 64
50 63
50 62
50 61
50 60
50 59
50 58
50 57
50 56
50 55
50 54
50 53
50 52
50 51
50 50
50 49
50 48
50 47
50 46
50 45
50 44
50 43
50 42
50 41
50 40
50 40
51 39
51 38
52 37
52 36
53 35
53 35
54 34
54 33
54 33
55 32
55 32
56 32
56 32
57 32
57 32
58 33
59 33
60 34
61 35
62 36
63 36
64 37
65 38
66 38
67 39
67 39
67 40
68 41
68 42
68 43
68 43
68 43
68 44
68 44
68 45
68 46
68 46
68 47
68 48
68 49
68 49
68 50
68 51
68 52
68 52
68 53
67 54
67 55
67 55
67 56
67 57
67 58
67 59
67 59
67 60
67 61
67 62
67 62
67 63
67 64
67 64
68 65
68 66
68 66
68 66
68 65
68 65
68 64
68 63
68 62
68 62
68 61
68 60
68 59
68 58
68 57
68 56
68 55
68 54
68 53
68 52
68 51
68 50
68 49
68 48
69 47
69 46
69 45
69 44
69 43
69 42
69 41
69 40
69 39
69 38
69 37
69 36
69 35
69 34
69 33
69 32
69 32
70 31
70 31
70 31
71 32
71 32
71 33
71 33
72 34
72 34
72 35
72 35
73 36
73 36
73 37
73 38
74 39
74 40
74 41
74 42
75 43
75 44
75 45
75 46
75 47
76 48
76 49
76 50
76 50
76 51
77 52
77 53
77 54
77 54
77 55
77 55
77 56
77 56
78 57
78 57
79 57
79 57
80 57
80 57
81 57
81 57
82 56
82 56
83 55
84 54
84 54
85 53
85 52
85 52
86 51
86 50
86 50
86 49
87 48
87 47
87 47
87 46
88 45
88 44
88 44
88 43
89 42
89 41
89 41
88 40
88 39
88 39
88 38
88 37
88 37
87 36
87 36
86 36
86 36
85 36
85 36
84 37
83 38
83 38
82 39
82 40
82 40
81 41
81 42
80 43
80 43
80 44
79 45
79 46
79 47
79 47
79 48
79 49
79 50
79 51
79 52
79 52
79 53
79 54
79 55
79 56
79 57
79 57
79 58
79 59
79 60
79 61
79 61
80 62
80 63
81 64
81 64
82 65
83 65
84 66
84 66
85 66
86 66
87 66
87 66
88 66
89 65
90 65
91 65
91 65
92 65
93 64
94 64
95 64
95 64
96 63
97 63
98 62
99 62
100 61
