0 36
0 35
0 34
0 33
0 33
0 32
0 32
0 32
0 32
0 32
0 33
0 34
0 35
0 36
0 37
0 37
0 38
0 39
0 40
0 41
0 42
0 43
0 44
0 44
0 45
0 46
0 47
0 48
0 49
0 50
0 51
0 52
0 53
0 53
0 54
0 55
0 56
0 57
0 58
0 59
0 60
0 60
0 61
0 62
0 63
0 64
0 65
0 65
0 66
0 67
1 68
1 69
1 70
1 70
1 71
1 72
1 73
1 74
1 74
1 75
1 76
1 77
1 78
1 78
1 79
1 80
1 81
1 81
1 82
1 83
1 83
1 84
1 84
1 83
1 82
1 81
1 80
1 79
1 78
1 77
2 76
2 75
2 74
2 73
2 72
2 71
2 70
2 69
2 68
2 67
2 66
2 65
2 64
2 63
2 62
2 61
3 60
3 59
3 58
3 57
3 56
3 55
3 54
3 53
3 52
3 51
3 50
3 49
3 48
3 47
3 46
4 45
4 44
4 43
4 42
4 41
4 40
4 39
4 38
4 37
4 36
4 35
4 34
4 33
4 32
4 31
4 30
5 29
5 28
5 27
5 26
5 25
5 24
5 23
5 22
5 22
5 21
6 20
6 19
7 18
7 17
7 17
7 16
7 15
7 15
7 14
7 14
8 14
8 14
9 15
10 15
10 15
11 14
11 14
11 13
12 12
12 11
12 11
13 10
14 9
14 9
15 8
16 7
16 7
17 6
18 6
19 5
19 5
20 4
21 4
21 4
22 3
23 2
23 2
24 1
25 1
25 1
26 1
26 1
27 1
27 1
28 2
28 2
29 3
29 4
29 4
29 5
30 6
30 7
30 8
30 8
30 9
30 10
30 11
30 12
30 13
30 14
30 15
30 15
30 16
30 17
30 18
30 19
30 20
30 21
30 22
30 23
30 23
30 24
30 25
30 26
30 27
30 28
30 29
30 30
30 31
30 32
30 33
30 33
30 34
30 35
30 36
30 37
30 38
30 39
30 40
30 41
30 42
30 42
30 43
30 44
30 45
30 46
30 47
30 48
30 49
30 50
30 51
30 51
30 52
30 53
30 54
30 55
30 56
30 57
30 58
30 59
30 60
30 61
30 61
30 62
30 63
30 64
30 65
30 66
30 67
30 68
30 69
30 70
30 70
30 71
30 72
30 73
31 74
31 75
31 76
31 77
31 78
31 78
31 79
31 80
31 81
31 82
31 83
31 84
31 85
31 85
31 86
31 87
31 88
31 89
31 90
31 90
31 91
31 92
31 93
31 94
31 95
31 95
31 96
32 97
32 98
32 98
32 99
32 100
32 100
32 100
32 99
31 98
31 97
31 96
30 95
30 94
30 93
29 92
29 91
29 90
29 89
28 88
28 87
28 86
27 85
27 84
27 83
26 82
26 81
26 80
25 79
25 78
25 77
24 76
24 75
24 74
23 73
23 72
23 71
23 70
22 69
22 68
22 67
21 66
21 65
21 64
20 63
20 62
20 61
19 60
19 59
19 58
18 57
18 56
18 55
18 54
17 53
17 52
17 51
16 50
16 49
16 48
15 47
15 46
15 46
15 45
15 44
16 43
16 42
16 41
16 41
16 40
16 40
16 39
16 39
16 38
16 38
17 37
18 37
18 37
19 36
19 35
19 35
20 34
21 34
21 34
21 35
20 36
20 37
19 38
19 39
18 40
18 41
17 42
17 43
17 43
17 44
17 45
17 45
16 45
16 45
16 45
17 45
17 45
18 44
18 44
19 44
19 44
20 43
21 43
21 43
22 43
22 43
23 42
24 42
24 42
23 43
23 44
22 45
21 46
20 47
20 48
19 49
18 50
18 51
17 52
16 53
16 54
15 55
14 56
13 57
13 58
12 59
11 60
11 61
10 62
10 62
9 63
8 64
8 65
7 66
6 67
6 67
5 67
5 67
5 67
5 67
5 67
6 66
7 66
7 66
8 65
9 65
9 65
10 64
11 64
11 64
12 63
13 63
14 62
14 62
15 61
16 61
16 61
17 60
18 59
19 58
20 57
21 56
22 55
23 54
24 53
25 52
26 51
27 50
28 49
29 48
30 47
31 46
32 45
33 44
34 43
35 42
36 41
37 41
38 40
39 39
40 38
41 37
42 36
43 35
44 34
45 33
46 32
47 31
48 30
49 29
50 28
51 27
52 26
53 25
54 24
55 23
56 22
57 21
57 21
57 21
57 20
57 20
56 19
56 19
57 18
58 18
58 18
59 17
59 17
60 16
60 16
60 15
60 14
60 13
60 12
61 11
61 10
61 9
61 8
61 7
61 7
61 7
61 7
61 7
61 7
61 7
61 7
61 7
61 8
61 9
61 10
61 10
61 11
61 12
61 13
61 13
61 14
61 15
61 16
61 16
61 17
60 18
60 19
60 20
59 21
59 22
59 23
58 24
58 25
58 26
58 27
57 28
57 29
57 30
56 31
56 32
56 32
56 33
56 34
55 35
55 36
55 37
55 37
55 37
54 37
54 37
54 37
54 38
54 38
54 38
55 39
55 39
55 39
55 40
55 40
55 40
55 39
55 39
56 39
56 39
57 38
57 37
57 37
58 36
58 35
58 35
59 34
60 34
60 34
61 33
61 33
62 33
62 33
63 32
63 32
63 32
63 32
63 33
63 33
63 33
63 34
63 34
63 35
63 35
63 36
63 36
62 37
62 37
61 38
61 39
61 39
60 40
60 41
60 41
59 42
58 43
58 44
57 45
57 45
58 45
58 45
58 45
58 46
58 46
57 47
57 47
57 48
57 48
56 49
56 49
55 50
55 51
55 51
54 52
54 53
54 53
54 54
54 55
54 55
55 54
56 53
56 52
57 51
58 50
58 50
59 51
59 52
59 52
59 53
59 53
59 54
59 54
59 55
59 55
59 56
59 56
60 56
60 56
61 57
62 57
62 57
63 56
63 56
64 56
65 55
66 55
66 55
67 54
67 54
68 53
69 53
69 53
70 52
70 51
70 51
70 50
70 49
70 48
70 47
70 46
70 45
70 44
70 43
70 42
70 41
70 40
70 39
70 38
70 37
70 36
70 35
70 34
71 33
71 32
71 31
71 30
71 29
71 28
71 27
71 26
71 25
71 24
71 23
71 22
71 21
71 20
71 19
71 18
71 17
71 16
71 16
71 17
71 17
71 17
70 16
70 15
70 15
71 14
71 14
72 13
73 12
73 12
74 11
75 10
75 10
76 9
76 9
76 8
76 7
76 6
77 5
77 4
77 3
77 2
77 1
77 1
77 1
77 1
77 1
77 1
77 1
77 1
77 2
77 3
77 3
77 4
77 5
77 5
77 6
77 7
77 7
77 8
77 9
77 9
77 10
77 11
77 12
77 12
76 13
76 14
75 15
75 16
74 17
74 18
73 19
73 20
72 21
72 22
72 22
72 23
72 24
72 25
72 25
71 25
71 25
71 25
71 26
71 26
71 27
71 27
71 28
71 28
71 29
71 29
71 30
71 31
71 31
72 32
72 32
72 33
72 33
72 33
72 33
73 32
73 32
74 31
74 30
74 30
75 29
75 28
76 27
76 27
77 26
77 25
78 24
78 24
79 23
80 23
80 23
81 22
81 22
82 22
82 22
82 23
82 23
83 23
83 23
83 23
83 24
83 24
82 25
82 25
82 26
82 27
82 27
81 28
81 29
81 29
80 30
80 30
80 31
79 32
79 33
79 33
78 34
78 35
78 35
77 36
77 37
76 38
76 38
75 39
75 40
75 40
76 39
77 38
77 38
77 38
77 38
77 39
77 39
77 39
76 40
76 40
76 41
75 42
75 43
75 43
74 44
74 44
74 45
74 46
74 46
73 47
73 48
73 48
73 49
73 50
73 50
74 49
74 48
75 47
75 46
76 45
76 44
77 43
77 42
78 41
78 41
79 41
79 41
79 42
79 42
78 43
78 44
78 44
78 45
78 46
78 46
79 47
79 48
79 48
80 49
80 49
81 50
81 51
81 51
82 51
83 51
83 51
84 50
85 50
85 50
86 50
87 49
88 49
88 49
89 49
90 48
91 48
91 48
92 47
93 47
93 47
94 46
95 45
95 45
96 45
97 45
97 45
98 44
98 44
99 44
99 44
99 44
99 44
99 43
99 43
100 42
