2 16
1 15
1 15
0 15
0 15
0 15
0 16
0 16
0 17
0 18
0 18
0 19
0 20
0 20
0 21
0 22
0 23
0 23
0 24
0 25
0 26
0 27
0 27
0 28
0 29
0 30
0 31
0 32
0 32
0 33
0 34
0 35
0 36
0 37
0 37
0 38
0 39
0 40
0 41
0 42
0 43
0 44
0 44
0 45
0 46
0 47
0 48
0 49
0 50
0 51
0 51
0 52
0 53
0 54
0 55
0 56
0 57
0 57
0 58
0 59
0 60
0 61
0 62
0 63
0 64
0 65
0 65
0 66
0 67
0 68
0 69
0 70
0 71
0 72
0 72
0 73
0 74
0 75
0 76
0 77
0 77
0 78
0 79
0 80
0 81
0 82
0 82
0 83
0 84
0 85
0 85
0 86
0 87
0 87
0 88
0 88
0 88
0 87
0 87
0 86
0 85
0 84
0 84
0 83
0 82
0 81
0 80
0 79
0 78
0 77
0 76
0 75
0 74
0 73
0 72
1 71
1 70
1 69
1 68
1 67
1 66
1 65
1 64
1 63
1 62
1 61
1 60
1 59
1 58
1 57
1 56
1 55
1 54
1 53
1 52
1 51
1 50
1 49
1 48
1 47
1 46
2 45
2 44
2 43
2 42
2 41
2 40
2 39
2 38
2 37
2 36
2 35
2 34
2 33
2 32
2 31
2 30
2 29
2 28
2 27
2 26
2 25
2 24
2 23
2 22
2 21
2 20
3 19
3 18
3 17
3 16
3 15
3 14
3 13
3 12
3 11
3 10
3 9
3 8
3 7
3 7
4 6
5 5
5 5
4 5
4 5
4 4
4 4
4 4
5 4
5 4
5 4
5 4
6 4
6 4
6 4
7 5
8 6
9 7
10 7
11 8
12 9
12 9
13 8
13 8
14 7
14 7
14 6
14 6
15 5
15 5
16 4
16 4
17 3
17 2
17 2
18 1
18 1
19 1
20 1
20 1
21 0
21 0
22 1
22 1
23 2
23 2
24 3
24 3
25 4
25 5
25 5
25 6
26 7
26 8
26 8
26 9
26 10
26 11
26 11
26 12
27 13
27 14
27 15
27 15
27 16
27 17
27 18
27 19
27 20
27 20
27 21
27 22
27 23
27 24
27 25
27 26
27 26
27 27
27 28
27 29
27 30
27 31
27 32
27 32
27 33
27 34
27 35
27 36
27 37
27 38
27 38
27 39
27 40
27 41
28 42
28 43
28 44
28 45
28 46
28 46
28 47
28 48
28 49
28 50
28 51
28 52
28 53
28 54
28 54
28 55
28 56
28 57
28 58
28 59
28 60
28 61
28 62
28 62
28 63
28 64
28 65
28 66
28 67
28 68
28 69
28 70
28 71
28 71
28 72
28 73
28 74
28 75
28 76
28 77
28 78
28 78
28 79
28 80
28 81
28 82
28 83
28 84
28 85
28 85
28 86
28 87
28 88
28 89
28 90
28 91
28 91
28 92
28 93
28 94
28 95
28 96
28 96
28 97
28 98
28 99
28 99
28 100
28 100
27 100
27 100
27 100
26 99
26 99
25 98
25 98
25 97
25 96
24 95
24 94
24 93
24 92
23 91
23 90
23 89
23 88
23 87
22 86
22 85
22 84
22 83
21 82
21 81
21 80
21 79
21 78
20 77
20 76
20 75
20 74
19 73
19 72
19 71
19 70
19 69
18 68
18 67
18 66
18 65
17 64
17 63
17 62
17 61
16 60
16 59
16 58
16 57
16 56
15 55
15 54
15 53
15 52
14 51
14 50
14 49
14 48
14 47
13 46
13 45
13 44
13 43
12 42
12 41
12 40
12 39
12 38
11 37
11 36
11 35
11 34
10 33
10 32
10 31
10 31
10 31
10 30
10 30
10 29
10 29
11 28
11 28
11 27
11 27
12 26
12 26
13 25
13 25
14 24
14 23
14 23
15 22
15 22
16 21
16 21
16 20
16 19
16 19
17 19
17 19
17 18
17 18
18 18
18 18
18 19
18 19
18 20
17 21
17 22
17 23
16 24
16 25
16 26
15 27
15 28
15 29
14 30
14 31
14 32
13 33
13 34
13 34
13 35
13 36
13 37
13 38
13 39
13 40
13 40
12 40
12 40
12 39
12 39
12 39
13 39
13 39
13 39
14 39
14 39
14 39
15 38
15 38
16 37
16 36
16 36
17 35
17 35
17 34
17 34
18 34
18 34
18 33
18 33
18 34
18 34
18 35
18 36
17 37
17 38
17 39
17 40
16 41
16 42
16 43
16 43
16 44
16 45
15 46
15 47
15 48
15 49
15 49
15 50
14 51
14 52
14 52
14 53
14 53
14 53
14 53
14 53
15 53
15 53
16 52
16 51
16 51
17 50
17 50
18 49
18 48
18 48
19 47
20 47
21 46
22 46
23 45
24 45
25 44
26 44
27 43
28 43
29 42
30 42
31 41
32 40
33 40
34 39
35 39
36 38
37 38
38 37
39 37
40 36
41 36
42 35
43 35
44 34
45 33
46 33
47 32
48 32
49 31
50 31
51 30
52 30
53 29
54 29
55 28
56 28
57 27
57 27
57 27
57 26
57 26
58 25
58 24
58 24
59 23
59 22
60 21
60 21
61 20
61 19
62 18
62 18
63 17
64 16
65 15
65 15
66 14
67 13
67 13
68 12
68 11
68 11
69 11
70 11
70 11
70 10
70 10
70 10
70 11
70 11
69 11
68 11
67 11
66 11
65 11
64 11
63 11
63 11
63 10
63 9
63 9
63 9
63 8
63 8
63 8
63 8
63 9
63 9
63 10
63 11
63 11
63 12
63 12
63 13
63 14
63 15
63 15
63 16
63 17
63 18
63 18
63 19
63 20
63 21
63 21
63 22
63 23
63 24
63 24
63 25
63 26
63 27
63 27
63 28
63 29
63 29
62 30
62 31
62 31
62 32
62 33
62 33
62 34
62 34
62 35
62 36
62 36
62 37
62 37
62 38
62 38
62 39
62 40
62 40
62 41
62 41
62 42
62 42
62 43
62 43
62 43
62 43
62 43
62 42
62 42
62 41
62 41
62 40
62 39
62 38
62 37
62 36
62 35
62 34
62 33
62 33
63 32
63 31
63 31
63 31
63 30
63 30
63 29
63 29
64 28
64 28
64 28
65 28
65 28
65 28
66 29
66 29
66 29
66 30
66 30
66 31
66 32
66 32
65 33
65 33
65 34
65 35
65 35
64 36
64 37
64 37
63 38
63 39
63 39
63 40
63 41
63 41
62 42
62 43
62 43
62 44
62 44
61 44
61 44
61 44
61 44
61 44
61 44
61 45
61 45
61 45
61 46
61 46
61 47
61 48
61 48
60 49
60 50
60 50
60 51
60 52
60 52
59 53
59 54
59 54
59 55
59 56
59 56
59 56
58 56
58 56
58 56
59 56
59 56
59 55
60 54
60 53
60 52
60 51
61 50
61 49
61 48
61 47
62 46
62 45
62 45
63 44
63 44
63 43
63 43
63 43
64 43
64 43
64 43
64 44
64 44
64 45
64 45
64 46
64 47
64 47
65 48
65 48
65 49
65 50
65 50
65 51
65 51
66 52
66 53
66 53
66 53
67 53
67 53
68 52
68 52
69 51
69 51
70 50
70 50
71 49
71 49
71 49
71 48
71 47
71 46
71 45
71 44
71 43
71 42
71 41
71 40
72 39
72 38
72 37
72 36
72 35
72 34
72 33
72 32
72 31
72 30
72 30
72 29
72 28
72 28
72 27
72 27
72 27
73 26
73 26
73 25
73 25
74 24
75 24
75 24
76 23
77 22
77 22
78 21
79 20
79 20
80 19
81 19
81 19
82 18
82 17
82 17
83 16
84 16
84 16
85 16
85 16
86 15
86 15
86 15
86 15
86 15
85 14
84 14
83 13
82 12
81 12
80 11
80 11
80 11
80 11
80 11
80 12
80 12
80 13
80 14
80 14
80 15
80 16
80 17
80 17
80 18
80 19
80 20
80 20
80 21
80 22
80 23
80 23
80 24
80 25
80 26
80 26
79 27
79 28
79 28
79 29
79 30
79 30
78 29
77 28
77 28
77 28
77 28
77 28
76 29
76 29
76 30
76 30
76 31
76 32
76 32
76 33
76 34
76 34
76 35
76 36
76 36
76 37
76 38
76 38
76 39
76 39
76 40
76 40
76 41
76 41
76 40
76 39
77 38
77 37
77 36
77 35
77 35
77 34
77 33
77 32
77 32
77 32
77 31
77 31
78 30
78 30
79 29
79 29
79 29
80 28
80 28
81 28
81 28
81 28
82 28
82 28
82 28
82 29
82 29
82 30
82 30
82 31
82 31
81 32
81 33
81 33
80 34
80 34
79 35
79 36
79 36
78 37
78 37
77 38
77 38
77 39
77 39
77 39
77 39
77 39
77 39
77 39
77 39
77 39
78 39
78 39
78 39
77 40
77 40
77 41
77 42
77 42
76 43
76 44
76 44
75 45
75 46
75 46
75 47
75 48
75 48
74 49
74 50
74 50
73 51
73 51
73 52
73 52
73 52
73 51
73 51
74 50
74 49
75 48
75 47
76 46
76 45
77 44
77 43
78 42
78 42
79 41
80 41
80 41
80 41
80 41
80 41
80 41
80 41
81 41
81 41
81 42
81 42
81 43
81 43
81 44
81 44
81 45
81 45
82 46
82 46
82 47
82 48
82 48
82 49
82 49
82 50
82 50
83 51
83 51
83 51
84 52
84 52
85 52
85 52
86 52
86 52
87 52
88 52
88 52
89 51
89 51
90 50
91 50
91 50
92 49
92 48
92 48
93 47
94 47
94 47
95 46
96 45
96 45
97 44
97 43
97 43
98 42
99 41
99 41
100 40
100 39
