1 15
1 14
1 14
1 14
1 15
1 15
1 16
1 16
1 17
1 17
1 18
1 19
1 19
1 20
1 21
1 21
1 22
1 23
1 24
1 24
1 25
1 26
1 27
1 28
1 28
1 29
0 30
0 31
0 31
0 32
0 33
0 34
0 34
0 35
0 36
0 37
0 38
0 39
0 39
0 40
0 41
0 42
0 43
0 44
0 44
0 45
0 46
0 47
0 48
0 49
0 49
0 50
0 51
0 52
0 53
0 54
0 54
0 55
0 56
0 57
0 58
0 59
0 59
0 60
0 61
0 62
0 63
0 64
0 64
0 65
0 66
0 67
0 68
0 68
0 69
0 70
0 71
0 72
0 72
0 73
0 74
0 75
0 75
0 76
0 77
0 77
0 78
0 78
0 78
0 77
0 77
0 76
0 75
0 75
0 74
0 73
0 72
0 71
1 70
1 69
1 68
1 67
1 66
1 65
1 64
1 63
2 62
2 61
2 60
2 59
2 58
2 57
2 56
2 55
2 54
3 53
3 52
3 51
3 50
3 49
3 48
3 47
3 46
3 45
4 44
4 43
4 42
4 41
4 40
4 39
4 38
4 37
5 36
5 35
5 34
5 33
5 32
5 31
5 30
5 29
5 28
6 27
6 26
6 25
6 24
6 23
6 22
6 21
6 20
6 19
7 18
7 17
7 16
7 15
7 14
7 13
7 12
7 11
8 10
8 9
8 8
8 7
8 6
8 6
8 6
8 6
8 5
8 5
8 5
8 5
8 5
9 5
9 5
9 5
10 6
10 6
10 6
11 5
11 5
12 5
13 4
14 4
15 3
16 3
17 3
18 2
19 2
20 1
21 1
21 1
21 1
21 1
22 1
22 1
22 1
22 1
23 0
23 0
23 0
23 0
23 1
23 1
24 1
24 1
24 2
24 2
24 3
24 4
24 4
24 5
24 5
24 6
24 6
24 7
24 7
25 8
25 9
25 9
25 10
25 11
25 11
25 12
25 13
25 13
25 14
25 15
25 15
25 16
25 17
25 18
25 18
25 19
25 20
25 21
25 22
25 22
25 23
25 24
25 25
25 25
25 26
25 27
25 28
25 29
25 29
25 30
26 31
26 32
26 32
26 33
26 34
26 35
26 36
26 36
26 37
26 38
26 39
26 40
26 40
26 41
26 42
26 43
26 44
26 45
26 45
26 46
26 47
26 48
26 49
26 50
26 50
26 51
26 52
26 53
26 54
26 55
26 55
26 56
26 57
26 58
26 59
26 60
26 60
26 61
26 62
26 63
26 64
26 65
26 66
26 67
26 67
26 68
27 69
27 70
27 71
27 71
27 72
27 73
27 74
27 75
27 76
27 76
27 77
27 78
27 79
27 80
27 81
27 82
27 82
27 83
27 84
27 85
27 86
27 87
27 87
27 88
27 89
27 90
27 91
27 91
27 92
27 93
27 94
27 95
27 95
27 96
27 97
27 98
27 98
27 99
27 100
27 100
27 100
26 100
26 100
26 99
26 99
26 98
26 97
25 96
25 95
25 94
25 93
24 92
24 91
24 90
24 89
23 88
23 87
23 86
23 85
22 84
22 83
22 82
22 81
21 80
21 79
21 78
21 77
20 76
20 75
20 74
20 73
19 72
19 71
19 70
19 69
18 68
18 67
18 66
18 65
17 64
17 63
17 62
17 61
16 60
16 59
16 58
16 57
15 56
15 55
15 54
15 53
14 52
14 51
14 50
14 49
13 48
13 47
13 46
13 45
12 44
12 43
12 42
12 41
11 40
11 39
11 38
11 37
10 36
10 35
10 34
10 34
10 33
10 33
10 33
10 33
10 33
10 33
11 32
11 32
11 32
12 32
12 32
12 31
12 31
13 31
13 31
14 30
14 30
14 30
15 29
15 29
16 29
16 29
16 29
16 29
16 29
16 29
16 29
16 30
15 31
15 32
15 33
14 34
14 35
14 36
14 37
13 38
13 39
13 40
12 41
12 42
12 42
12 43
12 43
12 43
12 43
12 43
12 43
12 43
13 42
13 42
13 42
14 41
14 41
15 40
15 40
15 39
15 39
15 39
15 39
15 40
14 41
14 42
14 43
14 44
13 45
13 46
13 47
13 48
12 49
12 50
12 51
12 52
11 53
11 54
11 55
11 55
11 56
10 57
10 58
10 59
10 59
10 60
10 60
10 60
10 61
10 61
11 61
11 61
11 60
11 60
12 60
12 60
13 59
13 58
13 58
14 57
14 56
15 55
15 55
16 54
17 54
18 53
19 53
20 52
21 52
22 51
23 51
24 50
25 50
26 49
27 49
28 48
29 48
30 47
31 47
32 46
33 46
34 45
35 45
36 44
37 43
38 43
39 42
40 42
41 41
42 41
43 40
44 40
45 39
46 39
47 38
48 38
49 37
50 37
51 36
52 36
53 35
54 35
55 34
56 34
57 33
58 33
59 32
59 32
59 32
59 32
58 32
58 32
58 32
58 32
58 32
58 32
58 32
59 31
59 31
59 31
60 30
60 30
61 29
61 29
62 28
63 27
63 27
64 26
64 25
64 25
65 24
66 23
66 23
67 22
67 22
68 21
68 21
68 21
69 20
69 20
69 20
68 19
67 18
66 18
65 17
65 17
65 17
65 17
65 17
65 17
65 18
65 19
65 19
65 20
65 20
65 21
65 21
65 22
65 23
65 23
65 24
65 25
65 25
64 26
64 27
64 27
64 28
64 29
64 29
64 30
64 31
63 32
63 33
63 34
63 35
63 35
63 35
63 35
63 35
63 35
63 36
63 36
62 37
62 37
62 38
62 38
62 39
62 39
62 40
62 41
62 41
62 42
62 42
62 43
62 43
62 43
62 44
62 44
62 44
62 43
63 42
63 41
63 40
63 40
64 39
64 38
64 38
64 37
64 37
65 36
65 36
66 35
66 35
67 35
67 35
68 34
68 34
68 34
69 34
69 34
69 34
69 34
69 35
69 35
69 36
69 36
68 37
68 37
68 38
68 38
68 39
67 40
67 41
66 42
66 43
65 44
65 45
65 45
64 46
64 46
64 46
64 47
64 47
63 48
63 48
63 49
63 49
63 50
63 51
63 51
62 52
62 53
62 53
62 54
62 55
62 55
61 56
61 57
61 57
61 58
61 58
60 59
60 60
60 60
60 60
60 61
60 61
60 61
60 61
60 60
60 60
60 59
61 58
61 57
62 56
62 55
63 54
63 53
64 52
64 51
65 50
65 49
65 49
65 49
65 49
65 49
65 49
65 49
65 49
65 50
65 50
65 51
65 51
65 52
65 52
65 53
65 53
65 54
65 54
65 55
65 55
66 56
66 56
66 57
66 57
67 57
67 57
68 56
68 56
69 56
69 56
70 55
70 54
70 54
71 53
71 53
71 52
71 52
71 51
72 50
72 49
72 48
72 47
73 46
73 45
73 44
74 43
74 42
74 41
74 40
75 39
75 38
75 37
75 36
76 35
76 34
76 33
77 32
77 31
77 30
77 29
78 28
78 27
78 27
78 27
78 27
78 26
78 26
78 26
78 26
79 25
79 25
80 24
80 24
81 23
81 23
81 22
81 22
82 21
82 21
83 20
83 20
84 20
84 20
84 19
84 19
84 19
84 19
84 19
83 19
82 18
81 18
81 18
81 18
81 18
81 19
81 19
81 20
81 20
81 21
81 21
81 22
81 23
81 23
81 24
81 25
81 25
80 26
80 27
80 27
80 28
80 28
79 29
78 30
77 31
77 31
77 31
77 31
76 32
76 32
76 33
76 33
76 34
76 35
76 35
76 36
76 36
75 37
75 37
75 38
75 39
75 39
75 40
75 40
75 40
75 41
75 41
75 40
76 39
76 38
76 37
77 36
77 35
77 35
78 34
78 33
78 33
79 32
79 32
80 31
80 31
81 31
81 31
82 30
82 30
82 29
82 29
83 29
83 29
84 29
84 29
84 29
84 29
84 30
84 30
84 31
84 31
84 32
84 33
84 33
83 34
83 34
82 35
82 36
82 36
81 37
81 37
80 38
80 39
80 39
80 40
80 40
79 40
79 40
79 40
79 40
79 40
79 41
79 41
79 41
79 41
79 42
79 42
79 42
78 43
78 43
78 43
78 44
78 44
78 45
78 45
77 46
77 46
77 47
77 48
77 48
76 49
76 50
76 50
76 51
76 51
75 52
75 53
75 53
75 54
75 55
75 55
75 56
75 56
75 57
75 57
75 57
75 57
75 57
75 57
75 56
75 56
76 55
76 54
77 53
77 52
78 51
78 50
79 49
79 48
80 47
80 46
81 45
81 44
81 44
81 44
81 44
81 44
81 44
81 44
81 44
81 44
81 45
81 45
81 45
81 46
81 46
81 47
81 47
81 47
81 48
81 48
81 49
81 49
81 49
81 50
81 50
81 51
81 51
81 51
81 52
81 52
81 52
81 53
81 53
81 53
82 54
82 54
82 54
82 54
82 54
83 55
83 55
83 55
84 55
84 55
84 55
85 55
85 55
85 55
86 55
86 55
86 55
87 55
87 55
87 55
88 55
88 55
88 55
89 55
89 55
90 54
90 54
90 54
91 54
91 54
91 54
92 54
92 54
92 53
92 53
93 53
93 53
93 52
93 52
94 52
94 52
94 52
95 51
95 51
95 51
95 51
96 51
96 51
96 50
96 50
97 50
97 50
97 50
97 49
97 49
98 49
98 49
98 49
98 48
98 48
99 48
99 48
99 47
99 47
99 47
99 47
99 47
99 47
99 46
99 46
100 46
100 46
100 45
100 45
100 44
100 44
100 43
