0 37
0 36
0 35
0 34
0 34
0 33
0 33
0 33
0 33
0 34
0 34
0 35
0 36
0 37
0 37
0 38
0 39
0 40
0 41
0 42
0 43
0 44
0 45
0 45
0 46
0 47
0 48
0 49
0 50
0 51
0 52
0 52
0 53
0 54
0 55
0 56
0 57
0 58
0 59
0 60
0 60
0 61
0 62
0 63
0 64
0 65
0 65
0 66
0 67
0 68
0 69
0 70
0 71
0 71
0 72
0 73
0 74
0 75
0 76
0 76
0 77
0 78
0 79
0 80
0 80
0 81
1 82
1 83
1 84
1 84
1 85
1 86
1 87
1 87
1 88
1 88
1 88
1 87
1 86
1 85
1 84
1 83
1 82
2 81
2 80
2 79
2 78
2 77
2 76
2 75
2 74
2 73
2 72
2 71
2 70
2 69
2 68
3 67
3 66
3 65
3 64
3 63
3 62
3 61
3 60
3 59
3 58
3 57
3 56
3 55
4 54
4 53
4 52
4 51
4 50
4 49
4 48
4 47
4 46
4 45
4 44
4 43
4 42
4 41
5 40
5 39
5 38
5 37
5 36
5 35
5 34
5 33
5 32
5 31
5 30
5 29
5 28
5 27
6 26
6 25
6 24
6 23
6 22
6 21
6 20
6 20
6 19
6 18
7 17
7 16
7 15
7 15
7 14
7 14
7 13
7 13
7 14
6 15
6 16
6 17
6 17
7 18
8 18
8 18
9 17
9 17
10 16
10 16
11 15
12 14
13 13
13 13
14 12
15 11
16 10
16 10
17 9
18 8
19 8
20 7
20 7
21 6
22 6
23 5
23 5
24 4
24 3
24 3
25 2
26 2
26 2
27 2
27 2
27 3
27 3
27 4
27 5
27 5
27 6
27 7
27 8
27 9
27 10
27 10
27 11
27 12
27 13
27 14
27 15
27 16
27 16
27 17
27 18
27 19
27 20
27 21
27 22
27 23
27 24
27 24
27 25
27 26
27 27
26 28
26 29
26 30
26 31
26 32
26 32
26 33
26 34
26 35
26 36
26 37
26 38
26 39
26 40
26 41
26 42
26 42
26 43
26 44
26 45
26 46
25 47
25 48
25 49
25 50
25 51
25 52
25 52
25 53
25 54
25 55
25 56
25 57
25 58
25 59
25 60
25 61
25 61
25 62
25 63
25 64
25 65
25 66
25 67
25 68
25 69
25 70
25 70
25 71
25 72
25 73
25 74
25 75
25 76
25 77
25 77
25 78
25 79
25 80
25 81
25 82
25 83
25 84
25 84
25 85
25 86
25 87
25 88
25 89
25 90
25 90
25 91
25 92
25 93
25 94
25 95
25 95
25 96
26 97
26 98
26 98
26 99
26 100
26 100
26 100
26 100
26 99
25 98
25 97
25 96
25 95
24 94
24 93
24 92
24 91
23 90
23 89
23 88
23 87
22 86
22 85
22 84
22 83
21 82
21 81
21 80
21 79
20 78
20 77
20 76
20 75
19 74
19 73
19 72
19 71
18 70
18 69
18 68
18 67
17 66
17 65
17 64
17 63
16 62
16 61
16 60
16 59
15 58
15 57
15 56
15 55
14 54
14 53
14 52
14 51
13 50
13 49
13 48
13 48
14 47
14 46
14 46
13 45
12 44
12 44
12 44
12 43
12 43
13 43
14 43
14 43
14 42
15 41
15 40
15 40
16 39
16 39
17 38
17 38
17 39
16 40
16 41
16 42
15 43
15 44
14 45
14 46
14 47
13 48
13 49
13 49
13 50
13 51
13 51
12 51
12 51
12 51
12 51
12 51
12 51
13 51
13 51
14 51
14 51
15 51
15 51
15 52
14 53
14 54
13 55
13 56
12 57
12 58
11 59
11 60
10 61
10 62
9 63
9 64
9 64
9 65
8 66
8 67
8 67
7 68
7 68
7 68
8 68
8 68
8 68
9 68
9 68
10 67
10 67
11 66
12 66
12 66
13 66
14 66
14 66
15 65
16 65
16 65
17 65
17 65
18 65
18 65
19 64
19 64
20 63
21 62
22 61
23 60
24 59
25 58
26 57
27 56
28 55
29 54
30 53
31 52
32 51
33 50
34 49
35 48
36 47
37 46
38 45
39 44
40 43
41 42
42 41
43 40
44 39
45 38
46 37
47 36
48 35
49 34
50 33
51 32
52 31
53 30
54 29
55 28
56 27
57 26
58 25
59 24
59 24
59 24
58 23
57 23
57 23
57 23
58 23
58 23
58 22
58 22
59 22
60 22
60 22
61 21
61 21
62 20
63 19
63 19
63 18
64 17
64 16
64 15
64 14
65 13
65 12
65 11
65 11
65 11
65 11
65 11
65 11
65 11
65 11
65 12
65 13
65 13
64 14
64 15
64 15
64 16
64 17
64 17
64 18
64 19
64 19
64 20
64 21
64 22
64 22
64 23
64 24
64 24
63 25
63 26
62 27
62 28
61 29
61 30
60 31
60 32
59 33
59 33
59 34
59 35
59 36
59 36
59 35
59 35
59 34
59 34
59 35
59 35
59 35
59 35
59 36
59 37
59 37
59 38
59 39
59 39
59 39
59 40
59 40
59 40
59 40
59 40
60 39
60 39
61 38
61 37
61 37
62 36
63 35
63 35
64 34
64 33
64 33
65 33
65 33
66 33
66 33
66 33
66 33
66 33
67 33
67 33
67 34
67 34
67 35
67 35
66 36
66 36
66 37
66 37
65 38
65 38
65 39
65 39
64 40
64 41
64 41
63 42
63 42
62 43
62 44
62 44
62 45
61 46
61 47
61 48
61 48
62 49
62 49
62 49
61 49
61 49
61 49
61 49
61 50
61 50
60 51
60 52
60 52
59 53
59 54
59 54
59 55
58 56
58 57
58 57
57 58
57 59
57 59
58 58
58 57
59 56
60 55
60 54
61 53
61 52
62 51
62 51
63 52
63 53
63 53
63 54
63 54
62 55
62 55
62 56
62 57
62 57
62 58
62 58
63 59
63 60
63 60
63 60
64 61
65 61
65 61
66 61
66 61
67 60
68 60
68 60
69 60
70 60
70 60
71 59
72 59
72 59
73 58
73 58
74 58
75 58
75 58
75 57
75 57
76 57
76 57
76 57
75 56
75 55
75 55
75 54
75 53
75 52
75 51
75 50
75 49
75 48
75 47
75 46
75 45
75 44
75 43
75 42
75 41
75 40
75 39
75 38
75 37
76 36
76 35
76 34
76 33
76 32
76 31
76 30
76 29
76 28
76 27
76 26
76 25
76 24
76 23
76 22
76 21
76 20
76 19
76 18
76 18
76 18
76 17
76 16
76 16
76 16
77 15
77 15
78 14
79 13
79 13
80 12
80 12
81 11
81 11
81 10
81 9
81 8
81 7
81 6
82 5
82 4
82 3
82 2
82 1
82 0
82 0
82 1
82 2
82 2
81 1
81 1
81 1
81 1
81 2
81 2
81 2
81 3
81 4
81 4
81 5
80 6
80 7
80 8
80 8
80 9
80 10
80 10
80 11
80 12
80 13
80 13
80 14
80 15
79 16
79 17
79 18
79 19
78 20
78 21
78 22
78 22
78 23
77 24
77 25
77 25
76 26
76 26
75 27
75 27
75 28
75 28
75 29
75 30
75 30
75 31
75 31
75 31
75 32
75 32
75 33
75 33
75 33
75 33
75 33
76 33
76 33
77 32
77 31
77 31
78 30
79 29
79 29
80 28
80 28
81 27
81 27
82 27
82 27
82 27
82 27
82 27
82 28
82 28
82 28
82 29
82 29
82 30
82 30
82 31
82 31
81 32
81 32
81 33
81 33
80 34
80 35
80 35
79 36
78 36
78 36
77 37
77 38
77 38
76 39
76 40
76 40
75 41
75 42
75 42
76 42
77 43
78 43
78 43
79 43
79 43
79 43
79 43
79 43
79 43
79 43
79 43
78 44
77 45
77 45
77 46
76 47
76 48
76 48
76 49
76 49
75 50
75 51
75 51
76 50
77 49
78 48
78 47
79 46
80 45
81 44
81 44
81 45
81 46
81 46
80 47
80 47
80 48
80 48
80 49
80 50
80 50
80 51
80 52
80 52
81 53
81 53
82 54
82 55
82 55
83 56
83 56
84 56
84 56
85 56
86 56
87 56
87 56
88 56
89 56
89 56
90 56
91 55
92 55
92 55
93 55
94 55
94 55
95 54
96 54
96 54
97 53
97 53
98 53
99 53
99 53
99 52
99 52
100 52
100 52
100 52
100 52
100 52
100 52
99 52
