0 25
0 24
0 24
0 23
0 23
0 23
0 23
0 23
0 24
0 25
0 26
0 26
0 27
0 28
0 29
0 30
0 30
0 31
0 32
0 33
0 34
0 35
0 36
0 37
0 38
0 38
0 39
0 40
0 41
0 42
0 43
0 44
0 45
0 46
0 46
0 47
0 48
0 49
0 50
0 51
0 52
0 53
0 54
0 54
0 55
0 56
0 57
0 58
0 59
0 60
0 60
0 61
0 62
0 63
0 64
0 65
0 65
0 66
0 67
0 68
0 69
0 70
0 70
0 71
0 72
0 73
0 74
0 75
0 75
0 76
0 77
0 78
0 78
0 79
0 80
0 80
0 79
0 78
0 77
0 76
0 75
1 74
1 73
1 72
1 71
1 70
1 69
1 68
1 67
1 66
1 65
1 64
2 63
2 62
2 61
2 60
2 59
2 58
2 57
2 56
2 55
2 54
2 53
3 52
3 51
3 50
3 49
3 48
3 47
3 46
3 45
3 44
3 43
4 42
4 41
4 40
4 39
4 38
4 37
4 36
4 35
4 34
4 33
4 32
5 31
5 30
5 29
5 28
5 27
5 26
5 25
5 24
5 23
5 22
5 21
6 20
6 19
6 18
6 17
6 16
6 15
6 15
6 14
7 13
7 12
8 11
8 10
8 10
8 9
8 9
8 9
9 10
10 11
11 12
11 12
12 11
12 10
13 9
13 9
14 8
15 8
15 8
16 7
16 6
16 6
17 5
17 4
18 3
18 3
19 2
19 2
20 1
21 1
21 1
22 0
22 0
23 1
23 1
24 2
24 3
24 3
24 4
24 5
24 5
24 6
24 7
25 8
25 9
25 10
25 10
25 11
25 12
25 13
25 14
25 15
25 16
25 16
25 17
25 18
25 19
25 20
25 21
25 22
25 23
25 23
25 24
25 25
25 26
25 27
25 28
25 29
25 30
25 31
25 31
25 32
25 33
25 34
25 35
25 36
25 37
25 38
25 39
25 40
25 41
25 42
25 42
25 43
25 44
25 45
25 46
25 47
25 48
25 49
25 50
25 51
25 52
25 53
25 53
25 54
25 55
25 56
25 57
25 58
25 59
25 60
25 61
25 62
25 63
25 63
25 64
25 65
25 66
25 67
25 68
25 69
25 70
25 71
25 71
25 72
25 73
25 74
25 75
25 76
25 77
25 78
25 79
25 80
25 80
25 81
25 82
25 83
25 84
25 85
25 86
25 87
25 87
25 88
25 89
26 90
26 91
26 92
26 93
26 93
26 94
26 95
26 96
26 97
26 98
26 98
26 99
26 100
26 100
26 99
26 98
25 97
25 96
25 95
25 94
24 93
24 92
24 91
24 90
23 89
23 88
23 87
23 86
22 85
22 84
22 83
22 82
21 81
21 80
21 79
21 78
20 77
20 76
20 75
20 74
19 73
19 72
19 71
19 70
18 69
18 68
18 67
18 66
17 65
17 64
17 63
17 62
16 61
16 60
16 59
16 58
15 57
15 56
15 55
15 54
14 53
14 52
14 51
14 50
13 49
13 48
13 47
13 46
12 45
12 44
12 43
12 42
11 41
11 40
11 39
11 39
11 38
12 37
12 36
12 36
12 36
12 35
12 35
13 34
13 33
13 33
14 32
14 32
15 31
15 31
15 32
14 33
14 34
14 35
14 36
13 37
13 38
13 39
13 40
12 41
12 42
12 43
12 44
11 45
11 46
11 47
11 47
11 48
11 48
11 48
11 48
11 48
12 47
12 47
12 47
13 47
13 47
14 46
14 46
15 46
15 46
15 47
14 48
14 49
13 50
13 51
13 52
12 53
12 54
12 55
11 56
11 57
10 58
10 59
10 59
10 60
10 61
10 61
10 61
10 61
10 61
10 61
11 61
11 61
11 61
12 61
13 61
13 61
14 60
14 60
15 60
15 60
16 59
16 59
17 59
17 59
18 58
19 57
20 56
21 55
22 54
23 54
24 53
25 52
26 51
27 50
28 49
29 48
30 47
31 46
32 45
33 44
34 44
35 43
36 42
37 41
38 40
39 39
40 38
41 37
42 36
43 35
44 34
45 33
46 33
47 32
48 31
49 30
50 29
51 28
52 27
53 26
54 25
55 24
56 23
57 23
58 22
59 21
60 20
61 19
62 18
62 18
62 18
61 17
61 17
62 17
62 17
63 16
63 16
64 15
64 15
65 14
66 14
66 14
67 13
67 13
68 12
68 11
68 11
68 10
68 9
68 8
69 7
69 6
69 5
69 4
69 3
69 3
69 3
69 3
69 3
69 3
69 3
69 3
69 3
69 4
69 5
69 5
69 6
69 7
69 7
69 8
69 8
69 9
69 10
69 10
69 11
69 12
69 12
69 13
69 14
69 14
69 15
68 16
68 17
68 18
67 19
67 20
67 21
66 22
66 23
66 24
65 25
65 26
65 26
64 27
64 28
64 28
64 27
64 27
64 28
64 28
64 29
64 29
64 30
64 30
64 31
64 31
64 32
64 32
64 33
64 33
64 34
64 34
64 34
64 34
64 34
65 33
65 33
66 32
66 31
66 31
67 30
67 29
68 28
68 28
69 27
69 27
70 26
70 26
71 25
71 25
72 24
72 24
72 24
72 24
72 24
72 25
72 25
72 26
71 27
71 28
70 29
70 30
70 31
69 32
69 33
69 34
68 35
68 36
67 37
67 38
67 38
67 39
66 40
66 41
66 41
65 41
65 41
65 41
65 41
65 41
65 41
66 40
66 40
67 39
67 39
67 40
68 41
68 42
68 43
68 43
68 44
68 44
67 44
67 44
67 44
67 44
67 44
67 45
67 45
66 46
66 47
66 47
65 48
65 49
65 49
65 50
65 51
65 51
64 52
64 53
64 53
64 54
63 55
63 56
63 56
63 57
63 58
63 58
64 57
65 56
65 55
66 54
67 53
68 52
68 51
69 50
69 50
69 51
69 52
69 53
69 54
69 54
68 55
68 56
68 56
68 57
68 58
68 58
68 59
68 60
68 60
68 61
68 62
68 62
68 62
69 63
69 63
70 64
70 64
71 64
71 64
72 63
72 63
73 62
73 62
74 61
74 61
75 60
75 59
75 59
75 58
75 57
75 56
75 55
75 54
76 53
76 52
76 51
76 50
76 49
76 48
76 47
76 46
76 45
76 44
77 43
77 42
77 41
77 40
77 39
77 38
77 37
77 36
77 35
77 34
78 33
78 32
78 31
78 30
78 29
78 28
78 27
78 26
78 25
78 24
79 23
79 22
79 21
79 20
79 19
79 18
79 18
78 18
78 18
78 18
78 17
78 17
78 17
79 16
79 15
79 15
80 14
80 14
81 13
81 13
82 12
82 12
82 11
82 10
82 9
82 8
83 7
83 6
83 5
83 4
83 3
83 3
83 3
83 3
83 3
83 3
83 3
83 4
83 4
83 5
83 6
83 6
83 7
83 8
83 8
83 9
83 10
83 10
83 11
83 12
83 12
83 13
83 14
83 15
83 15
83 16
82 17
82 18
82 19
81 20
81 21
81 22
81 23
80 24
80 25
80 25
80 26
79 27
79 28
79 28
79 29
79 29
78 28
78 28
78 29
78 29
78 30
78 30
78 31
78 31
78 32
78 32
78 33
78 33
78 34
78 34
78 34
78 34
78 34
79 33
79 33
80 32
80 32
81 31
81 30
81 30
81 29
82 28
82 27
82 27
83 26
83 26
84 25
84 25
84 24
84 24
85 24
85 24
85 24
86 24
86 24
86 24
86 24
86 25
86 25
86 26
86 26
86 27
86 27
85 28
85 29
85 29
85 30
85 30
84 31
84 32
84 32
84 33
84 34
84 34
83 35
83 35
83 36
83 37
83 37
82 38
82 38
82 39
82 39
81 40
81 40
81 41
81 41
81 41
81 41
81 41
81 41
81 42
81 42
81 43
81 43
80 44
80 44
80 45
80 46
80 46
80 47
80 48
80 48
79 49
79 50
79 50
79 51
79 52
79 52
78 53
78 54
78 54
79 53
79 52
80 51
80 50
81 49
81 48
82 47
82 46
83 45
83 44
84 43
84 42
85 41
85 41
85 42
85 43
85 43
85 44
85 44
84 45
84 46
84 46
84 47
84 48
84 48
84 49
84 50
84 51
84 51
84 52
84 53
84 53
84 54
84 54
85 55
85 55
86 56
86 56
87 55
88 55
88 55
89 54
90 54
90 54
91 53
91 53
92 52
93 52
93 52
94 52
95 52
95 52
96 51
96 51
97 50
97 50
97 49
97 49
98 49
98 49
98 48
99 47
99 46
99 46
99 45
99 44
99 43
99 43
99 42
100 41
100 40
