1 37
0 36
0 35
0 35
0 34
0 34
0 33
0 33
0 33
0 33
0 33
0 33
0 33
0 33
0 34
0 35
0 36
0 37
0 37
0 38
0 39
0 40
0 41
0 42
0 42
0 43
0 44
0 45
0 46
0 47
0 48
0 49
0 49
0 50
0 51
0 52
0 53
0 54
0 55
0 56
0 56
0 57
0 58
0 59
0 60
0 61
0 62
0 63
0 64
0 65
0 65
0 66
0 67
0 68
0 69
0 70
0 71
0 72
0 73
0 74
0 74
0 75
0 76
0 77
0 78
0 79
0 80
0 81
0 81
0 82
0 83
0 84
0 85
0 86
0 87
0 88
0 88
0 89
0 90
0 91
0 92
0 93
0 93
0 94
0 95
0 96
0 97
0 97
0 98
0 99
0 100
0 100
0 100
0 100
0 99
0 98
0 97
0 96
0 95
1 94
1 93
1 92
1 91
1 90
1 89
1 88
1 87
1 86
1 85
1 84
1 83
2 82
2 81
2 80
2 79
2 78
2 77
2 76
2 75
2 74
2 73
2 72
2 71
3 70
3 69
3 68
3 67
3 66
3 65
3 64
3 63
3 62
3 61
3 60
3 59
4 58
4 57
4 56
4 55
4 54
4 53
4 52
4 51
4 50
4 49
4 48
4 47
5 46
5 45
5 44
5 43
5 42
5 41
5 40
5 39
5 38
5 37
5 36
5 35
6 34
6 33
6 32
6 31
6 30
6 29
6 28
6 27
6 26
6 25
6 24
6 23
7 22
7 21
7 20
7 19
7 18
7 17
7 17
7 16
8 15
8 14
8 14
8 13
8 13
8 13
8 13
8 13
8 13
8 13
8 13
8 13
8 14
8 14
8 14
8 14
8 14
9 14
9 14
10 13
10 13
11 12
11 12
12 11
13 10
13 10
14 9
14 9
15 8
16 8
16 8
17 7
18 6
18 6
19 5
19 4
19 4
20 3
21 2
21 2
22 1
23 1
23 1
24 0
24 0
25 0
25 0
26 1
26 1
27 2
27 3
27 3
27 4
27 5
27 6
27 6
27 7
28 8
28 9
28 10
28 10
28 11
28 12
28 13
28 14
28 15
28 16
28 17
28 18
28 18
28 19
28 20
28 21
28 22
28 23
28 24
28 25
28 26
28 27
28 27
28 28
28 29
28 30
28 31
28 32
27 33
27 34
27 35
27 36
27 37
27 38
27 39
27 39
27 40
27 41
27 42
27 43
27 44
27 45
27 46
27 47
27 48
27 49
27 50
27 50
27 51
27 52
27 53
27 54
27 55
27 56
27 57
27 58
27 59
27 59
27 60
27 61
27 62
27 63
28 64
28 65
28 66
28 67
28 68
28 68
28 69
28 70
28 71
28 72
28 73
28 74
28 75
28 75
28 76
28 77
29 78
29 79
29 80
29 81
29 81
29 82
29 83
29 84
29 85
29 86
29 86
29 87
30 88
30 89
30 90
30 90
30 91
30 92
30 93
30 94
30 94
30 95
30 96
30 96
30 95
29 94
29 93
28 92
28 91
28 90
27 89
27 88
26 87
26 86
25 85
25 84
25 83
24 82
24 81
23 80
23 79
23 78
22 77
22 76
21 75
21 74
20 73
20 72
20 71
19 70
19 69
18 68
18 67
18 66
17 65
17 64
16 63
16 62
16 61
15 60
15 59
14 58
14 57
13 56
13 55
13 54
12 53
12 52
11 51
11 50
11 49
10 48
10 47
9 46
9 45
8 44
8 43
8 42
7 41
7 40
6 39
6 38
6 38
6 37
6 37
6 36
6 36
6 36
7 36
7 36
8 35
8 35
9 34
9 34
10 33
10 33
11 32
12 32
12 32
12 33
12 34
11 35
11 36
11 37
11 38
11 39
10 40
10 41
10 42
10 43
10 44
10 45
9 46
9 47
9 48
9 48
8 49
8 49
8 48
8 48
8 48
8 48
9 47
9 47
10 47
10 47
11 47
11 47
12 46
12 46
12 47
11 48
11 49
11 50
10 51
10 52
10 53
9 54
9 55
8 56
8 57
8 58
7 59
7 60
7 61
6 62
6 63
6 63
5 64
5 65
4 66
4 67
4 67
3 67
3 67
3 67
3 67
3 67
4 67
4 67
5 67
6 67
6 67
7 66
8 66
8 66
9 65
10 65
10 65
11 64
12 64
12 64
13 63
14 62
15 61
16 60
17 59
18 58
19 57
20 56
21 55
22 54
23 54
24 53
25 52
26 51
27 50
28 49
29 48
30 47
31 46
32 45
33 44
34 43
35 42
36 41
37 40
38 39
39 38
40 37
41 36
42 35
43 35
44 34
45 33
46 32
47 31
48 30
49 29
50 28
51 27
52 26
53 25
53 25
53 25
53 25
54 24
54 23
54 23
55 22
56 22
56 22
57 21
58 20
58 20
59 19
60 19
60 19
61 18
62 18
62 18
62 17
62 16
62 15
62 14
62 13
62 12
62 12
62 12
62 12
62 12
62 12
62 12
62 13
62 13
62 14
62 15
62 16
62 16
62 17
62 18
62 18
62 19
62 20
62 20
62 21
62 22
62 22
62 23
62 24
62 24
61 25
61 26
60 27
60 28
59 29
59 30
58 31
58 32
57 33
57 33
57 34
57 35
57 35
56 35
56 35
56 35
56 36
56 36
56 37
56 37
56 38
56 38
56 39
56 39
56 39
56 40
56 40
56 40
57 40
57 40
57 39
57 39
58 38
58 38
59 37
59 36
59 36
60 35
60 34
60 34
61 33
61 32
61 32
62 32
62 32
63 31
63 31
64 31
64 31
64 31
64 32
64 32
64 32
64 32
64 33
64 33
64 34
64 34
63 35
63 36
63 36
63 37
62 38
62 39
61 40
61 41
60 42
60 43
60 43
60 43
60 43
60 43
60 43
60 44
60 44
59 45
59 45
59 46
59 46
58 47
58 48
58 48
57 49
56 50
56 50
57 49
58 49
59 48
60 48
60 48
61 49
62 49
62 49
61 50
61 50
61 51
61 51
61 52
60 53
60 54
60 54
60 55
60 56
60 56
59 57
59 58
59 58
59 59
59 59
60 60
60 60
61 61
61 61
62 61
62 61
63 60
64 60
64 60
65 59
66 59
66 59
67 58
67 57
67 57
68 56
68 55
68 55
68 54
68 53
68 52
68 51
69 50
69 49
69 48
69 47
69 46
69 45
69 44
69 43
69 42
70 41
70 40
70 39
70 38
70 37
70 36
70 35
70 34
71 33
71 32
71 31
71 30
71 29
71 28
71 27
71 26
71 25
72 24
72 23
72 22
72 21
72 20
72 20
72 20
71 19
71 18
71 18
71 18
72 17
72 17
73 16
73 16
74 15
75 15
75 15
75 14
76 13
76 12
76 11
77 10
77 9
77 8
78 7
78 6
78 6
78 6
77 6
77 6
77 6
77 6
77 6
77 6
77 7
77 8
77 8
77 9
77 10
77 11
77 11
76 12
76 13
76 13
76 14
76 15
75 16
75 17
75 18
75 19
74 20
74 21
74 22
74 23
74 24
73 25
73 26
73 27
73 27
73 28
72 29
72 30
72 30
71 31
71 31
71 31
71 32
71 32
71 32
70 33
70 33
70 34
70 34
70 35
70 35
71 35
71 35
71 35
71 35
71 34
71 34
72 33
72 33
73 32
73 31
74 30
74 30
75 29
75 29
76 28
77 27
77 27
77 26
77 26
78 26
78 26
78 26
78 26
78 26
79 27
79 27
79 27
79 28
79 28
78 29
78 29
78 30
78 30
78 31
78 32
78 32
77 33
77 34
77 34
76 35
76 36
76 36
76 37
75 38
75 39
74 40
74 41
74 41
74 42
74 42
74 42
74 42
74 42
74 43
74 43
74 43
73 43
73 43
73 44
73 45
73 45
72 46
72 47
72 47
71 48
71 48
71 49
71 50
71 51
71 51
72 50
72 49
73 48
74 47
74 46
75 45
76 44
76 43
77 42
77 42
78 41
79 41
79 41
78 42
78 42
78 42
78 43
78 44
78 44
77 45
77 46
77 46
77 47
77 47
77 48
77 49
77 49
78 50
78 51
78 51
79 52
79 52
80 53
80 53
81 54
82 54
82 54
83 54
84 54
85 54
85 54
86 53
87 53
87 53
88 53
89 52
90 52
90 52
91 51
92 51
92 51
93 50
94 50
95 49
95 49
96 48
96 48
97 47
98 47
98 47
99 46
99 46
99 45
99 45
100 45
100 45
99 44
