2 31
1 30
1 29
0 28
0 28
0 27
0 27
0 26
0 26
0 26
0 26
0 27
1 28
1 29
1 29
1 30
1 31
1 32
1 33
1 33
1 34
1 35
1 36
1 37
1 38
1 39
1 40
1 40
1 41
1 42
1 43
1 44
1 45
1 46
1 47
1 48
1 48
1 49
1 50
1 51
0 52
0 53
0 54
0 55
0 55
0 56
0 57
0 58
0 59
0 60
0 61
0 62
0 62
0 63
0 64
0 65
0 66
0 67
0 68
0 68
0 69
0 70
0 71
0 72
0 73
0 73
0 74
0 75
0 76
0 77
0 77
0 78
0 79
0 80
0 81
0 81
0 82
0 83
0 84
0 84
0 84
0 83
0 82
0 81
0 80
1 79
1 78
1 77
1 76
1 75
1 74
1 73
1 72
1 71
1 70
2 69
2 68
2 67
2 66
2 65
2 64
2 63
2 62
2 61
2 60
3 59
3 58
3 57
3 56
3 55
3 54
3 53
3 52
3 51
3 50
4 49
4 48
4 47
4 46
4 45
4 44
4 43
4 42
4 41
4 40
5 39
5 38
5 37
5 36
5 35
5 34
5 33
5 32
5 31
5 30
6 29
6 28
6 27
6 26
6 25
6 24
6 23
6 22
6 21
6 20
7 19
7 18
7 17
7 16
7 15
7 14
7 14
8 13
8 12
9 11
9 10
9 10
8 9
8 9
8 8
8 8
8 9
8 10
8 11
8 12
8 12
9 13
10 13
10 13
11 12
11 12
12 11
13 11
13 11
14 10
14 9
15 8
15 8
16 7
17 7
18 6
18 6
19 5
20 4
20 4
21 3
22 3
23 2
23 2
24 1
25 0
25 0
26 0
26 0
27 1
27 1
28 2
28 3
28 3
28 4
28 5
28 6
28 7
28 7
28 8
28 9
28 10
28 11
28 12
28 13
28 13
28 14
28 15
28 16
28 17
28 18
28 19
28 20
28 20
28 21
28 22
28 23
28 24
28 25
28 26
28 27
28 28
28 29
28 29
28 30
28 31
28 32
28 33
27 34
27 35
27 36
27 37
27 38
27 39
27 39
27 40
27 41
27 42
27 43
27 44
27 45
27 46
27 47
27 48
27 49
27 49
27 50
27 51
27 52
27 53
27 54
27 55
27 56
27 57
27 58
27 58
27 59
27 60
27 61
27 62
27 63
27 64
27 65
27 66
27 66
27 67
27 68
27 69
27 70
27 71
27 72
27 73
27 74
27 75
27 75
27 76
27 77
27 78
27 79
27 80
27 81
27 82
27 82
27 83
27 84
27 85
27 86
27 87
27 88
27 89
27 89
27 90
27 91
27 92
27 93
27 93
27 94
27 95
27 96
27 97
27 97
27 98
27 99
27 100
27 100
27 99
27 98
26 97
26 96
26 95
26 94
26 93
25 92
25 91
25 90
25 89
24 88
24 87
24 86
24 85
24 84
23 83
23 82
23 81
23 80
23 79
22 78
22 77
22 76
22 75
21 74
21 73
21 72
21 71
21 70
20 69
20 68
20 67
20 66
20 65
19 64
19 63
19 62
19 61
18 60
18 59
18 58
18 57
18 56
17 55
17 54
17 53
17 52
17 51
16 50
16 49
16 48
16 47
15 46
15 45
15 44
15 43
15 42
14 41
14 40
14 39
14 39
14 38
14 37
14 37
13 36
13 36
13 35
13 35
14 34
14 34
15 33
15 33
16 32
17 32
17 32
18 31
18 30
18 30
18 31
18 32
17 33
17 34
17 35
17 36
17 37
17 38
16 39
16 40
16 41
16 41
16 42
16 42
15 42
15 42
15 42
15 42
15 42
16 41
16 41
17 41
17 41
18 40
19 40
19 40
19 41
18 42
18 43
17 44
17 45
16 46
16 47
16 48
15 49
15 50
14 51
14 52
13 53
13 54
13 54
13 55
12 56
12 57
12 57
11 57
11 57
11 57
11 57
11 57
12 57
12 57
13 57
14 57
14 57
15 56
15 56
16 56
17 56
17 56
18 55
19 54
20 53
21 52
22 51
23 50
24 49
25 48
26 47
27 46
28 45
29 44
30 43
31 42
32 41
33 40
34 39
35 38
36 38
37 37
38 36
39 35
40 34
41 33
42 32
43 31
44 30
45 29
46 28
47 27
48 26
49 25
50 24
51 23
52 22
53 21
53 21
53 21
52 20
52 20
52 19
52 19
53 19
53 19
54 19
54 19
55 18
55 18
56 17
57 17
57 17
58 16
59 15
59 15
59 14
59 13
59 12
59 11
60 10
60 9
60 8
60 7
60 6
60 5
60 5
60 5
60 5
60 5
60 5
60 5
60 5
60 6
60 7
60 8
60 8
60 9
60 10
60 11
60 11
60 12
60 13
60 13
60 14
60 15
60 16
60 16
61 17
61 18
61 18
61 19
60 20
60 21
59 22
59 23
58 24
58 25
57 26
57 27
56 28
56 29
56 29
56 30
55 31
55 32
55 32
55 31
55 31
54 31
54 31
54 31
54 31
54 32
54 33
54 33
54 34
54 35
54 35
54 36
54 37
54 37
55 38
55 38
55 38
55 39
55 39
55 39
55 39
55 38
55 38
56 37
56 36
56 36
57 35
57 34
58 33
58 33
58 32
59 31
59 30
59 30
60 29
61 29
61 29
62 28
62 28
63 28
63 28
63 28
64 28
64 28
64 29
64 29
64 29
64 30
64 31
64 31
64 32
64 32
63 33
63 34
63 34
63 35
63 35
62 36
62 36
61 37
61 38
61 38
60 39
59 40
58 41
58 42
57 43
56 44
56 44
57 44
58 44
58 44
58 44
57 44
57 44
57 44
57 44
57 45
57 45
57 46
57 46
56 47
56 48
56 48
55 49
55 50
55 50
54 51
54 52
54 52
55 51
56 50
56 49
57 48
58 47
58 47
59 46
59 46
59 47
59 47
59 48
59 48
59 49
59 50
59 50
58 51
58 52
58 52
59 53
59 54
59 54
59 55
59 56
59 56
60 57
60 58
60 58
61 58
61 58
62 58
63 58
63 58
64 57
65 57
65 57
66 57
67 57
67 57
68 56
69 56
69 56
70 55
71 55
71 55
72 54
72 54
72 53
72 53
72 52
72 51
72 51
72 50
72 49
72 48
72 47
72 46
72 45
72 44
72 43
72 42
72 41
72 40
72 39
72 38
72 37
72 36
72 35
72 34
72 33
71 32
71 31
71 30
71 29
71 28
71 27
71 26
71 25
71 24
71 23
71 22
71 21
71 20
71 19
71 18
71 17
71 16
71 15
71 14
71 14
71 14
70 13
70 12
70 12
70 12
71 11
71 11
72 10
72 9
72 9
73 8
73 8
74 7
74 7
75 7
76 7
76 7
76 6
76 5
75 4
75 3
75 2
75 1
75 1
75 1
75 1
75 1
75 1
75 1
75 2
75 3
75 4
75 4
75 5
74 6
74 7
74 7
74 8
74 9
74 9
74 10
74 11
74 11
74 12
74 13
74 13
74 14
74 15
74 15
74 16
73 17
73 18
72 19
72 20
72 20
72 21
72 22
72 22
71 22
71 22
71 22
71 23
71 23
71 24
71 24
71 25
71 26
71 26
71 27
71 27
71 28
71 28
71 28
71 29
71 29
71 29
72 28
72 28
73 27
73 27
74 26
74 25
75 24
75 24
76 23
76 23
77 22
77 21
77 21
78 21
78 21
79 21
79 21
79 21
79 21
79 21
79 21
79 22
79 22
79 23
79 23
79 24
79 24
79 25
79 26
79 26
78 27
78 27
78 28
78 28
77 29
77 29
76 30
76 31
76 31
75 32
74 33
74 33
74 34
74 34
75 35
76 36
76 36
76 37
76 37
76 37
75 37
75 37
75 38
75 38
75 39
75 39
74 40
74 41
74 41
74 42
74 43
74 43
73 44
73 45
73 45
72 46
72 46
72 47
72 48
72 48
73 47
73 46
74 45
75 44
75 43
76 42
77 41
77 40
78 39
78 39
79 39
79 39
79 39
79 39
78 40
78 41
78 41
78 42
78 43
78 43
78 44
78 45
78 45
78 46
78 47
78 47
79 48
79 49
79 49
80 50
80 51
80 51
81 52
82 52
82 52
83 52
84 52
84 52
85 52
86 52
87 52
87 52
88 51
89 51
89 51
90 51
91 50
92 50
92 50
93 49
94 49
94 49
95 49
96 48
97 48
97 48
98 47
98 47
99 46
99 46
99 46
99 46
100 45
100 45
100 45
99 44
