1 39
1 38
0 37
0 36
0 36
0 35
0 35
0 35
0 36
0 37
0 37
0 38
0 39
0 40
0 40
0 41
0 42
1 43
1 44
1 45
1 46
1 46
1 47
1 48
1 49
1 50
1 51
1 52
1 53
1 54
1 54
1 55
1 56
1 57
1 58
1 59
1 60
1 61
1 62
1 63
1 63
1 64
1 65
1 66
2 67
2 68
2 69
2 70
2 71
2 71
2 72
2 73
2 74
2 75
2 76
2 77
2 77
2 78
2 79
2 80
2 81
2 82
2 83
2 83
2 84
2 85
3 86
3 87
3 88
3 89
3 89
3 90
3 91
3 92
3 93
3 93
3 94
3 95
3 96
3 96
4 97
4 97
4 98
4 98
4 97
4 96
4 95
4 94
4 93
4 92
5 91
5 90
5 89
5 88
5 87
5 86
5 85
5 84
5 83
5 82
5 81
5 80
5 79
6 78
6 77
6 76
6 75
6 74
6 73
6 72
6 71
6 70
6 69
6 68
6 67
6 66
7 65
7 64
7 63
7 62
7 61
7 60
7 59
7 58
7 57
7 56
7 55
7 54
8 53
8 52
8 51
8 50
8 49
8 48
8 47
8 46
8 45
8 44
8 43
8 42
8 41
9 40
9 39
9 38
9 37
9 36
9 35
9 34
9 33
9 32
9 31
9 30
9 29
9 28
10 27
10 26
10 25
10 24
10 23
10 22
10 21
10 21
11 20
11 19
12 18
12 17
13 16
13 15
13 15
12 14
12 13
12 13
12 12
12 12
12 13
11 14
11 15
11 16
11 16
12 16
13 17
14 17
14 17
15 16
15 16
16 15
16 15
17 14
17 13
18 12
18 12
19 11
20 11
21 10
21 10
22 9
23 9
24 8
24 8
25 7
26 6
27 5
27 5
28 4
29 4
29 4
30 3
31 3
31 3
32 3
33 3
33 3
34 4
34 4
35 5
35 5
35 6
36 7
36 8
36 8
36 9
36 10
37 11
37 12
37 13
37 14
37 14
37 15
37 16
37 17
37 18
37 19
37 20
37 21
37 21
37 22
37 23
37 24
37 25
36 26
36 27
36 28
36 29
36 30
36 30
36 31
36 32
36 33
36 34
36 35
36 36
36 37
36 38
36 39
36 40
36 40
36 41
36 42
36 43
36 44
36 45
36 46
36 47
36 48
36 49
36 50
36 51
36 51
36 52
36 53
36 54
36 55
36 56
36 57
36 58
36 59
36 60
36 60
36 61
36 62
36 63
36 64
36 65
36 66
36 67
36 68
36 69
36 69
36 70
36 71
36 72
37 73
37 74
37 75
37 76
37 77
37 77
37 78
37 79
37 80
37 81
37 82
37 83
37 84
37 84
37 85
37 86
38 87
38 88
38 89
38 90
38 90
38 91
38 92
38 93
38 94
38 95
38 95
38 96
38 97
38 98
38 98
39 99
39 100
39 100
39 100
39 100
38 100
38 100
38 99
37 98
37 97
37 96
36 95
36 94
35 93
35 92
35 91
34 90
34 89
34 88
33 87
33 86
33 85
32 84
32 83
31 82
31 81
31 80
30 79
30 78
30 77
29 76
29 75
29 74
28 73
28 72
27 71
27 70
27 69
26 68
26 67
26 66
25 65
25 64
25 63
24 62
24 61
23 60
23 59
23 58
22 57
22 56
22 55
21 54
21 53
21 52
20 51
20 50
19 49
19 48
19 47
18 46
18 45
18 45
18 44
19 43
19 42
19 42
18 41
18 41
18 40
18 40
18 39
18 39
19 38
19 38
20 37
21 36
21 36
22 36
23 36
23 36
24 35
25 35
25 35
25 36
24 37
24 38
23 39
23 40
23 41
22 42
22 43
22 44
21 45
21 46
20 47
20 48
20 48
20 49
20 49
20 49
20 49
20 48
20 48
21 48
21 48
22 47
22 47
23 47
24 47
24 47
25 46
25 46
24 47
24 48
23 49
23 50
22 51
21 52
21 53
20 54
20 55
19 56
18 57
18 58
17 59
17 60
16 61
15 62
15 63
14 64
14 65
13 66
13 66
12 67
12 67
11 67
11 67
11 67
12 67
12 67
12 67
13 66
14 66
14 66
15 65
16 65
16 65
17 64
18 63
18 63
19 62
20 62
20 62
21 61
22 61
22 61
23 61
24 61
24 61
25 60
26 59
27 58
28 57
29 56
30 55
31 54
32 53
33 52
33 51
34 50
35 49
36 48
37 47
38 46
39 45
40 44
41 43
42 42
43 41
44 40
45 39
46 38
47 37
48 36
49 35
50 34
50 33
51 32
52 31
53 30
54 29
55 28
56 27
57 26
58 25
59 24
59 24
60 25
60 25
60 24
60 24
60 23
60 23
61 22
61 22
62 21
62 21
63 20
64 20
64 20
65 19
66 18
66 18
66 17
66 16
66 15
66 14
67 13
67 12
67 11
67 10
67 9
67 8
67 8
67 8
67 8
67 8
67 8
67 8
67 8
67 9
67 10
67 10
67 11
67 12
67 13
67 13
67 14
67 15
67 15
67 16
67 17
67 18
67 18
67 19
66 20
66 21
65 22
65 23
65 24
64 25
64 26
64 27
63 28
63 29
62 30
62 31
62 31
62 32
62 33
62 34
62 35
62 35
62 34
62 34
62 33
62 33
62 34
62 34
62 35
62 35
62 36
62 36
62 37
62 37
62 38
62 38
62 39
62 39
62 39
62 39
62 39
62 39
63 38
63 38
64 37
64 36
64 36
64 35
65 34
65 33
65 33
66 32
66 32
67 32
67 32
68 32
68 32
68 32
68 32
69 32
69 32
69 32
69 33
69 33
69 34
69 34
69 35
69 35
69 36
69 36
69 37
69 37
69 38
69 38
68 39
68 39
68 40
68 40
67 40
67 40
67 40
66 40
66 40
65 40
65 40
65 41
65 42
64 43
64 44
64 45
64 45
64 45
64 45
64 45
64 45
64 45
64 46
64 46
64 47
64 48
64 48
63 49
63 50
63 50
62 51
62 52
62 52
62 53
62 53
62 54
62 54
61 55
61 56
61 56
60 57
60 57
61 56
62 55
63 54
63 53
64 52
65 51
66 50
66 50
66 51
66 52
66 52
66 53
66 53
66 54
66 54
66 55
66 55
66 56
66 56
66 57
66 57
67 58
67 58
68 59
68 59
69 59
70 59
70 59
71 58
71 58
72 57
73 57
73 57
74 57
74 57
75 56
75 56
75 55
75 54
75 53
75 52
75 51
75 50
75 49
75 48
75 47
75 46
75 45
75 44
75 43
75 42
75 41
75 40
75 39
75 38
75 37
76 36
76 35
76 34
76 33
76 32
76 31
76 30
76 29
76 28
76 27
76 26
76 25
76 24
76 23
76 22
76 21
76 20
76 19
76 18
76 17
76 16
76 16
76 16
76 16
76 16
77 15
78 14
78 14
79 13
79 13
80 12
81 11
81 11
82 10
83 10
83 10
83 9
83 8
83 7
83 6
83 5
83 4
83 3
83 2
83 1
83 0
83 0
83 0
83 0
83 0
83 0
83 0
83 1
83 2
83 2
83 3
83 4
83 4
83 5
83 5
83 6
83 7
83 7
83 8
83 9
83 10
83 10
83 11
83 12
83 12
82 13
82 14
81 15
81 16
80 17
80 18
79 19
79 20
78 21
78 21
78 22
79 23
79 24
79 24
78 23
77 23
77 23
77 24
77 24
77 25
77 25
77 26
77 26
77 27
77 27
77 28
77 28
77 29
77 29
78 30
78 30
78 30
78 30
78 30
78 30
78 29
78 29
79 28
80 27
80 27
80 26
81 25
81 24
81 24
82 23
83 22
83 22
84 22
84 22
84 22
85 22
85 22
85 22
85 22
85 23
85 23
85 23
85 24
85 24
85 25
85 25
85 26
85 26
85 26
85 27
85 27
84 28
84 28
83 28
83 28
82 28
82 28
81 29
81 29
80 29
80 29
80 30
80 31
80 32
80 33
80 34
80 34
81 35
81 36
81 36
80 36
80 36
80 36
80 36
80 36
80 37
80 37
80 38
80 38
80 39
80 40
80 40
79 41
79 42
79 42
79 43
79 43
78 44
78 45
78 45
78 46
78 47
78 47
77 48
77 48
77 49
77 50
77 50
77 49
78 48
78 47
79 46
79 45
80 44
80 43
81 42
81 41
82 40
82 39
83 38
83 37
83 37
84 38
84 38
84 38
84 38
84 39
84 39
83 40
83 41
83 41
83 42
83 43
83 44
83 44
83 45
83 46
83 47
83 47
84 48
84 49
84 49
85 50
85 51
85 51
86 52
86 52
87 53
88 53
88 53
89 53
90 53
91 53
91 53
92 52
93 52
93 52
94 51
95 51
95 51
96 51
97 51
97 51
98 51
98 51
99 50
99 50
100 50
100 50
100 50
