1 28
2 27
2 26
2 26
2 26
1 25
1 25
1 25
1 25
1 25
1 25
1 26
1 27
1 27
1 28
1 28
1 29
1 30
1 31
1 31
1 32
1 33
1 34
1 35
1 35
1 36
1 37
1 38
1 39
1 40
1 40
1 41
1 42
1 43
1 44
1 45
1 46
1 46
1 47
1 48
1 49
0 50
0 51
0 52
0 53
0 54
0 54
0 55
0 56
0 57
0 58
0 59
0 60
0 61
0 62
0 63
0 64
0 64
0 65
0 66
0 67
0 68
0 69
0 70
0 71
0 72
0 73
0 74
0 74
0 75
0 76
0 77
0 78
0 79
0 80
0 81
0 82
0 82
0 83
0 84
0 85
0 86
0 87
0 88
0 89
0 89
0 90
0 91
0 92
0 93
0 93
0 94
0 95
0 96
0 96
1 97
1 98
1 98
1 99
1 100
1 100
1 100
1 100
1 99
1 98
1 98
1 97
1 96
1 95
1 94
1 93
1 92
1 91
1 90
1 89
1 88
1 87
1 86
1 85
2 84
2 83
2 82
2 81
2 80
2 79
2 78
2 77
2 76
2 75
2 74
2 73
2 72
2 71
2 70
2 69
2 68
2 67
2 66
2 65
2 64
2 63
2 62
2 61
2 60
2 59
3 58
3 57
3 56
3 55
3 54
3 53
3 52
3 51
3 50
3 49
3 48
3 47
3 46
3 45
3 44
3 43
3 42
3 41
3 40
3 39
3 38
3 37
3 36
3 35
3 34
3 33
3 32
4 31
4 30
4 29
4 28
4 27
4 26
4 25
4 24
4 23
4 22
4 21
4 20
4 19
4 18
4 18
4 17
5 16
5 15
5 15
5 14
5 14
5 14
6 14
6 14
6 13
6 13
7 13
7 13
7 13
8 13
9 13
9 13
10 14
11 14
12 15
13 16
14 16
15 17
16 17
17 18
17 18
18 17
18 16
18 16
18 16
18 15
18 15
19 14
19 14
20 13
20 13
21 12
21 11
21 11
22 10
23 10
23 10
24 9
24 9
25 9
26 9
26 9
27 10
27 10
27 11
27 11
27 12
28 13
28 14
28 14
28 15
28 16
28 17
28 17
28 18
28 19
29 20
29 21
29 22
29 22
29 23
29 24
29 25
29 26
29 27
29 28
29 28
29 29
29 30
29 31
29 32
29 33
29 34
29 35
29 35
29 36
29 37
29 38
30 39
30 40
30 41
30 42
30 42
30 43
30 44
30 45
30 46
30 47
30 48
30 49
30 50
30 50
30 51
30 52
30 53
30 54
30 55
30 56
30 57
30 58
30 59
30 59
30 60
30 61
30 62
30 63
31 64
31 65
31 66
31 67
31 68
31 69
31 69
31 70
31 71
31 72
31 73
31 74
31 75
31 76
31 77
31 78
31 78
31 79
31 80
31 81
31 82
31 83
31 84
31 85
31 85
31 86
31 87
31 88
31 89
31 90
31 91
31 92
31 92
31 93
31 94
31 95
31 96
31 96
31 97
31 98
31 99
31 99
31 100
31 100
31 100
31 99
30 98
30 97
30 96
29 95
29 94
29 93
29 92
28 91
28 90
28 89
27 88
27 87
27 86
26 85
26 84
26 83
25 82
25 81
25 80
24 79
24 78
24 77
24 76
23 75
23 74
23 73
22 72
22 71
22 70
21 69
21 68
21 67
20 66
20 65
20 64
20 63
19 62
19 61
19 60
18 59
18 58
18 57
17 56
17 55
17 54
16 53
16 52
16 51
15 50
15 49
15 48
15 47
14 46
14 45
14 44
13 43
13 42
13 42
13 42
13 42
13 42
13 41
13 41
13 40
13 40
14 39
14 39
15 39
15 39
16 38
16 38
16 38
17 37
17 37
18 37
18 37
19 36
19 36
19 36
20 36
20 36
20 36
20 37
20 37
20 38
19 39
19 40
18 41
18 42
18 43
17 44
17 45
16 46
16 47
16 47
15 48
15 49
14 50
14 50
14 51
14 51
14 52
14 52
14 52
14 52
15 52
15 52
16 51
16 51
16 50
16 50
17 49
17 49
18 48
18 48
19 47
19 47
20 46
20 46
20 46
21 46
21 46
21 46
21 47
20 48
20 49
19 50
19 51
18 52
18 53
18 54
17 55
17 56
16 57
16 58
15 59
15 60
15 60
15 61
15 62
14 63
14 64
14 65
14 66
14 66
13 67
13 68
13 68
13 68
13 69
13 69
14 69
14 69
15 69
15 69
16 68
16 68
17 67
17 67
18 66
18 66
19 65
20 64
20 64
21 63
21 62
21 62
22 61
22 60
22 60
23 59
23 58
24 57
25 56
25 55
26 54
27 53
27 52
28 51
29 50
29 49
30 48
31 47
31 46
32 45
33 44
33 43
34 42
35 41
36 40
36 39
37 38
38 37
38 36
39 35
40 34
40 33
41 32
42 31
42 30
43 29
44 28
44 27
45 26
46 25
46 24
47 23
48 22
48 21
49 20
49 20
49 20
49 20
49 19
49 19
49 18
49 18
50 17
50 17
51 16
52 15
52 15
53 14
54 13
54 13
55 12
56 12
57 11
57 11
58 10
59 9
59 9
60 8
61 7
61 7
62 7
62 7
63 6
63 6
63 6
64 6
64 6
63 6
63 6
63 6
62 5
61 4
60 3
59 2
58 1
58 1
58 1
57 0
57 0
57 1
57 1
57 1
57 2
57 3
57 3
57 4
57 4
57 5
57 6
57 7
57 7
57 8
57 9
57 10
57 10
57 11
56 12
56 13
56 13
56 14
56 15
56 16
56 17
56 17
56 18
56 19
56 20
56 20
56 21
56 22
56 23
55 24
55 25
55 26
55 27
55 28
55 28
55 29
55 29
55 30
55 30
55 30
55 31
55 31
55 32
55 32
55 33
55 34
55 34
55 35
55 36
55 36
55 37
55 38
55 38
55 39
55 40
55 40
55 41
55 42
55 42
55 43
55 43
55 44
55 44
55 44
55 44
55 43
55 43
55 42
55 41
55 40
55 39
55 38
55 37
55 36
55 35
55 34
55 33
55 33
55 33
55 32
55 32
55 31
55 31
56 31
56 31
56 30
56 30
57 30
57 30
58 29
58 29
58 28
58 28
59 28
59 28
60 27
60 27
60 27
60 28
60 28
60 29
60 29
60 30
60 31
60 31
59 32
59 33
59 33
58 34
58 35
58 35
58 36
57 37
57 38
57 38
56 39
56 39
55 40
55 41
55 41
55 42
55 42
55 42
55 42
55 42
55 41
55 41
56 41
56 41
57 40
57 40
58 39
58 39
58 39
58 39
58 40
58 40
58 41
58 42
58 42
57 43
57 44
57 44
57 45
56 46
56 47
56 47
55 48
55 49
54 50
54 50
53 51
53 52
53 52
53 53
53 54
53 54
52 55
52 55
52 55
52 55
53 54
53 53
53 53
53 52
54 51
54 50
54 49
55 48
55 47
55 47
55 46
56 45
56 44
56 44
57 44
57 44
57 44
57 45
57 45
58 45
58 45
58 46
58 46
59 47
59 48
59 48
59 49
59 49
60 50
60 50
61 51
61 51
61 51
62 51
62 51
63 50
63 50
64 49
64 48
64 48
64 47
64 47
64 46
64 45
64 44
65 43
65 42
65 41
65 40
65 39
65 38
65 37
66 36
66 35
66 34
66 33
66 32
66 31
66 30
66 29
67 28
67 27
67 26
67 25
67 25
67 24
67 24
67 24
67 23
67 23
67 22
67 22
68 21
68 21
69 20
70 19
70 19
71 18
72 17
72 17
73 16
74 15
74 15
75 14
75 13
75 13
76 12
77 11
77 11
78 10
79 10
79 10
80 9
80 9
80 8
80 8
80 8
80 8
79 8
79 8
78 7
77 6
76 5
75 4
74 3
74 3
74 3
74 3
74 3
73 4
73 4
74 5
74 6
74 6
74 7
74 8
74 8
74 9
74 10
74 11
74 11
74 12
74 13
74 14
74 14
74 15
74 16
74 16
74 17
74 18
74 18
74 19
74 20
74 20
74 21
74 22
74 22
73 23
73 24
72 25
72 25
72 25
72 25
72 25
72 25
71 26
71 27
71 27
72 28
72 28
72 29
72 30
72 30
72 31
72 32
72 32
72 33
72 34
72 34
72 35
72 35
72 36
72 37
72 37
72 38
72 38
72 38
72 38
72 37
72 36
72 35
72 34
72 33
72 33
72 32
72 32
72 31
72 31
72 30
72 30
73 30
73 30
74 29
74 29
74 28
74 28
75 27
75 27
76 27
76 27
77 27
77 27
77 27
77 27
77 28
77 28
77 29
77 29
76 30
76 31
76 31
75 32
75 33
75 33
74 34
74 35
74 35
74 36
74 37
74 38
74 38
73 39
73 39
73 40
73 41
73 41
72 41
72 41
72 42
72 42
72 42
72 41
72 41
73 41
73 41
73 41
73 41
73 41
73 41
73 42
73 42
72 43
72 44
72 44
72 45
72 45
72 46
71 47
71 48
71 48
70 49
70 50
70 50
69 51
69 52
69 52
69 53
69 54
69 55
69 55
68 56
68 57
68 57
68 58
68 58
68 59
68 59
68 59
68 59
68 58
69 57
69 56
69 55
70 54
70 53
71 52
71 51
71 50
72 49
72 48
72 47
73 46
73 45
73 45
74 44
74 43
74 43
74 42
74 42
75 41
75 41
75 41
75 41
76 41
76 41
76 41
76 42
76 42
76 42
76 43
76 43
76 44
76 44
76 45
76 45
76 46
76 47
76 47
76 48
76 48
76 48
77 49
77 50
77 50
77 51
77 51
78 52
78 52
78 52
79 53
79 53
80 54
80 54
81 54
81 54
82 55
82 55
83 56
83 56
84 56
84 56
85 56
86 56
86 56
87 55
87 55
88 55
88 55
89 54
90 54
90 54
91 53
91 53
92 52
92 51
92 51
93 50
94 50
94 50
95 49
95 49
96 48
96 48
97 47
97 47
98 46
99 46
99 46
100 45
100 45
