0 32
0 31
0 31
0 31
0 31
0 30
0 30
0 30
0 30
0 31
0 31
0 32
0 32
1 33
1 34
1 34
1 35
1 36
1 37
1 38
1 39
1 40
1 40
1 41
1 42
1 43
1 44
1 45
1 46
1 47
1 48
1 48
1 49
1 50
1 51
1 52
1 53
1 54
1 55
1 56
1 56
1 57
1 58
1 59
1 60
0 61
0 62
0 63
0 64
0 65
0 65
0 66
0 67
0 68
0 69
0 70
0 71
0 72
0 73
0 73
0 74
0 75
0 76
0 77
0 78
0 79
0 79
0 80
0 81
0 82
0 83
0 83
0 84
0 85
0 86
0 87
0 87
0 88
0 89
0 89
0 90
0 90
0 90
0 89
0 88
0 87
0 86
0 85
1 84
1 83
1 82
1 81
1 80
1 79
1 78
1 77
1 76
1 75
2 74
2 73
2 72
2 71
2 70
2 69
2 68
2 67
2 66
2 65
3 64
3 63
3 62
3 61
3 60
3 59
3 58
3 57
3 56
3 55
4 54
4 53
4 52
4 51
4 50
4 49
4 48
4 47
4 46
4 45
4 44
5 43
5 42
5 41
5 40
5 39
5 38
5 37
5 36
5 35
5 34
6 33
6 32
6 31
6 30
6 29
6 28
6 27
6 26
6 25
6 24
7 23
7 22
7 21
7 20
7 19
7 18
7 18
7 17
7 16
7 15
7 15
7 14
7 13
7 13
7 13
7 13
7 13
7 14
7 15
7 16
7 17
7 18
7 19
7 20
7 21
7 21
8 20
9 20
9 20
10 19
10 18
10 18
11 17
12 16
12 16
13 15
14 14
14 13
15 12
15 12
16 11
17 10
17 10
18 9
19 9
20 8
20 8
21 7
21 7
22 8
22 8
23 9
23 9
24 10
24 11
24 11
24 12
24 13
24 14
24 15
24 16
24 16
24 17
24 18
24 19
24 20
24 21
24 22
24 23
24 23
24 24
24 25
24 26
24 27
24 28
24 29
24 30
24 31
24 32
24 32
24 33
24 34
24 35
24 36
24 37
24 38
24 39
24 40
24 40
24 41
24 42
24 43
24 44
24 45
24 46
24 47
24 48
24 49
24 50
24 50
24 51
24 52
24 53
24 54
24 55
24 56
24 57
24 58
24 59
24 59
24 60
24 61
24 62
24 63
24 64
24 65
24 66
24 67
24 68
24 68
24 69
24 70
24 71
24 72
24 73
24 74
24 75
24 76
24 76
24 77
24 78
24 79
24 80
24 81
24 82
24 83
24 83
24 84
24 85
24 86
24 87
24 88
24 89
24 89
24 90
24 91
24 92
24 93
24 94
24 94
24 95
24 96
24 97
24 98
24 98
25 99
25 100
25 100
25 100
25 99
25 98
24 97
24 96
24 95
24 94
24 93
23 92
23 91
23 90
23 89
23 88
22 87
22 86
22 85
22 84
21 83
21 82
21 81
21 80
21 79
20 78
20 77
20 76
20 75
20 74
19 73
19 72
19 71
19 70
19 69
18 68
18 67
18 66
18 65
18 64
17 63
17 62
17 61
17 60
16 59
16 58
16 57
16 56
16 55
15 54
15 53
15 52
15 51
15 50
14 49
14 48
14 47
14 47
14 46
14 45
14 44
14 44
14 43
14 43
14 43
14 43
15 42
15 42
15 41
15 41
16 41
16 41
16 42
15 43
15 44
15 45
15 46
14 47
14 48
14 49
14 49
14 50
14 51
14 51
14 51
14 50
14 50
14 50
15 49
15 49
15 49
16 49
16 49
16 49
16 50
16 51
15 52
15 53
15 54
15 55
15 56
15 57
14 58
14 59
14 60
14 61
14 61
14 62
14 62
13 62
13 62
14 62
14 62
14 62
14 61
14 61
14 61
15 61
15 61
16 60
17 59
18 58
19 58
20 57
21 56
22 55
23 54
24 53
25 53
26 52
27 51
28 50
29 49
30 48
31 48
32 47
33 46
34 45
35 44
36 43
37 43
38 42
39 41
40 40
41 39
42 38
43 38
44 37
45 36
46 35
47 34
48 33
49 33
50 32
51 31
52 30
53 29
54 28
55 28
56 27
57 26
58 25
58 25
58 25
58 25
57 24
57 24
58 24
58 24
59 23
59 22
59 22
60 21
61 21
61 21
62 21
62 21
63 20
64 19
64 19
64 18
64 17
64 16
65 15
65 14
65 13
65 12
65 12
65 12
64 11
64 11
64 11
64 11
64 11
64 11
64 12
64 13
64 13
64 14
64 15
64 15
64 16
64 17
64 17
64 18
63 19
63 20
63 21
63 22
62 23
62 24
62 25
62 26
61 27
61 28
61 29
61 29
61 30
60 31
60 32
60 32
59 32
59 32
59 33
59 33
59 33
59 33
59 34
59 34
59 34
59 35
59 35
59 35
59 36
59 36
60 36
60 36
60 35
60 35
61 34
62 33
62 33
63 32
63 31
63 31
64 30
64 30
65 29
66 28
66 28
67 27
67 27
67 27
68 27
68 27
68 26
68 26
68 26
68 27
68 27
68 27
68 28
67 29
67 30
66 31
66 32
65 33
65 34
64 35
64 36
64 36
63 37
63 38
62 39
62 39
62 39
61 40
61 40
61 40
61 40
61 40
61 40
62 40
62 40
62 39
62 39
63 39
64 39
64 39
64 39
64 39
64 40
64 40
64 40
63 41
63 41
63 42
63 43
63 43
62 44
62 45
62 45
62 46
62 46
62 47
62 48
62 48
61 49
61 49
61 50
61 51
61 51
60 52
60 53
60 53
61 52
61 51
62 50
62 49
63 48
64 47
64 46
65 45
65 44
66 43
66 43
66 44
66 45
66 46
66 47
66 47
65 48
65 48
65 49
65 50
65 50
65 51
65 52
65 52
65 53
65 54
65 54
65 55
65 55
66 56
66 56
66 56
67 56
68 56
68 56
69 56
69 56
70 55
71 55
71 55
72 54
72 53
72 53
73 52
74 52
74 52
74 51
74 50
74 49
74 48
75 47
75 46
75 45
75 44
75 43
75 42
75 41
75 40
75 39
75 38
76 37
76 36
76 35
76 34
76 33
76 32
76 31
76 30
76 29
77 28
77 27
77 26
77 25
77 24
77 23
77 22
77 21
77 20
77 19
78 18
78 17
78 16
78 15
78 14
78 14
78 14
77 13
77 13
77 12
77 12
78 11
78 11
79 10
79 10
80 9
80 9
81 8
81 8
82 7
82 7
82 6
82 5
82 4
82 3
82 2
82 1
82 1
82 1
82 1
82 0
82 0
82 0
82 1
82 1
81 1
81 1
81 2
81 3
81 3
81 4
81 5
81 5
81 6
81 7
81 7
80 8
80 8
80 9
80 10
80 11
80 11
80 12
80 13
80 13
80 14
79 15
79 16
78 17
78 18
77 19
77 20
76 21
76 22
76 22
76 23
76 24
76 24
76 24
75 24
75 24
75 25
75 25
75 26
75 26
75 27
75 28
75 28
75 29
75 29
75 30
75 31
75 31
75 32
75 32
75 33
75 33
76 33
76 33
76 33
76 33
76 33
76 32
76 31
76 31
76 30
77 29
77 28
77 28
78 27
78 26
79 25
79 25
80 24
80 23
80 23
81 22
81 22
82 21
82 21
82 21
83 21
83 21
83 21
83 22
83 22
83 22
83 23
83 23
83 24
83 24
83 25
83 25
83 26
83 27
83 27
83 28
83 28
83 29
83 29
82 30
82 31
82 31
81 31
81 31
81 32
81 32
80 33
80 33
79 34
79 34
79 35
78 36
78 37
78 37
78 37
78 38
78 38
78 38
78 38
78 39
78 39
77 40
77 41
77 41
77 42
77 42
77 43
77 44
77 44
76 45
76 46
76 46
76 47
76 47
76 48
76 49
76 49
77 48
77 47
78 46
78 45
79 44
79 43
80 42
80 41
81 40
81 40
82 40
82 40
82 41
82 41
81 42
81 42
81 43
81 44
81 44
81 45
81 45
81 46
81 47
81 47
81 48
81 48
81 49
81 50
81 50
82 51
82 51
83 52
83 52
84 52
85 52
85 52
86 52
87 52
87 52
88 52
88 52
89 52
90 52
91 52
91 52
92 51
93 51
93 51
94 51
94 51
95 50
96 50
96 50
97 50
98 50
98 50
99 50
99 50
99 49
99 49
100 49
100 49
100 49
99 49
99 49
99 49
