0 41
0 40
0 39
0 38
0 37
0 36
0 36
0 35
0 35
0 34
0 34
0 35
0 35
0 35
0 36
0 36
0 37
0 38
0 38
0 39
0 40
0 41
0 42
0 43
0 44
0 45
0 45
0 46
0 47
0 48
1 49
1 50
1 51
1 52
1 53
1 53
1 54
1 55
1 56
1 57
1 58
1 59
1 60
1 61
1 62
1 63
1 63
1 64
1 65
1 66
1 67
1 68
1 69
1 70
1 71
1 71
1 72
1 73
2 74
2 75
2 76
2 77
2 77
2 78
2 79
2 80
2 81
2 82
2 82
2 83
2 84
2 85
2 86
2 86
2 87
2 88
2 89
2 89
2 90
2 91
2 91
2 91
2 90
2 89
2 88
2 87
2 86
2 85
2 84
3 83
3 82
3 81
3 80
3 79
3 78
3 77
3 76
3 75
3 74
3 73
3 72
3 71
3 70
3 69
3 68
4 67
4 66
4 65
4 64
4 63
4 62
4 61
4 60
4 59
4 58
4 57
4 56
4 55
4 54
4 53
5 52
5 51
5 50
5 49
5 48
5 47
5 46
5 45
5 44
5 43
5 42
5 41
5 40
5 39
5 38
5 37
6 36
6 35
6 34
6 33
6 32
6 31
6 30
6 29
6 29
6 28
7 27
7 26
7 25
8 24
8 23
8 23
7 22
7 22
7 22
7 22
7 22
7 22
7 23
7 24
8 25
8 26
8 27
8 27
9 28
9 28
10 28
10 28
11 27
11 27
12 26
13 26
13 26
14 25
14 24
15 23
15 23
16 22
17 22
18 21
18 21
19 20
19 19
19 19
20 18
21 18
21 18
22 18
22 18
23 18
23 18
24 19
24 19
25 20
25 21
25 21
25 22
25 23
25 24
25 25
25 26
25 26
25 27
25 28
25 29
25 30
25 31
25 32
25 33
25 33
25 34
25 35
25 36
25 37
25 38
25 39
25 40
25 41
25 42
25 42
25 43
25 44
25 45
25 46
25 47
25 48
25 49
25 50
25 51
25 52
25 52
25 53
25 54
25 55
25 56
25 57
25 58
25 59
25 60
25 60
25 61
25 62
25 63
25 64
25 65
25 66
25 67
25 68
25 68
25 69
25 70
25 71
25 72
25 73
25 74
25 75
25 76
25 76
25 77
25 78
25 79
26 80
26 81
26 82
26 83
26 83
26 84
26 85
26 86
26 87
26 88
26 89
26 89
26 90
26 91
26 92
26 93
26 93
26 94
26 95
26 96
26 96
26 97
27 98
27 99
27 99
27 100
27 100
27 100
27 99
26 98
26 97
26 96
26 95
25 94
25 93
25 92
24 91
24 90
24 89
23 88
23 87
23 86
23 85
22 84
22 83
22 82
21 81
21 80
21 79
21 78
20 77
20 76
20 75
19 74
19 73
19 72
19 71
18 70
18 69
18 68
17 67
17 66
17 65
16 64
16 63
16 62
16 61
15 60
15 59
15 58
14 57
14 56
14 55
14 54
13 53
13 52
13 52
14 51
14 50
14 50
14 49
14 49
13 49
13 49
14 49
14 49
14 48
14 47
14 47
15 46
15 46
16 45
16 45
16 46
16 47
15 48
15 49
15 50
15 51
14 52
14 53
14 54
14 54
14 55
14 56
14 56
13 56
13 56
13 56
13 56
13 56
14 56
14 56
15 56
15 56
16 55
16 55
17 55
17 55
17 56
16 57
16 58
15 59
15 60
14 61
14 62
14 63
13 64
13 65
12 66
12 67
11 68
11 69
11 69
11 70
10 71
10 72
10 73
10 73
10 74
10 74
9 73
9 72
9 72
9 72
9 72
10 72
10 72
11 72
11 72
12 71
12 71
13 70
14 70
14 70
15 69
16 68
16 68
17 67
18 66
19 65
20 64
21 63
22 62
23 61
24 60
25 59
26 58
27 57
28 57
29 56
30 55
31 54
32 53
33 52
34 51
35 50
36 49
37 48
38 47
39 46
40 45
41 44
42 43
43 42
44 41
45 40
46 39
47 38
48 37
49 36
50 36
51 35
52 34
53 33
54 32
55 31
56 30
57 29
58 28
59 27
60 26
60 26
60 27
60 27
59 27
59 27
58 26
58 26
58 26
59 25
59 25
60 24
60 24
61 23
61 23
62 22
62 22
62 21
62 20
63 19
63 18
63 17
63 16
64 15
64 14
64 13
64 13
64 13
64 12
64 12
64 12
64 12
64 12
64 13
64 13
64 13
64 14
64 15
64 15
64 16
64 17
64 18
64 18
64 19
64 20
64 20
64 21
64 21
64 22
64 23
64 24
64 24
64 25
63 26
63 27
63 28
63 29
62 30
62 31
62 32
62 32
62 33
61 34
61 35
61 35
60 35
60 35
60 35
60 36
60 36
59 37
59 37
59 38
59 39
59 39
59 40
59 40
59 41
59 41
59 42
59 42
60 42
60 42
60 42
60 42
60 42
61 41
61 40
61 40
62 39
62 38
62 38
63 37
63 36
63 36
64 35
64 34
64 34
65 34
65 34
65 33
65 33
66 33
66 33
66 33
67 33
67 33
67 34
67 34
67 34
67 35
67 35
67 36
67 36
66 37
66 38
66 38
66 39
66 39
65 40
65 40
65 41
65 41
64 42
64 43
64 43
63 44
63 44
62 45
62 46
62 46
62 47
61 48
61 49
61 49
62 49
62 49
62 49
62 49
62 49
62 49
62 49
61 50
61 50
61 51
61 52
61 52
60 53
60 54
60 54
59 55
59 56
59 56
60 55
61 54
62 53
62 53
63 54
63 54
63 55
63 55
63 56
63 56
63 57
63 57
63 58
63 58
64 58
64 58
65 58
65 58
66 58
67 58
67 58
68 57
68 57
69 56
69 56
70 55
71 54
71 54
72 53
72 52
72 52
72 51
72 50
72 50
72 49
72 48
72 47
72 46
72 45
73 44
73 43
73 42
73 41
73 40
73 39
73 38
73 37
73 36
73 35
74 34
74 33
74 32
74 31
74 30
74 29
74 28
74 27
74 26
74 25
74 24
75 23
75 22
75 21
75 20
75 19
75 18
75 18
76 17
76 17
75 17
75 17
76 16
76 16
76 15
76 15
77 14
78 14
78 14
79 13
79 13
80 12
80 12
81 11
81 11
81 10
81 9
81 8
81 7
82 6
82 5
82 4
82 3
82 2
82 1
82 1
82 2
82 2
82 1
82 1
81 0
81 0
81 1
81 1
81 1
81 2
81 3
81 3
81 4
81 5
81 5
80 6
80 7
80 7
80 8
80 9
80 9
80 10
80 11
80 12
80 12
80 13
80 14
80 14
80 15
79 16
79 17
79 18
78 19
78 20
78 20
78 21
77 22
77 23
77 23
77 24
77 24
76 24
76 24
76 25
76 26
76 26
76 27
76 27
76 28
76 28
76 29
76 29
76 30
76 31
76 31
76 32
76 32
76 33
76 34
76 34
76 34
76 35
76 35
76 35
76 35
77 34
77 33
77 33
78 32
78 31
78 31
78 30
79 29
79 28
79 28
80 27
81 26
81 26
82 25
82 25
83 24
83 24
84 24
84 24
84 24
84 24
84 24
84 24
84 25
84 25
84 26
84 27
84 27
84 28
84 28
83 29
83 29
83 30
83 31
83 31
82 32
81 32
81 32
81 33
80 34
80 35
80 35
79 36
79 37
78 38
78 39
78 39
79 39
79 39
79 40
79 40
79 40
79 40
79 41
79 41
78 42
78 43
78 43
78 44
78 44
77 45
77 45
77 46
77 47
77 47
76 48
76 48
76 49
76 49
77 48
77 47
78 46
79 45
79 44
80 43
80 42
81 41
81 41
81 41
81 42
81 43
81 43
81 44
81 45
81 45
80 46
80 47
80 47
81 48
81 49
81 49
81 50
81 51
81 51
82 52
82 52
83 53
83 53
84 54
85 54
85 54
86 53
87 53
87 53
88 52
89 52
89 52
90 51
91 51
92 50
92 50
93 49
94 49
94 49
95 48
96 48
96 48
97 48
98 48
98 48
99 47
99 47
99 47
100 47
100 47
99 47
99 47
99 46
