0 33
1 32
1 31
1 31
0 30
0 30
0 30
0 31
0 32
0 33
0 33
0 34
0 35
0 36
0 36
0 37
0 38
0 39
0 40
0 41
0 42
0 43
0 43
0 44
0 45
0 46
0 47
0 48
0 49
0 50
0 51
0 51
0 52
0 53
0 54
1 55
1 56
1 57
1 58
1 59
1 59
1 60
1 61
1 62
1 63
1 64
1 65
1 65
1 66
1 67
1 68
1 69
1 70
1 71
1 71
1 72
1 73
1 74
1 75
1 76
1 77
1 77
1 78
1 79
2 80
2 81
2 82
2 82
2 83
2 84
2 85
2 86
2 86
2 87
2 88
2 88
3 89
3 90
3 90
3 91
3 92
3 92
3 91
3 90
3 89
3 88
4 87
4 86
4 85
4 84
4 83
4 82
4 81
4 80
5 79
5 78
5 77
5 76
5 75
5 74
5 73
5 72
5 71
6 70
6 69
6 68
6 67
6 66
6 65
6 64
6 63
6 62
7 61
7 60
7 59
7 58
7 57
7 56
7 55
7 54
8 53
8 52
8 51
8 50
8 49
8 48
8 47
8 46
8 45
9 44
9 43
9 42
9 41
9 40
9 39
9 38
9 37
9 36
10 35
10 34
10 33
10 32
10 31
10 30
10 29
10 28
11 27
11 26
11 25
11 24
11 23
11 23
12 22
12 21
13 20
13 19
14 18
14 17
14 17
14 16
14 15
14 14
14 14
13 13
13 13
13 13
14 14
15 15
15 15
16 15
17 15
17 15
17 14
17 13
17 13
18 12
19 12
19 12
20 11
21 11
22 10
22 10
23 9
24 8
24 8
25 7
26 7
27 6
27 6
28 5
29 5
30 4
30 4
31 3
31 3
32 2
33 2
33 2
34 2
34 2
35 3
35 3
36 4
36 5
36 5
36 6
36 7
36 8
36 9
36 9
36 10
36 11
36 12
36 13
36 14
36 15
36 15
36 16
36 17
36 18
36 19
36 20
36 21
36 22
36 23
36 24
36 24
36 25
36 26
36 27
36 28
36 29
36 30
36 31
36 32
36 33
36 34
36 34
36 35
36 36
36 37
36 38
36 39
36 40
36 41
36 42
36 43
36 44
36 44
36 45
36 46
36 47
36 48
36 49
36 50
36 51
36 52
36 53
36 53
36 54
36 55
36 56
36 57
36 58
36 59
36 60
36 61
36 62
36 62
36 63
36 64
36 65
36 66
37 67
37 68
37 69
37 70
37 71
37 71
37 72
37 73
37 74
37 75
37 76
37 77
37 78
37 79
37 79
37 80
37 81
37 82
37 83
37 84
37 85
37 85
37 86
37 87
38 88
38 89
38 90
38 91
38 91
38 92
38 93
38 94
38 95
38 95
38 96
38 97
38 98
38 98
38 99
38 100
38 100
38 100
38 99
37 98
37 97
37 96
36 95
36 94
36 93
35 92
35 91
35 90
34 89
34 88
34 87
33 86
33 85
32 84
32 83
32 82
31 81
31 80
31 79
30 78
30 77
30 76
29 75
29 74
29 73
28 72
28 71
28 70
27 69
27 68
27 67
26 66
26 65
26 64
25 63
25 62
25 61
24 60
24 59
23 58
23 57
23 56
22 55
22 54
22 53
21 52
21 51
21 50
20 49
20 48
20 47
19 46
19 45
19 45
19 44
19 43
19 43
19 42
19 42
20 42
20 42
21 41
21 40
21 40
22 39
22 38
22 38
23 37
24 37
24 37
24 38
23 39
23 40
23 41
22 42
22 43
22 44
22 45
21 46
21 47
21 47
20 48
20 48
20 48
20 48
21 48
21 48
21 48
22 48
23 48
23 48
24 47
24 47
25 47
25 47
24 48
24 49
23 50
23 51
22 52
22 53
21 54
20 55
20 56
19 57
19 58
18 59
18 60
17 61
16 62
16 63
15 64
15 65
14 66
14 67
13 68
13 68
12 69
11 70
10 71
9 72
9 72
9 72
8 72
8 72
8 72
9 72
9 72
10 71
10 71
11 70
12 70
12 70
13 70
14 69
15 69
15 69
16 68
17 68
17 68
18 67
19 66
19 66
20 65
21 65
21 65
22 64
23 63
24 62
25 61
25 60
26 59
27 58
28 57
29 56
30 55
31 54
32 53
32 52
33 51
34 50
35 49
36 48
37 47
38 46
39 45
40 44
40 43
41 42
42 41
43 40
44 39
45 38
46 37
47 36
47 35
48 34
49 33
50 32
51 31
52 30
53 29
54 28
54 27
55 26
56 25
57 24
58 23
58 23
59 24
59 24
58 23
58 23
58 22
58 22
59 21
59 20
59 20
60 19
61 19
61 19
62 18
63 17
63 17
64 16
64 16
65 15
66 15
66 15
66 14
66 13
66 12
67 11
67 10
67 9
67 8
67 8
67 8
67 8
67 8
67 8
67 8
67 8
67 9
67 10
67 10
67 11
67 12
67 13
67 13
67 14
67 14
67 15
67 16
67 16
67 17
66 18
66 19
65 20
65 21
64 22
64 23
64 24
63 25
63 26
62 27
62 28
62 28
62 29
62 30
62 31
62 32
62 32
62 31
62 31
61 31
61 31
61 31
61 32
61 32
61 33
61 33
61 34
61 35
61 35
61 36
61 36
61 37
61 37
61 38
61 38
62 38
62 38
62 38
62 38
62 37
62 37
63 36
63 35
63 35
64 34
64 33
65 32
65 32
66 31
66 30
66 30
67 29
67 29
68 29
68 29
68 29
68 29
68 29
68 29
69 30
69 30
69 30
69 31
69 31
68 32
68 33
68 33
68 34
68 34
68 35
68 35
67 36
67 36
67 37
67 37
67 38
67 38
66 38
66 38
65 39
65 39
65 40
64 41
64 42
63 43
63 44
62 45
62 46
62 46
63 47
63 47
62 47
62 47
62 47
62 47
62 47
62 47
62 48
62 48
61 49
61 50
61 50
60 51
60 52
60 52
59 53
59 54
59 54
59 55
59 55
59 56
59 57
59 57
60 56
60 55
61 54
62 53
62 52
63 51
63 51
64 52
64 52
64 53
64 53
64 54
64 54
64 55
64 56
64 56
64 57
64 57
64 58
64 58
65 59
65 59
66 59
66 59
67 59
68 59
68 59
69 58
69 58
70 57
71 56
71 56
72 55
72 55
72 54
72 53
72 52
72 51
72 50
72 49
72 48
72 47
72 46
73 45
73 44
73 43
73 42
73 41
73 40
73 39
73 38
73 37
73 36
73 35
73 34
73 33
73 32
73 31
73 30
73 29
73 28
73 27
73 26
74 25
74 24
74 23
74 22
74 21
74 20
74 19
74 18
74 17
74 16
74 16
75 17
75 17
74 16
73 15
73 15
74 14
74 14
75 14
75 14
76 13
76 13
77 12
78 12
78 12
79 11
79 10
79 10
80 9
81 9
81 9
81 8
81 7
81 6
81 5
81 4
81 3
81 2
81 1
81 0
81 0
81 0
81 0
81 0
81 0
81 0
81 1
80 2
80 3
80 3
80 4
80 5
80 5
80 6
80 6
80 7
80 8
80 9
80 9
80 10
80 11
80 11
80 12
80 13
80 14
80 14
80 15
79 16
79 17
78 18
78 19
77 20
77 21
76 22
76 23
76 23
76 24
76 25
76 26
76 27
76 27
75 27
75 27
75 26
75 26
75 27
75 27
75 28
75 28
75 29
75 29
75 30
75 30
75 31
75 32
75 32
75 33
75 33
76 34
76 34
76 35
76 35
76 35
76 35
76 35
76 34
76 34
76 33
76 32
76 32
77 31
77 30
77 30
78 29
78 28
79 27
79 27
80 26
80 25
80 25
81 24
81 24
82 23
82 23
83 22
83 22
84 22
84 22
84 22
84 22
84 22
85 23
85 23
85 24
85 24
85 25
85 25
85 26
85 26
84 27
84 27
84 28
84 28
84 29
84 29
83 30
83 30
82 31
82 32
82 32
81 33
81 33
81 34
80 35
80 36
79 37
79 38
78 39
78 40
78 40
78 41
78 41
78 41
78 41
77 41
77 41
77 42
77 42
77 43
77 43
77 44
77 45
77 45
76 46
76 46
76 47
76 47
76 48
76 49
76 49
75 50
75 50
76 49
76 48
77 47
77 46
78 45
78 44
79 43
79 42
80 41
80 40
81 39
81 38
82 37
82 36
82 36
83 37
83 37
83 37
83 37
83 38
83 39
83 39
83 40
83 41
83 41
83 42
82 43
82 44
82 44
82 45
82 46
82 46
82 47
82 48
82 48
83 49
83 49
84 50
84 51
84 51
85 51
85 51
86 52
86 52
87 51
88 51
88 51
89 51
90 51
90 51
91 50
92 50
92 50
93 49
94 49
94 49
95 49
96 49
96 49
97 48
97 48
98 48
98 48
99 48
99 48
99 48
99 47
99 47
99 47
99 46
99 46
100 45
