0 35
0 34
0 33
0 32
0 31
0 31
0 30
0 30
0 30
0 30
0 31
0 31
0 31
0 32
0 33
0 34
1 35
1 36
1 37
1 38
1 38
1 39
1 40
1 41
1 42
1 43
1 44
1 45
1 46
1 46
1 47
1 48
1 49
1 50
1 51
1 52
1 53
1 54
1 54
1 55
1 56
1 57
1 58
0 59
0 60
0 61
0 62
0 63
0 63
0 64
0 65
0 66
0 67
0 68
0 69
0 70
0 70
0 71
0 72
0 73
0 74
0 75
0 76
0 76
0 77
0 78
0 79
0 80
0 81
0 81
0 82
1 83
1 84
1 85
1 85
1 86
1 87
1 88
1 88
1 89
1 89
1 88
1 87
1 86
1 85
1 84
1 83
1 82
1 81
2 80
2 79
2 78
2 77
2 76
2 75
2 74
2 73
2 72
2 71
2 70
2 69
2 68
2 67
2 66
2 65
2 64
3 63
3 62
3 61
3 60
3 59
3 58
3 57
3 56
3 55
3 54
3 53
3 52
3 51
3 50
3 49
3 48
4 47
4 46
4 45
4 44
4 43
4 42
4 41
4 40
4 39
4 38
4 37
4 36
4 35
4 34
4 33
4 32
4 31
5 30
5 29
5 28
5 27
5 26
5 25
5 24
5 23
5 22
5 22
5 21
6 20
6 19
6 18
6 17
7 16
7 15
7 15
6 14
6 14
6 14
6 14
6 15
6 16
6 17
6 18
6 19
6 20
6 21
6 22
6 23
6 23
7 24
7 24
8 23
8 23
9 22
9 21
9 21
10 20
11 20
12 19
12 19
13 18
14 17
15 16
15 16
16 15
16 14
17 13
17 12
17 12
18 11
19 11
20 10
20 10
21 10
22 10
22 10
23 10
23 10
24 11
24 11
24 12
25 13
25 14
25 14
25 15
25 16
26 17
26 18
26 19
26 19
26 20
26 21
26 22
27 23
27 24
27 25
27 26
27 26
27 27
27 28
27 29
27 30
27 31
27 32
27 33
27 34
27 35
27 35
27 36
27 37
27 38
27 39
27 40
27 41
27 42
27 43
27 44
27 45
27 45
27 46
27 47
27 48
27 49
27 50
27 51
27 52
27 53
27 54
27 54
27 55
27 56
27 57
27 58
27 59
27 60
27 61
27 62
27 63
27 63
27 64
27 65
27 66
27 67
27 68
27 69
27 70
27 71
27 71
27 72
27 73
27 74
27 75
27 76
27 77
27 78
27 79
27 79
27 80
27 81
27 82
27 83
27 84
27 85
27 86
27 87
27 87
27 88
27 89
27 90
27 91
27 92
27 93
27 93
27 94
27 95
27 96
27 97
27 98
27 98
27 99
27 100
27 100
27 99
27 98
26 97
26 96
26 95
26 94
25 93
25 92
25 91
25 90
24 89
24 88
24 87
24 86
23 85
23 84
23 83
23 82
23 81
22 80
22 79
22 78
22 77
21 76
21 75
21 74
21 73
20 72
20 71
20 70
20 69
19 68
19 67
19 66
19 65
19 64
18 63
18 62
18 61
18 60
17 59
17 58
17 57
17 56
16 55
16 54
16 53
16 52
15 51
15 50
15 49
15 49
15 48
15 47
15 47
15 46
15 46
15 46
16 45
16 44
16 44
17 43
17 43
18 42
18 42
18 43
17 44
17 45
17 46
16 47
16 48
16 49
15 50
15 51
15 51
15 52
15 52
15 52
15 52
15 52
15 52
15 52
15 52
16 51
16 51
17 51
17 51
18 50
18 50
18 51
17 52
17 53
16 54
16 55
16 56
15 57
15 58
15 59
14 60
14 61
13 62
13 63
13 64
12 65
12 66
12 66
11 67
11 67
11 67
11 67
11 67
12 67
12 67
13 66
13 66
14 66
14 66
15 65
15 65
16 64
17 64
17 64
18 63
18 63
19 62
20 61
21 60
22 59
23 58
24 57
25 56
26 55
27 54
28 53
29 52
30 51
31 50
32 49
33 48
34 47
35 46
36 45
37 44
37 43
38 42
39 41
40 40
41 39
42 38
43 37
44 36
45 35
46 34
47 33
48 32
49 31
50 30
51 29
52 28
53 27
54 26
55 25
56 24
56 24
56 25
56 25
55 25
55 25
55 24
55 24
56 24
56 24
57 23
57 23
58 22
58 21
58 21
59 20
59 20
59 19
60 18
60 17
61 16
61 15
61 14
62 13
62 12
63 11
63 10
63 10
62 11
62 11
62 11
62 11
62 11
62 11
62 12
62 12
62 13
62 14
62 14
62 15
62 16
62 16
62 17
62 18
62 18
62 19
62 19
63 20
63 21
63 21
63 22
63 23
63 23
62 24
62 25
61 26
61 27
60 28
60 29
59 30
59 31
58 32
58 33
58 33
58 34
58 35
58 35
57 35
57 35
57 35
57 36
57 36
57 37
57 37
57 37
57 38
57 38
57 38
57 38
57 38
58 38
58 38
58 37
58 37
59 36
59 36
59 35
60 34
60 33
60 33
61 32
62 31
62 31
63 30
63 30
64 29
64 29
65 29
65 29
66 29
66 29
66 29
66 30
65 31
65 32
64 33
64 34
63 35
63 36
62 37
62 38
61 39
61 40
61 40
61 41
60 42
60 43
60 43
60 43
60 43
60 43
60 43
61 42
61 42
61 42
62 41
63 41
63 41
64 40
64 40
65 39
65 39
65 40
65 41
65 41
64 42
64 43
64 43
64 44
64 44
63 44
63 44
63 45
63 45
62 46
62 47
62 47
61 48
61 49
61 49
60 50
60 51
60 51
59 52
59 53
59 53
58 54
58 55
58 55
58 56
57 57
57 58
57 58
57 59
56 60
56 61
56 61
57 60
57 59
58 58
58 57
59 56
59 55
60 54
60 53
61 52
61 52
61 53
60 54
60 55
60 55
60 56
60 57
60 57
60 58
60 59
60 59
60 60
60 60
61 61
61 61
62 62
62 62
63 62
63 62
64 61
64 61
65 60
66 60
66 60
67 59
68 59
68 59
69 58
69 57
69 57
70 56
70 55
70 55
70 54
70 53
70 52
71 51
71 50
71 49
71 48
71 47
71 46
72 45
72 44
72 43
72 42
72 41
72 40
72 39
73 38
73 37
73 36
73 35
73 34
73 33
73 32
74 31
74 30
74 29
74 28
74 27
74 26
75 25
75 24
75 23
75 22
75 21
75 20
75 19
76 18
76 17
76 16
76 15
76 15
76 15
76 15
76 14
76 14
77 14
77 14
78 13
78 12
78 12
79 11
79 11
80 10
80 10
81 9
81 9
81 8
81 7
81 6
80 5
80 4
80 3
80 2
80 1
80 1
80 1
80 1
80 1
80 2
80 2
80 3
80 4
80 4
80 5
80 5
79 6
79 7
79 7
79 8
79 9
79 9
79 10
79 11
79 11
79 12
79 13
79 13
79 14
78 15
78 16
78 17
77 18
77 19
77 20
76 21
76 22
76 23
75 24
75 25
75 25
75 26
75 27
75 27
74 27
74 27
74 27
74 27
74 27
74 28
74 28
74 29
74 30
74 30
74 31
74 31
74 32
74 33
74 33
74 34
74 34
74 34
74 34
74 34
74 34
74 34
75 33
75 32
76 31
76 31
76 30
77 29
77 28
77 27
77 27
78 26
79 25
79 25
80 24
80 24
81 23
81 23
82 23
82 23
82 23
83 23
83 23
83 23
83 24
83 24
83 25
83 25
83 26
83 26
82 27
82 28
82 28
82 29
82 29
81 30
81 31
81 31
80 32
80 32
79 33
79 34
78 35
78 36
77 37
77 37
77 38
77 39
77 39
77 39
77 39
77 39
76 39
76 39
76 40
76 40
75 41
75 42
75 42
74 43
74 44
74 44
73 45
73 46
73 46
73 47
73 47
74 46
74 45
75 44
76 43
77 42
77 41
78 40
78 40
79 41
79 41
79 42
79 42
79 43
79 44
79 44
78 45
78 46
78 46
78 47
78 48
78 48
79 49
79 50
79 50
79 51
79 51
80 52
81 52
81 52
82 52
82 52
83 52
84 52
84 52
85 52
86 52
87 52
87 52
88 51
89 50
89 50
90 50
91 49
92 49
92 49
93 48
94 48
94 48
95 47
96 46
96 46
97 45
97 45
98 44
98 44
99 43
99 43
99 43
100 42
100 42
100 41
