2 26
1 25
1 25
0 24
0 24
0 25
0 25
0 26
0 27
0 28
0 28
0 29
0 30
0 31
0 32
0 32
0 33
0 34
0 35
0 36
0 37
0 38
0 38
0 39
0 40
0 41
0 42
0 43
0 44
0 45
0 46
0 46
0 47
0 48
0 49
0 50
0 51
0 52
0 53
0 53
0 54
0 55
0 56
0 57
0 58
0 59
0 59
0 60
0 61
0 62
0 63
0 64
0 65
0 65
0 66
0 67
0 68
0 69
0 70
0 70
0 71
0 72
0 73
0 74
0 74
0 75
0 75
0 74
0 74
0 73
0 72
0 71
0 70
1 69
1 68
1 67
1 66
1 65
1 64
1 63
1 62
1 61
2 60
2 59
2 58
2 57
2 56
2 55
2 54
2 53
2 52
3 51
3 50
3 49
3 48
3 47
3 46
3 45
3 44
3 43
4 42
4 41
4 40
4 39
4 38
4 37
4 36
4 35
4 34
5 33
5 32
5 31
5 30
5 29
5 29
5 28
6 27
6 26
6 25
6 25
6 24
6 24
6 24
7 23
7 23
7 23
7 22
7 22
8 21
8 21
8 21
9 20
9 20
10 19
11 18
12 18
13 17
14 16
15 15
16 15
17 14
18 13
18 13
18 14
18 15
18 15
18 15
18 14
18 14
18 14
18 13
18 13
19 12
19 11
19 11
20 10
21 9
21 9
22 9
22 9
23 9
24 9
24 9
25 9
25 9
26 10
26 11
27 12
27 12
27 13
27 14
27 15
27 15
27 16
27 17
28 18
28 19
28 20
28 20
28 21
28 22
29 23
29 24
29 25
29 26
29 26
29 27
29 28
29 29
29 30
29 31
29 32
29 33
29 33
29 34
29 35
29 36
29 37
29 38
29 39
29 40
29 41
29 41
29 42
29 43
29 44
29 45
29 46
29 47
29 48
29 49
29 49
29 50
29 51
29 52
29 53
29 54
29 55
29 56
29 56
29 57
29 58
29 59
29 60
30 61
30 62
30 63
30 64
30 65
30 65
30 66
30 67
30 68
30 69
30 70
30 71
30 72
30 73
30 73
30 74
30 75
30 76
30 77
30 78
30 79
30 80
30 81
30 81
30 82
30 83
30 84
31 85
31 86
31 87
31 88
31 88
31 89
31 90
31 91
31 92
31 93
31 94
31 94
31 95
31 96
31 97
31 98
31 98
31 99
31 100
31 100
31 99
30 98
30 97
29 96
29 95
28 94
28 93
27 92
27 91
27 90
26 89
26 88
25 87
25 86
24 85
24 84
23 83
23 82
23 81
22 80
22 79
21 78
21 77
20 76
20 75
20 74
19 73
19 72
18 71
18 70
17 69
17 68
16 67
16 66
16 65
15 64
15 63
14 62
14 61
13 60
13 59
12 58
12 57
12 57
12 58
12 59
12 60
12 60
11 59
11 58
11 58
11 58
11 58
12 57
12 56
12 56
13 55
13 54
13 54
14 53
15 52
15 52
16 51
16 51
17 51
17 51
17 52
17 53
16 54
16 55
16 56
16 57
16 58
16 59
15 60
15 61
15 62
15 62
15 63
15 64
15 65
14 66
14 67
14 68
14 69
14 69
13 70
13 70
12 71
12 71
12 71
13 71
13 71
13 70
13 70
14 69
15 69
15 69
16 68
17 67
17 67
18 66
19 65
19 65
19 66
18 67
18 68
18 69
18 70
17 71
17 72
17 73
17 73
17 74
17 75
16 76
16 77
16 78
16 79
16 79
15 80
15 81
15 81
14 81
14 81
13 82
13 82
13 82
14 82
14 82
14 81
14 81
15 80
16 79
16 79
17 78
17 77
18 76
18 76
19 75
19 74
20 73
20 73
20 72
21 71
21 70
22 69
22 68
23 67
23 66
24 65
24 64
25 63
25 62
26 61
26 60
27 59
27 58
28 57
28 56
29 55
29 54
30 53
30 52
31 51
31 50
32 49
32 48
33 47
33 46
33 45
34 44
34 43
35 42
35 41
36 40
36 39
37 38
37 37
38 36
38 35
39 34
39 33
40 32
40 31
41 30
41 29
42 28
42 27
43 26
43 25
44 24
44 23
45 22
45 21
46 20
46 19
46 19
46 20
47 21
47 22
47 23
47 23
46 23
46 23
46 22
46 21
46 21
47 20
47 20
48 19
48 19
49 18
49 17
49 17
50 16
51 15
51 15
52 14
53 14
54 13
54 13
55 12
55 11
56 10
56 10
57 9
57 8
57 8
58 7
59 7
59 7
59 7
59 7
59 7
58 7
58 7
57 7
57 7
56 6
56 5
56 5
55 5
55 5
55 4
55 4
54 4
54 4
54 4
54 5
54 5
54 6
54 6
54 7
53 8
53 9
53 9
53 10
53 11
53 11
53 12
53 13
53 14
53 14
53 15
53 16
53 17
53 18
53 18
53 19
53 20
53 21
53 22
53 22
53 23
53 24
53 25
53 25
53 26
52 27
52 28
51 29
51 30
50 31
50 32
50 32
49 32
49 32
49 32
49 32
49 32
49 33
49 34
49 35
49 35
49 36
49 36
50 37
50 37
50 38
50 38
51 39
51 39
51 40
51 40
52 41
52 41
52 40
52 39
52 38
52 38
51 37
51 37
51 36
51 35
51 35
51 35
51 34
51 33
51 33
52 32
52 32
52 31
52 30
52 30
53 29
54 28
54 28
55 27
55 26
55 26
56 25
57 25
57 25
58 24
59 24
59 24
60 23
60 23
61 23
61 23
62 23
62 23
62 24
62 24
62 25
61 26
61 27
60 28
60 29
59 30
59 31
58 32
58 33
57 34
57 35
56 36
56 37
55 38
55 39
55 39
55 40
54 41
54 42
54 42
53 43
53 43
52 43
52 43
52 44
52 44
52 44
53 43
53 43
54 42
54 41
54 41
55 40
55 39
55 39
56 38
57 37
57 37
58 36
59 35
59 35
60 34
60 34
61 33
61 33
60 34
60 35
59 36
59 37
58 38
58 39
58 39
57 40
57 40
57 41
57 41
56 41
56 41
56 42
56 43
56 43
56 44
55 45
55 46
55 47
55 47
55 48
54 49
54 50
54 50
54 51
53 52
53 53
53 54
53 54
53 55
53 56
53 57
53 58
53 58
53 59
52 60
52 61
52 62
52 62
52 63
52 64
52 65
52 66
52 66
52 67
52 68
52 68
52 69
52 69
52 68
53 67
53 66
54 65
54 64
54 63
55 62
55 61
56 60
56 59
56 58
57 57
57 56
57 55
58 54
58 53
59 52
59 51
59 51
60 50
60 49
61 48
61 47
61 47
61 46
61 46
61 46
60 46
60 46
60 47
60 48
60 49
60 49
60 50
60 51
60 52
60 53
60 53
60 54
60 55
60 56
60 57
60 57
60 58
61 59
61 60
61 60
61 61
62 62
62 63
62 63
63 64
63 64
64 64
65 64
65 64
66 63
67 62
67 62
68 61
68 60
69 59
69 59
70 58
70 57
71 56
71 56
72 55
72 54
73 53
73 53
73 52
73 51
72 50
72 49
72 48
72 47
72 46
71 45
71 44
71 43
71 42
71 41
70 40
70 39
70 38
70 37
70 36
69 35
69 34
69 33
69 32
69 31
69 30
68 29
68 28
68 27
68 26
68 25
67 24
67 23
67 22
67 21
67 20
66 19
66 18
66 17
66 17
65 18
65 18
65 17
65 17
65 17
66 16
66 15
66 15
67 14
67 13
67 13
68 12
69 11
69 11
70 11
71 10
72 10
72 10
73 9
74 8
74 8
75 7
75 6
75 6
76 5
77 5
77 5
78 4
78 4
78 3
78 3
77 3
76 3
75 3
75 3
74 2
74 1
74 1
74 0
74 0
74 0
74 0
74 1
74 1
73 2
73 2
73 3
73 4
73 5
73 5
73 6
73 7
73 8
73 8
73 9
72 10
72 11
72 11
72 12
72 13
72 14
72 14
72 15
72 16
72 17
72 17
72 18
71 19
71 20
71 20
71 21
71 22
71 23
71 23
71 24
71 25
71 25
70 26
70 27
70 27
70 27
69 27
69 27
69 27
68 28
68 28
68 28
68 28
68 29
68 29
68 30
68 31
68 31
68 32
68 32
68 33
68 34
68 34
69 35
69 35
69 36
69 36
69 37
69 37
70 37
70 37
70 36
70 36
70 35
70 35
70 34
70 34
70 33
70 32
70 32
70 31
70 31
70 30
70 29
70 29
71 28
71 27
71 27
72 26
72 25
72 25
73 24
73 23
74 22
74 22
75 21
75 20
75 20
76 19
77 18
77 18
78 17
79 17
79 17
80 16
81 16
81 16
82 16
82 16
83 16
83 16
83 17
83 17
84 18
84 18
84 19
84 20
84 20
83 21
83 22
83 22
82 23
82 24
82 24
82 25
81 26
81 27
81 27
80 28
80 29
79 30
79 31
78 32
78 33
77 34
77 35
76 36
76 36
76 36
76 36
75 37
75 37
75 38
75 39
75 39
75 40
74 41
74 42
74 42
74 43
74 44
74 45
74 46
74 46
74 47
73 48
73 49
73 50
73 50
73 51
73 52
73 53
73 53
73 54
72 55
72 56
72 57
72 57
72 58
72 59
72 59
72 60
72 61
72 62
72 62
72 63
72 64
72 64
72 65
72 65
72 65
72 64
72 63
73 62
73 61
73 60
73 59
74 58
74 57
74 56
74 55
74 54
75 53
75 52
75 51
75 50
76 49
76 48
76 47
76 47
76 46
76 45
76 44
77 43
77 42
77 41
77 40
77 40
77 39
77 38
77 38
77 38
77 38
77 38
77 38
77 39
77 39
78 40
78 40
78 41
78 42
78 43
78 43
78 44
78 45
78 46
78 46
78 47
78 48
78 49
78 50
78 50
78 51
78 52
78 53
78 53
78 54
78 55
78 56
78 56
78 57
78 58
78 59
78 59
79 60
79 61
79 61
80 61
81 61
81 61
82 62
83 62
83 62
84 61
85 61
85 61
86 60
87 60
87 60
88 59
89 59
90 58
90 58
91 57
92 57
92 57
93 56
94 55
94 55
95 54
96 53
96 53
97 52
98 51
98 51
98 50
99 49
99 48
99 48
99 47
99 46
99 45
99 44
99 44
99 43
100 42
100 41
100 40
