3 10
3 10
3 10
3 10
2 10
2 10
2 11
2 11
2 12
2 13
2 13
1 14
1 15
1 15
1 16
1 17
1 18
1 18
1 19
1 20
1 21
1 22
1 23
1 23
1 24
1 25
1 26
1 27
1 27
1 28
1 29
1 30
0 31
0 32
0 33
0 34
0 34
0 35
0 36
0 37
0 38
0 39
0 40
0 40
0 41
0 42
0 43
0 44
0 45
0 46
0 46
0 47
0 48
0 49
0 50
0 51
0 52
0 52
0 53
0 54
0 55
0 56
0 57
0 57
0 58
0 59
0 60
0 61
0 61
0 62
0 62
1 63
1 63
1 63
1 63
1 62
1 61
1 60
1 60
1 59
1 58
1 57
1 56
1 55
1 54
1 53
1 52
1 51
1 50
1 49
1 48
1 47
1 46
1 45
1 44
1 43
1 42
1 41
1 40
1 39
1 38
1 37
1 36
1 35
1 34
2 33
2 32
2 31
2 30
2 29
2 28
2 27
2 26
2 25
2 24
2 23
2 22
2 21
2 20
2 19
2 18
2 17
2 16
2 15
2 14
2 13
2 12
2 11
2 10
2 9
2 8
2 7
2 6
2 6
2 5
3 4
3 3
3 2
3 2
3 1
3 1
3 1
3 0
3 0
3 0
3 0
4 0
4 0
5 1
5 1
5 1
6 1
7 2
8 2
9 3
10 3
11 4
12 4
12 4
13 3
13 3
14 2
14 2
14 1
14 1
15 1
15 1
16 1
16 1
16 1
17 2
17 2
18 2
18 2
19 3
19 3
19 4
19 4
20 5
20 6
20 6
20 7
20 8
20 8
20 9
20 10
20 11
20 12
20 12
20 13
20 14
20 15
20 16
20 16
20 17
20 18
20 19
20 20
20 20
20 21
20 22
20 23
20 24
20 24
20 25
20 26
20 27
20 27
20 28
20 29
20 30
20 31
20 32
20 32
20 33
20 34
20 35
20 36
20 37
20 37
20 38
20 39
20 40
21 41
21 42
21 43
21 44
21 44
21 45
21 46
21 47
21 48
21 49
21 50
21 51
21 51
21 52
21 53
21 54
21 55
21 56
21 57
21 58
21 58
21 59
21 60
22 61
22 62
22 63
22 64
22 64
22 65
22 66
22 67
22 68
22 69
22 70
22 71
22 71
22 72
22 73
22 74
22 75
22 76
22 77
22 78
22 78
22 79
22 80
23 81
23 82
23 83
23 83
23 84
23 85
23 86
23 87
23 87
23 88
23 89
23 90
23 91
23 92
23 92
23 93
23 94
23 95
23 95
23 96
23 97
23 98
23 98
22 99
22 100
22 100
22 100
21 100
21 100
21 99
21 98
21 97
20 96
20 95
20 94
20 93
20 92
20 91
19 90
19 89
19 88
19 87
19 86
19 85
18 84
18 83
18 82
18 81
18 80
18 79
17 78
17 77
17 76
17 75
17 74
17 73
17 72
16 71
16 70
16 69
16 68
16 67
16 66
15 65
15 64
15 63
15 62
15 61
15 60
14 59
14 58
14 57
14 56
14 55
14 54
13 53
13 52
13 51
13 50
13 49
13 48
13 47
12 46
12 45
12 44
12 43
12 42
12 41
11 40
11 39
11 38
11 37
11 36
11 35
10 34
10 33
10 32
10 31
10 30
10 29
9 28
9 27
9 26
9 25
9 25
9 25
8 24
8 24
8 24
8 23
8 23
9 22
9 22
10 21
10 21
11 20
11 19
11 19
12 18
12 18
13 17
13 16
13 16
14 15
14 15
14 15
15 15
15 15
15 15
15 16
15 16
15 17
14 18
14 19
13 20
13 21
12 22
12 23
12 24
11 25
11 26
10 27
10 28
9 29
9 30
9 30
9 31
9 32
9 33
9 33
9 34
9 34
9 33
9 33
9 33
10 33
10 33
11 32
11 32
11 32
12 31
12 31
13 30
13 30
14 29
14 29
15 28
15 28
16 28
16 28
16 29
16 29
16 30
15 31
15 32
15 33
15 34
14 35
14 36
14 37
14 38
13 39
13 40
13 41
13 41
13 42
12 43
12 44
11 45
11 46
11 46
11 46
11 46
11 46
12 46
12 46
13 45
13 45
14 44
14 44
15 43
16 42
16 42
17 41
18 40
19 40
20 39
21 38
22 37
23 36
24 36
25 35
26 34
27 33
28 32
29 32
30 31
31 30
32 29
33 28
34 28
35 27
36 26
37 25
38 25
39 24
40 23
41 22
42 21
43 21
44 20
45 19
46 18
47 17
48 17
49 16
50 15
51 14
52 13
53 13
54 12
55 11
55 11
55 12
55 12
55 12
56 11
56 10
56 10
57 10
57 10
58 9
58 9
59 8
60 8
60 8
61 7
62 7
62 7
63 6
64 6
64 6
65 5
65 5
66 4
66 4
67 4
67 4
68 4
68 4
68 4
68 4
67 4
67 4
66 3
65 2
64 2
63 1
63 1
63 1
63 1
63 1
63 1
63 2
63 3
63 3
63 4
63 4
63 5
63 6
63 6
63 7
63 7
63 8
63 9
63 9
62 10
62 11
62 11
62 12
62 13
61 14
61 15
61 16
61 16
61 17
61 17
61 17
61 18
61 18
61 19
61 20
61 20
61 21
61 21
61 22
61 23
61 23
61 24
61 25
61 25
61 26
61 27
61 27
61 28
61 29
61 29
61 30
61 30
61 31
61 31
61 32
61 32
61 31
61 30
61 29
61 28
61 27
61 26
61 26
61 25
61 24
61 23
61 23
61 22
61 22
61 22
61 21
61 21
62 21
62 21
62 20
62 20
63 19
63 19
64 18
64 18
65 17
65 17
66 17
66 17
67 17
67 17
67 17
67 18
67 18
67 19
67 19
66 20
66 20
65 21
65 22
65 22
64 23
64 23
63 24
63 25
63 25
62 26
62 26
61 27
61 27
61 28
61 28
61 28
61 28
61 28
61 27
61 27
62 26
62 26
63 25
63 25
64 25
64 25
65 24
65 24
65 24
65 24
65 25
65 25
65 26
65 26
64 27
64 28
64 28
63 29
63 30
63 30
62 31
62 32
62 32
61 33
61 34
61 34
60 35
60 35
60 36
60 36
60 36
60 36
60 35
61 34
61 33
62 32
62 31
62 30
63 29
63 28
64 27
64 26
64 26
65 26
65 26
65 26
65 26
65 27
65 27
65 28
65 28
65 29
65 30
65 30
65 31
65 32
65 32
65 33
65 33
66 34
66 35
66 35
66 36
66 36
67 37
68 37
68 37
69 37
69 37
70 36
70 36
71 35
71 34
71 34
72 33
72 33
72 32
72 31
72 30
73 29
73 28
73 27
73 26
73 25
73 24
73 23
73 22
74 21
74 20
74 19
74 18
74 17
74 17
73 16
73 16
73 15
73 15
74 14
74 14
74 13
74 13
75 12
75 12
76 12
76 12
77 11
78 10
78 10
79 9
79 8
79 8
80 7
81 7
81 7
82 6
82 6
83 6
83 6
84 5
84 5
84 5
84 5
84 5
83 6
83 6
82 5
81 4
80 4
79 3
78 2
78 2
78 1
78 1
78 1
79 2
79 2
79 3
79 3
79 4
79 4
79 5
79 6
79 6
79 7
79 8
79 9
79 9
79 10
79 11
79 11
79 12
79 13
79 14
79 14
78 15
78 16
78 16
78 17
78 18
78 18
77 18
76 18
75 18
75 18
75 18
75 18
75 18
75 18
75 19
75 20
75 20
75 21
75 22
75 22
75 23
75 24
75 24
75 25
75 25
75 26
75 27
75 27
75 28
75 28
76 29
76 29
76 30
76 30
76 29
76 28
76 27
76 26
76 25
76 25
76 24
76 23
76 23
76 22
76 22
76 21
76 21
76 21
77 20
77 20
78 20
78 20
78 19
78 19
79 18
79 18
80 18
80 18
81 18
81 18
81 19
81 19
81 19
81 20
81 20
81 21
81 21
81 22
81 23
81 23
80 24
80 24
79 25
79 26
79 26
78 27
78 27
77 28
77 29
77 29
76 30
76 30
75 30
75 30
75 30
75 30
75 30
75 30
76 29
76 29
76 28
76 28
77 27
77 27
78 26
78 26
79 26
79 26
79 26
79 27
79 27
79 28
79 28
78 29
78 30
78 30
77 31
77 32
77 32
76 33
76 34
76 34
76 35
75 36
75 37
75 37
74 38
74 39
74 39
74 40
74 41
74 41
73 42
73 42
74 42
74 42
74 42
74 41
74 41
74 40
75 39
75 38
75 37
76 36
76 35
77 34
77 33
77 32
78 31
78 30
78 30
79 29
79 28
79 28
79 28
80 28
80 28
80 28
80 29
80 29
80 29
80 30
80 30
80 31
80 32
80 32
81 33
81 33
81 34
81 35
81 35
81 36
81 37
81 37
81 38
81 38
82 39
82 40
82 40
83 41
83 41
84 42
84 42
85 42
85 42
86 43
86 43
87 43
88 43
88 43
89 43
90 43
90 43
91 42
92 42
92 42
93 41
93 41
94 40
95 39
95 39
96 38
97 38
97 38
98 37
98 37
99 36
99 35
99 35
100 34
