5 16
5 17
5 18
5 19
5 19
5 18
5 17
5 17
5 18
4 19
4 20
4 20
4 21
4 22
4 23
4 24
4 25
4 25
4 26
4 27
4 28
3 29
3 30
3 31
3 32
3 33
3 33
3 34
3 35
3 36
3 37
2 38
2 39
2 40
2 41
2 42
2 43
2 43
2 44
2 45
2 46
2 47
2 48
2 49
2 50
2 51
2 52
2 53
2 53
2 54
2 55
2 56
2 57
2 58
1 59
1 60
1 61
1 62
1 63
1 64
1 65
1 65
1 66
1 67
1 68
1 69
1 70
1 71
1 72
1 73
1 74
1 75
1 76
1 76
1 77
1 78
1 79
1 80
1 81
1 82
1 83
1 84
1 85
1 86
1 86
1 87
1 88
1 89
1 90
0 91
0 92
0 93
0 94
0 95
0 95
0 96
0 97
0 98
0 99
0 100
0 100
0 99
0 98
0 97
0 96
0 95
0 94
0 93
0 92
0 91
0 90
0 89
0 88
0 87
0 86
0 85
0 84
0 83
1 82
1 81
1 80
1 79
1 78
1 77
1 76
1 75
1 74
1 73
1 72
1 71
1 70
1 69
1 68
1 67
1 66
1 65
1 65
1 64
1 63
1 62
1 61
1 60
1 59
1 58
2 57
2 56
2 55
2 54
2 53
2 52
2 51
2 50
2 50
2 49
2 48
3 47
3 46
3 45
3 44
3 44
3 44
3 45
3 46
3 46
3 47
3 48
3 49
3 50
3 51
3 52
3 52
3 53
3 54
3 55
4 56
4 57
4 58
4 59
4 60
4 60
4 61
4 62
4 63
4 64
4 65
4 66
4 67
4 68
4 69
4 70
4 70
4 71
4 72
4 73
4 74
5 75
5 76
5 77
5 78
5 79
5 80
5 80
5 81
5 82
6 83
6 84
6 85
6 86
6 86
6 87
7 88
7 89
7 90
7 90
8 91
8 91
9 90
9 89
9 89
9 88
9 87
10 86
10 85
10 84
10 84
10 83
10 82
10 81
11 80
11 79
11 78
11 77
11 76
11 76
11 75
11 74
11 73
11 72
11 71
12 70
12 69
12 68
12 67
12 66
12 65
12 64
12 64
12 63
12 62
12 61
13 60
13 59
13 58
13 57
13 56
13 55
14 54
14 53
14 52
14 51
14 51
14 50
14 49
14 48
14 47
14 46
14 45
14 44
15 43
15 42
15 41
15 40
15 39
15 38
15 37
15 36
15 36
15 35
15 34
15 33
15 32
15 31
15 30
16 29
16 28
16 27
16 26
16 25
16 24
16 23
16 23
16 22
16 21
16 20
16 19
17 18
17 17
17 16
17 15
17 14
17 13
17 13
17 12
17 11
17 10
17 9
17 9
17 10
17 10
17 11
17 12
17 13
17 14
17 14
17 15
17 16
17 17
17 18
17 19
17 20
17 21
17 22
17 23
17 23
17 24
17 25
17 26
17 27
17 28
17 29
17 30
17 31
17 32
17 33
17 34
17 34
17 35
17 36
17 37
17 38
17 39
18 40
18 41
18 42
18 43
18 44
18 45
18 46
18 46
18 47
18 48
18 49
18 50
18 51
18 52
18 53
18 54
18 55
18 56
18 57
18 58
18 58
18 59
18 60
18 61
18 62
19 63
19 64
19 65
19 66
19 67
19 67
19 68
19 69
19 70
19 71
19 72
19 73
19 74
19 75
19 75
19 74
19 73
20 72
20 71
20 70
20 69
21 68
21 67
21 66
21 65
22 64
22 63
22 62
22 61
23 60
23 59
23 58
23 57
24 56
24 55
24 54
24 54
24 55
24 56
25 57
25 58
25 59
25 60
25 60
25 60
24 61
24 62
24 62
24 63
24 64
24 65
24 65
24 66
24 67
24 68
24 69
24 70
24 71
24 71
24 72
24 73
24 74
24 75
24 76
24 76
24 77
25 78
25 79
25 80
25 80
25 81
25 82
25 82
26 82
26 82
27 81
27 81
27 80
27 79
27 78
27 78
27 77
27 76
28 75
28 74
28 73
28 72
28 72
28 71
28 70
28 69
28 68
28 67
28 66
28 65
28 65
28 64
28 63
28 62
28 61
28 60
28 59
28 58
28 57
28 56
28 56
28 55
28 54
28 53
28 52
28 51
28 50
28 49
28 48
28 48
28 47
27 46
27 45
27 44
27 44
27 43
26 42
26 41
26 41
25 42
25 42
25 43
24 44
24 45
24 46
24 46
24 47
24 48
23 49
23 50
23 51
23 52
23 52
23 53
23 54
23 55
22 56
22 57
22 58
22 59
22 59
22 60
22 61
22 62
22 63
22 64
22 64
22 65
22 66
22 67
22 68
22 68
22 69
22 70
22 70
23 71
23 71
24 70
24 70
24 69
25 68
25 67
25 67
25 66
26 65
26 64
26 63
27 62
27 61
27 61
27 60
28 59
28 58
28 57
28 56
29 55
29 54
29 53
29 53
29 52
29 51
29 50
30 49
30 48
30 47
30 46
30 45
30 45
30 44
31 43
31 42
31 41
32 40
32 39
32 39
32 38
32 37
33 36
33 35
33 34
33 33
33 33
33 32
33 31
33 30
33 30
33 29
33 29
33 29
33 29
33 29
32 29
32 29
32 29
32 29
32 30
32 30
32 31
32 31
33 32
33 33
33 33
33 34
33 35
33 35
33 36
34 37
34 38
34 38
35 39
35 40
35 40
36 41
36 41
37 42
37 43
37 43
37 44
37 45
37 45
37 46
37 47
37 48
37 48
37 49
37 50
37 51
37 51
37 52
37 53
37 54
37 55
37 56
37 56
37 57
37 58
36 59
36 60
36 61
36 62
36 62
36 63
36 64
36 65
36 66
36 67
36 67
36 68
36 69
35 70
35 71
35 72
35 72
35 73
36 74
36 75
36 75
36 76
36 77
36 77
37 78
37 78
38 77
38 77
39 76
39 75
40 74
40 73
40 73
40 72
40 71
41 70
41 69
41 68
41 68
41 67
42 66
42 65
42 64
43 63
43 62
43 62
43 61
44 60
44 59
44 58
44 57
45 56
45 55
45 55
45 54
46 53
46 52
46 51
46 50
47 49
47 48
47 48
47 47
48 46
48 45
48 44
48 44
48 43
48 42
48 42
48 42
48 43
48 43
48 44
47 45
47 46
47 46
47 47
47 48
47 49
47 50
47 50
47 51
47 52
47 53
46 54
46 55
46 56
46 57
46 57
46 58
46 59
45 60
45 61
45 62
45 62
45 63
45 64
44 65
44 66
44 67
44 67
44 68
44 69
44 69
44 70
44 70
44 69
44 69
45 68
45 67
45 67
45 66
45 65
46 64
46 63
46 62
46 62
46 61
46 60
47 59
47 58
47 57
47 56
47 56
47 55
47 54
47 53
47 52
48 51
48 50
48 49
48 48
48 47
48 46
48 46
48 45
48 44
48 43
48 42
48 41
49 40
49 39
49 38
49 37
49 36
49 35
49 35
49 34
49 33
50 32
50 31
50 30
50 29
50 28
50 27
51 26
51 25
51 24
51 23
51 23
51 22
51 21
51 20
51 19
51 18
52 17
52 16
52 15
52 14
52 13
52 12
52 12
52 11
52 10
52 9
52 8
52 7
52 6
52 6
52 5
53 4
53 3
53 3
52 4
52 4
52 5
52 6
52 7
52 7
52 8
52 9
51 10
51 11
51 12
51 13
51 13
51 14
51 15
51 16
51 17
50 18
50 19
50 20
50 21
50 22
50 22
50 23
50 24
50 25
50 26
49 27
49 28
49 29
49 30
49 31
49 32
49 32
49 33
49 34
49 35
49 36
49 37
48 38
48 39
48 40
48 41
48 42
48 43
48 44
48 44
48 45
48 46
48 47
48 48
48 49
47 50
47 51
47 52
47 53
47 54
47 55
47 55
47 56
47 57
47 58
47 59
47 60
47 61
47 62
47 62
47 63
47 64
48 65
48 66
48 67
48 68
48 68
48 69
48 70
48 71
48 72
48 72
49 73
49 73
50 73
51 73
51 73
52 72
53 71
53 71
53 70
54 69
54 68
55 67
55 66
55 66
55 65
56 64
56 63
56 62
57 61
57 60
57 60
57 59
57 58
58 57
58 56
58 55
58 54
59 53
59 52
59 51
59 51
59 50
59 49
59 48
60 47
60 46
60 45
60 44
60 43
60 43
60 42
60 41
61 40
61 39
61 38
61 37
62 36
62 35
62 34
62 34
62 33
62 32
62 31
62 30
62 30
63 29
63 29
62 29
62 29
62 30
61 31
61 32
61 32
61 33
61 34
60 35
60 36
60 37
60 38
60 38
60 39
59 40
59 41
59 42
59 43
58 44
58 45
58 45
58 46
58 47
58 48
57 49
57 50
57 51
57 52
57 52
57 53
57 54
56 55
56 56
56 57
56 58
56 58
56 59
56 60
56 61
56 62
56 63
56 63
56 64
56 65
56 66
56 67
56 67
57 68
57 68
58 69
59 69
59 69
60 68
61 68
61 68
62 67
63 66
63 66
63 65
64 64
64 63
65 62
65 61
66 60
66 59
67 58
67 57
67 56
68 55
68 54
69 53
69 52
70 51
70 50
71 49
71 48
72 47
72 46
72 45
73 44
73 43
74 42
74 41
75 40
75 39
76 38
76 37
76 37
76 36
76 36
76 35
76 34
76 33
76 33
76 32
75 31
75 30
75 29
75 29
74 30
74 30
73 31
73 32
73 32
73 33
72 34
72 35
72 35
72 36
72 37
72 38
71 39
71 40
71 41
71 42
71 42
71 43
71 44
71 45
70 46
70 47
70 48
70 49
70 49
70 50
70 51
70 52
70 53
69 54
69 55
69 56
69 57
69 58
69 58
69 59
69 60
69 61
69 62
69 63
69 64
69 65
69 65
69 66
69 67
69 68
69 69
69 69
69 70
70 71
70 72
70 72
71 73
71 74
71 74
72 73
72 73
73 72
74 71
74 71
75 70
75 69
76 68
76 68
76 67
77 66
77 65
78 64
78 63
78 63
78 62
79 61
79 60
80 59
80 58
80 58
80 57
81 56
81 55
82 54
82 53
82 53
83 52
83 51
84 50
84 50
84 49
85 48
85 47
85 47
86 46
86 45
86 45
86 44
86 43
86 43
86 42
86 42
86 41
86 40
86 40
86 39
86 38
86 37
86 37
85 36
85 35
85 35
84 34
84 34
83 34
83 34
82 35
82 35
81 36
81 37
80 38
80 38
80 39
80 40
79 41
79 42
79 43
79 43
79 44
78 45
78 46
78 47
78 48
77 49
77 50
77 50
77 51
77 52
76 53
76 54
76 55
76 55
76 56
76 57
75 58
75 59
75 60
75 61
75 61
75 62
75 63
75 63
76 64
76 64
76 64
77 63
77 63
77 62
78 61
78 60
78 60
78 59
79 58
79 57
80 56
80 55
80 55
80 54
81 53
81 52
81 51
81 51
82 50
82 49
82 49
82 48
82 48
82 49
82 50
82 51
82 51
82 52
82 53
82 54
82 55
82 55
82 56
82 57
82 58
82 59
82 60
82 61
82 61
82 62
82 63
82 64
82 65
82 66
82 66
82 67
83 68
83 69
83 69
84 70
84 71
84 71
85 71
85 71
86 70
86 69
86 69
86 68
87 67
87 66
87 66
87 65
88 64
88 63
89 62
89 61
89 61
89 60
89 59
89 58
90 57
90 56
90 55
90 54
90 54
90 53
90 52
91 51
91 50
91 49
91 48
91 48
91 47
92 46
92 45
92 44
92 44
93 43
93 43
93 43
94 44
94 45
94 45
94 46
95 47
95 48
95 48
95 49
95 50
95 51
95 52
95 52
96 53
96 54
97 55
97 55
97 56
97 57
97 57
98 58
98 59
98 59
99 59
99 59
99 58
99 57
99 57
99 56
100 55
100 54
100 54
100 53
100 52
100 51
100 50
100 49
100 48
100 47
100 46
100 45
100 44
100 43
100 42
100 41
99 40
99 39
99 38
99 37
99 36
99 35
99 34
99 33
99 32
99 31
99 30
99 29
99 28
99 27
99 26
99 25
99 24
99 23
99 22
99 21
99 20
99 19
99 18
99 17
99 16
99 15
98 14
98 13
98 12
98 11
98 10
98 9
98 8
98 7
98 6
98 5
98 4
98 3
98 2
98 1
98 1
98 2
98 3
98 4
98 5
98 6
98 7
98 8
98 9
98 10
98 10
98 11
98 12
98 12
97 11
97 10
