15 11
14 12
13 13
13 13
12 12
12 12
12 11
11 10
11 9
11 9
10 8
10 8
10 9
10 10
10 10
10 11
9 12
9 13
9 13
9 14
9 15
9 16
8 17
8 18
8 19
8 20
8 21
8 21
8 22
8 23
8 24
8 25
7 26
7 27
7 28
7 29
7 30
7 31
7 31
7 32
7 33
6 34
6 35
6 36
6 37
6 38
6 39
5 40
5 41
5 42
5 42
5 43
5 44
5 45
5 46
5 47
5 48
4 49
4 50
4 51
4 52
4 53
4 54
4 55
4 56
4 56
4 57
4 58
4 59
3 60
3 61
3 62
3 63
3 64
3 65
3 66
2 67
2 68
2 69
2 70
2 70
2 71
2 72
2 73
2 74
2 75
2 76
1 77
1 78
1 79
1 80
1 81
1 82
1 83
1 84
1 84
1 85
1 86
1 87
1 88
0 89
0 90
0 91
0 92
0 93
0 94
0 94
0 95
0 96
0 97
0 98
0 99
0 100
0 100
0 99
0 98
0 97
0 96
0 95
0 94
0 93
0 92
1 91
1 90
1 89
1 88
1 87
1 86
1 85
1 84
1 83
1 82
1 81
1 80
1 79
1 78
1 77
1 76
1 75
1 74
2 73
2 72
2 71
2 70
2 69
2 68
2 67
2 66
2 65
2 64
2 63
2 62
2 61
2 60
2 59
2 58
2 57
2 56
3 55
3 54
3 53
3 52
3 51
3 50
3 49
3 48
3 47
3 46
3 46
4 46
5 47
6 47
6 47
6 46
7 45
7 44
7 43
7 43
6 44
6 45
6 45
6 46
6 47
6 48
6 49
6 49
6 50
6 51
6 52
7 53
7 54
7 55
7 56
7 56
7 57
7 58
7 59
7 60
7 61
7 62
7 63
7 64
7 65
7 65
7 66
7 67
7 68
8 69
8 70
8 71
8 72
8 73
8 73
8 74
8 75
9 76
9 77
9 78
9 79
9 79
9 80
10 81
10 82
10 82
11 83
11 83
12 83
12 83
12 82
13 81
13 80
13 80
13 79
13 78
13 77
13 76
13 75
13 75
13 74
13 73
13 72
14 71
14 70
14 69
14 68
14 67
14 67
14 66
14 65
15 64
15 63
15 62
15 61
15 60
16 59
16 58
16 57
16 57
16 56
16 55
16 54
16 53
16 52
16 51
17 50
17 49
17 48
17 47
17 46
17 45
17 44
17 44
17 43
17 42
17 41
17 40
17 39
17 38
18 37
18 36
18 35
18 34
18 33
18 32
18 31
18 31
18 30
18 29
18 28
18 27
18 26
18 25
19 24
19 23
19 22
19 21
19 20
19 19
19 18
19 17
19 17
19 16
19 15
19 14
19 13
20 12
20 11
20 10
20 9
20 8
20 8
20 7
20 6
20 5
20 4
20 3
20 2
20 2
20 1
20 0
20 0
20 1
20 1
20 2
20 3
20 4
20 4
20 5
20 6
20 7
20 8
20 9
20 10
20 10
20 11
20 12
20 13
20 14
20 15
20 16
20 17
20 18
20 19
20 20
20 20
20 21
20 22
20 23
20 24
20 25
20 26
20 27
20 28
20 29
20 30
20 31
20 32
20 32
20 33
20 34
20 35
20 36
20 37
20 38
20 39
20 40
20 41
20 42
20 43
20 44
20 44
20 45
20 46
20 47
20 48
20 49
20 50
20 51
20 52
20 53
20 54
20 55
20 55
20 56
20 57
20 58
20 59
20 60
20 61
20 62
20 63
20 64
20 65
20 65
20 66
20 67
20 68
20 69
20 70
20 71
20 72
20 73
20 73
20 74
20 75
20 76
20 77
20 78
20 79
20 80
20 80
20 81
20 82
20 83
20 84
20 85
20 85
20 84
21 83
21 82
21 81
21 80
22 79
22 78
22 77
23 76
23 75
23 74
24 73
24 72
24 71
24 70
25 69
25 68
25 67
26 66
26 65
26 64
27 63
27 62
27 61
27 60
28 59
28 58
28 58
29 57
29 57
29 56
28 55
28 54
28 54
28 53
28 53
28 54
28 54
28 55
28 56
28 56
28 57
28 58
28 59
28 60
28 60
28 61
28 62
28 63
28 64
28 65
28 66
28 66
28 67
28 68
28 69
28 70
28 71
28 72
28 72
28 73
28 74
28 75
28 76
28 77
28 78
28 79
28 79
28 80
28 81
28 82
28 83
28 84
28 84
28 85
29 86
29 87
29 87
29 88
29 88
30 87
30 87
31 86
31 85
31 85
31 84
32 83
32 82
32 81
32 81
32 80
32 79
33 78
33 77
33 76
33 75
33 75
33 74
33 73
33 72
33 71
33 70
33 69
33 68
33 67
33 67
33 66
33 65
33 64
33 63
34 62
34 61
34 60
34 59
34 58
34 58
34 57
34 56
34 55
34 54
34 53
34 52
34 51
34 50
34 50
34 49
34 48
34 47
33 46
33 45
33 44
33 43
33 43
33 42
32 41
32 40
32 39
32 39
31 38
31 38
30 39
30 39
29 40
29 41
28 42
28 43
28 43
28 44
27 45
27 46
27 47
27 47
27 48
26 49
26 50
26 51
26 51
26 52
26 53
26 54
26 55
26 55
26 56
26 57
26 58
26 59
26 59
26 60
27 61
27 62
27 62
28 63
28 63
29 63
30 63
30 63
31 62
31 61
31 61
32 60
32 59
33 58
33 57
33 57
33 56
34 55
34 54
35 53
35 52
35 52
35 51
36 50
36 49
36 48
37 47
37 46
37 46
37 45
37 44
38 43
38 42
38 41
38 41
38 40
39 39
39 38
39 37
39 37
39 36
39 35
39 34
39 33
39 33
39 32
39 31
39 30
39 30
39 29
39 28
39 28
39 27
39 26
39 26
39 26
39 26
39 26
39 26
39 26
39 27
39 27
39 28
39 28
40 29
40 29
40 30
40 30
40 31
40 32
40 32
41 33
41 34
41 34
41 35
41 36
41 37
41 37
42 38
42 39
42 39
42 40
43 41
43 42
43 42
43 43
43 44
43 45
43 45
43 46
43 47
43 48
43 48
43 49
43 50
43 51
43 52
43 52
43 53
43 54
43 55
43 56
43 57
43 57
43 58
43 59
43 60
43 61
43 62
43 63
43 64
43 64
43 65
43 66
42 67
42 68
42 69
42 70
42 70
42 71
42 72
42 73
41 74
41 75
41 76
41 77
41 77
41 78
41 79
41 80
41 81
41 81
41 82
41 83
41 84
41 84
41 85
41 86
41 86
42 87
42 87
43 88
43 88
44 87
45 86
45 86
46 85
46 84
47 83
47 83
48 82
48 81
49 80
49 79
49 79
49 78
50 77
50 76
50 75
51 74
51 73
51 73
51 72
51 71
51 70
52 69
52 68
52 67
52 66
52 66
52 65
53 64
53 63
53 62
53 61
54 60
54 59
54 58
54 58
54 57
54 56
55 55
55 54
55 53
55 52
55 52
55 51
55 50
55 49
55 49
55 48
55 48
55 48
55 49
54 50
54 51
54 52
54 52
54 53
54 54
53 55
53 56
53 57
53 57
53 58
53 59
53 60
52 61
52 62
52 63
52 64
52 65
52 65
52 66
52 67
52 68
51 69
51 70
51 71
51 72
51 73
51 73
51 74
51 75
51 76
51 77
51 78
51 79
51 80
51 81
51 81
51 82
50 83
50 84
50 85
50 85
51 86
51 87
51 87
51 87
52 86
52 86
52 85
53 84
53 83
53 83
53 82
53 81
54 80
54 79
54 78
54 77
54 77
54 76
54 75
54 74
54 73
55 72
55 71
55 70
55 69
55 68
55 68
55 67
55 66
55 65
55 64
55 63
56 62
56 61
56 60
56 59
56 58
56 57
56 57
56 56
56 55
56 54
56 53
56 52
57 51
57 50
57 49
57 48
57 47
57 46
57 45
57 45
57 44
57 43
57 42
57 41
57 40
58 39
58 38
58 37
58 36
58 35
58 34
58 33
58 33
58 32
58 31
58 30
59 29
59 28
59 27
59 26
59 25
59 25
59 24
59 23
59 22
59 21
59 20
59 19
59 19
59 18
59 17
59 17
59 17
58 18
58 18
58 19
58 20
58 21
58 21
58 22
58 23
57 24
57 25
57 26
57 26
57 27
57 28
57 29
56 30
56 31
56 32
56 33
56 33
56 34
56 35
56 36
56 37
55 38
55 39
55 40
55 41
55 42
55 42
55 43
55 44
55 45
55 46
55 47
55 48
55 49
55 50
55 51
55 51
55 52
55 53
55 54
55 55
54 56
54 57
54 58
54 59
54 60
54 60
54 61
54 62
54 63
54 64
54 65
54 66
54 67
54 68
54 68
54 69
54 70
54 71
54 72
54 73
54 74
54 75
54 75
54 76
54 77
54 78
54 79
54 80
54 80
54 81
55 82
55 83
55 83
56 84
56 85
56 85
57 85
58 85
58 85
59 84
59 83
59 83
60 82
60 81
61 80
61 80
61 79
62 78
62 77
63 76
63 75
63 75
63 74
64 73
64 72
64 71
65 70
65 69
65 69
65 68
65 67
66 66
66 65
66 64
66 63
66 63
66 62
67 61
67 60
68 59
68 58
68 58
68 57
68 56
68 55
68 54
68 54
68 53
69 52
69 51
69 51
69 50
69 49
69 49
68 49
68 49
68 49
67 50
67 51
67 51
67 52
66 53
66 54
66 55
66 55
66 56
66 57
65 58
65 59
65 60
65 60
65 61
65 62
64 63
64 64
64 65
64 66
64 66
64 67
64 68
63 69
63 70
63 71
63 72
63 72
63 73
63 74
62 75
62 76
62 77
62 77
62 78
62 79
62 80
62 81
62 81
62 82
62 83
62 84
62 84
63 85
63 86
63 86
64 87
65 87
65 87
66 86
66 86
67 85
67 84
68 83
68 82
69 81
69 80
70 79
70 78
71 77
71 76
72 75
72 74
73 73
73 72
74 71
74 70
75 69
75 68
76 67
76 66
77 65
77 64
78 63
78 62
79 61
79 60
79 60
79 59
79 58
79 57
79 56
79 55
79 54
79 53
79 53
79 52
79 51
79 50
79 50
78 49
78 48
78 48
78 48
77 48
77 48
76 49
76 50
76 50
76 51
75 52
75 53
75 53
75 54
75 55
75 56
75 57
75 57
75 58
75 59
74 60
74 61
74 62
74 62
74 63
74 64
73 65
73 66
73 67
73 67
73 68
73 69
73 70
73 71
73 72
73 73
73 73
73 74
73 75
73 76
73 77
73 78
73 79
73 79
73 80
73 81
73 82
73 83
73 83
73 84
73 85
73 86
73 86
74 87
74 88
74 88
75 89
76 89
76 89
77 88
77 88
78 87
79 87
79 87
80 86
80 85
81 84
81 84
82 83
82 82
83 81
83 80
83 80
84 79
84 78
85 77
85 77
85 76
86 75
86 74
86 73
86 73
86 72
87 71
87 70
87 70
88 69
88 68
88 68
88 67
88 66
88 66
88 65
89 64
89 63
89 63
89 62
89 61
89 61
89 60
89 59
89 59
89 58
89 57
89 57
89 56
89 55
89 55
88 54
88 54
88 53
88 53
87 54
86 54
86 54
86 55
85 56
85 57
85 58
85 58
85 59
85 60
84 61
84 62
84 63
84 63
84 64
83 65
83 66
83 67
83 68
82 69
82 70
82 70
82 71
82 72
81 73
81 74
81 75
81 76
81 76
81 77
81 78
80 79
80 80
80 81
80 81
80 82
80 83
80 84
80 84
80 85
80 85
81 85
81 85
82 84
82 84
82 83
83 82
83 81
83 81
84 80
84 79
85 78
85 77
85 77
85 76
85 75
86 74
86 73
86 72
86 72
87 71
87 70
87 70
87 69
87 69
87 70
87 70
87 71
87 72
87 72
87 73
87 74
87 75
87 75
87 76
88 77
88 78
88 78
88 79
88 80
88 80
89 80
89 80
90 79
91 79
91 79
92 78
92 77
92 77
93 76
93 75
94 74
94 73
94 73
94 72
95 71
95 70
95 69
95 69
95 68
95 67
95 66
95 65
95 65
95 64
96 63
96 62
96 61
96 61
96 60
96 60
96 59
96 59
96 59
96 60
96 61
96 61
96 62
96 63
96 63
96 64
96 65
96 65
96 66
96 67
96 68
96 68
96 69
96 70
96 71
96 71
96 72
96 73
96 74
96 74
96 75
96 76
96 77
96 77
96 78
96 78
96 79
96 79
96 79
97 78
97 77
97 77
97 76
98 75
98 74
98 74
98 73
98 72
98 71
98 70
98 69
98 68
98 67
98 66
98 65
98 64
98 63
98 62
99 61
99 60
99 59
99 58
99 57
99 56
99 55
99 54
99 53
99 52
99 51
99 50
99 49
99 48
99 47
99 46
99 45
99 44
99 43
99 42
99 41
99 40
99 39
99 38
99 37
99 36
100 35
100 34
100 33
100 32
100 31
100 30
100 29
100 28
100 27
100 26
100 25
100 24
100 23
100 23
100 24
99 25
99 26
99 26
99 26
98 25
98 25
98 26
98 26
97 27
97 27
97 28
