8 13
8 14
8 15
8 15
8 14
8 13
8 13
8 14
8 15
8 15
8 16
8 17
7 18
7 19
7 20
7 20
7 21
7 22
7 23
7 24
6 25
6 26
6 27
6 28
6 29
6 30
6 30
6 31
6 32
6 33
6 34
6 35
6 36
5 37
5 38
5 39
5 40
5 41
5 42
5 43
5 43
5 44
5 45
5 46
4 47
4 48
4 49
4 50
4 51
4 52
4 53
4 54
3 55
3 56
3 57
3 58
3 59
3 59
3 60
3 61
3 62
3 63
3 64
3 65
3 66
2 67
2 68
2 69
2 70
2 71
2 72
2 73
2 74
2 75
2 75
2 76
2 77
1 78
1 79
1 80
1 81
1 82
1 83
0 84
0 85
0 86
0 87
0 87
0 88
0 89
0 90
0 91
0 92
0 93
0 94
0 95
0 96
0 97
0 97
0 98
0 99
0 100
0 100
0 100
0 99
0 99
0 98
0 97
0 96
0 95
0 94
0 93
1 92
1 91
1 90
1 89
1 88
1 87
1 86
1 85
1 84
1 83
1 82
1 81
1 80
2 79
2 78
2 77
2 76
2 75
2 74
2 73
2 72
2 71
2 70
2 69
2 68
2 67
2 66
3 65
3 64
3 63
3 62
3 61
3 60
3 59
3 58
3 57
3 56
3 55
3 54
3 53
4 52
4 51
4 50
4 49
4 48
4 47
4 46
4 46
4 45
4 44
5 43
5 42
5 41
5 40
5 39
5 38
6 37
6 36
6 35
6 34
6 34
6 33
6 32
6 32
6 31
6 31
6 32
6 33
6 34
6 34
6 35
6 36
6 37
6 38
6 39
6 40
6 41
6 42
6 42
6 43
6 44
6 45
6 46
6 47
7 48
7 49
7 50
7 51
7 52
7 53
7 53
7 54
7 55
7 56
7 57
7 58
7 59
7 60
7 61
7 62
7 63
7 64
7 65
7 66
7 67
7 67
7 68
7 69
7 70
8 71
8 72
8 73
8 74
8 75
8 75
8 76
8 77
9 78
9 79
9 80
9 81
9 81
10 82
10 82
11 81
11 80
12 79
12 79
12 78
12 77
13 76
13 75
13 74
13 74
13 73
13 72
13 71
13 70
14 69
14 68
14 67
14 66
14 65
14 65
14 64
14 63
14 62
14 61
14 60
15 59
15 58
15 57
15 56
15 55
15 54
15 54
15 53
15 52
16 51
16 50
16 49
16 48
16 47
16 46
17 45
17 44
17 43
17 42
17 42
17 41
17 40
17 39
17 38
17 37
17 36
18 35
18 34
18 33
18 32
18 31
18 30
18 29
18 29
18 28
18 27
18 26
18 25
19 24
19 23
19 22
19 21
19 20
19 19
19 19
19 18
19 17
19 16
19 15
19 14
19 13
19 12
19 12
19 11
19 11
19 12
19 13
19 14
19 14
19 15
19 16
19 17
19 18
19 19
19 19
19 20
19 21
19 22
19 23
19 24
19 25
19 26
19 27
19 28
19 28
19 29
19 30
19 31
19 32
19 33
19 34
19 35
19 36
19 37
19 38
19 39
19 40
19 40
19 41
19 42
19 43
19 44
19 45
19 46
19 47
19 48
19 49
19 50
19 51
19 51
19 52
19 53
19 54
19 55
19 56
19 57
19 58
19 59
19 60
19 61
19 61
19 62
19 63
19 64
20 65
20 66
20 67
20 68
20 68
20 69
20 70
21 71
21 72
21 73
21 73
21 72
21 71
22 70
22 69
22 68
22 67
23 66
23 65
23 64
23 63
24 62
24 61
24 60
24 59
24 58
25 57
25 56
25 55
25 54
26 53
26 52
26 51
26 50
27 49
27 48
27 47
27 47
28 47
28 47
27 47
27 47
27 46
27 46
27 47
27 48
27 49
27 50
27 50
27 51
27 52
27 53
27 54
27 55
27 56
27 57
27 58
27 58
27 59
27 60
27 61
27 62
27 63
27 64
27 65
27 66
27 66
27 67
27 68
28 69
28 70
28 71
28 71
29 72
29 72
30 72
30 72
30 71
30 70
30 69
30 69
30 68
31 67
31 66
31 65
31 65
31 64
31 63
31 62
31 61
31 60
31 59
31 59
31 58
31 57
31 56
31 55
31 54
31 53
31 52
31 51
31 51
31 50
31 49
31 48
31 47
31 46
31 45
31 44
31 44
31 43
31 42
30 41
30 40
30 39
30 38
30 38
30 37
29 36
29 35
29 35
28 36
28 36
28 37
27 38
27 39
27 40
27 40
27 41
26 42
26 43
26 44
25 45
25 46
25 46
25 47
25 48
24 49
24 50
24 51
24 51
24 52
24 53
24 54
24 55
24 56
24 56
24 57
24 58
24 59
24 59
24 59
25 59
26 59
26 59
26 58
26 57
27 56
27 55
27 54
27 54
27 53
28 52
28 51
28 50
29 49
29 48
29 48
29 47
30 46
30 45
30 44
30 43
31 42
31 41
31 41
31 40
31 39
32 38
32 37
32 36
32 35
33 34
33 33
33 32
33 32
33 31
34 30
34 29
34 28
34 27
35 26
35 25
35 25
35 24
36 23
36 22
36 21
36 21
36 20
37 19
37 18
37 18
37 17
37 17
36 18
36 18
36 18
35 19
35 20
35 20
35 21
35 21
34 22
34 23
34 23
34 23
34 24
34 24
35 25
35 25
35 26
35 27
35 27
36 28
36 29
36 29
36 30
37 31
37 32
37 33
37 33
37 34
38 35
38 36
38 36
38 37
39 38
39 39
39 40
39 40
39 41
39 42
39 43
39 44
39 44
39 45
39 46
39 47
39 48
39 49
39 49
39 50
39 51
38 52
38 53
38 54
38 54
38 55
38 56
38 57
38 58
38 59
38 59
38 60
38 61
37 62
37 63
37 64
37 65
37 65
37 66
37 67
37 68
37 69
37 69
37 70
38 71
38 72
38 72
38 73
39 74
39 75
39 75
40 76
40 77
40 77
41 77
41 77
41 76
42 75
42 74
42 73
43 72
43 71
43 70
44 69
44 68
44 67
45 66
45 65
45 64
46 63
46 62
47 61
47 60
47 59
48 58
48 57
48 56
49 55
49 54
49 53
50 52
50 51
50 50
51 49
51 48
51 48
52 47
52 46
53 45
53 45
53 44
53 43
53 42
53 42
53 41
53 40
53 39
53 38
53 38
52 38
52 38
52 39
52 39
52 40
51 41
51 42
51 42
51 43
51 44
50 45
50 46
50 47
50 47
50 48
50 49
49 50
49 51
49 52
49 53
49 53
49 54
49 55
49 56
48 57
48 58
48 59
48 60
48 60
48 61
48 62
48 63
48 64
48 65
48 66
48 66
48 67
48 68
48 69
48 70
48 70
48 71
48 71
49 71
49 71
49 70
50 69
50 68
50 68
50 67
51 66
51 65
51 64
51 64
51 63
52 62
52 61
52 60
52 59
53 58
53 57
53 57
53 56
53 55
53 54
53 53
54 52
54 51
54 50
54 49
54 48
54 47
54 47
54 46
54 45
54 44
54 43
54 42
55 41
55 40
55 39
55 38
55 37
55 36
55 36
55 35
55 34
56 33
56 32
56 31
56 30
56 29
56 28
57 27
57 26
57 25
57 24
57 24
57 23
57 22
57 21
57 20
57 19
57 18
57 17
57 16
57 15
57 14
57 13
57 12
57 11
57 11
57 10
57 9
57 8
58 7
58 6
58 5
58 4
58 4
58 3
58 2
58 1
58 0
58 0
57 1
57 2
57 2
57 3
57 4
56 5
56 6
56 7
56 7
56 8
56 9
56 10
56 11
55 12
55 13
55 14
55 15
55 16
55 16
55 17
55 18
55 19
55 20
55 21
54 22
54 23
54 24
54 25
54 26
54 27
54 28
54 28
54 29
54 30
54 31
54 32
54 33
54 34
53 35
53 36
53 37
53 38
53 39
53 40
53 41
53 41
53 42
53 43
53 44
53 45
53 46
53 47
53 48
52 49
52 50
52 51
52 52
52 53
52 54
52 55
52 56
52 56
52 57
52 58
52 59
52 60
51 61
51 62
51 63
51 64
51 65
51 66
51 66
51 67
51 68
51 69
52 70
52 71
52 72
52 73
52 74
52 74
52 75
52 76
52 77
52 78
52 79
52 80
52 80
53 81
53 82
53 82
54 82
55 82
55 82
56 81
57 80
57 80
57 79
58 78
58 77
58 76
59 75
59 74
59 74
59 73
60 72
60 71
60 70
60 69
61 68
61 67
61 66
61 66
61 65
61 64
62 63
62 62
62 61
62 60
63 59
63 58
63 57
63 57
63 56
63 55
63 54
63 53
64 52
64 51
64 50
64 49
64 48
64 47
64 47
64 46
64 45
64 44
64 43
65 42
65 41
65 40
65 39
65 38
65 38
65 37
65 36
65 35
65 34
65 34
65 33
65 32
65 32
65 33
65 34
65 35
65 35
65 36
65 37
64 38
64 39
64 40
64 40
64 41
63 42
63 43
63 44
63 45
62 46
62 47
62 48
62 48
62 49
62 50
62 51
62 52
61 53
61 54
61 55
61 56
61 57
61 57
61 58
61 59
61 60
61 61
61 62
61 63
61 64
61 65
61 65
61 66
61 67
61 68
61 69
61 70
61 71
61 71
61 72
61 73
61 74
61 75
61 76
61 76
61 77
61 78
61 79
61 79
62 79
62 79
63 78
63 78
64 77
64 76
65 75
65 74
65 74
65 73
66 72
66 71
66 70
67 69
67 68
67 67
68 66
68 65
68 64
68 63
69 62
69 61
69 60
70 59
70 58
70 57
71 56
71 55
71 54
72 53
72 52
72 51
73 50
73 49
73 48
73 47
74 46
74 45
74 44
75 43
75 42
75 42
75 43
75 44
75 45
75 45
74 44
74 43
74 43
74 42
74 41
74 40
74 40
73 41
73 41
73 42
73 43
73 44
73 45
73 45
73 46
73 47
72 48
72 49
72 50
72 50
72 51
72 52
72 53
72 54
72 55
72 56
72 56
72 57
72 58
72 59
72 60
72 61
72 62
72 63
72 63
72 64
72 65
72 66
72 67
72 68
72 69
72 70
72 70
72 71
72 72
72 73
72 74
72 74
72 75
73 76
73 77
73 77
74 78
74 78
75 77
75 77
75 76
76 75
76 74
76 74
76 73
77 72
77 71
78 70
78 69
78 69
78 68
79 67
79 66
80 65
80 64
80 64
80 63
80 62
81 61
81 60
81 59
81 58
81 58
81 57
82 56
82 55
82 54
83 53
83 52
83 52
83 51
84 50
84 49
84 48
84 48
84 47
84 46
84 45
84 45
84 44
84 43
84 43
84 42
84 42
84 42
83 42
83 42
83 43
82 44
82 45
82 45
81 46
81 47
80 48
80 48
80 49
80 50
79 51
79 52
79 53
79 53
79 54
78 55
78 56
78 57
77 58
77 59
77 59
77 60
77 61
76 62
76 63
76 64
76 64
76 65
76 66
76 67
76 67
76 68
76 68
77 68
77 68
78 67
78 67
78 66
79 65
79 64
79 63
79 63
80 62
80 61
81 60
81 59
81 59
81 58
81 57
82 56
82 55
82 54
82 54
83 53
83 52
83 52
83 52
83 53
83 53
83 54
83 55
83 56
83 57
83 57
83 58
83 59
82 60
82 61
82 62
82 62
82 63
82 64
82 65
82 66
82 67
82 67
82 68
83 69
83 70
83 70
84 70
84 70
85 69
85 69
85 68
86 67
86 66
86 66
86 65
87 64
87 63
88 62
88 61
88 61
88 60
88 59
89 58
89 57
89 56
89 55
89 55
89 54
90 53
90 52
90 51
91 50
91 49
91 49
91 48
92 47
92 46
93 45
93 44
93 44
93 43
93 42
93 41
93 41
94 42
94 42
94 43
94 44
94 45
94 45
94 46
94 47
94 48
94 49
94 50
94 50
94 51
94 52
94 53
94 54
94 55
94 56
94 56
94 57
94 58
94 59
94 60
94 61
94 61
94 62
95 63
95 64
95 64
96 65
96 66
96 66
96 66
97 65
97 64
97 64
97 63
98 62
98 61
98 60
98 60
98 59
98 58
98 57
98 56
98 55
98 54
98 54
98 53
98 52
98 51
98 50
98 49
98 48
98 47
98 46
98 45
98 44
98 43
98 42
98 41
98 40
98 39
98 38
98 37
98 36
98 35
98 34
98 33
98 32
98 31
98 30
98 29
99 28
99 27
99 26
99 25
99 24
99 23
99 22
99 21
99 20
99 19
99 18
99 17
99 16
99 15
99 14
99 13
99 12
99 11
99 10
99 9
99 8
99 7
99 6
99 5
99 4
99 3
99 2
99 2
99 3
99 4
98 5
98 6
98 7
98 7
97 8
97 9
97 9
97 10
97 11
97 12
97 12
97 13
96 14
96 15
96 16
96 16
96 17
96 18
96 19
96 20
96 21
96 22
