8 9
9 8
9 8
9 7
9 6
9 6
9 5
8 4
8 3
8 2
8 2
8 3
8 3
8 4
8 5
8 6
7 7
7 8
7 9
7 10
7 10
7 11
7 12
7 13
7 14
6 15
6 16
6 17
6 18
6 19
6 20
6 20
6 21
6 22
6 23
5 24
5 25
5 26
5 27
5 28
5 29
5 30
4 31
4 32
4 33
4 34
4 34
4 35
4 36
4 37
4 38
4 39
4 40
4 41
3 42
3 43
3 44
3 45
3 46
3 47
3 48
3 49
3 50
3 50
3 51
3 52
3 53
3 54
3 55
3 56
3 57
3 58
2 59
2 60
2 61
2 62
2 63
2 64
2 65
2 66
2 67
2 67
2 68
2 69
2 70
2 71
2 72
2 73
1 74
1 75
1 76
1 77
1 78
1 79
1 80
1 81
1 81
1 82
1 83
1 84
1 85
0 86
0 87
0 88
0 89
0 90
0 90
0 91
0 92
0 93
0 94
0 95
0 95
0 96
0 96
0 95
0 94
0 93
0 92
0 91
0 90
0 89
0 88
0 87
0 86
1 85
1 84
1 83
1 82
1 81
1 80
1 79
1 78
1 77
1 76
1 75
1 74
1 73
1 72
1 71
1 70
1 69
1 68
1 67
1 66
2 65
2 64
2 63
2 62
2 61
2 60
2 59
2 58
2 57
2 56
2 55
2 54
2 53
2 52
2 51
2 50
2 49
2 48
2 47
2 46
2 45
3 44
3 43
3 42
3 41
3 40
3 39
3 38
3 37
3 36
3 35
3 34
3 34
3 33
4 32
4 31
4 30
4 29
5 28
5 27
5 26
5 26
5 25
5 25
5 26
5 27
5 28
5 29
5 30
5 30
5 31
5 32
5 33
6 34
6 35
6 36
6 37
6 38
6 38
6 39
6 40
6 41
6 42
6 43
6 44
6 45
6 46
6 47
6 48
6 49
6 50
6 51
6 51
6 52
6 53
6 54
6 55
6 56
6 57
6 58
6 59
6 60
6 61
6 62
6 63
6 64
6 65
6 66
6 67
6 67
6 68
6 69
6 70
6 71
6 72
6 73
6 74
6 75
7 76
7 77
7 78
7 79
7 80
7 81
7 82
7 83
7 84
7 84
7 85
7 86
7 87
7 88
7 89
8 90
8 91
8 92
8 93
8 94
8 95
8 95
8 96
8 97
9 98
9 99
9 100
9 100
10 100
10 100
10 99
11 98
11 97
11 96
11 96
11 95
11 94
11 93
11 92
12 91
12 90
12 89
12 88
12 87
12 87
12 86
12 85
12 84
12 83
12 82
12 81
13 80
13 79
13 78
13 77
13 76
13 75
13 74
13 73
13 73
13 72
13 71
13 70
14 69
14 68
14 67
14 66
14 65
14 64
14 63
14 62
15 61
15 60
15 59
15 58
15 57
15 57
15 56
15 55
15 54
15 53
15 52
15 51
15 50
15 49
16 48
16 47
16 46
16 45
16 44
16 43
16 42
16 41
16 40
16 39
16 39
16 38
16 37
16 36
16 35
17 34
17 33
17 32
17 31
17 30
17 29
17 28
17 27
17 26
18 25
18 24
18 23
18 22
18 21
18 21
18 20
18 19
18 18
18 17
18 16
19 15
19 14
19 13
19 12
19 11
19 10
19 9
19 9
19 8
19 7
20 6
20 5
20 4
20 4
20 4
20 5
20 6
19 7
19 8
19 9
19 9
19 10
19 11
19 12
19 13
19 14
19 15
19 16
19 17
19 18
19 19
19 20
19 20
19 21
19 22
19 23
19 24
19 25
19 26
19 27
19 28
19 29
19 30
19 31
19 32
19 33
19 34
19 35
19 35
19 36
19 37
19 38
19 39
19 40
19 41
19 42
18 43
18 44
18 45
18 46
18 47
18 48
18 49
18 50
18 51
18 51
18 52
18 53
18 54
18 55
18 56
18 57
18 58
18 59
18 60
18 61
18 62
18 63
18 64
18 65
18 66
18 66
18 67
18 68
18 69
18 70
18 71
18 72
18 73
18 74
18 75
18 76
18 77
18 78
18 79
18 79
18 80
18 81
18 82
18 83
19 84
19 85
19 86
19 87
19 88
19 88
19 89
19 90
20 91
20 92
20 93
20 93
20 92
20 91
20 90
21 89
21 88
21 87
21 86
21 85
21 84
22 83
22 82
22 81
22 80
22 79
22 78
23 77
23 76
23 75
23 74
23 73
23 72
24 71
24 70
24 69
24 68
24 67
24 66
24 65
25 64
25 63
25 62
25 61
25 60
25 59
26 58
26 57
26 56
26 55
26 54
26 53
27 52
27 51
27 50
27 49
27 49
28 50
28 50
28 51
28 52
28 52
28 53
28 54
27 55
27 56
27 57
27 57
27 58
27 59
27 60
27 61
27 62
27 63
27 64
27 65
27 66
27 66
27 67
27 68
27 69
27 70
27 71
27 72
27 73
27 74
27 75
27 75
27 76
27 77
27 78
27 79
27 80
27 81
27 82
27 83
27 84
27 84
28 85
28 86
28 86
29 85
29 85
29 84
30 83
30 82
30 82
30 81
30 80
30 79
30 78
30 77
30 76
30 76
30 75
30 74
30 73
31 72
31 71
31 70
31 69
31 68
31 68
31 67
31 66
31 65
31 64
32 63
32 62
32 61
32 60
32 59
32 59
32 58
32 57
32 56
32 55
32 54
32 53
32 52
32 51
32 51
32 50
32 49
32 48
31 47
31 46
31 45
31 44
31 43
31 43
31 42
31 41
31 40
31 40
30 39
30 39
30 40
29 41
29 42
29 42
29 43
28 44
28 45
27 46
27 47
27 47
27 48
27 49
27 50
26 51
26 52
26 53
26 54
26 54
26 55
26 56
26 57
26 58
26 59
26 60
26 60
26 61
26 62
26 63
26 63
26 63
27 62
27 62
27 61
28 60
28 59
29 58
29 57
29 57
29 56
30 55
30 54
30 53
30 52
31 51
31 50
31 50
31 49
31 48
31 47
31 46
32 45
32 44
32 43
32 42
32 41
32 41
32 40
32 39
33 38
33 37
33 36
33 35
34 34
34 33
34 32
34 32
34 31
34 30
35 29
35 28
35 27
35 26
35 26
35 25
36 24
36 23
36 22
36 22
36 21
36 21
36 21
36 22
36 22
36 23
36 23
36 23
36 23
36 23
36 23
36 24
36 24
36 25
36 25
36 26
36 27
36 27
36 28
37 29
37 30
37 31
37 31
37 32
37 33
37 34
37 35
37 36
37 36
37 37
37 38
38 39
38 40
38 41
38 42
38 42
38 43
38 44
38 45
38 46
38 47
38 47
38 48
38 49
38 50
38 51
38 52
38 52
38 53
38 54
38 55
38 56
38 57
38 58
38 58
38 59
38 60
38 61
38 62
38 63
38 63
38 64
38 65
38 66
38 67
38 68
38 68
38 69
38 70
37 71
37 72
37 73
37 73
37 74
37 75
37 76
37 77
37 78
37 79
37 79
37 80
37 81
37 82
37 82
37 83
37 84
37 85
37 85
37 86
38 87
38 88
38 88
39 88
39 88
40 87
41 87
41 87
41 86
42 85
42 84
42 83
43 82
43 81
43 80
43 79
44 78
44 77
44 76
45 75
45 74
45 73
46 72
46 71
46 70
46 69
47 68
47 67
47 66
48 65
48 64
48 63
49 62
49 61
49 60
49 59
50 58
50 57
50 56
51 55
51 54
51 53
52 52
52 51
52 50
52 49
53 48
53 47
53 47
53 46
53 45
53 44
53 44
52 43
52 43
51 43
51 43
51 44
51 45
50 46
50 47
50 48
50 49
50 49
50 50
50 51
50 52
49 53
49 54
49 55
49 56
49 57
49 57
49 58
49 59
49 60
49 61
49 62
49 63
49 64
49 65
49 66
49 66
49 67
49 68
49 69
49 70
48 71
48 72
48 73
48 74
48 75
48 76
48 76
48 77
48 78
48 79
48 80
48 81
48 82
48 82
48 83
48 84
48 85
48 85
49 86
49 86
49 85
50 84
50 83
50 83
50 82
50 81
51 80
51 79
51 78
51 78
51 77
51 76
51 75
51 74
52 73
52 72
52 71
52 70
52 69
52 69
52 68
52 67
52 66
52 65
52 64
53 63
53 62
53 61
53 60
53 59
53 58
53 58
53 57
53 56
53 55
53 54
53 53
53 52
54 51
54 50
54 49
54 48
54 47
54 46
54 45
54 45
54 44
54 43
54 42
54 41
54 40
54 39
54 38
55 37
55 36
55 35
55 34
55 33
55 32
55 31
55 30
55 29
55 29
55 28
55 27
55 26
55 25
55 24
55 23
56 22
56 21
56 20
56 19
56 18
56 17
56 16
56 16
56 15
56 14
56 13
56 12
56 11
57 10
57 9
57 8
57 7
57 6
57 5
57 5
57 4
57 3
57 2
57 1
57 0
57 0
57 1
57 1
57 2
57 3
57 4
57 4
57 5
57 6
57 7
57 8
56 9
56 10
56 11
56 12
56 13
56 13
56 14
56 15
56 16
56 17
56 18
55 19
55 20
55 21
55 22
55 23
55 24
55 25
55 25
55 26
55 27
55 28
54 29
54 30
54 31
54 32
54 33
54 34
54 35
53 36
53 37
53 38
53 39
53 39
53 40
53 41
53 42
53 43
53 44
53 45
53 46
52 47
52 48
52 49
52 50
52 51
52 52
52 53
52 54
52 54
52 55
52 56
52 57
52 58
52 59
52 60
52 61
52 62
52 63
52 64
52 65
52 66
52 67
52 67
52 68
52 69
52 70
52 71
52 72
52 73
52 74
52 75
52 76
52 77
52 78
52 79
52 79
52 80
52 81
52 82
52 83
52 84
52 85
52 86
52 86
53 87
53 88
54 89
54 90
54 90
55 91
55 92
55 92
56 91
57 90
57 90
58 89
58 88
59 87
59 86
59 86
59 85
60 84
60 83
60 82
60 81
61 80
61 79
61 79
61 78
61 77
62 76
62 75
62 74
62 73
62 72
63 71
63 70
63 69
63 69
63 68
63 67
63 66
63 65
63 64
64 63
64 62
64 61
64 60
64 59
64 58
64 58
64 57
64 56
64 55
64 54
65 53
65 52
65 51
65 50
65 49
65 48
65 48
65 47
65 46
65 45
65 44
65 43
65 42
65 41
65 41
65 40
65 39
65 39
64 40
64 41
64 41
64 42
64 43
64 44
63 45
63 46
63 47
63 48
63 49
63 49
63 50
63 51
63 52
63 53
62 54
62 55
62 56
62 57
62 58
62 59
62 59
62 60
62 61
61 62
61 63
61 64
61 65
61 66
61 67
60 68
60 69
60 70
60 70
60 71
60 72
60 73
60 74
60 75
60 76
60 77
60 78
60 79
60 80
60 81
60 81
60 82
60 83
60 84
60 85
60 86
60 87
60 88
60 88
60 89
61 90
61 91
61 92
61 92
62 93
62 94
62 94
63 93
64 93
64 93
65 92
65 91
66 90
66 90
66 89
66 88
67 87
67 86
67 85
67 84
68 83
68 82
68 81
68 80
69 79
69 78
69 77
69 76
69 75
70 74
70 73
70 72
70 71
71 70
71 69
71 68
71 67
71 66
72 65
72 64
72 63
72 62
73 61
73 60
73 59
73 58
74 57
74 56
74 55
74 54
74 53
75 52
75 51
75 50
75 49
76 48
76 47
76 46
76 46
76 45
77 44
77 43
77 43
76 42
76 41
76 41
76 40
76 39
76 39
75 40
75 41
75 41
75 42
75 43
74 44
74 45
74 46
74 47
74 47
74 48
74 49
74 50
73 51
73 52
73 53
73 54
73 54
73 55
73 56
73 57
73 58
72 59
72 60
72 61
72 62
72 63
72 64
72 64
72 65
72 66
72 67
72 68
71 69
71 70
71 71
71 72
71 73
71 73
71 74
71 75
71 76
71 77
71 78
71 79
71 80
71 81
71 82
71 83
71 83
71 84
71 85
71 86
71 87
71 88
71 89
71 90
71 90
71 91
71 92
71 93
71 93
72 94
73 95
73 95
74 94
74 93
74 93
75 92
75 91
76 90
76 89
76 89
76 88
77 87
77 86
78 85
78 84
78 84
78 83
78 82
79 81
79 80
79 79
79 78
80 77
80 76
80 75
80 75
80 74
80 73
81 72
81 71
81 70
81 69
82 68
82 67
82 66
82 66
82 65
82 64
82 63
82 62
83 61
83 60
83 59
83 58
83 57
83 56
83 56
83 55
83 54
83 53
84 52
84 51
84 50
84 49
84 49
84 48
85 47
85 46
85 46
85 45
85 45
85 46
84 47
84 48
84 49
84 49
84 50
84 51
83 52
83 53
83 54
83 55
83 55
83 56
83 57
83 58
83 59
82 60
82 61
82 62
82 63
82 64
82 64
82 65
82 66
81 67
81 68
81 69
81 70
80 71
80 72
80 73
80 73
80 74
80 75
80 76
79 77
79 78
79 79
79 80
79 81
79 81
79 82
78 83
78 84
78 85
78 85
78 86
78 86
78 85
78 84
78 84
78 83
79 82
79 81
79 80
79 80
79 79
80 78
80 77
80 76
81 75
81 74
81 74
81 73
81 72
82 71
82 70
82 69
82 68
82 68
82 67
83 66
83 65
83 65
84 64
84 64
84 65
84 66
84 66
84 67
84 68
84 69
84 70
84 71
84 71
84 72
84 73
84 74
84 75
84 76
84 77
84 78
84 78
84 79
84 80
84 81
84 82
84 83
84 83
85 84
85 85
85 85
86 85
86 85
87 84
88 83
88 83
88 82
88 81
89 80
89 79
89 78
89 78
89 77
90 76
90 75
90 74
90 73
91 72
91 71
91 71
91 70
91 69
91 68
92 67
92 66
92 65
92 64
92 64
92 63
93 62
93 61
93 61
92 60
92 60
92 61
92 62
92 62
92 63
92 64
92 65
91 66
91 67
91 68
91 69
91 70
91 70
91 71
91 72
91 73
91 74
90 75
90 76
90 77
90 78
90 79
90 80
90 80
90 81
90 82
90 83
90 84
90 85
90 86
90 87
90 87
90 88
90 89
91 90
91 91
91 92
91 92
91 93
92 94
92 95
92 95
92 94
92 93
92 92
92 91
92 90
93 89
93 88
93 87
93 86
93 85
93 84
93 83
93 82
93 81
93 80
94 79
94 78
94 77
94 76
94 75
94 74
94 73
94 72
94 71
94 70
95 69
95 68
95 67
95 66
95 65
95 64
95 63
95 62
95 61
95 60
95 59
96 58
96 57
96 56
96 55
96 54
96 53
96 52
96 51
96 50
96 49
97 48
97 47
97 46
97 45
97 44
97 43
97 42
97 41
97 40
97 39
97 38
98 37
98 36
98 35
98 34
98 33
98 32
98 31
98 30
98 29
98 28
99 27
99 26
99 25
99 24
99 23
99 22
99 21
99 20
99 19
99 18
100 17
100 16
100 15
100 14
100 13
100 12
100 12
99 13
98 13
98 13
97 14
97 15
97 15
96 16
96 16
96 17
96 18
96 19
96 20
96 20
96 21
96 22
95 23
95 24
95 25
