8 12
8 13
8 14
8 15
8 16
8 17
8 17
8 17
8 18
8 19
7 20
7 21
7 22
7 23
7 23
7 24
7 25
7 26
7 27
7 28
7 29
7 30
7 31
7 32
7 32
7 33
7 34
7 35
7 36
7 37
6 38
6 39
6 40
6 41
6 42
6 43
6 43
6 44
6 45
6 46
5 47
5 48
5 49
5 50
5 51
5 52
5 53
5 54
4 55
4 56
4 57
4 58
4 58
4 59
4 60
4 61
4 62
4 63
4 64
3 65
3 66
3 67
3 68
3 69
3 70
3 71
3 72
3 72
3 73
3 74
3 75
3 76
3 77
3 78
2 79
2 80
2 81
2 82
2 83
2 84
2 85
2 86
2 86
2 87
2 88
2 89
2 90
1 91
1 92
1 93
1 94
1 95
1 95
1 96
0 97
0 98
0 99
0 99
0 100
0 100
0 99
0 98
0 98
0 97
0 96
0 95
0 94
0 93
0 92
0 91
0 90
1 89
1 88
1 87
1 86
1 85
1 84
1 83
1 82
1 81
1 80
1 79
1 78
1 77
1 76
1 75
1 74
1 73
1 72
2 71
2 70
2 69
2 68
2 67
2 66
2 65
2 64
2 63
2 62
2 61
2 60
2 59
2 58
2 57
2 56
2 55
2 54
3 53
3 52
3 51
3 50
3 49
3 48
3 47
3 46
3 45
3 45
3 44
3 43
4 42
4 41
4 40
4 39
5 38
5 37
5 36
5 36
5 35
5 35
5 36
5 37
5 37
5 38
5 39
6 40
6 41
6 42
6 43
6 43
6 44
6 45
6 46
6 47
6 48
6 49
6 50
6 51
6 52
6 52
6 53
6 54
6 55
6 56
7 57
7 58
7 59
7 60
7 61
7 62
7 62
7 63
7 64
7 65
7 66
7 67
7 68
7 69
7 70
7 71
7 72
7 72
7 73
7 74
7 75
7 76
8 77
8 78
8 79
8 80
8 81
8 81
8 82
9 83
9 84
9 84
10 85
10 85
11 84
11 83
11 83
11 82
11 81
12 80
12 79
12 78
12 78
12 77
12 76
12 75
12 74
13 73
13 72
13 71
13 70
13 69
13 69
13 68
13 67
14 66
14 65
14 64
14 63
14 62
14 61
15 60
15 59
15 58
15 57
15 57
15 56
15 55
15 54
16 53
16 52
16 51
16 50
16 49
16 48
16 47
17 46
17 45
17 44
17 43
17 43
17 42
17 41
17 40
17 39
17 38
17 37
18 36
18 35
18 34
18 33
18 32
18 31
18 30
18 30
18 29
18 28
18 27
18 26
18 25
18 24
19 23
19 22
19 21
19 20
19 19
19 18
19 17
19 17
19 16
19 15
19 14
20 13
20 12
20 11
20 10
20 10
20 9
20 8
20 8
20 9
20 10
20 11
20 11
20 12
20 13
19 14
19 15
19 16
19 17
19 17
19 18
19 19
19 20
19 21
19 22
19 23
19 24
19 25
19 26
19 27
19 27
19 28
19 29
19 30
19 31
19 32
19 33
18 34
18 35
18 36
18 37
18 38
18 39
18 40
18 40
18 41
18 42
18 43
18 44
18 45
18 46
18 47
18 48
18 49
18 50
18 51
18 52
18 53
18 53
18 54
18 55
18 56
18 57
18 58
18 59
18 60
18 61
18 62
18 63
18 64
18 64
18 65
18 66
18 67
18 68
18 69
18 70
18 71
18 72
18 73
18 73
18 74
18 75
18 76
19 77
19 78
19 79
19 80
19 80
19 79
20 78
20 77
20 76
20 75
21 74
21 73
21 72
21 71
22 70
22 69
22 68
23 67
23 66
23 65
23 64
24 63
24 62
24 61
24 60
25 59
25 58
25 57
26 56
26 55
26 54
26 53
27 52
27 51
27 50
27 49
28 48
28 47
28 47
28 48
28 49
28 50
28 50
28 51
28 52
28 53
28 53
28 54
27 55
27 56
27 57
27 57
27 58
27 59
27 60
27 61
27 62
27 63
27 64
27 64
27 65
27 66
27 67
27 68
27 69
27 70
27 71
27 71
27 72
28 73
28 74
28 75
28 75
29 76
29 76
30 76
30 76
31 75
31 75
31 74
31 73
31 72
31 72
31 71
31 70
31 69
31 68
31 67
31 67
31 66
31 65
31 64
31 63
31 62
31 61
31 61
31 60
31 59
31 58
31 57
31 56
31 55
31 54
31 54
31 53
31 52
31 51
30 50
30 49
30 48
30 47
30 47
30 46
30 45
30 44
30 43
30 43
29 42
29 41
29 41
28 42
28 42
28 43
27 44
27 45
27 46
27 46
27 47
27 48
27 49
27 50
27 51
27 52
27 52
27 53
27 54
26 55
26 56
26 57
26 58
26 58
26 59
26 60
26 61
26 62
26 62
26 63
26 64
26 65
26 66
26 66
27 67
27 67
28 66
28 65
28 65
29 64
29 63
30 62
30 61
30 61
30 60
30 59
30 58
31 57
31 56
31 55
31 54
31 54
31 53
32 52
32 51
32 50
32 49
33 48
33 47
33 47
33 46
34 45
34 44
34 43
34 42
35 41
35 40
35 39
35 39
35 38
35 37
36 36
36 35
36 34
36 33
36 33
36 32
37 31
37 30
37 30
37 29
37 29
37 29
36 29
36 29
36 30
36 30
36 31
36 31
35 31
35 31
35 32
35 32
36 33
36 33
36 34
36 35
36 35
37 36
37 37
37 37
38 38
38 39
38 39
38 40
38 41
38 41
39 42
39 43
39 43
39 44
40 45
40 46
40 46
40 47
40 48
40 49
40 50
40 50
40 51
40 52
40 53
40 54
40 54
40 55
40 56
39 57
39 58
39 59
39 59
39 60
39 61
39 62
39 63
39 64
39 64
39 65
39 66
39 67
39 68
39 69
39 69
39 70
39 71
40 72
40 73
40 74
40 74
40 75
40 76
40 77
40 77
40 78
41 79
41 80
41 80
41 81
41 81
42 80
42 80
43 79
44 78
44 78
44 77
45 76
45 75
45 74
45 74
45 73
46 72
46 71
46 70
47 69
47 68
47 68
47 67
48 66
48 65
48 64
48 63
49 62
49 61
49 61
49 60
49 59
50 58
50 57
50 56
50 55
50 55
50 54
50 53
51 52
51 51
51 50
51 49
51 49
51 48
51 47
51 46
51 45
51 45
52 44
52 43
52 43
52 42
52 42
52 43
52 43
51 44
51 44
51 45
51 46
51 47
51 47
51 48
51 49
50 50
50 51
50 52
50 53
50 53
50 54
50 55
49 56
49 57
49 58
49 59
49 59
49 60
49 61
49 62
48 63
48 64
48 65
48 66
48 66
48 67
48 68
48 69
48 70
48 71
48 71
48 72
48 73
48 73
49 74
49 74
50 73
50 72
50 72
50 71
50 70
51 69
51 68
51 67
51 67
51 66
51 65
52 64
52 63
52 62
52 61
52 61
52 60
53 59
53 58
53 57
53 56
54 55
54 54
54 54
54 53
54 52
54 51
54 50
55 49
55 48
55 47
55 46
55 45
55 44
55 44
55 43
55 42
55 41
55 40
55 39
56 38
56 37
56 36
56 35
56 34
56 33
56 32
56 32
56 31
56 30
56 29
56 28
56 27
56 26
56 25
56 24
56 23
56 22
56 21
56 20
56 20
56 19
56 18
56 17
57 16
57 15
57 14
57 13
57 12
57 12
57 11
57 10
57 9
57 8
57 7
57 7
56 8
56 8
56 9
56 10
56 11
56 12
56 12
56 13
56 14
56 15
55 16
55 17
55 18
55 19
55 20
55 20
55 21
55 22
55 23
55 24
54 25
54 26
54 27
54 28
54 29
54 30
54 30
54 31
54 32
54 33
54 34
54 35
53 36
53 37
53 38
53 39
53 40
53 41
53 42
53 42
53 43
53 44
53 45
53 46
53 47
53 48
52 49
52 50
52 51
52 52
52 53
52 54
52 55
52 56
52 56
52 57
52 58
52 59
52 60
52 61
52 62
52 63
52 64
52 65
52 65
52 66
52 67
53 68
53 69
53 70
53 71
53 71
53 72
54 73
54 74
54 75
54 75
55 76
55 76
56 75
57 74
57 74
58 73
58 72
59 71
59 70
59 70
59 69
60 68
60 67
60 66
60 65
61 64
61 63
61 63
61 62
62 61
62 60
62 59
62 58
63 57
63 56
63 56
63 55
63 54
64 53
64 52
64 51
64 50
65 49
65 48
65 47
65 47
65 46
65 45
65 44
66 43
66 42
66 41
66 40
66 39
66 39
66 38
66 37
66 36
66 35
66 34
66 34
66 33
66 32
66 32
65 33
65 34
65 34
65 35
65 36
64 37
64 38
64 39
64 39
64 40
64 41
64 42
64 43
63 44
63 45
63 46
63 47
63 48
63 48
63 49
63 50
62 51
62 52
62 53
62 54
61 55
61 56
61 57
61 57
61 58
61 59
61 60
60 61
60 62
60 63
60 64
60 65
60 65
60 66
60 67
60 68
60 69
60 70
60 71
60 71
60 72
60 73
60 74
60 75
60 75
60 76
60 77
60 77
61 76
62 76
62 76
63 75
63 74
64 73
64 73
65 72
65 71
66 70
66 69
67 68
67 68
67 67
68 66
68 65
69 64
69 63
69 62
70 61
70 60
71 59
71 58
71 57
72 56
72 55
73 54
73 53
74 52
74 51
74 50
75 49
75 48
76 47
76 46
76 45
77 44
77 43
78 42
78 41
78 41
79 40
79 40
78 39
78 38
78 38
77 37
77 36
77 36
76 37
76 37
76 38
76 39
76 40
76 40
76 41
76 42
75 43
75 44
75 45
75 45
75 46
75 47
74 48
74 49
74 50
74 51
74 51
74 52
74 53
74 54
73 55
73 56
73 57
73 58
73 59
73 59
73 60
73 61
73 62
73 63
73 64
73 65
73 66
73 66
73 67
73 68
73 69
73 70
73 71
73 71
73 72
74 73
74 74
74 75
74 75
74 76
74 77
74 77
75 77
76 77
76 77
77 76
77 76
78 75
78 74
79 73
79 73
79 72
80 71
80 70
80 69
81 68
81 67
81 67
81 66
82 65
82 64
82 63
83 62
83 61
83 61
83 60
83 59
83 58
84 57
84 56
84 55
84 54
84 54
84 53
85 52
85 51
85 50
86 49
86 48
86 48
86 47
86 46
87 45
87 44
87 43
87 43
87 42
87 41
87 40
87 39
87 39
87 38
87 38
87 39
87 39
86 40
86 41
86 41
86 42
86 43
85 44
85 45
85 46
85 46
85 47
84 48
84 49
83 50
83 51
83 51
83 52
82 53
82 54
82 55
82 56
81 57
81 58
81 58
81 59
80 60
80 61
80 61
80 62
80 63
80 63
80 63
80 62
80 61
80 61
80 60
81 59
81 58
81 58
82 57
82 56
83 55
83 54
83 54
83 53
84 52
84 51
84 50
84 50
85 49
85 49
86 49
86 49
86 50
86 51
86 52
86 53
86 53
86 54
86 55
85 56
85 57
85 58
85 58
85 59
85 60
85 61
85 62
85 63
85 63
85 64
86 65
86 66
86 66
87 67
87 67
87 67
88 66
89 65
89 65
89 64
90 63
90 62
90 61
90 61
90 60
91 59
91 58
92 57
92 56
92 56
92 55
93 54
93 53
93 52
94 51
94 50
94 50
94 49
94 48
95 47
95 46
95 45
95 44
95 44
95 43
96 42
96 41
96 41
96 41
96 42
96 42
96 43
96 44
96 45
96 46
96 46
96 47
96 48
95 49
95 50
95 51
95 52
95 52
95 53
96 54
96 55
96 55
96 56
96 57
96 58
96 58
97 59
97 59
98 59
98 59
99 58
99 57
99 57
99 56
99 55
99 54
99 54
99 53
99 52
100 51
100 50
100 49
100 49
100 48
100 47
100 46
100 45
99 44
99 43
99 42
99 41
99 40
99 39
99 38
99 37
99 36
99 35
98 34
98 33
98 32
98 31
98 30
98 29
98 28
98 27
98 26
98 25
97 24
97 23
97 22
97 21
97 20
97 19
97 18
97 17
97 16
97 15
96 14
96 13
96 12
96 11
96 10
96 9
96 8
96 7
96 6
96 5
95 4
95 3
95 2
95 1
95 0
95 0
95 1
95 2
95 3
96 4
96 5
96 6
96 7
96 7
96 7
96 6
96 5
96 5
