7 0
7 1
7 2
7 3
7 4
7 4
6 5
6 5
6 6
6 7
6 8
5 9
5 10
5 11
5 12
5 12
5 13
5 14
5 15
5 16
5 17
5 18
5 19
5 20
5 21
5 22
5 22
5 23
5 24
4 25
4 26
4 27
4 28
4 29
4 30
3 31
3 32
3 33
3 34
3 34
3 35
3 36
3 37
3 38
3 39
3 40
3 41
2 42
2 43
2 44
2 45
2 46
2 47
2 48
2 49
2 50
2 50
2 51
2 52
2 53
2 54
2 55
2 56
2 57
2 58
1 59
1 60
1 61
1 62
1 63
1 64
1 65
1 66
1 67
1 68
1 68
1 69
1 70
1 71
1 72
1 73
1 74
1 75
1 76
1 77
1 78
1 79
1 80
1 81
1 82
1 83
1 84
1 84
1 85
1 86
1 87
1 88
0 89
0 90
0 91
0 92
0 93
0 94
0 94
0 95
0 96
0 97
0 98
0 99
0 100
0 100
0 99
0 98
0 97
0 96
0 95
0 94
0 93
0 92
0 91
0 90
0 89
0 88
0 87
0 86
0 85
0 84
0 83
1 82
1 81
1 80
1 79
1 78
1 77
1 76
1 75
1 74
1 73
1 72
1 71
1 70
1 69
1 68
1 67
1 66
1 65
1 64
1 63
1 62
1 61
1 60
1 59
1 58
1 57
1 56
1 55
1 54
1 53
1 52
1 51
1 50
1 49
1 48
2 47
2 46
2 45
2 44
2 43
2 42
2 41
2 40
2 39
2 38
2 37
2 36
2 35
2 34
2 33
2 32
2 31
2 30
2 30
3 30
4 31
5 31
5 31
4 31
4 31
4 32
4 33
4 34
4 35
4 36
4 37
4 38
4 38
4 39
4 40
4 41
4 42
4 43
5 44
5 45
5 46
5 47
5 48
5 49
5 49
5 50
5 51
5 52
5 53
5 54
5 55
6 56
6 57
6 58
6 59
6 60
6 61
6 62
6 62
6 63
6 64
6 65
6 66
6 67
7 68
7 69
7 70
7 71
7 72
7 73
7 73
7 74
7 75
8 76
8 77
8 78
8 79
8 79
8 80
9 81
9 82
9 82
10 81
11 81
11 81
11 80
12 79
12 78
12 77
12 77
12 76
12 75
13 74
13 73
13 72
13 71
13 71
13 70
13 69
13 68
13 67
14 66
14 65
14 64
14 63
14 62
14 61
14 61
14 60
14 59
15 58
15 57
15 56
15 55
15 54
15 53
16 52
16 51
16 50
16 49
16 49
16 48
16 47
16 46
16 45
16 44
16 43
17 42
17 41
17 40
17 39
17 38
17 37
17 36
17 35
17 35
17 34
17 33
17 32
17 31
17 30
17 29
17 28
17 27
17 26
17 25
17 24
17 23
17 22
17 21
17 21
17 20
17 19
17 18
17 17
18 16
18 15
18 14
18 13
18 12
18 11
18 11
18 10
18 9
18 8
17 7
17 6
17 5
17 4
17 4
17 3
17 3
17 4
17 5
17 6
17 7
17 7
17 8
17 9
17 10
17 11
17 12
17 13
17 14
17 14
17 15
17 16
17 17
17 18
17 19
17 20
17 21
17 22
17 23
17 24
17 25
17 26
17 27
17 28
17 28
17 29
17 30
17 31
17 32
17 33
17 34
17 35
17 36
17 37
17 38
17 39
17 40
17 41
17 42
17 43
17 44
17 45
17 45
17 46
17 47
17 48
17 49
17 50
17 51
17 52
17 53
18 54
18 55
18 56
18 57
18 58
18 59
18 60
18 61
18 62
18 63
18 63
18 64
18 65
18 66
18 67
18 68
18 69
18 70
19 71
19 72
19 73
19 74
19 75
19 76
19 77
19 78
19 78
19 77
20 76
20 75
20 74
20 73
21 72
21 71
21 70
22 69
22 68
22 67
22 66
23 65
23 64
23 63
24 62
24 61
24 60
24 59
25 58
25 57
25 56
26 55
26 54
26 53
26 52
27 51
27 50
27 50
27 51
28 52
28 53
28 53
27 54
27 54
27 55
27 56
27 57
27 58
27 59
27 59
27 60
27 61
27 62
27 63
27 64
27 65
27 66
27 66
27 67
27 68
27 69
27 70
27 71
27 72
27 73
27 74
27 74
27 75
27 76
27 77
28 78
28 79
28 80
28 81
28 81
28 82
29 83
29 84
29 84
30 85
30 86
30 86
31 85
31 85
31 84
32 83
32 82
32 81
32 81
32 80
32 79
32 78
33 77
33 76
33 75
33 74
33 74
33 73
33 72
33 71
33 70
33 69
33 68
33 67
33 66
33 66
33 65
33 64
33 63
33 62
32 61
32 60
32 59
32 58
32 57
32 57
32 56
32 55
32 54
32 53
31 52
31 51
31 50
31 49
31 48
31 47
31 47
31 46
31 45
31 44
30 43
30 42
30 41
30 40
30 40
30 39
29 38
29 37
29 37
28 37
28 37
27 38
27 39
27 39
27 40
27 41
26 42
26 43
26 44
26 45
26 45
26 46
26 47
26 48
26 49
26 50
26 51
26 52
26 52
26 53
26 54
26 55
26 56
26 57
26 58
26 59
26 59
26 60
26 61
26 62
26 63
26 64
26 64
26 65
26 66
26 67
26 67
27 67
28 66
29 66
30 65
31 65
32 65
33 64
34 64
35 63
36 63
36 63
37 62
37 62
37 61
37 60
37 59
37 58
37 58
37 57
37 56
37 55
37 55
37 54
37 53
37 52
37 52
37 51
38 50
38 49
38 49
38 48
39 47
39 46
39 45
39 45
39 44
39 43
39 42
39 42
39 41
39 40
39 39
39 39
39 38
39 38
39 38
39 38
39 38
39 38
39 39
39 39
39 40
39 40
40 40
40 40
41 41
41 41
42 42
42 42
43 43
43 43
44 44
44 44
44 45
44 46
44 47
44 47
44 48
44 49
44 50
44 50
44 51
44 52
44 53
44 54
44 55
44 56
44 56
44 57
44 58
44 59
43 60
43 61
43 62
43 63
43 63
43 64
43 65
43 66
43 67
43 68
43 69
43 70
43 70
43 71
43 72
43 73
43 74
43 75
43 75
43 76
43 77
44 78
44 79
44 80
44 80
45 81
45 82
45 82
46 83
46 83
47 82
48 82
48 82
48 81
49 80
49 79
50 78
50 77
50 76
51 75
51 74
52 73
52 72
53 71
53 70
53 69
54 68
54 67
55 66
55 65
55 64
56 63
56 62
57 61
57 60
57 60
57 59
57 58
56 57
56 56
56 55
56 54
56 54
56 53
56 52
56 51
56 50
56 50
55 49
55 49
54 50
54 50
54 51
53 52
53 53
53 54
53 54
53 55
53 56
52 57
52 58
52 59
52 60
52 60
52 61
52 62
52 63
52 64
51 65
51 66
51 67
51 68
51 69
51 69
51 70
51 71
51 72
51 73
51 74
51 75
51 76
51 77
51 77
51 78
51 79
52 80
52 81
52 82
52 82
52 83
52 84
52 84
53 84
54 84
54 84
54 83
55 82
55 81
55 81
55 80
56 79
56 78
56 77
56 77
56 76
57 75
57 74
57 73
57 72
58 71
58 70
58 69
58 69
58 68
58 67
58 66
58 65
59 64
59 63
59 62
59 61
59 60
59 59
59 59
59 58
59 57
59 56
59 55
59 54
60 53
60 52
60 51
60 50
60 49
60 48
60 48
60 47
60 46
60 45
60 44
60 43
61 42
61 41
61 40
61 39
61 38
61 37
61 36
61 36
61 35
61 34
61 33
61 32
61 31
61 30
61 29
61 28
61 28
61 27
61 26
61 25
62 24
62 23
62 22
62 21
62 21
62 21
62 22
62 23
61 24
61 25
61 26
61 26
61 27
61 28
61 29
61 30
60 31
60 32
60 33
60 34
60 35
60 35
60 36
60 37
60 38
60 39
60 40
59 41
59 42
59 43
59 44
59 45
59 46
59 47
59 47
59 48
59 49
59 50
59 51
59 52
59 53
58 54
58 55
58 56
58 57
58 58
58 59
58 60
58 60
58 61
58 62
58 63
58 64
58 65
57 66
57 67
57 68
57 69
57 70
57 71
57 72
57 72
57 73
57 74
57 75
57 76
57 77
57 78
57 79
57 80
57 81
57 82
57 83
57 83
57 84
57 85
57 86
57 87
57 88
57 89
57 90
57 90
57 89
58 88
58 87
58 86
59 85
59 84
60 83
60 82
60 81
61 80
61 79
61 79
61 80
61 81
61 82
61 83
62 84
62 85
62 86
62 87
62 88
62 88
62 87
62 87
62 86
62 85
62 84
62 83
62 83
62 82
63 81
63 80
63 80
63 79
64 78
64 77
65 76
65 75
65 75
65 74
65 73
66 72
66 71
66 70
66 69
66 69
66 68
67 67
67 66
67 65
67 64
68 63
68 62
68 62
68 61
68 60
69 59
69 58
69 57
69 56
69 56
69 55
69 54
69 53
69 52
69 51
69 50
69 49
69 49
69 48
69 47
69 46
69 46
68 46
68 46
67 47
66 47
66 47
66 48
66 49
65 50
65 51
65 52
65 53
65 53
65 54
65 55
64 56
64 57
64 58
64 59
63 60
63 61
63 62
63 62
63 63
63 64
63 65
63 66
63 67
62 68
62 69
62 70
62 71
62 72
62 73
62 74
62 74
62 75
62 76
62 77
62 78
62 79
62 80
62 81
62 82
62 83
62 83
62 84
62 85
62 86
62 87
62 88
62 89
62 89
62 90
62 91
62 92
62 93
62 93
63 94
63 95
63 95
64 94
64 93
64 93
64 92
65 91
65 90
65 89
66 88
66 87
66 86
67 85
67 84
68 83
68 82
68 81
69 80
69 79
69 78
70 77
70 76
70 75
71 74
71 73
71 72
72 71
72 70
73 69
73 68
73 67
74 66
74 65
74 64
75 63
75 62
75 62
75 61
76 60
76 59
76 59
76 58
76 57
76 56
76 55
76 55
76 54
75 53
75 52
75 52
74 53
74 53
74 54
73 55
73 56
73 56
73 57
73 58
73 59
73 60
73 61
73 62
73 63
73 63
73 64
73 65
73 66
72 67
72 68
72 69
72 70
72 71
72 71
72 72
72 73
72 74
72 75
72 76
72 77
72 78
72 79
72 80
72 80
72 81
72 82
72 83
72 84
72 85
72 86
72 87
72 88
72 88
72 89
72 90
72 91
72 92
72 93
72 93
72 94
73 95
73 96
73 96
74 97
74 97
75 96
75 96
76 95
77 94
77 94
77 93
78 92
78 91
79 90
79 89
79 89
79 88
80 87
80 86
80 85
80 84
81 83
81 82
81 82
81 81
82 80
82 79
82 78
82 77
83 76
83 75
83 74
83 74
83 73
83 72
83 71
84 70
84 69
84 68
84 67
84 66
84 66
84 65
85 64
85 63
85 62
85 61
86 60
86 59
86 59
86 58
86 57
86 56
86 56
86 56
85 57
85 57
85 58
85 59
84 60
84 61
84 62
84 62
84 63
84 64
84 65
83 66
83 67
83 68
83 69
83 69
83 70
82 71
82 72
82 73
82 74
81 75
81 76
81 77
81 77
81 78
80 79
80 80
79 81
79 82
79 82
79 83
79 84
79 85
79 85
78 86
78 86
79 85
79 84
79 84
79 83
79 82
79 81
79 81
79 80
80 79
80 78
81 77
81 76
81 76
81 75
81 74
82 73
82 72
82 71
82 71
82 70
83 69
83 68
83 67
83 67
84 67
84 67
84 68
84 69
84 70
84 70
84 71
84 72
84 73
84 74
84 75
84 75
84 76
84 77
84 78
84 79
84 80
84 81
84 81
84 82
84 83
84 84
84 85
84 85
85 86
85 87
85 87
86 87
86 87
87 86
87 85
87 85
87 84
87 83
88 82
88 81
88 80
88 80
88 79
89 78
89 77
89 76
90 75
90 74
90 74
90 73
91 72
91 71
91 70
91 69
92 68
92 67
92 67
92 66
92 65
92 64
93 63
93 62
93 61
93 60
93 60
93 59
94 58
94 57
94 56
94 56
95 56
95 56
95 57
94 58
94 59
94 59
94 60
94 61
94 62
94 63
94 64
94 65
94 66
94 66
94 67
94 68
94 69
93 70
93 71
93 72
93 73
93 74
93 74
93 75
93 76
93 77
93 78
93 79
93 80
93 81
93 81
93 82
93 83
93 84
93 85
93 85
94 86
94 86
95 85
95 84
95 84
96 83
96 82
97 81
97 81
97 80
97 79
97 78
98 77
98 76
98 75
98 74
98 74
98 73
98 72
98 71
98 70
98 69
98 68
98 67
98 66
98 65
98 64
98 63
98 62
98 61
98 60
98 59
99 58
99 57
99 56
99 55
99 54
99 53
99 52
99 51
99 50
99 49
99 48
99 47
99 46
99 45
99 44
99 43
99 42
99 41
99 40
99 39
99 38
99 37
99 36
99 35
99 34
99 33
99 32
99 31
99 30
99 29
99 28
100 27
100 26
100 25
100 24
100 23
100 22
100 21
100 20
100 19
100 18
100 17
100 16
100 15
100 14
100 13
100 12
100 12
100 13
99 14
99 15
99 16
99 17
98 18
98 19
98 19
97 20
97 20
96 21
96 22
96 22
96 23
96 24
96 25
96 26
96 27
