8 2
8 2
8 1
8 0
8 0
8 0
8 1
7 2
7 3
7 4
7 4
7 5
7 6
7 7
7 8
7 9
7 10
7 11
7 12
7 12
7 13
7 14
7 15
7 16
7 17
6 18
6 19
6 20
6 21
6 22
6 23
6 23
6 24
6 25
6 26
6 27
6 28
6 29
6 30
5 31
5 32
5 33
5 34
5 35
5 36
5 37
5 38
5 38
5 39
5 40
5 41
4 42
4 43
4 44
4 45
4 46
4 47
4 48
4 49
3 50
3 51
3 52
3 53
3 53
3 54
3 55
3 56
3 57
3 58
3 59
3 60
2 61
2 62
2 63
2 64
2 65
2 66
2 67
2 68
2 69
2 69
2 70
2 71
2 72
2 73
2 74
2 75
1 76
1 77
1 78
1 79
1 80
1 81
1 82
1 83
1 83
1 84
1 85
1 86
1 87
0 88
0 89
0 90
0 91
0 92
0 92
0 93
0 94
0 95
0 96
0 97
0 98
0 98
0 99
0 100
0 100
0 100
0 99
0 98
0 97
0 96
0 95
0 94
0 93
1 92
1 91
1 90
1 89
1 88
1 87
1 86
1 85
1 84
1 83
1 82
1 81
1 80
1 79
1 78
2 77
2 76
2 75
2 74
2 73
2 72
2 71
2 70
2 69
2 68
2 67
2 66
2 65
2 64
2 63
2 62
3 61
3 60
3 59
3 58
3 57
3 56
3 55
3 54
3 54
3 53
3 52
3 51
3 50
4 49
4 48
4 47
4 46
4 45
4 44
4 43
4 42
4 41
5 40
5 39
5 38
5 37
5 36
5 36
5 35
5 34
6 33
6 32
6 31
6 31
6 30
6 29
6 29
7 29
7 29
7 30
7 31
7 32
7 33
7 34
7 34
7 35
7 36
7 37
7 38
7 39
7 40
7 41
7 42
7 43
7 44
7 44
7 45
7 46
7 47
7 48
7 49
7 50
7 51
7 52
7 53
7 54
7 55
7 56
7 56
7 57
7 58
7 59
7 60
7 61
7 62
7 63
7 64
7 65
7 66
7 67
7 68
7 69
7 69
7 70
7 71
7 72
7 73
7 74
8 75
8 76
8 77
8 78
8 79
8 80
8 81
8 81
8 82
8 83
8 84
8 85
8 86
8 87
8 88
8 89
8 90
8 91
8 91
8 92
9 93
9 94
9 94
9 94
10 93
10 93
10 92
10 91
10 90
10 89
10 88
10 87
10 86
10 86
10 85
10 84
10 83
10 82
11 81
11 80
11 79
11 78
11 77
11 76
11 76
11 75
11 74
11 73
11 72
11 71
11 70
12 69
12 68
12 67
12 66
12 65
12 64
12 63
12 63
12 62
12 61
12 60
13 59
13 58
13 57
13 56
13 55
13 54
13 53
13 52
14 51
14 50
14 49
14 48
14 48
14 47
14 46
14 45
14 44
14 43
14 42
14 41
15 40
15 39
15 38
15 37
15 36
15 35
15 34
15 33
15 33
15 32
15 31
15 30
15 29
15 28
15 27
15 26
16 25
16 24
16 23
16 22
16 21
16 20
16 19
16 18
16 18
16 17
16 16
16 15
16 14
17 13
17 12
17 11
17 10
17 9
17 9
17 8
17 7
17 6
17 6
17 7
17 8
17 8
17 9
17 10
17 11
17 12
17 13
17 14
17 15
17 15
17 16
17 17
17 18
17 19
17 20
17 21
16 22
16 23
16 24
16 25
16 26
16 27
16 28
16 28
16 29
16 30
16 31
16 32
16 33
16 34
16 35
16 36
16 37
16 38
16 39
16 40
16 41
16 42
16 43
16 43
16 44
16 45
16 46
16 47
16 48
16 49
16 50
16 51
16 52
16 53
16 54
16 55
16 56
16 57
16 58
16 59
16 60
16 61
16 61
16 62
16 63
16 64
16 65
16 66
16 67
16 68
17 69
17 70
17 71
17 72
17 73
17 74
17 75
17 76
17 77
17 77
17 78
17 79
17 80
17 81
17 82
17 83
18 84
18 85
18 86
18 87
18 88
18 89
18 90
18 91
18 91
18 92
18 93
18 94
18 95
18 96
18 97
18 98
18 99
18 99
18 98
18 97
19 96
19 95
19 94
19 93
19 92
20 91
20 90
20 89
20 88
20 87
21 86
21 85
21 84
21 83
21 82
21 81
22 80
22 79
22 78
22 77
22 76
23 75
23 74
23 73
23 72
23 71
24 70
24 69
24 68
24 67
24 66
25 65
25 64
25 63
25 62
25 61
26 60
26 59
26 58
26 57
26 56
26 55
27 54
27 53
27 52
27 51
27 50
28 49
28 48
28 47
28 47
28 48
28 49
28 50
28 51
28 51
28 52
28 53
28 53
28 54
28 54
28 55
28 56
27 57
27 58
27 59
27 59
27 60
27 61
27 62
27 63
27 64
27 65
27 66
27 66
27 67
27 68
27 69
27 70
27 71
27 72
27 73
27 74
27 75
27 75
27 76
27 77
27 78
27 79
27 80
27 81
27 82
27 82
27 83
27 84
28 85
28 86
28 87
28 88
28 88
28 89
29 90
29 91
29 91
30 91
30 91
30 90
30 89
30 89
30 88
31 87
31 86
31 85
31 85
31 84
31 83
31 82
32 81
32 80
32 79
32 78
32 78
32 77
32 76
32 75
32 74
32 73
32 72
32 71
32 70
32 70
32 69
32 68
32 67
32 66
32 65
32 64
32 63
32 62
32 61
32 60
32 60
32 59
32 58
32 57
32 56
32 55
32 54
32 53
32 52
32 52
32 51
32 50
32 49
31 48
31 47
31 46
31 45
31 45
30 44
30 43
30 43
29 44
29 44
29 45
29 46
29 47
29 47
29 48
29 49
28 50
28 51
28 52
28 53
28 53
28 54
28 55
28 56
28 57
28 57
28 58
27 59
27 60
27 60
28 61
28 62
28 62
28 63
28 63
29 62
29 62
29 61
30 60
30 59
30 59
30 58
31 57
31 56
32 55
32 54
32 54
32 53
33 52
33 51
33 50
34 49
34 48
34 48
34 47
34 46
35 45
35 44
35 43
35 43
36 42
36 41
36 41
37 40
37 39
37 39
38 39
38 39
38 38
38 38
39 38
39 38
39 38
39 38
39 38
38 38
38 38
38 38
38 38
38 39
38 40
38 40
37 41
37 42
37 42
37 43
37 44
37 44
37 45
38 46
38 47
38 48
38 48
38 49
38 50
38 51
38 52
38 52
38 53
39 54
39 55
39 55
39 56
40 57
40 58
40 59
40 59
40 60
41 61
41 62
41 63
41 63
41 64
41 65
41 66
41 67
41 68
41 68
41 69
41 70
42 71
42 72
42 73
42 73
42 74
42 75
42 76
42 77
42 78
42 78
42 79
42 80
41 81
41 82
41 83
41 83
41 84
41 85
41 86
41 87
41 87
41 88
41 89
41 89
42 90
42 90
43 90
43 90
43 89
44 88
44 87
44 87
45 86
45 85
46 84
46 84
46 83
47 82
47 81
47 80
48 79
48 78
48 78
48 77
49 76
49 75
49 74
49 73
50 72
50 71
50 70
50 70
50 69
51 68
51 67
51 66
51 65
52 64
52 63
52 62
52 62
52 61
52 60
52 59
53 58
53 57
53 56
53 55
53 54
53 54
53 53
53 52
54 51
54 50
54 49
54 48
54 48
54 47
54 46
55 45
55 44
55 43
55 43
54 42
54 42
54 43
54 44
54 44
54 45
53 46
53 47
53 47
53 48
53 49
52 50
52 51
52 52
52 53
52 53
52 54
52 55
51 56
51 57
51 58
51 59
51 59
51 60
51 61
51 62
50 63
50 64
50 65
50 66
50 66
50 67
50 68
50 69
50 70
50 71
50 72
50 73
50 73
50 74
50 75
50 76
50 77
50 78
50 78
50 79
51 80
51 81
51 81
52 82
52 82
53 81
53 80
53 80
53 79
54 78
54 77
55 76
55 75
55 75
55 74
56 73
56 72
56 71
56 70
57 69
57 68
57 67
57 67
57 66
57 65
58 64
58 63
58 62
58 61
58 60
59 59
59 58
59 57
59 57
59 56
59 55
60 54
60 53
60 52
60 51
60 50
60 49
61 48
61 47
61 46
61 46
61 45
61 44
61 43
61 42
61 41
61 40
62 39
62 38
62 37
62 36
62 35
62 34
62 33
62 32
62 32
62 31
62 30
62 29
62 28
62 27
63 26
63 25
63 24
63 23
63 22
63 21
63 20
63 20
63 19
63 18
63 17
63 16
63 15
64 14
64 13
64 12
64 11
64 10
64 9
64 9
64 8
64 7
63 6
63 5
63 4
63 4
63 4
63 5
62 6
62 7
62 8
62 8
62 9
62 10
61 11
61 12
61 13
61 14
60 15
60 16
60 17
60 17
60 18
60 19
60 20
60 21
60 22
60 23
59 24
59 25
59 26
59 27
59 28
59 29
59 30
59 30
59 31
59 32
59 33
58 34
58 35
58 36
58 37
58 38
58 39
58 40
58 41
57 42
57 43
57 44
57 45
57 46
57 46
57 47
57 48
57 49
57 50
57 51
57 52
57 53
57 54
57 55
57 56
57 57
57 58
57 59
57 60
57 61
57 62
57 62
57 63
57 64
57 65
57 66
57 67
57 68
56 69
56 70
56 71
56 72
56 73
56 74
56 75
56 76
56 76
56 77
56 78
56 79
56 80
56 81
56 82
56 83
56 84
56 85
56 86
56 87
56 87
56 88
56 89
56 90
57 91
57 92
57 93
57 94
57 94
57 95
58 96
58 97
58 97
59 98
59 98
60 97
61 96
61 96
61 95
62 94
62 93
62 92
63 91
63 90
63 90
63 89
63 88
64 87
64 86
64 85
64 84
65 83
65 82
65 81
65 81
65 80
65 79
66 78
66 77
66 76
66 75
66 74
66 73
67 72
67 71
67 70
67 70
67 69
67 68
68 67
68 66
68 65
68 64
68 63
69 62
69 61
69 60
69 60
69 59
69 58
69 57
69 56
69 55
69 54
69 53
69 52
69 51
69 50
69 50
69 49
69 48
70 47
70 46
70 45
70 45
69 45
69 45
69 46
68 47
68 48
68 48
68 49
68 50
68 51
67 52
67 53
67 54
67 55
67 56
67 56
67 57
67 58
67 59
67 60
66 61
66 62
66 63
66 64
66 65
66 65
66 66
66 67
66 68
66 69
65 70
65 71
65 72
65 73
65 74
65 74
65 75
65 76
65 77
65 78
65 79
65 80
65 81
65 82
65 82
65 83
65 84
66 85
66 86
66 87
66 88
66 88
66 89
66 90
67 91
67 92
67 93
67 93
68 94
68 95
68 95
69 95
70 94
71 94
71 94
72 93
73 93
73 93
73 92
74 91
74 90
74 89
74 88
75 87
75 86
75 85
75 84
76 83
76 82
76 81
76 80
77 79
77 78
77 77
77 76
78 75
78 74
78 73
78 72
79 71
79 70
79 69
79 68
80 67
80 66
80 65
80 64
81 63
81 62
81 61
81 60
82 59
82 58
82 57
82 56
83 55
83 54
83 53
83 52
84 51
84 50
84 50
84 49
84 48
85 47
85 46
85 45
85 45
85 44
85 43
85 42
85 41
85 41
85 40
85 39
85 38
85 37
85 36
85 35
85 35
84 34
84 34
83 34
83 34
82 35
82 36
82 36
82 37
81 38
81 39
81 40
81 40
81 41
81 42
81 43
80 44
80 45
80 46
80 47
80 48
80 48
80 49
80 50
79 51
79 52
79 53
79 54
79 55
78 56
78 57
78 58
78 58
78 59
78 60
78 61
77 62
77 63
77 64
77 65
77 66
77 66
77 67
77 68
77 69
77 70
77 71
77 72
77 73
77 74
77 75
77 75
77 76
77 77
77 78
77 79
77 80
77 81
77 81
77 82
77 83
78 84
78 85
78 86
78 86
78 87
79 88
79 89
79 89
80 88
80 88
81 87
81 86
81 86
81 85
82 84
82 83
83 82
83 81
83 81
83 80
84 79
84 78
84 77
85 76
85 75
85 75
85 74
86 73
86 72
86 71
86 70
87 69
87 68
87 68
87 67
87 66
88 65
88 64
88 63
88 62
88 62
88 61
88 60
89 59
89 58
89 57
89 57
89 56
90 55
90 54
90 54
90 53
90 52
90 52
90 52
90 53
90 53
90 54
89 55
89 56
89 56
89 57
89 58
88 59
88 60
88 61
88 61
88 62
88 63
88 64
87 65
87 66
87 67
87 68
87 68
87 69
87 70
86 71
86 72
86 73
86 74
86 74
85 75
85 76
85 76
85 77
85 78
85 78
85 77
85 77
86 76
86 76
86 75
87 74
87 73
87 73
87 72
88 71
88 70
88 69
88 69
88 68
89 67
89 66
89 65
89 65
90 64
90 64
90 64
91 65
91 66
91 66
91 67
91 68
91 68
91 69
91 70
91 71
91 72
91 72
91 73
91 74
91 74
92 74
92 74
93 73
93 73
93 72
94 71
94 70
94 70
95 69
95 68
96 67
96 66
96 66
96 65
96 64
97 63
97 62
97 61
97 60
97 60
97 59
98 58
98 57
98 56
98 56
98 55
98 55
98 55
98 56
98 56
98 57
98 58
98 58
98 59
97 60
97 61
97 62
97 62
97 63
98 64
98 65
98 65
98 66
98 67
98 67
99 67
99 67
100 66
100 66
100 65
100 64
100 63
100 62
100 61
100 60
100 59
100 58
100 57
100 56
100 55
100 54
100 53
100 52
100 51
100 50
100 49
100 48
100 47
100 46
100 45
100 44
100 43
100 42
100 41
100 40
100 39
100 38
99 37
99 36
99 35
99 34
99 33
99 32
99 31
99 30
99 29
99 28
99 27
99 26
99 25
99 24
99 23
99 22
99 21
99 20
99 19
99 18
99 17
99 16
99 15
99 14
99 13
99 12
99 11
99 10
99 9
99 9
99 10
99 11
99 12
99 13
99 14
99 15
99 16
98 17
98 18
98 19
98 20
98 21
98 22
98 23
98 24
98 24
98 23
98 22
98 21
98 20
98 19
98 18
98 17
98 17
98 16
98 15
98 15
98 16
