9 0
9 1
10 2
10 3
10 3
9 2
9 1
9 1
8 2
8 3
8 3
8 4
7 5
7 6
7 7
7 7
7 8
7 9
7 10
7 11
7 12
6 13
6 14
6 15
6 16
6 17
6 18
6 19
6 19
6 20
6 21
6 22
6 23
6 24
6 25
6 26
6 27
5 28
5 29
5 30
5 31
5 32
5 33
5 34
5 35
5 36
5 37
5 37
5 38
5 39
5 40
5 41
5 42
4 43
4 44
4 45
4 46
4 47
4 48
4 49
4 50
4 51
4 52
4 53
3 54
3 55
3 56
3 57
3 58
3 59
3 59
3 60
3 61
3 62
3 63
3 64
3 65
3 66
3 67
2 68
2 69
2 70
2 71
2 72
2 73
2 74
2 75
2 76
2 76
2 77
2 78
2 79
2 80
1 81
1 82
1 83
1 84
1 85
1 86
1 86
1 87
1 88
1 89
1 90
1 91
1 91
0 92
0 92
0 91
0 91
0 90
0 89
0 88
0 88
0 87
0 86
0 85
0 84
0 83
0 82
0 81
0 80
0 79
0 78
0 77
0 76
0 75
0 74
1 73
1 72
1 71
1 70
1 69
1 68
1 67
1 66
1 65
1 64
1 63
1 62
1 61
1 60
1 59
1 59
1 58
1 57
1 56
1 55
2 54
2 53
2 52
2 51
2 50
2 49
2 48
2 47
2 46
2 45
3 44
3 43
3 42
3 41
3 40
3 39
3 39
3 38
3 37
3 36
4 35
4 34
4 33
4 32
4 31
4 31
5 31
5 31
5 32
5 33
5 34
5 35
5 36
5 36
5 37
5 38
5 39
6 40
6 41
6 42
6 43
6 44
6 44
6 45
6 46
6 47
6 48
6 49
6 50
6 51
6 52
6 53
6 54
6 55
6 56
6 57
6 58
6 59
6 59
6 60
6 61
6 62
6 63
6 64
6 65
6 66
7 67
7 68
7 69
7 70
7 71
7 72
7 73
7 74
7 74
7 75
7 76
7 77
7 78
7 79
7 80
7 81
8 82
8 83
8 84
8 85
8 86
8 87
8 88
8 89
8 89
8 90
8 91
9 92
9 93
9 94
9 95
9 95
10 96
10 96
10 95
10 95
10 94
11 93
11 92
11 91
11 91
11 90
11 89
11 88
12 87
12 86
12 85
12 84
12 83
12 83
12 82
12 81
12 80
12 79
13 78
13 77
13 76
13 75
13 74
13 73
13 72
13 71
14 70
14 69
14 68
14 67
14 66
14 65
14 64
14 63
14 62
15 61
15 60
15 59
15 58
15 57
15 57
15 56
15 55
15 54
15 53
15 52
15 51
15 50
15 49
16 48
16 47
16 46
16 45
16 44
16 43
16 42
16 41
16 40
16 39
16 38
16 37
16 36
16 35
16 34
16 33
16 32
16 31
17 30
17 29
17 28
17 27
17 26
17 25
17 24
17 23
17 22
17 22
17 21
17 20
17 19
17 18
17 17
17 16
18 15
18 14
18 13
18 12
18 11
18 10
18 9
18 9
18 8
18 7
19 6
19 5
19 4
19 3
19 3
19 2
19 2
19 3
19 4
19 5
19 6
19 7
19 8
19 8
19 9
19 10
19 11
19 12
19 13
19 14
19 15
19 16
19 17
19 18
19 19
19 20
19 21
19 22
19 22
19 23
19 24
19 25
19 26
19 27
19 28
19 29
19 30
19 31
19 32
19 33
19 34
19 35
19 36
19 37
19 38
19 39
19 40
19 40
19 41
19 42
19 43
19 44
19 45
19 46
19 47
19 48
19 49
19 50
19 51
19 52
19 53
19 54
19 55
19 56
19 57
19 58
19 59
19 60
19 60
19 61
19 62
19 63
19 64
19 65
19 66
19 67
19 68
19 69
19 70
19 71
19 72
19 73
19 74
19 75
19 75
19 76
19 77
19 78
19 79
19 80
20 81
20 82
20 83
20 84
20 85
20 86
20 87
20 87
20 88
20 89
20 90
20 91
20 91
21 92
21 93
21 93
21 92
21 91
22 90
22 89
22 88
22 87
22 86
22 85
23 84
23 83
23 82
23 81
23 80
24 79
24 78
24 77
24 76
24 75
24 74
25 73
25 72
25 71
25 71
25 72
26 73
26 74
26 74
26 73
26 72
26 71
26 71
26 72
25 73
25 74
25 74
25 75
25 76
25 77
25 78
25 79
25 80
25 80
25 81
25 82
25 83
26 84
26 85
26 86
26 87
26 87
26 88
27 89
27 90
27 90
28 90
28 90
29 89
29 88
29 88
29 87
29 86
30 85
30 84
30 83
30 83
30 82
30 81
30 80
30 79
30 78
30 77
30 77
30 76
30 75
30 74
30 73
30 72
30 71
30 71
30 70
30 69
30 68
30 67
30 66
30 65
30 65
30 64
29 63
29 62
29 62
28 61
28 60
28 60
27 61
27 62
27 62
27 63
26 64
26 65
25 66
25 67
25 67
25 68
25 69
24 70
24 71
24 72
24 73
24 73
24 74
24 75
24 76
24 77
24 78
24 79
24 80
24 80
24 81
24 82
24 83
24 84
24 84
25 85
25 85
26 84
26 84
27 83
27 82
28 81
28 80
28 80
28 79
29 78
29 77
29 76
30 75
30 74
30 74
30 73
31 72
31 71
31 70
31 69
32 68
32 67
32 66
32 66
32 65
33 64
33 63
33 62
33 61
34 60
34 59
34 58
34 58
34 57
34 56
34 55
35 54
35 53
35 52
35 51
35 50
35 50
35 49
35 48
36 47
36 46
36 45
36 44
36 44
36 43
36 42
36 42
36 42
36 42
36 42
36 42
36 42
36 42
36 43
36 43
36 43
37 44
37 44
37 45
37 46
37 46
37 47
38 48
38 49
38 49
38 50
39 51
39 52
39 53
39 53
39 54
40 55
40 56
40 57
40 57
40 58
40 59
40 60
40 61
40 62
40 62
40 63
40 64
40 65
40 66
40 67
40 68
40 69
40 69
40 70
40 71
40 72
40 73
40 74
40 75
40 76
40 77
40 77
40 78
40 79
40 80
39 81
39 82
39 83
39 84
39 84
39 85
39 86
39 87
39 88
39 89
39 90
39 90
39 91
40 92
40 93
40 93
40 94
40 94
41 95
42 95
42 95
43 94
43 93
43 93
44 92
44 91
45 90
45 90
45 89
45 88
46 87
46 86
46 85
46 84
46 84
46 83
46 82
46 81
47 80
47 79
47 78
47 77
47 76
47 76
47 75
48 74
48 73
48 72
48 71
49 70
49 69
49 69
49 68
49 67
49 66
49 65
49 64
49 63
49 63
49 62
50 61
50 60
50 59
50 59
50 58
50 58
50 58
49 59
49 60
49 60
49 61
49 62
49 63
49 64
49 65
49 65
49 66
49 67
49 68
48 69
48 70
48 71
48 72
48 72
48 73
48 74
47 75
47 76
47 77
47 78
47 78
47 79
47 80
47 81
47 81
48 82
48 83
48 83
49 83
49 83
50 82
50 81
50 81
50 80
51 79
51 78
51 77
51 77
51 76
51 75
52 74
52 73
52 72
52 72
52 71
52 70
52 69
52 68
53 67
53 66
53 65
53 64
53 63
53 63
53 62
53 61
53 60
53 59
53 58
53 57
53 56
53 55
53 54
53 53
53 53
53 52
53 51
53 50
53 49
53 48
54 47
54 46
54 45
54 44
54 43
54 42
54 41
54 41
54 40
54 39
54 38
54 37
55 36
55 35
55 34
55 33
55 32
55 31
55 31
55 30
55 29
55 28
55 27
55 26
55 25
55 24
55 23
55 22
55 22
55 21
55 20
55 20
55 21
55 22
55 23
55 23
55 24
55 25
54 26
54 27
54 28
54 29
54 29
54 30
54 31
54 32
54 33
54 34
54 35
53 36
53 37
53 38
53 39
53 40
53 41
53 42
53 43
53 43
53 44
53 45
53 46
52 47
52 48
52 49
52 50
52 51
52 52
52 53
52 54
51 55
51 56
51 57
51 58
51 58
51 59
51 60
51 61
51 62
51 63
51 64
51 65
51 66
51 67
51 68
51 69
51 70
51 71
51 72
51 73
51 74
51 75
51 75
51 76
51 77
51 78
51 79
51 80
51 81
51 82
51 83
51 84
51 85
51 86
51 87
51 87
51 88
51 89
51 90
51 91
51 92
51 93
51 94
51 94
51 93
52 92
52 91
53 90
53 89
53 88
54 87
54 86
55 85
55 84
56 83
56 82
56 81
57 80
57 79
58 78
58 77
58 76
59 75
59 74
60 73
60 72
60 72
59 73
59 74
58 75
58 76
58 76
58 76
58 75
58 74
58 74
58 75
58 75
59 75
59 75
60 75
60 75
61 74
62 73
62 73
62 72
62 71
63 70
63 69
63 68
63 68
63 67
63 66
64 65
64 64
64 63
64 62
64 62
64 61
64 60
64 59
64 58
64 57
64 56
64 56
64 55
64 54
64 53
64 53
64 52
64 51
64 50
64 50
63 50
63 50
63 51
62 52
62 53
62 54
62 54
62 55
62 56
61 57
61 58
61 59
61 60
61 60
61 61
61 62
61 63
61 64
61 65
60 66
60 67
60 68
60 69
60 70
60 71
60 71
60 72
60 73
60 74
60 75
60 76
60 77
60 78
60 79
60 80
60 81
60 82
60 82
60 83
60 84
60 85
60 86
60 87
60 88
60 89
60 90
60 91
60 92
60 92
60 93
60 94
60 95
60 96
60 97
60 97
61 98
61 99
62 100
62 100
63 100
63 100
63 99
64 98
64 97
65 96
65 95
66 94
66 93
67 92
67 91
68 90
68 89
69 88
69 87
70 86
70 85
70 84
71 83
71 82
72 81
72 80
73 79
73 78
74 77
74 76
75 75
75 74
76 73
76 72
76 72
76 71
77 70
77 69
77 68
77 68
77 67
76 66
76 65
76 64
76 64
76 63
76 62
75 61
75 60
75 59
75 59
75 59
74 60
74 61
73 62
73 62
73 63
72 64
72 65
72 66
72 66
72 67
72 68
71 69
71 70
71 71
71 72
71 72
71 73
71 74
71 75
71 76
71 77
71 78
71 78
71 79
71 80
71 81
71 82
71 83
71 84
71 85
71 85
71 86
71 87
71 88
71 89
71 90
71 90
72 91
72 92
72 92
73 93
73 93
74 92
75 92
75 92
76 91
76 90
77 89
77 89
77 88
78 87
78 86
79 85
79 84
79 84
79 83
80 82
80 81
81 80
81 79
81 79
81 78
82 77
82 76
83 75
83 74
83 74
83 73
83 72
84 71
84 70
84 69
84 69
84 68
85 67
85 66
85 66
85 65
85 64
85 64
84 64
84 64
84 65
84 65
83 66
83 67
82 68
82 69
82 69
82 70
81 71
81 72
80 73
80 74
80 74
80 75
80 76
79 77
79 78
79 79
79 79
79 80
78 81
78 82
78 83
78 83
78 84
78 84
78 84
79 83
79 83
80 82
80 81
80 81
81 80
81 79
81 79
82 79
82 79
82 80
82 80
83 81
83 82
83 82
83 83
83 84
83 85
83 85
84 86
84 86
85 86
85 86
86 85
86 84
87 83
87 83
87 82
88 81
88 80
89 79
89 78
89 78
89 77
90 76
90 75
91 74
91 73
91 73
91 72
92 71
92 70
92 69
93 68
93 67
93 67
93 66
94 65
94 64
94 63
94 63
94 62
94 61
94 61
94 62
94 62
94 63
94 64
93 65
93 66
93 67
93 67
93 68
93 69
93 70
92 71
92 72
92 73
92 74
92 74
92 75
92 76
92 77
92 78
92 79
92 80
92 81
92 82
92 82
92 83
92 84
91 85
91 86
91 87
91 88
91 88
91 89
92 90
92 91
92 92
92 92
93 92
93 92
94 91
94 91
95 90
96 89
96 89
96 88
96 87
97 86
97 85
97 84
97 84
97 83
97 82
97 81
97 80
97 79
97 78
97 77
97 76
97 75
97 74
97 73
98 72
98 71
98 70
98 69
98 68
98 67
98 66
98 65
98 64
98 63
98 62
98 61
98 60
98 59
98 58
98 57
98 56
98 55
98 54
98 53
98 52
98 51
98 50
99 49
99 48
99 47
99 46
99 45
99 44
99 43
99 42
99 41
99 40
99 39
99 38
99 37
99 36
99 35
99 34
99 33
99 32
99 31
99 30
99 29
99 28
99 27
100 26
100 25
100 24
100 23
100 22
100 21
100 20
100 19
100 18
100 17
100 16
100 15
100 15
99 16
99 17
98 18
97 19
97 20
96 21
96 21
95 22
95 23
95 23
95 22
94 21
94 20
94 19
94 19
94 20
