3 6
3 5
3 4
3 4
3 3
3 3
3 4
3 5
3 6
3 6
3 7
3 8
3 9
3 10
3 11
3 11
3 12
3 13
3 14
3 15
2 16
2 17
2 18
2 19
2 20
2 20
2 21
2 22
2 23
2 24
2 25
2 26
2 27
2 28
2 29
2 30
2 31
2 31
2 32
2 33
2 34
2 35
2 36
2 37
1 38
1 39
1 40
1 41
1 42
1 43
1 44
1 44
1 45
1 46
1 47
1 48
1 49
1 50
1 51
1 52
1 53
1 54
1 55
1 56
1 57
1 58
1 58
1 59
1 60
1 61
1 62
1 63
1 64
0 65
0 66
0 67
0 68
0 69
0 70
0 71
0 72
0 72
0 73
0 74
0 75
0 76
0 77
0 78
0 79
0 80
0 81
0 82
0 83
0 84
0 84
0 85
0 86
0 87
0 88
0 89
0 90
0 91
0 92
0 93
0 93
0 94
0 95
0 96
0 97
0 98
0 98
0 99
0 100
0 100
0 99
0 99
0 98
0 97
0 96
0 95
0 94
0 94
0 93
0 92
0 91
0 90
0 89
0 88
0 87
0 86
0 86
0 85
0 84
0 83
0 82
0 81
1 80
1 79
1 78
1 77
1 76
1 75
1 75
1 74
1 73
1 72
1 71
1 70
1 69
1 68
1 67
1 66
1 65
1 64
1 63
1 62
1 61
1 61
1 60
1 59
1 58
1 57
1 56
1 55
1 54
2 53
2 52
2 51
2 50
2 49
2 48
2 47
2 46
2 45
2 45
2 44
2 43
2 42
2 41
2 40
2 39
2 38
2 37
2 36
2 35
2 34
2 33
2 32
2 32
2 31
2 30
2 29
2 28
2 27
2 26
2 25
2 24
2 23
2 22
2 22
2 21
2 20
2 19
3 18
3 17
3 16
3 15
3 15
3 14
3 13
3 12
3 12
4 13
4 14
4 14
4 15
4 16
4 17
4 18
4 18
4 19
4 20
5 21
5 22
5 23
5 24
5 24
5 25
5 26
5 27
5 28
5 29
5 30
5 31
5 32
5 33
5 33
5 34
5 35
5 36
5 37
5 38
5 39
5 40
5 41
5 42
5 43
5 43
5 44
5 45
5 46
5 47
5 48
5 49
5 50
5 51
5 51
5 52
5 53
5 54
6 55
6 56
6 57
6 58
6 59
6 59
6 60
6 61
6 62
6 63
6 64
6 65
6 65
6 66
7 67
7 68
7 68
8 69
8 69
8 69
9 68
9 67
9 67
9 66
10 65
10 64
10 63
11 62
11 61
11 61
11 60
11 59
11 58
12 57
12 56
12 55
12 54
12 53
12 53
12 52
12 51
12 50
12 49
13 48
13 47
13 46
13 45
13 44
13 44
13 43
13 42
13 41
13 40
13 39
14 38
14 37
14 36
14 35
14 34
14 33
14 33
14 32
14 31
14 30
14 29
15 28
15 27
15 26
15 25
15 24
15 23
15 23
15 22
15 21
15 20
16 19
16 18
16 17
16 16
16 15
16 15
16 14
17 13
17 12
17 11
17 11
17 10
17 9
17 9
17 10
17 10
17 11
17 12
17 13
17 14
17 14
17 15
17 16
17 17
17 18
17 19
17 20
17 20
17 21
17 22
17 23
17 24
16 25
16 26
16 27
16 28
16 29
16 29
16 30
16 31
16 32
16 33
16 34
16 35
16 36
16 37
16 38
16 39
16 40
16 40
16 41
16 42
16 43
16 44
16 45
15 46
15 47
15 48
15 49
15 50
15 51
15 52
15 52
15 53
15 54
15 55
15 56
15 57
15 58
15 59
15 60
15 61
15 62
15 63
15 63
15 64
15 65
15 66
15 67
15 68
15 69
15 70
15 71
15 72
15 73
15 73
15 74
15 75
15 76
15 77
15 78
15 79
15 80
15 81
15 81
15 82
15 83
16 84
16 85
16 86
16 86
16 87
16 88
16 89
16 90
16 90
17 91
18 91
18 91
19 90
19 90
19 89
20 88
20 87
20 86
20 86
20 85
21 84
21 83
21 82
22 81
22 80
22 80
22 79
22 78
22 77
23 76
23 75
23 74
23 73
23 73
23 72
24 71
24 70
24 69
24 68
25 67
25 66
25 66
25 65
25 64
25 63
26 62
26 61
26 60
26 59
26 58
26 58
26 57
26 56
27 55
27 54
27 53
27 53
27 52
27 51
27 50
27 49
27 49
27 48
27 47
27 47
27 46
27 46
26 46
26 46
26 46
25 47
25 48
25 48
25 49
24 50
24 51
24 51
24 52
24 53
24 54
24 55
24 55
24 56
24 57
23 58
23 59
23 60
23 60
23 61
23 62
23 63
23 64
23 65
23 66
23 67
23 67
23 68
23 69
23 70
23 71
22 72
22 73
22 74
22 75
22 76
22 76
22 77
22 78
22 79
22 80
22 81
22 82
22 82
22 83
22 84
22 85
22 86
22 87
22 87
22 88
22 89
23 90
23 91
23 92
23 92
23 93
23 94
23 94
24 94
24 94
25 93
25 93
25 92
26 91
26 90
26 89
26 89
26 88
26 87
27 86
27 85
27 84
27 84
27 83
27 82
27 81
28 80
28 79
28 78
28 77
28 77
28 76
28 75
28 74
29 73
29 72
29 71
29 70
29 69
29 69
29 68
29 67
29 66
29 65
29 64
29 63
29 62
29 61
29 61
29 60
29 59
29 58
30 57
30 56
30 55
30 54
30 53
30 53
30 52
30 51
30 50
30 49
30 48
30 47
30 47
30 46
30 45
30 44
30 43
30 42
30 42
30 41
30 40
30 40
29 39
29 39
28 40
28 40
28 41
28 42
28 42
28 43
27 44
27 45
27 45
27 46
26 47
26 48
26 49
26 49
26 50
26 51
26 52
26 53
26 53
26 54
26 55
26 56
26 57
26 58
26 58
26 59
26 60
26 61
26 62
26 63
26 63
26 64
26 65
27 66
27 67
27 68
27 68
27 69
27 70
27 71
27 72
27 72
27 73
28 74
28 75
28 76
28 76
29 77
29 78
29 78
30 78
30 78
31 77
32 77
32 77
32 76
33 75
33 74
33 74
33 73
34 72
34 71
34 70
34 70
34 69
35 68
35 67
36 66
36 65
36 65
36 64
36 63
37 62
37 61
37 60
37 59
37 59
37 58
37 57
38 56
38 55
38 54
38 54
38 53
38 52
38 51
38 50
38 49
38 48
38 48
38 47
39 46
39 45
39 44
39 44
39 43
39 42
39 42
39 41
39 41
39 41
39 41
39 42
39 42
38 43
38 44
38 44
38 45
38 46
38 47
38 48
38 49
38 49
38 50
38 51
37 52
37 53
37 54
37 55
37 55
37 56
37 57
37 58
37 59
37 60
37 61
37 62
37 62
37 63
37 64
37 65
37 66
37 67
37 68
37 68
37 69
37 70
37 71
37 72
37 73
37 73
37 74
37 75
37 76
37 77
37 78
37 79
37 79
37 80
38 81
38 82
38 82
38 83
38 84
38 85
38 85
38 86
39 87
39 88
39 88
40 89
40 90
40 90
41 91
41 92
41 92
42 93
42 94
42 94
43 94
43 94
43 93
43 92
44 91
44 90
44 89
44 88
44 87
44 86
45 85
45 84
45 83
45 82
45 81
46 80
46 79
46 78
46 77
46 76
47 75
47 74
47 73
47 72
47 71
47 70
48 69
48 68
48 67
48 66
48 65
49 64
49 63
49 62
49 61
49 60
49 59
50 58
50 57
50 56
50 56
50 55
49 54
49 53
49 52
49 52
49 51
48 50
48 49
48 49
48 48
48 47
48 47
47 46
47 46
46 45
46 45
45 46
45 46
45 47
44 48
44 49
44 49
44 50
44 51
44 52
44 53
44 54
44 55
44 55
44 56
44 57
44 58
43 59
43 60
43 61
43 62
43 63
43 63
43 64
43 65
43 66
43 67
42 68
42 69
42 70
42 71
42 72
42 73
42 73
42 74
42 75
42 76
42 77
42 78
42 79
42 80
42 80
42 81
42 82
42 83
42 84
42 85
42 85
42 86
42 87
42 88
42 89
42 89
42 90
43 91
43 92
43 92
43 93
43 93
44 92
44 92
45 91
45 90
46 89
46 88
46 88
46 87
46 86
47 85
47 84
47 83
47 83
47 82
48 81
48 80
48 79
48 78
49 77
49 76
49 75
49 75
49 74
49 73
49 72
49 71
49 70
50 69
50 68
50 67
50 66
50 65
50 64
50 64
50 63
50 62
51 61
51 60
51 59
51 58
51 57
51 56
52 55
52 54
52 53
52 52
52 52
52 51
52 50
52 49
52 48
52 47
53 46
53 45
53 44
53 43
53 42
53 41
53 40
53 40
53 39
53 38
54 37
54 36
54 35
54 34
54 33
54 32
55 31
55 30
55 29
55 28
55 28
55 27
55 26
55 25
55 24
55 23
56 22
56 21
56 20
56 19
56 18
56 17
56 16
56 16
56 15
56 14
56 13
56 12
56 11
56 10
56 9
56 8
56 7
56 6
56 6
56 5
57 4
57 3
57 2
57 2
57 1
57 0
57 0
56 1
56 1
56 2
56 3
56 4
56 4
56 5
56 6
55 7
55 8
55 9
55 9
55 10
55 11
55 12
54 13
54 14
54 15
54 16
54 17
54 17
54 18
54 19
54 20
54 21
53 22
53 23
53 24
53 25
53 26
53 27
53 27
53 28
53 29
53 30
53 31
53 32
53 33
53 34
53 35
53 36
53 37
53 37
53 38
53 39
53 40
53 41
52 42
52 43
52 44
52 45
52 46
52 47
52 47
52 48
52 49
52 50
52 51
52 52
52 53
52 54
52 55
52 56
52 57
52 57
52 58
52 59
52 60
52 61
52 62
52 63
52 64
52 65
52 66
52 67
52 67
52 68
52 69
52 70
52 71
52 72
52 73
52 74
52 74
52 75
52 76
53 77
53 78
53 79
53 79
53 80
53 81
53 82
53 82
54 83
55 83
55 83
56 83
56 83
57 82
57 81
57 81
58 80
58 79
59 78
59 78
59 77
60 76
60 75
60 74
61 73
61 72
61 72
61 71
61 70
61 69
62 68
62 67
62 66
62 65
62 64
62 64
62 63
62 62
62 61
63 60
63 59
63 58
63 57
63 57
63 56
63 55
63 54
64 53
64 52
64 51
64 50
64 49
64 49
64 48
64 47
64 46
64 45
64 44
64 43
64 42
64 42
64 41
65 40
65 39
65 39
64 38
64 38
64 39
64 39
64 40
63 41
63 42
63 42
63 43
63 44
62 45
62 46
62 47
62 47
62 48
62 49
61 50
61 51
61 52
61 53
61 53
61 54
61 55
61 56
60 57
60 58
60 59
60 60
60 61
60 61
60 62
60 63
60 64
60 65
60 66
60 67
60 67
60 68
60 69
60 70
59 71
59 72
59 73
59 74
59 74
59 75
59 76
59 77
59 78
59 79
59 79
59 80
60 81
60 82
60 83
60 83
60 84
61 85
61 86
61 87
61 87
62 88
62 89
62 89
63 88
63 88
64 87
65 87
65 87
65 86
66 85
66 84
67 83
67 82
67 82
67 81
68 80
68 79
68 78
69 77
69 76
69 76
69 75
70 74
70 73
71 72
71 71
71 70
72 69
72 68
72 68
72 67
72 66
72 65
73 64
73 63
73 62
73 61
73 60
73 60
73 59
74 58
74 57
74 56
74 55
75 54
75 53
75 53
75 52
75 51
75 50
76 49
76 48
76 47
76 46
76 46
76 45
77 44
77 43
77 42
77 42
77 41
77 40
77 40
77 39
77 39
76 39
76 39
76 40
76 41
76 41
75 42
75 43
74 44
74 44
74 45
73 46
73 47
73 48
73 48
73 49
73 50
73 51
72 52
72 53
72 54
72 55
72 56
72 56
72 57
72 58
72 59
72 60
72 61
72 62
72 63
72 63
72 64
72 65
72 66
71 67
71 68
71 69
71 70
71 71
71 71
71 72
71 73
71 74
71 75
71 76
71 77
71 78
71 78
71 79
71 80
70 81
70 82
70 83
70 84
70 84
70 85
71 86
71 87
71 88
71 88
72 89
72 90
72 90
73 90
73 90
74 89
75 88
75 88
75 87
75 86
76 85
76 84
76 83
76 83
76 82
77 81
77 80
77 79
78 78
78 77
78 77
78 76
79 75
79 74
79 73
79 72
80 71
80 70
80 70
80 69
80 68
80 67
81 66
81 65
81 64
81 63
81 63
81 62
82 61
82 60
82 59
83 58
83 57
83 57
83 56
83 55
83 54
83 53
83 53
83 52
84 51
84 50
84 49
84 49
84 48
83 47
83 46
83 46
83 45
83 45
82 44
82 44
82 44
81 45
81 45
81 46
80 47
80 48
80 48
80 49
80 50
79 51
79 52
79 53
79 53
79 54
79 55
79 56
78 57
78 58
78 59
78 60
78 60
78 61
78 62
78 63
77 64
77 65
77 66
77 67
77 68
77 68
77 69
77 70
77 71
76 72
76 73
76 74
76 75
76 76
76 76
76 77
76 78
76 79
76 80
76 81
76 82
76 82
76 83
76 84
76 85
76 86
76 86
76 87
76 88
76 88
77 89
77 89
78 89
78 89
78 88
79 87
79 86
79 86
79 85
80 84
80 83
80 82
80 82
80 81
80 80
81 79
81 78
81 77
81 76
81 76
81 75
81 74
81 73
82 72
82 71
82 70
82 69
82 68
82 68
82 67
82 66
83 65
83 64
83 63
83 62
83 62
83 61
83 60
84 59
84 58
84 57
84 56
84 56
84 55
84 54
84 54
84 55
84 55
84 56
84 56
84 57
84 58
83 59
83 60
83 61
83 61
83 62
83 63
83 64
83 65
83 66
83 66
83 67
83 68
82 69
82 70
82 71
82 72
82 72
82 73
82 74
82 75
82 76
82 77
82 77
82 78
82 79
82 80
82 80
82 81
83 82
83 83
83 83
83 84
83 85
83 85
84 86
84 86
85 86
86 86
86 86
87 85
87 85
88 84
88 83
89 82
89 82
90 81
90 80
91 79
91 78
91 78
91 77
91 76
92 75
92 74
92 73
92 73
92 72
93 71
93 70
93 69
94 68
94 67
94 67
94 66
95 65
95 64
95 63
95 62
96 61
96 60
96 60
96 59
96 58
97 57
97 56
97 55
97 54
97 54
97 53
97 52
97 51
97 50
97 50
97 49
97 48
97 48
97 48
97 48
97 49
97 50
97 51
97 51
97 52
96 53
96 54
96 54
96 55
96 56
96 57
96 58
96 59
96 59
96 60
96 61
95 62
95 63
95 64
95 64
95 65
95 66
94 67
94 68
94 69
94 69
94 70
94 71
94 72
94 73
94 74
94 75
94 75
94 76
94 77
93 78
93 79
93 80
93 80
93 81
93 82
93 83
93 84
93 85
93 85
93 86
94 87
94 88
94 88
94 89
94 90
94 91
94 92
94 92
95 93
95 93
96 93
96 93
97 92
97 91
97 91
97 90
98 89
98 88
98 88
98 87
98 86
99 85
99 84
99 83
99 83
99 82
99 81
99 80
99 79
99 78
99 77
99 76
99 75
99 74
99 73
99 72
99 71
99 70
99 69
99 68
99 67
99 66
99 65
99 64
99 63
99 62
99 61
99 60
99 59
99 58
99 57
99 56
99 55
99 54
99 53
99 52
99 51
99 50
99 49
99 48
99 47
99 46
98 45
98 44
98 43
98 42
98 41
98 40
98 39
98 38
98 37
98 36
98 35
98 34
98 33
98 32
98 31
98 30
98 29
98 28
98 27
98 26
98 25
98 24
98 23
98 22
98 21
98 20
98 19
98 18
98 17
98 16
98 15
98 14
98 13
98 12
98 11
98 10
98 9
98 8
98 7
98 7
98 7
98 7
98 8
98 8
98 9
98 10
98 11
98 11
98 12
98 13
98 14
98 14
98 15
98 16
98 17
98 18
98 18
98 19
98 20
98 20
98 21
98 22
98 22
99 23
99 24
99 24
100 24
