3 5
3 4
4 3
4 2
4 1
4 1
4 0
4 0
4 1
4 2
4 2
4 3
3 4
3 5
3 6
3 6
3 7
3 8
3 9
3 10
3 11
3 12
3 12
3 13
3 14
3 15
3 16
2 17
2 18
2 19
2 20
2 21
2 21
2 22
2 23
2 24
2 25
2 26
2 27
2 28
2 29
2 30
2 31
2 32
2 33
2 33
2 34
2 35
2 36
2 37
2 38
2 39
1 40
1 41
1 42
1 43
1 44
1 45
1 46
1 46
1 47
1 48
1 49
1 50
1 51
1 52
0 53
0 54
0 55
0 56
0 57
0 58
0 59
0 59
0 60
0 61
0 62
0 63
0 64
0 65
0 66
0 67
0 68
0 69
0 70
0 70
0 71
0 72
0 73
0 74
0 75
0 76
0 77
0 78
0 79
0 80
0 81
0 81
0 82
0 83
0 84
0 85
0 86
0 87
0 88
0 88
0 89
0 90
0 91
0 92
0 93
0 93
0 94
0 95
0 96
0 96
0 95
0 95
0 94
0 93
0 92
0 91
0 91
0 90
0 89
0 88
0 87
0 86
0 85
0 84
0 84
0 83
0 82
0 81
0 80
1 79
1 78
1 77
1 76
1 75
1 74
1 74
1 73
1 72
1 71
1 70
1 69
1 68
1 67
1 66
1 65
1 64
1 63
1 62
1 61
1 61
1 60
1 59
1 58
1 57
1 56
1 55
2 54
2 53
2 52
2 51
2 50
2 49
2 48
2 47
2 47
2 46
2 45
2 44
2 43
2 42
2 41
2 40
2 39
2 38
2 37
2 36
2 35
2 34
2 34
2 33
2 32
2 31
2 30
2 29
2 28
2 27
2 26
2 25
2 24
2 24
2 23
2 22
2 21
3 20
3 19
3 18
3 17
3 16
3 16
3 15
3 14
3 13
3 13
3 13
3 14
3 15
3 16
3 16
3 17
3 18
3 19
3 20
3 21
3 22
3 23
3 23
3 24
3 25
3 26
3 27
3 28
3 29
3 30
3 31
3 32
3 32
3 33
3 34
3 35
3 36
3 37
3 38
3 39
3 40
3 41
3 42
3 42
3 43
3 44
3 45
3 46
3 47
3 48
3 49
3 50
3 51
3 51
3 52
3 53
3 54
4 55
4 56
4 57
4 58
4 59
4 59
4 60
4 61
4 62
4 63
4 64
4 65
4 66
4 66
4 67
5 68
5 69
5 70
5 70
5 71
6 72
6 73
6 73
7 74
8 74
8 74
9 73
9 73
9 72
10 71
10 70
10 69
10 69
10 68
10 67
11 66
11 65
11 64
11 64
11 63
11 62
12 61
12 60
12 59
12 58
13 57
13 56
13 55
13 55
13 54
13 53
13 52
13 51
14 50
14 49
14 48
14 47
14 46
14 45
14 45
14 44
14 43
14 42
14 41
15 40
15 39
15 38
15 37
15 36
15 35
15 35
15 34
15 33
16 32
16 31
16 30
16 29
16 28
17 27
17 26
17 25
17 25
17 24
17 23
17 22
18 21
18 20
18 19
18 18
18 18
18 17
19 16
19 15
19 14
19 14
19 13
19 13
19 14
19 15
19 15
19 16
19 17
19 18
19 18
19 19
19 20
19 21
18 22
18 23
18 24
18 25
18 25
18 26
18 27
18 28
18 29
18 30
18 31
18 32
18 33
18 33
18 34
18 35
18 36
18 37
17 38
17 39
17 40
17 41
17 42
17 42
17 43
17 44
17 45
17 46
17 47
17 48
17 49
17 50
17 51
17 52
17 52
17 53
17 54
17 55
17 56
16 57
16 58
16 59
16 60
16 61
16 62
16 62
16 63
16 64
16 65
16 66
16 67
16 68
16 69
16 70
16 71
16 72
16 72
16 73
16 74
16 75
16 76
16 77
16 78
16 79
16 80
16 81
16 81
16 82
16 83
17 84
17 85
17 86
17 87
17 87
17 88
18 89
18 90
18 91
18 91
19 92
19 93
19 93
20 92
20 92
20 91
21 90
21 89
21 89
21 88
21 87
22 86
22 85
22 84
22 84
22 83
23 82
23 81
23 80
24 79
24 78
24 78
24 77
24 76
24 75
25 74
25 73
25 72
25 71
25 71
25 70
26 69
26 68
26 67
26 66
27 65
27 64
27 63
27 63
27 62
27 61
27 60
28 59
28 58
28 57
28 56
28 56
28 55
28 54
29 53
29 52
29 51
29 51
29 50
29 49
29 48
29 47
29 47
29 46
30 45
30 44
30 44
30 43
30 42
30 42
30 41
30 41
29 40
29 40
29 41
29 41
28 42
28 42
28 43
28 44
28 45
28 46
28 46
28 47
28 48
28 49
27 50
27 51
27 52
27 53
27 53
27 54
27 55
27 56
26 57
26 58
26 59
26 60
26 61
26 61
26 62
26 63
26 64
26 65
26 66
26 67
26 68
26 69
26 70
26 70
26 71
26 72
26 73
25 74
25 75
25 76
25 77
25 78
25 78
25 79
25 80
25 81
25 82
25 83
25 84
25 84
25 85
26 86
26 87
26 88
26 88
26 89
26 90
26 90
27 91
27 91
28 90
28 90
28 89
29 88
29 87
29 87
29 86
30 85
30 84
30 83
30 83
30 82
30 81
31 80
31 79
31 78
31 77
31 77
31 76
31 75
31 74
32 73
32 72
32 71
32 70
32 70
32 69
32 68
32 67
32 66
32 65
32 64
32 63
32 62
32 62
32 61
32 60
32 59
33 58
33 57
33 56
33 55
33 54
33 54
33 53
33 52
33 51
33 50
33 49
33 48
33 47
33 46
33 46
33 45
33 44
33 43
33 42
33 41
33 40
33 40
33 39
33 38
33 37
33 36
33 35
33 35
33 34
32 33
32 32
32 32
32 31
32 30
32 30
32 30
31 31
31 31
31 32
31 33
31 34
31 34
31 35
31 36
30 37
30 38
30 39
30 39
30 40
30 41
30 42
30 43
30 44
30 45
30 45
30 46
30 47
30 48
30 49
30 50
30 51
30 51
30 52
30 53
30 54
30 55
30 56
30 56
30 57
31 58
31 59
31 59
31 60
31 61
31 61
32 62
32 62
33 61
34 61
34 61
34 60
35 59
35 58
35 58
36 57
36 56
37 55
37 54
37 54
38 53
38 52
39 51
39 50
39 50
39 49
40 48
40 47
40 46
40 46
41 45
41 44
42 43
42 42
42 42
42 41
43 40
43 39
43 38
43 38
43 37
43 36
43 35
43 35
44 34
44 34
44 34
44 35
44 36
44 36
44 37
44 38
44 39
44 40
44 40
44 41
44 42
44 43
44 44
44 44
44 45
44 46
44 47
44 48
44 49
44 50
44 50
44 51
44 52
43 53
43 54
43 55
43 56
43 56
43 57
43 58
43 59
43 60
43 61
43 62
43 63
43 63
43 64
43 65
43 66
43 67
43 68
43 69
43 70
43 70
43 71
43 72
43 73
43 74
43 75
43 76
43 77
43 77
43 78
43 79
43 80
43 81
43 82
43 83
43 83
43 84
43 85
43 86
43 87
43 88
43 88
43 89
43 90
44 91
44 92
44 93
44 93
44 94
44 95
44 96
44 97
44 97
44 98
45 99
45 100
45 100
45 99
46 98
46 97
46 96
46 95
47 94
47 93
47 92
48 91
48 90
48 89
48 88
49 87
49 86
49 85
49 84
50 83
50 82
50 81
51 80
51 79
51 78
51 77
52 76
52 75
52 74
53 73
53 72
53 71
53 70
54 69
54 68
54 67
54 66
55 65
55 64
55 64
55 63
55 62
55 62
55 61
54 60
54 59
54 59
54 58
54 57
54 56
54 55
54 54
54 54
53 53
53 53
53 52
53 52
52 53
52 53
52 54
52 55
52 55
52 56
52 57
51 58
51 59
51 60
51 60
51 61
51 62
51 63
51 64
51 65
51 66
51 67
51 67
51 68
51 69
51 70
50 71
50 72
50 73
50 74
50 74
50 75
50 76
50 77
50 78
50 79
50 80
50 81
50 81
50 82
50 83
50 84
50 85
50 86
50 87
50 87
50 88
50 89
50 90
50 91
50 92
50 92
50 93
50 94
50 95
50 95
51 96
51 97
51 97
51 97
51 96
52 95
52 94
52 94
52 93
52 92
53 91
53 90
53 89
53 88
53 88
53 87
54 86
54 85
54 84
54 83
55 82
55 81
55 81
55 80
55 79
55 78
55 77
56 76
56 75
56 74
56 73
56 72
56 71
56 71
56 70
56 69
57 68
57 67
57 66
57 65
57 64
57 63
58 62
58 61
58 60
58 60
58 59
58 58
58 57
58 56
58 55
58 54
59 53
59 52
59 51
59 50
59 49
59 48
59 47
59 47
59 46
59 45
59 44
59 43
59 42
60 41
60 40
60 39
60 38
60 37
60 36
60 36
60 35
60 34
60 33
60 32
60 31
61 30
61 29
61 28
61 27
61 26
61 25
61 25
61 24
61 23
61 22
61 21
61 20
61 19
61 18
61 17
61 17
61 16
61 15
61 14
61 13
61 13
61 12
61 12
61 13
61 13
61 14
61 15
60 16
60 17
60 18
60 18
60 19
60 20
60 21
59 22
59 23
59 24
59 25
59 26
59 26
59 27
59 28
59 29
59 30
58 31
58 32
58 33
58 34
58 35
58 35
58 36
58 37
58 38
58 39
58 40
57 41
57 42
57 43
57 44
57 45
57 46
57 46
57 47
57 48
57 49
57 50
57 51
56 52
56 53
56 54
56 55
56 56
56 57
56 58
56 58
56 59
56 60
56 61
56 62
56 63
56 64
56 65
56 66
56 67
56 68
56 69
56 69
56 70
56 71
56 72
56 73
55 74
55 75
55 76
55 77
55 78
55 78
55 79
55 80
55 81
56 82
56 83
56 84
56 85
56 85
56 86
57 87
57 88
57 89
57 89
58 90
58 91
58 91
59 92
59 92
60 91
60 90
60 90
61 89
61 88
62 87
62 87
63 86
63 85
64 84
64 83
64 83
64 82
64 81
64 80
65 79
65 78
65 77
65 76
65 76
65 75
66 74
66 73
66 72
66 71
67 70
67 69
67 69
67 68
67 67
67 66
67 65
68 64
68 63
68 62
68 61
68 60
68 60
68 59
68 58
68 57
69 56
69 55
69 54
69 53
69 52
69 52
69 51
69 50
70 49
70 48
70 47
70 47
70 46
70 45
70 44
70 43
70 43
70 43
69 44
69 44
69 45
68 46
68 47
68 47
68 48
68 49
67 50
67 51
67 52
67 53
67 53
67 54
67 55
67 56
66 57
66 58
66 59
66 60
66 60
66 61
66 62
66 63
65 64
65 65
65 66
65 67
65 68
65 68
65 69
65 70
65 71
64 72
64 73
64 74
64 75
64 76
64 76
64 77
64 78
63 79
63 80
63 81
63 82
63 82
63 83
63 84
63 85
63 86
63 87
63 88
63 88
63 89
63 90
63 91
63 92
63 92
63 93
64 94
64 95
64 95
65 96
65 97
65 97
65 96
66 95
66 94
66 93
67 92
67 91
67 90
68 89
68 88
68 87
69 86
69 85
70 84
70 83
70 82
71 81
71 80
71 79
72 78
72 77
72 76
73 75
73 74
73 73
74 72
74 71
74 70
75 69
75 68
75 67
76 66
76 65
76 64
77 63
77 62
77 61
78 60
78 59
79 58
79 57
79 56
80 55
80 54
80 53
81 52
81 51
81 50
82 49
82 48
82 47
83 46
83 45
83 45
83 44
83 43
83 42
83 42
82 41
82 41
82 40
82 40
81 41
81 41
80 42
80 42
80 43
79 44
79 45
79 45
79 46
78 47
78 48
77 49
77 50
77 50
77 51
77 52
76 53
76 54
76 55
76 56
76 56
76 57
76 58
76 59
76 60
75 61
75 62
75 63
75 64
75 65
75 65
75 66
75 67
75 68
74 69
74 70
74 71
74 72
74 72
74 73
74 74
73 75
73 76
73 77
73 78
73 78
73 79
73 80
73 81
73 82
73 83
73 83
73 84
73 85
73 86
73 86
74 87
74 87
75 87
75 87
75 86
76 85
76 84
77 83
77 82
78 81
78 80
79 79
79 78
80 77
80 76
80 76
80 75
80 74
81 73
81 72
81 71
81 70
82 69
82 68
82 67
82 66
83 65
83 64
83 63
83 63
83 62
84 61
84 60
84 59
85 58
85 57
85 57
85 56
85 55
86 54
86 53
86 52
86 52
86 51
87 50
87 49
87 48
87 48
87 47
87 47
86 46
86 46
86 46
85 46
85 46
84 47
84 48
84 48
84 49
83 50
83 51
83 51
83 52
83 53
82 54
82 55
82 56
82 56
82 57
82 58
81 59
81 60
81 61
81 62
81 62
81 63
81 64
81 65
80 66
80 67
80 68
80 69
80 69
80 70
80 71
80 72
80 73
80 74
80 75
80 75
80 76
80 77
80 78
80 79
80 79
80 80
80 81
80 82
80 82
80 83
80 83
81 83
81 83
82 82
82 81
82 81
82 80
83 79
83 78
83 77
83 77
83 76
84 75
84 74
84 73
85 72
85 71
85 71
85 70
85 69
85 68
86 67
86 66
86 65
86 64
86 64
86 63
86 62
87 61
87 60
87 59
87 58
87 58
87 57
87 56
88 55
88 54
88 53
88 52
88 52
89 51
89 50
89 50
89 50
88 50
88 50
88 51
88 52
88 53
88 54
88 54
88 55
88 56
87 57
87 58
87 59
87 59
87 60
87 61
86 62
86 63
86 64
86 64
86 65
86 66
86 67
86 68
86 69
86 70
86 70
86 71
86 72
86 73
86 74
86 74
86 75
86 76
86 77
86 78
86 78
87 79
87 80
87 80
87 81
87 81
88 82
89 82
89 82
90 81
90 81
91 80
91 79
91 79
92 78
92 77
93 76
93 76
94 75
94 74
95 73
95 72
95 72
95 71
96 70
96 69
96 68
96 68
96 67
97 66
97 65
97 64
97 64
97 63
97 62
98 61
98 60
98 59
98 58
98 58
98 57
99 56
99 55
99 54
99 54
99 53
99 53
99 53
99 53
99 53
98 54
98 54
98 55
98 55
98 56
98 57
98 57
98 58
97 59
97 60
97 61
97 61
97 62
97 63
97 64
97 65
97 65
97 66
97 67
97 68
97 69
97 70
97 70
97 71
97 72
96 73
96 74
96 75
96 76
96 76
96 77
96 78
96 79
96 80
96 81
96 81
96 82
96 83
96 84
96 85
96 85
96 86
96 87
96 88
96 88
96 89
96 89
97 90
97 90
97 89
97 88
97 88
97 87
97 86
97 85
97 84
97 83
97 82
97 81
97 80
97 79
97 78
97 77
97 76
97 75
97 74
97 73
97 72
97 71
97 70
97 69
97 68
97 67
97 66
97 65
97 64
97 63
97 62
97 61
97 60
97 59
97 58
97 57
97 56
97 55
97 54
97 53
98 52
98 51
98 50
98 49
98 48
98 47
98 46
98 45
98 44
98 43
98 42
98 41
98 40
98 39
98 38
98 37
98 36
98 35
98 34
98 33
98 32
98 31
98 30
98 29
98 28
98 27
98 26
98 25
98 24
98 23
98 22
98 21
98 20
98 19
98 18
98 17
98 17
98 16
98 16
97 15
97 14
97 14
97 13
97 13
97 14
97 14
98 15
98 15
98 16
98 17
98 17
98 18
98 19
98 19
98 20
98 21
98 22
98 22
98 23
98 24
98 25
98 25
99 26
99 27
99 27
99 28
99 28
100 29
