2 5
3 4
3 4
3 5
3 5
2 6
2 6
2 7
2 8
2 9
2 10
2 10
2 11
2 12
2 13
2 14
2 15
2 15
2 16
2 17
2 18
2 19
2 20
2 21
2 22
2 23
2 23
2 24
2 25
2 26
2 27
2 28
2 29
2 30
2 31
2 32
2 33
2 34
2 34
2 35
2 36
2 37
2 38
2 39
2 40
2 41
2 42
2 43
2 44
2 45
2 46
2 47
2 48
2 48
2 49
2 50
2 51
2 52
2 53
2 54
2 55
2 56
2 57
2 58
2 59
2 60
2 61
2 62
2 62
2 63
2 64
2 65
2 66
2 67
1 68
1 69
1 70
1 71
1 72
1 73
1 74
1 74
1 75
1 76
1 77
1 78
1 79
1 80
1 81
1 82
1 83
1 84
1 85
1 86
1 86
1 87
1 88
1 89
1 90
1 91
1 92
1 93
1 93
1 94
1 95
1 96
1 97
1 97
1 98
2 99
2 100
2 100
2 100
2 99
2 98
2 98
2 97
2 96
1 95
1 94
1 93
1 93
1 92
1 91
1 90
1 89
1 88
1 87
1 86
1 85
1 84
1 83
1 82
1 81
1 80
1 79
1 78
1 77
1 76
1 75
1 74
1 73
1 72
1 71
1 70
1 69
0 68
0 67
0 66
0 65
0 64
0 63
0 62
0 61
0 60
0 59
0 58
0 57
0 56
0 55
0 54
0 53
0 52
0 51
0 50
0 49
0 48
0 47
0 46
0 45
0 44
0 43
0 43
0 42
0 41
0 40
0 39
0 38
0 37
0 36
0 35
0 34
0 33
0 32
0 31
0 30
0 29
0 28
0 27
0 26
0 25
0 24
0 24
0 23
0 22
0 21
0 20
0 19
0 18
0 18
0 17
0 16
0 15
0 15
0 15
0 15
0 16
0 17
0 18
0 18
0 19
1 20
1 21
1 21
1 22
1 23
1 24
1 25
1 26
1 27
1 27
1 28
1 29
1 30
1 31
2 32
2 33
2 34
2 35
2 36
2 36
2 37
2 38
2 39
2 40
3 41
3 42
3 43
3 44
3 45
3 46
3 46
3 47
3 48
3 49
3 50
4 51
4 52
4 53
4 54
4 55
4 56
4 56
4 57
4 58
4 59
4 60
5 61
5 62
5 63
5 64
5 65
5 65
5 66
5 67
5 68
5 69
6 70
6 71
6 72
6 73
6 74
6 74
7 75
7 76
8 77
8 78
8 78
9 79
9 80
9 80
10 80
10 80
11 79
11 78
11 78
11 77
11 76
12 75
12 74
12 73
12 73
12 72
12 71
12 70
13 69
13 68
13 67
13 66
13 66
13 65
13 64
13 63
13 62
13 61
13 60
13 59
13 58
13 57
13 56
13 56
13 55
13 54
13 53
13 52
13 51
14 50
14 49
14 48
14 47
14 46
14 45
14 44
14 44
14 43
14 42
14 41
14 40
14 39
15 38
15 37
15 36
15 35
15 34
15 33
15 32
15 32
15 31
15 30
15 29
15 28
15 27
16 26
16 25
16 24
16 23
16 22
16 21
16 20
16 20
16 19
16 18
16 17
16 16
17 15
17 14
17 13
17 12
17 11
17 11
17 10
17 9
17 8
17 7
17 6
17 5
17 5
17 4
17 3
17 2
17 2
17 1
17 0
17 0
17 1
17 1
17 2
17 3
17 3
17 4
17 5
17 6
17 7
17 8
17 9
17 9
17 10
17 11
17 12
17 13
17 14
17 15
17 16
17 17
17 18
17 19
17 19
17 20
17 21
17 22
17 23
17 24
17 25
17 26
17 27
17 28
17 29
17 30
17 30
17 31
17 32
17 33
17 34
17 35
17 36
17 37
17 38
17 39
17 40
17 41
17 42
17 43
17 43
17 44
17 45
17 46
17 47
17 48
17 49
17 50
17 51
17 52
17 53
17 54
17 55
17 56
17 57
17 57
17 58
17 59
17 60
17 61
17 62
18 63
18 64
18 65
18 66
18 67
18 68
18 68
18 69
18 70
18 71
18 72
19 73
19 74
19 75
19 76
19 77
19 77
19 78
19 79
20 80
20 81
20 82
20 82
21 83
21 84
21 84
21 83
21 82
22 81
22 80
22 79
22 78
23 77
23 76
23 75
23 74
24 73
24 72
24 71
24 70
25 69
25 68
25 67
25 66
26 65
26 64
26 63
26 62
27 61
27 60
27 59
27 59
27 58
27 57
27 56
27 55
27 54
27 53
27 53
26 52
26 51
26 51
26 50
26 50
26 50
25 51
25 51
25 52
25 53
25 53
25 54
24 55
24 56
24 57
24 57
24 58
24 59
24 60
24 61
24 62
24 62
24 63
24 64
24 65
24 66
24 67
24 68
24 68
24 69
24 70
24 71
24 72
24 73
24 73
24 74
25 75
25 76
25 77
25 77
25 78
25 79
25 80
25 80
26 80
26 80
27 79
27 78
27 78
27 77
28 76
28 75
28 75
28 74
28 73
28 72
28 71
28 71
28 70
29 69
29 68
29 67
29 67
29 66
29 65
29 64
29 63
29 63
29 62
28 61
28 60
28 60
28 59
28 58
28 57
28 57
27 56
27 56
26 56
26 56
26 56
25 57
25 57
25 58
25 58
25 58
25 58
25 58
26 59
26 59
26 60
26 60
27 60
27 60
28 60
29 60
29 60
30 60
30 60
31 60
32 60
33 60
33 60
34 59
35 58
35 58
36 57
37 57
37 57
38 56
39 56
39 56
40 55
40 54
40 54
40 53
40 52
40 52
39 51
39 51
39 51
39 52
39 52
39 52
39 53
39 54
39 55
39 55
39 56
39 57
39 58
39 58
39 59
39 60
39 61
39 62
39 63
39 63
39 64
39 65
39 66
39 67
39 68
39 68
39 69
40 70
40 71
40 72
40 72
40 73
40 74
40 75
40 75
40 76
40 76
40 76
40 75
40 75
40 74
40 73
40 72
40 72
40 71
40 70
40 69
40 68
40 68
40 67
40 66
40 65
40 64
40 63
40 62
40 62
40 61
40 60
40 59
40 58
40 57
40 56
40 56
40 55
41 54
41 53
41 52
41 52
41 51
41 50
41 49
41 48
41 47
41 47
42 46
42 45
43 44
43 44
44 43
44 43
45 42
46 41
46 41
47 40
47 40
48 41
48 42
49 43
49 44
50 45
50 46
51 47
51 48
52 49
52 50
53 51
53 52
53 52
53 53
54 54
54 55
54 56
54 56
54 56
54 56
53 55
53 55
53 54
53 53
53 53
52 52
52 51
52 51
52 50
51 49
51 48
51 47
51 47
51 46
51 45
51 44
51 44
50 43
50 42
50 42
50 41
50 41
49 42
49 42
49 43
49 44
49 44
49 45
48 46
48 47
48 48
48 48
48 49
48 50
48 51
48 52
48 53
48 53
48 54
48 55
48 56
48 57
48 58
48 59
48 60
48 61
48 61
48 62
48 63
48 64
48 65
48 66
48 67
48 67
48 68
48 69
48 70
48 71
48 72
48 72
49 73
49 74
49 74
50 74
50 74
51 73
51 73
51 72
52 71
52 70
52 69
52 69
52 68
52 67
52 66
53 65
53 64
53 63
53 62
53 62
53 61
53 60
53 59
53 58
53 57
53 56
53 55
53 55
53 54
53 53
53 52
53 51
54 50
54 49
54 48
54 47
54 46
54 46
54 45
54 44
54 43
54 42
55 41
55 40
55 39
55 38
55 37
55 36
55 36
55 35
55 34
55 33
55 32
56 31
56 30
56 29
56 28
56 27
56 26
56 26
56 25
56 24
56 23
56 22
56 21
56 20
56 19
56 19
56 18
56 17
56 16
56 15
56 14
56 14
56 13
55 12
55 11
55 10
55 10
55 9
55 9
55 9
54 10
54 10
54 11
54 11
54 11
53 12
53 12
53 13
53 13
53 14
53 14
53 14
53 14
53 15
53 15
53 15
53 15
53 16
53 16
53 17
53 17
53 18
53 18
53 19
53 19
53 20
53 21
53 21
52 22
52 23
52 23
52 24
52 25
52 26
52 26
52 27
51 28
51 29
51 30
51 30
51 31
51 32
51 33
51 34
51 34
51 35
51 36
51 37
51 38
51 38
51 39
51 40
51 41
51 42
51 43
51 43
51 44
51 45
51 46
51 47
51 48
51 48
51 49
51 50
51 51
51 52
51 53
51 54
51 54
51 55
51 56
51 57
52 58
52 59
52 60
52 61
52 61
52 62
52 63
53 64
53 65
53 66
53 67
53 67
53 68
53 69
54 70
54 71
54 72
54 72
54 73
55 74
55 75
55 76
55 76
56 77
56 77
57 78
58 78
58 78
59 77
59 76
59 76
60 75
61 74
61 74
61 73
62 72
62 71
62 70
62 70
62 69
63 68
63 67
64 66
64 65
64 65
64 64
65 63
65 62
65 61
65 61
65 60
65 59
66 58
66 57
66 56
66 56
66 55
67 54
67 53
67 53
67 52
67 51
67 51
67 50
67 50
67 50
66 49
66 49
65 49
65 49
65 49
65 49
64 49
64 49
64 49
64 48
64 48
64 48
64 48
64 48
64 48
64 48
64 48
64 48
64 49
64 49
63 50
63 50
63 51
63 52
63 52
63 53
63 54
63 54
63 55
62 56
62 57
62 58
62 58
62 59
62 60
62 61
62 61
62 62
62 63
62 64
62 65
62 65
62 66
62 67
62 68
62 68
62 69
63 70
63 71
63 72
63 72
63 73
63 74
63 75
63 75
63 76
64 77
64 78
64 78
65 79
66 79
66 79
67 78
68 78
68 78
69 77
70 76
70 76
71 75
71 74
72 73
72 72
72 72
73 71
73 70
74 69
74 68
74 68
75 67
75 66
76 65
76 64
76 64
76 63
76 62
77 61
77 60
77 59
77 58
77 57
78 56
78 55
78 54
78 54
78 53
78 52
78 51
78 51
78 50
78 50
77 50
77 50
77 50
76 50
76 50
75 51
75 51
74 52
74 52
73 53
73 53
73 54
73 55
73 55
73 56
73 57
73 58
73 58
73 59
73 60
73 61
73 61
73 62
74 63
74 64
74 64
74 65
75 66
75 67
75 67
75 68
76 69
76 70
76 70
77 71
77 72
77 72
78 72
79 72
79 72
80 71
81 71
81 71
82 70
82 70
83 69
84 68
84 67
85 66
85 66
86 65
86 64
86 64
86 63
87 62
87 61
87 61
87 60
88 59
88 58
88 58
88 57
89 56
89 55
89 55
89 54
89 53
89 52
89 52
88 51
88 50
88 50
88 49
88 49
87 48
87 48
86 49
86 49
85 50
85 50
85 51
84 52
84 53
84 53
84 54
83 55
83 56
83 56
83 57
83 58
83 59
83 60
83 60
83 61
83 62
83 63
83 64
83 64
83 65
83 66
83 67
83 67
83 68
83 69
83 69
84 70
84 70
84 70
85 69
85 68
85 68
86 67
86 66
86 66
87 65
87 64
88 63
88 63
88 62
89 61
89 60
89 60
90 59
90 59
91 59
91 59
92 60
92 60
92 61
93 62
93 63
93 63
93 64
94 65
94 66
94 66
94 67
95 68
95 69
95 69
96 70
96 71
96 71
96 71
97 71
97 71
98 70
98 69
98 69
98 68
98 67
98 66
98 66
98 65
98 64
98 63
98 62
98 62
98 61
99 60
99 59
99 59
99 58
99 57
99 56
99 55
99 55
99 54
99 54
100 55
100 56
100 56
100 57
100 58
100 58
100 59
100 60
100 61
100 62
100 62
100 63
99 64
99 65
99 65
99 66
99 67
99 68
99 68
99 69
99 70
99 70
99 69
99 69
98 68
98 67
98 67
98 66
98 65
98 64
98 63
98 63
98 62
98 61
98 60
98 59
98 58
98 57
98 56
98 55
98 54
98 53
98 52
98 51
98 51
98 50
98 49
98 48
98 47
98 46
98 45
98 44
98 43
99 42
99 41
99 40
99 39
99 38
99 37
99 36
99 35
99 34
99 34
99 33
99 32
99 31
99 31
99 30
99 30
