4 6
4 5
4 4
4 3
4 3
4 2
4 2
4 1
4 1
4 0
4 0
4 0
4 1
4 1
4 2
4 3
4 4
4 4
4 5
4 6
3 7
3 8
3 9
3 10
3 10
3 11
3 12
3 13
3 14
3 15
3 16
3 17
3 18
3 19
3 20
3 20
3 21
3 22
3 23
3 24
3 25
2 26
2 27
2 28
2 29
2 30
2 31
2 31
2 32
2 33
2 34
2 35
2 36
2 37
2 38
2 39
2 40
2 41
2 42
2 43
2 44
2 44
2 45
2 46
2 47
2 48
2 49
1 50
1 51
1 52
1 53
1 54
1 55
1 56
1 56
1 57
1 58
1 59
1 60
1 61
1 62
1 63
1 64
1 65
1 66
1 67
1 67
1 68
1 69
1 70
0 71
0 72
0 73
0 74
0 75
0 75
0 76
0 77
0 78
0 79
0 80
0 81
0 82
0 82
0 83
0 84
0 85
0 86
0 87
0 87
0 88
0 89
0 90
0 90
0 91
0 92
0 93
0 93
0 94
0 94
0 95
0 95
0 94
0 94
0 93
0 92
0 91
0 90
0 89
0 88
0 87
0 86
0 85
0 84
0 83
0 82
1 81
1 80
1 79
1 78
1 77
1 76
1 75
1 74
1 73
1 72
1 71
1 70
1 69
1 68
1 67
1 66
1 65
1 64
1 63
1 62
1 61
1 60
1 59
1 58
2 57
2 56
2 55
2 54
2 53
2 52
2 51
2 50
2 49
2 48
2 47
2 46
2 45
2 44
2 43
2 42
2 41
2 40
2 39
2 38
2 37
2 36
2 35
2 34
2 33
3 32
3 31
3 30
3 29
3 28
3 27
3 26
3 25
3 24
3 23
3 22
3 21
3 20
3 20
4 19
4 18
4 18
4 17
4 16
4 15
4 14
4 14
4 13
4 13
4 14
4 14
4 15
4 15
4 16
4 17
4 17
4 18
4 19
4 20
4 21
4 21
4 22
4 23
4 24
4 25
4 26
4 26
4 27
4 28
4 29
4 30
4 31
4 32
4 33
4 33
4 34
4 35
5 36
5 37
5 38
5 39
5 39
5 40
5 41
5 42
5 43
5 44
5 44
5 45
5 46
5 47
5 48
5 48
5 49
6 50
6 51
6 51
6 52
6 52
6 53
6 54
6 54
7 54
7 54
7 53
7 52
7 52
7 51
8 50
8 49
8 49
8 48
8 47
8 46
8 45
8 45
8 44
8 43
8 42
9 41
9 40
9 39
9 38
9 38
9 37
9 36
9 35
10 34
10 33
10 32
10 31
10 31
10 30
10 29
10 28
11 27
11 26
11 25
11 24
11 23
11 23
11 22
11 21
11 20
11 19
11 18
11 17
11 16
11 16
11 15
12 14
12 13
12 12
12 12
12 11
12 11
12 11
12 12
11 13
11 14
11 15
11 15
11 16
11 17
11 18
11 19
11 20
11 20
11 21
11 22
11 23
11 24
10 25
10 26
10 27
10 28
10 29
10 29
10 30
10 31
10 32
10 33
10 34
10 35
10 36
10 37
10 38
10 39
10 40
10 41
10 41
10 42
10 43
10 44
10 45
10 46
10 47
10 48
10 49
10 50
10 51
10 52
10 53
10 54
10 54
10 55
10 56
10 57
10 58
10 59
10 60
9 61
9 62
9 63
9 64
9 65
9 66
9 67
9 67
9 68
9 69
9 70
9 71
10 72
10 73
10 74
10 75
10 76
10 77
10 77
10 78
10 79
10 80
10 81
10 82
10 83
10 84
10 85
10 85
10 86
10 87
10 88
10 89
10 90
10 90
10 91
10 92
10 93
10 93
10 94
10 95
10 96
10 96
10 97
10 98
10 98
10 99
10 99
10 100
10 100
11 100
11 100
11 99
11 98
12 97
12 96
12 95
12 94
12 93
12 92
13 91
13 90
13 89
13 88
13 87
13 86
14 85
14 84
14 83
14 82
14 81
14 80
15 79
15 78
15 77
15 76
15 75
15 74
16 73
16 72
16 71
16 70
16 69
16 68
17 67
17 66
17 65
17 64
17 63
17 62
18 61
18 60
18 59
18 58
18 57
18 56
19 55
19 54
19 53
19 52
19 51
19 50
20 49
20 48
20 47
20 47
21 47
21 47
21 46
21 45
21 44
21 43
21 43
21 42
21 42
20 43
20 43
20 44
20 44
20 45
20 46
20 47
20 48
20 48
20 49
19 50
19 51
19 52
19 52
19 53
19 54
19 55
19 56
19 57
19 58
19 59
19 59
19 60
19 61
19 62
19 63
18 64
18 65
18 66
18 67
18 68
18 68
18 69
18 70
18 71
18 72
18 73
18 74
18 75
18 76
18 77
18 77
18 78
18 79
18 80
18 81
18 82
18 83
18 84
18 85
18 86
18 86
18 87
18 88
18 89
18 90
18 91
18 92
18 92
18 93
19 94
19 95
19 96
19 96
19 97
19 98
19 98
19 99
19 100
19 100
20 100
20 100
20 99
20 99
20 98
21 97
21 96
21 96
21 95
22 94
22 93
22 92
22 92
22 91
22 90
23 89
23 88
23 87
23 87
23 86
23 85
23 84
23 83
23 82
23 81
23 80
23 80
23 79
23 78
23 77
24 76
24 75
24 74
24 73
24 72
24 72
24 71
24 70
24 69
24 68
24 67
24 66
24 65
24 65
24 64
24 63
24 62
25 61
25 60
25 59
25 58
25 58
25 57
25 56
25 55
25 54
25 53
25 52
25 52
25 51
25 50
24 49
24 48
24 47
24 47
24 46
24 45
24 44
24 44
23 43
23 42
23 42
23 41
23 41
22 41
21 41
21 41
20 42
20 42
19 43
19 44
19 44
19 45
19 46
19 47
19 48
19 48
19 49
18 50
18 51
18 52
18 52
18 53
18 54
18 55
18 56
18 57
18 57
18 58
18 59
17 60
17 61
17 62
17 62
17 63
17 64
17 65
17 66
17 66
17 67
18 68
18 69
18 70
18 70
18 71
18 72
18 73
18 73
19 74
19 75
19 75
19 76
19 76
20 76
20 76
21 75
21 75
22 74
22 73
22 73
23 72
23 71
23 71
23 70
24 69
24 68
24 67
24 67
24 66
24 65
25 64
25 63
25 62
25 62
25 61
25 60
26 59
26 58
26 57
26 57
26 56
26 55
27 54
27 53
27 52
27 52
27 51
27 50
27 49
27 48
27 47
27 47
27 46
28 45
28 44
28 43
28 43
28 42
28 41
28 40
28 39
28 39
28 38
28 37
28 37
28 36
28 35
28 34
28 34
28 33
28 33
28 32
28 32
28 31
28 31
29 31
29 31
29 31
29 31
30 30
30 30
30 30
31 29
31 29
31 29
32 29
32 29
32 30
32 30
33 31
33 32
33 32
33 33
33 34
33 35
33 35
33 36
33 37
33 38
33 39
33 40
33 41
33 41
33 42
33 43
33 44
32 45
32 46
32 47
32 48
32 48
32 49
32 50
32 51
32 52
32 53
32 54
32 55
32 56
32 56
32 57
32 58
32 59
31 60
31 61
31 62
31 63
31 64
31 64
31 65
31 66
31 67
31 68
31 69
31 70
31 70
31 71
32 72
32 73
32 74
32 74
32 75
32 76
32 77
32 77
32 78
32 79
32 79
32 80
32 81
32 81
33 81
33 81
33 81
34 80
34 79
34 79
34 78
34 77
34 76
34 76
34 75
34 74
35 73
35 72
35 71
35 71
35 70
35 69
36 68
36 67
36 66
36 66
36 65
36 64
37 63
37 62
37 61
37 61
37 60
37 59
37 58
37 57
37 56
37 55
37 55
37 54
37 53
38 52
38 51
38 50
38 50
38 49
38 48
38 47
38 47
38 46
38 46
38 45
38 45
38 45
38 45
38 45
38 45
38 45
38 45
38 45
38 45
38 45
38 45
38 45
39 46
39 47
40 48
40 49
41 50
42 51
42 52
43 53
43 54
44 55
45 56
45 57
46 58
47 59
47 60
48 61
48 62
49 63
50 64
50 65
51 66
51 67
52 68
52 68
52 67
52 66
52 66
52 65
52 65
52 64
52 64
52 63
52 63
52 62
52 61
52 61
52 60
52 59
52 59
52 58
52 57
52 56
52 56
52 55
53 54
53 53
53 52
53 52
53 51
53 50
53 49
53 49
53 48
53 47
53 46
53 46
53 45
53 44
53 43
53 43
52 42
52 41
52 41
52 40
52 39
52 38
52 38
51 37
51 36
51 36
50 35
50 35
50 36
50 36
49 37
49 38
49 38
49 39
48 40
48 41
48 42
48 42
48 43
48 44
47 45
47 46
47 47
47 48
47 48
47 49
47 50
47 51
47 52
47 53
47 54
47 55
47 56
47 57
47 57
47 58
47 59
47 60
47 61
46 62
46 63
46 64
46 65
46 66
46 66
46 67
46 68
46 69
46 70
46 71
46 72
46 73
46 74
46 75
46 75
46 76
46 77
46 78
47 79
47 80
47 81
47 82
47 83
47 83
47 84
47 85
47 86
47 87
47 87
48 88
48 89
48 89
48 90
48 90
49 89
49 89
49 88
49 87
49 87
50 86
50 85
50 85
50 84
50 83
51 82
51 81
51 80
51 80
51 79
51 78
51 77
52 76
52 75
52 74
52 73
52 73
52 72
52 71
52 70
52 69
52 68
52 67
52 66
52 65
52 64
52 64
52 63
52 62
52 61
52 60
52 59
53 58
53 57
53 56
53 55
53 54
53 53
53 53
53 52
53 51
53 50
53 49
53 48
54 47
54 46
54 45
54 44
54 43
54 42
54 41
54 41
54 40
54 39
54 38
54 37
54 36
54 35
55 34
55 33
55 32
55 31
55 30
55 29
55 28
55 28
55 27
55 26
55 25
55 24
55 23
56 22
56 21
56 20
56 19
56 18
56 17
56 17
56 16
56 15
56 14
56 13
56 12
56 11
56 10
56 10
56 9
56 8
56 7
56 6
56 6
56 5
56 5
56 5
56 6
56 7
56 7
56 8
55 9
55 10
55 11
55 11
55 12
55 13
55 14
55 15
55 16
55 17
55 18
55 18
55 19
55 20
55 21
55 22
54 23
54 24
54 25
54 26
54 27
54 27
54 28
54 29
54 30
54 31
54 32
54 33
54 34
54 35
54 36
54 37
54 38
54 39
54 39
54 40
54 41
54 42
54 43
53 44
53 45
53 46
53 47
53 48
53 49
53 49
53 50
53 51
53 52
53 53
53 54
53 55
53 56
53 57
53 58
53 58
53 59
53 60
53 61
53 62
53 63
53 64
53 65
53 66
53 66
53 67
53 68
54 69
54 70
54 71
54 72
54 72
54 73
54 74
54 75
54 76
54 77
54 77
54 78
54 79
54 80
54 81
54 81
54 82
54 83
54 84
54 84
54 85
54 86
54 86
55 87
55 87
55 87
55 87
55 86
55 86
56 85
56 84
56 84
56 83
57 82
57 81
57 80
57 80
57 79
57 78
57 77
57 77
57 76
57 75
57 74
57 73
57 73
58 72
58 71
58 71
58 70
58 69
58 69
58 68
58 67
58 67
58 67
58 67
58 67
58 68
58 68
58 69
58 70
58 70
58 71
58 71
58 72
58 72
58 73
58 73
58 73
58 74
58 74
59 74
59 74
59 74
60 73
60 73
60 72
60 71
60 71
60 70
61 69
61 68
61 68
61 67
62 66
62 65
62 64
62 64
62 63
62 62
63 61
63 60
63 59
63 59
63 58
63 57
64 56
64 55
64 54
64 54
64 53
64 52
65 51
65 50
65 49
65 48
65 48
65 47
65 46
65 45
65 44
65 44
65 43
65 42
65 41
65 41
65 40
65 40
64 40
64 40
63 41
63 42
63 42
63 43
62 44
62 45
62 46
62 46
62 47
62 48
62 49
62 50
62 51
62 51
62 52
62 53
62 54
61 55
61 56
61 57
61 58
61 58
61 59
61 60
61 61
61 62
61 63
61 64
61 64
61 65
61 66
61 67
61 68
61 69
61 69
61 70
61 71
61 72
61 73
61 73
61 74
62 75
62 76
62 76
63 77
63 77
64 78
65 78
65 78
66 77
66 77
67 76
68 75
68 75
69 74
69 73
69 73
69 72
69 71
69 71
70 70
70 70
70 69
70 69
71 68
72 67
73 66
74 65
75 64
76 63
77 62
78 61
78 61
78 60
78 59
78 59
78 58
78 57
78 57
78 56
79 55
79 54
79 54
79 53
79 52
79 51
79 51
79 50
80 49
80 48
80 48
80 47
80 46
80 45
80 45
80 44
80 43
80 42
80 42
80 41
80 40
80 39
80 39
80 38
79 37
79 36
79 36
79 35
79 34
79 34
78 33
78 33
77 33
77 33
77 34
76 35
76 36
76 37
76 37
76 38
76 39
75 40
75 41
75 42
75 42
75 43
75 44
74 45
74 46
74 47
74 48
74 48
74 49
74 50
74 51
74 52
73 53
73 54
73 55
73 56
73 57
73 57
73 58
73 59
73 60
73 61
73 62
73 63
73 64
73 65
73 66
73 67
73 67
73 68
73 69
73 70
72 71
72 72
72 73
72 74
72 75
72 75
72 76
72 77
72 78
73 79
73 80
73 81
73 82
73 83
73 83
73 84
73 85
73 86
73 87
73 87
73 88
73 89
73 89
74 90
74 91
74 91
75 92
75 92
76 91
76 91
77 90
77 90
77 89
78 88
78 87
78 87
78 86
79 85
79 84
79 84
79 83
80 82
80 81
81 80
81 79
81 79
81 78
81 77
82 76
82 75
82 74
82 74
82 73
82 72
83 71
83 70
83 69
83 68
83 68
83 67
83 66
84 65
84 64
84 63
84 63
84 62
85 61
85 60
85 59
85 59
85 58
85 57
85 56
85 56
85 55
85 54
85 53
85 53
85 52
85 51
85 51
85 51
84 52
84 53
84 53
84 54
84 55
84 56
84 56
84 57
84 58
83 59
83 60
83 61
83 61
83 62
83 63
83 64
82 65
82 66
82 67
82 68
82 68
82 69
82 70
82 71
81 72
81 73
81 74
81 75
81 75
81 76
81 77
81 78
80 79
80 80
80 81
80 82
80 83
80 83
80 84
80 85
80 86
80 87
80 88
80 88
80 89
80 90
80 90
81 91
81 91
81 91
82 91
82 91
83 90
83 89
83 89
83 88
84 87
84 86
84 86
84 85
84 84
85 83
85 82
85 81
85 81
85 80
85 79
85 78
85 77
85 76
85 75
85 75
85 74
85 73
86 72
86 71
86 70
86 69
86 69
86 68
86 67
87 66
87 65
87 64
87 63
87 63
87 62
87 61
87 61
87 61
86 62
86 63
86 63
86 64
86 65
85 66
85 67
85 68
85 68
85 69
85 70
84 71
84 72
84 73
84 73
84 74
84 75
84 76
84 77
84 78
84 79
84 80
84 80
84 81
84 82
83 83
83 84
83 85
83 86
83 86
83 87
83 88
83 89
83 89
83 90
84 91
84 92
84 92
84 93
84 93
85 92
85 92
86 91
86 90
86 90
86 89
87 88
87 87
87 87
87 86
88 85
88 84
89 83
89 82
89 82
89 81
89 80
90 79
90 78
90 77
90 77
90 76
90 75
91 74
91 73
91 72
91 71
91 71
91 70
92 69
92 68
92 68
92 67
92 67
91 68
91 68
91 69
90 70
90 71
90 71
90 72
90 73
90 74
90 75
90 76
90 76
90 77
90 78
89 79
89 80
89 81
89 81
89 82
89 83
89 84
89 85
89 86
89 86
89 87
89 88
89 89
89 90
89 90
89 91
89 92
89 92
90 93
90 94
90 94
91 94
91 94
92 94
92 94
93 93
93 93
94 92
94 91
94 91
95 90
95 89
95 89
95 88
95 87
95 87
96 86
96 85
96 85
96 84
96 84
96 83
96 82
96 81
96 80
96 79
96 78
96 77
96 76
96 75
96 74
96 73
96 72
97 71
97 70
97 69
97 68
97 67
97 66
97 65
97 64
97 63
97 62
97 61
97 60
97 59
97 58
97 57
97 56
97 55
97 54
97 53
97 52
97 51
97 50
97 49
97 48
97 47
98 46
98 45
98 44
98 43
98 42
98 41
98 40
98 39
98 38
98 37
98 36
98 35
98 34
98 33
98 32
98 31
98 30
98 29
98 28
98 27
98 26
98 25
98 24
98 23
98 22
99 21
99 20
99 19
99 18
99 17
99 16
99 15
99 14
99 13
99 12
99 11
99 10
99 9
99 9
99 10
99 11
99 12
99 13
99 14
99 15
99 15
99 14
99 13
99 12
99 11
99 11
99 12
98 13
98 14
98 14
98 15
98 16
97 17
97 18
97 19
97 20
96 21
96 22
96 23
96 23
96 24
96 25
95 26
95 27
95 28
95 29
95 29
95 30
95 31
94 32
94 33
94 34
94 35
94 35
94 36
94 37
93 38
93 39
93 40
93 40
93 41
93 42
93 43
93 44
