12 10
13 9
13 8
13 8
13 7
13 6
13 6
13 5
13 5
13 5
13 5
13 6
13 7
13 8
13 8
13 9
13 10
13 11
12 12
12 13
12 14
12 15
12 15
12 16
12 17
11 18
11 19
11 20
11 21
11 22
10 23
10 24
10 25
10 25
10 26
10 27
10 28
10 29
10 30
10 31
9 32
9 33
9 34
9 35
9 36
9 37
9 38
9 39
9 39
9 40
9 41
9 42
8 43
8 44
8 45
8 46
8 47
8 48
8 49
8 50
7 51
7 52
7 53
7 54
7 55
7 55
7 56
7 57
7 58
6 59
6 60
6 61
6 62
6 63
6 64
6 65
6 66
5 67
5 68
5 69
5 70
5 71
5 71
5 72
5 73
4 74
4 75
4 76
4 77
4 78
4 79
3 80
3 81
3 82
3 83
3 83
3 84
3 85
2 86
2 87
2 88
2 89
1 90
1 91
1 92
1 92
1 93
1 94
0 95
0 96
0 97
0 98
0 98
0 99
0 100
0 100
0 100
0 100
0 99
0 98
0 97
0 97
0 96
0 95
1 94
1 93
1 92
1 91
1 90
2 89
2 88
2 87
2 86
2 85
2 84
3 83
3 82
3 81
3 80
3 79
4 78
4 77
4 76
4 75
4 74
5 73
5 72
5 71
5 70
5 69
5 68
6 67
6 66
6 65
6 64
6 63
7 62
7 61
7 60
7 59
7 58
8 57
8 56
8 55
8 54
8 53
8 52
9 51
9 50
9 49
9 48
9 47
10 46
10 45
10 44
10 43
10 42
11 41
11 40
11 39
11 38
11 37
11 36
12 35
12 34
12 33
12 32
12 31
13 30
13 29
13 28
13 27
13 26
14 25
14 24
14 23
14 22
14 21
14 20
15 19
15 18
15 17
15 17
14 17
14 17
14 16
14 16
14 16
14 15
14 15
14 15
14 16
14 16
14 17
14 18
14 19
14 20
14 21
14 22
14 23
14 23
14 24
14 25
14 26
14 27
14 28
14 29
14 30
14 31
14 32
14 33
14 34
14 34
14 35
14 36
14 37
14 38
14 39
14 40
14 41
14 42
14 43
14 44
14 45
14 46
14 47
14 47
14 48
14 49
14 50
14 51
14 52
14 53
14 54
14 55
14 56
14 57
14 58
14 59
14 60
14 60
14 61
14 62
14 63
14 64
14 65
14 66
14 67
14 68
14 69
14 69
14 70
14 71
14 72
14 73
14 74
14 75
14 76
14 76
14 77
14 78
14 79
14 79
15 80
15 80
15 80
15 79
15 79
15 78
15 77
15 76
15 76
15 75
16 74
16 73
16 72
16 72
16 71
16 70
16 69
16 68
16 67
16 66
16 66
16 65
16 64
17 63
17 62
17 61
17 60
17 60
17 59
17 58
17 57
18 56
18 55
18 54
18 53
18 52
18 52
18 51
18 50
18 49
18 48
19 47
19 46
19 45
19 44
19 43
19 43
19 42
19 41
20 40
20 39
20 38
20 37
21 36
21 35
21 34
21 34
21 33
21 32
21 31
21 30
22 29
22 28
22 27
22 26
22 25
22 25
22 24
22 23
23 22
23 21
23 20
23 19
23 19
23 18
24 17
24 16
25 15
25 14
25 14
25 13
26 12
26 11
26 10
26 10
26 9
26 8
26 7
26 6
26 6
26 5
27 4
27 3
27 3
27 2
27 1
27 1
27 0
27 0
27 0
27 1
27 1
27 2
27 3
27 4
27 4
27 5
27 6
26 7
26 8
26 9
26 9
26 10
26 11
26 12
26 13
25 14
25 15
25 16
25 17
25 18
25 18
25 19
25 20
25 21
25 22
25 23
24 24
24 25
24 26
24 27
24 28
24 29
24 30
24 30
24 31
24 32
24 33
24 34
24 35
24 36
24 37
23 38
23 39
23 40
23 41
23 42
23 43
23 44
23 45
23 45
23 46
23 47
23 48
23 49
23 50
23 51
23 52
23 53
23 54
23 55
23 56
23 57
23 58
23 58
23 59
23 60
23 61
23 62
22 63
22 64
22 65
22 66
22 67
22 68
22 68
22 69
22 70
22 71
22 72
22 73
22 74
22 75
22 76
22 77
22 77
22 78
22 79
22 80
22 81
22 81
22 82
22 83
22 84
22 84
22 84
22 84
22 84
22 84
22 84
22 84
22 83
23 82
23 81
23 80
24 79
24 78
24 77
25 76
25 75
25 74
26 73
26 72
26 71
27 70
27 69
27 68
27 67
28 66
28 65
28 64
29 63
29 62
29 61
30 60
30 59
30 58
31 57
31 56
31 56
31 55
32 54
32 53
32 52
32 52
32 51
32 50
32 50
32 50
32 49
32 49
32 48
32 48
32 48
31 48
31 48
31 48
31 48
30 49
30 50
30 50
30 51
29 52
29 53
29 53
29 54
29 55
29 56
29 57
29 58
29 59
29 59
29 60
29 61
29 62
28 63
28 64
28 65
28 66
28 66
28 67
28 68
28 69
27 70
27 71
27 72
27 73
27 74
27 74
27 75
27 76
27 77
27 78
27 79
27 80
27 81
27 82
27 82
27 83
27 84
27 85
27 86
27 87
27 87
27 88
28 89
28 90
28 90
29 91
29 92
29 92
30 92
30 92
31 91
31 91
31 90
32 89
32 88
32 88
32 87
33 86
33 85
34 84
34 83
34 83
34 82
34 81
35 80
35 79
35 78
35 77
35 77
35 76
35 75
35 74
36 73
36 72
36 71
36 70
36 70
36 69
36 68
37 67
37 66
37 65
37 64
37 64
37 63
37 62
38 61
38 60
38 59
38 59
38 58
37 57
37 56
37 55
37 55
37 54
37 53
37 52
37 52
36 51
35 51
35 51
34 51
34 51
33 52
33 53
33 53
33 54
32 55
32 56
32 56
32 57
31 58
31 59
31 59
31 60
31 61
31 62
31 62
31 63
31 64
31 64
31 65
31 65
32 66
32 67
32 67
33 66
33 66
34 65
34 65
35 64
36 63
36 63
37 62
37 61
38 60
38 59
38 59
39 58
39 57
40 56
40 55
40 55
41 54
42 53
42 53
43 52
43 51
43 51
44 51
44 51
44 51
44 51
44 51
44 51
43 51
43 51
43 51
43 51
43 51
43 51
43 51
43 51
43 51
43 51
43 52
43 52
43 53
43 53
43 54
43 55
43 55
43 56
43 57
43 58
43 59
43 59
43 60
43 61
43 62
43 63
43 64
43 64
43 65
43 66
42 67
42 68
42 69
42 70
42 70
42 71
42 72
42 73
42 74
42 75
42 76
42 77
42 77
42 78
42 79
41 80
41 81
41 82
41 82
41 83
41 84
41 85
41 86
41 86
41 87
41 88
41 89
41 90
41 90
41 91
42 92
42 93
42 93
42 94
42 95
42 96
42 96
43 97
43 98
43 98
44 98
44 98
45 98
46 98
46 98
47 97
47 96
48 95
48 94
48 94
48 93
48 92
49 91
49 90
49 89
49 89
49 88
50 87
50 86
51 85
51 84
51 84
51 83
52 82
52 81
52 80
52 80
52 79
52 78
53 77
53 76
53 75
53 75
53 74
53 73
53 72
53 71
53 71
53 70
53 69
53 69
53 69
53 70
53 70
54 70
55 70
56 69
57 69
58 69
58 69
58 68
58 67
58 67
58 66
58 65
58 64
58 64
58 63
58 62
58 62
59 61
59 60
59 60
59 59
59 59
59 58
59 58
59 57
59 57
58 56
58 56
58 57
58 57
57 58
57 58
56 59
56 60
56 60
56 61
55 62
55 63
55 64
55 64
55 65
54 66
54 67
54 68
54 68
54 69
54 70
53 71
53 72
53 73
53 73
53 74
53 75
52 76
52 77
52 78
52 79
52 79
52 80
52 81
52 82
52 83
52 83
52 84
52 85
52 86
52 87
52 87
52 88
52 89
52 89
53 90
53 90
54 90
54 90
55 89
55 88
55 88
56 87
56 86
57 85
57 85
57 84
58 83
58 82
59 81
59 80
59 80
59 79
59 78
60 77
60 76
60 75
60 75
60 74
60 73
61 72
61 71
61 70
61 69
61 69
61 68
62 67
62 66
62 65
62 64
63 63
63 62
63 62
63 61
63 60
64 59
64 58
64 57
64 56
64 56
64 55
64 54
64 53
64 52
64 51
64 50
64 50
64 49
64 48
64 47
64 46
64 45
64 45
64 44
64 43
64 42
64 41
64 41
64 40
64 39
64 38
64 38
64 37
64 36
64 36
64 35
64 35
64 34
64 34
64 34
64 34
64 35
64 36
64 37
64 38
64 38
64 39
64 40
63 41
63 42
63 43
63 43
63 44
63 45
62 46
62 47
62 48
62 49
62 49
62 50
62 51
62 52
61 53
61 54
61 55
61 56
61 57
61 57
61 58
61 59
61 60
61 61
61 62
61 63
61 64
61 65
61 66
61 66
61 67
61 68
61 69
60 70
60 71
60 72
60 73
60 74
60 74
60 75
60 76
60 77
60 78
60 79
60 80
60 80
60 81
60 82
60 83
60 83
60 84
60 85
60 86
60 86
61 87
61 88
61 88
62 89
62 89
63 89
63 89
64 88
64 88
65 87
66 86
66 86
67 85
67 84
67 84
67 83
68 82
68 81
68 80
68 80
68 79
68 78
69 77
69 76
69 75
69 75
69 74
69 73
70 72
70 71
70 70
70 70
70 69
71 68
71 67
71 67
71 66
71 65
71 64
71 64
70 63
70 63
69 62
69 62
68 63
68 63
67 64
67 65
67 65
67 66
66 67
66 68
66 68
66 69
65 70
65 71
65 72
65 72
65 73
65 74
65 75
65 76
65 77
65 78
65 78
65 79
65 80
65 81
65 82
65 83
65 83
65 84
65 85
65 86
65 87
65 87
65 88
66 89
66 90
66 90
67 91
68 92
68 92
69 92
69 92
70 91
71 90
71 90
71 89
72 88
72 87
73 86
73 85
74 84
74 83
75 82
75 81
75 80
76 79
76 78
77 77
77 76
78 75
78 74
79 73
79 72
79 72
80 71
81 71
81 71
81 70
80 69
80 68
80 68
80 67
80 67
80 67
80 66
80 66
80 65
80 65
79 65
79 65
78 66
78 66
77 67
77 67
77 68
77 69
77 69
77 70
76 71
76 72
76 73
76 73
76 74
76 75
75 76
75 77
75 78
75 78
75 79
75 80
74 81
74 82
74 83
74 83
74 84
74 85
74 86
74 87
74 88
74 88
74 89
74 90
74 91
74 92
74 92
75 93
75 94
75 94
76 95
76 96
76 96
77 96
77 96
78 96
79 96
79 96
79 95
80 94
80 93
81 92
81 91
82 90
82 89
83 88
83 87
84 86
84 85
84 84
85 83
85 82
86 81
86 80
87 79
87 78
88 77
88 76
88 76
88 75
88 75
88 74
88 74
87 73
87 72
87 72
87 72
87 71
87 70
87 70
87 69
87 69
87 68
87 68
86 67
86 67
85 68
85 68
85 69
85 70
85 70
84 71
84 72
84 72
84 73
83 74
83 75
83 76
83 76
83 77
83 78
83 79
83 80
83 81
83 81
83 82
82 83
82 84
82 85
82 85
82 86
82 87
82 88
82 89
82 89
83 90
83 91
83 91
83 92
83 93
83 93
84 93
84 93
84 93
85 92
85 91
85 91
86 90
86 89
86 89
87 88
87 87
87 87
87 86
88 85
88 84
88 84
88 83
89 82
89 81
89 81
89 80
90 79
90 78
90 78
90 77
90 76
90 76
91 75
91 74
91 74
91 73
91 73
91 72
91 72
91 72
91 71
91 71
91 71
91 71
91 71
91 71
91 71
91 72
91 73
91 73
91 74
91 75
91 75
91 76
90 77
90 78
90 79
90 79
90 80
90 81
90 82
90 83
90 83
90 84
90 85
90 86
90 86
90 87
90 88
90 89
90 89
90 90
90 91
90 91
90 92
90 93
90 93
90 94
91 95
91 96
91 96
91 97
91 97
91 98
91 98
92 99
92 99
92 98
92 98
93 97
93 97
93 96
93 95
93 95
94 94
94 93
94 93
94 92
95 91
95 90
95 89
95 89
95 88
96 87
96 86
96 86
96 85
96 84
96 83
96 83
96 82
96 81
96 81
96 80
96 80
96 80
96 80
96 81
96 81
96 82
95 83
95 84
95 84
95 85
95 86
95 87
95 87
95 88
94 89
94 90
94 90
94 91
94 92
94 93
94 94
94 94
94 95
95 96
95 97
95 97
95 98
95 99
95 99
96 99
96 99
97 98
97 98
98 97
98 96
98 96
98 95
99 94
99 93
99 93
99 92
99 91
99 90
99 89
98 88
98 87
98 86
98 85
98 84
98 83
98 82
98 81
97 80
97 79
97 78
97 77
97 76
97 75
97 74
97 73
97 72
96 71
96 70
96 69
96 68
96 67
96 66
96 65
96 64
95 63
95 62
95 61
95 60
95 59
95 58
95 57
95 56
95 55
94 54
94 53
94 52
94 51
94 50
94 49
94 48
94 47
93 46
93 45
93 44
93 43
93 42
93 42
93 43
93 44
93 45
93 46
93 47
93 48
93 49
93 49
92 48
92 47
92 47
92 47
93 48
93 49
93 49
93 50
93 50
94 51
94 51
94 51
95 51
95 51
95 50
95 50
95 50
95 50
95 50
95 50
95 50
95 50
95 49
95 49
96 48
96 48
97 47
97 46
97 46
98 45
98 44
98 44
99 43
100 42
