7 4
7 3
7 2
7 2
7 1
7 1
7 0
7 0
6 1
6 1
6 2
6 3
6 4
6 5
6 5
6 6
6 7
6 8
6 9
6 10
6 11
6 11
6 12
6 13
6 14
6 15
5 16
5 17
5 18
5 19
5 20
5 21
5 21
5 22
5 23
5 24
5 25
5 26
4 27
4 28
4 29
4 30
4 31
4 32
4 33
4 33
4 34
4 35
4 36
4 37
4 38
4 39
4 40
3 41
3 42
3 43
3 44
3 45
3 46
3 47
3 48
3 48
3 49
3 50
3 51
3 52
3 53
3 54
3 55
2 56
2 57
2 58
2 59
2 60
2 61
2 62
2 63
2 63
2 64
2 65
2 66
2 67
2 68
2 69
1 70
1 71
1 72
1 73
1 74
1 75
1 76
1 76
1 77
1 78
1 79
1 80
1 81
0 82
0 83
0 84
0 85
0 86
0 87
0 88
0 88
0 89
0 90
0 91
0 92
0 93
0 94
0 94
0 95
0 96
0 97
0 98
0 98
0 99
0 100
0 100
0 100
0 99
0 98
0 97
0 96
0 95
0 94
0 93
0 92
1 91
1 90
1 89
1 88
1 87
1 86
1 85
1 84
1 83
1 82
1 81
1 80
1 79
1 78
1 77
1 76
1 75
1 74
2 73
2 72
2 71
2 70
2 69
2 68
2 67
2 66
2 65
2 64
2 63
2 62
2 61
2 60
2 59
2 58
2 57
3 56
3 55
3 54
3 53
3 52
3 51
3 50
3 49
3 48
3 47
3 46
3 45
3 44
3 43
3 42
3 41
3 40
3 39
4 38
4 37
4 36
4 35
4 34
4 33
4 32
4 31
4 30
4 29
4 28
4 27
4 26
4 25
4 24
4 23
4 22
4 21
5 20
5 19
5 18
5 17
5 16
5 15
5 14
5 13
5 12
5 12
5 11
6 10
6 9
6 8
6 7
7 6
7 5
7 4
7 4
7 3
7 3
7 4
7 4
7 5
7 6
7 7
7 8
7 8
7 9
7 10
7 11
7 12
7 13
7 14
7 14
7 15
7 16
7 17
7 18
7 19
7 20
7 21
7 21
7 22
7 23
7 24
7 25
7 26
7 27
7 28
7 29
7 29
7 30
7 31
7 32
7 33
7 34
7 35
7 36
7 37
7 38
7 38
7 39
7 40
7 41
7 42
7 43
7 43
7 44
7 45
7 46
7 47
7 47
8 48
8 49
8 49
8 50
8 51
8 51
8 52
8 52
9 52
9 52
9 51
9 50
9 50
9 49
10 48
10 47
10 46
10 46
10 45
10 44
11 43
11 42
11 41
11 40
11 40
11 39
11 38
11 37
11 36
12 35
12 34
12 33
12 32
12 31
12 31
12 30
12 29
12 28
12 27
13 26
13 25
13 24
13 23
13 22
13 21
13 21
13 20
13 19
13 18
13 17
14 16
14 15
14 14
14 13
14 12
14 11
14 11
14 10
14 9
15 8
15 7
15 6
15 6
15 5
15 4
15 3
15 2
15 2
15 3
15 3
15 4
15 5
15 6
15 7
15 7
15 8
15 9
15 10
15 11
15 12
15 13
15 13
15 14
15 15
15 16
15 17
14 18
14 19
14 20
14 21
14 22
14 22
14 23
14 24
14 25
14 26
14 27
13 28
13 29
13 30
13 31
13 32
13 33
13 34
13 34
13 35
13 36
13 37
13 38
13 39
13 40
13 41
13 42
13 43
13 44
13 45
13 46
13 47
13 48
13 48
13 49
13 50
13 51
13 52
13 53
13 54
12 55
12 56
12 57
12 58
12 59
12 60
12 61
12 61
12 62
12 63
12 64
12 65
12 66
12 67
12 68
12 69
12 70
12 71
12 71
12 72
12 73
12 74
12 75
12 76
12 77
12 78
12 78
12 79
12 80
12 81
12 82
12 83
12 84
12 84
12 85
12 86
12 87
12 87
12 88
12 89
12 89
12 90
12 90
12 91
12 91
12 91
12 91
12 90
12 89
13 88
13 87
13 86
13 85
14 84
14 83
14 82
14 81
15 80
15 79
15 78
15 77
16 76
16 75
16 74
16 73
17 72
17 71
17 70
17 69
18 68
18 67
18 66
18 65
19 64
19 63
19 62
19 61
20 60
20 59
20 58
20 57
21 56
21 55
21 54
21 53
22 52
22 51
22 50
22 50
22 50
21 51
21 51
21 52
21 53
21 53
21 54
21 55
21 56
21 57
21 58
21 58
21 59
21 60
21 61
20 62
20 63
20 64
20 65
20 65
20 66
20 67
20 68
20 69
20 70
20 71
20 72
20 73
20 73
20 74
20 75
20 76
20 77
20 78
20 79
20 80
20 81
20 82
20 83
20 83
20 84
20 85
20 86
20 87
20 88
20 89
20 89
20 90
20 91
20 92
20 93
20 93
20 94
21 95
21 96
21 97
21 97
21 98
21 98
22 99
22 99
23 98
23 98
23 97
24 96
24 95
24 95
24 94
25 93
25 92
25 91
25 91
25 90
26 89
26 88
26 87
26 87
26 86
26 85
26 84
27 83
27 82
27 81
27 80
27 80
27 79
27 78
27 77
28 76
28 75
28 74
28 73
28 72
28 72
28 71
28 70
28 69
29 68
29 67
29 66
29 65
29 65
29 64
29 63
29 62
29 61
29 60
29 59
29 58
29 57
29 57
29 56
29 55
29 54
28 53
28 52
28 51
28 50
28 49
28 49
28 48
28 47
28 46
28 45
28 44
28 44
28 43
27 42
27 41
27 41
26 40
25 40
25 40
24 40
24 40
23 41
22 42
22 42
21 43
21 44
21 44
21 45
20 46
20 47
20 47
20 48
19 49
19 50
19 51
19 51
19 52
19 53
18 54
18 55
18 56
18 56
18 57
17 58
17 59
17 60
17 60
17 61
17 62
17 63
17 64
17 64
17 65
17 66
17 66
17 67
18 68
18 69
18 69
18 70
18 71
18 71
19 72
19 72
20 72
21 72
21 72
22 71
22 71
23 70
24 69
24 69
24 68
25 67
25 66
25 66
26 65
26 64
27 63
27 63
27 62
27 61
28 60
28 59
28 58
28 58
28 57
28 56
29 55
29 54
29 53
29 52
29 52
30 51
30 50
31 49
31 48
31 48
31 47
32 46
32 45
32 45
33 44
33 43
33 43
34 43
34 43
34 44
34 44
34 45
34 46
34 46
34 47
34 48
34 49
34 50
34 50
34 51
34 52
34 53
34 54
34 55
34 56
34 56
34 57
34 58
34 59
34 60
34 61
34 62
34 63
34 63
34 64
34 65
34 66
33 67
33 68
33 69
33 70
33 70
33 71
33 72
33 73
33 74
33 75
33 76
33 76
33 77
33 78
33 79
33 80
33 81
33 81
33 82
34 83
34 84
34 85
34 85
34 86
34 87
34 88
34 88
35 89
35 89
35 90
35 90
36 89
36 89
37 88
37 87
37 87
38 86
38 85
38 85
38 84
39 83
39 82
39 81
39 81
39 80
39 79
39 78
39 77
39 77
39 76
40 75
40 74
40 74
40 73
40 72
40 71
40 71
40 70
40 69
40 69
41 68
41 68
42 67
43 66
44 66
45 65
46 64
47 63
48 63
49 62
50 61
51 60
52 60
53 59
54 58
54 58
55 58
55 58
55 57
55 56
55 56
54 55
54 54
54 54
55 53
55 52
55 52
55 51
55 50
55 50
55 49
55 48
55 48
54 47
54 47
54 46
54 46
54 45
54 45
53 46
53 46
52 47
52 47
52 48
51 49
51 50
51 50
51 51
51 52
50 53
50 54
50 55
50 56
50 56
50 57
50 58
50 59
49 60
49 61
49 62
49 63
49 63
49 64
49 65
49 66
48 67
48 68
48 69
48 70
48 71
48 71
48 72
48 73
48 74
48 75
48 76
48 77
48 78
48 78
48 79
48 80
48 81
48 82
48 83
48 84
48 84
48 85
48 86
48 87
48 88
48 89
48 89
48 90
48 90
49 91
49 91
49 91
50 90
50 89
50 89
50 88
50 87
50 86
50 86
50 85
51 84
51 83
51 83
51 82
51 81
52 80
52 79
52 78
52 77
52 77
52 76
52 75
53 74
53 73
53 72
53 71
53 71
53 70
53 69
53 68
53 67
53 66
53 65
53 64
53 63
53 63
53 62
53 61
53 60
53 59
54 58
54 57
54 56
54 55
54 54
54 53
54 53
54 52
54 51
54 50
54 49
55 48
55 47
55 46
55 45
55 44
55 43
55 43
55 42
55 41
55 40
55 39
56 38
56 37
56 36
56 35
56 34
56 33
56 33
56 32
56 31
56 30
56 29
56 28
56 27
56 26
56 26
56 25
56 24
56 23
56 23
56 22
56 22
56 23
56 23
56 24
56 25
56 26
56 27
56 27
56 28
56 29
56 30
55 31
55 32
55 33
55 34
55 34
55 35
55 36
55 37
55 38
54 39
54 40
54 41
54 42
54 43
54 44
54 44
54 45
54 46
54 47
54 48
54 49
54 50
54 51
54 52
54 53
54 54
54 54
54 55
54 56
54 57
54 58
53 59
53 60
53 61
53 62
53 63
53 63
53 64
53 65
53 66
53 67
53 68
53 69
53 70
53 71
53 72
53 73
53 73
53 74
53 75
53 76
53 77
53 78
53 79
53 79
53 80
54 81
54 82
54 83
54 83
54 84
54 85
54 85
54 86
54 87
54 87
55 87
55 87
55 87
56 86
56 85
56 85
56 84
56 83
56 82
56 81
56 81
56 80
56 79
57 78
57 77
57 76
57 76
57 75
57 74
57 73
57 72
57 72
57 71
57 70
57 69
57 69
58 68
58 68
58 68
58 68
58 69
58 69
58 70
58 71
58 71
58 72
58 73
58 73
58 74
58 74
58 75
58 75
58 75
59 74
59 74
59 73
59 72
59 72
60 71
60 70
61 69
61 69
61 68
62 67
62 66
62 66
62 65
62 64
63 63
63 62
63 61
63 61
63 60
63 59
64 58
64 57
64 56
64 56
64 55
64 54
65 53
65 52
65 51
65 51
65 50
65 49
65 48
65 47
65 47
65 46
65 45
65 45
64 44
64 44
64 45
64 46
64 46
64 47
63 48
63 49
62 50
62 51
62 51
62 52
62 53
62 54
61 55
61 56
61 57
61 58
61 58
61 59
61 60
61 61
60 62
60 63
60 64
60 65
60 65
60 66
60 67
60 68
60 69
60 70
60 71
60 72
60 72
60 73
60 74
61 75
61 76
61 77
61 78
61 78
61 79
61 80
61 81
61 82
61 83
61 83
62 84
62 85
62 85
63 86
64 86
64 86
65 86
65 86
66 85
67 85
67 85
68 84
68 83
68 83
69 82
69 81
69 81
70 80
70 79
70 79
70 78
70 78
70 77
71 76
71 75
72 74
72 73
73 72
73 71
74 70
74 69
75 68
75 67
75 66
76 65
76 64
77 63
77 62
78 61
78 60
79 59
79 58
79 58
80 57
80 57
80 56
80 55
80 55
80 54
80 53
80 53
80 52
80 51
80 51
80 50
80 50
80 49
80 48
80 48
79 47
79 46
79 46
79 45
79 45
78 45
78 45
77 46
77 46
76 47
76 48
76 48
76 49
75 50
75 51
75 51
75 52
75 53
75 54
75 55
75 56
75 56
75 57
75 58
74 59
74 60
74 61
74 62
74 62
74 63
74 64
74 65
73 66
73 67
73 68
73 69
73 69
73 70
73 71
73 72
73 73
73 74
73 75
73 76
73 76
73 77
73 78
73 79
73 80
73 81
73 81
73 82
73 83
73 84
73 85
73 86
73 86
73 87
73 88
73 89
73 89
73 90
73 91
73 91
74 92
74 92
75 92
75 92
76 92
76 92
77 91
77 90
77 90
78 89
78 88
78 88
79 87
79 86
79 86
80 85
80 84
80 84
80 83
81 82
81 81
81 80
81 80
81 79
82 78
82 77
82 76
82 76
82 75
83 74
83 73
83 72
83 72
83 71
84 70
84 69
84 68
84 68
84 67
85 66
85 65
85 64
85 64
85 63
85 62
85 61
85 60
85 60
85 59
85 58
86 57
86 56
86 55
86 55
86 54
86 53
86 52
86 51
86 51
86 50
86 49
86 49
86 48
86 48
86 48
86 48
86 49
86 50
86 50
86 51
85 52
85 53
85 53
85 54
85 55
84 56
84 57
84 58
84 58
84 59
84 60
84 61
83 62
83 63
83 64
83 65
83 65
83 66
83 67
82 68
82 69
82 70
82 71
82 71
82 72
82 73
81 74
81 75
81 76
81 77
81 77
81 78
81 79
81 80
81 81
81 82
81 82
81 83
81 84
81 85
81 85
81 86
81 87
81 87
81 88
81 88
82 88
82 88
82 87
82 86
82 86
83 85
83 84
83 84
84 83
84 82
85 81
85 80
85 80
85 79
85 78
86 77
86 76
86 75
86 75
86 74
86 73
87 72
87 71
87 70
87 69
87 69
87 68
87 67
87 66
87 65
87 64
87 63
87 63
87 62
87 61
88 60
88 59
88 58
88 58
88 57
88 56
88 55
88 55
88 54
88 54
87 55
87 56
87 56
87 57
87 58
87 59
87 60
87 60
87 61
87 62
86 63
86 64
86 65
86 65
86 66
86 67
85 68
85 69
85 70
85 70
85 71
85 72
85 73
85 74
85 75
85 75
85 76
85 77
85 78
85 79
85 79
85 80
85 81
85 82
85 82
85 83
85 83
85 83
86 82
86 82
87 81
87 80
87 80
87 79
88 78
88 77
88 76
88 76
88 75
89 74
89 73
89 73
90 72
90 71
90 71
90 71
90 72
90 73
90 73
90 74
90 75
90 75
90 76
90 77
90 77
90 78
90 79
90 79
91 80
91 81
91 81
91 81
92 81
92 81
93 80
93 80
94 79
94 78
94 78
95 77
95 77
95 76
95 75
95 74
95 73
95 72
95 71
95 70
96 69
96 68
96 67
96 66
96 65
96 64
96 63
96 62
96 61
96 60
96 59
96 58
96 57
96 56
96 55
97 54
97 53
97 52
97 51
97 50
97 49
97 48
97 47
97 46
97 45
97 44
97 43
97 42
97 41
97 40
98 39
98 38
98 37
98 36
98 35
98 34
98 33
98 32
98 31
98 30
98 29
98 28
98 27
98 26
98 25
99 24
99 23
99 22
99 21
99 20
99 19
99 18
99 17
99 17
100 18
100 19
100 19
99 20
99 21
99 21
98 20
98 19
98 19
98 20
98 21
97 22
97 23
97 24
97 25
97 25
97 26
97 27
96 28
96 29
96 30
96 31
96 31
96 32
95 33
95 34
95 35
95 35
95 36
94 37
94 38
94 39
94 39
94 40
94 41
94 42
94 43
