5 10
5 9
5 8
5 7
5 6
5 6
5 5
5 4
5 4
5 3
5 2
5 2
5 1
5 0
5 0
5 1
5 1
5 2
5 2
5 3
5 4
5 5
5 6
5 6
5 7
5 8
5 9
4 10
4 11
4 12
4 13
4 14
4 14
4 15
4 16
4 17
4 18
4 19
4 20
4 21
4 22
4 23
4 24
4 25
4 25
4 26
4 27
4 28
4 29
4 30
3 31
3 32
3 33
3 34
3 35
3 36
3 37
3 37
3 38
3 39
3 40
3 41
2 42
2 43
2 44
2 45
2 46
2 47
2 47
2 48
2 49
2 50
2 51
1 52
1 53
1 54
1 55
1 56
1 57
1 57
1 58
1 59
1 60
1 61
1 62
1 63
1 64
1 65
1 65
1 66
1 67
0 68
0 69
0 70
0 71
0 71
0 72
0 73
0 74
0 75
0 75
0 76
0 77
0 78
0 79
0 79
0 80
0 81
0 81
0 82
0 83
0 83
0 83
0 82
0 81
0 80
0 79
0 78
0 77
0 76
0 75
0 74
0 73
1 72
1 71
1 70
1 69
1 68
1 67
1 66
1 65
1 64
1 63
1 62
1 61
1 60
1 59
1 58
1 57
1 56
1 55
1 54
1 53
2 52
2 51
2 50
2 49
2 48
2 47
2 46
2 45
2 44
2 43
2 42
2 41
2 40
2 39
2 38
2 37
2 36
2 35
2 34
2 33
3 32
3 31
3 30
3 29
3 28
3 27
3 26
3 25
3 24
3 23
3 22
3 22
3 21
3 20
3 19
4 18
4 17
4 16
4 15
4 15
5 14
5 13
5 13
5 12
5 11
5 11
5 12
5 12
5 13
5 14
5 15
5 16
5 16
5 17
5 18
5 19
5 20
5 21
5 21
5 22
5 23
5 24
5 25
5 26
5 27
5 28
5 28
5 29
5 30
5 31
5 32
5 33
5 34
5 35
5 36
5 36
5 37
5 38
5 39
5 40
5 41
5 42
5 43
5 44
5 44
5 45
6 46
6 47
6 48
6 48
6 49
6 50
6 51
6 52
6 52
6 53
6 54
6 54
7 55
7 56
7 56
7 56
7 55
7 55
7 54
8 53
8 52
8 52
8 51
8 50
9 49
9 48
9 47
9 47
9 46
9 45
10 44
10 43
10 42
10 41
10 41
10 40
10 39
10 38
11 37
11 36
11 35
11 34
11 33
11 33
11 32
11 31
11 30
11 29
12 28
12 27
12 26
12 25
12 24
12 23
12 23
12 22
12 21
12 20
12 19
13 18
13 17
13 16
13 15
13 14
13 14
13 13
13 12
13 11
14 10
14 9
14 8
14 7
14 7
14 6
14 5
14 4
14 4
14 4
14 5
14 5
14 6
14 7
14 8
14 9
14 10
14 11
14 11
14 12
14 13
14 14
14 15
13 16
13 17
13 18
13 19
13 20
13 20
13 21
13 22
13 23
13 24
13 25
12 26
12 27
12 28
12 29
12 30
12 31
12 32
12 32
12 33
12 34
12 35
12 36
12 37
12 38
12 39
12 40
12 41
12 42
12 43
12 44
12 45
12 45
12 46
12 47
12 48
12 49
12 50
12 51
12 52
11 53
11 54
11 55
11 56
11 57
11 58
11 59
11 60
11 60
11 61
11 62
11 63
11 64
11 65
11 66
11 67
11 68
11 69
11 70
11 71
11 72
11 73
11 73
11 74
11 75
11 76
11 77
11 78
11 79
11 80
11 81
11 82
11 82
11 83
11 84
11 85
11 86
11 87
11 87
11 88
12 89
12 90
12 90
12 91
12 92
12 92
12 93
12 94
12 94
12 95
12 96
12 96
12 95
12 94
13 93
13 92
13 91
13 90
14 89
14 88
14 87
14 86
15 85
15 84
15 83
15 82
16 81
16 80
16 79
16 78
17 77
17 76
17 75
17 74
18 73
18 72
18 71
18 70
19 69
19 68
19 67
19 66
20 65
20 64
20 63
20 62
21 61
21 60
21 59
21 58
22 57
22 56
22 55
22 54
23 53
23 52
23 51
23 51
23 51
22 51
22 51
22 51
22 52
22 52
21 53
21 54
21 54
21 55
21 56
21 57
21 58
21 59
21 60
21 60
21 61
20 62
20 63
20 64
20 64
20 65
20 66
20 67
20 68
20 68
20 69
20 70
20 71
19 72
19 73
19 74
19 75
19 75
19 76
19 77
19 78
19 79
19 80
19 81
19 82
19 82
19 83
19 84
19 85
19 86
19 87
19 88
19 89
19 89
19 90
19 91
19 92
19 93
19 94
19 94
19 95
19 96
19 97
19 97
19 98
19 99
19 99
20 100
20 100
21 100
21 100
21 100
21 99
22 98
22 97
22 97
23 96
23 95
24 94
24 94
24 93
25 92
25 91
25 90
25 90
25 89
25 88
26 87
26 86
26 85
26 84
26 84
26 83
26 82
27 81
27 80
27 79
27 78
27 78
27 77
27 76
27 75
28 74
28 73
28 72
28 71
28 71
28 70
28 69
28 68
28 67
28 66
28 65
28 65
28 64
28 63
28 62
27 61
27 60
27 59
27 58
27 58
27 57
27 56
27 55
27 54
27 53
27 52
27 52
27 51
26 50
26 49
26 49
25 48
24 48
24 48
23 49
23 49
23 50
22 51
22 52
21 53
21 54
21 54
21 55
21 56
20 57
20 58
20 59
20 59
20 60
20 61
20 62
19 63
19 64
19 65
19 66
19 66
19 67
19 68
19 69
19 70
19 71
19 71
19 72
19 73
19 74
19 75
19 76
19 76
19 77
20 78
20 79
20 80
20 80
20 81
21 82
21 83
21 83
22 83
22 83
23 83
23 83
24 82
25 81
25 81
26 80
26 79
27 78
27 78
27 77
28 76
28 75
28 75
29 74
29 73
30 72
30 71
30 71
30 70
31 69
31 68
31 68
31 67
31 66
31 65
31 64
31 64
31 63
32 62
32 61
32 61
32 60
32 59
32 58
32 58
32 57
32 56
32 55
32 55
32 54
32 54
32 53
32 53
32 53
32 53
33 53
33 53
34 53
34 53
34 54
34 54
35 55
35 55
35 56
35 57
35 57
35 58
36 59
36 60
36 60
36 61
36 62
35 63
35 64
35 65
35 65
35 66
35 67
35 68
35 69
35 70
35 70
35 71
35 72
35 73
35 74
35 75
35 76
35 77
35 77
35 78
35 79
35 80
35 81
35 82
35 82
35 83
35 84
35 85
35 86
35 86
35 87
35 88
35 89
35 89
35 90
35 91
35 91
36 92
36 92
37 92
37 92
37 91
37 91
37 90
38 89
38 88
38 88
38 87
39 86
39 85
39 85
39 84
39 83
40 82
40 81
40 80
40 80
40 79
41 78
41 77
41 76
41 76
41 75
41 74
41 73
41 73
41 72
41 71
41 71
42 71
43 70
44 70
45 70
46 69
47 69
48 69
49 69
50 68
51 68
52 68
53 67
54 67
54 67
54 68
54 69
54 69
54 68
54 67
54 67
54 66
54 65
55 64
55 63
55 62
55 62
55 61
55 60
55 59
55 59
55 58
55 57
55 57
55 56
54 55
54 54
54 54
54 53
54 52
54 52
53 52
53 52
52 53
52 53
52 54
52 55
52 56
52 56
52 57
52 58
51 59
51 60
51 61
51 62
51 62
51 63
51 64
51 65
50 66
50 67
50 68
50 69
50 70
50 70
50 71
50 72
50 73
50 74
49 75
49 76
49 77
49 78
49 79
49 79
49 80
49 81
49 82
49 83
49 84
49 85
49 86
49 86
49 87
49 88
49 89
49 90
49 91
49 91
49 92
49 93
49 93
49 94
49 94
50 94
50 94
51 93
51 92
51 92
51 91
52 90
52 89
52 89
52 88
53 87
53 86
53 85
53 85
53 84
53 83
54 82
54 81
54 80
54 79
54 79
54 78
54 77
54 76
55 75
55 74
55 73
55 72
55 71
55 71
55 70
55 69
55 68
56 67
56 66
56 65
56 64
56 63
56 63
56 62
56 61
56 60
56 59
56 58
56 57
56 56
56 55
56 54
56 53
56 53
56 52
56 51
56 50
56 49
57 48
57 47
57 46
57 45
57 44
57 44
57 43
57 42
57 41
57 40
57 39
57 38
57 37
57 36
57 35
57 34
57 34
57 33
57 32
57 31
57 30
57 29
57 29
57 28
57 27
57 27
57 27
57 28
57 29
57 30
57 30
57 31
57 32
56 33
56 34
56 35
56 35
56 36
56 37
56 38
56 39
56 40
56 41
56 42
56 43
56 43
56 44
56 45
56 46
56 47
55 48
55 49
55 50
55 51
55 52
55 52
55 53
55 54
55 55
55 56
55 57
54 58
54 59
54 60
54 61
54 62
54 63
54 63
54 64
54 65
54 66
54 67
54 68
54 69
54 70
54 71
54 72
54 73
54 74
54 74
54 75
54 76
54 77
54 78
54 79
54 80
54 81
54 82
54 82
54 83
54 84
54 85
54 86
54 87
54 88
54 88
54 89
55 90
55 91
55 91
55 92
55 93
55 93
55 94
55 94
56 95
56 95
56 94
56 94
56 93
57 92
57 91
57 91
57 90
57 89
57 88
57 88
57 87
58 86
58 85
58 85
58 84
58 83
58 83
58 82
58 81
58 81
58 80
58 80
58 80
58 80
58 81
58 81
59 82
59 82
59 83
59 83
59 83
60 83
60 83
60 82
60 82
61 81
61 81
61 80
62 79
62 78
62 78
62 77
63 76
63 75
63 75
63 74
64 73
64 72
64 71
64 71
64 70
64 69
65 68
65 67
65 66
65 66
65 65
65 64
66 63
66 62
66 61
66 61
66 60
66 59
66 58
66 57
66 56
66 55
66 55
66 54
66 53
67 52
67 51
67 50
67 50
66 49
66 48
66 48
66 48
65 49
65 50
65 50
65 51
65 52
64 53
64 54
64 55
64 55
64 56
63 57
63 58
63 59
63 60
62 61
62 62
62 62
62 63
62 64
62 65
62 66
62 67
62 68
62 69
62 69
62 70
62 71
62 72
61 73
61 74
61 75
61 76
61 77
61 77
61 78
61 79
62 80
62 81
62 82
62 83
62 83
62 84
62 85
62 86
62 87
62 87
63 88
63 89
63 89
64 89
64 89
65 88
66 88
66 88
67 87
68 86
68 86
68 85
69 84
69 83
69 83
69 82
69 81
70 80
70 79
70 78
70 78
70 77
71 76
71 75
71 75
71 74
71 73
71 73
72 72
73 71
74 71
75 70
76 69
77 68
78 68
79 67
80 66
80 66
80 65
81 64
81 63
81 63
81 62
81 61
81 61
81 60
82 59
82 58
82 58
82 57
82 56
82 55
82 55
82 54
82 53
82 52
82 52
82 51
82 50
82 50
82 49
82 48
82 47
82 47
81 46
81 45
81 45
81 44
81 43
81 43
80 43
80 43
80 43
79 44
79 45
79 45
78 46
77 47
77 47
77 48
77 49
76 50
76 51
76 52
76 52
76 53
76 54
76 55
76 56
76 57
76 58
76 59
76 60
76 60
76 61
76 62
76 63
75 64
75 65
75 66
75 67
75 68
75 68
75 69
75 70
75 71
74 72
74 73
74 74
74 75
74 76
74 76
74 77
74 78
74 79
74 80
74 81
74 82
74 82
74 83
74 84
74 85
74 86
74 87
74 87
74 88
74 89
74 89
75 90
75 91
75 91
76 92
76 92
76 93
76 93
77 93
77 93
78 92
78 92
79 91
79 91
80 90
80 89
80 89
81 88
81 87
81 87
81 86
82 85
82 84
82 84
82 83
83 82
83 81
83 80
83 80
83 79
84 78
84 77
84 76
84 76
84 75
85 74
85 73
85 72
85 72
86 71
86 70
87 69
87 68
87 68
87 67
87 66
87 65
87 65
87 64
88 63
88 62
88 61
88 61
88 60
89 59
89 58
89 58
89 57
89 56
89 55
89 55
89 54
89 53
89 53
89 52
89 52
88 53
88 53
88 54
88 55
88 55
88 56
87 57
87 58
86 59
86 60
86 60
86 61
86 62
85 63
85 64
85 65
85 66
85 66
85 67
85 68
85 69
84 70
84 71
84 72
84 73
84 73
84 74
83 75
83 76
83 77
83 78
82 79
82 80
82 80
82 81
82 82
82 83
82 84
82 85
82 86
82 86
82 87
82 88
82 89
82 89
82 90
82 90
82 91
82 91
83 90
83 90
83 89
83 89
84 88
85 87
85 87
85 86
85 85
86 84
86 83
86 82
86 82
86 81
86 80
87 79
87 78
87 77
87 77
87 76
87 75
88 74
88 73
88 72
88 71
88 71
88 70
89 69
89 68
89 67
89 67
89 66
89 65
89 64
89 64
89 64
89 65
88 66
88 67
88 67
88 68
88 69
88 70
88 70
88 71
87 72
87 73
87 74
87 74
87 75
86 76
86 77
86 78
86 78
86 79
86 80
86 81
86 82
86 83
86 83
86 84
86 85
86 85
86 86
86 86
87 86
87 86
88 85
88 85
89 84
89 83
89 83
90 82
90 81
91 80
91 79
91 79
92 78
92 77
92 77
92 76
92 75
92 74
92 74
92 74
92 75
92 75
92 76
92 77
92 77
92 78
92 79
92 79
92 80
92 80
93 81
93 82
93 82
93 83
93 83
94 83
94 83
95 82
95 82
96 81
97 81
97 81
98 80
98 80
98 79
98 78
98 77
98 76
98 75
98 74
98 73
98 72
98 71
98 70
98 69
98 68
98 67
98 66
98 65
98 64
98 63
98 62
98 61
98 60
98 59
98 58
98 57
98 56
98 55
98 54
98 53
98 52
98 51
98 50
99 49
99 48
99 47
99 46
99 45
99 44
99 43
99 42
99 41
99 40
99 39
99 38
99 37
99 36
99 35
99 34
99 33
99 32
99 31
99 30
99 29
99 28
99 27
99 26
99 25
99 24
99 23
99 22
99 21
99 20
99 19
99 19
100 20
100 21
100 21
100 20
100 19
100 18
100 17
100 16
100 16
99 17
99 17
99 18
99 19
99 20
99 21
99 21
98 22
98 23
97 24
97 25
97 25
97 26
96 27
96 28
96 29
96 29
96 30
95 31
95 32
95 33
95 33
95 34
94 35
94 36
94 37
94 37
94 38
94 39
94 40
94 41
