10 7
11 6
11 5
12 4
12 4
12 3
11 2
11 1
11 1
11 0
11 0
12 1
12 1
12 2
12 2
12 3
12 4
11 5
11 6
11 7
11 8
11 8
11 9
11 10
11 11
11 12
10 13
10 14
10 15
10 16
10 17
10 18
10 18
10 19
10 20
9 21
9 22
9 23
9 24
9 25
9 26
8 27
8 28
8 29
8 30
8 30
8 31
8 32
8 33
8 34
8 35
8 36
7 37
7 38
7 39
7 40
7 41
7 42
7 43
7 44
7 44
7 45
7 46
7 47
6 48
6 49
6 50
6 51
6 52
6 53
6 54
5 55
5 56
5 57
5 58
5 58
5 59
5 60
5 61
5 62
5 63
5 64
4 65
4 66
4 67
4 68
4 69
4 70
4 71
4 72
4 72
4 73
4 74
3 75
3 76
3 77
3 78
3 79
3 80
2 81
2 82
2 83
2 83
2 84
2 85
2 86
1 87
1 88
1 89
1 90
1 91
1 91
1 92
1 93
0 94
0 95
0 96
0 97
0 97
0 98
0 99
0 100
0 100
0 100
0 100
0 99
0 98
0 98
0 97
0 96
0 95
1 94
1 93
1 92
1 91
1 90
1 89
1 88
1 87
2 86
2 85
2 84
2 83
2 82
2 81
2 80
2 79
3 78
3 77
3 76
3 75
3 74
3 73
3 72
3 71
4 70
4 69
4 68
4 67
4 66
4 65
4 64
4 63
5 62
5 61
5 60
5 59
5 58
5 57
5 56
6 55
6 54
6 53
6 52
6 51
6 50
6 49
6 48
7 47
7 46
7 45
7 44
7 43
7 42
7 41
7 40
8 39
8 38
8 37
8 36
8 35
8 34
8 33
8 32
9 31
9 30
9 29
9 28
9 27
9 26
9 25
9 24
10 23
10 22
10 21
10 20
10 20
10 19
11 18
11 17
12 16
12 15
12 15
12 14
11 13
11 12
11 12
11 11
11 11
12 12
12 12
12 12
12 13
12 14
12 14
12 15
12 16
12 17
12 18
12 18
12 19
12 20
12 21
12 22
12 23
12 24
12 25
12 26
12 26
12 27
12 28
12 29
12 30
12 31
12 32
12 33
12 34
12 35
12 36
12 37
12 37
12 38
12 39
12 40
12 41
12 42
12 43
12 44
12 45
12 46
12 47
12 48
12 49
12 49
12 50
12 51
12 52
12 53
12 54
13 55
13 56
13 57
13 58
13 59
13 60
13 60
13 61
13 62
13 63
13 64
13 65
13 66
13 67
13 67
13 68
13 69
14 70
14 71
14 72
14 72
14 73
14 74
14 75
14 76
14 76
15 77
15 77
15 78
15 78
15 77
15 77
16 76
16 75
16 75
16 74
17 73
17 72
17 71
17 71
17 70
17 69
18 68
18 67
18 66
18 66
18 65
18 64
18 63
19 62
19 61
19 60
19 59
19 58
19 58
19 57
19 56
19 55
19 54
20 53
20 52
20 51
20 50
20 49
20 48
20 48
20 47
20 46
21 45
21 44
21 43
21 42
21 41
22 40
22 39
22 38
22 38
22 37
22 36
22 35
22 34
23 33
23 32
23 31
23 30
23 29
23 29
23 28
23 27
23 26
24 25
24 24
24 23
24 22
24 21
24 21
24 20
24 19
25 18
25 17
25 16
25 15
25 15
25 14
26 13
26 12
26 12
26 11
26 10
26 9
26 9
26 8
26 8
26 7
26 7
26 7
26 7
26 8
26 9
26 10
26 10
26 11
26 12
25 13
25 14
25 15
25 15
25 16
25 17
25 18
25 19
25 20
25 21
25 22
25 23
25 23
25 24
25 25
25 26
25 27
25 28
24 29
24 30
24 31
24 32
24 33
24 34
24 34
24 35
24 36
24 37
24 38
24 39
24 40
23 41
23 42
23 43
23 44
23 45
23 46
23 47
23 47
23 48
23 49
23 50
23 51
23 52
23 53
23 54
23 55
23 56
23 57
23 57
23 58
23 59
23 60
23 61
23 62
23 63
23 64
23 65
23 65
23 66
23 67
23 68
23 69
23 70
23 71
23 71
23 72
23 73
23 74
23 74
23 75
23 76
23 77
23 77
23 78
23 78
23 78
23 78
23 77
24 76
24 75
25 74
25 73
25 72
26 71
26 70
26 69
27 68
27 67
28 66
28 65
28 64
29 63
29 62
29 61
30 60
30 59
31 58
31 57
31 56
32 55
32 54
32 54
32 54
32 53
32 53
32 53
32 53
32 52
32 52
32 52
32 52
31 52
31 52
31 53
31 53
31 54
31 54
31 55
31 55
31 56
30 57
30 58
30 59
30 59
30 60
30 61
30 62
30 63
30 63
30 64
30 65
29 66
29 67
29 68
29 68
29 69
29 70
29 71
29 72
29 73
29 73
29 74
29 75
29 76
29 76
29 77
29 78
29 79
29 79
30 80
30 81
30 81
31 81
31 81
32 81
32 81
33 80
33 80
34 79
35 78
35 78
36 77
36 76
36 76
36 75
37 74
37 73
37 72
37 72
37 71
38 70
38 69
38 69
38 68
38 67
38 66
38 66
38 65
38 64
38 63
38 62
38 62
38 61
38 60
38 59
38 58
38 58
38 57
37 56
37 55
37 54
37 54
37 53
37 52
37 51
37 51
36 50
36 49
36 49
35 48
35 48
34 49
34 49
34 50
34 50
34 51
33 52
33 53
33 53
33 54
33 55
33 55
32 56
32 57
32 57
33 58
33 59
33 59
33 60
33 61
33 61
34 62
34 62
35 62
35 62
36 61
36 61
37 60
38 60
38 60
39 59
39 59
40 58
40 58
41 57
41 56
41 56
42 55
42 55
43 54
43 53
43 53
43 52
43 52
44 51
44 51
44 51
44 51
44 51
44 51
44 51
44 51
44 51
44 51
44 51
44 51
44 51
44 51
44 51
44 51
44 51
44 51
44 51
44 51
44 51
44 52
44 53
44 53
44 54
44 55
44 56
44 56
44 57
44 58
43 59
43 60
43 61
43 61
43 62
43 63
43 64
42 65
42 66
42 67
42 68
42 68
42 69
42 70
42 71
42 72
42 72
42 73
42 74
42 75
42 76
42 76
42 77
42 78
42 79
42 80
42 80
42 81
42 82
42 82
43 83
43 83
43 84
43 84
44 83
44 83
45 82
45 82
46 81
46 80
47 79
47 79
47 78
48 77
48 76
48 76
48 75
49 74
49 73
50 72
50 71
51 70
51 69
52 68
52 67
53 66
53 65
54 64
54 63
55 62
55 61
56 60
56 59
56 59
56 60
56 60
56 59
56 59
55 58
55 58
55 58
55 57
55 57
55 56
55 56
54 56
54 56
54 55
54 55
53 56
53 56
52 57
52 57
52 58
51 59
51 60
51 61
51 61
51 62
51 63
50 64
50 65
50 66
50 66
50 67
50 68
49 69
49 70
49 71
49 72
49 72
49 73
49 74
49 75
49 76
49 77
49 77
49 78
49 79
49 80
49 81
49 81
49 82
50 83
50 84
50 84
51 85
51 85
52 84
52 83
52 83
53 82
53 81
53 81
53 80
53 79
54 78
54 77
54 76
54 76
55 75
55 74
56 73
56 72
56 72
56 71
56 70
57 69
57 68
57 67
57 67
57 66
58 65
58 64
58 63
58 63
58 62
58 61
59 60
59 59
59 58
59 57
59 57
59 56
59 55
59 54
59 53
59 52
59 51
59 51
59 50
59 49
60 48
60 47
60 46
60 45
60 45
60 44
60 43
60 42
60 41
60 40
60 39
60 38
60 38
60 37
60 36
61 35
61 34
61 33
61 32
61 32
61 31
61 30
61 29
61 28
61 27
61 26
61 26
61 25
61 24
61 23
61 22
61 22
61 21
62 20
62 19
62 19
62 19
62 20
62 20
61 21
61 21
61 22
61 23
61 24
61 25
61 26
61 26
61 27
61 28
61 29
60 30
60 31
60 32
60 33
60 33
60 34
60 35
60 36
59 37
59 38
59 39
59 40
59 41
59 41
59 42
59 43
59 44
59 45
59 46
59 47
59 48
59 49
59 50
59 51
59 52
59 52
59 53
59 54
59 55
59 56
58 57
58 58
58 59
58 60
58 61
58 62
58 62
58 63
58 64
58 65
57 66
57 67
57 68
57 69
57 70
57 70
57 71
57 72
57 73
57 74
57 75
57 76
57 76
57 77
57 78
57 79
57 80
57 81
57 82
57 82
57 83
58 84
58 85
58 85
59 86
59 87
59 87
60 87
60 87
61 86
61 85
61 85
62 84
62 83
63 82
63 82
64 81
64 80
65 79
65 78
65 78
65 77
66 76
66 75
67 74
67 73
67 73
67 72
67 71
68 70
68 69
68 68
68 67
68 67
68 66
69 65
69 64
69 63
69 63
69 62
69 61
69 60
69 59
69 59
69 58
69 57
69 57
68 56
68 55
68 55
67 56
67 56
66 57
65 57
65 57
65 58
64 59
64 60
64 61
64 61
64 62
64 63
64 64
64 64
64 65
63 66
63 67
63 68
63 68
63 69
63 70
63 71
63 71
63 72
64 73
64 74
64 74
64 75
65 76
65 77
65 77
66 78
67 78
67 78
68 77
69 77
69 77
70 76
70 76
71 75
72 74
73 73
74 72
75 71
76 71
77 70
78 69
79 68
80 67
80 67
81 67
81 67
81 67
81 66
81 66
81 66
81 65
81 65
81 64
81 64
80 63
80 63
80 63
80 62
80 62
80 62
79 62
79 62
79 63
79 63
78 64
78 65
78 65
78 66
77 67
77 68
77 69
77 69
77 70
77 71
76 72
76 73
76 74
76 74
76 75
76 76
76 77
76 78
76 79
76 79
76 80
76 81
76 82
76 83
76 83
76 84
76 85
76 86
76 86
77 87
77 87
78 88
78 88
79 89
79 89
80 88
80 88
81 87
81 87
81 86
82 85
82 84
82 83
83 82
83 81
83 80
84 79
84 78
84 77
84 76
85 75
85 74
85 73
86 72
86 71
86 71
87 70
87 69
87 69
88 68
88 67
88 67
88 66
88 65
88 65
87 64
87 64
87 63
87 63
87 62
87 61
87 61
86 60
86 60
85 60
85 60
85 61
85 62
85 62
84 63
84 64
84 64
84 65
83 66
83 67
83 67
83 68
82 69
82 70
82 71
82 71
82 72
82 73
82 74
82 75
82 76
82 76
82 77
82 78
82 79
82 79
83 80
83 81
83 81
83 82
83 82
84 82
84 82
85 81
85 81
86 80
86 79
86 79
87 78
87 77
87 77
88 76
88 75
88 75
88 74
89 73
89 72
89 72
89 71
89 70
89 70
89 69
89 68
89 68
89 67
89 67
89 67
89 67
89 68
89 69
89 69
89 70
89 71
89 71
88 72
88 73
88 73
88 74
88 75
88 75
88 76
88 77
88 77
88 78
88 78
88 79
88 79
89 79
89 79
89 79
90 79
90 79
91 78
91 77
91 77
91 76
91 76
92 75
92 75
92 75
91 76
91 76
91 77
91 78
91 78
91 79
91 80
91 81
91 81
91 82
91 83
91 84
91 84
91 85
91 86
91 87
91 87
91 88
91 89
91 89
92 90
92 91
92 91
93 91
93 91
94 90
95 89
95 89
96 88
96 87
97 86
97 86
97 85
98 84
98 83
98 82
98 82
98 81
98 80
97 79
97 78
97 77
97 76
96 75
96 74
96 73
96 72
95 71
95 70
95 69
95 68
95 67
94 66
94 65
94 64
94 63
93 62
93 61
93 60
93 59
93 58
92 57
92 56
92 55
92 54
91 53
91 52
91 51
91 50
90 49
90 48
90 47
90 47
90 48
89 49
89 50
89 50
89 50
89 50
89 51
89 52
89 52
89 53
89 53
90 53
90 53
90 53
90 53
90 53
90 53
90 53
90 53
90 53
90 53
90 52
90 52
90 52
90 52
90 52
90 52
91 51
91 51
91 50
92 49
92 48
92 48
93 47
94 46
94 46
95 45
96 45
97 44
97 44
98 44
99 43
100 43
