10 1
10 2
10 2
9 1
9 0
9 0
9 1
8 2
8 3
8 4
8 4
8 5
8 6
8 7
7 8
7 9
7 10
7 11
7 11
7 12
7 13
7 14
6 15
6 16
6 17
6 18
6 19
6 20
5 21
5 22
5 23
5 24
5 24
5 25
5 26
5 27
5 28
5 29
5 30
5 31
5 32
4 33
4 34
4 35
4 36
4 37
4 38
4 39
4 40
4 41
4 42
4 42
4 43
4 44
4 45
4 46
4 47
4 48
4 49
4 50
4 51
4 52
3 53
3 54
3 55
3 56
3 57
3 58
3 59
3 60
3 61
3 62
3 63
3 64
3 64
3 65
3 66
3 67
3 68
3 69
3 70
3 71
3 72
2 73
2 74
2 75
2 76
2 77
2 78
2 79
2 80
2 81
2 82
2 82
2 83
2 84
2 85
2 86
1 87
1 88
1 89
1 90
1 91
1 92
1 92
1 93
1 94
0 95
0 96
0 97
0 97
0 96
0 96
0 95
0 94
0 93
0 93
0 92
0 91
0 90
0 89
0 88
0 87
0 87
0 86
0 85
0 84
0 83
0 82
0 81
0 80
0 79
0 78
0 77
0 76
0 75
0 74
0 73
0 72
0 71
0 70
1 69
1 68
1 67
1 66
1 65
1 64
1 63
1 62
1 61
1 60
1 59
1 58
1 57
1 56
1 55
1 54
1 53
1 52
1 52
1 51
1 50
1 49
2 48
2 47
2 46
2 45
2 44
2 43
2 42
3 41
3 40
3 39
3 38
3 38
3 37
3 36
3 36
4 37
4 37
4 38
4 39
4 40
4 41
4 42
4 43
4 44
4 44
4 45
4 46
4 47
4 48
5 49
5 50
5 51
5 52
5 53
5 54
5 54
5 55
5 56
5 57
5 58
5 59
6 60
6 61
6 62
6 63
6 64
6 65
6 65
6 66
6 67
6 68
7 69
7 70
7 71
7 72
7 73
7 73
8 74
8 75
9 76
9 77
9 77
10 77
10 77
10 76
11 75
11 74
11 74
11 73
11 72
12 71
12 70
12 69
12 69
12 68
12 67
12 66
12 65
13 64
13 63
13 62
13 61
13 60
13 60
13 59
13 58
13 57
13 56
13 55
14 54
14 53
14 52
14 51
14 50
14 49
14 49
14 48
14 47
14 46
14 45
14 44
14 43
15 42
15 41
15 40
15 39
15 38
15 37
15 36
15 36
15 35
15 34
15 33
15 32
15 31
15 30
15 29
15 28
15 27
15 26
15 25
15 24
15 23
15 23
15 22
15 21
15 20
15 19
16 18
16 17
16 16
16 15
16 14
16 14
16 13
16 12
16 11
16 10
16 9
16 9
16 9
16 10
16 11
16 12
16 13
16 14
16 15
16 15
16 16
16 17
16 18
16 19
16 20
16 21
16 22
16 23
16 24
16 25
16 25
16 26
16 27
16 28
16 29
16 30
16 31
15 32
15 33
15 34
15 35
15 36
15 37
15 38
15 39
15 39
15 40
15 41
15 42
15 43
15 44
15 45
15 46
15 47
15 48
15 49
15 50
15 51
15 52
15 53
15 54
15 54
15 55
15 56
15 57
15 58
15 59
15 60
15 61
16 62
16 63
16 64
16 65
16 66
16 67
16 68
16 69
16 70
16 70
16 71
16 72
16 73
16 74
16 75
17 76
17 77
17 78
17 79
17 80
17 81
17 81
17 82
17 83
18 84
18 85
18 86
18 87
18 87
18 86
18 85
19 84
19 83
19 82
19 81
20 80
20 79
20 78
20 77
20 76
21 75
21 74
21 73
21 72
22 71
22 70
22 69
22 68
23 67
23 66
23 65
23 64
23 63
24 62
24 61
24 60
24 59
25 58
25 57
25 56
25 56
25 57
25 58
25 59
25 60
25 61
25 62
25 63
25 63
24 63
24 63
24 64
24 65
24 66
24 67
24 67
24 68
24 69
24 70
24 71
24 72
24 73
24 74
24 75
24 75
24 76
25 77
25 78
25 79
25 79
26 80
26 81
26 81
27 80
27 80
28 79
28 78
28 78
28 77
28 76
28 75
28 74
28 73
28 73
28 72
28 71
29 70
29 69
29 68
29 67
29 67
29 66
29 65
29 64
29 63
29 62
29 61
29 61
29 60
29 59
29 58
29 57
29 57
29 56
28 55
28 54
28 54
27 55
27 55
26 56
26 57
25 58
25 58
25 59
24 60
24 61
24 62
24 62
24 63
24 64
24 65
23 66
23 67
23 68
23 69
23 69
23 70
22 71
22 72
22 73
22 73
22 74
22 75
22 76
22 77
22 77
22 78
22 78
23 77
23 77
24 76
24 76
24 75
25 74
25 73
26 72
26 71
26 71
26 70
27 69
27 68
27 67
27 66
28 65
28 64
28 64
28 63
29 62
29 61
30 60
30 59
30 58
31 57
31 56
31 56
31 55
32 54
32 53
32 52
33 51
33 50
33 50
33 49
34 48
34 47
34 46
34 46
35 45
35 44
35 44
35 44
34 44
34 44
34 45
34 45
34 46
34 46
33 47
33 47
33 48
33 48
33 49
33 49
34 50
34 51
34 51
35 52
36 53
36 53
36 54
37 55
37 56
37 56
37 57
38 58
38 59
38 59
38 60
38 61
38 62
38 62
38 63
38 64
38 65
38 66
38 66
38 67
38 68
37 69
37 70
37 71
37 72
37 72
37 73
37 74
37 75
36 76
36 77
36 78
36 79
36 79
36 80
36 81
36 82
36 83
36 84
36 85
36 85
36 86
36 87
36 88
36 89
36 90
36 90
36 91
37 92
37 93
37 94
37 94
38 95
38 96
38 96
39 96
40 96
40 96
41 95
42 94
42 94
43 93
43 92
44 91
44 90
44 90
44 89
45 88
45 87
45 86
45 85
46 84
46 83
46 83
46 82
47 81
47 80
47 79
47 78
48 77
48 76
48 75
48 75
48 74
48 73
48 72
49 71
49 70
49 69
49 68
49 68
49 67
49 66
49 65
49 64
49 64
50 63
50 62
50 62
49 62
49 62
49 63
49 63
48 64
48 65
47 66
47 66
47 67
47 68
47 69
46 70
46 71
46 72
46 73
46 73
46 74
46 75
46 76
45 77
45 78
45 79
45 80
45 80
45 81
44 82
44 83
44 84
44 85
43 86
43 87
43 88
43 88
43 89
43 90
43 91
43 91
44 92
44 92
45 92
45 92
46 91
46 90
47 89
47 89
47 88
48 87
48 86
48 85
48 84
49 83
49 82
49 82
49 81
50 80
50 79
50 78
50 77
51 76
51 75
51 74
51 74
51 73
51 72
52 71
52 70
52 69
52 68
52 67
52 66
53 65
53 64
53 63
53 62
53 62
53 61
53 60
53 59
53 58
53 57
53 56
54 55
54 54
54 53
54 52
54 51
54 50
54 49
54 49
54 48
54 47
54 46
54 45
54 44
54 43
55 42
55 41
55 40
55 39
55 38
55 37
55 36
55 35
55 35
55 34
55 33
55 32
55 31
55 30
55 29
55 28
55 27
55 27
55 26
55 25
55 24
55 24
55 25
55 25
55 26
55 27
55 28
54 29
54 30
54 31
54 32
54 32
54 33
54 34
54 35
54 36
54 37
53 38
53 39
53 40
53 41
53 42
53 43
53 43
53 44
53 45
53 46
53 47
53 48
53 49
52 50
52 51
52 52
52 53
52 54
52 55
52 56
52 57
52 57
52 58
52 59
52 60
52 61
52 62
52 63
51 64
51 65
51 66
51 67
51 68
51 69
51 70
51 70
51 71
51 72
51 73
51 74
51 75
51 76
51 77
51 78
51 79
51 80
51 81
51 81
51 82
51 83
51 84
51 85
51 86
51 87
51 88
51 89
51 89
51 90
51 91
51 92
51 93
51 93
51 92
52 91
52 90
52 89
53 88
53 87
54 86
54 85
54 84
55 83
55 82
55 82
56 83
56 84
56 84
56 83
57 82
57 81
57 81
57 80
57 79
57 78
57 77
57 77
57 76
58 75
58 74
58 73
58 73
58 72
59 71
59 70
60 69
60 68
60 68
60 67
60 66
60 65
61 64
61 63
61 62
61 61
61 61
61 60
61 59
61 58
61 57
61 57
60 56
60 56
59 56
59 56
59 57
59 58
58 59
58 60
58 61
58 61
58 62
57 63
57 64
57 65
57 66
56 67
56 68
56 69
56 69
56 70
56 71
56 72
56 73
56 74
55 75
55 76
55 77
55 78
55 79
55 80
55 80
55 81
55 82
55 83
55 84
55 85
55 86
55 87
55 88
55 89
55 90
55 90
55 91
55 92
55 93
55 94
55 95
55 96
55 96
55 97
56 98
56 99
56 99
57 99
58 99
58 99
59 98
59 97
60 96
60 96
60 95
61 94
61 93
62 92
62 91
62 91
63 90
63 89
64 88
64 87
65 86
65 85
66 84
66 83
66 83
66 82
67 81
67 80
67 79
68 78
68 77
68 76
68 75
69 74
69 73
69 73
69 72
70 71
70 70
70 69
71 68
71 67
72 66
72 65
72 64
73 63
73 62
73 62
73 61
74 60
74 59
74 58
74 57
75 56
75 55
75 54
75 54
75 53
76 52
76 51
77 50
77 49
77 49
78 48
78 47
78 47
78 47
77 48
77 49
77 49
76 50
76 51
76 51
76 52
75 53
75 54
75 55
75 55
75 56
75 57
74 58
74 59
74 60
74 60
74 61
73 62
73 63
73 64
73 65
72 66
72 67
72 67
72 68
72 69
71 70
71 71
71 72
71 73
70 74
70 75
70 76
70 76
70 77
70 78
70 79
70 80
69 81
69 82
69 83
69 84
69 85
69 85
69 86
69 87
69 88
68 89
68 90
68 91
68 92
68 93
68 93
68 94
68 95
69 96
69 97
69 98
69 98
70 99
70 100
70 100
71 100
72 100
72 100
73 99
73 98
74 97
74 97
74 96
75 95
75 94
75 93
76 92
76 91
76 91
76 90
77 89
77 88
78 87
78 86
78 85
79 84
79 83
79 83
79 82
80 81
80 80
80 79
81 78
81 77
81 76
82 75
82 74
82 74
82 73
83 72
83 71
83 70
83 69
84 68
84 67
84 66
84 66
84 65
84 64
84 63
85 62
85 61
85 60
85 59
85 59
86 58
86 57
86 57
86 57
85 58
85 59
85 59
85 60
84 61
84 62
84 63
84 63
84 64
84 65
83 66
83 67
83 68
83 69
83 69
83 70
82 71
82 72
82 73
81 74
81 75
81 75
81 76
80 77
80 78
79 79
79 80
79 80
78 81
78 82
78 82
78 83
78 83
78 82
78 82
79 81
79 80
79 80
80 79
80 78
81 77
81 76
81 76
82 75
82 74
83 73
83 72
83 72
84 71
84 71
85 71
85 71
85 72
85 73
85 74
85 74
85 75
84 76
84 77
84 78
84 78
84 79
84 80
84 81
84 82
84 83
84 84
84 84
84 85
84 86
84 86
85 86
85 86
86 85
86 84
86 84
86 83
87 82
87 81
88 80
88 79
88 79
88 78
89 77
89 76
89 75
90 74
90 73
90 73
90 72
91 71
91 70
91 69
91 68
92 67
92 66
92 66
92 65
92 64
93 63
93 62
93 61
93 60
93 60
94 59
94 59
94 60
94 60
94 61
94 62
94 63
94 64
94 65
94 65
94 66
94 67
94 68
94 69
94 70
94 71
94 71
94 72
94 73
94 74
94 75
94 76
94 77
94 78
94 79
94 79
94 80
94 81
94 82
94 82
95 82
95 82
96 81
97 80
97 80
97 79
98 78
98 77
99 76
99 75
99 75
99 74
99 73
99 72
99 71
99 70
99 69
99 68
99 67
99 66
99 65
99 64
99 63
99 62
99 61
99 60
99 59
99 58
99 57
99 56
99 55
99 54
99 53
99 52
99 51
99 50
99 49
99 48
99 47
99 46
99 45
100 44
100 43
100 42
100 41
100 40
100 39
100 38
100 37
100 36
100 35
100 34
100 33
100 32
100 31
100 30
100 29
100 28
100 27
100 26
100 25
100 24
100 23
100 22
100 21
100 20
100 19
100 18
100 17
100 16
100 15
100 14
100 14
100 15
100 16
100 17
100 18
99 19
99 20
99 21
99 22
99 23
99 23
98 22
98 22
98 21
98 20
98 19
