0 55
0 54
0 53
0 52
0 51
0 50
0 50
0 50
0 50
0 51
0 51
0 52
0 53
0 54
0 55
0 55
0 56
0 57
0 58
0 59
0 60
0 60
0 61
0 62
0 63
0 64
0 65
0 66
0 67
0 67
0 68
0 69
0 70
0 71
0 72
0 73
0 74
0 75
0 75
0 76
0 77
0 78
0 79
0 80
0 81
0 82
0 82
0 83
0 84
0 85
0 86
0 87
0 87
0 88
1 89
1 90
1 91
1 91
1 92
1 93
1 93
1 94
1 94
1 94
1 94
1 93
1 92
1 91
1 90
1 90
1 89
1 88
1 87
2 86
2 85
2 84
2 83
2 83
2 82
2 81
2 80
2 79
3 78
3 77
3 76
3 75
3 74
3 73
3 73
3 72
3 71
4 70
4 69
4 68
4 67
4 66
5 65
5 64
5 63
5 63
5 62
5 61
5 60
6 59
6 58
6 57
6 56
6 55
6 55
6 54
7 53
7 52
7 51
8 50
8 49
8 49
8 48
9 47
9 46
10 45
10 44
10 44
11 43
11 42
11 42
12 42
12 42
12 43
12 44
12 44
12 45
13 46
13 47
13 47
13 48
13 49
14 50
14 51
14 52
14 53
14 53
14 54
14 55
14 56
14 57
14 58
14 59
14 60
14 60
14 61
14 62
14 63
14 64
15 65
15 66
15 67
15 68
15 69
15 69
15 70
15 71
15 72
15 73
15 74
15 75
15 76
15 77
15 78
15 78
15 79
15 80
15 81
16 82
16 83
16 84
16 85
16 86
16 86
16 87
16 88
17 89
17 90
17 91
17 91
17 92
17 93
18 94
18 95
18 96
18 96
18 97
19 98
19 99
19 99
20 100
20 100
21 100
21 100
21 99
21 98
22 97
22 96
22 95
22 94
22 93
23 92
23 91
23 90
23 89
24 88
24 87
24 86
24 85
24 84
25 83
25 82
25 81
25 80
25 79
26 78
26 77
26 76
26 75
26 74
27 73
27 72
27 71
27 70
28 69
28 68
28 67
28 66
28 65
29 64
29 63
29 62
29 62
29 63
29 64
29 65
28 66
28 67
28 68
28 69
28 70
28 70
27 71
27 71
27 70
27 69
27 69
27 69
27 69
28 68
28 68
29 67
29 66
29 66
29 65
30 64
30 63
30 62
30 62
30 61
31 60
31 59
32 58
32 57
32 57
32 56
33 55
33 54
33 53
33 53
33 52
33 51
34 50
34 49
34 48
34 48
34 47
34 46
34 45
34 44
34 44
34 43
34 42
34 41
34 41
34 40
34 39
34 38
34 38
33 37
33 36
33 36
32 36
32 36
31 37
30 37
30 37
30 38
29 39
29 40
29 40
29 41
29 42
28 43
28 44
28 45
28 45
28 46
28 47
27 48
27 49
27 50
27 50
27 51
27 52
27 53
26 54
26 55
26 56
26 57
26 57
26 58
26 59
26 60
25 61
25 62
25 63
25 64
25 65
25 65
25 66
25 67
25 68
25 69
25 70
25 71
25 72
25 72
25 73
25 74
26 75
26 76
26 77
26 78
26 78
26 79
26 80
27 81
27 82
27 83
27 83
27 84
28 85
28 86
28 87
28 87
29 88
30 89
30 89
31 90
32 90
32 90
33 89
34 89
34 89
35 88
35 88
36 87
37 87
37 87
37 86
38 85
38 84
38 84
38 83
39 82
39 81
39 80
39 79
40 78
40 77
40 76
41 75
41 74
41 73
41 72
42 71
42 70
42 69
42 68
43 67
43 66
43 65
44 64
44 63
44 62
44 61
45 60
45 59
45 58
46 57
46 56
46 55
46 54
47 53
47 52
47 51
47 50
48 49
48 48
48 48
48 47
48 46
48 46
47 45
47 44
47 44
46 44
46 44
46 44
46 44
47 45
47 45
47 46
47 47
47 48
47 48
47 49
47 50
48 51
48 52
48 53
48 53
48 54
48 55
49 56
49 57
49 58
49 58
49 59
49 60
49 61
49 62
49 62
49 63
49 64
50 65
50 66
50 67
50 67
50 68
51 69
51 70
51 70
51 71
51 72
51 72
52 73
52 73
53 74
53 74
54 73
54 72
54 72
54 71
55 70
55 69
55 68
55 68
55 67
55 66
56 65
56 64
56 63
56 62
56 62
56 61
56 60
57 59
57 58
57 57
57 56
57 56
57 55
57 54
58 53
58 52
58 51
58 50
58 50
58 49
58 48
58 47
58 46
58 46
58 45
59 44
59 43
59 42
59 42
59 41
59 40
59 39
59 39
59 39
60 38
61 37
62 36
62 35
63 34
64 33
65 32
65 32
66 31
66 31
66 30
66 30
66 30
66 29
66 29
66 28
66 28
66 27
66 27
67 27
67 27
68 28
68 28
69 29
69 30
69 30
69 31
69 32
69 33
69 33
69 34
69 35
70 36
70 37
70 38
70 38
70 39
70 40
70 41
70 42
70 43
70 43
70 44
70 45
70 46
70 47
70 48
70 48
70 49
70 50
70 51
70 52
70 53
70 53
70 54
70 55
71 56
71 57
71 58
71 58
71 59
71 60
71 61
71 62
71 62
71 63
71 64
71 65
71 65
71 66
72 67
72 68
72 68
72 69
72 69
73 69
73 69
73 68
73 68
73 67
73 66
73 66
73 65
74 64
74 63
74 62
74 62
74 61
74 60
74 59
74 58
74 58
74 57
74 56
75 55
75 54
75 53
75 52
75 52
75 51
75 50
75 49
75 48
75 47
75 46
75 45
75 44
75 43
75 42
74 41
74 40
74 39
74 38
74 37
74 36
74 35
74 34
74 33
74 32
74 31
74 30
74 29
74 28
74 27
74 26
74 25
74 24
74 23
74 22
74 21
74 20
73 19
73 18
73 17
73 16
73 15
73 14
73 13
73 12
73 11
73 10
73 9
73 8
73 8
73 7
73 6
72 5
72 4
72 3
72 2
72 2
71 1
71 0
71 0
71 0
70 0
70 0
70 0
70 1
70 1
70 2
70 2
70 3
70 4
70 4
71 5
71 5
71 6
71 6
72 7
72 7
73 8
73 8
74 9
75 10
76 11
76 12
77 13
78 14
79 15
80 16
81 17
81 18
82 19
83 20
83 20
83 20
83 19
84 18
84 17
84 16
84 16
83 15
83 15
83 16
83 16
83 17
83 17
83 18
83 19
83 20
83 21
83 21
83 22
83 23
83 24
83 25
83 26
83 26
83 27
83 28
83 29
83 30
83 31
83 32
83 33
83 33
83 34
83 35
83 36
83 37
83 38
83 38
83 39
83 40
83 41
83 42
83 43
83 44
83 44
83 45
83 46
83 47
83 47
83 48
84 49
84 50
84 50
84 51
84 51
84 51
84 50
84 50
85 49
85 48
85 48
85 47
85 46
85 45
85 44
85 43
85 43
85 42
85 41
85 40
86 39
86 38
86 37
86 36
86 36
86 35
86 34
86 33
87 32
87 31
87 30
87 29
87 29
87 28
87 27
88 26
88 25
88 24
88 23
88 23
88 22
88 21
89 20
89 19
89 18
89 18
89 17
90 16
90 15
90 15
91 14
91 13
91 13
91 13
91 13
92 14
92 15
92 15
92 16
92 17
92 18
92 18
92 19
92 20
93 21
93 22
93 23
93 23
93 24
93 25
93 26
93 27
93 28
93 29
93 29
93 30
93 31
93 32
93 33
93 34
93 35
93 36
93 37
93 37
93 38
93 39
93 40
94 41
94 42
94 43
94 44
94 44
94 45
94 46
95 47
95 48
95 49
95 50
95 50
95 51
96 52
96 53
96 54
96 54
96 55
97 56
97 57
97 57
98 57
98 57
99 57
100 57
