0 45
0 44
0 43
0 42
0 42
0 42
0 43
0 44
0 45
0 45
0 46
0 47
0 48
0 49
0 50
0 51
0 51
0 52
0 53
0 54
0 55
0 56
0 57
0 58
0 58
0 59
0 60
0 61
0 62
0 63
0 64
0 65
0 65
0 66
0 67
0 68
0 69
0 70
0 71
0 72
0 73
0 73
0 74
0 75
0 76
0 77
0 78
0 79
0 80
0 81
0 81
0 82
0 83
1 84
1 85
1 86
1 86
1 87
1 88
1 89
1 90
1 90
1 91
1 92
1 93
1 93
1 94
1 95
1 95
1 95
1 95
1 94
1 93
1 93
1 92
1 91
1 90
1 90
1 89
1 88
1 87
1 86
1 85
1 84
1 83
1 83
1 82
1 81
1 80
1 79
2 78
2 77
2 76
2 75
2 74
2 73
2 73
2 72
2 71
2 70
2 69
2 68
3 67
3 66
3 65
3 64
3 63
3 62
3 62
3 61
3 60
4 59
4 58
4 57
4 56
5 55
5 54
5 53
5 53
5 52
5 51
5 50
6 49
6 48
6 47
6 46
6 46
6 45
6 44
7 43
7 42
7 41
7 41
8 40
8 40
9 40
9 40
9 41
9 41
9 42
9 43
10 44
10 45
10 46
10 46
10 47
10 48
10 49
10 50
10 51
10 52
10 53
10 53
10 54
10 55
10 56
10 57
10 58
10 59
10 60
10 61
10 61
10 62
10 63
10 64
10 65
11 66
11 67
11 68
11 69
11 70
11 70
11 71
11 72
11 73
11 74
11 75
11 76
11 77
11 78
11 79
11 79
11 80
11 81
11 82
12 83
12 84
12 85
12 86
12 86
12 87
12 88
12 89
12 90
12 91
12 92
12 92
12 93
13 94
13 95
13 96
13 96
13 97
14 98
14 99
14 99
15 100
15 100
16 100
16 100
16 99
17 98
17 97
17 96
17 96
17 95
17 94
18 93
18 92
18 91
18 90
18 89
19 88
19 87
19 86
19 85
19 84
20 83
20 82
20 81
20 80
20 79
21 78
21 77
21 76
21 75
21 74
22 73
22 72
22 71
22 70
22 69
23 68
23 67
23 66
23 65
23 64
24 63
24 62
24 61
24 60
24 59
25 58
25 57
25 56
25 56
25 57
25 58
25 59
24 60
24 61
24 62
24 63
24 63
24 63
23 63
23 63
23 64
23 64
23 64
23 64
24 64
24 64
25 64
25 64
26 63
26 63
26 62
27 61
27 60
27 60
28 59
28 58
29 57
29 56
29 56
30 55
30 54
31 53
31 52
31 52
31 51
31 50
32 49
32 48
32 47
32 47
32 46
33 45
33 44
34 43
34 42
34 42
34 41
34 40
34 39
34 38
34 37
34 37
34 36
34 35
34 34
34 33
34 32
34 32
34 31
34 30
34 29
34 28
34 28
34 27
33 26
33 25
33 25
32 24
32 24
31 24
31 24
30 25
29 26
29 26
29 27
28 28
28 29
27 30
27 31
27 31
27 32
27 33
27 34
26 35
26 36
26 37
26 38
26 38
26 39
26 40
26 41
25 42
25 43
25 44
25 45
25 45
25 46
25 47
25 48
24 49
24 50
24 51
24 52
24 53
24 53
24 54
24 55
24 56
24 57
24 58
24 59
24 60
24 60
24 61
24 62
24 63
23 64
23 65
23 66
23 67
23 67
23 68
23 69
23 70
23 71
23 72
23 73
23 73
23 74
23 75
24 76
24 77
24 78
24 78
24 79
25 80
25 81
25 81
25 82
25 83
25 84
25 84
26 85
27 85
27 85
28 85
28 85
29 85
30 84
31 84
31 84
32 83
33 82
33 82
34 81
34 80
35 79
35 78
35 78
36 77
36 76
37 75
37 74
37 74
37 73
37 72
38 71
38 70
38 69
38 69
38 68
39 67
39 66
39 65
39 65
39 64
40 63
40 62
40 62
40 61
40 60
41 59
41 58
41 57
41 56
42 55
42 54
42 53
42 52
43 51
43 50
43 49
43 48
44 47
44 46
44 45
44 44
44 43
45 42
45 41
45 40
45 39
46 38
46 37
46 36
46 35
47 34
47 33
47 32
47 32
47 31
46 30
46 29
46 28
46 28
46 27
46 26
46 26
45 25
45 24
45 24
45 23
45 23
45 23
45 23
45 24
45 25
45 25
45 26
45 27
45 28
45 29
45 29
45 30
45 31
46 32
46 33
46 34
46 35
46 35
46 36
46 37
46 38
47 39
47 40
47 41
47 42
47 42
47 43
47 44
47 45
47 46
47 47
47 48
47 48
47 49
47 50
48 51
48 52
48 53
48 53
48 54
48 55
49 56
49 57
49 58
49 58
49 59
49 60
49 61
49 61
50 62
50 63
50 63
50 64
50 64
51 64
51 64
51 63
51 62
51 62
51 61
51 60
52 59
52 58
52 57
52 57
52 56
52 55
52 54
53 53
53 52
53 51
53 50
53 50
53 49
53 48
53 47
54 46
54 45
54 44
54 43
54 43
54 42
54 41
54 40
54 39
54 38
54 37
54 36
54 36
54 35
54 34
54 33
55 32
55 31
55 30
55 29
55 29
55 28
56 27
56 26
56 25
56 25
56 24
56 23
56 22
56 21
56 21
56 20
56 20
56 19
56 19
57 18
57 18
57 18
57 18
58 17
58 16
59 15
59 14
60 13
60 12
61 11
61 10
62 9
62 8
63 7
63 6
64 5
64 5
63 5
63 5
63 4
63 4
62 4
62 4
62 3
62 3
62 3
62 3
62 3
62 3
62 3
63 2
63 2
63 2
64 1
64 1
64 1
64 1
64 1
64 1
64 2
64 3
64 4
64 5
64 6
64 7
63 8
63 9
63 10
63 11
63 12
63 13
63 14
63 14
63 15
63 16
63 17
63 18
63 19
63 19
62 19
62 19
61 19
61 19
61 19
61 19
61 19
61 19
62 19
62 19
63 18
63 17
63 17
64 16
64 16
65 16
65 16
66 16
66 16
66 17
66 18
66 18
66 19
67 20
67 21
67 22
67 22
67 23
67 24
67 25
67 26
67 27
67 27
67 28
67 29
67 30
67 31
67 32
67 33
67 34
67 34
67 35
67 36
67 37
67 38
67 39
67 40
67 41
67 41
67 42
67 43
67 44
67 45
67 46
67 46
67 47
67 48
67 49
67 50
67 51
67 51
67 52
68 53
68 54
68 54
68 55
68 56
68 56
68 56
68 57
68 58
68 58
68 58
69 58
69 58
69 58
69 57
69 56
69 56
69 55
69 54
69 54
69 53
70 52
70 51
70 50
70 50
70 49
71 48
71 47
71 47
72 46
72 45
72 45
72 44
72 43
73 42
73 41
73 40
73 39
74 38
74 37
74 36
74 35
74 34
75 33
75 32
75 31
75 30
76 29
76 28
76 27
76 26
77 25
77 24
77 23
77 22
77 21
78 20
78 19
78 18
78 17
79 16
79 15
79 14
79 13
79 12
80 11
80 10
80 9
80 8
81 7
81 6
81 5
81 5
81 4
80 3
80 2
80 2
80 1
80 0
80 0
80 0
80 1
80 1
80 1
80 2
80 3
80 4
80 4
80 5
80 6
81 7
81 8
81 9
81 10
81 10
81 11
81 12
81 13
81 14
81 15
81 16
81 16
81 17
81 18
81 19
81 20
81 21
81 22
81 23
81 23
81 24
81 25
81 26
81 27
81 28
81 29
81 30
81 31
81 31
81 32
81 33
81 34
81 35
81 36
81 37
81 38
81 38
81 39
81 40
81 41
81 42
81 43
81 44
81 44
81 45
81 46
81 47
81 47
81 48
82 49
82 50
82 50
82 50
82 50
82 49
82 49
82 48
82 47
82 46
82 45
82 44
82 44
82 43
82 42
82 41
82 40
82 39
82 38
82 37
82 36
82 36
82 35
82 34
82 33
82 32
83 31
83 30
83 29
83 28
83 27
83 27
83 26
83 25
83 24
83 23
84 22
84 21
84 20
84 19
84 18
84 18
84 17
84 16
85 15
85 14
85 13
85 12
85 12
85 11
85 10
86 9
86 8
86 7
86 7
86 6
87 5
87 4
87 4
88 3
88 2
88 2
88 2
89 3
89 3
89 4
90 5
90 6
90 6
90 7
90 8
90 9
90 10
90 10
90 11
90 12
91 13
91 14
91 15
91 16
91 16
91 17
91 18
92 19
92 20
92 21
92 22
92 22
92 23
92 24
92 25
92 26
92 27
92 28
92 29
92 30
92 30
92 31
92 32
92 33
93 34
93 35
93 36
93 37
93 37
93 38
93 39
93 40
93 41
93 42
93 43
93 43
93 44
93 45
94 46
94 47
94 48
94 48
94 49
94 50
94 51
94 52
94 52
95 53
95 53
95 53
96 52
96 52
97 51
97 50
98 49
98 48
98 48
98 47
99 46
99 45
99 44
99 43
100 42
100 41
