2 42
2 42
2 42
2 42
2 43
2 44
2 45
1 46
1 47
1 48
1 49
1 49
1 50
1 51
1 52
1 53
0 54
0 55
0 56
0 57
0 58
0 58
0 59
0 60
0 61
0 62
0 63
0 64
0 65
0 66
0 67
0 67
0 68
0 69
0 70
0 71
0 72
0 73
0 74
0 75
0 76
0 76
0 77
0 78
0 79
0 80
0 81
0 82
0 83
0 84
0 84
0 85
0 86
0 87
0 88
0 89
0 90
0 91
0 91
0 92
0 93
0 94
0 95
0 96
0 96
0 97
0 98
0 99
0 99
0 99
0 99
0 98
1 97
1 96
1 95
1 95
1 94
1 93
1 92
2 91
2 90
2 89
2 88
2 87
2 87
2 86
2 85
2 84
2 83
3 82
3 81
3 80
3 79
3 78
3 78
3 77
3 76
4 75
4 74
4 73
4 72
4 71
4 70
5 69
5 68
5 67
5 67
5 66
5 65
6 64
6 63
6 62
6 61
6 60
7 59
7 58
7 57
7 57
7 56
8 55
8 54
8 53
9 52
9 51
9 50
9 49
10 48
10 47
10 47
10 46
10 45
11 44
11 43
11 42
11 42
12 41
12 40
13 39
13 39
14 38
14 38
14 39
14 40
14 40
14 41
14 42
15 43
15 44
15 45
15 45
15 46
15 47
15 48
15 49
15 50
15 51
15 52
15 52
15 53
15 54
15 55
15 56
16 57
16 58
16 59
16 60
16 61
16 61
16 62
16 63
16 64
16 65
16 66
16 67
16 68
16 69
16 70
16 70
16 71
16 72
16 73
16 74
16 75
16 76
16 77
16 77
16 78
16 79
16 80
17 81
17 82
17 83
17 84
17 84
17 85
17 86
17 87
17 88
17 89
17 90
17 90
17 91
17 92
17 93
17 94
17 95
17 95
17 96
18 97
18 98
18 98
18 99
18 100
18 100
18 99
19 98
19 97
19 96
20 95
20 94
21 93
21 92
21 91
22 90
22 89
22 88
23 87
23 86
24 85
24 84
24 83
25 82
25 81
25 80
26 79
26 78
26 77
27 76
27 75
28 74
28 73
28 72
29 71
29 70
29 70
29 70
29 70
29 70
29 70
29 70
29 70
30 71
31 71
31 71
32 70
32 69
32 69
32 68
33 67
33 66
33 66
34 65
34 64
35 63
35 63
35 62
36 61
36 60
37 59
37 58
37 58
37 57
37 56
38 55
38 54
38 53
38 53
38 52
39 51
39 50
39 49
39 49
39 48
39 47
39 46
39 45
39 44
39 44
39 43
39 42
39 41
39 40
39 40
39 39
38 38
38 37
38 37
37 36
37 35
37 35
36 35
36 35
35 36
34 37
34 37
33 38
33 39
32 40
32 41
32 41
32 42
32 43
31 44
31 45
31 46
31 47
31 47
31 48
30 49
30 50
30 51
30 52
29 53
29 54
29 55
29 55
29 56
29 57
29 58
28 59
28 60
28 61
28 62
28 62
28 63
28 64
28 65
28 66
28 67
28 68
28 69
28 69
28 70
28 71
28 72
28 73
28 74
28 75
28 75
28 76
28 77
28 78
28 79
28 80
28 80
28 81
28 82
29 83
29 84
29 85
29 85
29 86
30 87
30 88
30 88
31 89
31 90
32 91
32 91
33 92
33 92
34 92
35 92
35 92
36 91
37 91
37 91
38 90
39 89
39 89
39 88
40 87
40 86
40 85
41 84
41 83
41 82
41 81
42 80
42 79
42 78
43 77
43 76
43 75
44 74
44 73
44 72
44 71
45 70
45 69
45 68
46 67
46 66
46 65
47 64
47 63
47 62
47 61
48 60
48 59
48 58
49 57
49 56
49 55
50 54
50 53
50 52
50 51
51 50
51 49
51 49
51 48
52 47
52 46
52 45
52 45
52 44
52 44
51 44
51 44
51 44
51 44
51 45
51 46
51 47
51 47
51 48
51 49
52 50
52 51
52 52
52 53
52 53
52 54
52 55
52 56
52 57
52 58
52 59
52 60
52 61
52 61
52 62
52 63
52 64
52 65
52 66
52 66
52 67
52 68
52 69
52 70
52 71
52 71
52 72
53 73
53 74
53 75
53 75
54 76
54 77
54 77
55 78
55 78
55 78
56 77
57 76
57 76
57 75
57 74
58 73
58 72
58 71
58 71
58 70
59 69
59 68
59 67
60 66
60 65
60 65
60 64
60 63
60 62
61 61
61 60
61 59
61 58
61 58
61 57
61 56
61 55
62 54
62 53
62 52
62 51
62 50
62 50
62 49
62 48
63 47
63 46
63 45
63 45
63 44
64 43
64 42
64 42
64 41
64 40
64 40
64 39
64 39
64 38
64 37
64 36
65 35
65 34
65 33
65 32
65 31
65 30
66 29
66 28
66 27
66 26
66 25
66 24
66 23
67 22
67 21
67 20
67 19
67 18
67 17
68 16
68 15
68 14
68 13
68 12
68 11
68 10
69 9
69 8
69 7
69 6
69 5
69 4
70 3
70 2
70 1
70 0
70 0
70 0
70 0
70 0
70 0
70 0
70 0
70 0
70 1
70 2
70 3
70 4
70 4
71 5
71 6
71 6
71 7
71 8
71 8
71 9
71 10
71 11
71 11
72 12
72 13
72 13
72 14
72 15
72 15
73 16
73 16
73 17
72 18
72 19
72 20
72 21
71 22
71 23
71 24
71 25
70 26
70 27
70 28
70 29
69 30
69 31
69 31
69 32
69 33
69 34
69 35
69 35
68 35
68 35
68 36
68 36
68 36
68 36
68 36
69 36
69 36
70 36
70 36
71 35
71 35
72 35
72 35
72 36
72 37
72 37
72 38
73 39
73 40
73 40
73 41
73 42
73 43
73 44
73 44
73 45
73 46
73 47
73 48
73 49
73 50
73 51
73 52
73 52
73 53
73 54
73 55
72 56
72 57
72 58
72 59
72 60
72 60
72 61
72 62
72 63
72 64
72 65
72 66
72 67
72 68
72 68
72 69
72 70
72 71
72 72
72 73
72 74
72 74
72 75
72 76
72 77
72 78
72 79
72 79
72 80
72 81
72 82
72 82
73 83
73 84
73 84
73 85
73 85
74 85
74 85
75 84
76 83
76 83
76 82
77 81
77 80
77 80
77 79
78 78
78 77
78 77
78 76
78 75
79 74
79 73
79 72
79 71
80 70
80 69
80 68
80 67
80 66
81 65
81 64
81 63
81 62
81 61
82 60
82 59
82 58
82 57
83 56
83 55
83 54
83 53
83 52
84 51
84 50
84 49
84 48
84 47
85 46
85 45
85 44
85 43
86 42
86 41
86 40
86 40
87 39
87 38
88 37
88 37
88 37
88 37
87 38
87 38
87 39
87 40
87 40
87 41
86 42
86 43
86 43
86 44
86 45
86 46
86 47
86 48
86 48
86 49
86 50
86 51
86 52
86 53
86 53
86 54
86 55
86 56
86 57
86 58
86 59
86 59
86 60
86 61
86 62
86 63
86 64
86 64
86 65
86 66
86 67
86 68
86 68
86 69
86 70
86 71
86 72
86 72
87 73
87 74
87 74
87 74
87 74
87 73
87 72
87 72
87 71
87 70
88 69
88 68
88 67
88 67
88 66
88 65
88 64
89 63
89 62
89 61
89 60
89 60
89 59
89 58
89 57
89 56
90 55
90 54
90 53
90 52
90 51
90 51
90 50
91 49
91 48
91 47
92 46
92 45
92 45
92 44
92 43
93 42
93 41
93 40
93 40
93 39
93 38
93 38
94 37
94 37
94 37
95 38
95 39
95 39
95 40
96 41
96 42
96 43
96 43
96 44
96 45
96 46
96 47
96 48
96 49
96 49
96 50
96 51
97 52
97 53
97 54
97 55
97 55
97 56
97 57
97 58
97 59
97 60
97 60
97 61
97 62
98 63
98 64
98 65
98 65
98 66
98 67
98 68
98 69
98 69
98 70
99 71
99 72
99 72
99 73
99 74
99 75
99 75
100 76
100 77
