1 44
2 43
2 42
3 41
3 40
4 39
4 39
4 38
3 37
3 36
3 36
3 36
3 37
4 38
4 39
4 39
4 40
4 41
4 42
4 43
3 44
3 45
3 46
3 47
3 48
3 48
3 49
3 50
3 51
3 52
3 53
2 54
2 55
2 56
2 57
2 58
2 59
2 59
2 60
2 61
2 62
2 63
2 64
2 65
1 66
1 67
1 68
1 69
1 70
1 71
1 72
1 73
1 73
1 74
1 75
1 76
0 77
0 78
0 79
0 80
0 80
0 81
0 82
0 83
0 84
0 85
0 85
0 86
0 87
0 88
0 88
0 89
0 89
0 89
0 88
0 88
0 87
0 87
0 86
0 85
0 84
1 83
1 82
1 81
1 80
1 80
1 79
2 78
2 77
2 76
2 75
3 74
3 73
3 72
3 71
4 70
4 69
4 68
4 68
4 67
4 66
5 65
5 64
5 63
5 62
6 61
6 60
6 59
6 58
7 57
7 56
7 55
7 55
7 54
8 53
8 52
8 51
8 50
9 49
9 48
9 48
9 47
10 46
10 45
10 44
10 44
10 44
11 44
11 44
11 45
11 46
11 47
11 47
11 48
11 49
11 50
11 51
11 52
11 53
11 54
11 54
11 55
11 56
11 57
11 58
11 59
11 60
11 61
11 62
11 63
11 63
11 64
11 65
11 66
11 67
11 68
10 69
10 70
10 71
10 72
10 73
10 74
10 74
10 75
10 76
10 77
10 78
9 79
9 80
9 81
9 82
9 83
9 84
9 84
9 85
9 86
10 87
10 88
10 89
10 89
10 90
10 91
11 92
11 93
11 94
11 95
11 95
11 96
12 97
12 98
12 99
12 99
13 100
14 100
14 100
15 100
15 100
16 99
17 99
17 99
18 98
18 97
19 96
19 96
20 95
20 94
21 93
21 93
21 92
22 91
22 90
22 89
22 88
23 87
23 86
23 85
24 84
24 83
24 82
24 81
25 80
25 79
25 78
26 77
26 76
26 75
27 74
27 73
27 72
27 71
28 70
28 69
28 68
29 67
29 66
29 65
29 64
30 63
30 62
30 62
30 63
30 64
30 65
30 66
30 67
30 67
30 67
30 67
30 67
31 66
31 66
32 65
32 64
32 64
33 63
33 62
34 61
34 60
34 60
34 59
35 58
35 57
36 56
36 55
36 55
37 54
37 53
38 52
38 51
39 50
39 49
39 49
39 48
40 47
40 46
40 45
40 45
40 44
40 43
40 42
40 42
39 41
39 40
39 40
38 41
37 41
37 41
36 42
35 43
35 43
34 44
34 45
33 46
33 47
32 48
32 49
31 50
31 50
31 51
30 52
30 53
29 54
29 55
28 56
28 57
28 57
28 58
28 59
28 60
27 61
27 62
27 63
27 64
27 65
27 65
27 66
27 67
27 68
27 69
26 70
26 71
26 72
26 73
26 74
26 75
26 75
26 76
26 77
26 78
26 79
26 80
26 80
26 81
27 82
27 83
27 84
27 84
27 85
28 86
28 87
28 87
29 88
30 89
30 89
31 90
32 91
32 91
33 91
34 91
35 91
35 91
36 90
37 89
37 89
37 88
37 87
38 86
38 85
38 84
38 83
39 82
39 81
39 80
39 79
40 78
40 77
40 76
40 75
41 74
41 73
41 72
41 71
42 70
42 69
42 68
42 67
43 66
43 65
43 64
43 63
44 62
44 61
44 60
44 59
45 58
45 57
45 56
45 55
46 54
46 53
46 52
46 52
46 51
46 50
46 49
46 48
47 47
47 46
47 45
47 44
47 43
47 43
47 42
47 42
47 42
47 43
47 43
47 44
47 45
47 46
47 46
47 47
47 48
48 49
48 50
48 51
48 51
48 52
48 53
48 54
48 55
49 56
49 57
49 58
49 59
49 60
49 60
49 61
49 62
49 63
49 64
49 65
49 66
49 67
49 67
49 68
49 69
49 70
50 71
50 72
50 73
50 74
50 74
50 75
51 76
51 77
51 78
51 78
52 79
52 80
52 80
53 81
53 81
54 81
54 81
55 80
55 80
55 79
56 78
56 77
56 77
56 76
56 75
57 74
57 73
57 72
57 71
57 71
57 70
57 69
57 68
57 67
57 66
57 65
57 64
57 63
57 63
57 62
57 61
57 60
57 59
57 58
57 57
57 56
57 55
57 54
57 54
57 53
57 52
57 51
57 50
57 49
57 48
57 47
57 46
57 45
57 45
57 44
57 43
57 42
57 41
57 40
57 39
57 39
57 38
57 37
57 36
57 35
57 35
57 34
58 33
58 32
59 31
59 30
60 29
60 28
61 27
61 26
62 25
62 24
63 23
63 22
63 21
64 20
64 19
65 18
65 17
66 16
66 15
67 14
67 13
68 12
68 11
68 11
69 10
70 9
70 9
70 8
70 7
70 6
70 5
70 4
70 3
70 2
70 2
70 1
70 0
70 0
70 1
70 2
70 2
70 2
70 1
70 1
70 2
70 3
69 4
69 5
69 6
69 7
69 8
69 9
68 10
68 11
68 12
68 13
68 14
68 15
67 16
67 17
67 18
67 19
67 20
67 21
66 22
66 23
66 24
66 25
66 26
66 27
65 28
65 29
65 30
65 30
65 31
65 32
65 33
65 34
65 35
65 36
65 36
65 35
65 35
66 34
66 34
67 33
67 33
67 32
68 31
68 30
68 30
69 30
69 30
69 30
69 31
70 32
70 33
70 33
70 34
70 35
70 36
70 37
70 37
70 38
70 39
70 40
69 41
69 42
69 43
69 44
69 45
69 45
69 46
69 47
69 48
69 49
69 50
69 51
69 52
69 52
69 53
69 54
69 55
68 56
68 57
68 58
68 59
68 59
68 60
68 61
68 62
68 63
68 64
68 65
68 65
68 66
68 67
68 68
68 69
68 70
68 71
68 71
68 72
68 73
68 73
68 74
68 74
68 74
69 74
69 74
69 74
70 73
70 73
70 72
71 71
71 70
71 69
71 68
72 67
72 66
72 65
72 64
73 63
73 62
73 61
73 60
74 59
74 58
74 57
74 56
75 55
75 54
75 53
75 52
76 51
76 50
76 49
76 48
77 47
77 46
77 45
77 44
78 43
78 42
78 41
78 40
79 39
79 38
79 38
80 37
80 36
81 35
81 34
81 34
80 34
80 34
80 35
80 35
80 35
80 35
80 36
80 37
80 38
80 39
80 39
80 40
80 41
80 42
80 43
80 44
80 45
80 45
80 46
80 47
80 48
79 49
79 50
79 51
79 52
79 53
79 53
79 54
79 55
79 56
79 57
79 58
79 59
79 59
79 60
79 61
79 62
79 62
79 63
79 64
79 64
79 64
79 63
79 63
79 63
79 62
79 61
79 60
79 59
79 59
79 58
80 57
80 56
80 55
80 54
81 53
81 52
81 52
81 51
81 50
82 49
82 48
82 47
82 46
82 45
82 44
83 43
83 42
83 41
83 41
83 40
84 39
84 38
84 37
84 36
85 35
85 34
85 33
85 33
85 32
85 31
86 30
86 29
86 28
86 27
86 27
87 26
87 26
87 26
87 26
87 27
87 27
87 28
87 29
87 30
87 31
87 32
87 33
87 33
87 34
87 35
87 36
87 37
87 38
87 39
87 40
87 41
87 41
87 42
87 43
87 44
87 45
87 46
87 47
87 48
87 48
87 49
87 50
87 51
87 52
87 53
87 54
87 54
87 55
87 56
88 57
88 58
88 59
88 59
88 60
89 61
89 62
89 62
89 63
90 64
90 65
90 66
90 66
91 67
91 67
92 67
92 67
93 66
93 65
93 65
94 64
94 63
95 62
95 61
96 60
96 60
97 59
97 58
98 57
98 56
99 55
99 54
100 53
