4 49
4 48
5 47
5 46
5 45
5 44
6 43
6 42
6 41
6 41
6 42
6 43
6 44
6 44
6 43
6 42
6 41
6 40
6 40
6 41
6 42
6 43
6 44
6 45
6 46
6 46
6 47
6 48
6 49
6 50
6 51
5 52
5 53
5 54
5 55
5 56
5 57
5 58
5 58
5 59
5 60
5 61
4 62
4 63
4 64
4 65
4 66
4 67
3 68
3 69
3 70
3 71
3 71
3 72
3 73
3 74
3 75
2 76
2 77
2 78
2 79
2 80
2 81
2 81
2 82
2 83
2 84
2 85
1 86
1 87
1 88
1 89
1 90
1 90
1 91
1 92
0 93
0 94
0 95
0 95
0 96
0 97
0 98
0 98
0 99
0 100
0 100
0 100
0 100
0 100
0 99
0 98
1 97
1 96
1 95
1 95
1 94
1 93
2 92
2 91
2 90
2 89
2 88
3 87
3 86
3 85
3 85
3 84
3 83
4 82
4 81
4 80
4 79
4 78
4 77
5 76
5 75
5 74
5 73
5 73
5 72
5 71
6 70
6 69
6 68
6 67
7 66
7 65
7 64
7 63
8 62
8 61
8 60
8 60
8 59
8 58
9 57
9 56
9 55
9 54
10 53
10 52
10 51
10 51
10 50
11 49
11 48
11 47
12 46
12 45
12 45
13 44
13 43
13 43
14 43
14 43
13 44
13 44
13 45
13 46
13 47
13 47
13 48
13 49
13 50
13 51
13 52
13 53
13 54
13 55
13 56
13 56
13 57
13 58
13 59
13 60
13 61
13 62
13 63
13 64
13 65
13 66
13 67
13 68
13 68
13 69
13 70
12 71
12 72
12 73
12 74
12 75
11 76
11 77
11 78
11 78
11 79
11 80
11 81
11 82
11 83
11 84
11 85
11 85
11 86
11 87
11 88
11 89
11 89
11 90
11 91
12 92
12 93
12 94
12 94
12 95
13 96
13 97
13 97
13 98
14 99
14 100
14 100
15 100
16 100
16 100
17 100
18 100
18 100
19 100
20 100
20 100
21 99
22 98
22 98
22 97
23 96
23 95
23 94
24 93
24 92
24 91
25 90
25 89
25 88
26 87
26 86
26 85
27 84
27 83
27 82
28 81
28 80
28 79
29 78
29 77
29 76
30 75
30 74
30 73
31 72
31 71
31 70
32 69
32 68
32 67
33 66
33 65
33 65
33 66
33 67
33 68
33 68
33 67
33 67
33 67
33 68
33 68
34 67
35 66
35 66
35 65
36 64
36 63
36 63
37 62
38 61
38 60
39 59
39 59
39 58
40 57
40 56
40 56
40 55
41 54
41 53
41 53
41 52
42 51
42 50
42 49
42 49
41 48
41 47
41 47
41 46
40 45
40 44
40 44
39 44
38 44
38 44
37 45
36 45
35 46
35 46
34 47
33 48
33 49
32 50
32 50
32 51
32 52
31 53
31 54
31 55
31 55
31 56
31 57
30 58
30 59
30 60
30 60
30 61
30 62
30 63
29 64
29 65
29 66
29 67
29 67
29 68
29 69
29 70
30 71
30 72
30 73
30 74
30 74
30 75
31 76
31 77
31 78
31 78
31 79
32 80
32 81
32 82
32 82
33 83
33 84
33 84
34 85
35 86
35 86
36 87
36 87
37 87
38 87
38 87
38 86
39 85
39 84
39 83
40 82
40 81
40 80
41 79
41 78
41 77
42 76
42 75
43 74
43 73
43 72
44 71
44 70
44 69
45 68
45 67
45 66
46 65
46 64
46 63
47 62
47 61
47 60
48 59
48 58
48 57
49 56
49 55
50 54
50 53
50 52
51 51
51 50
51 49
52 48
52 47
52 46
53 45
53 44
53 44
53 44
53 43
53 42
53 41
53 41
53 41
53 42
53 42
53 43
53 44
53 45
53 45
53 46
53 47
53 48
53 49
53 50
53 51
53 51
53 52
53 53
53 54
54 55
54 56
54 57
54 58
54 59
54 59
54 60
54 61
54 62
54 63
54 64
54 64
54 65
54 66
55 67
55 68
55 69
55 70
55 70
55 71
55 72
55 73
55 74
55 74
55 75
56 76
56 77
56 77
57 78
57 79
57 79
58 80
58 80
58 79
58 79
58 79
58 79
58 78
58 77
58 76
59 75
59 74
59 73
59 72
59 72
59 71
59 70
60 69
60 68
60 67
60 66
60 65
60 64
61 63
61 62
61 61
61 61
61 60
61 59
61 58
61 57
61 56
61 55
61 54
61 53
61 52
61 52
61 51
61 50
61 49
61 48
62 47
62 46
62 45
62 44
62 43
62 43
62 42
63 41
63 40
63 39
64 38
64 37
64 36
65 35
65 34
65 33
66 32
66 31
66 30
67 29
67 28
67 27
68 26
68 25
69 24
69 23
69 22
70 21
70 20
70 19
71 18
71 17
71 16
72 15
72 14
72 13
73 12
73 11
73 10
74 9
74 8
74 8
74 7
75 6
75 5
75 4
76 3
76 2
76 2
75 1
75 1
75 0
75 0
75 1
75 1
75 1
75 2
74 3
74 4
74 5
74 6
73 7
73 8
73 9
72 10
72 11
72 12
72 13
71 14
71 15
71 16
71 17
70 18
70 19
70 19
70 20
70 21
70 22
70 23
70 24
70 25
70 26
70 27
70 28
70 29
70 29
70 28
70 27
70 26
70 26
70 26
71 27
71 27
71 26
71 26
72 25
72 25
73 24
74 23
74 23
74 23
75 23
75 23
75 24
75 25
75 26
75 26
75 27
75 28
75 29
75 30
75 30
75 31
75 32
75 33
75 34
75 35
75 36
75 37
75 37
75 38
75 39
74 40
74 41
74 42
74 43
74 43
74 44
74 45
74 46
74 47
74 48
74 48
74 49
74 50
74 51
74 52
74 53
74 53
74 54
74 55
74 56
74 57
74 57
74 58
74 59
74 59
75 60
75 61
75 61
75 62
75 63
75 63
75 64
75 64
75 63
76 62
76 61
76 60
77 59
77 58
78 57
78 56
78 55
79 54
79 53
79 52
80 51
80 50
81 49
81 48
81 47
82 46
82 45
82 44
83 43
83 42
84 41
84 40
84 39
85 38
85 37
85 37
85 36
86 35
86 34
86 34
85 33
85 33
85 33
85 33
85 34
85 34
85 35
85 36
85 37
85 38
85 38
85 39
85 40
84 41
84 42
84 43
84 43
84 44
84 45
84 46
84 47
84 48
84 49
84 50
84 50
84 51
84 52
83 53
83 54
83 55
83 56
83 56
83 57
83 58
83 59
83 60
83 61
83 62
83 62
83 63
83 64
82 65
82 66
82 67
82 67
82 68
82 69
82 70
82 70
82 71
82 71
82 71
83 71
83 71
83 71
83 70
83 69
83 68
83 67
83 67
83 66
84 65
84 64
84 63
84 62
85 61
85 60
85 60
85 59
85 58
86 57
86 56
86 55
86 54
86 53
86 52
87 51
87 50
87 49
87 49
87 48
87 47
88 46
88 45
88 44
88 43
88 42
88 41
89 40
89 39
89 38
89 38
89 37
90 36
90 35
91 34
91 33
91 33
91 32
91 32
91 32
91 32
91 33
91 33
91 34
91 35
91 36
91 37
91 37
91 38
91 39
91 40
91 41
91 42
91 43
91 44
91 44
91 45
91 46
91 47
92 48
92 49
92 50
92 51
92 51
92 52
92 53
92 54
92 55
92 56
92 56
92 57
92 58
92 59
92 60
92 61
92 61
92 62
93 63
93 64
93 64
93 65
94 66
94 67
94 67
94 68
94 69
94 69
95 70
95 70
96 70
96 70
97 70
97 70
98 69
99 68
