4 55
4 54
4 53
4 52
5 51
5 50
5 49
5 48
5 48
4 47
4 47
4 46
4 45
4 45
4 44
4 44
4 45
4 46
4 47
4 47
4 48
4 49
4 50
4 51
4 52
4 53
4 54
4 55
4 55
4 56
4 57
4 58
4 59
4 60
3 61
3 62
3 63
3 64
3 65
3 66
3 67
3 67
3 68
3 69
3 70
3 71
3 72
2 73
2 74
2 75
2 76
2 77
2 78
2 79
2 79
2 80
2 81
2 82
1 83
1 84
1 85
1 86
1 87
1 87
1 88
1 89
0 90
0 91
0 92
0 92
0 93
0 94
0 95
0 95
0 96
0 96
0 95
0 95
0 95
0 94
0 93
1 92
1 91
1 90
1 90
1 89
1 88
2 87
2 86
2 85
2 84
3 83
3 82
3 81
3 81
3 80
4 79
4 78
4 77
5 76
5 75
5 74
5 73
6 72
6 71
6 71
6 70
6 69
7 68
7 67
7 66
7 65
7 64
7 63
8 62
8 61
8 60
8 59
8 59
8 58
8 57
9 56
9 55
9 54
9 53
10 52
10 51
10 50
10 49
11 48
11 47
11 46
11 46
12 45
12 44
13 43
13 42
13 42
13 41
13 40
13 40
13 40
14 41
14 42
14 42
14 43
14 44
14 45
14 46
14 47
14 48
14 48
14 49
14 50
14 51
14 52
14 53
14 54
14 55
14 56
14 57
14 57
14 58
14 59
14 60
14 61
14 62
14 63
14 64
14 65
14 66
14 67
14 67
14 68
14 69
14 70
14 71
14 72
14 73
14 74
14 75
14 76
14 76
14 77
14 78
14 79
14 80
14 81
14 82
14 83
14 84
14 85
14 85
14 86
14 87
14 88
15 89
15 90
15 91
15 92
15 92
15 93
15 94
15 95
15 96
15 96
16 97
16 98
16 98
17 99
17 100
17 100
18 100
18 100
19 100
20 100
20 100
20 99
20 98
21 97
21 96
21 95
21 94
22 93
22 92
22 91
22 90
22 89
23 88
23 87
23 86
23 85
23 84
24 83
24 82
24 81
24 80
25 79
25 78
25 77
25 76
25 75
26 74
26 73
26 72
26 71
26 70
27 69
27 68
27 67
27 66
28 65
28 64
28 63
28 63
28 64
29 65
29 66
29 67
30 68
30 69
30 69
29 70
28 70
28 70
28 69
28 69
28 69
28 69
29 68
29 68
30 67
31 66
31 66
32 65
32 64
33 63
33 62
33 62
34 61
34 60
35 59
35 58
36 57
36 56
36 56
37 55
37 54
38 53
38 52
39 51
39 50
39 50
40 49
40 48
41 47
41 46
41 46
41 45
42 44
42 43
42 43
41 42
41 41
41 41
40 40
40 40
39 41
38 41
37 42
37 42
36 43
35 44
35 45
34 46
33 47
33 47
33 48
32 49
32 50
31 51
31 52
30 53
30 54
30 54
30 55
30 56
30 57
29 58
29 59
29 60
29 61
29 61
29 62
29 63
29 64
28 65
28 66
28 67
28 68
28 68
28 69
28 70
28 71
28 72
28 73
28 74
28 75
28 76
28 76
28 77
28 78
29 79
29 80
29 81
29 81
29 82
30 83
30 84
30 85
30 85
31 86
31 87
32 88
32 89
32 89
33 90
34 91
34 91
35 92
36 92
36 92
37 92
38 91
39 91
39 91
39 90
40 89
40 88
40 87
40 86
41 85
41 84
41 83
41 82
42 81
42 80
42 79
42 78
43 77
43 76
43 75
43 74
44 73
44 72
44 71
44 70
45 69
45 68
45 67
45 66
46 65
46 64
46 63
46 62
47 61
47 60
47 59
47 58
48 57
48 56
48 55
48 54
49 53
49 52
49 51
49 50
50 49
50 48
50 47
50 47
50 46
50 45
51 44
51 43
51 42
51 42
51 42
51 42
51 43
51 44
51 45
51 46
51 46
51 47
51 48
52 49
52 50
52 51
52 52
52 52
52 53
52 54
52 55
52 56
52 57
52 58
52 59
52 60
52 61
52 61
52 62
52 63
52 64
53 65
53 66
53 67
53 68
53 69
53 69
53 70
53 71
53 72
53 73
53 74
53 75
53 75
53 76
53 77
54 78
54 79
54 80
54 80
55 81
56 82
56 82
57 83
57 83
58 83
58 83
59 82
59 82
59 81
59 80
59 79
59 79
59 78
59 77
60 76
60 75
60 74
60 73
60 73
60 72
60 71
60 70
60 69
60 68
60 67
60 66
60 65
60 64
60 64
60 63
60 62
60 61
60 60
60 59
60 58
60 57
60 56
60 55
60 54
60 54
60 53
60 52
60 51
60 50
60 49
60 48
60 47
60 46
60 45
60 45
60 44
60 43
60 42
60 41
60 40
60 39
60 39
60 38
61 37
61 36
62 35
62 34
62 33
63 32
63 31
63 30
64 29
64 28
65 27
65 26
65 25
66 24
66 23
66 22
67 21
67 20
68 19
68 18
68 17
69 16
69 15
69 14
70 13
70 12
71 11
71 10
71 10
71 9
72 8
72 7
72 7
72 6
72 5
72 4
72 3
72 2
72 2
72 1
72 0
72 0
72 1
72 2
72 2
72 2
72 2
72 2
72 3
72 4
71 5
71 6
71 7
71 8
71 9
71 10
70 11
70 12
70 13
70 14
70 15
69 16
69 17
69 18
69 19
69 20
68 21
68 22
68 23
68 24
68 25
68 26
67 27
67 28
67 29
67 29
67 30
66 31
66 32
66 32
66 32
67 32
67 32
67 32
67 32
67 32
67 32
67 32
67 32
67 31
67 31
67 31
68 31
68 31
68 30
68 30
69 30
69 30
70 30
70 30
70 30
70 30
70 30
70 30
70 31
71 32
71 33
71 33
71 34
71 35
71 36
71 37
71 38
71 39
71 39
71 40
71 41
71 42
71 43
71 44
71 45
71 46
71 47
71 47
71 48
71 49
71 50
71 51
70 52
70 53
70 54
70 55
70 56
70 56
70 57
70 58
70 59
69 60
69 61
69 62
69 63
69 63
69 64
69 65
69 66
69 67
69 68
69 69
69 69
69 70
69 71
69 72
69 72
69 73
69 74
69 74
70 74
70 74
70 74
70 74
70 74
71 73
71 73
72 73
72 73
72 73
72 72
72 71
73 70
73 69
73 68
73 67
73 67
73 66
74 65
74 64
74 63
74 63
74 62
74 61
75 60
75 59
75 58
75 57
76 56
76 55
76 54
76 53
77 52
77 51
77 50
77 49
78 48
78 47
78 46
78 45
79 44
79 43
79 42
79 41
80 40
80 39
80 38
80 37
81 36
81 35
81 34
81 34
81 33
81 32
81 31
82 30
82 29
82 28
82 27
82 27
82 26
82 26
82 26
82 26
82 27
82 28
82 29
82 30
82 30
82 31
82 32
82 33
82 34
82 35
82 35
82 36
82 37
82 38
82 39
82 40
82 41
82 42
82 43
82 43
82 44
82 45
82 46
82 47
82 48
82 49
82 50
82 51
82 51
82 52
82 53
82 54
82 55
82 56
82 57
82 58
82 59
82 59
82 60
82 61
82 62
81 63
81 64
81 65
81 66
81 67
81 67
81 68
81 69
81 70
81 71
81 71
81 72
81 72
81 72
81 72
81 72
81 72
81 71
81 70
81 69
82 68
82 67
82 66
82 65
82 64
82 64
82 63
82 62
83 61
83 60
83 59
83 58
83 57
83 56
84 55
84 54
84 53
84 53
84 52
84 51
85 50
85 49
85 48
85 47
85 46
85 45
86 44
86 43
86 42
86 42
86 41
86 40
86 39
87 38
87 37
87 36
87 35
87 35
88 34
88 33
89 32
89 31
89 31
90 30
90 29
90 29
90 29
90 30
90 30
90 31
90 32
90 33
90 33
90 34
90 35
91 36
91 37
91 38
91 39
91 39
91 40
91 41
91 42
91 43
91 44
91 45
91 46
91 47
91 48
91 48
91 49
91 50
91 51
91 52
91 53
91 54
91 54
91 55
92 56
92 57
92 58
92 58
92 59
93 60
93 61
93 61
94 62
94 62
95 62
95 62
96 61
97 61
97 61
98 60
98 59
99 58
99 57
100 56
