1 38
2 37
2 36
3 35
3 34
4 33
4 33
3 32
2 31
2 31
2 31
2 31
2 30
2 30
2 30
2 30
2 31
2 31
1 31
1 31
1 32
1 33
1 34
1 34
1 35
1 36
1 37
1 37
1 38
1 39
1 40
1 41
1 42
1 43
1 43
1 44
1 45
1 46
0 47
0 48
0 49
0 50
0 51
0 51
0 52
0 53
0 54
0 55
0 56
0 57
0 58
0 59
0 60
0 60
0 61
0 62
0 63
0 64
0 65
0 66
0 67
0 68
0 69
0 70
0 70
0 71
0 72
0 73
0 74
0 75
0 76
0 77
0 78
0 79
0 80
0 80
0 81
0 82
0 83
0 84
0 85
0 86
0 87
0 87
0 88
0 89
0 90
0 91
0 92
0 93
0 93
0 94
1 95
1 96
1 97
1 97
1 98
1 99
1 99
1 100
1 100
1 100
1 99
1 99
1 98
1 97
1 97
1 96
1 95
1 94
1 93
1 92
1 91
1 91
1 90
1 89
1 88
2 87
2 86
2 85
2 84
2 84
2 83
2 82
2 81
2 80
2 79
2 78
2 77
2 76
2 75
2 75
2 74
2 73
2 72
2 71
3 70
3 69
3 68
3 67
3 66
3 66
3 65
3 64
3 63
3 62
3 61
3 60
3 59
3 58
3 57
3 56
3 56
3 55
3 54
3 53
4 52
4 51
4 50
4 49
4 49
4 48
4 47
5 46
5 45
5 44
5 44
5 43
6 42
6 41
6 41
7 40
7 39
7 39
8 39
8 39
8 40
8 40
9 41
9 42
9 42
9 43
10 44
10 45
10 46
10 46
10 47
10 48
11 49
11 50
11 51
11 52
11 52
11 53
11 54
11 55
12 56
12 57
12 58
12 59
12 60
12 60
12 61
12 62
12 63
12 64
13 65
13 66
13 67
13 68
13 69
13 69
13 70
13 71
13 72
14 73
14 74
14 75
14 76
14 77
14 77
14 78
14 79
14 80
14 81
14 82
14 83
14 83
14 84
14 85
15 86
15 87
15 88
15 88
15 89
15 90
15 91
15 91
15 92
15 92
16 92
16 92
16 91
16 90
17 89
17 88
17 87
17 86
17 85
17 84
18 83
18 82
18 81
18 80
18 79
18 78
19 77
19 76
19 75
19 74
19 73
19 72
20 71
20 70
20 69
20 68
20 67
20 66
21 65
21 64
21 63
21 63
21 62
21 61
21 60
21 60
21 60
22 60
22 60
22 60
22 61
22 62
22 62
23 63
23 63
24 64
24 65
24 65
25 66
25 66
26 66
26 66
27 65
27 65
28 64
28 63
28 63
29 62
29 61
30 60
30 60
30 59
31 58
31 57
31 56
31 56
31 55
32 54
32 53
32 52
32 52
32 51
32 50
32 49
32 49
32 48
32 47
32 46
32 45
32 45
32 44
32 43
32 42
32 41
32 41
32 40
32 39
32 38
32 37
32 37
31 36
31 35
31 35
30 34
30 34
29 34
29 34
28 35
28 36
28 36
27 37
27 38
26 39
26 39
26 40
25 41
25 42
25 43
25 43
25 44
25 45
25 46
25 47
25 48
25 48
25 49
25 50
24 51
24 52
24 53
24 54
24 54
24 55
24 56
24 57
24 58
24 59
24 60
24 61
24 61
24 62
24 63
24 64
25 65
25 66
25 67
25 68
25 68
25 69
26 70
26 71
26 72
26 72
26 73
27 74
27 75
27 76
27 76
28 77
29 77
29 77
30 78
31 78
31 78
32 78
33 78
34 78
34 78
34 77
35 76
35 75
35 74
36 73
36 72
36 71
37 70
37 69
37 68
38 67
38 66
38 65
39 64
39 63
39 62
40 61
40 60
40 59
41 58
41 57
41 56
42 55
42 54
42 53
43 52
43 51
43 50
44 49
44 48
44 47
45 46
45 45
45 44
46 43
46 42
46 41
47 40
47 39
47 38
48 37
48 36
48 35
49 34
49 33
49 33
49 32
49 31
49 30
49 30
48 29
48 29
48 28
48 28
48 28
48 29
48 29
48 30
48 31
48 31
48 32
48 33
48 34
48 35
48 35
48 36
48 37
48 38
48 39
48 40
48 40
48 41
48 42
49 43
49 44
49 45
49 45
49 46
49 47
49 48
49 49
49 50
49 51
49 51
49 52
49 53
50 54
50 55
50 56
50 57
50 57
50 58
50 59
50 60
50 61
50 62
50 62
50 63
51 64
51 65
51 65
51 66
51 66
52 66
52 66
52 65
52 65
52 64
53 63
53 62
53 61
53 61
53 60
53 59
54 58
54 57
54 56
54 55
54 55
54 54
54 53
55 52
55 51
55 50
55 49
55 49
55 48
55 47
56 46
56 45
56 44
56 43
56 43
56 42
56 41
57 40
57 39
57 38
57 37
57 37
57 36
57 35
57 34
57 33
57 33
58 32
58 31
58 31
57 31
57 31
57 30
57 30
57 30
57 30
57 30
57 29
57 28
57 27
57 26
57 25
57 24
57 23
57 22
57 21
57 20
57 19
58 18
58 17
58 16
58 15
58 14
58 13
58 12
58 11
58 10
58 9
58 8
58 7
58 6
58 6
59 5
59 4
60 3
60 3
60 2
60 2
61 1
61 1
62 0
62 0
63 0
63 0
64 0
65 0
65 0
66 0
66 0
67 1
67 1
68 1
68 1
68 2
68 3
68 4
68 5
68 6
68 7
67 8
67 9
67 10
67 11
67 12
67 13
67 14
67 14
67 15
66 16
66 17
66 18
65 19
65 20
65 20
64 21
64 21
64 22
64 22
64 22
64 22
64 22
65 22
65 22
66 21
66 21
67 20
67 20
68 19
69 19
69 19
70 18
70 18
71 18
71 18
71 19
71 20
71 20
71 21
71 22
71 22
71 23
71 24
71 25
71 26
71 26
71 27
71 28
71 29
71 30
71 30
71 31
71 32
71 33
71 34
71 35
71 35
71 36
71 37
71 38
71 39
71 39
71 40
71 41
71 42
71 43
71 44
71 44
71 45
71 46
71 47
71 48
71 48
72 49
72 50
72 50
72 51
72 52
72 52
73 53
73 53
74 52
74 52
74 51
74 51
74 50
75 49
75 48
75 47
75 47
76 46
76 45
77 44
77 43
77 43
77 42
78 41
78 40
78 40
78 39
79 38
79 37
79 36
79 36
79 35
80 34
80 33
80 32
80 31
81 30
81 29
81 28
82 27
82 26
82 25
82 24
83 23
83 22
83 21
83 20
84 19
84 18
84 17
85 16
85 15
85 14
85 13
86 12
86 11
86 11
86 10
87 9
87 8
87 8
87 7
87 6
87 6
87 5
87 5
87 4
87 4
87 4
87 3
87 3
87 3
87 3
87 3
87 3
87 4
87 4
87 5
87 6
87 7
87 7
87 8
86 9
86 10
86 10
86 11
86 12
86 13
86 14
86 14
86 15
86 16
86 17
86 18
86 19
86 19
86 20
86 21
86 22
86 23
86 24
86 24
86 25
86 26
86 27
86 28
86 29
86 29
86 30
87 31
87 32
87 32
87 33
87 34
87 34
87 35
87 35
87 36
87 36
87 36
87 36
87 35
87 34
87 34
88 33
88 32
88 32
88 31
88 30
88 29
88 29
88 28
89 27
89 26
89 26
89 25
89 24
89 23
89 22
89 22
90 21
90 20
90 20
91 19
91 18
91 18
92 17
92 16
92 16
93 15
93 15
94 14
94 14
95 14
95 14
95 15
95 15
96 16
96 17
96 17
96 18
97 19
97 20
97 20
97 21
97 22
97 23
97 23
97 24
97 25
97 26
97 27
97 27
97 28
98 29
98 30
98 30
98 31
98 32
98 32
99 33
99 34
99 34
100 35
