5 49
4 48
4 47
3 46
3 45
3 45
3 44
4 43
4 42
4 42
4 42
4 43
4 43
4 43
4 44
4 45
3 46
3 47
3 48
3 49
3 49
3 50
3 51
3 52
3 53
3 54
3 55
3 56
3 57
3 58
3 59
3 60
3 60
3 61
3 62
3 63
3 64
3 65
3 66
3 67
2 68
2 69
2 70
2 71
2 72
2 73
2 74
2 75
2 75
2 76
2 77
2 78
2 79
1 80
1 81
1 82
1 83
1 84
1 85
1 85
1 86
1 87
1 88
0 89
0 90
0 91
0 92
0 92
0 93
0 94
0 95
0 96
0 97
0 97
0 98
0 99
0 99
0 100
0 100
0 100
0 100
0 99
0 98
0 97
0 96
0 95
0 94
0 94
0 93
0 92
0 91
1 90
1 89
1 88
1 87
1 86
1 86
1 85
1 84
2 83
2 82
2 81
2 80
3 79
3 78
3 77
3 76
4 75
4 74
4 73
4 73
4 72
4 71
4 70
5 69
5 68
5 67
5 66
5 65
5 64
6 63
6 62
6 61
6 60
6 60
6 59
7 58
7 57
7 56
8 55
8 54
8 53
9 52
9 51
9 51
9 50
10 49
10 48
10 47
11 46
11 45
11 45
12 44
12 43
13 42
13 41
13 41
14 40
14 39
14 39
15 39
15 39
16 40
16 40
17 41
17 41
17 42
17 43
18 44
18 45
18 46
18 47
18 47
18 48
18 49
18 50
18 51
19 52
19 53
19 54
19 55
19 56
19 57
19 57
19 58
19 59
19 60
19 61
19 62
19 63
19 64
19 65
19 66
19 67
19 68
19 68
19 69
19 70
19 71
19 72
19 73
19 74
19 75
19 76
19 76
19 77
19 78
19 79
19 80
19 81
19 82
19 82
19 83
19 84
19 85
19 86
19 87
19 88
19 88
19 89
20 90
20 91
20 92
20 92
21 93
21 94
22 95
22 95
23 96
23 97
23 97
24 98
24 98
25 98
25 98
26 98
26 98
27 98
27 98
28 98
28 98
29 97
29 97
30 96
30 96
30 95
30 95
30 94
30 94
30 95
30 95
30 95
30 94
30 94
30 94
30 94
30 94
29 93
29 93
29 93
29 92
30 91
30 90
30 89
30 88
31 87
31 86
31 85
31 84
32 83
32 82
32 81
32 80
33 79
33 78
33 77
33 76
34 75
34 74
34 73
34 72
35 71
35 70
35 69
35 69
35 69
35 69
35 69
36 69
36 69
37 68
37 67
37 67
38 66
38 65
39 64
39 64
39 63
40 62
40 61
41 60
41 59
41 59
42 58
42 57
43 56
43 55
44 54
44 54
44 53
45 52
45 51
46 50
46 49
46 49
46 48
47 47
47 46
48 45
48 44
48 44
48 43
48 42
48 41
48 40
48 40
48 39
48 38
48 37
48 36
48 36
48 35
47 34
47 33
47 32
47 32
46 31
45 31
45 31
44 31
43 31
42 31
42 31
41 32
40 33
40 34
39 35
38 36
38 36
37 37
37 38
36 39
35 40
35 41
34 42
34 42
34 43
33 44
33 45
33 46
33 47
32 48
32 49
32 49
32 50
32 51
32 52
31 53
31 54
31 55
31 56
31 56
31 57
31 58
31 59
31 60
30 61
30 62
30 63
30 64
30 65
30 65
30 66
30 67
30 68
30 69
31 70
31 71
31 72
31 73
31 74
31 74
31 75
31 76
32 77
32 78
32 79
32 80
32 80
32 81
33 82
33 83
34 84
34 85
34 85
35 86
35 87
36 88
36 89
36 89
37 90
38 91
38 91
39 92
40 92
40 92
41 92
42 93
43 93
43 93
44 92
44 91
45 90
45 90
45 89
45 88
46 87
46 86
46 85
46 84
46 83
46 82
47 81
47 80
47 79
47 78
47 77
48 76
48 75
48 74
48 73
48 72
49 71
49 70
49 69
49 68
49 67
49 66
50 65
50 64
50 63
50 62
50 61
51 60
51 59
51 58
51 57
51 56
51 55
52 54
52 53
52 52
52 52
52 51
52 50
53 49
53 48
53 47
53 46
54 45
54 44
54 43
54 43
54 42
54 42
54 42
54 42
54 43
54 44
54 45
54 46
54 46
54 47
54 48
54 49
54 50
54 51
54 52
54 53
54 53
54 54
54 55
54 56
55 57
55 58
55 59
55 60
55 60
55 61
55 62
55 63
55 64
55 65
55 66
55 67
55 67
55 68
55 69
56 70
56 71
56 72
56 72
56 73
56 74
57 75
57 76
57 77
57 77
58 78
58 79
58 79
59 80
59 81
59 81
60 81
60 81
60 81
60 81
60 80
61 79
61 78
61 77
61 77
61 76
61 75
61 74
61 73
61 72
61 71
61 70
61 69
61 69
61 68
61 67
61 66
62 65
62 64
62 63
62 62
62 61
62 60
63 59
63 58
63 57
63 56
63 56
63 55
63 54
63 53
63 52
63 51
63 50
63 49
63 48
63 47
63 46
63 46
63 45
63 44
63 43
63 42
63 41
63 40
63 39
63 38
63 38
63 37
64 36
64 35
64 34
64 33
65 32
65 31
65 30
66 29
66 28
66 27
66 26
67 25
67 24
67 23
68 22
68 21
68 20
68 19
69 18
69 17
69 16
70 15
70 14
70 13
70 12
71 11
71 10
71 10
72 9
72 8
73 7
73 7
73 6
73 5
73 5
73 4
73 3
73 2
73 2
73 2
73 1
73 1
74 0
74 0
74 1
73 2
73 3
73 4
72 5
72 6
72 7
71 8
71 9
71 10
71 11
70 12
70 13
70 14
69 15
69 16
69 16
69 17
69 18
69 19
69 20
69 21
69 22
69 23
69 24
69 25
69 26
69 26
69 26
69 25
70 24
70 23
70 23
70 23
71 22
71 22
72 22
72 22
73 22
73 22
74 23
74 23
74 24
74 25
75 26
75 27
75 28
75 28
75 29
75 30
75 31
74 32
74 33
74 34
74 35
74 36
74 36
74 37
74 38
74 39
73 40
73 41
73 42
73 43
73 44
73 44
73 45
73 46
73 47
73 48
73 49
73 50
73 51
73 51
73 52
73 53
73 54
73 55
73 56
73 56
73 57
73 58
73 59
73 60
73 61
73 62
73 62
73 63
73 64
73 65
73 65
73 66
73 67
73 67
74 68
74 68
74 67
75 66
75 65
75 64
75 63
76 62
76 61
76 60
76 59
77 58
77 57
77 56
77 55
78 54
78 53
78 52
78 51
79 50
79 49
79 48
79 47
80 46
80 45
80 44
80 43
81 42
81 41
81 40
81 39
82 38
82 37
82 36
82 35
83 34
83 33
83 32
83 32
83 31
84 30
84 29
84 28
84 27
85 26
85 25
85 24
85 24
85 25
85 25
85 25
85 25
85 26
85 26
85 27
85 28
84 29
84 30
84 31
84 32
84 32
84 33
84 34
84 35
84 36
84 37
84 38
84 39
84 40
84 41
84 41
84 42
84 43
84 44
83 45
83 46
83 47
83 48
83 48
83 49
83 50
83 51
83 52
83 53
83 54
83 54
83 55
83 56
82 57
82 58
82 59
82 60
82 60
82 61
82 62
82 63
82 63
82 64
82 64
82 64
82 64
82 63
83 62
83 61
83 61
83 60
84 59
84 58
84 57
84 57
84 56
85 55
85 54
85 53
85 52
86 51
86 50
86 49
86 48
87 47
87 46
87 45
87 45
87 44
88 43
88 42
88 41
89 40
89 39
89 38
89 37
90 36
90 35
90 35
90 34
90 33
90 32
90 31
91 30
91 29
91 28
91 27
91 26
91 25
91 25
92 24
92 23
92 23
92 23
92 24
92 24
92 25
92 25
92 26
92 27
93 28
93 29
93 30
93 31
93 31
93 32
93 33
93 34
93 35
93 36
93 37
93 38
93 39
93 39
93 40
93 41
93 42
93 43
93 44
93 45
93 46
93 46
93 47
93 48
93 49
93 50
93 51
93 52
93 52
93 53
93 54
94 55
94 56
94 57
94 57
94 58
94 59
94 60
94 61
94 62
94 62
94 63
95 64
95 65
95 65
96 66
97 67
97 67
98 68
98 68
99 67
100 66
