5 46
5 45
4 44
4 43
4 42
4 42
4 41
4 40
3 39
3 38
3 37
3 36
3 36
3 35
3 34
3 33
3 33
2 32
2 31
2 31
2 30
2 30
2 29
2 28
2 28
2 28
2 28
2 28
2 28
2 29
2 30
2 31
2 31
2 32
2 33
1 34
1 35
1 36
1 37
1 37
1 38
1 39
1 40
1 41
1 42
1 43
1 44
1 44
1 45
1 46
1 47
1 48
1 49
1 50
1 51
1 52
1 53
1 53
1 54
1 55
1 56
1 57
0 58
0 59
0 60
0 61
0 62
0 63
0 63
0 64
0 65
0 66
0 67
0 68
0 69
0 70
0 71
0 72
0 73
0 74
0 75
0 75
0 76
0 77
0 78
0 79
0 80
0 81
0 82
0 83
0 84
0 85
0 85
0 86
0 87
0 88
0 89
0 90
0 91
0 92
0 93
0 93
0 94
0 95
0 96
0 97
0 97
0 98
0 99
0 99
0 100
0 100
0 100
0 99
0 98
0 98
0 97
0 96
0 95
0 95
0 94
0 93
1 92
1 91
1 90
1 90
1 89
1 88
1 87
1 86
1 85
1 84
1 84
1 83
1 82
1 81
1 80
1 79
1 78
1 77
1 76
1 76
1 75
1 74
1 73
1 72
2 71
2 70
2 69
2 68
2 67
2 67
2 66
2 65
2 64
2 63
2 62
2 61
2 60
2 59
2 58
2 58
2 57
2 56
2 55
3 54
3 53
3 52
3 51
3 51
3 50
3 49
3 48
4 47
4 46
4 45
4 44
4 44
4 43
4 42
5 41
5 40
5 39
5 39
5 38
5 37
6 36
6 35
6 34
6 34
6 33
7 32
7 31
7 30
7 30
7 29
8 28
8 27
8 27
8 26
8 26
9 26
9 26
9 27
9 27
10 28
10 29
10 29
10 30
10 31
10 32
10 33
10 34
10 34
10 35
10 36
10 37
11 38
11 39
11 40
11 41
11 41
11 42
11 43
11 44
11 45
11 46
11 47
11 48
11 49
11 49
11 50
11 51
11 52
11 53
11 54
11 55
11 56
11 57
11 58
11 58
11 59
11 60
11 61
11 62
11 63
11 64
11 65
11 66
11 67
11 67
11 68
11 69
11 70
11 71
11 72
11 73
11 74
11 75
11 75
11 76
11 77
11 78
12 79
12 80
12 81
12 82
12 82
12 83
13 84
13 85
13 85
14 86
14 86
15 85
15 85
15 84
16 83
16 82
16 81
16 81
16 80
17 79
17 78
17 77
17 76
18 75
18 74
18 73
19 72
19 71
19 70
19 69
20 68
20 67
20 66
21 65
21 64
21 63
21 62
22 61
22 60
22 59
23 58
23 57
23 56
23 55
24 54
24 53
24 52
25 51
25 50
25 49
25 48
26 47
26 46
26 46
26 46
25 47
25 47
24 48
24 48
24 49
24 49
23 50
23 50
23 51
23 51
23 52
23 52
24 53
24 54
24 54
24 55
24 55
25 56
25 56
26 56
26 56
27 55
27 55
28 54
28 53
28 53
29 52
29 51
30 50
30 50
30 49
31 48
31 47
31 47
31 46
32 45
32 44
32 44
32 43
32 42
32 41
32 41
32 40
32 39
32 38
32 38
32 37
32 36
32 35
32 34
32 34
32 33
32 32
32 31
32 30
32 30
32 29
31 28
31 27
31 26
31 26
30 25
30 24
30 24
30 23
30 23
29 24
29 24
28 25
28 26
28 26
28 27
27 28
27 29
27 30
27 30
27 31
27 32
27 33
27 34
27 35
27 35
27 36
27 37
26 38
26 39
26 40
26 41
26 41
26 42
26 43
26 44
26 45
26 46
26 47
26 47
26 48
26 49
26 50
26 51
26 52
26 53
26 54
26 54
26 55
26 56
26 57
26 58
26 59
26 60
26 60
26 61
26 62
27 63
27 64
27 65
27 65
27 66
28 67
28 68
28 69
28 69
29 70
29 71
29 71
30 71
31 71
31 71
31 70
32 69
32 68
32 67
32 66
33 65
33 64
33 63
33 62
34 61
34 60
34 59
34 58
35 57
35 56
35 55
35 54
36 53
36 52
36 51
36 50
37 49
37 48
37 47
37 46
38 45
38 44
38 43
38 42
39 41
39 40
39 39
39 38
40 37
40 36
40 35
40 34
41 33
41 32
41 31
41 30
42 29
42 28
42 27
42 26
43 25
43 24
43 23
43 23
43 23
43 22
44 21
44 20
44 19
44 19
44 19
44 20
44 20
44 21
44 22
44 23
44 23
44 24
44 25
44 26
44 27
44 28
44 28
44 29
44 30
44 31
44 32
44 33
44 34
44 34
44 35
44 36
44 37
44 38
44 39
44 40
44 41
44 41
44 42
44 43
44 44
44 45
44 46
44 47
44 47
44 48
44 49
44 50
44 51
44 52
44 52
44 53
45 54
45 55
45 56
45 56
45 57
45 58
45 59
45 59
46 60
46 61
46 61
46 61
47 60
47 60
47 59
48 58
48 57
48 56
48 56
48 55
48 54
49 53
49 52
49 51
49 51
49 50
49 49
50 48
50 47
50 46
50 45
50 45
50 44
50 43
51 42
51 41
51 40
51 39
51 39
51 38
51 37
51 36
51 35
51 34
51 33
51 33
51 32
52 31
52 30
52 29
52 29
52 28
52 27
52 27
52 26
52 26
51 26
51 26
51 26
51 25
51 24
52 23
52 22
52 21
52 20
53 19
53 18
53 17
53 16
54 15
54 14
54 13
54 12
55 11
55 10
55 9
55 8
56 7
56 6
56 5
56 5
56 4
56 3
56 3
56 3
56 3
56 3
56 3
57 3
57 3
57 4
57 4
58 4
58 4
59 5
59 5
59 5
60 5
60 5
61 6
61 6
61 6
62 6
62 6
63 6
63 6
63 5
63 5
63 5
63 6
63 6
63 7
63 8
62 9
62 10
62 11
62 12
61 13
61 14
61 15
61 16
60 17
60 18
60 19
60 19
60 20
60 21
60 22
60 23
60 24
60 24
60 23
60 22
60 21
60 20
60 20
60 19
60 18
60 18
60 17
60 17
60 17
60 17
60 17
60 17
60 17
60 17
61 18
61 18
62 17
62 17
63 16
63 16
63 15
63 15
64 15
64 15
64 15
65 16
65 16
65 17
65 18
65 19
65 19
65 20
65 21
65 22
65 23
65 23
65 24
65 25
65 26
65 27
65 27
65 28
65 29
65 30
65 31
65 32
65 32
65 33
65 34
64 35
64 36
64 37
64 37
64 38
64 39
64 40
64 41
64 41
64 42
64 43
64 44
64 44
64 45
64 46
64 47
64 48
64 48
65 49
65 49
65 49
66 49
66 49
66 48
66 47
66 46
66 46
66 45
67 44
67 43
67 42
67 42
68 41
68 40
69 39
69 38
69 38
69 37
70 36
70 35
70 35
70 34
70 33
70 32
71 31
71 30
71 29
71 28
71 27
71 26
71 25
72 24
72 23
72 22
72 21
72 20
72 19
73 18
73 17
73 16
73 15
73 14
73 13
73 12
74 11
74 10
74 9
74 8
74 8
74 8
74 8
74 8
74 7
74 6
74 5
74 5
74 5
75 4
75 3
75 3
76 2
76 2
76 1
76 1
77 0
77 0
78 0
78 0
78 0
78 1
78 2
78 2
79 3
79 3
79 4
79 5
79 5
79 6
79 7
79 8
79 8
79 9
79 10
79 11
79 12
79 12
79 13
79 14
79 15
79 16
79 17
79 17
79 18
79 19
79 20
79 21
79 22
79 22
79 23
79 24
79 25
79 26
79 27
79 27
79 28
79 29
79 30
79 31
79 32
79 32
79 33
79 34
79 35
79 35
79 36
79 37
79 37
79 38
79 39
79 39
79 39
79 39
79 39
79 38
79 38
79 37
79 37
79 36
79 35
79 35
79 34
79 33
79 32
79 31
79 31
79 30
79 29
80 28
80 27
80 26
80 25
80 25
80 24
80 23
81 22
81 21
81 20
81 19
81 19
81 18
81 17
81 16
81 15
81 15
81 14
82 13
82 12
82 11
82 11
82 10
83 9
83 8
83 8
84 7
84 6
84 6
85 5
85 5
86 5
86 5
87 5
87 5
87 6
87 6
88 7
88 7
89 8
89 9
89 9
89 10
89 11
89 11
89 12
90 13
90 14
90 15
90 15
90 16
90 17
90 18
90 19
90 20
90 20
90 21
90 22
90 23
90 24
90 25
90 25
90 26
90 27
90 28
90 29
90 30
90 30
90 31
91 32
91 33
91 33
92 34
92 35
92 35
93 34
93 34
94 33
95 32
95 32
96 31
96 30
97 29
97 29
98 28
98 27
99 26
99 25
100 24
