0 42
1 41
1 40
2 39
2 39
2 39
2 39
2 39
2 39
2 39
2 40
2 40
2 41
2 42
2 42
2 43
2 44
2 45
2 46
2 47
2 47
2 48
2 49
2 50
2 51
2 52
2 53
2 54
2 54
2 55
2 56
2 57
2 58
2 59
2 60
2 61
2 62
2 62
2 63
2 64
2 65
2 66
2 67
1 68
1 69
1 70
1 71
1 72
1 73
1 73
1 74
1 75
1 76
1 77
1 78
1 79
1 80
1 81
1 82
1 82
1 83
1 84
1 85
1 86
1 87
1 88
1 89
1 90
1 91
1 91
1 92
1 93
1 94
1 95
1 96
1 96
1 97
1 98
1 99
1 99
1 100
1 100
1 100
1 99
1 99
2 98
2 97
2 97
2 96
2 95
2 94
2 93
2 92
2 92
2 91
2 90
2 89
3 88
3 87
3 86
3 85
3 85
3 84
3 83
3 82
3 81
3 80
3 79
3 78
3 77
3 76
3 76
3 75
3 74
3 73
3 72
4 71
4 70
4 69
4 68
4 67
4 67
4 66
5 65
5 64
5 63
5 62
6 61
6 60
6 59
6 59
6 58
6 57
7 56
7 55
7 54
7 54
7 53
7 52
8 51
8 50
8 49
8 49
8 48
8 47
8 47
9 46
9 45
9 45
10 45
10 45
10 45
11 46
11 46
11 47
11 48
11 49
11 49
11 50
11 51
12 52
12 53
12 54
12 54
12 55
12 56
12 57
12 58
12 59
12 60
12 60
12 61
12 62
12 63
12 64
12 65
12 66
12 66
12 67
12 68
12 69
13 70
13 71
13 72
13 73
13 73
13 74
13 75
13 76
13 77
13 78
13 79
13 80
13 81
13 81
13 82
13 83
14 84
14 85
14 86
14 86
14 87
15 88
15 89
15 89
16 90
16 90
17 89
18 88
18 88
19 87
19 86
20 85
20 84
20 84
20 83
21 82
21 81
21 80
21 79
22 78
22 77
22 76
22 75
23 74
23 73
23 72
23 71
24 70
24 69
24 68
24 67
25 66
25 65
25 64
25 63
26 62
26 61
26 60
26 59
27 58
27 57
27 57
26 58
26 59
26 59
26 59
26 60
26 60
26 61
26 61
26 62
26 63
26 63
26 64
26 65
26 65
26 66
26 67
26 67
26 68
26 69
26 69
27 69
27 69
27 69
28 68
28 68
29 67
29 66
29 66
30 65
30 64
30 64
30 63
31 62
31 61
31 61
31 60
31 59
31 59
31 58
32 57
32 56
32 56
32 55
32 54
32 53
32 53
32 52
32 51
32 50
32 49
32 49
32 48
32 47
32 46
32 46
32 45
31 44
31 43
31 43
31 42
31 42
30 42
30 42
29 42
29 42
29 43
28 44
28 45
28 45
28 46
27 47
27 48
27 48
27 49
26 50
26 51
26 52
26 52
26 53
26 54
25 55
25 56
25 57
25 57
25 58
25 59
24 60
24 61
24 62
24 62
24 63
24 64
24 65
24 66
24 67
24 68
24 68
24 69
24 70
24 71
24 72
24 73
24 74
24 75
24 75
24 76
24 77
24 78
24 79
24 80
24 80
24 81
25 82
25 83
25 84
25 84
25 85
26 86
26 87
26 87
27 88
28 88
28 88
29 88
29 88
30 87
31 87
31 87
32 86
33 85
33 85
33 84
33 83
34 82
34 81
34 80
34 79
35 78
35 77
35 76
35 75
36 74
36 73
36 72
36 71
37 70
37 69
37 68
37 67
38 66
38 65
38 64
38 63
39 62
39 61
39 60
39 59
39 58
40 57
40 56
40 55
40 54
41 53
41 52
41 51
41 50
42 49
42 48
42 47
42 46
43 45
43 44
43 43
43 42
44 41
44 40
44 39
44 39
44 39
44 39
44 39
44 39
44 39
44 40
44 41
44 42
44 42
44 43
44 44
44 45
44 46
44 46
44 47
44 48
44 49
44 50
44 51
44 51
44 52
44 53
44 54
44 55
44 56
44 56
44 57
44 58
44 59
44 60
44 61
44 61
44 62
44 63
44 64
44 65
44 66
44 67
44 67
44 68
44 69
44 70
44 71
44 72
44 72
44 73
45 74
45 75
45 76
45 76
45 77
45 78
45 78
45 78
46 77
47 77
47 77
47 76
48 75
48 74
48 73
48 73
48 72
48 71
49 70
49 69
49 68
49 68
49 67
49 66
50 65
50 64
50 63
50 62
50 62
50 61
50 60
51 59
51 58
51 57
51 56
51 56
51 55
51 54
52 53
52 52
52 51
52 50
52 50
52 49
52 48
53 47
53 46
53 45
53 44
53 44
54 43
54 42
54 42
54 41
54 41
54 40
54 39
55 38
55 37
55 36
55 35
55 34
56 33
56 32
56 31
56 30
56 29
57 28
57 27
57 26
57 25
57 24
58 23
58 22
58 21
58 20
58 19
58 18
59 17
59 16
59 15
59 14
59 13
60 12
60 11
60 10
60 9
60 8
61 7
61 6
61 5
61 4
61 3
62 2
62 1
62 0
62 0
62 0
62 0
62 0
62 1
62 2
62 3
62 3
62 4
62 5
62 5
63 6
63 7
63 7
64 8
64 9
64 9
64 10
64 11
64 11
65 12
65 13
65 13
65 14
65 14
66 15
66 15
66 16
66 16
66 17
66 18
66 18
66 19
66 20
65 21
65 22
65 23
65 24
64 25
64 26
64 27
64 28
64 29
63 30
63 31
63 32
63 32
63 33
62 34
62 35
61 36
61 37
61 37
61 38
61 38
60 38
60 38
60 38
60 38
60 38
61 37
61 37
62 36
62 36
63 35
63 35
64 35
64 35
64 35
65 35
65 35
65 36
65 36
66 37
66 37
66 38
66 39
66 40
66 40
66 41
66 42
66 43
66 43
66 44
66 45
65 46
65 47
65 48
65 48
65 49
65 50
65 51
65 52
65 52
65 53
65 54
65 55
65 56
65 57
65 58
65 58
65 59
65 60
64 61
64 62
64 63
64 64
64 64
64 65
64 66
64 67
64 68
64 69
64 70
64 70
64 71
64 72
64 73
64 74
64 74
64 75
64 76
64 77
64 77
65 78
65 78
66 77
66 77
67 76
67 76
68 75
68 74
69 73
69 73
69 72
70 71
70 70
70 69
70 69
71 68
71 67
72 66
72 65
72 65
73 64
73 63
73 63
73 62
74 61
74 60
74 60
74 59
74 58
75 57
75 56
75 55
75 54
76 53
76 52
76 51
76 50
77 49
77 48
77 47
77 46
77 45
78 44
78 43
78 42
78 41
79 40
79 39
79 38
79 37
79 36
80 35
80 34
80 33
80 32
81 31
81 30
81 29
81 28
82 27
82 26
82 25
82 25
82 25
82 25
82 25
82 26
82 27
82 28
82 29
82 29
81 30
81 31
81 31
81 32
81 33
81 34
81 34
81 35
81 36
81 37
81 37
81 38
81 39
81 40
81 40
81 41
80 42
80 43
80 44
80 44
80 45
80 46
80 47
80 48
80 48
80 49
80 50
80 51
80 51
80 52
80 53
80 54
80 54
80 55
80 55
80 56
80 56
80 56
80 56
80 57
80 57
80 56
80 56
81 55
81 54
81 54
81 53
81 52
81 51
81 51
81 50
81 49
81 49
81 48
82 47
82 46
82 46
82 45
82 44
82 43
82 43
82 42
83 41
83 40
83 40
83 39
84 38
84 37
84 37
84 36
85 35
85 34
85 34
86 33
86 33
87 32
87 31
87 31
88 31
88 31
89 32
89 32
90 33
90 33
90 34
90 35
90 36
90 36
91 37
91 38
91 38
91 39
91 40
91 41
91 42
91 42
91 43
91 44
91 45
91 46
91 47
91 47
91 48
91 49
91 50
91 51
91 51
91 52
91 53
91 54
91 54
91 55
91 56
91 57
91 58
91 58
92 59
92 59
93 58
94 57
94 57
95 56
95 55
95 55
96 54
96 53
97 52
97 51
97 51
98 50
98 49
98 49
98 48
99 47
99 46
