0 57
0 57
0 57
0 57
0 58
0 59
0 60
0 61
0 62
0 62
0 63
0 64
0 65
0 66
0 67
0 67
0 68
0 69
0 70
0 71
0 72
0 73
0 73
0 74
0 75
1 76
1 77
1 78
1 79
1 79
1 80
1 81
1 82
1 83
1 84
1 85
1 85
1 86
1 87
1 88
1 89
1 89
1 90
2 91
2 92
2 92
2 93
2 94
2 94
2 94
2 94
2 93
2 92
2 92
2 91
2 90
2 89
2 89
2 88
2 87
2 86
3 85
3 84
3 83
3 82
3 81
3 81
3 80
3 79
3 78
3 77
4 76
4 75
4 74
4 73
4 72
4 71
4 71
4 70
4 69
4 68
4 67
5 66
5 65
5 64
5 63
5 62
5 61
5 61
5 60
5 59
6 58
6 57
6 56
6 55
6 55
7 54
7 53
8 52
8 52
8 52
9 52
9 52
9 53
9 54
10 55
10 56
10 57
10 57
10 58
10 59
10 60
10 61
10 62
10 63
10 63
10 64
10 65
10 66
11 67
11 68
11 69
11 70
11 71
11 71
11 72
11 73
11 74
11 75
12 76
12 77
12 78
12 79
12 80
12 80
12 81
12 82
12 83
12 84
12 85
12 86
12 86
12 87
12 88
13 89
13 90
13 91
13 92
13 92
13 93
13 94
13 95
13 96
13 96
13 97
14 98
14 99
14 99
15 100
15 100
16 100
16 100
16 99
17 98
17 97
17 96
18 95
18 94
18 93
19 92
19 91
20 90
20 89
20 88
21 87
21 86
21 85
22 84
22 83
22 82
23 81
23 80
23 79
24 78
24 77
24 76
25 75
25 74
26 73
26 72
26 71
27 70
27 69
27 68
28 67
28 66
28 66
27 67
27 68
26 69
26 70
26 70
25 70
25 70
24 71
24 71
24 72
24 72
24 72
24 72
24 72
25 71
25 71
26 70
26 70
27 69
28 69
28 69
29 68
29 67
30 66
30 66
31 65
31 64
31 64
32 63
32 62
33 61
33 61
34 60
34 59
35 58
35 58
35 57
36 56
36 55
36 54
36 54
36 53
36 52
36 52
36 51
36 50
36 49
36 49
36 48
36 47
36 46
36 45
36 44
36 44
36 43
35 42
35 41
35 41
34 40
34 39
34 39
33 38
32 38
32 38
31 39
31 39
30 40
30 41
29 42
29 42
29 43
29 44
28 45
28 46
28 47
28 48
28 48
28 49
28 50
27 51
27 52
27 53
27 53
27 54
27 55
26 56
26 57
26 58
26 59
26 59
26 60
26 61
26 62
26 63
26 64
26 65
26 65
26 66
26 67
26 68
26 69
26 70
26 70
26 71
26 72
26 73
26 74
26 75
26 75
26 76
27 77
27 78
27 78
28 79
29 80
29 80
30 81
30 82
30 82
31 82
32 82
33 82
33 82
34 81
35 81
35 81
36 80
36 79
37 78
37 78
38 77
39 77
40 76
40 76
40 75
41 74
41 73
41 72
41 72
42 71
42 70
43 69
43 69
43 68
43 67
44 66
44 65
44 64
44 63
44 62
45 61
45 60
45 59
45 58
45 57
46 56
46 55
46 54
46 53
46 52
47 51
47 50
47 49
47 49
47 48
46 47
46 46
46 45
46 45
45 44
45 44
44 43
44 42
44 42
44 42
44 42
44 42
45 43
45 43
45 44
45 45
45 46
45 46
45 47
45 48
46 49
46 50
46 51
46 51
46 52
46 53
47 54
47 55
47 56
47 56
47 57
47 58
48 59
48 60
48 61
48 62
48 62
48 63
48 64
48 65
48 66
48 66
48 67
49 68
49 69
49 70
49 70
50 71
50 72
50 72
50 73
50 74
50 74
51 74
51 74
52 74
52 74
52 73
52 72
52 71
52 70
52 70
52 69
53 68
53 67
53 66
54 65
54 64
54 64
54 63
54 62
54 61
55 60
55 59
55 58
55 57
55 57
55 56
55 55
56 54
56 53
56 52
56 51
56 51
56 50
56 49
57 48
57 47
57 46
57 45
57 45
57 44
57 43
57 42
57 42
57 41
57 40
57 40
57 40
57 40
57 40
57 39
57 38
57 37
58 36
58 35
58 34
58 33
58 32
58 31
58 30
58 29
59 28
59 27
59 26
59 25
59 24
59 23
59 22
59 21
60 20
60 19
60 18
60 17
60 16
60 15
60 14
60 13
61 12
61 11
61 10
61 9
61 8
61 7
61 6
61 5
62 4
62 3
62 2
62 1
62 0
62 0
62 0
62 0
62 0
62 0
62 0
62 0
62 1
62 2
62 3
62 4
62 4
62 5
62 6
62 7
62 7
62 8
62 9
62 9
62 10
62 11
62 11
62 12
62 13
62 13
62 14
62 15
62 15
62 16
62 17
62 17
62 18
62 19
62 19
62 20
62 21
62 22
62 23
62 24
62 25
61 26
61 27
61 28
61 29
61 30
61 31
61 32
61 32
60 33
60 34
60 34
59 34
59 34
59 35
59 35
59 35
60 34
60 34
60 33
60 33
61 32
62 31
62 31
63 30
63 29
63 29
63 28
63 28
64 28
64 28
64 29
64 29
64 30
65 31
65 32
65 32
65 33
65 34
65 35
65 36
65 37
65 37
65 38
65 39
65 40
65 41
65 42
65 43
65 43
65 44
65 45
65 46
65 47
65 48
65 49
65 50
65 50
65 51
65 52
65 53
65 54
65 55
65 56
65 56
65 57
65 58
65 59
65 60
65 61
65 62
65 62
65 63
65 64
65 65
65 65
65 66
66 67
66 68
66 68
66 69
66 69
67 70
67 70
68 70
68 70
68 69
68 69
68 68
69 67
69 66
69 66
69 65
70 64
70 63
70 63
70 62
71 61
71 60
71 59
71 58
72 57
72 56
72 55
72 54
73 53
73 52
73 51
73 50
74 49
74 48
74 47
74 46
75 45
75 44
75 43
75 42
76 41
76 40
76 39
76 38
77 37
77 36
77 35
77 34
78 33
78 32
78 31
78 30
79 29
79 28
79 27
79 26
80 25
80 24
80 23
80 23
80 23
80 23
79 22
79 22
79 22
79 22
79 23
79 24
79 25
79 26
79 26
79 27
79 28
79 29
79 30
79 31
79 31
79 32
79 33
79 34
79 35
79 36
79 37
79 37
79 38
79 39
79 40
79 41
79 42
79 43
79 43
79 44
79 45
79 46
79 47
79 48
79 49
79 49
79 50
80 51
80 52
80 53
80 53
80 54
80 55
80 55
80 56
80 56
80 56
80 55
80 54
80 54
80 53
80 52
80 51
80 51
80 50
80 49
80 48
81 47
81 46
81 45
81 44
81 44
81 43
81 42
81 41
82 40
82 39
82 38
82 37
82 37
82 36
82 35
82 34
83 33
83 32
83 31
83 30
83 30
83 29
84 28
84 27
84 26
84 25
85 24
85 23
85 23
85 22
86 21
86 20
86 20
87 19
87 18
87 18
87 18
87 19
88 20
88 21
88 21
88 22
89 23
89 24
89 24
89 25
89 26
90 27
90 28
90 29
90 30
90 30
90 31
90 32
90 33
90 34
90 35
90 36
90 36
90 37
90 38
90 39
91 40
91 41
91 42
91 43
91 43
91 44
91 45
91 46
92 47
92 48
92 49
92 50
92 50
92 51
92 52
93 53
93 54
93 55
93 56
93 56
93 57
93 58
94 59
94 60
94 61
94 61
94 62
94 63
94 64
94 65
94 65
95 66
95 67
95 67
96 68
96 68
97 69
97 69
98 68
98 68
98 67
98 66
98 66
98 65
99 64
99 63
99 63
99 62
100 61
100 60
