3 45
3 44
4 43
4 42
5 41
5 40
5 39
6 38
6 37
6 37
6 36
5 35
5 34
5 34
5 33
4 32
4 31
4 31
4 32
4 32
4 33
4 34
4 35
4 36
4 36
4 37
4 38
4 39
4 40
4 41
4 41
4 42
4 43
4 44
4 45
4 46
4 47
3 48
3 49
3 50
3 51
3 52
3 53
3 54
3 55
3 55
3 56
3 57
3 58
3 59
3 60
2 61
2 62
2 63
2 64
2 65
2 66
2 67
2 67
2 68
2 69
2 70
2 71
2 72
2 73
1 74
1 75
1 76
1 77
1 78
1 79
1 80
1 80
1 81
1 82
1 83
1 84
1 85
1 86
1 86
1 87
1 88
0 89
0 90
0 91
0 91
0 92
0 93
0 94
0 95
0 95
0 95
0 95
0 95
0 94
0 93
0 92
0 91
0 91
0 90
0 89
1 88
1 87
1 86
1 85
1 84
2 83
2 82
2 81
2 81
2 80
2 79
3 78
3 77
3 76
3 75
3 74
4 73
4 72
4 71
4 70
4 69
5 68
5 67
5 66
5 66
5 65
5 64
6 63
6 62
6 61
6 60
7 59
7 58
7 57
7 56
8 55
8 54
8 53
8 53
8 52
9 51
9 50
9 49
9 48
10 47
10 46
10 45
10 45
11 44
11 43
12 42
12 42
13 41
14 41
14 41
15 42
15 42
15 43
15 44
15 45
15 46
15 46
15 47
15 48
15 49
15 50
15 51
15 52
15 53
15 54
15 55
15 56
15 56
15 57
15 58
14 59
14 60
14 61
14 62
14 63
13 64
13 65
13 66
13 66
13 67
13 68
13 69
13 70
13 71
13 72
13 73
13 74
13 75
13 76
13 77
13 77
13 78
13 79
13 80
12 81
12 82
12 83
12 84
12 84
12 85
12 86
13 87
13 88
13 89
13 89
13 90
13 91
13 92
13 93
13 93
14 94
14 95
15 96
15 97
15 97
16 98
16 99
16 99
17 100
17 100
18 100
19 100
19 100
20 100
20 100
21 99
22 99
22 99
23 98
24 97
24 97
25 96
25 95
26 94
26 93
26 93
26 92
26 91
27 90
27 89
27 88
27 87
27 86
28 85
28 84
28 83
28 82
28 81
29 80
29 79
29 78
29 77
29 76
30 75
30 74
30 73
30 72
30 71
31 70
31 69
31 68
31 67
31 66
32 65
32 64
32 63
32 62
32 61
33 60
33 59
33 58
33 58
33 59
34 60
34 61
34 61
34 61
35 60
35 60
35 59
35 59
36 58
37 57
37 57
37 56
38 55
38 54
38 54
39 53
39 52
40 51
40 50
41 49
41 49
42 48
42 47
43 46
43 45
43 45
43 44
43 43
43 42
43 41
43 41
43 40
44 39
44 38
44 38
43 37
43 36
43 36
42 36
41 36
41 36
40 37
39 37
38 38
38 38
37 39
37 40
36 41
36 42
35 43
35 43
34 44
34 45
33 46
33 47
32 48
32 49
31 50
31 51
31 51
31 52
31 53
31 54
30 55
30 56
30 57
30 58
30 58
30 59
30 60
30 61
29 62
29 63
29 64
29 65
29 65
29 66
29 67
29 68
29 69
29 70
29 71
29 72
29 72
29 73
29 74
30 75
30 76
30 77
30 77
30 78
31 79
31 80
31 80
32 81
32 82
33 83
33 83
34 84
34 85
35 86
35 86
36 87
37 87
37 87
38 87
39 87
39 87
39 86
40 85
40 84
40 83
40 82
41 81
41 80
41 79
41 78
42 77
42 76
42 75
42 74
43 73
43 72
43 71
43 70
44 69
44 68
44 67
44 66
45 65
45 64
45 63
45 62
46 61
46 60
46 59
46 58
47 57
47 56
47 55
47 54
48 53
48 52
48 51
48 50
49 49
49 48
49 47
49 47
50 46
51 45
52 45
53 44
53 44
52 43
52 43
51 42
50 42
50 42
50 41
50 41
50 42
50 43
50 44
50 44
50 45
50 46
50 47
50 48
50 49
50 50
50 51
50 52
50 52
50 53
50 54
50 55
50 56
50 57
50 58
50 59
50 60
50 61
50 62
50 62
50 63
50 64
50 65
51 66
51 67
51 68
51 69
51 69
51 70
51 71
52 72
52 73
52 74
52 75
52 75
52 76
52 77
53 78
53 79
53 80
53 80
53 81
54 82
54 83
54 83
55 84
55 85
55 85
56 85
56 85
57 85
57 85
57 84
57 84
57 83
57 82
57 81
57 81
57 80
57 79
57 78
57 77
57 76
57 75
58 74
58 73
58 72
58 71
58 70
58 69
58 68
58 68
58 67
58 66
58 65
58 64
58 63
59 62
59 61
59 60
59 59
59 58
59 57
59 56
59 56
59 55
59 54
59 53
59 52
59 51
59 50
59 49
59 48
59 47
59 47
59 46
59 45
59 44
59 43
59 42
59 41
59 40
59 39
59 38
59 38
59 37
60 36
60 35
60 34
61 33
61 32
61 31
62 30
62 29
62 28
63 27
63 26
63 25
64 24
64 23
64 22
65 21
65 20
65 19
66 18
66 17
66 16
67 15
67 14
67 13
68 12
68 11
68 10
69 9
69 8
69 8
70 7
70 6
71 5
71 4
71 4
70 3
70 3
70 2
70 1
70 0
70 0
70 0
70 1
70 1
70 2
70 3
69 4
69 5
69 6
69 7
69 8
68 9
68 10
68 11
68 12
68 13
67 14
67 15
67 16
67 17
67 18
66 19
66 20
66 21
66 21
66 22
66 23
66 24
66 25
66 26
66 27
66 27
66 27
66 27
67 26
67 26
68 25
68 25
69 24
69 24
70 23
70 23
71 23
71 23
72 23
72 23
72 24
72 25
72 26
72 27
72 27
72 28
72 29
72 30
72 31
72 32
72 32
72 33
72 34
72 35
72 36
72 37
72 38
72 39
72 40
72 41
72 41
72 42
72 43
72 44
71 45
71 46
71 47
71 48
71 48
71 49
71 50
71 51
71 52
71 53
71 54
71 54
71 55
71 56
71 57
71 58
71 59
71 60
71 60
71 61
71 62
71 63
71 64
71 64
71 65
71 65
71 66
71 67
71 67
72 68
72 68
72 68
72 67
73 66
73 65
73 64
73 63
74 62
74 61
74 60
74 59
75 58
75 57
75 56
75 55
76 54
76 53
76 52
76 51
77 50
77 49
77 48
77 47
78 46
78 45
78 44
78 43
79 42
79 41
79 40
79 39
80 38
80 37
80 37
80 36
81 35
81 34
82 33
82 32
82 32
81 33
81 33
81 33
81 33
81 34
81 35
81 36
81 36
81 37
81 38
81 39
81 40
81 40
81 41
81 42
81 43
80 44
80 45
80 46
80 47
80 48
80 48
80 49
80 50
80 51
80 52
80 53
80 54
80 55
80 56
80 56
80 57
80 58
80 59
79 60
79 61
79 62
79 63
79 63
79 64
79 65
79 66
79 67
79 67
79 68
79 69
79 69
79 70
79 71
79 71
79 70
79 70
79 70
79 69
79 69
79 68
79 68
79 67
79 66
80 65
80 64
80 63
80 62
80 61
80 60
81 59
81 58
81 57
81 56
81 56
81 55
81 54
82 53
82 52
82 51
82 50
82 49
83 48
83 47
83 46
83 46
83 45
83 44
84 43
84 42
84 41
84 40
84 39
85 38
85 37
85 36
85 36
85 35
86 34
86 33
87 32
87 31
87 31
88 30
88 29
88 29
88 28
88 28
88 29
88 29
88 29
88 29
88 30
88 31
88 32
88 33
88 34
88 35
88 35
88 36
88 37
88 38
89 39
89 40
89 41
89 42
89 43
89 43
89 44
89 45
89 46
89 47
89 48
89 49
89 50
89 51
89 52
89 52
89 53
89 54
89 55
89 56
89 57
89 58
89 59
89 60
89 60
89 61
89 62
90 63
90 64
90 65
90 66
90 66
90 67
90 68
90 69
90 70
90 71
90 71
90 72
91 73
91 74
91 75
91 75
92 76
93 77
93 77
94 78
94 78
95 78
95 78
96 77
97 77
97 77
98 76
99 75
100 74
