1 42
0 43
0 43
0 42
0 42
0 41
0 40
0 39
0 38
0 38
0 37
0 37
0 36
0 35
0 35
0 34
0 34
0 34
0 34
0 35
0 35
0 36
0 37
0 37
0 38
0 39
0 40
0 41
0 42
0 43
0 43
0 44
0 45
0 46
0 47
0 48
0 49
0 50
0 51
0 51
0 52
0 53
0 54
0 55
0 56
0 57
0 58
0 59
0 60
0 60
0 61
0 62
0 63
0 64
0 65
0 66
0 67
0 68
0 69
0 70
0 70
0 71
0 72
0 73
0 74
0 75
0 76
0 77
0 78
0 79
0 79
0 80
0 81
0 82
0 83
0 84
0 85
0 86
0 87
0 88
0 89
0 89
0 90
0 91
0 92
0 93
0 94
0 95
0 95
0 96
0 97
0 98
0 98
0 99
0 100
0 100
0 100
0 100
0 99
0 99
0 98
0 97
0 96
0 95
0 94
0 94
0 93
0 92
0 91
0 90
0 89
0 88
0 88
0 87
0 86
0 85
0 84
0 83
0 82
0 81
0 81
0 80
0 79
0 78
0 77
0 76
0 75
0 74
0 73
0 72
0 72
0 71
0 70
0 69
0 68
0 67
0 66
0 65
0 64
0 64
0 63
0 62
0 61
1 60
1 59
1 58
1 57
1 56
1 56
1 55
1 54
1 53
2 52
2 51
2 50
2 49
2 49
2 48
2 47
3 46
3 45
3 44
3 44
3 43
4 42
4 41
5 40
5 39
5 39
5 38
6 37
6 36
6 35
6 35
7 34
7 33
7 33
8 33
8 33
9 34
9 35
9 35
9 36
10 37
10 38
10 39
10 39
10 40
10 41
10 42
11 43
11 44
11 45
11 46
11 46
11 47
11 48
11 49
12 50
12 51
12 52
12 53
12 53
12 54
12 55
12 56
12 57
12 58
12 59
12 60
12 61
12 61
12 62
12 63
12 64
12 65
12 66
12 67
12 68
12 69
12 69
12 70
12 71
12 72
12 73
12 74
12 75
12 76
12 76
12 77
12 78
12 79
12 80
12 81
12 81
12 82
12 83
12 84
12 84
13 85
13 85
13 86
13 86
14 85
14 85
15 84
15 83
15 83
15 82
15 81
16 80
16 79
16 78
16 77
17 76
17 75
17 74
17 73
18 72
18 71
18 70
18 69
19 68
19 67
19 66
19 65
20 64
20 63
20 62
20 62
20 62
20 62
20 62
20 62
20 62
20 63
20 64
20 64
21 65
21 66
21 66
21 67
21 67
22 68
22 68
23 68
23 68
24 68
24 68
25 67
25 66
25 66
26 65
26 64
27 63
27 63
27 62
28 61
28 60
28 60
28 59
29 58
29 57
29 56
29 56
29 55
30 54
30 53
30 53
30 52
30 51
30 50
30 49
30 49
30 48
30 47
30 46
30 45
30 45
30 44
30 43
30 42
30 41
30 40
30 40
30 39
29 38
29 37
29 37
29 36
29 36
28 35
28 35
27 36
27 36
26 37
25 38
25 38
24 39
24 40
24 40
24 41
23 42
23 43
23 44
23 44
23 45
23 46
22 47
22 48
22 49
22 49
22 50
22 51
22 52
22 53
22 54
22 55
22 55
22 56
22 57
21 58
21 59
21 60
21 61
21 61
21 62
21 63
22 64
22 65
22 66
22 67
22 67
22 68
23 69
23 70
23 71
23 71
23 72
24 73
24 74
24 75
24 75
25 76
26 77
26 77
27 77
28 77
28 77
29 76
30 76
31 75
31 75
32 74
32 73
33 72
33 71
33 71
34 70
35 69
35 68
36 67
36 67
36 66
36 65
37 64
37 63
37 62
37 61
37 60
37 59
38 58
38 57
38 56
38 55
38 54
39 53
39 52
39 51
39 50
39 49
39 48
40 47
40 46
40 45
40 44
40 43
40 42
41 41
41 40
41 39
41 39
41 38
41 37
41 36
41 36
40 35
40 34
40 34
40 33
40 33
40 33
40 33
40 33
40 34
41 35
41 36
41 36
41 37
41 38
41 39
41 40
41 40
41 41
41 42
41 43
41 44
41 45
41 45
41 46
41 47
41 48
41 49
41 50
41 50
41 51
41 52
42 53
42 54
42 55
42 55
42 56
42 57
42 58
42 59
42 60
42 60
42 61
43 62
43 63
43 63
44 64
44 65
44 65
44 66
44 66
45 65
45 65
46 64
46 63
46 63
46 62
46 61
47 60
47 59
47 58
47 58
47 57
48 56
48 55
48 54
49 53
49 52
49 52
49 51
49 50
50 49
50 48
50 47
50 46
50 46
50 45
50 44
51 43
51 42
51 41
51 40
51 40
51 39
51 38
51 37
51 36
51 35
51 34
51 34
51 33
51 32
51 31
51 31
51 30
51 29
51 29
51 28
51 28
51 27
51 27
51 26
51 25
52 24
52 23
52 22
52 21
53 20
53 19
53 18
53 17
53 16
54 15
54 14
54 13
54 12
54 11
55 10
55 9
55 8
55 7
56 6
56 5
56 4
56 4
56 4
57 3
57 2
57 2
57 2
58 1
58 1
59 0
59 0
60 0
60 0
61 0
61 0
62 0
62 0
63 1
63 1
64 1
64 1
64 1
64 1
64 2
64 3
63 4
63 5
63 6
63 7
63 8
62 9
62 10
62 11
62 12
62 13
61 14
61 15
61 16
61 16
61 17
60 18
60 19
60 20
59 21
59 22
59 22
59 23
59 24
59 24
58 24
58 24
58 24
58 24
59 24
59 24
59 23
59 23
60 22
61 22
61 22
62 22
62 22
63 22
63 22
63 22
64 23
64 23
64 24
64 25
64 25
64 26
64 27
64 28
64 29
64 29
64 30
64 31
64 32
64 33
64 34
64 34
64 35
64 36
64 37
64 38
64 39
64 39
64 40
64 41
63 42
63 43
63 44
63 45
63 45
63 46
63 47
63 48
63 49
63 49
63 50
64 51
64 52
64 52
65 53
65 54
65 54
65 55
65 55
66 55
66 55
67 54
67 53
67 53
68 52
68 51
69 50
69 49
69 49
69 48
70 47
70 46
70 45
70 45
70 44
71 43
71 42
71 41
71 41
71 40
71 39
72 38
72 37
72 36
72 36
72 35
73 34
73 33
73 32
73 31
74 30
74 29
74 28
74 27
75 26
75 25
75 24
75 23
76 22
76 21
76 20
76 19
77 18
77 17
77 16
77 15
78 14
78 13
78 12
78 12
78 12
78 12
78 12
79 11
79 10
79 10
79 10
79 9
79 9
79 9
79 9
79 10
79 10
79 11
79 12
79 12
79 13
79 14
79 14
79 15
79 16
79 17
79 18
79 18
79 19
79 20
79 21
79 22
79 22
79 23
79 24
79 25
79 26
79 27
79 27
79 28
79 29
79 30
79 31
79 32
79 32
79 33
79 34
79 35
79 36
79 37
79 38
79 38
79 39
79 40
79 41
79 41
79 42
79 43
79 44
79 44
80 45
80 46
80 46
80 46
80 46
80 45
80 45
80 44
80 43
80 42
80 42
80 41
81 40
81 39
81 38
81 38
81 37
81 36
81 35
81 34
81 33
81 33
81 32
81 31
82 30
82 29
82 28
82 28
82 27
82 26
83 25
83 24
83 23
83 23
83 22
83 21
83 20
83 20
84 19
84 18
84 18
84 17
85 16
85 15
85 15
86 14
86 14
87 13
87 12
87 12
88 11
89 10
89 10
90 10
90 10
91 11
91 11
92 12
92 12
92 13
92 14
92 15
92 16
92 16
92 17
93 18
93 19
93 20
93 20
93 21
93 22
93 23
93 24
93 24
93 25
93 26
93 27
93 28
93 29
93 29
93 30
94 31
94 32
94 32
94 33
95 34
95 35
95 35
96 36
96 36
97 35
98 35
98 35
99 34
99 33
100 32
