5 27
4 27
3 28
2 28
2 28
1 27
0 27
0 27
0 26
0 26
0 25
0 25
1 24
2 23
2 23
3 22
4 21
5 20
5 20
6 19
7 19
8 18
9 18
9 18
10 17
11 16
12 16
13 15
13 15
14 15
15 15
16 14
17 14
18 14
18 14
19 14
20 14
21 13
22 13
23 13
23 13
24 13
25 13
26 13
27 13
28 13
28 13
29 14
30 14
31 15
31 15
32 16
32 17
33 18
33 19
33 19
33 20
34 21
34 22
34 22
34 23
34 24
33 25
33 26
33 27
33 27
33 28
33 29
32 30
32 31
32 32
32 33
32 33
31 34
31 35
30 36
30 37
29 38
29 38
28 39
27 40
27 41
26 42
26 42
25 43
25 44
24 45
24 46
24 46
23 46
22 47
21 47
21 47
20 47
20 47
19 46
19 45
19 45
19 44
19 43
19 42
19 41
19 41
19 40
20 39
20 38
21 37
21 36
21 36
21 35
22 34
22 33
22 32
23 31
23 30
23 30
24 29
24 28
25 27
25 26
25 26
26 25
26 24
26 24
26 24
25 25
25 25
25 26
24 27
24 28
24 29
24 29
24 30
23 31
23 32
22 33
22 34
22 34
22 35
21 36
21 37
21 38
20 39
20 40
20 40
20 41
19 42
19 43
19 44
19 45
18 46
18 47
18 47
18 48
18 49
17 50
17 51
17 52
17 53
17 53
17 54
17 55
16 56
16 57
16 58
16 59
16 59
16 60
16 61
16 62
16 62
17 63
18 64
18 64
19 65
20 65
21 66
22 66
22 66
23 67
24 67
25 68
26 68
26 68
27 68
28 68
29 68
30 68
31 68
31 68
32 68
33 68
34 69
35 69
36 69
36 69
37 69
38 69
39 69
40 69
41 69
41 69
42 70
43 70
44 71
44 71
45 72
46 73
46 73
46 74
47 75
47 76
47 76
47 77
47 78
47 79
47 79
46 80
46 81
45 82
45 82
44 83
44 84
43 85
43 86
43 86
42 87
41 88
40 88
39 89
39 89
38 90
37 90
36 91
35 91
35 91
34 92
33 93
32 93
31 94
31 94
30 94
29 95
28 95
27 95
27 95
26 95
25 94
24 94
24 94
23 93
23 93
23 92
23 91
23 90
23 90
23 89
24 88
24 87
25 86
25 85
25 85
26 84
26 83
27 82
27 81
28 80
28 79
28 79
29 78
29 77
30 76
31 75
31 74
32 73
32 73
33 72
34 71
35 70
36 69
37 68
37 68
38 67
39 66
40 65
40 64
41 63
42 62
42 62
42 61
43 60
43 59
43 58
44 57
44 56
45 55
45 54
45 53
46 52
46 51
46 50
47 49
47 48
47 47
48 46
48 45
49 44
49 43
49 42
50 41
50 40
50 39
51 38
51 37
51 36
52 35
52 34
53 33
53 32
53 31
54 30
54 29
54 28
55 27
55 26
55 25
56 24
56 23
57 22
57 21
57 20
58 19
58 18
58 17
59 16
59 15
59 14
60 13
60 12
61 11
61 10
61 9
62 8
62 7
62 7
61 8
61 9
60 10
60 10
60 9
60 9
60 10
60 10
60 11
60 11
61 12
61 12
62 13
62 14
62 14
63 15
63 16
63 16
64 17
64 18
64 18
65 19
66 19
66 19
67 20
67 21
67 21
68 22
68 22
69 23
69 23
69 23
69 23
69 23
69 22
69 21
69 21
69 20
69 19
69 19
69 18
70 17
70 16
70 15
70 15
70 14
71 13
71 12
71 11
71 11
72 10
72 9
73 8
73 7
73 7
74 6
74 5
75 4
75 4
76 3
77 3
78 2
78 2
79 1
80 1
80 1
81 1
82 0
83 0
83 0
84 1
85 1
85 1
86 2
87 3
87 3
88 4
88 5
88 5
88 6
88 7
88 7
88 8
88 9
88 10
88 10
87 11
87 12
86 13
86 13
86 14
85 15
85 16
85 16
84 17
83 18
83 18
82 19
81 20
81 20
80 20
80 20
79 20
79 20
79 19
79 19
79 18
79 17
79 16
79 16
79 15
80 14
80 13
80 13
80 12
81 11
81 10
81 9
81 9
82 8
82 7
82 7
83 6
84 5
84 5
84 4
84 4
84 4
84 5
84 5
84 6
84 7
84 7
84 8
83 9
83 10
83 10
83 11
82 12
82 13
82 14
82 14
82 15
81 16
81 17
80 18
80 19
80 19
80 20
79 21
79 22
79 23
79 23
78 24
78 25
77 26
77 26
77 27
76 28
76 29
76 30
76 30
75 31
75 32
75 32
75 33
75 33
75 33
76 33
76 33
77 32
77 32
78 31
78 30
79 29
79 29
80 28
81 27
81 27
82 26
83 25
83 25
84 24
84 24
84 25
84 25
84 26
84 26
83 27
83 28
82 29
82 29
82 30
81 31
81 32
80 33
80 34
80 34
79 35
78 36
78 37
77 38
77 38
76 39
76 40
75 41
75 42
74 43
74 43
73 44
73 45
72 46
72 47
72 47
72 48
71 49
71 50
70 51
70 52
70 52
69 53
69 54
68 55
68 55
68 56
68 57
68 57
68 57
69 58
69 58
70 57
71 57
71 57
72 56
73 55
73 55
74 54
75 54
76 53
77 53
77 53
78 52
79 52
80 51
81 51
82 50
82 50
83 49
84 48
85 48
86 47
86 47
87 46
88 46
89 45
90 45
90 45
91 44
92 44
93 43
93 43
94 43
95 43
96 43
96 43
97 43
98 43
98 43
99 44
99 45
99 45
100 46
100 47
100 47
100 48
99 49
99 50
99 51
99 51
99 52
98 53
98 54
98 55
98 55
98 56
97 57
97 58
96 59
96 60
96 60
96 61
95 62
95 63
95 64
94 65
94 66
94 66
93 67
93 68
92 69
92 70
91 71
91 72
91 72
90 73
90 74
89 75
89 76
88 77
88 78
88 78
88 79
87 80
87 81
86 82
86 83
85 84
85 85
85 85
84 86
83 87
83 88
82 89
81 90
81 90
80 91
79 92
79 93
78 94
77 95
77 95
76 96
76 97
75 98
75 98
74 99
74 100
74 100
73 100
73 100
73 100
73 99
73 98
73 98
73 97
74 96
74 95
74 94
74 94
74 93
74 92
75 91
75 90
75 89
75 89
75 88
76 87
76 86
77 85
77 84
77 84
77 83
78 82
78 81
78 80
79 79
79 78
79 78
78 77
78 76
77 75
76 74
75 73
75 72
74 71
74 71
73 71
72 71
71 72
70 72
69 72
69 72
68 72
68 72
67 72
67 72
68 73
68 73
68 73
69 74
69 74
70 74
71 74
71 74
72 73
73 73
73 73
74 73
75 72
76 72
76 72
77 71
78 70
79 70
80 69
80 69
81 68
82 68
83 67
84 67
85 66
85 66
86 65
87 64
88 64
89 63
89 63
90 62
91 61
92 61
93 60
93 60
94 59
95 58
96 57
96 57
97 56
98 55
98 55
97 54
97 53
96 52
95 51
95 50
94 49
93 48
93 47
92 46
92 46
91 46
90 45
89 45
89 45
88 45
88 45
87 45
87 45
87 45
86 45
86 45
86 46
86 47
86 47
85 48
85 49
85 49
85 50
85 51
85 52
85 53
85 53
85 54
84 55
84 56
84 57
84 57
84 58
83 59
83 60
83 61
