7 34
6 35
6 36
5 37
5 38
4 39
4 40
4 40
3 40
2 40
2 40
1 40
0 40
0 40
0 40
0 40
1 39
1 38
1 38
2 37
3 36
3 36
4 35
5 34
6 33
7 32
7 32
8 31
9 31
10 30
11 30
11 30
12 29
13 28
14 28
15 27
15 27
16 27
17 27
18 26
19 26
20 26
20 26
21 26
22 26
23 26
24 26
24 26
25 26
26 27
27 27
27 27
28 28
29 29
29 29
29 30
29 31
29 32
29 32
29 33
28 34
28 35
28 35
27 36
26 37
26 37
25 38
24 39
23 39
22 40
22 40
21 41
20 41
19 42
19 42
18 42
17 42
16 42
16 42
15 41
15 41
14 40
14 39
14 39
13 38
13 37
13 37
13 36
13 35
13 34
13 34
13 34
13 34
13 35
13 35
13 36
12 37
12 38
12 38
12 39
12 40
11 41
11 42
11 43
11 43
11 44
11 45
11 46
11 47
11 47
10 48
10 49
9 50
9 50
9 51
8 52
8 53
8 53
8 54
8 55
8 55
9 56
9 56
10 55
10 55
11 55
12 54
13 54
13 54
14 54
15 53
16 53
17 52
18 52
18 52
19 52
20 51
21 51
22 50
23 50
23 50
24 50
25 50
26 49
27 49
28 49
28 49
29 49
30 50
31 50
31 50
32 51
33 52
34 53
35 54
35 54
36 55
36 56
37 57
37 58
37 58
37 59
37 60
37 61
37 62
37 63
37 63
37 64
37 65
36 66
36 67
36 68
36 69
36 69
36 70
35 71
35 72
34 73
34 74
34 74
33 75
32 76
32 77
31 78
31 78
30 79
29 79
28 80
28 80
27 81
26 81
26 81
25 81
24 81
23 81
23 81
22 80
21 80
21 80
20 79
19 78
19 78
18 77
17 77
16 76
15 75
14 74
13 74
12 73
12 73
11 73
10 73
9 73
8 73
7 73
6 73
6 73
5 73
5 73
5 72
5 72
6 71
7 70
8 69
8 69
9 68
10 67
11 67
12 66
13 65
13 65
14 64
15 63
16 63
17 62
18 61
18 61
19 60
20 60
21 59
22 59
23 58
24 58
25 57
26 57
26 57
26 56
27 55
27 54
28 53
28 52
29 51
29 50
30 49
30 48
31 47
31 46
31 45
32 44
32 43
33 42
33 41
34 40
34 39
35 38
35 37
36 36
36 35
36 34
37 33
37 32
38 31
38 30
39 29
39 28
40 27
40 26
40 25
41 24
41 23
42 22
42 21
43 20
43 19
44 18
44 17
45 16
45 15
45 15
46 14
47 13
48 13
49 12
49 12
49 11
49 11
50 11
51 11
52 11
52 11
53 11
54 11
55 10
56 10
57 10
57 10
58 10
59 10
60 11
61 11
62 11
62 11
63 12
64 12
65 13
66 13
66 13
67 14
68 14
69 15
70 15
70 15
71 16
72 17
73 17
74 18
74 18
75 19
76 19
76 19
77 19
78 19
78 19
79 20
79 20
79 20
79 20
78 19
78 19
77 18
77 18
76 17
75 16
75 16
74 15
73 15
73 15
73 14
72 13
72 12
72 12
72 11
72 10
72 10
72 9
72 8
72 7
72 7
73 6
73 5
74 4
74 4
75 3
76 2
76 2
77 1
78 1
78 1
79 1
80 1
81 1
81 1
82 1
83 1
84 1
84 1
85 1
86 0
87 0
88 0
88 0
89 0
90 0
91 0
91 0
92 1
93 1
93 1
94 2
94 2
95 3
95 4
95 4
95 5
94 6
94 7
94 7
93 8
93 9
92 10
92 10
91 11
91 12
90 13
90 14
90 14
89 15
88 15
87 16
87 16
86 17
85 17
85 17
84 18
83 18
83 18
82 17
82 17
82 16
82 15
82 14
82 14
82 13
82 12
82 12
82 11
83 10
83 9
83 8
83 8
83 7
83 6
83 6
83 5
83 5
83 5
83 5
82 6
82 7
82 7
82 8
81 9
81 10
81 11
81 11
80 12
80 13
79 14
79 15
79 15
79 16
78 17
78 18
78 18
78 19
77 20
77 21
77 21
77 22
77 22
77 22
78 22
79 22
79 22
80 21
81 21
82 20
82 20
83 19
84 19
85 18
85 18
86 17
87 17
87 17
88 17
89 17
89 17
90 18
90 19
90 19
90 20
89 21
89 22
89 23
89 23
89 24
88 25
88 26
88 27
87 28
87 29
87 29
86 30
86 31
85 32
84 33
84 34
83 35
83 35
82 36
82 37
81 38
80 39
80 40
79 41
79 42
78 43
78 43
77 44
76 45
76 46
75 47
74 48
74 48
73 49
72 50
72 51
71 52
71 52
70 53
70 53
71 53
71 53
72 53
73 52
74 52
75 52
75 52
76 51
77 51
78 50
79 50
80 49
80 49
81 48
82 48
83 47
84 47
85 46
86 46
86 46
87 46
88 46
89 46
90 46
91 46
92 46
93 46
93 46
94 46
95 47
96 47
97 47
97 47
98 48
99 49
99 50
100 51
100 51
100 52
100 53
99 54
99 55
99 56
99 57
99 57
98 58
98 59
97 60
97 61
96 62
96 63
95 64
95 65
95 65
94 66
94 67
93 68
93 69
92 70
92 71
91 72
91 73
90 74
90 74
89 75
88 76
87 77
86 78
86 79
85 80
84 81
83 82
82 83
82 83
81 84
80 85
79 86
78 87
77 88
76 89
75 90
74 91
74 91
73 92
72 92
71 93
70 94
69 95
68 95
67 96
67 96
66 97
65 98
64 98
63 99
63 99
62 99
61 100
60 100
60 100
59 99
59 99
59 98
60 97
60 96
60 96
60 95
60 94
59 93
59 92
59 91
59 90
58 89
58 88
58 87
58 86
57 85
57 84
57 83
57 82
57 81
56 80
56 79
56 78
56 77
55 76
55 75
55 74
55 73
55 72
54 71
54 70
54 69
54 68
53 67
53 66
53 65
53 64
52 63
52 62
52 61
52 61
53 61
54 61
55 61
55 61
55 62
55 62
56 62
57 62
58 62
58 62
59 62
60 62
61 62
62 62
62 62
63 62
64 62
65 63
66 63
67 63
67 63
68 63
69 63
70 63
71 63
72 63
73 63
73 63
74 63
75 63
76 63
77 62
78 62
79 62
80 62
81 62
81 62
82 62
83 62
84 62
85 61
86 61
87 61
88 61
89 61
89 61
90 61
91 61
92 60
93 60
94 60
95 60
95 60
96 60
97 60
98 60
99 60
99 60
98 59
97 58
96 57
95 56
94 55
93 54
92 53
91 52
90 51
89 50
89 50
90 49
90 48
90 48
89 48
88 48
88 48
87 49
87 50
86 51
86 52
86 52
85 53
85 54
84 55
84 56
83 57
83 58
83 58
82 59
81 60
81 61
80 62
79 63
