0 51
0 50
0 49
0 48
0 47
0 47
0 46
0 45
0 44
0 44
1 43
1 42
2 41
2 40
3 39
3 39
4 38
4 37
5 36
6 35
6 34
7 33
7 33
8 32
9 31
10 30
11 29
12 28
13 27
14 26
14 26
15 25
16 24
17 23
18 23
19 22
20 21
21 20
21 20
22 19
23 19
24 18
25 17
26 17
27 16
28 15
29 15
30 14
30 14
31 13
32 13
33 12
34 12
35 11
36 11
36 11
37 11
38 11
39 11
40 11
41 11
41 11
42 11
43 12
44 12
45 12
45 12
46 13
46 14
47 15
47 16
47 16
47 17
47 18
47 19
47 20
47 21
47 22
47 23
47 23
47 24
46 25
46 26
45 27
45 28
44 29
44 30
44 30
43 31
43 32
42 33
42 34
41 35
41 36
40 37
40 37
39 38
39 39
38 40
37 41
37 42
36 43
36 43
35 44
34 45
33 46
32 47
32 47
31 48
30 48
30 48
29 47
28 47
28 47
27 46
26 45
26 45
26 44
26 43
26 42
26 42
26 41
26 40
26 39
26 38
26 38
26 37
26 36
27 35
27 34
27 33
27 32
27 32
28 31
28 30
28 30
29 31
29 31
29 32
29 32
29 33
28 34
28 35
28 36
28 36
28 37
27 38
27 39
27 40
26 41
26 42
26 42
25 43
25 44
24 45
24 46
23 47
23 48
23 48
23 49
22 50
22 51
22 52
21 53
21 54
21 54
21 55
20 56
20 57
20 58
19 59
19 60
19 60
18 61
18 62
17 63
17 64
17 64
17 65
17 66
17 67
17 68
17 68
18 69
19 70
19 70
20 70
21 71
22 71
22 71
23 71
24 72
25 72
26 72
26 72
27 73
28 73
29 74
30 74
30 74
31 75
32 76
33 76
34 77
34 77
35 78
36 79
36 80
37 81
37 81
37 82
38 83
38 84
38 84
38 85
37 86
37 87
37 88
37 88
36 89
36 90
35 91
35 92
35 92
34 93
33 94
32 95
32 95
31 96
30 97
29 97
28 98
28 98
27 98
26 99
25 99
24 100
23 100
23 100
22 100
21 100
20 100
19 100
18 100
18 100
17 100
16 100
15 100
14 100
14 100
13 100
12 100
11 100
10 100
9 100
9 100
8 99
7 98
7 98
6 97
6 97
6 96
6 96
7 95
8 94
8 93
9 92
9 92
10 91
11 90
12 89
13 88
14 87
14 87
15 86
16 85
17 84
18 83
19 82
20 81
20 81
21 80
22 79
23 78
24 77
25 77
26 76
27 75
28 74
29 73
29 73
30 72
30 71
31 70
31 69
32 68
32 67
33 66
33 65
34 64
34 63
35 62
35 61
36 60
36 59
37 58
37 57
38 56
38 55
39 54
39 53
40 52
40 51
41 50
41 49
42 48
42 47
43 46
43 45
44 44
44 43
45 42
45 41
46 40
46 39
47 38
47 37
48 36
48 35
49 34
49 33
50 32
50 31
51 30
51 29
52 28
52 27
53 26
53 25
54 24
54 23
55 22
55 21
56 20
56 19
57 18
57 17
57 17
58 16
58 16
58 15
58 15
59 15
59 15
60 16
60 16
61 17
62 18
62 18
63 19
63 20
64 21
64 21
65 22
66 23
67 24
67 24
68 25
69 26
70 27
70 27
71 28
72 28
72 28
73 29
74 30
74 30
75 30
75 30
76 30
76 30
76 30
75 30
75 30
75 29
75 28
75 28
75 27
75 26
75 25
75 25
75 24
75 23
75 22
75 21
75 21
75 20
75 19
76 18
76 17
76 16
76 16
76 15
77 14
77 13
78 12
78 11
78 11
79 10
80 9
80 8
81 7
81 7
82 6
83 5
84 5
85 4
85 4
86 3
87 3
88 2
88 2
89 2
90 1
91 1
91 1
92 1
93 0
94 0
95 0
95 0
96 1
97 1
97 1
98 2
99 3
99 3
99 4
99 5
99 6
99 6
98 7
98 8
97 9
97 10
97 10
96 11
95 12
95 13
94 14
94 14
93 15
92 16
91 16
90 17
90 17
89 18
88 18
87 19
87 19
86 19
85 19
85 19
84 19
83 19
83 19
83 18
83 17
83 16
83 16
83 15
83 14
83 13
83 13
84 12
84 11
84 11
85 10
85 9
85 9
86 8
87 8
87 8
87 8
87 9
88 10
88 11
88 11
88 12
87 13
87 14
87 15
87 15
86 16
86 17
85 18
85 19
85 19
84 20
84 21
83 22
83 23
82 24
82 24
81 25
81 26
80 27
80 28
79 29
79 29
78 30
77 31
77 31
76 32
76 33
76 33
76 34
76 34
77 33
78 33
78 33
79 32
80 32
80 32
81 31
82 30
83 30
84 29
84 29
85 28
86 28
87 27
88 27
88 27
89 27
90 27
91 27
91 27
92 28
93 28
93 28
93 29
93 30
93 31
93 32
93 32
93 33
92 34
92 35
91 36
91 37
91 37
91 38
90 39
90 40
89 41
89 42
88 43
88 44
88 44
87 45
87 46
86 47
86 48
85 49
85 50
84 51
84 51
83 52
82 53
82 54
81 55
80 56
80 56
79 57
79 58
78 59
78 59
78 60
78 60
79 61
80 61
80 61
81 61
82 60
83 60
84 60
84 60
85 60
86 60
87 60
88 60
88 60
89 60
90 61
91 61
92 61
92 61
93 62
94 62
95 63
95 63
95 64
96 65
96 66
96 67
96 67
96 68
96 69
95 70
95 71
95 72
95 72
94 73
94 74
93 75
93 76
92 77
92 78
92 78
91 79
90 80
89 81
89 82
88 83
87 84
87 84
86 85
85 86
84 87
83 88
82 89
82 89
81 90
80 91
79 92
78 93
77 94
77 94
76 95
75 95
74 96
73 96
72 97
72 97
71 97
70 98
69 98
69 98
68 98
67 97
66 97
65 97
65 97
64 96
64 95
63 94
63 93
63 93
63 92
63 91
62 90
62 89
62 88
62 87
62 87
62 86
62 85
62 84
61 83
61 82
61 81
61 80
61 80
61 79
61 78
61 77
61 76
61 75
61 74
61 73
61 72
61 71
61 71
61 70
61 69
62 68
62 67
62 66
62 65
62 65
62 64
62 63
62 62
62 61
62 60
62 59
62 59
62 58
63 57
63 56
63 56
64 55
64 54
64 54
65 54
66 54
66 54
67 54
68 54
68 54
69 54
70 55
71 55
72 55
72 55
73 56
74 56
75 57
75 57
76 57
77 58
78 58
79 58
79 58
80 58
81 58
82 59
83 59
84 59
84 59
85 59
86 60
87 60
88 61
89 61
89 61
90 61
91 62
92 62
93 62
93 62
94 63
95 63
96 64
97 64
97 64
98 64
99 65
100 65
100 65
99 64
99 63
98 62
98 61
97 60
96 59
96 58
95 57
94 56
94 55
93 54
93 53
92 52
92 52
91 53
91 53
90 53
89 53
89 53
88 54
87 55
87 55
87 56
86 57
86 58
86 59
86 59
86 60
86 61
85 62
85 63
85 64
