7 28
7 28
7 28
7 28
7 28
6 28
6 28
6 27
6 27
6 27
5 27
5 27
5 27
4 27
4 27
3 26
3 26
3 26
2 26
2 26
1 25
1 25
0 25
0 25
0 24
0 24
0 23
0 23
0 22
0 22
0 21
0 21
0 20
0 20
1 19
1 18
1 18
2 17
3 16
3 16
4 15
5 14
5 14
6 13
7 13
8 12
8 12
9 11
10 10
11 10
12 9
12 9
13 8
14 7
15 7
16 6
16 6
17 6
18 5
19 5
20 5
20 5
21 5
22 5
23 4
24 4
25 4
25 4
26 4
27 4
28 4
28 4
29 4
30 4
31 4
31 4
32 4
33 5
34 5
34 5
35 6
35 6
36 7
36 8
36 8
37 9
37 9
37 10
37 11
37 11
37 12
37 13
37 13
36 14
36 15
36 15
35 16
35 17
34 18
34 18
33 19
32 19
32 19
31 20
30 21
30 21
29 22
29 22
28 22
28 22
27 22
27 22
26 21
26 21
25 20
25 20
25 19
25 18
25 18
25 17
25 16
25 16
25 16
25 16
25 16
25 16
25 17
25 17
25 18
25 18
25 19
25 20
25 20
24 21
24 22
24 22
24 23
23 24
23 25
23 25
22 26
22 27
22 27
22 28
21 29
21 30
21 30
21 31
20 32
20 33
20 33
19 34
19 35
19 35
18 36
18 37
18 37
17 38
17 38
17 39
17 39
17 39
17 39
17 39
17 39
17 39
17 38
17 38
18 37
18 37
19 36
19 35
19 35
20 34
21 33
21 33
22 32
23 31
23 31
24 30
25 29
25 29
26 28
27 28
27 28
28 28
29 27
30 27
30 27
31 26
32 26
32 26
33 26
34 26
34 26
35 26
36 26
36 26
37 27
38 27
38 27
39 28
40 28
40 28
41 29
42 30
42 30
42 31
43 32
43 33
43 33
44 34
44 35
44 35
44 36
45 37
45 38
45 38
45 39
45 40
45 41
45 41
45 42
45 43
45 44
45 44
45 45
44 46
44 47
44 47
43 48
43 49
42 50
42 50
41 51
41 52
40 53
40 54
40 54
39 55
39 56
38 57
38 57
37 58
37 59
36 60
36 60
35 61
34 62
34 62
33 63
33 63
32 63
31 63
31 63
30 63
30 63
29 63
29 63
28 62
28 62
27 61
27 61
26 60
26 60
25 59
24 58
24 58
23 57
22 57
22 57
21 57
20 57
19 57
19 57
18 57
17 57
17 57
16 57
15 58
14 58
14 58
13 58
12 58
11 58
11 58
10 59
9 59
9 59
8 59
8 59
7 59
7 59
7 59
7 59
8 58
8 58
9 58
10 57
11 57
11 57
12 56
13 55
14 54
14 54
15 54
16 53
17 53
18 52
19 52
19 52
20 51
21 51
22 50
23 49
24 49
25 48
25 48
26 47
27 47
28 46
29 46
30 45
31 45
31 45
32 44
33 43
33 42
34 41
35 40
36 39
36 38
37 37
38 36
39 35
40 34
40 33
41 32
42 31
43 30
43 29
44 28
45 27
46 26
47 25
47 24
48 23
49 22
50 21
51 20
51 19
52 18
53 17
54 16
54 15
55 14
56 13
57 12
58 11
58 10
59 9
60 8
61 7
61 6
62 5
63 4
63 4
63 4
63 4
63 4
63 4
63 4
63 4
63 4
63 5
63 5
63 6
63 7
63 7
63 8
63 9
63 9
63 10
64 11
64 12
64 12
64 13
64 14
64 14
64 15
65 16
65 17
65 17
65 18
65 19
65 20
65 20
65 21
65 22
65 22
66 23
66 23
66 24
66 24
66 24
66 24
66 24
66 24
66 24
66 23
66 23
65 22
65 21
65 21
65 20
65 20
65 19
65 18
65 18
65 17
65 17
66 16
66 16
67 15
67 14
67 14
68 13
68 12
68 12
69 11
70 11
71 10
71 10
72 9
73 9
74 8
74 8
75 7
76 7
77 6
78 6
79 5
79 5
80 5
81 4
82 4
83 3
84 3
84 3
85 2
86 2
87 1
88 1
88 1
89 1
90 0
91 0
91 0
92 0
93 0
94 0
94 0
95 0
96 1
97 1
97 1
98 2
98 2
99 3
99 3
99 4
99 4
99 5
99 5
98 6
98 6
97 7
96 7
96 7
95 8
94 9
94 9
93 10
92 11
92 11
91 11
90 12
89 12
89 12
88 13
87 13
87 13
86 13
85 13
85 13
84 12
84 12
83 11
82 11
82 11
81 10
81 9
81 9
80 8
80 7
80 7
80 7
80 6
80 6
80 6
80 7
80 7
79 8
79 9
79 9
79 10
79 11
79 11
79 12
78 13
78 14
78 14
78 15
78 16
78 16
78 17
78 18
78 18
78 19
78 19
78 20
78 20
78 21
78 21
78 21
78 21
78 21
79 20
79 19
79 19
80 18
80 17
81 16
82 15
82 14
83 13
83 12
84 11
84 11
85 10
85 9
85 9
86 9
86 9
86 9
86 9
86 9
86 10
86 10
86 11
86 11
86 12
86 13
86 13
85 14
85 14
84 15
84 16
84 16
83 17
83 18
83 18
82 19
82 20
82 20
81 21
80 22
80 22
79 23
79 24
79 24
78 25
78 25
78 26
78 27
78 27
77 27
77 27
77 27
77 27
77 27
77 27
78 27
78 27
79 26
79 26
80 25
81 24
81 24
82 23
82 23
83 22
83 22
84 22
84 22
85 22
85 22
85 22
85 22
85 23
85 23
85 24
85 25
85 25
85 26
85 27
85 27
84 28
84 29
84 29
83 30
83 31
83 31
83 32
82 33
82 34
82 34
81 35
81 36
81 36
80 37
80 38
80 38
79 39
79 40
79 40
79 41
79 41
79 41
79 41
79 41
79 41
79 41
79 41
80 40
80 39
80 39
81 38
81 38
82 37
82 37
83 36
84 36
84 36
85 36
85 36
86 36
86 36
87 36
87 36
87 36
87 37
87 37
87 38
87 39
87 39
87 40
87 40
86 41
86 42
86 42
85 43
85 44
85 44
84 45
84 46
84 46
83 47
83 47
82 48
82 48
81 49
81 49
81 49
81 49
81 49
81 49
82 48
82 48
83 47
83 47
84 46
84 46
85 46
86 46
86 46
87 45
87 45
88 45
89 45
89 45
90 46
90 46
91 47
92 47
92 47
92 48
92 48
93 49
93 50
93 50
93 51
93 52
93 52
93 53
93 54
93 54
93 55
92 56
92 57
92 57
92 58
91 59
91 60
91 60
90 61
90 61
89 62
89 63
89 63
88 64
88 65
88 65
87 66
87 67
87 67
86 68
86 69
86 69
85 70
85 70
84 71
84 72
84 72
84 72
84 72
84 72
84 73
84 73
84 74
84 74
84 75
84 75
83 76
83 77
83 77
82 78
82 79
81 80
81 80
80 81
80 82
79 83
79 84
79 84
78 85
78 86
77 87
77 88
76 89
76 89
75 90
74 91
74 92
73 93
73 93
72 94
72 95
71 96
71 96
70 97
69 98
68 99
68 99
67 99
66 100
65 100
65 100
65 99
64 98
64 97
64 96
63 95
63 94
63 93
62 92
62 91
62 90
62 89
61 88
61 87
61 86
60 85
60 84
60 83
59 82
59 81
59 80
58 79
58 78
58 77
57 76
57 75
57 74
57 73
56 72
56 71
56 70
55 69
55 68
55 68
56 67
57 66
58 65
59 65
60 64
61 63
62 62
62 62
63 61
64 61
65 60
65 60
66 61
67 61
67 61
68 61
69 61
70 61
70 61
71 62
71 63
72 64
72 64
73 65
74 65
75 66
75 66
75 67
76 68
76 69
76 69
77 70
78 71
78 71
79 72
79 73
79 73
79 74
79 74
79 73
79 72
78 71
78 70
78 69
78 68
77 67
77 66
77 65
77 64
77 63
76 62
76 61
76 60
76 59
75 58
75 57
75 56
75 55
75 54
74 53
74 52
74 51
74 50
73 49
73 48
73 47
73 47
74 47
74 47
75 47
75 47
76 48
76 49
76 49
77 50
77 51
77 51
77 52
78 53
78 54
