2 42
2 43
2 44
2 45
2 45
1 45
0 45
0 45
0 45
0 45
0 44
0 44
1 43
2 42
2 42
3 41
4 40
5 40
6 39
6 39
7 38
8 37
9 37
10 36
11 35
11 35
12 34
13 33
14 33
15 32
16 31
16 31
17 31
18 30
19 30
20 29
21 29
21 29
22 29
23 28
24 28
25 27
26 27
26 27
27 27
28 27
29 27
30 27
30 27
31 28
32 28
32 28
33 29
33 30
33 30
33 31
33 32
33 32
33 33
33 34
33 35
33 35
32 36
32 37
31 38
31 38
30 39
29 39
28 40
27 40
27 40
26 41
25 41
24 42
23 42
23 42
22 42
21 43
20 43
20 43
19 42
18 42
18 42
17 41
17 40
17 40
17 39
17 38
17 38
17 37
18 36
18 35
18 35
18 34
18 34
19 34
19 34
20 35
20 35
20 36
19 37
19 38
19 38
19 39
19 40
18 41
18 42
18 43
18 44
18 44
18 45
17 46
17 47
16 48
16 49
16 49
15 50
15 51
14 52
14 53
13 54
13 55
13 55
13 56
12 57
12 58
11 59
11 60
11 60
11 61
10 62
10 63
10 64
10 64
10 65
10 65
11 65
11 65
12 65
13 64
14 64
14 64
15 64
16 63
17 63
18 63
18 63
19 63
20 62
21 62
22 61
23 61
23 61
24 61
25 61
26 61
27 61
28 61
28 61
29 62
30 63
31 63
32 64
32 64
33 65
33 66
34 67
34 68
34 68
34 69
34 70
35 71
35 72
35 73
35 74
35 74
35 75
35 76
35 77
35 78
35 79
35 79
35 80
35 81
34 82
34 83
34 84
34 84
33 85
33 86
32 87
32 88
32 88
31 89
30 90
29 91
28 92
28 92
27 93
26 93
25 94
25 94
24 94
23 94
22 94
21 94
21 94
20 93
19 93
19 93
18 92
17 92
16 91
15 91
14 90
13 90
12 89
11 89
10 88
9 88
8 87
7 87
6 86
5 86
4 85
3 85
2 84
1 84
1 84
1 84
2 83
3 83
3 83
4 83
5 82
6 82
6 82
7 81
8 81
9 80
9 80
10 80
11 79
12 79
13 78
14 78
14 78
15 77
15 76
16 75
17 74
17 73
18 72
18 71
19 70
20 69
20 68
21 67
22 66
22 65
23 64
23 63
24 62
25 61
25 60
26 59
27 58
27 57
28 56
28 55
29 54
30 53
30 52
31 51
32 50
32 49
33 48
34 47
34 46
35 45
35 44
36 43
37 42
37 41
38 40
39 39
39 38
40 37
40 36
41 35
42 34
42 33
43 32
44 31
44 30
45 29
45 28
46 27
47 26
47 25
48 24
48 24
49 24
50 23
51 23
51 23
52 22
52 21
52 21
53 20
54 19
54 19
55 19
56 18
57 18
57 18
58 18
59 19
60 19
61 19
61 19
62 19
63 19
64 20
65 20
66 20
66 20
67 21
68 21
69 22
69 22
70 22
71 23
72 23
73 23
73 23
74 23
75 24
76 24
76 24
77 24
78 25
79 25
79 25
80 26
81 26
81 26
82 27
82 27
82 27
82 26
82 26
81 26
81 26
80 25
79 25
79 25
78 24
78 24
77 23
76 23
76 23
76 22
76 21
76 20
76 19
76 19
76 18
77 17
77 16
78 15
78 14
78 14
79 13
79 12
80 11
80 10
81 9
81 9
82 8
83 7
83 6
84 5
85 4
85 4
86 3
87 2
88 2
89 1
89 1
90 1
91 0
92 0
93 0
93 0
94 0
95 1
96 1
96 1
97 2
98 3
98 3
99 4
99 5
100 6
100 7
100 7
100 8
99 9
99 10
99 10
99 11
98 12
98 13
98 13
97 14
96 15
95 16
95 16
94 17
93 18
93 19
92 20
92 20
91 21
90 22
89 22
88 23
88 23
87 23
86 24
85 24
84 24
84 24
83 24
82 24
81 24
81 24
80 23
80 22
80 22
80 21
80 20
80 19
80 18
80 17
80 17
80 16
81 15
81 14
81 13
81 13
82 12
82 11
83 10
83 9
83 9
84 8
85 7
85 7
86 7
87 7
87 7
88 7
88 7
88 8
88 9
88 9
88 10
87 11
87 12
87 12
86 13
86 14
85 15
85 16
85 16
85 17
84 18
84 19
83 20
83 21
83 21
82 22
81 23
80 24
80 24
79 25
79 26
78 27
78 28
78 28
78 29
78 29
78 29
79 29
80 29
80 29
81 28
82 28
83 27
83 27
84 26
85 26
86 25
87 25
87 25
88 25
89 24
90 24
91 24
91 24
92 24
93 24
93 24
94 25
94 26
94 26
94 27
93 28
93 29
93 29
92 30
92 31
91 32
91 33
90 34
90 34
89 35
89 36
88 37
87 38
87 39
86 40
86 40
85 41
84 42
84 43
83 44
82 45
82 45
81 46
80 47
79 48
78 49
77 50
77 50
76 51
75 51
74 52
74 52
74 53
74 54
74 54
75 54
75 54
76 54
77 53
78 53
79 53
79 53
80 53
81 52
82 52
83 51
84 51
84 51
85 51
86 51
87 51
88 51
89 51
89 51
90 51
91 52
92 52
93 52
93 52
94 53
95 54
96 54
97 55
97 55
97 56
97 57
97 58
97 59
97 60
97 60
97 61
97 62
96 63
96 64
96 65
96 65
96 66
95 67
95 68
95 69
95 70
94 71
94 72
94 72
93 73
92 74
91 75
91 76
90 77
89 78
89 78
88 79
87 80
86 81
86 82
85 83
84 84
83 85
83 85
82 86
81 86
80 87
79 88
78 89
77 89
76 90
76 90
75 91
74 92
73 93
73 94
72 95
71 96
71 96
70 97
69 97
68 98
67 98
66 99
66 99
65 99
64 100
63 100
62 100
62 100
61 100
60 100
60 100
60 99
60 98
60 98
60 97
60 96
60 95
60 94
60 93
60 92
60 91
61 90
61 89
61 88
61 87
61 86
61 85
61 84
61 83
61 82
61 81
61 80
61 79
61 78
61 77
62 76
62 75
62 74
62 73
62 72
62 71
62 70
62 69
62 69
61 68
61 67
61 67
61 66
61 65
61 65
62 65
62 65
63 65
64 65
65 65
65 65
66 65
67 65
68 65
68 65
69 66
70 66
71 67
72 67
72 67
73 67
74 68
75 68
76 68
76 68
77 68
78 68
79 69
80 69
81 69
81 69
82 69
83 69
84 69
85 69
85 69
86 69
87 69
88 69
88 69
89 69
90 69
90 69
89 68
89 67
88 66
88 65
87 64
86 63
86 62
85 61
85 60
84 59
84 59
83 59
83 59
82 58
82 58
82 59
82 59
82 60
81 61
81 62
80 63
80 64
