6 38
5 39
4 40
4 40
3 40
2 40
1 40
1 40
0 40
0 40
0 40
1 39
1 38
1 38
2 37
3 36
3 36
4 35
5 34
5 33
6 32
7 31
7 31
8 30
9 29
10 29
11 28
12 27
12 27
13 26
14 25
15 24
16 24
17 23
18 22
18 22
19 22
20 21
21 21
22 20
23 20
24 20
25 19
26 19
26 19
27 19
28 18
29 18
30 18
31 17
32 17
32 17
33 17
34 17
35 18
36 18
37 18
37 18
38 19
39 19
40 20
41 20
41 20
41 21
42 22
42 23
42 24
42 24
41 25
41 26
40 27
40 28
40 28
39 29
39 30
38 31
38 32
37 33
37 34
37 34
36 35
35 36
35 37
34 38
33 39
33 39
32 40
31 41
30 41
29 42
28 43
28 43
27 44
26 44
25 45
24 45
23 46
23 46
22 46
21 46
21 46
20 45
20 44
20 44
20 43
20 42
20 41
20 41
20 40
21 39
21 38
21 38
21 37
22 36
22 35
22 34
22 34
23 33
23 32
24 31
24 31
25 30
25 30
25 31
25 31
25 32
25 33
25 33
25 34
24 35
24 36
24 37
24 37
23 38
23 39
22 40
22 41
21 42
21 42
20 43
20 44
19 45
19 46
18 47
18 48
18 48
17 49
16 50
16 51
15 52
15 52
14 53
14 54
13 55
13 56
13 56
12 57
11 58
11 58
12 59
12 59
13 59
14 59
14 59
15 59
16 58
17 58
18 58
18 58
19 58
20 58
21 58
22 58
23 58
23 58
24 58
25 57
26 57
27 57
27 57
28 57
29 57
30 58
31 58
32 58
32 58
33 59
34 60
35 60
36 61
36 61
36 62
37 63
37 64
37 65
37 65
37 66
38 67
38 68
38 69
38 69
37 70
37 71
36 72
36 73
36 73
35 74
35 75
34 76
34 77
34 77
33 78
32 79
31 80
31 80
30 81
29 81
28 82
28 82
27 82
26 83
25 83
25 83
24 83
23 83
23 83
22 82
21 82
21 82
20 81
19 80
19 80
18 79
17 79
16 78
16 78
15 77
14 77
13 76
13 76
12 75
11 75
11 75
10 74
9 74
9 74
8 73
7 73
7 73
7 73
8 73
9 73
9 73
10 72
11 71
11 71
12 70
13 70
14 69
14 69
15 69
16 68
17 68
18 67
19 67
19 67
20 67
21 66
22 66
23 65
24 65
24 65
25 64
25 63
26 62
26 61
27 60
27 59
28 58
28 57
29 56
29 55
30 54
30 53
31 52
31 51
32 50
32 49
33 48
34 47
34 46
35 45
35 44
36 43
36 42
37 41
37 40
38 39
38 38
39 37
39 36
40 35
40 34
41 33
41 32
42 31
43 30
43 29
44 28
44 27
45 26
45 25
46 24
46 23
47 22
47 21
48 20
48 19
49 18
49 17
50 16
50 15
51 14
51 14
52 14
52 14
52 14
53 15
54 15
54 15
55 15
56 15
57 16
58 16
59 16
59 16
60 17
61 17
62 18
62 18
63 19
64 19
65 20
65 20
66 20
67 21
68 21
69 21
69 21
70 21
71 22
72 22
73 22
73 22
74 22
75 23
76 23
76 23
77 23
77 23
78 23
78 23
78 23
77 22
77 22
76 22
76 22
75 21
75 21
75 20
75 19
75 18
75 17
74 16
74 15
74 14
74 13
74 12
74 12
75 11
76 10
77 9
77 8
78 7
79 6
79 6
80 5
81 5
82 4
83 4
83 4
84 4
85 3
86 3
87 3
87 3
88 2
89 2
90 1
90 1
91 1
92 0
93 0
93 0
94 0
95 0
96 0
96 0
97 1
97 1
98 2
98 3
98 3
98 4
98 4
97 5
97 6
97 6
96 7
95 7
94 8
94 8
93 9
92 9
91 10
91 10
90 10
89 11
88 11
88 11
87 11
86 11
85 11
84 11
84 11
83 11
82 11
82 11
81 10
81 10
81 9
81 9
82 8
83 7
83 7
84 6
84 6
85 6
86 5
87 5
87 5
88 6
88 6
89 7
89 8
89 8
89 9
88 10
88 11
88 11
87 12
86 13
86 14
85 15
85 15
84 16
83 17
83 18
82 19
82 19
81 20
80 21
80 22
79 23
79 23
78 24
77 24
76 25
76 25
75 26
75 27
75 27
76 27
76 27
77 26
78 26
79 25
79 25
80 24
81 24
82 23
83 23
83 23
84 22
85 22
86 21
87 20
88 20
89 19
89 19
90 19
91 18
92 18
93 17
94 17
94 17
95 17
96 16
97 16
97 16
98 16
99 16
99 16
99 17
100 18
100 19
100 19
99 20
99 21
98 22
98 23
98 23
97 24
96 25
96 26
95 27
94 28
94 28
93 29
92 30
91 31
90 32
89 33
89 33
88 34
88 35
87 36
86 37
85 38
85 39
84 40
84 40
83 41
82 42
81 42
80 43
79 44
79 44
78 45
78 46
77 47
77 47
78 48
78 48
79 47
80 47
80 47
81 47
82 47
83 46
84 46
85 46
85 46
86 46
87 45
88 45
89 44
90 44
90 44
91 44
92 44
93 44
94 44
95 44
95 44
96 45
97 46
98 47
98 47
98 48
98 49
98 50
98 51
98 51
98 52
98 53
98 54
98 55
98 56
98 57
98 57
98 58
97 59
97 60
96 61
96 62
96 63
95 64
95 65
95 65
94 66
94 67
93 68
93 69
92 70
92 71
91 72
91 73
90 74
90 74
89 75
88 76
88 77
87 78
86 79
85 80
85 81
84 82
83 83
83 83
82 84
81 85
80 86
80 87
79 88
78 89
77 90
77 90
76 91
75 92
74 93
73 94
72 95
72 95
71 96
70 97
69 98
68 99
68 99
67 99
66 100
65 100
65 100
64 100
63 100
63 100
63 99
63 98
63 98
63 97
64 96
64 95
64 94
64 94
64 93
64 92
64 91
64 90
64 89
64 88
65 87
65 86
65 85
65 84
65 83
65 82
65 81
65 80
65 79
65 78
65 77
65 76
65 75
65 74
66 73
66 72
66 71
66 70
66 69
66 68
66 67
66 66
66 65
66 64
66 63
66 62
66 61
66 60
67 59
67 58
67 57
67 56
67 55
67 54
67 53
67 53
67 53
66 53
66 53
67 54
68 54
68 54
69 54
70 55
71 55
71 55
72 56
73 57
73 57
74 58
75 58
76 59
77 59
77 59
78 59
79 59
80 59
81 59
82 59
82 59
83 59
84 59
85 59
86 59
87 59
88 59
89 59
89 59
90 59
91 59
92 59
93 59
93 59
93 58
92 57
92 56
92 55
92 54
91 53
91 52
91 51
91 51
90 51
89 50
88 50
88 50
87 50
87 50
87 51
87 51
86 52
86 53
85 54
85 54
84 55
84 56
83 57
83 58
82 59
