5 21
5 21
4 21
4 21
4 21
4 21
3 22
3 22
3 22
3 22
3 22
3 22
3 22
3 22
3 22
3 21
3 21
4 21
4 21
5 20
5 20
5 19
5 19
6 18
7 18
7 18
8 17
8 17
9 16
10 15
10 15
11 14
12 13
12 13
13 12
14 12
15 11
15 11
16 10
17 10
18 9
18 9
19 9
20 8
21 8
21 8
22 8
23 7
24 7
24 7
25 7
26 7
26 7
27 8
27 8
28 9
28 9
29 10
30 10
30 10
30 11
30 12
30 12
30 13
30 14
30 14
30 15
30 16
30 17
30 17
30 18
30 19
30 19
30 20
29 21
29 22
29 22
28 23
28 24
27 25
27 25
26 26
26 27
25 28
25 28
24 29
24 30
23 31
23 31
22 32
21 32
20 33
20 33
19 34
19 35
19 35
18 36
17 36
17 36
16 37
15 37
15 37
14 38
14 38
14 38
13 38
13 38
13 38
12 37
12 37
12 36
12 36
12 35
12 34
12 34
13 33
13 32
13 32
13 31
13 31
13 30
13 30
14 29
14 28
14 28
14 27
14 27
14 26
14 26
15 25
15 25
15 25
15 25
15 25
15 25
15 25
15 25
15 26
15 26
15 27
15 27
14 28
14 28
14 29
14 30
14 31
14 31
13 32
13 32
12 33
12 34
12 34
11 35
11 36
11 36
10 37
10 38
10 38
10 39
10 40
10 40
9 41
9 42
9 42
8 43
8 44
8 44
8 45
8 45
7 46
7 47
7 47
7 48
7 48
7 48
7 49
7 49
7 49
7 49
7 49
7 48
7 48
8 48
8 48
9 47
9 47
10 46
10 45
10 45
11 44
12 44
12 44
13 43
13 43
14 42
15 42
15 42
16 41
17 41
17 41
18 40
19 40
19 40
20 40
21 40
22 40
22 40
23 40
24 40
24 40
25 40
26 40
26 40
27 40
28 40
28 40
29 40
30 40
30 40
31 40
32 40
32 40
33 41
34 41
34 41
35 42
36 42
36 42
37 43
38 44
38 44
39 45
40 45
40 45
41 46
41 47
41 47
41 48
41 49
41 49
42 50
42 51
42 51
42 52
42 53
42 54
42 54
42 55
41 56
41 57
41 57
41 58
41 59
41 60
41 60
41 61
40 62
40 63
40 63
40 64
39 65
39 66
39 66
39 67
38 68
38 69
38 69
37 70
37 71
37 71
36 72
35 73
35 73
34 74
34 75
34 75
33 76
33 77
33 77
32 78
31 78
31 78
30 79
30 80
30 80
29 81
29 81
28 82
27 83
27 83
26 84
26 84
25 84
25 84
24 85
23 85
23 85
22 84
22 84
21 83
20 83
20 83
19 82
19 81
19 81
18 80
18 79
17 78
17 78
16 77
16 76
16 76
15 75
14 75
13 74
12 73
11 73
10 72
9 71
8 71
7 70
6 69
5 69
4 68
4 68
3 69
3 69
2 69
1 69
1 69
1 70
1 70
0 70
0 70
0 71
0 71
0 71
0 71
0 71
0 71
0 71
0 71
0 71
0 71
1 70
2 70
2 70
3 70
4 70
4 70
5 69
6 69
7 68
7 68
8 67
9 67
10 66
10 66
11 65
12 65
13 64
14 64
14 64
15 63
16 63
17 62
18 62
18 62
19 61
20 61
21 60
22 60
22 60
23 59
24 59
24 59
25 59
26 58
27 58
27 58
28 58
28 58
28 57
28 57
29 56
29 55
30 54
30 53
31 52
31 51
32 50
32 49
33 48
33 47
34 46
34 45
35 44
35 43
36 42
36 41
37 40
37 39
38 38
38 37
39 36
39 35
40 34
41 33
41 32
42 31
42 30
43 29
43 28
44 27
44 26
45 25
45 24
46 23
46 22
47 21
47 20
48 19
48 18
49 17
49 16
50 15
50 14
51 13
51 12
52 11
52 10
53 9
53 9
53 8
53 7
53 7
52 6
52 6
52 6
53 6
53 6
53 5
53 5
53 5
54 5
54 5
55 5
55 5
56 5
56 5
57 5
58 5
58 5
59 5
60 5
60 5
61 6
62 6
62 6
63 7
64 7
64 7
65 8
65 9
66 10
66 10
67 11
67 12
68 13
68 13
69 14
70 15
70 15
71 16
71 17
71 17
72 18
72 19
72 19
73 20
73 20
74 21
74 21
74 22
74 22
74 22
74 22
74 21
74 21
73 20
73 20
72 19
72 19
71 18
71 17
71 17
70 16
70 16
69 15
69 14
69 14
68 13
68 13
68 12
68 12
68 11
68 11
68 11
68 11
68 10
68 10
69 9
69 9
70 8
71 8
72 7
72 7
73 7
74 6
75 6
75 6
76 5
77 4
78 3
78 3
79 3
80 2
81 2
82 2
82 2
83 2
84 1
85 1
85 1
86 1
87 0
88 0
88 0
89 1
90 1
90 1
91 2
92 2
92 2
93 3
93 3
94 4
94 4
94 5
94 6
94 6
93 7
93 7
92 8
92 9
92 9
91 10
90 11
90 11
89 12
88 13
88 13
87 14
86 15
86 15
85 16
84 16
84 16
83 16
83 16
82 16
81 16
81 16
80 15
80 15
79 14
79 13
79 13
79 12
79 12
78 11
78 11
78 10
78 10
78 9
78 9
78 9
79 9
79 9
79 9
79 10
79 10
79 11
79 11
79 12
79 13
79 13
79 14
79 14
79 15
79 16
79 16
79 17
79 18
79 18
78 19
78 19
78 20
78 21
78 21
78 22
78 22
78 22
78 23
78 23
78 23
78 23
78 23
78 23
78 22
78 22
78 21
78 20
78 20
79 19
79 19
80 18
80 18
80 17
80 16
80 16
81 15
81 15
82 15
82 15
82 15
83 15
83 15
83 15
83 15
83 15
84 16
84 16
84 17
84 17
83 18
83 18
83 19
83 19
82 20
82 21
82 21
81 22
81 23
81 23
81 24
81 24
80 25
80 26
80 26
79 27
79 28
79 28
78 29
78 30
78 30
77 31
77 31
77 32
77 32
76 33
76 33
76 33
76 34
76 34
76 34
76 34
76 34
76 33
76 33
76 33
77 32
77 32
78 31
78 31
79 30
79 30
80 29
80 29
81 28
81 28
82 27
82 27
83 26
83 26
84 26
84 26
84 26
84 26
84 26
85 27
85 27
84 28
84 28
84 29
84 30
84 30
84 31
84 31
83 32
83 33
83 33
82 34
82 35
82 35
82 36
82 36
81 37
81 38
81 38
80 39
80 40
80 40
79 41
79 42
79 42
78 43
78 44
78 44
77 45
77 45
77 46
77 46
76 47
76 47
76 47
76 47
76 47
76 47
76 47
77 46
78 45
78 45
79 44
79 43
79 43
80 42
80 42
81 41
81 40
81 40
82 39
82 39
83 38
83 38
84 38
84 38
84 38
85 38
85 38
85 38
86 39
86 39
86 39
86 40
86 40
85 41
85 42
85 42
85 43
85 43
84 44
84 45
84 45
84 46
84 47
84 47
83 48
83 49
83 49
82 50
82 50
81 51
81 52
81 52
81 53
81 53
80 54
80 54
80 54
80 54
80 54
80 54
80 54
80 54
81 53
81 52
81 52
82 51
82 51
83 50
84 49
84 49
85 48
86 47
86 47
87 46
88 45
88 45
89 44
90 44
90 44
91 43
92 43
92 43
93 43
94 43
94 43
95 43
96 43
96 43
97 44
98 44
98 44
99 45
99 45
99 46
99 47
99 47
99 48
99 49
99 50
99 50
99 51
99 52
99 53
99 54
99 54
99 55
99 56
98 57
98 58
98 59
98 59
98 60
97 61
97 62
97 63
96 64
96 65
96 65
96 66
95 67
95 68
94 69
94 70
94 70
93 71
93 72
92 73
92 74
91 75
91 75
90 76
90 77
89 78
89 79
88 80
88 80
87 81
87 82
86 83
86 84
85 85
85 85
84 86
83 87
83 88
82 89
81 90
81 90
80 91
79 92
79 93
78 94
78 94
77 95
76 96
75 97
74 98
74 98
73 99
72 100
72 100
71 100
70 100
69 100
69 100
68 100
68 100
67 99
67 98
66 97
66 97
66 96
65 95
65 94
65 94
65 93
65 92
64 91
64 90
64 89
64 89
64 88
64 87
64 86
64 85
64 84
64 84
64 83
64 82
63 81
63 80
63 79
63 79
63 78
62 77
62 76
62 75
62 75
62 74
62 73
62 72
62 72
62 71
62 70
62 70
62 69
62 69
62 69
63 68
63 68
63 68
64 68
64 68
65 69
65 69
66 70
67 70
67 70
68 70
69 71
70 71
71 71
71 71
72 71
73 71
74 71
74 71
75 71
76 72
77 72
78 72
78 72
79 72
80 73
81 73
81 73
82 73
83 73
84 73
84 73
85 73
86 74
87 74
87 74
87 73
87 72
86 71
86 70
86 69
86 68
85 67
85 66
85 65
85 64
84 63
84 62
84 61
84 60
84 59
83 58
83 57
83 56
83 55
82 54
82 53
82 52
82 52
83 53
84 53
85 54
86 54
86 54
85 55
85 55
85 56
85 56
86 57
87 58
87 58
88 59
89 59
