3 40
2 40
1 40
0 40
0 40
0 39
0 39
0 38
0 38
0 37
1 36
1 35
1 35
2 34
2 33
3 32
3 31
3 31
4 30
5 29
6 28
7 27
7 27
8 26
9 25
10 24
11 23
12 22
12 22
13 22
14 21
15 21
16 20
17 20
17 20
18 19
19 19
20 18
21 18
21 18
22 18
23 19
24 19
24 19
25 20
26 21
26 22
27 23
27 23
27 24
28 25
28 26
29 27
29 28
29 28
29 29
29 30
28 31
28 32
28 33
28 34
28 34
28 35
28 36
27 37
27 38
27 39
27 39
26 40
25 41
25 42
24 43
24 43
23 44
22 45
22 46
21 47
21 47
20 48
19 49
18 49
17 50
17 50
16 49
16 48
15 47
15 46
14 45
14 44
13 43
13 42
12 41
12 40
12 40
12 39
13 38
13 37
13 36
13 35
14 34
14 33
14 33
15 32
15 32
15 33
15 33
15 34
14 35
14 36
14 36
14 37
14 38
13 39
13 40
13 41
13 41
13 42
13 43
12 44
12 45
12 46
12 47
12 47
12 48
11 49
11 50
11 51
10 52
10 53
10 53
10 54
9 55
9 56
9 57
8 58
8 59
8 59
7 60
7 61
6 62
6 63
5 64
5 65
5 65
5 66
5 67
5 68
5 68
5 69
5 69
6 69
7 69
8 69
8 69
9 68
10 68
11 67
12 67
12 67
13 66
14 66
15 65
16 65
17 64
18 64
18 64
19 64
20 64
21 64
22 64
23 64
24 64
25 64
25 64
26 64
27 64
28 65
29 65
30 65
31 65
31 65
32 66
33 67
34 68
34 68
35 69
35 70
36 71
36 72
36 72
36 73
36 74
36 75
36 76
36 77
36 78
36 78
35 79
35 80
34 81
34 82
33 83
33 84
33 84
32 85
31 86
31 87
30 88
29 89
29 89
28 90
27 91
26 92
25 92
24 93
23 94
23 94
22 95
21 96
20 97
19 98
19 98
18 98
17 99
16 99
15 100
14 100
14 100
13 100
12 100
11 100
11 100
10 99
9 99
9 99
8 98
7 98
6 97
6 97
5 96
4 95
4 95
3 94
2 93
2 93
1 92
1 91
1 91
2 90
2 90
3 89
4 88
4 88
5 87
6 87
7 86
7 86
8 85
9 84
10 83
11 82
12 81
12 81
13 80
14 80
15 79
16 78
17 77
18 77
19 76
19 76
20 75
21 74
22 74
23 73
24 72
25 71
26 71
27 70
27 70
27 69
28 68
28 67
28 66
29 65
29 64
29 63
30 62
30 61
31 60
31 59
31 58
32 57
32 56
32 55
33 54
33 53
33 52
34 51
34 50
34 49
35 48
35 47
36 46
36 45
36 44
37 43
37 42
37 41
38 40
38 39
38 38
39 37
39 36
39 35
40 34
40 33
40 32
41 31
41 30
42 29
42 28
42 27
43 26
43 25
43 24
44 23
44 22
44 21
45 20
45 19
45 18
46 17
46 16
47 15
47 14
47 13
48 12
48 11
48 10
49 9
49 8
49 8
50 9
51 10
51 10
50 9
49 9
49 9
50 10
51 10
51 10
52 10
53 11
54 11
54 11
55 12
56 13
57 13
58 14
58 14
59 15
60 15
61 16
62 16
63 17
63 17
64 18
65 18
66 19
67 19
68 20
69 20
69 20
70 21
71 21
72 22
73 22
73 22
74 22
75 23
76 23
76 23
77 24
78 24
78 24
79 25
79 26
79 26
80 25
80 25
80 25
79 25
79 25
78 24
77 24
77 24
76 23
75 23
75 23
74 22
73 22
72 21
72 21
71 20
71 19
71 19
70 18
70 17
70 17
70 16
70 15
70 15
71 14
71 13
72 12
72 12
73 11
73 10
74 9
74 9
75 8
76 8
77 7
78 7
78 7
79 6
80 5
81 5
82 4
82 4
83 4
84 3
85 3
86 2
87 2
87 2
88 2
89 1
90 1
91 1
91 1
92 1
93 0
94 0
94 0
95 1
96 1
97 2
97 2
98 3
99 4
99 4
99 5
99 6
99 6
99 7
99 8
99 9
99 10
99 10
98 11
98 12
97 13
97 13
96 14
95 15
94 16
94 16
93 17
92 17
91 18
90 18
90 18
89 19
88 19
87 20
87 20
86 20
85 20
84 20
84 20
83 20
83 20
82 19
81 18
81 18
81 17
81 16
81 15
81 15
80 14
80 13
80 13
80 12
80 12
80 12
80 12
80 13
80 14
80 14
80 15
80 16
80 17
80 17
80 18
79 19
79 20
79 21
79 21
79 22
78 23
78 24
78 24
78 25
78 26
78 26
78 27
78 27
78 27
79 26
80 26
80 26
81 25
82 25
82 25
83 24
84 24
85 23
85 23
86 22
87 22
87 22
88 22
88 22
88 23
88 23
88 24
87 25
87 26
87 26
86 27
86 28
85 29
85 30
85 30
84 31
83 32
82 33
82 33
81 34
80 35
80 36
79 37
79 37
78 38
78 39
78 39
78 40
78 40
79 40
79 40
80 39
81 39
81 39
82 38
83 38
84 37
84 37
85 37
86 36
87 36
87 36
88 36
89 36
90 36
90 36
91 37
92 38
92 38
92 39
93 40
93 41
93 41
93 42
93 43
92 44
92 45
92 46
92 47
92 47
92 48
91 49
91 50
91 51
91 52
90 53
90 54
90 55
90 55
90 56
89 57
89 58
89 59
89 60
88 61
88 62
88 63
88 63
87 64
87 65
86 66
86 67
85 68
85 69
84 70
84 71
84 71
83 72
83 73
82 74
81 75
81 76
80 77
80 78
79 79
79 79
78 80
78 81
77 82
77 83
76 84
76 85
75 86
75 87
74 88
74 88
73 89
72 90
72 91
71 92
70 93
70 93
69 94
68 95
68 96
67 97
67 97
66 98
65 99
64 99
63 100
63 100
62 100
61 100
60 100
60 100
59 99
58 99
58 99
58 98
58 97
58 96
58 95
58 95
58 94
58 93
59 92
59 91
59 90
59 89
59 88
59 87
60 86
60 85
60 84
60 83
60 82
61 81
61 80
61 79
61 78
61 77
61 76
62 75
62 74
62 73
62 73
62 72
63 71
63 70
64 69
64 68
64 67
65 66
65 65
66 64
66 63
66 63
66 62
67 61
67 60
67 59
67 59
68 58
68 57
68 57
69 56
70 56
71 55
71 55
72 54
73 54
74 53
75 53
75 53
76 53
77 53
78 53
79 53
80 53
81 53
81 53
82 53
83 53
84 54
85 54
86 54
87 54
87 54
88 54
89 55
90 55
91 55
92 56
93 56
93 56
94 56
95 57
96 57
97 57
97 57
98 58
99 58
99 58
99 59
99 59
99 58
98 57
98 56
97 55
97 54
96 53
96 52
95 51
95 50
94 49
94 48
93 47
93 46
92 45
92 44
92 44
91 45
91 46
91 46
90 46
89 47
88 47
87 48
86 48
86 48
85 49
85 50
84 51
84 51
84 52
84 53
84 54
84 55
84 55
83 56
83 57
82 58
82 59
81 60
