17 11
16 11
15 12
14 12
14 12
14 11
14 11
14 10
14 10
14 10
15 9
15 9
16 8
16 8
17 8
18 7
19 7
19 7
20 6
21 5
21 5
22 5
23 4
24 4
24 4
25 3
26 3
26 3
27 2
28 2
28 2
29 1
30 1
30 1
31 1
31 1
32 1
32 1
33 2
33 3
33 3
34 4
34 4
34 5
34 6
34 7
34 7
34 8
34 9
34 10
34 10
34 11
34 12
34 13
34 14
34 14
34 15
34 16
33 17
33 18
33 19
33 19
33 20
32 21
32 22
32 23
32 23
32 24
31 25
31 26
31 26
30 27
30 28
30 28
30 29
30 30
30 30
29 31
29 31
29 32
29 32
28 32
28 32
28 32
27 31
27 31
26 30
26 29
26 29
26 28
26 27
26 27
26 26
25 25
25 24
25 24
25 23
25 22
25 22
25 21
25 20
25 20
25 19
25 19
25 18
25 18
26 17
26 17
26 17
26 17
26 17
26 17
26 17
26 17
26 18
26 18
25 18
25 18
25 19
25 19
25 20
25 20
24 21
24 21
24 22
24 22
23 23
23 24
23 24
22 25
22 26
22 26
21 27
21 28
21 28
21 29
20 30
20 31
20 31
19 32
19 33
19 33
19 34
18 35
18 36
18 36
18 37
17 38
17 39
17 39
16 40
16 41
15 42
15 42
15 43
14 44
14 45
14 45
13 46
13 47
13 47
12 48
12 49
12 49
11 50
11 51
11 51
10 52
10 53
10 53
10 54
10 55
10 55
9 56
9 56
9 56
9 57
9 57
9 57
9 57
9 57
9 57
10 57
10 57
11 56
11 56
12 55
12 54
12 54
13 53
14 52
14 52
15 51
16 50
16 50
17 49
18 48
19 47
19 47
20 46
21 46
22 45
22 45
23 45
24 44
25 44
25 44
26 43
27 42
27 42
28 42
29 41
30 41
30 41
31 40
32 40
32 40
33 39
34 39
34 39
35 39
35 39
36 39
37 39
37 39
38 39
38 39
39 40
39 40
40 41
40 41
41 42
41 42
41 43
41 44
41 44
42 45
42 46
42 46
42 47
42 48
42 48
42 49
42 50
42 51
42 51
42 52
42 53
42 54
42 54
42 55
42 56
42 57
42 57
42 58
42 59
42 60
42 60
42 61
41 62
41 63
41 63
41 64
41 65
41 66
41 66
41 67
40 68
40 69
40 70
40 70
40 71
39 72
39 73
39 73
39 74
38 75
38 76
38 76
38 77
38 78
38 79
38 79
37 80
37 81
37 81
36 82
36 83
36 83
35 84
35 84
34 85
34 85
33 86
33 86
32 86
32 86
31 86
31 86
30 86
29 86
29 86
28 85
28 85
27 84
26 84
26 84
25 83
24 82
24 82
23 81
23 80
22 79
22 79
21 79
20 78
19 78
18 78
17 78
16 77
15 77
14 77
13 76
12 76
11 76
10 76
9 75
8 75
7 75
6 74
5 74
4 74
3 74
2 73
1 73
1 73
0 74
0 74
0 74
0 74
0 74
0 74
0 74
1 74
1 74
2 74
3 74
3 74
4 73
5 73
5 73
6 72
7 72
8 71
9 71
9 71
10 70
11 70
12 69
12 69
13 68
14 68
15 67
16 67
16 67
17 67
18 67
19 66
20 66
21 66
21 66
22 65
23 65
24 64
25 64
25 64
26 63
27 63
28 62
29 62
29 62
30 61
31 60
31 59
32 58
33 57
34 56
34 55
35 54
36 53
37 52
38 51
38 50
39 49
40 48
41 47
41 46
42 45
43 44
44 43
44 42
45 41
46 40
47 39
48 38
48 37
49 36
50 35
51 34
51 33
52 32
53 31
54 30
55 29
55 28
56 27
57 26
58 25
58 24
59 23
60 22
61 21
62 20
62 19
63 18
64 17
65 16
65 15
66 14
67 13
68 12
68 11
69 10
70 9
71 8
72 7
72 6
73 5
74 4
75 3
75 2
76 1
77 0
77 0
77 0
77 0
77 0
77 0
76 1
76 1
76 1
76 1
76 2
76 3
76 3
76 4
76 4
76 5
76 6
76 6
76 7
76 8
76 8
76 9
76 10
76 10
76 11
76 12
76 13
76 14
76 14
76 15
76 16
76 17
76 17
76 18
76 19
76 20
76 21
76 21
76 22
76 23
76 24
76 24
76 25
76 26
76 26
76 27
76 28
76 28
76 29
76 29
76 30
76 30
76 30
76 30
76 30
76 30
76 30
76 29
76 29
76 28
76 27
76 27
77 26
77 25
77 25
77 24
78 23
78 22
78 22
79 21
79 20
79 20
79 19
80 18
80 17
80 17
81 16
81 15
82 14
82 14
83 13
84 12
84 12
85 11
86 10
86 10
87 9
88 8
88 8
89 8
90 7
91 7
91 7
92 6
93 6
93 6
94 6
94 6
95 6
96 6
96 6
96 6
97 7
97 7
97 8
97 8
97 9
97 9
97 10
97 11
97 11
97 12
96 13
96 14
96 14
95 15
95 16
95 16
94 17
93 18
93 18
92 19
92 20
92 20
91 21
91 22
91 22
90 23
89 23
89 23
88 24
88 24
87 25
87 25
86 26
86 26
85 26
85 26
85 27
85 27
84 27
84 27
84 27
83 27
83 27
83 27
83 27
83 26
83 26
83 26
83 25
83 25
83 24
83 24
84 23
84 23
84 22
84 22
85 22
85 22
86 21
86 21
86 20
86 20
87 20
87 20
88 19
88 19
88 19
89 19
89 19
89 20
89 20
89 20
90 20
90 20
90 21
90 21
90 21
90 22
90 22
90 23
90 23
89 24
89 24
89 25
89 25
88 26
88 27
88 27
87 28
87 28
86 29
86 30
86 30
85 31
85 32
85 32
84 33
84 34
84 34
84 35
84 36
84 36
83 37
83 38
83 38
82 39
82 39
81 40
81 41
81 41
81 42
81 42
80 43
80 43
80 44
80 44
80 44
80 44
80 44
80 44
80 44
80 44
81 43
81 43
82 42
82 41
82 41
83 40
84 40
84 40
85 39
85 38
85 38
86 37
87 36
87 36
88 35
89 35
89 35
90 34
90 34
91 33
91 33
92 33
92 33
93 33
93 33
93 34
93 34
93 34
93 35
93 35
93 36
93 37
93 37
92 38
92 38
91 39
91 40
91 40
91 41
91 42
91 42
90 43
89 44
89 44
88 45
88 46
88 46
87 47
87 48
87 48
86 49
86 49
85 50
85 51
85 51
84 52
84 52
84 53
84 54
84 54
83 54
83 54
83 54
83 54
83 55
83 55
83 55
83 55
83 54
83 54
84 53
84 53
85 52
85 52
86 51
86 51
87 50
87 50
88 49
89 48
89 48
90 48
90 48
91 47
92 47
92 47
93 46
94 46
94 46
95 46
95 46
96 46
96 46
97 46
97 46
98 47
98 47
98 47
99 48
99 48
100 49
100 50
100 50
100 51
100 52
100 52
99 53
99 54
99 54
99 55
99 56
99 56
99 57
98 58
98 59
98 59
98 60
97 61
97 62
97 62
96 63
96 64
96 64
95 65
94 66
94 66
94 67
93 68
93 69
93 69
92 70
91 71
91 71
90 72
90 73
89 74
89 74
88 75
87 76
87 76
87 77
86 78
86 79
86 79
85 80
84 81
84 81
83 82
83 82
82 83
81 84
81 84
80 85
80 86
79 87
79 87
78 88
78 89
77 90
77 90
76 91
75 92
74 93
74 93
73 94
72 95
72 95
71 96
70 96
69 97
69 97
68 98
67 99
67 99
66 100
65 100
65 100
64 100
63 100
63 100
62 100
62 100
61 99
61 98
61 98
61 97
61 96
61 96
61 95
61 94
61 94
61 93
62 92
62 91
62 91
62 90
62 89
62 88
62 88
62 87
62 86
62 85
62 85
62 84
63 83
63 82
63 82
63 81
63 80
63 79
63 79
63 78
63 77
63 77
64 76
64 76
64 75
64 75
64 75
65 75
65 75
66 75
66 75
67 75
68 75
68 75
69 75
70 75
71 75
71 75
72 75
73 75
74 75
75 75
75 75
76 75
77 75
78 75
78 75
79 75
80 75
81 75
81 75
81 74
81 73
81 72
81 71
81 70
81 69
82 68
82 67
82 66
82 65
82 64
82 63
82 62
82 61
82 60
82 59
82 58
82 57
82 56
82 55
83 54
83 53
83 52
83 51
83 50
83 49
83 48
83 48
84 49
85 50
86 50
87 51
87 51
86 52
86 53
86 53
87 54
88 55
88 55
89 56
89 57
89 57
90 58
90 59
