3 40
2 41
1 42
1 42
0 42
0 42
0 41
0 41
0 40
0 40
1 39
1 38
1 38
2 37
3 36
3 36
4 35
5 34
6 33
6 33
7 33
8 32
9 32
10 31
11 31
11 31
12 30
13 29
14 29
15 28
15 28
16 28
17 27
18 27
19 27
19 27
20 27
21 26
22 26
23 26
23 26
24 26
25 27
26 27
26 27
27 28
28 29
28 29
28 30
27 31
27 32
27 32
26 33
26 34
25 35
25 35
24 36
24 37
23 38
23 39
23 39
22 40
21 41
20 42
20 42
19 42
18 43
17 43
17 43
16 43
15 43
15 43
15 42
15 41
15 41
15 40
14 39
14 38
14 38
14 37
15 36
15 35
15 34
15 34
15 33
15 32
15 31
15 31
16 30
16 30
16 30
15 31
15 32
15 32
15 33
14 34
14 35
14 36
14 36
14 37
13 38
13 39
12 40
12 41
12 41
12 42
11 43
11 44
10 45
10 46
10 46
10 47
9 48
9 49
8 50
8 51
8 51
7 52
7 53
6 54
6 55
6 55
6 56
6 57
6 58
6 58
7 59
7 59
8 59
9 59
10 59
11 59
11 59
12 58
13 58
14 57
15 57
15 57
16 57
17 57
18 56
19 56
20 56
21 56
21 56
22 56
23 56
24 56
25 56
26 56
27 56
27 56
28 56
29 56
30 56
31 56
31 56
32 57
33 58
34 59
34 59
34 60
35 61
35 62
35 62
35 63
35 64
34 65
34 66
34 67
34 67
33 68
33 69
32 70
32 71
32 71
31 72
30 73
29 74
28 75
28 75
27 76
26 77
25 78
25 78
24 79
23 79
22 80
21 80
21 80
20 80
19 80
18 80
18 80
17 80
16 80
15 80
15 80
14 79
13 79
13 79
12 78
11 77
10 76
9 75
8 74
8 74
7 74
6 73
5 73
4 72
3 72
3 72
2 71
2 71
1 70
1 70
2 70
2 70
3 69
4 68
4 68
5 67
6 66
7 66
8 65
8 65
9 64
10 64
11 63
12 63
13 62
14 62
14 62
15 61
15 60
16 59
16 58
17 57
18 56
18 55
19 54
20 53
20 52
21 51
21 50
22 49
23 48
23 47
24 46
24 45
25 44
26 43
26 42
27 41
27 40
28 39
29 38
29 37
30 36
31 35
31 34
32 33
32 32
33 31
34 30
34 29
35 28
35 27
36 26
37 25
37 24
38 23
38 22
39 21
40 20
40 19
41 18
42 17
42 16
43 15
43 14
44 13
44 13
45 12
45 12
44 11
43 10
43 10
44 10
45 10
45 10
46 10
47 11
48 11
49 11
49 11
50 11
51 12
52 12
52 12
53 12
54 13
55 13
55 13
56 14
57 14
58 15
59 15
59 15
60 16
61 17
62 18
62 18
63 18
64 19
65 19
65 19
66 20
67 20
67 20
68 21
68 21
68 21
68 21
68 21
68 21
67 20
67 20
66 20
66 20
65 19
64 19
64 19
63 19
63 19
62 18
61 18
61 18
60 18
60 18
60 17
60 17
60 16
60 16
61 15
62 14
62 14
63 13
64 13
65 12
65 12
66 11
67 11
68 10
69 10
69 10
70 9
71 9
72 8
73 8
73 8
74 7
75 7
76 6
77 6
77 6
78 5
79 5
80 4
81 4
81 4
82 3
83 3
84 2
85 2
85 2
86 2
87 1
88 1
88 1
89 1
90 0
91 0
91 0
92 1
93 1
93 1
92 2
92 3
92 3
91 4
91 5
91 5
90 6
89 7
88 8
87 9
87 9
86 10
85 11
84 11
83 12
83 12
82 13
81 13
80 14
79 15
78 15
77 16
77 16
76 17
75 17
74 18
73 18
73 18
72 18
71 18
71 18
70 17
70 17
70 16
70 15
70 15
71 14
71 13
71 13
71 12
72 11
72 10
72 10
73 9
73 9
74 10
74 10
74 11
74 11
74 12
73 13
73 14
73 14
73 15
72 16
72 17
72 17
72 18
71 19
71 20
71 20
70 21
70 22
69 23
69 23
69 24
69 25
69 25
70 25
70 25
71 24
71 24
72 23
73 23
73 23
74 22
75 22
76 21
76 21
77 21
78 20
79 20
79 20
80 20
81 20
81 20
82 20
82 20
82 21
83 22
83 23
83 23
83 24
82 25
82 26
81 27
81 28
81 28
80 29
80 30
79 31
79 32
79 32
78 33
78 34
77 35
77 36
76 37
76 37
76 38
75 39
75 40
74 41
74 42
74 42
73 43
72 44
71 45
71 45
70 46
70 47
70 47
71 48
72 48
72 48
73 48
74 48
74 48
75 48
76 48
77 48
78 48
78 48
79 48
80 48
81 47
82 47
83 47
84 47
84 47
85 47
86 47
87 48
88 48
89 48
90 48
90 48
91 49
92 49
93 50
94 50
94 50
95 51
95 52
96 53
96 54
96 54
96 55
96 56
96 57
96 58
96 59
96 60
96 61
96 61
96 62
95 63
95 64
95 65
95 66
94 67
94 68
94 68
94 69
93 70
93 71
92 72
92 73
91 74
91 75
90 76
90 77
90 77
89 78
88 79
87 80
86 81
85 82
84 83
83 84
83 84
82 85
81 86
80 87
80 88
79 89
78 90
77 91
77 91
76 92
75 93
74 94
73 95
72 96
72 96
71 97
70 98
69 98
68 99
68 99
67 99
66 100
65 100
65 100
64 100
63 100
63 100
63 99
63 98
63 97
63 97
63 96
63 95
62 94
62 93
62 92
62 91
62 90
62 89
61 88
61 87
61 86
61 85
61 84
60 83
60 82
60 81
60 80
60 79
59 78
59 77
59 76
59 75
59 74
59 73
58 72
58 71
58 70
58 69
58 68
57 67
57 66
57 65
57 64
57 63
57 62
56 61
56 60
56 59
56 59
55 59
54 59
54 59
55 58
55 58
56 58
57 59
58 59
59 59
59 59
60 59
61 59
62 59
62 59
63 59
64 59
65 60
66 60
67 60
68 60
68 60
69 60
70 60
71 60
72 60
73 60
74 60
75 60
76 60
76 60
77 60
78 60
79 60
80 59
81 59
82 59
83 59
84 59
84 59
85 59
86 59
87 59
88 58
89 58
90 58
91 58
92 58
92 58
93 58
94 58
95 57
96 57
97 57
98 57
98 57
99 58
100 58
100 58
99 57
98 56
97 55
96 55
95 54
94 53
93 52
92 51
91 50
90 50
89 49
88 48
88 48
87 49
86 49
86 49
85 49
84 50
83 50
83 50
82 51
82 52
81 53
81 53
80 54
80 55
79 56
79 57
78 58
78 58
78 59
77 60
77 61
76 62
76 63
