2 31
1 32
0 32
0 32
0 31
0 31
1 30
1 29
1 29
2 28
3 27
4 26
4 26
5 25
6 25
7 24
7 24
8 23
9 22
10 22
11 21
12 20
12 20
13 19
14 19
15 18
16 18
17 17
17 17
18 17
19 16
20 16
21 16
22 15
23 15
23 15
24 15
25 15
26 15
27 15
27 15
28 16
29 16
30 17
30 17
31 18
31 19
32 20
32 21
32 21
32 22
32 23
32 24
32 25
32 26
32 27
32 27
32 28
31 29
31 30
31 31
30 32
30 33
30 33
30 34
29 35
29 36
28 37
28 38
28 38
27 39
27 40
26 41
26 42
25 43
25 43
24 44
23 45
22 46
22 46
21 47
20 47
19 48
19 48
18 47
18 47
17 46
17 45
17 45
17 44
18 43
18 42
18 42
18 41
19 40
19 39
19 38
19 38
19 37
20 36
20 35
20 34
20 34
20 33
21 32
21 31
21 30
21 30
22 29
22 29
21 30
21 30
21 31
21 31
21 32
20 33
20 34
19 35
19 36
19 36
19 37
18 38
18 39
17 40
17 41
17 41
17 42
16 43
16 44
15 45
15 46
14 47
14 48
14 48
13 49
13 50
12 51
12 52
12 52
12 53
12 54
12 55
12 56
12 57
12 57
12 58
12 59
12 59
13 60
13 60
14 60
15 60
16 60
16 60
17 60
18 60
19 60
20 60
20 60
21 60
22 60
23 60
24 60
24 60
25 60
26 60
27 60
28 60
28 60
29 61
30 61
31 62
32 62
32 62
33 63
33 64
34 65
34 65
34 66
34 67
34 68
34 69
34 69
34 70
34 71
33 72
33 73
33 74
33 75
33 75
33 76
32 77
32 78
31 79
31 80
31 80
30 81
30 82
29 83
29 84
28 85
28 85
27 86
26 87
26 88
25 89
24 90
24 90
23 91
22 92
21 93
20 94
20 94
19 95
18 95
17 96
17 96
16 96
15 97
14 97
14 97
13 97
12 97
12 97
11 96
10 95
10 95
9 94
8 94
8 94
7 93
7 92
7 92
6 91
6 90
5 89
5 89
4 88
4 87
4 87
3 86
2 85
2 85
1 84
1 84
0 83
0 83
0 84
0 84
0 83
0 83
0 83
1 82
2 81
3 80
3 80
4 79
5 79
6 78
7 78
8 77
8 77
9 76
10 76
11 75
12 74
13 73
14 73
15 72
15 72
16 71
17 71
18 70
19 70
20 69
21 69
22 68
23 68
23 68
23 67
24 66
24 65
25 64
25 63
26 62
26 61
27 60
27 59
27 58
28 57
28 56
29 55
29 54
30 53
30 52
30 51
31 50
31 49
32 48
32 47
33 46
33 45
34 44
34 43
34 42
35 41
35 40
36 39
36 38
37 37
37 36
37 35
38 34
38 33
39 32
39 31
40 30
40 29
41 28
41 27
41 26
42 25
42 24
43 23
43 22
44 21
44 20
44 20
45 19
45 18
46 17
46 16
46 16
47 16
47 16
48 15
49 15
49 15
50 15
51 16
52 16
52 16
53 16
54 17
55 17
56 17
56 17
57 18
58 19
59 19
60 20
60 20
61 21
62 22
63 23
63 23
64 24
65 24
65 24
66 24
67 24
68 24
68 24
69 25
70 25
70 25
71 25
71 25
72 25
72 25
72 25
71 24
71 24
70 23
70 23
69 22
69 21
69 21
68 20
67 19
67 19
67 18
67 17
67 16
67 16
67 15
68 14
68 13
68 12
68 12
69 11
69 10
70 9
70 9
71 8
72 7
73 6
74 5
74 5
75 4
76 4
77 3
78 3
78 3
79 3
80 2
81 2
82 1
83 1
83 1
84 1
85 0
86 0
87 0
87 0
88 0
89 0
90 0
90 0
91 0
92 1
93 1
93 1
94 2
95 2
95 2
96 3
96 3
96 4
96 5
96 5
95 6
95 7
95 7
94 8
93 9
92 10
92 10
91 11
90 11
89 12
89 12
88 12
87 12
86 12
86 12
85 13
84 13
84 13
83 12
83 12
83 11
83 10
83 10
83 9
83 8
83 7
83 7
83 6
83 5
83 5
84 4
84 3
84 3
85 3
85 3
86 3
86 3
86 4
86 5
86 5
86 6
85 7
85 8
85 8
85 9
84 10
84 11
84 11
83 12
83 13
82 14
82 15
82 15
81 16
81 17
80 18
80 18
79 19
79 20
78 21
78 21
78 22
77 23
77 24
77 24
76 25
75 26
75 26
75 27
75 27
76 27
76 27
77 26
77 26
78 26
79 25
80 25
80 25
81 24
82 24
83 23
83 23
84 23
85 22
86 22
87 22
87 22
88 21
89 21
89 21
90 22
90 23
90 23
90 24
90 25
90 26
90 26
89 27
89 28
88 29
88 30
88 30
87 31
87 32
86 33
86 34
86 34
85 35
84 36
84 37
83 38
82 39
82 39
81 40
80 41
80 42
79 43
79 43
78 44
78 45
78 45
77 46
77 46
78 46
78 46
79 46
80 46
80 46
81 46
82 45
83 45
84 45
84 45
85 45
86 44
87 44
88 44
88 44
89 44
90 44
91 44
92 44
93 44
93 44
94 45
95 45
96 46
97 46
97 46
98 47
98 48
99 49
99 49
99 50
99 51
99 52
99 53
99 54
99 55
99 56
99 56
99 57
99 58
99 59
98 60
98 61
98 62
98 63
98 64
98 64
98 65
97 66
97 67
96 68
96 69
95 70
95 71
94 72
94 73
94 73
94 74
93 75
93 76
92 77
92 78
91 79
91 80
90 81
90 82
90 82
89 83
88 84
88 85
87 86
86 87
85 88
85 89
84 90
84 90
83 91
83 92
82 93
81 94
81 95
80 96
80 96
79 97
78 98
77 99
77 99
76 99
75 100
74 100
74 100
73 100
73 100
73 99
73 98
73 98
73 97
74 96
74 95
74 95
74 94
73 93
73 92
73 91
73 90
72 89
72 88
72 87
72 86
71 85
71 84
71 83
71 82
70 81
70 80
70 79
70 78
69 77
69 76
69 75
69 74
68 73
68 72
68 71
68 70
67 69
67 68
67 67
67 66
66 65
66 64
66 63
66 63
65 62
65 62
64 62
64 62
65 63
65 63
66 64
67 64
67 64
68 65
69 65
69 65
70 65
71 66
72 66
73 66
73 66
74 66
75 66
76 66
77 66
77 66
78 66
79 66
80 65
81 65
82 65
83 65
83 65
83 64
84 63
84 62
84 61
84 60
85 59
85 58
85 57
85 56
86 55
86 54
86 54
86 53
86 53
85 53
85 53
84 54
84 55
84 55
83 56
83 57
82 58
82 59
82 59
82 60
81 61
81 62
81 63
80 64
80 65
