4 21
3 22
2 22
2 22
2 22
1 22
1 22
0 22
0 22
0 22
0 22
0 22
0 22
0 22
0 21
0 21
1 20
1 19
1 19
2 18
3 18
4 17
4 17
5 16
6 16
7 15
7 15
8 15
9 14
10 14
11 13
12 13
12 13
13 12
14 12
15 11
16 11
16 11
17 10
18 10
19 9
20 9
20 9
21 9
22 8
23 8
24 8
24 8
25 8
26 8
27 8
27 8
28 8
29 8
29 8
30 9
31 9
31 9
31 10
31 11
31 11
31 12
31 13
31 13
31 14
30 15
30 16
30 16
29 17
29 18
28 19
28 19
27 20
27 21
26 22
26 22
25 23
24 24
24 24
23 25
22 25
21 26
21 26
20 27
20 27
19 27
19 27
18 27
18 27
17 27
17 27
17 26
17 25
17 25
17 24
17 24
17 23
17 23
17 22
17 22
17 22
17 22
17 23
17 23
17 23
16 24
16 25
16 25
15 26
15 26
15 27
15 28
15 28
14 29
13 30
13 30
13 31
12 32
12 33
12 33
11 34
11 35
11 35
11 36
10 37
10 38
10 38
9 39
8 40
8 40
7 41
7 42
7 42
6 43
6 44
6 44
6 44
6 44
6 44
6 44
6 44
7 43
8 43
8 43
9 42
10 41
10 41
11 40
12 39
12 39
13 38
14 38
15 37
15 37
16 36
17 36
17 36
18 36
19 35
20 35
20 35
21 34
22 34
22 34
23 34
24 34
25 34
25 34
26 35
27 35
27 35
28 35
29 35
29 35
30 36
31 37
31 37
32 38
33 38
33 38
34 39
34 40
34 40
34 41
34 42
34 43
34 43
34 44
34 45
34 46
34 46
34 47
34 48
34 49
34 49
34 50
33 51
33 52
33 53
33 53
32 54
32 55
31 56
31 57
31 57
30 58
29 59
28 60
28 60
27 61
27 62
26 63
26 63
25 64
25 65
24 66
24 66
23 67
22 67
22 67
21 68
21 68
20 68
19 68
19 68
18 68
18 68
17 67
17 67
16 66
16 66
15 65
14 64
14 64
13 63
13 62
13 62
12 61
11 60
11 60
10 59
9 58
9 58
8 57
7 57
7 57
6 57
5 57
5 57
4 57
3 57
3 57
2 57
2 57
1 57
1 57
1 57
1 57
1 57
2 57
2 57
3 57
4 56
5 56
5 56
6 55
7 55
8 54
9 54
9 54
10 54
11 53
12 53
13 52
14 52
14 52
15 51
16 51
17 50
18 50
18 50
19 50
20 49
21 49
22 49
22 49
23 48
24 48
25 47
25 47
26 46
26 45
27 44
28 43
28 42
29 41
30 40
30 39
31 38
32 37
32 36
33 35
33 34
34 33
35 32
35 31
36 30
37 29
37 28
38 27
39 26
39 25
40 24
41 23
41 22
42 21
43 20
43 19
44 18
45 17
45 16
46 15
46 14
47 13
48 12
48 11
49 10
50 9
50 8
51 7
52 6
52 5
53 4
53 4
53 4
52 3
52 3
52 3
52 3
53 4
53 4
54 4
54 4
55 5
55 6
55 6
56 7
57 7
57 7
58 8
59 9
59 9
60 10
61 11
61 11
62 12
63 12
64 13
64 13
65 14
66 15
66 15
67 16
67 17
67 17
68 18
69 19
69 19
70 20
70 20
70 21
70 21
71 21
71 21
71 21
71 21
70 20
70 20
69 19
69 19
68 18
68 17
68 17
67 16
67 15
67 15
67 14
67 13
67 13
67 12
67 11
67 11
68 10
69 10
69 10
70 9
70 8
70 8
71 7
72 7
73 6
73 6
74 5
75 5
76 4
76 4
77 3
78 3
79 2
80 2
80 2
81 2
82 1
83 1
83 1
84 1
85 0
86 0
86 0
87 0
88 1
89 1
89 1
90 1
91 1
91 1
92 2
92 2
93 3
93 3
93 4
93 4
93 5
93 5
92 6
92 7
92 7
91 8
90 9
90 9
89 10
88 11
88 11
87 12
86 12
85 13
85 13
84 14
83 14
83 14
82 15
81 15
81 15
80 15
80 15
80 15
79 14
79 14
79 13
79 13
79 12
79 12
80 11
80 11
80 11
80 11
80 11
80 12
80 12
80 13
80 13
80 14
80 14
80 15
80 15
79 16
79 17
79 17
78 18
78 19
78 19
78 20
77 21
77 22
77 22
76 23
76 24
76 24
75 25
75 26
75 26
74 27
74 28
74 28
73 29
73 29
72 30
72 31
72 31
72 31
72 31
72 31
72 31
72 31
73 30
73 30
74 29
74 29
75 28
76 27
76 27
77 26
78 25
78 25
79 24
79 24
80 23
81 23
81 23
82 22
83 22
83 22
84 21
84 21
85 21
85 21
86 21
86 21
86 21
86 22
86 22
86 23
86 23
86 24
86 24
85 25
85 25
84 26
84 27
84 27
83 28
83 28
82 29
82 30
82 30
81 31
80 32
80 32
79 33
79 34
79 34
78 35
78 36
78 36
77 37
77 38
76 39
76 39
75 40
75 40
75 41
75 42
75 42
74 43
74 43
74 43
74 44
74 44
74 44
74 44
74 44
74 44
74 44
74 43
74 43
75 43
75 43
75 42
75 42
76 41
77 41
77 41
78 40
78 40
79 39
79 39
80 39
80 39
81 39
81 39
81 39
82 38
82 38
82 39
82 39
83 39
83 39
83 39
83 40
83 40
83 41
83 41
82 42
82 42
81 43
81 44
81 44
81 45
81 45
80 46
80 47
80 47
79 48
79 49
79 49
78 50
78 50
77 51
77 51
77 52
77 52
77 52
77 52
77 52
77 52
78 51
78 51
79 50
80 49
80 49
81 48
82 48
83 47
83 47
84 46
85 46
85 46
86 46
87 45
88 45
88 45
89 45
90 45
91 45
91 45
92 45
93 45
94 45
94 45
95 45
96 45
96 45
97 46
98 46
98 46
99 47
99 48
99 48
99 49
100 50
100 51
100 51
100 52
99 53
99 54
99 55
99 55
99 56
99 57
98 58
98 59
98 60
98 60
97 61
97 62
96 63
96 64
95 65
95 65
94 66
94 67
93 68
93 69
92 70
92 71
91 72
91 72
90 73
90 74
89 75
89 76
88 77
88 78
87 79
87 79
86 80
86 81
85 82
84 83
83 84
83 85
82 86
82 86
81 87
80 88
79 89
78 89
77 90
76 91
76 91
75 92
75 93
74 94
73 95
73 96
72 97
72 97
71 98
70 99
69 99
68 100
68 100
67 100
66 100
65 100
65 100
64 100
63 100
63 100
63 99
63 98
63 97
63 96
62 95
62 94
62 93
62 92
62 91
62 90
62 89
62 88
61 87
61 86
61 85
61 84
61 83
61 82
61 81
61 80
60 79
60 78
60 77
60 76
60 75
60 74
60 73
60 72
59 71
59 70
59 69
59 68
59 67
59 67
60 66
60 65
61 64
62 63
62 62
63 61
63 61
64 60
64 60
65 60
66 60
66 60
67 60
68 60
69 60
69 60
70 60
71 61
72 61
72 61
73 61
74 62
75 62
75 62
76 63
77 64
78 65
78 65
79 66
80 66
81 67
81 67
82 68
83 68
84 69
84 69
85 70
86 70
86 70
87 71
87 71
87 71
86 70
86 69
85 68
85 67
84 66
84 65
83 64
82 63
82 62
81 61
81 60
80 59
80 58
79 57
79 57
79 56
79 55
79 54
79 53
79 52
79 51
79 50
79 50
79 49
79 49
79 49
80 49
80 49
81 50
81 50
82 51
