1 34
0 35
0 36
0 36
0 35
0 34
0 34
0 33
0 32
0 32
1 31
2 30
2 30
3 29
4 28
5 27
5 27
6 26
7 25
8 25
9 24
9 24
10 23
11 23
12 22
13 22
13 22
14 22
15 21
16 21
17 21
17 21
18 21
19 20
20 20
21 20
21 20
22 20
23 20
24 20
25 20
25 20
26 21
27 21
28 22
28 22
29 23
29 24
29 24
29 25
29 26
29 27
29 27
29 28
28 29
28 30
28 31
28 31
27 32
27 33
26 34
26 34
25 35
24 36
23 37
23 37
22 38
21 39
20 40
20 40
19 40
18 41
17 41
17 41
16 41
15 41
15 41
15 40
15 40
15 39
15 38
15 38
16 37
16 36
16 36
16 35
17 34
17 33
17 33
18 32
18 32
19 32
19 32
19 33
19 33
19 34
19 35
19 35
19 36
18 37
18 38
18 39
18 39
18 40
17 41
17 42
17 43
17 43
17 44
16 45
16 46
16 47
16 47
16 48
15 49
15 50
15 50
14 51
13 52
13 52
13 53
13 53
13 54
13 54
14 54
15 54
15 54
16 54
17 53
18 53
18 53
19 53
20 53
21 53
21 53
22 53
23 52
24 52
25 52
25 52
26 52
27 53
28 53
29 54
30 54
30 54
31 55
32 56
32 56
32 57
33 58
33 59
34 60
34 61
34 61
34 62
34 63
34 64
34 65
34 65
34 66
34 67
33 68
33 69
33 70
33 70
32 71
31 72
31 73
30 74
30 74
29 75
28 76
28 77
27 78
26 79
26 79
25 80
24 80
23 81
23 81
22 82
21 82
20 83
19 83
19 83
18 83
17 83
16 83
15 83
15 83
14 83
13 83
12 83
12 83
11 82
10 81
10 81
9 80
8 79
8 79
7 78
7 77
7 77
6 76
5 75
5 75
4 74
4 73
4 73
4 73
5 72
6 72
6 72
7 71
8 71
8 71
9 70
10 69
11 69
12 68
12 68
13 67
14 67
15 66
16 66
17 65
17 65
18 64
19 64
20 63
21 62
22 61
23 61
24 60
24 60
24 59
25 58
25 57
25 56
26 55
26 54
26 53
27 52
27 51
28 50
28 49
28 48
29 47
29 46
29 45
30 44
30 43
30 42
31 41
31 40
31 39
32 38
32 37
32 36
33 35
33 34
34 33
34 32
34 31
35 30
35 29
35 28
36 27
36 26
36 25
37 24
37 23
37 22
38 21
38 20
38 19
39 18
39 17
40 16
40 15
40 14
41 13
41 12
41 11
42 10
42 9
42 9
42 10
42 11
42 12
42 12
43 12
44 12
44 12
45 12
46 13
47 13
48 14
49 14
49 14
50 14
51 15
52 15
52 15
53 15
54 16
55 16
56 17
57 17
57 17
58 17
59 17
60 18
61 18
62 18
62 18
63 19
64 19
65 20
66 20
66 20
67 20
68 21
69 21
69 21
70 22
71 22
71 22
72 22
73 22
73 22
74 23
74 23
75 23
75 23
75 23
75 23
74 22
74 22
73 21
73 21
72 20
71 20
71 20
70 19
70 18
70 18
69 17
69 17
68 16
68 15
68 15
68 14
69 13
69 12
69 12
69 11
69 10
69 10
70 9
71 9
72 8
72 8
73 7
74 7
75 6
76 6
76 6
77 5
78 5
79 4
80 4
81 3
81 3
82 2
83 2
84 1
84 1
85 1
86 0
87 0
88 0
88 0
89 0
90 0
91 0
91 0
92 1
93 1
93 1
94 2
94 3
94 3
93 4
93 5
93 5
92 6
92 7
92 7
91 8
91 9
90 10
90 10
89 11
88 11
87 12
87 12
86 13
85 13
84 14
84 14
83 14
82 15
81 15
80 15
80 15
79 15
78 15
77 15
77 15
76 14
75 14
75 14
75 13
75 13
75 12
75 11
75 11
76 10
76 10
77 9
78 9
78 9
79 9
80 9
80 9
81 9
81 9
82 10
82 11
82 11
82 12
82 13
82 14
82 14
81 15
81 16
80 17
80 18
80 18
79 19
79 20
78 21
78 21
77 22
77 23
76 24
76 24
75 25
74 26
74 26
74 27
74 27
75 27
75 27
76 26
76 26
77 26
78 26
79 26
79 26
80 25
81 24
81 24
82 24
83 24
83 24
83 25
83 25
83 26
83 27
83 27
82 28
82 29
81 30
81 31
81 31
80 32
80 33
79 34
79 35
78 36
78 36
77 37
77 38
76 39
75 40
75 41
74 42
74 42
73 43
73 44
72 45
72 46
71 47
71 47
70 48
70 49
70 49
70 50
70 51
70 51
71 51
71 51
72 51
73 51
74 51
75 51
75 51
76 51
77 51
78 50
79 50
80 50
80 50
81 50
82 49
83 49
84 48
85 48
85 48
86 48
87 48
88 49
89 49
90 49
91 49
91 49
92 49
93 49
94 50
95 50
96 50
96 50
97 51
97 52
98 53
98 53
98 54
98 55
97 56
97 57
97 58
97 59
97 59
96 60
96 61
95 62
95 63
94 64
94 65
93 66
93 67
93 67
92 68
91 69
91 70
90 71
89 72
88 73
88 74
87 75
87 75
86 76
85 77
84 78
83 79
82 80
81 81
80 82
79 83
79 83
78 84
77 85
76 86
75 87
74 87
73 88
72 89
71 90
71 90
70 91
69 92
68 93
67 94
66 95
65 96
65 96
64 97
63 97
62 98
61 98
60 99
60 99
59 99
58 100
57 100
56 100
56 100
55 100
55 100
54 99
54 98
54 98
54 97
55 96
55 95
55 94
55 94
55 93
55 92
56 91
56 90
56 89
56 88
57 87
57 86
57 85
57 84
57 83
58 82
58 81
58 80
58 79
59 78
59 77
59 76
59 75
59 74
60 73
60 72
60 71
60 70
60 69
61 68
61 67
61 66
61 65
62 64
62 63
62 62
62 62
62 61
63 60
63 59
64 58
64 57
65 56
65 55
65 55
64 54
63 54
63 54
63 54
64 55
64 55
65 56
66 56
66 56
67 56
68 57
69 57
69 57
70 57
71 57
72 58
73 58
74 58
74 58
75 58
76 58
77 58
78 58
79 58
80 58
81 58
81 58
82 58
83 58
84 58
85 58
86 58
87 58
88 58
88 58
89 58
90 58
91 58
92 58
93 58
93 58
94 58
95 58
96 57
97 57
98 57
98 57
99 58
100 58
100 58
100 58
99 57
98 57
97 56
96 56
95 55
94 55
93 54
92 54
91 53
91 53
91 52
90 51
90 50
90 50
89 49
88 49
88 49
87 49
87 49
87 50
87 50
86 51
86 52
85 53
85 54
85 54
84 55
84 56
83 57
83 58
82 59
