0 35
1 35
1 35
0 34
0 34
1 33
2 32
2 32
3 32
4 31
5 31
6 30
7 30
7 30
8 29
9 28
10 28
11 27
11 27
12 26
13 26
14 25
15 25
15 25
16 24
17 24
18 23
19 23
19 23
20 23
21 23
22 23
23 23
24 23
24 23
25 24
26 24
27 25
28 25
28 25
29 26
30 26
31 27
31 27
32 28
33 29
33 29
33 30
34 31
34 32
34 32
34 33
33 34
33 35
33 35
32 36
32 37
32 37
31 38
31 39
30 40
30 40
29 41
28 42
27 42
26 43
26 43
25 44
24 44
23 45
22 45
22 45
21 45
20 45
20 45
19 44
18 43
18 43
18 42
18 41
18 41
18 40
18 39
18 38
18 38
18 37
19 36
19 35
19 34
19 34
20 33
20 33
21 32
21 31
21 31
21 31
21 32
21 33
21 33
21 34
21 35
21 36
21 37
21 37
21 38
20 39
20 40
19 41
19 42
19 42
19 43
18 44
18 45
17 46
17 47
17 47
17 48
16 49
16 50
15 51
15 52
15 52
14 53
14 54
13 55
13 55
13 56
12 57
12 58
12 58
12 59
12 59
13 58
14 58
14 58
15 58
16 58
17 58
17 58
18 58
19 57
20 57
21 57
21 57
22 57
23 57
24 58
25 58
26 58
26 58
27 58
28 59
29 59
30 59
30 59
31 60
32 60
33 61
33 61
33 62
33 63
33 64
33 64
33 65
32 66
32 67
32 68
32 68
31 69
31 70
30 71
30 72
30 72
29 73
28 74
28 75
27 76
27 76
26 77
25 78
24 78
23 79
23 79
22 79
21 79
20 80
19 80
18 80
18 80
17 80
16 81
15 81
14 81
14 81
13 81
12 81
11 81
11 81
10 81
9 80
8 80
7 80
7 80
6 79
5 78
5 78
4 77
3 77
3 77
3 76
3 75
3 75
4 74
4 73
4 73
5 72
6 71
6 71
7 70
8 69
9 69
10 68
10 68
11 67
12 66
13 66
14 65
14 65
15 64
16 63
17 63
18 62
19 61
19 61
20 60
20 59
21 58
21 57
22 56
22 55
23 54
23 53
24 52
24 51
25 50
25 49
26 48
27 47
27 46
28 45
28 44
29 43
29 42
30 41
30 40
31 39
31 38
32 37
33 36
33 35
34 34
34 33
35 32
35 31
36 30
36 29
37 28
37 27
38 26
38 25
39 24
40 23
40 22
41 21
41 20
42 19
42 18
43 17
43 16
44 15
44 14
45 13
45 12
46 11
46 11
46 11
46 11
47 12
48 12
48 12
49 12
50 12
51 12
52 12
52 12
53 12
54 12
55 13
56 13
57 13
57 13
58 14
59 14
60 15
61 15
61 15
62 15
63 16
64 16
65 16
66 17
67 17
67 17
68 17
69 18
70 18
71 18
71 18
72 19
73 19
74 20
75 20
75 20
76 21
77 21
77 21
78 22
78 22
79 22
79 22
79 22
79 22
79 21
79 21
78 21
77 21
77 21
76 20
75 20
75 20
74 19
73 19
73 19
72 18
71 17
71 17
71 16
71 15
71 15
71 14
72 13
72 12
72 12
72 11
73 10
73 9
73 9
74 8
75 8
76 7
76 7
77 6
78 6
79 5
80 5
80 5
81 4
82 3
83 3
84 2
84 2
85 2
86 1
87 1
88 1
88 1
89 1
90 0
91 0
91 0
92 0
93 1
94 1
94 1
95 2
95 2
96 3
96 4
96 4
95 5
95 6
95 6
94 7
93 8
92 9
92 9
91 10
90 11
89 12
89 12
88 13
87 14
86 15
85 16
85 16
84 17
83 17
82 18
81 18
80 19
80 19
79 19
78 19
77 20
76 20
75 20
75 20
74 21
73 21
73 21
72 20
71 20
71 20
71 19
71 18
71 18
72 17
72 16
72 16
73 15
73 14
74 13
74 13
75 12
76 11
76 11
77 11
78 10
79 10
79 10
80 10
80 10
81 11
81 12
81 12
81 13
80 14
80 15
80 15
79 16
79 17
78 18
78 19
78 19
77 20
76 21
76 22
75 23
74 24
74 24
73 25
72 26
71 27
70 28
70 28
69 29
68 30
68 31
67 32
67 32
66 33
65 33
65 33
65 33
66 33
67 32
68 32
68 32
69 31
70 30
71 30
72 29
72 29
73 28
74 28
75 27
76 26
77 26
78 25
78 25
79 24
80 24
81 23
82 23
83 22
83 22
84 22
85 22
86 21
87 21
88 21
88 21
89 22
90 23
90 23
90 24
89 25
89 26
89 26
89 27
88 28
88 29
87 30
87 31
87 31
86 32
85 33
85 34
84 35
83 36
83 36
82 37
81 38
80 39
80 40
79 41
78 42
77 43
77 43
76 44
75 45
74 46
73 46
72 47
71 48
71 48
70 49
69 50
68 51
68 51
67 52
67 52
68 52
68 52
69 52
70 51
71 51
71 51
72 51
73 50
74 50
75 50
76 49
77 49
77 49
78 49
79 49
80 48
81 48
82 48
83 48
83 48
84 48
85 48
86 48
87 48
88 48
89 48
89 48
90 49
91 49
92 50
92 50
92 51
93 52
93 53
94 54
94 55
94 55
94 56
94 57
94 58
94 59
94 60
94 61
94 62
94 62
94 63
93 64
93 65
92 66
92 67
92 68
91 69
91 70
91 70
90 71
90 72
89 73
89 74
88 75
88 76
87 77
87 78
86 79
86 79
85 80
85 81
84 82
83 83
82 84
82 85
81 86
81 86
80 87
79 88
79 89
78 90
77 91
76 92
76 93
75 94
75 94
74 95
73 96
72 97
71 98
71 98
70 99
69 99
68 100
68 100
67 100
66 100
66 100
66 99
66 98
66 98
67 97
67 96
68 95
68 95
68 94
69 93
69 92
70 91
70 90
70 90
70 89
70 88
70 87
70 86
70 85
70 84
70 83
69 82
69 81
69 80
69 79
69 78
69 77
69 76
69 75
69 74
69 73
69 72
69 71
69 70
69 69
69 68
69 67
68 66
68 65
68 64
68 63
68 62
68 61
68 60
68 59
68 58
68 58
68 57
67 56
67 55
67 55
66 55
66 55
67 55
67 55
68 56
69 56
69 56
70 57
71 57
72 58
72 58
73 58
74 58
75 59
76 59
77 59
77 59
78 59
79 59
80 60
81 60
82 60
82 60
83 60
84 60
85 60
86 60
87 60
87 60
88 60
89 60
90 60
91 60
92 60
92 60
93 60
94 60
95 59
96 59
97 59
97 59
98 59
99 59
100 59
100 59
99 58
98 58
97 57
96 56
95 55
94 55
93 54
92 53
91 52
90 52
89 51
89 51
90 50
90 49
91 48
91 47
91 47
90 47
90 47
89 47
89 47
89 48
88 49
88 50
88 51
88 51
87 52
87 53
86 54
86 55
85 56
85 56
84 57
84 58
83 59
83 60
82 61
82 62
