1 40
0 40
0 40
0 39
0 39
1 38
1 38
2 37
3 36
3 36
4 35
5 34
6 33
6 33
7 32
8 31
9 31
10 30
11 29
11 29
12 28
13 28
14 27
15 27
16 26
17 26
17 26
18 25
19 25
20 24
21 24
22 23
22 23
23 23
24 23
25 23
26 23
26 23
27 23
28 23
29 23
29 23
30 24
31 25
31 25
31 26
32 27
32 28
32 28
32 29
31 30
31 31
31 31
30 32
29 33
28 34
28 34
27 35
26 36
25 37
25 37
24 38
23 39
22 39
21 40
21 40
20 40
19 41
18 41
17 41
17 41
16 42
15 42
15 42
14 41
13 41
13 41
13 40
13 39
13 39
13 38
13 37
13 37
14 36
14 35
14 35
15 34
16 34
16 34
17 33
17 33
18 34
18 34
18 35
17 36
17 37
17 37
17 38
16 39
16 40
16 41
16 41
15 42
15 43
14 44
14 45
14 45
14 46
13 47
13 48
13 49
13 49
12 50
12 51
11 52
11 52
11 53
10 54
10 55
10 55
10 56
10 57
10 57
11 57
11 57
12 57
13 58
14 58
14 58
15 58
16 58
17 58
17 58
18 58
19 59
20 59
21 59
21 59
22 60
23 60
24 61
25 61
25 61
26 61
27 62
28 62
28 62
29 63
30 64
31 65
31 65
31 66
32 67
32 68
32 69
32 69
32 70
31 71
31 72
31 72
31 73
30 74
30 75
30 75
29 76
29 77
28 78
28 78
27 79
26 80
26 80
25 80
24 81
23 81
23 81
22 82
21 82
21 82
20 82
19 81
18 81
18 81
17 80
16 80
15 79
14 78
13 78
12 77
11 76
10 76
9 75
8 74
7 74
6 73
6 73
5 72
4 72
4 72
3 72
3 72
3 71
3 70
3 70
4 69
5 68
5 68
6 67
7 67
8 66
8 66
9 65
10 64
11 64
12 63
12 63
13 62
13 61
14 60
15 59
15 58
16 57
17 56
17 55
18 54
19 53
19 52
20 51
21 50
21 49
22 48
23 47
23 46
24 45
25 44
25 43
26 42
27 41
27 40
28 39
29 38
29 37
30 36
31 35
31 34
32 33
33 32
33 31
34 30
35 29
35 28
36 27
37 26
37 25
38 24
39 23
39 22
40 21
41 20
41 19
42 18
43 17
43 16
44 15
44 15
45 15
46 16
47 16
48 16
48 16
48 16
49 16
50 16
51 16
52 16
53 16
53 16
54 16
55 17
56 17
57 17
58 17
59 18
60 18
60 18
61 18
62 19
63 19
63 19
64 20
65 20
66 21
67 21
67 21
68 21
69 21
70 21
71 21
72 21
72 21
73 21
74 22
75 22
76 22
76 22
77 22
78 22
78 22
78 22
78 22
77 21
77 21
76 20
76 20
75 19
74 19
74 19
74 18
73 17
73 16
73 16
73 15
73 14
73 13
73 13
73 12
74 11
74 10
74 10
75 9
75 8
76 7
76 6
76 6
77 5
78 4
79 3
79 3
80 3
81 2
82 2
83 1
84 1
84 1
85 1
86 0
87 0
87 0
88 0
89 1
90 1
91 1
91 1
92 1
93 2
94 2
94 2
95 3
96 3
97 4
97 4
98 5
98 6
99 7
99 7
99 8
99 9
99 9
99 10
98 11
98 12
98 12
97 13
96 14
96 14
95 15
94 15
93 16
92 16
92 16
91 16
90 17
89 17
88 18
87 18
87 18
86 18
85 19
84 19
84 19
83 19
82 18
81 18
81 18
80 17
79 17
79 17
79 16
79 15
79 14
79 14
80 13
80 12
81 11
81 11
82 10
83 9
83 9
84 8
85 8
86 7
86 7
87 7
88 7
89 7
89 7
90 8
91 8
91 8
91 9
91 10
91 11
91 12
91 12
91 13
90 14
90 15
89 16
89 17
89 17
88 18
88 19
87 20
86 21
86 22
85 23
85 23
84 24
83 25
82 26
82 27
81 28
80 29
80 29
79 30
78 31
77 31
76 32
75 33
75 33
74 34
73 35
72 36
72 36
72 37
72 37
73 36
73 35
73 35
74 34
75 34
76 33
77 33
77 33
78 32
79 31
80 31
81 30
82 29
82 29
83 28
84 28
85 27
86 27
87 26
88 26
89 25
89 25
90 25
91 25
92 24
93 24
94 24
95 24
95 24
96 24
97 24
98 24
99 24
99 24
99 25
100 26
100 27
100 27
99 28
99 29
98 30
98 31
97 32
97 32
96 33
96 34
95 35
94 36
93 37
93 38
92 39
92 39
91 40
90 41
89 42
88 43
87 44
86 45
85 46
85 46
84 47
83 48
82 49
81 50
80 50
79 51
78 52
77 53
77 53
76 54
75 55
74 56
73 57
72 58
72 58
71 59
70 59
69 60
69 60
69 61
69 61
70 61
71 60
72 60
72 60
73 60
74 59
75 59
76 58
77 58
77 58
78 58
79 58
80 57
81 57
82 57
83 57
83 57
84 57
85 57
86 58
87 58
88 58
88 58
89 59
90 60
90 60
90 61
90 62
91 63
91 64
91 65
91 65
91 66
91 67
90 68
90 69
90 70
90 71
90 71
90 72
89 73
89 74
88 75
88 76
87 77
87 78
87 78
86 79
86 80
85 81
84 82
83 83
83 84
82 85
82 85
81 86
80 87
79 88
79 89
78 90
77 91
77 91
76 92
75 93
74 94
73 95
72 96
72 96
71 97
70 98
69 99
69 99
68 100
67 100
67 100
66 100
66 100
67 99
67 98
67 98
67 97
67 96
67 95
66 94
66 93
66 92
66 91
66 90
66 89
65 88
65 87
65 86
65 85
65 84
65 83
64 82
64 81
64 80
64 79
64 78
64 77
63 76
63 75
63 74
63 73
63 72
63 71
62 70
62 69
62 68
62 67
62 66
62 65
61 64
61 63
61 62
61 61
61 61
60 61
59 61
59 61
59 61
59 61
60 61
61 61
62 61
63 61
63 61
64 61
65 61
66 61
67 61
67 61
68 61
69 61
70 61
71 61
72 61
72 61
73 61
74 61
75 61
76 61
77 61
78 61
79 61
79 61
80 61
81 61
82 60
83 60
84 60
85 60
85 60
86 60
87 60
88 60
89 60
90 60
91 60
91 60
92 60
93 60
94 60
94 60
93 59
93 58
92 57
92 56
91 55
91 54
90 53
90 52
89 51
89 50
89 50
88 51
88 51
87 52
87 52
86 53
85 53
84 54
83 54
83 54
83 55
83 56
83 56
83 57
82 58
82 59
82 60
