5 14
4 15
3 15
3 15
2 14
1 14
1 14
0 13
0 13
0 13
0 12
0 12
1 11
1 11
2 10
3 9
3 9
4 8
5 8
6 7
7 7
7 7
8 7
9 6
10 6
10 6
11 6
12 6
13 6
14 6
14 6
15 6
16 7
17 7
18 7
18 7
19 8
20 8
21 9
21 9
22 10
22 11
23 12
23 13
23 13
23 14
24 15
24 16
24 16
24 17
24 18
24 19
24 20
24 20
24 21
24 22
24 23
24 24
24 25
24 25
23 26
23 27
22 28
22 29
22 29
21 30
21 31
20 32
20 32
19 33
19 34
18 35
18 35
17 36
16 36
16 36
15 36
14 36
14 36
13 35
13 35
13 34
13 33
13 32
13 32
13 31
13 30
13 29
13 28
13 27
13 27
13 26
13 25
14 24
14 23
14 22
14 22
14 21
15 20
15 19
15 18
15 18
16 17
16 16
16 16
16 16
16 16
16 17
15 18
15 19
15 19
15 20
14 21
14 22
14 23
14 23
14 24
13 25
13 26
12 27
12 28
12 28
12 29
12 30
11 31
11 32
11 33
11 34
11 34
11 35
11 36
10 37
10 38
10 39
10 39
10 40
10 41
10 42
10 43
10 43
10 44
10 45
10 46
10 46
11 47
11 47
12 48
13 48
14 49
14 49
15 49
16 50
17 50
17 50
18 50
19 51
20 51
21 51
21 51
22 51
23 52
24 52
25 52
25 52
26 52
27 53
28 53
29 53
29 53
30 53
31 54
32 54
33 54
33 54
34 55
35 56
35 56
36 57
36 58
37 59
37 59
38 60
38 61
38 61
38 62
38 63
38 64
38 64
38 65
37 66
37 67
37 68
37 68
36 69
36 70
35 71
35 72
35 72
34 73
33 74
33 75
32 76
32 76
31 77
30 78
29 78
28 79
28 79
27 80
26 81
25 82
25 82
24 82
23 83
22 83
22 83
21 83
20 83
20 83
19 82
18 81
18 81
18 80
18 79
18 78
18 78
18 77
19 76
19 75
19 75
20 74
20 73
21 72
21 71
21 71
22 70
22 69
23 68
23 67
24 66
24 66
25 65
26 64
26 63
27 62
28 61
28 61
29 60
29 59
30 58
31 57
31 56
32 55
33 54
33 53
34 52
34 51
35 50
36 49
36 48
37 47
38 46
38 45
39 44
40 43
40 42
41 41
42 40
42 39
43 38
44 37
44 36
45 35
46 34
46 33
47 32
47 31
48 30
49 29
49 28
50 27
51 26
51 25
52 24
53 23
53 22
54 21
55 20
55 19
56 18
57 17
57 16
58 15
58 14
59 13
60 12
60 11
61 10
62 9
62 8
63 7
63 7
63 7
62 6
62 6
61 6
60 6
60 6
60 6
60 6
60 6
60 7
60 7
61 8
61 8
61 9
61 9
62 10
62 11
62 11
63 12
63 12
64 13
64 13
65 14
65 14
66 15
66 15
67 16
67 16
67 17
67 17
67 17
67 17
67 16
67 16
66 16
66 16
66 15
66 14
66 14
66 13
66 13
66 12
66 11
66 11
66 10
67 9
67 8
67 8
68 7
69 6
69 6
70 5
70 4
70 4
71 3
72 3
72 3
73 2
74 1
74 1
75 1
76 1
77 1
77 1
78 0
79 0
79 0
80 1
81 1
81 1
82 2
82 2
83 3
84 3
84 3
84 4
84 4
85 5
85 6
85 6
85 7
85 8
85 9
85 9
84 10
84 11
84 11
83 12
83 13
83 13
82 14
82 15
82 15
81 16
80 16
80 16
79 17
78 17
78 17
77 17
77 17
77 17
76 16
76 16
77 15
77 14
77 14
77 13
77 12
77 12
77 11
78 10
78 9
78 9
78 8
78 7
78 6
78 6
79 5
79 5
79 4
79 4
79 4
79 4
80 5
80 5
79 6
79 7
79 7
79 8
78 9
78 10
78 10
77 11
77 12
77 12
77 13
76 14
76 15
76 15
76 16
75 17
75 18
75 18
74 19
73 20
73 20
72 21
72 22
72 22
71 23
71 24
71 24
70 25
70 25
70 26
70 26
70 26
71 26
71 26
72 26
72 26
73 25
73 25
74 24
75 23
75 23
76 22
77 21
77 21
78 20
79 19
79 19
80 18
80 18
81 17
81 17
81 17
81 17
81 17
81 18
81 19
81 19
80 20
80 21
80 21
80 22
79 23
79 24
79 24
78 25
78 26
77 27
77 27
77 28
76 29
76 30
76 30
75 31
75 32
74 33
74 33
74 34
73 35
73 36
73 36
73 37
72 38
72 39
72 39
72 40
71 41
71 42
71 42
71 43
71 43
71 44
71 44
71 44
71 44
72 44
72 44
73 43
74 43
74 43
75 42
76 41
76 41
77 41
78 40
79 40
79 40
80 39
81 39
82 38
82 38
83 38
84 37
85 37
85 37
86 36
87 36
88 35
88 35
89 35
90 34
91 34
92 34
92 34
93 34
94 34
95 34
95 34
96 34
97 34
97 34
98 35
99 36
99 36
100 37
100 38
100 38
100 39
100 40
100 41
100 41
100 42
99 43
99 44
99 45
99 45
99 46
98 47
98 48
97 49
97 50
97 50
97 51
96 52
96 53
96 54
95 55
95 56
95 56
95 57
94 58
94 59
93 60
93 61
92 62
92 63
92 63
91 64
91 65
90 66
90 67
89 68
89 69
89 69
89 70
88 71
88 72
87 73
87 74
86 75
86 76
86 76
85 77
85 78
84 79
83 80
83 81
82 82
82 82
81 83
81 84
80 85
80 86
79 87
79 87
78 88
77 89
77 90
76 91
75 92
75 92
74 93
73 94
73 95
72 96
72 96
71 97
71 98
70 99
70 99
69 100
68 100
68 100
67 100
67 100
67 100
67 99
67 98
67 97
67 96
67 95
66 94
66 93
66 92
66 91
66 90
66 89
66 88
66 87
66 86
66 85
65 84
65 83
65 82
65 81
65 80
65 79
65 78
65 77
65 76
65 75
64 74
64 73
64 72
64 71
64 70
64 69
64 68
64 67
64 66
64 65
63 64
63 63
63 62
63 61
63 60
63 59
63 59
62 60
61 61
61 61
61 60
60 59
60 58
60 58
60 58
61 58
61 58
62 58
62 58
63 58
64 57
65 57
65 57
66 56
67 56
68 55
68 55
69 55
70 54
71 54
71 54
72 54
73 53
74 53
75 53
75 53
76 52
77 52
78 51
78 51
79 51
80 50
81 50
81 50
82 50
83 49
84 49
84 49
85 49
86 49
86 49
87 48
88 48
88 48
89 47
89 47
90 46
90 46
90 46
90 45
90 45
90 44
90 44
89 43
89 43
88 42
88 42
87 41
86 40
86 40
86 39
86 39
85 39
85 39
84 38
84 38
84 37
84 37
84 37
84 37
84 37
84 37
84 38
84 39
84 39
84 40
83 41
83 42
83 42
83 43
83 44
83 45
83 45
82 46
82 47
81 48
81 48
81 49
80 50
80 51
80 51
79 52
79 53
78 54
