2 23
1 24
0 25
0 25
0 24
0 23
0 23
0 22
0 21
0 21
0 20
0 19
0 19
1 18
2 17
2 17
3 16
3 15
4 14
4 14
5 13
6 12
7 12
8 11
8 11
9 10
10 10
11 9
12 9
12 9
13 9
14 8
15 8
16 7
17 7
17 7
18 7
19 7
20 6
21 6
22 6
22 6
23 6
24 6
25 6
26 6
26 6
27 6
28 7
29 7
30 7
30 7
31 8
32 8
33 9
33 9
33 10
34 11
34 12
34 12
34 13
34 14
34 15
34 16
34 17
34 17
34 18
34 19
33 20
33 21
33 22
33 22
33 23
32 24
32 25
31 26
31 27
31 27
30 28
30 29
29 30
29 31
28 32
28 32
27 33
26 34
26 35
25 36
25 36
24 37
23 38
22 38
21 39
21 39
20 39
19 39
18 39
18 39
17 38
16 38
16 38
16 37
15 36
15 35
15 35
15 34
15 33
16 32
16 31
16 30
16 30
16 29
16 28
17 27
17 26
17 25
17 24
17 24
17 23
18 22
18 21
18 20
19 19
19 18
19 18
20 17
21 16
22 15
22 15
22 14
23 13
23 12
23 12
24 12
24 12
24 13
24 13
24 14
24 15
24 15
24 16
23 17
23 18
23 19
23 19
23 20
22 21
22 22
22 23
21 24
21 25
21 25
21 26
20 27
20 28
20 29
19 30
19 31
19 31
18 32
18 33
17 34
17 35
16 36
16 37
16 37
16 38
15 39
15 40
14 41
14 42
14 42
14 43
13 44
13 45
13 46
13 46
13 47
12 48
12 49
12 50
12 50
12 51
12 52
12 52
13 53
13 53
14 53
15 54
16 54
16 54
17 54
18 53
19 53
19 53
20 53
21 52
22 52
23 51
24 51
24 51
25 51
26 51
27 50
28 50
29 50
29 50
30 50
31 49
32 49
33 49
33 49
34 49
35 49
36 49
37 49
37 49
38 50
39 51
39 51
39 52
39 53
39 54
39 54
39 55
38 56
38 57
38 58
38 58
38 59
37 60
37 61
37 62
37 62
36 63
36 64
35 65
34 66
34 67
33 68
33 68
32 69
32 70
31 71
30 72
30 73
29 74
29 74
28 75
27 76
26 77
25 78
24 79
24 79
23 80
22 81
22 82
21 83
20 84
20 84
19 85
18 86
17 87
16 88
16 88
15 88
14 89
13 89
12 90
11 90
11 90
10 90
9 91
8 91
8 91
7 91
6 91
5 91
5 91
4 90
3 89
3 89
3 88
2 87
2 86
2 86
2 85
3 84
3 83
3 83
3 82
3 81
4 80
4 79
4 78
4 78
5 77
5 76
6 75
6 74
7 73
7 73
8 72
9 71
9 70
10 69
11 68
11 68
12 67
12 66
13 65
14 64
14 63
15 62
15 62
16 61
17 60
18 59
19 58
20 57
20 56
21 55
22 54
23 53
24 52
25 51
26 50
27 49
28 48
29 47
30 46
31 45
31 44
32 43
33 42
34 41
35 40
36 39
37 38
38 37
39 36
40 35
41 34
42 33
42 32
43 31
44 30
45 29
46 28
47 27
48 26
49 25
50 24
51 23
52 22
52 21
53 20
54 19
55 18
56 17
57 16
58 15
59 14
60 13
61 12
62 11
63 10
63 9
64 8
65 7
66 6
67 5
68 4
68 4
67 4
66 4
66 4
65 3
65 2
65 2
65 3
65 3
65 3
65 4
65 5
65 5
66 6
66 6
67 7
67 8
67 8
68 9
68 9
69 10
69 11
69 11
70 12
70 12
71 13
71 14
71 14
71 15
71 15
71 15
71 15
71 15
70 14
70 14
69 13
69 12
69 12
68 11
68 11
69 10
69 9
69 9
69 8
69 7
69 6
69 6
70 5
71 4
71 4
72 3
73 2
73 2
74 2
75 1
76 1
76 1
77 1
78 0
79 0
79 0
80 0
81 0
82 0
82 0
83 0
84 1
85 1
85 1
86 2
87 2
87 2
88 3
89 3
89 3
90 4
90 5
90 5
90 6
90 7
90 7
90 8
90 9
90 9
89 10
89 10
88 11
88 12
88 12
87 13
87 14
87 14
86 15
85 15
85 15
84 16
84 16
83 16
83 16
82 15
82 15
82 14
82 13
82 13
82 12
82 11
82 11
83 10
83 9
83 9
84 8
84 7
84 7
84 6
84 6
85 5
85 5
84 5
84 5
84 6
84 6
84 7
84 7
83 8
83 9
83 9
82 10
82 11
82 11
81 12
81 13
80 14
80 14
80 15
79 16
79 17
79 17
78 18
78 19
77 20
77 20
76 21
76 22
76 22
76 23
76 23
76 23
76 23
77 23
77 23
78 22
78 22
79 21
80 20
80 20
81 19
82 18
82 18
83 17
84 16
84 16
85 16
85 16
85 15
85 15
85 15
85 16
85 17
85 17
84 18
84 19
84 19
84 20
83 21
83 22
83 22
82 23
82 24
81 25
81 25
80 26
80 27
79 28
79 28
78 29
78 30
77 31
77 31
76 32
76 33
75 34
75 34
74 35
74 36
73 37
73 37
72 38
72 39
72 39
71 40
71 40
71 41
71 41
71 41
71 41
72 41
72 41
73 41
74 41
74 41
75 40
75 39
75 39
76 38
77 38
78 37
78 37
79 36
80 36
81 35
81 35
82 34
83 33
83 33
84 33
85 33
86 33
86 33
87 33
88 33
88 33
89 33
90 33
91 33
91 33
92 33
93 33
93 33
94 34
95 35
95 35
96 36
97 36
97 36
98 37
98 38
98 38
98 39
98 40
98 41
98 42
98 42
98 43
97 44
97 45
97 45
97 46
96 47
96 48
96 49
95 50
95 51
95 51
95 52
94 53
94 54
94 55
93 56
93 57
93 57
93 58
92 59
92 60
91 61
91 62
90 63
90 64
90 64
90 65
89 66
89 67
88 68
88 69
88 70
87 71
87 72
87 72
86 73
86 74
85 75
84 76
84 77
83 78
83 78
82 79
82 80
81 81
81 82
80 83
80 83
79 84
79 85
78 86
77 87
77 88
76 89
76 89
75 90
74 91
74 92
73 93
73 93
72 94
71 95
70 96
70 96
69 97
68 98
67 98
66 99
66 99
65 100
64 100
64 100
63 100
62 100
62 100
61 99
61 99
61 98
61 97
61 96
61 95
61 94
61 93
61 92
61 91
61 90
61 89
61 88
61 87
61 86
61 85
61 84
61 83
61 82
61 81
61 80
61 79
62 78
62 77
62 76
62 75
62 74
62 73
62 72
62 71
62 70
62 69
62 68
62 67
62 66
62 65
62 64
62 63
62 62
62 61
62 60
62 59
62 58
62 58
61 57
60 56
60 56
59 55
59 55
58 54
57 54
57 54
57 54
57 55
57 55
58 54
58 54
59 54
60 53
61 53
61 53
62 52
63 52
64 51
65 51
65 51
66 51
67 50
68 50
69 49
70 49
70 49
71 49
72 48
73 48
74 47
75 47
75 47
76 46
77 46
78 45
79 45
80 44
80 44
81 44
82 43
83 43
84 42
85 42
85 42
86 41
87 41
88 40
89 40
89 40
90 39
91 39
92 38
93 38
93 38
94 38
95 37
96 37
96 37
97 36
98 36
99 35
99 35
100 34
100 34
100 34
99 33
99 33
98 32
97 32
96 31
95 31
94 30
93 30
92 29
92 29
91 28
90 28
89 27
89 27
88 26
88 26
88 25
88 25
87 25
87 25
87 25
87 26
87 26
87 27
87 27
87 28
87 29
87 30
87 30
87 31
86 32
86 33
86 33
86 34
85 35
85 36
85 36
85 37
84 38
84 39
84 39
83 40
83 41
