1 43
0 43
0 43
0 42
0 42
1 41
1 41
2 40
3 39
3 39
4 38
5 37
6 36
7 35
7 35
8 34
9 33
10 33
11 32
12 31
12 31
13 30
14 30
15 29
16 28
17 28
18 27
18 27
19 26
20 26
21 25
22 25
22 25
23 25
24 25
25 24
26 24
27 24
27 24
28 24
29 25
30 25
30 25
31 26
31 27
32 28
32 28
32 29
32 30
32 31
32 32
32 32
32 33
31 34
31 35
30 36
30 37
30 37
29 38
28 39
27 40
27 40
26 41
25 42
24 43
23 44
23 44
22 45
21 46
20 46
19 47
19 47
18 48
17 48
16 49
16 49
15 48
15 48
14 47
14 46
14 46
14 45
15 44
15 43
15 42
15 42
15 41
15 40
15 39
15 39
16 38
16 37
16 37
16 36
16 36
16 37
16 37
15 38
15 39
14 40
14 41
14 41
14 42
14 43
13 44
13 45
13 46
13 46
13 47
12 48
12 49
11 50
11 51
11 51
11 52
10 53
10 54
9 55
9 56
9 56
8 57
7 58
7 59
6 60
6 60
6 61
6 62
6 63
6 63
7 63
7 63
8 62
9 62
9 62
10 61
11 61
12 60
13 60
13 60
14 59
15 59
16 58
17 58
17 58
18 58
19 58
20 57
21 57
22 57
22 57
23 57
24 57
25 56
26 56
27 56
27 56
28 57
29 57
30 58
30 58
31 59
32 60
32 61
33 62
33 62
33 63
34 64
34 65
35 66
35 67
35 67
35 68
35 69
34 70
34 71
34 72
34 73
34 73
34 74
34 75
33 76
33 77
33 78
33 78
32 79
32 80
31 81
30 82
30 83
29 84
29 84
28 85
27 86
27 87
26 88
26 88
25 89
24 90
23 90
22 91
22 91
21 92
20 92
19 93
19 93
18 93
17 94
16 94
16 94
15 93
14 93
14 93
13 92
13 91
13 91
12 90
12 89
11 88
11 88
11 88
10 87
9 86
8 86
7 85
6 84
5 83
4 83
3 82
3 82
2 81
1 81
0 80
0 80
0 79
0 79
0 78
0 78
1 77
2 76
3 75
3 75
4 74
5 74
6 73
7 72
8 72
9 71
9 71
10 70
11 70
12 69
13 68
14 68
15 67
16 67
17 66
17 66
18 65
18 64
19 63
19 62
20 61
21 60
21 59
22 58
22 57
23 56
24 55
24 54
25 53
25 52
26 51
27 50
27 49
28 48
28 47
29 46
30 45
30 44
31 43
31 42
32 41
32 40
33 39
34 38
34 37
35 36
35 35
36 34
37 33
37 32
38 31
38 30
39 29
40 28
40 27
41 26
41 25
42 24
43 23
43 22
44 21
44 20
45 19
45 19
46 18
47 17
47 16
48 15
49 14
49 14
50 14
50 14
49 13
49 13
50 13
51 13
51 13
52 13
53 14
54 14
54 14
55 15
56 15
57 16
57 16
58 17
59 17
60 18
61 18
61 18
62 19
63 20
64 20
65 21
65 21
66 22
67 22
67 22
68 23
69 23
69 23
70 24
70 24
70 24
70 24
69 23
69 23
69 22
69 21
69 21
69 20
70 19
70 18
70 17
70 17
70 16
70 15
71 14
71 13
71 12
71 12
72 11
72 10
73 9
73 8
74 7
74 6
74 6
75 5
76 4
77 3
77 3
78 2
79 2
80 1
81 1
81 1
82 1
83 0
84 0
84 0
85 1
86 1
87 2
87 2
88 3
88 4
88 4
88 5
89 6
89 7
89 7
89 8
88 9
88 10
88 11
88 11
87 12
87 13
86 14
86 15
86 15
85 16
84 17
84 18
83 19
83 19
82 20
81 21
80 21
79 22
79 22
78 22
77 23
76 23
75 24
74 24
74 24
73 24
72 24
71 24
71 24
71 23
71 22
71 22
71 21
71 20
71 19
71 19
71 18
71 17
71 16
71 15
71 15
72 14
72 13
73 12
73 12
74 11
75 10
75 10
76 9
76 9
77 10
77 10
78 11
78 12
78 12
78 13
77 14
77 15
77 16
77 16
77 17
76 18
76 19
75 20
75 21
75 21
75 22
74 23
74 24
73 25
73 26
73 26
72 27
71 28
71 29
70 30
70 30
69 31
69 32
68 33
68 33
67 34
67 35
67 35
67 36
67 36
68 36
68 36
69 35
70 35
70 35
71 34
72 34
72 34
73 33
74 33
75 32
76 32
76 32
77 32
78 32
79 32
79 32
80 32
81 32
82 32
82 32
83 33
83 34
83 34
83 35
83 36
83 36
83 37
83 38
83 39
83 40
83 40
82 41
81 42
81 43
80 44
80 44
80 45
79 46
79 47
78 48
78 49
78 49
77 50
76 51
75 52
75 52
75 53
75 54
75 55
75 55
76 56
76 56
77 56
78 57
79 57
79 57
80 57
81 57
82 57
83 57
84 57
84 57
85 57
86 57
87 57
88 57
89 57
89 57
90 57
91 57
92 57
93 57
94 57
95 57
95 57
96 58
97 58
98 59
99 59
99 59
99 60
99 61
99 62
99 63
99 63
99 64
99 65
98 66
98 67
98 68
98 69
98 69
97 70
97 71
96 72
96 73
95 74
95 75
94 76
94 76
93 77
92 78
92 79
91 80
90 81
89 82
89 83
88 84
88 84
87 85
86 86
85 87
84 87
83 88
82 89
81 90
81 90
80 91
79 91
78 92
77 92
76 93
75 93
74 94
74 94
73 95
72 96
71 97
70 98
70 98
69 99
68 99
67 100
66 100
66 100
65 100
64 100
63 100
63 100
62 99
62 99
62 98
62 97
62 96
62 95
62 94
63 93
63 92
63 91
63 90
63 89
63 88
63 87
63 86
63 85
63 84
63 83
63 82
64 81
64 80
64 79
64 78
64 77
64 76
64 75
64 74
64 73
64 72
64 71
64 70
65 69
65 68
65 67
65 66
65 65
65 64
65 63
65 63
65 63
66 62
66 62
67 62
68 62
69 62
69 62
70 63
71 63
72 64
73 64
73 64
74 65
75 65
76 66
77 66
77 66
78 67
79 67
80 68
81 68
82 69
82 69
83 69
84 69
85 69
86 69
87 69
88 69
88 69
89 69
90 70
91 70
91 70
91 69
91 68
90 67
90 66
90 65
90 64
89 63
89 62
89 61
89 60
89 59
88 58
88 57
88 56
88 56
88 57
87 58
87 59
87 59
86 59
85 59
85 59
85 60
84 61
84 62
84 62
84 63
83 64
83 65
83 66
82 67
82 68
