6 11
5 12
5 13
4 14
4 15
4 15
3 15
2 15
2 15
1 15
1 15
0 15
0 15
0 15
0 15
0 15
0 14
0 14
1 14
1 14
1 13
1 13
2 12
3 12
3 12
4 11
4 10
4 10
5 9
6 9
7 8
7 8
8 7
9 7
10 6
10 6
11 5
12 5
13 4
13 4
14 3
15 3
16 2
16 2
17 2
18 1
19 1
19 1
20 1
21 0
22 0
22 0
23 1
24 1
24 1
25 2
25 2
26 3
27 4
27 4
27 5
27 6
27 6
28 7
28 8
28 8
28 9
28 10
28 11
28 11
28 12
27 13
27 14
27 14
27 15
26 16
26 17
26 18
26 18
25 19
25 20
24 21
24 22
24 22
23 23
23 24
22 25
22 26
22 26
21 27
21 28
20 29
20 29
20 30
19 31
19 32
19 32
18 33
18 33
18 34
18 34
17 34
17 34
17 34
17 33
17 33
16 33
16 33
16 32
16 31
16 30
16 30
17 29
17 28
17 28
17 27
17 26
17 25
17 25
17 24
17 23
17 22
17 22
17 21
17 20
18 19
18 18
18 17
18 16
18 16
18 15
18 14
18 14
18 14
18 14
18 14
18 14
18 15
18 15
17 16
17 16
17 17
17 17
17 18
17 19
17 19
16 20
16 20
16 21
16 22
16 22
15 23
15 24
15 24
14 25
14 26
14 26
14 27
14 28
14 29
14 29
13 30
13 31
13 31
13 32
12 33
12 34
12 34
11 35
11 36
11 36
10 37
10 38
10 38
9 39
9 40
9 40
8 41
8 42
8 42
7 43
7 43
7 44
7 44
7 45
7 45
7 45
7 45
7 45
7 45
7 45
8 44
8 44
9 44
9 44
10 43
11 42
11 42
12 41
12 41
13 40
14 39
14 39
15 39
16 38
17 38
17 38
18 37
19 36
19 36
20 35
21 35
21 35
22 35
23 35
24 35
24 35
25 34
26 34
26 34
27 34
28 34
29 34
29 34
30 35
31 35
31 35
32 36
33 36
33 36
34 37
35 37
35 37
36 38
37 39
37 39
38 40
38 41
38 41
39 42
39 43
39 43
39 44
40 45
40 46
40 46
40 47
41 48
41 49
41 49
41 50
41 51
41 52
41 52
41 53
41 54
41 55
41 56
41 56
41 57
40 58
40 59
40 60
40 60
40 61
39 62
39 63
38 64
38 65
38 65
38 66
37 67
37 68
36 69
36 70
36 70
36 71
36 72
35 73
35 74
35 75
35 75
35 76
34 77
34 78
33 79
33 80
33 80
33 81
32 82
32 83
31 84
31 85
31 85
31 86
30 87
30 88
30 88
29 89
29 90
28 91
28 91
27 92
27 93
26 94
26 94
25 95
24 96
24 96
23 97
22 97
22 97
21 97
20 97
20 97
19 97
18 97
18 97
18 96
17 95
17 94
17 94
16 93
16 92
15 91
14 90
13 89
13 88
12 87
11 86
11 85
10 84
9 83
9 82
8 81
7 80
6 79
6 78
5 77
5 77
4 76
3 76
3 76
2 75
2 75
1 75
0 75
0 75
0 74
0 74
0 74
0 74
0 74
1 73
2 73
2 73
3 73
4 72
5 72
5 72
6 71
7 70
8 70
9 69
9 69
10 68
11 68
12 67
13 67
14 66
14 66
15 65
16 64
17 64
18 63
18 63
19 63
20 63
21 62
22 62
23 62
23 62
24 61
25 60
26 60
27 59
27 59
28 58
29 57
29 56
30 55
31 54
32 53
32 52
33 51
34 50
35 49
35 48
36 47
37 46
38 45
38 44
39 43
40 42
41 41
42 40
42 39
43 38
44 37
45 36
45 35
46 34
47 33
48 32
48 31
49 30
50 29
51 28
51 27
52 26
53 25
54 24
54 23
55 22
56 21
57 20
58 19
58 18
59 17
60 16
61 15
61 14
62 13
63 12
64 11
64 10
65 9
66 8
67 7
67 6
68 5
69 4
69 4
69 4
69 4
68 3
68 3
68 3
68 3
67 3
67 3
67 3
67 3
67 3
67 4
67 4
68 4
68 4
68 5
68 5
68 6
68 7
68 7
68 8
68 9
68 9
69 10
69 11
69 11
69 12
69 13
69 13
69 14
70 15
70 16
70 16
70 17
70 18
70 18
71 19
71 20
71 20
71 21
71 22
71 22
72 23
72 23
73 24
73 24
73 25
73 25
73 25
73 25
73 25
73 25
73 25
73 25
73 24
73 24
72 23
72 23
72 22
72 22
71 21
71 21
71 20
71 20
71 19
71 18
71 18
71 17
71 17
72 16
72 15
72 15
72 14
72 14
73 13
73 13
74 12
75 11
75 11
76 10
77 10
77 10
78 9
79 9
80 8
80 8
81 7
82 7
83 6
83 6
84 5
85 5
85 5
86 5
87 4
88 4
88 4
89 4
90 4
90 4
91 5
92 5
92 5
93 5
94 5
94 5
95 6
95 6
95 6
96 7
96 7
96 8
96 8
95 9
95 9
94 10
94 11
94 11
93 12
93 12
92 13
91 14
91 14
90 15
89 15
89 15
88 16
87 17
87 17
86 17
85 17
85 17
84 17
84 17
83 16
83 16
82 15
82 15
82 14
82 13
82 13
81 13
81 13
81 12
81 12
81 12
81 12
81 12
81 13
81 13
81 14
81 14
82 15
82 15
82 16
82 16
82 17
82 18
82 18
82 19
82 19
82 20
82 20
82 21
82 21
82 22
82 22
82 22
82 22
82 22
82 23
82 23
82 22
82 22
83 21
83 21
83 20
84 19
84 18
84 17
85 16
85 15
85 15
86 14
86 13
86 13
86 13
86 13
87 13
87 13
87 13
87 14
87 14
87 14
87 15
87 15
86 16
86 17
86 17
86 18
86 19
86 19
85 20
85 20
84 21
84 22
84 22
84 23
84 24
84 24
83 25
83 26
83 26
82 27
82 28
82 28
81 29
81 29
81 30
81 31
81 31
80 32
80 32
80 32
80 33
80 33
79 33
79 33
79 33
79 33
79 33
79 33
80 33
80 33
80 32
80 32
81 31
81 31
82 30
82 30
83 29
83 29
84 28
84 28
85 27
85 27
86 27
86 27
87 27
87 27
87 27
88 27
88 27
88 27
88 27
88 28
88 28
88 29
88 29
88 30
88 31
88 31
87 32
87 32
87 33
86 34
86 35
86 35
85 36
85 37
85 37
84 38
84 39
84 39
83 40
83 41
83 41
82 42
82 43
82 43
82 44
82 45
82 45
81 46
81 47
81 47
80 48
80 48
80 49
80 49
80 49
80 49
80 49
80 49
80 49
81 48
81 48
81 47
81 46
81 46
82 45
82 45
83 44
83 44
84 43
84 43
85 42
85 42
86 42
86 42
86 41
86 41
87 41
87 41
87 41
88 41
88 41
88 41
88 42
88 42
88 43
88 43
88 44
88 44
87 45
87 45
87 46
87 47
87 47
86 48
86 49
86 49
85 50
85 50
85 51
85 51
84 52
84 52
84 53
84 53
84 53
84 53
84 53
84 53
84 53
84 53
84 53
85 52
85 52
86 51
86 51
87 50
87 50
88 49
89 48
89 48
90 48
91 48
91 48
92 47
92 47
93 47
94 47
94 47
95 47
96 47
96 47
97 47
97 47
98 48
98 48
99 49
99 49
99 50
99 50
100 51
100 52
100 52
100 53
99 54
99 55
99 55
99 56
98 57
98 58
98 59
98 59
98 60
97 61
97 62
97 63
97 63
97 64
96 65
96 66
95 67
95 68
95 68
95 69
94 70
94 71
94 72
93 73
93 74
93 74
92 75
92 76
91 77
91 78
90 79
90 80
90 80
89 81
89 82
88 83
88 84
87 85
87 85
86 86
85 87
85 88
84 89
84 89
83 90
82 91
82 92
81 93
81 93
80 94
80 95
79 96
79 96
78 97
77 97
76 98
75 98
75 98
74 99
73 99
72 100
72 100
71 100
70 100
69 100
69 100
68 99
67 99
67 99
67 98
67 97
67 96
66 95
66 94
66 93
66 92
66 91
66 90
66 89
66 88
65 87
65 86
65 85
65 84
65 83
65 82
65 81
65 80
64 79
64 78
64 77
64 76
64 75
64 75
64 74
65 73
65 72
65 71
65 71
65 70
65 69
65 69
66 68
66 67
66 67
67 66
67 66
68 65
68 65
69 64
70 64
70 64
71 64
72 64
73 64
73 64
74 64
75 65
76 65
76 65
77 66
78 66
79 67
80 67
80 67
81 68
82 69
83 69
84 70
84 70
85 71
86 71
87 72
87 72
88 72
89 73
90 73
90 73
91 74
92 74
93 75
93 75
94 75
95 76
96 76
96 76
97 76
98 76
98 76
99 76
99 76
99 76
99 75
98 74
98 73
98 72
97 71
97 70
97 69
96 68
96 67
96 66
95 65
95 64
95 63
94 62
94 61
94 60
94 59
93 58
93 57
93 56
92 55
92 54
92 53
91 52
91 51
91 50
90 49
90 48
90 47
89 46
89 45
89 45
90 44
90 43
90 43
90 42
90 42
90 42
91 42
91 42
92 43
92 44
92 44
93 45
93 46
93 46
94 47
94 48
