17 69
17 68
17 67
17 66
18 65
18 64
18 63
18 62
18 61
18 60
19 59
19 58
19 57
19 56
19 55
19 54
20 53
20 52
20 51
20 50
20 49
20 48
21 47
21 46
21 45
21 44
21 43
21 42
21 41
22 40
22 39
22 38
22 37
22 36
22 35
23 34
23 33
23 32
23 31
23 30
23 29
24 28
24 27
24 26
24 25
24 24
24 23
24 22
25 21
25 20
25 19
25 18
25 17
25 16
26 15
26 14
26 13
26 12
26 11
26 10
27 9
27 8
27 7
27 6
27 5
27 4
28 3
28 2
28 1
28 0
28 0
27 1
27 2
27 2
26 2
25 2
25 2
24 1
24 1
23 2
23 2
22 3
21 3
21 3
20 4
19 5
19 5
18 6
17 7
17 8
16 9
16 9
15 10
15 11
14 12
14 13
13 14
13 15
13 15
13 16
12 17
12 18
11 19
11 20
10 21
10 22
10 22
10 23
9 24
9 25
8 26
8 27
7 28
7 29
6 30
6 31
6 31
5 32
5 33
4 34
4 35
3 36
3 37
2 38
2 39
2 39
2 40
1 41
1 42
1 43
1 44
0 45
0 46
0 46
0 47
0 48
0 49
0 50
0 51
0 51
0 52
0 53
0 54
0 54
1 55
1 56
1 56
2 56
3 57
4 57
4 57
5 57
6 57
7 57
8 57
8 57
9 57
10 56
11 56
12 56
12 56
13 56
14 56
15 56
15 56
16 57
17 57
18 58
18 58
18 59
19 60
19 61
19 61
19 62
19 63
18 64
18 65
18 66
18 66
18 67
17 68
17 69
17 70
16 71
16 72
16 72
15 73
15 74
14 75
14 76
13 77
13 78
12 79
12 80
12 80
11 81
11 82
10 83
10 84
9 85
9 86
8 87
8 88
8 88
7 89
6 90
6 91
5 92
4 93
4 93
3 94
3 95
2 96
2 97
1 98
1 98
0 99
0 100
0 100
0 100
0 100
1 99
1 98
2 97
2 96
2 96
3 95
3 94
4 93
4 92
5 91
5 91
6 90
6 89
7 88
8 87
8 86
9 85
9 84
10 83
10 83
11 82
11 81
12 80
12 79
13 78
13 77
14 76
14 75
15 74
15 74
16 73
16 72
17 71
17 70
18 69
18 68
19 67
19 66
20 65
20 65
21 64
21 63
22 62
23 61
23 60
24 59
24 58
25 57
25 57
26 56
26 55
27 54
27 53
28 52
28 51
28 51
29 50
30 49
30 48
31 47
31 47
32 46
33 45
33 45
33 44
33 44
34 44
34 44
34 45
34 45
34 46
34 46
34 46
34 47
34 47
34 47
34 47
34 47
34 47
34 47
34 48
34 48
34 49
34 49
34 50
34 51
34 51
34 52
34 53
34 53
34 54
34 55
34 56
34 56
34 57
34 58
34 59
34 59
35 60
35 61
35 61
35 61
36 61
36 61
37 60
37 59
37 59
38 58
38 57
38 57
38 56
39 55
39 54
39 53
39 53
39 52
40 51
40 50
40 50
40 49
41 48
41 47
41 47
41 46
41 45
41 44
41 44
41 43
41 42
41 42
41 42
41 42
41 43
41 43
40 44
40 45
40 45
40 46
40 47
40 48
40 48
40 49
40 50
40 51
40 51
40 52
40 53
40 53
41 54
41 54
42 54
42 54
43 53
44 52
44 52
45 51
46 50
46 50
47 49
48 48
48 48
49 47
50 46
50 46
50 45
51 44
51 43
51 43
51 42
51 42
52 41
52 40
52 40
51 39
51 39
51 38
51 37
51 37
51 36
51 35
51 35
51 35
51 35
51 35
51 35
51 35
51 35
51 35
51 35
51 35
51 35
51 35
51 35
51 34
51 34
51 34
51 34
51 34
50 34
50 34
50 34
50 35
50 35
49 36
49 36
48 37
48 38
48 38
48 39
48 39
47 40
47 41
47 41
47 42
47 43
47 43
47 44
47 45
47 45
47 46
47 46
48 47
48 47
49 47
49 47
50 46
51 45
51 45
52 44
53 43
53 43
54 42
54 42
55 41
55 41
56 42
56 42
56 43
56 43
55 44
55 45
55 45
54 46
54 47
53 48
53 48
53 49
52 50
52 51
52 51
51 52
51 53
50 54
50 54
49 55
48 56
48 56
48 56
48 56
49 55
49 54
49 54
50 53
50 52
51 51
51 50
52 49
52 48
53 47
53 46
54 45
54 44
55 43
55 42
56 41
56 40
57 39
57 38
58 37
58 36
59 35
59 34
59 34
60 33
60 32
61 31
61 30
61 30
61 29
61 29
61 29
61 29
61 29
61 29
61 29
61 29
61 29
61 29
61 29
60 29
60 29
60 28
60 28
60 28
59 28
59 28
59 28
58 28
58 28
57 29
57 30
57 30
57 31
57 32
57 33
57 33
57 34
56 35
56 36
56 36
56 37
56 38
56 39
56 39
56 40
56 41
56 41
57 42
57 43
57 43
58 43
58 43
59 42
60 42
60 42
61 41
61 40
61 40
62 39
63 38
63 38
63 37
64 36
64 35
64 35
64 34
65 33
65 32
65 32
65 31
65 30
65 29
65 29
65 28
65 27
65 27
65 26
65 26
65 26
65 26
65 27
65 28
65 28
65 29
65 30
65 31
65 31
65 32
65 33
65 34
65 35
65 36
65 36
66 37
66 38
66 38
67 39
67 39
68 39
68 39
69 38
70 38
70 38
71 37
71 36
72 35
72 35
72 34
73 33
73 32
74 31
74 30
74 30
74 29
75 28
75 27
75 27
75 26
75 25
75 25
75 24
75 23
75 23
75 22
75 21
75 21
74 20
74 20
74 19
74 19
74 19
74 20
74 21
74 21
73 22
73 23
73 23
73 24
73 25
73 26
73 26
73 27
73 28
73 29
73 30
73 30
73 31
73 32
73 33
73 34
73 34
73 35
73 36
73 36
74 37
74 37
75 37
75 37
75 36
75 35
75 35
76 34
76 33
76 33
76 32
76 31
76 30
76 30
76 29
76 28
76 27
76 27
76 26
76 25
76 24
76 24
76 23
77 22
77 21
77 21
77 20
77 19
77 18
77 17
77 17
78 16
78 16
78 16
78 16
79 17
79 17
79 18
79 19
79 19
79 20
80 21
80 22
80 22
80 23
80 24
80 24
80 25
80 26
80 26
80 27
80 28
80 28
81 28
81 28
82 28
82 28
83 27
83 27
84 26
84 26
85 25
85 24
85 24
86 23
86 22
86 22
87 21
87 20
88 19
88 19
88 18
89 17
89 16
89 16
90 15
91 14
91 14
91 13
92 12
92 11
92 11
92 10
92 9
92 9
92 8
92 8
91 7
91 6
91 6
90 5
90 5
89 4
89 4
88 5
87 6
87 6
86 7
86 8
86 8
86 9
86 10
86 11
86 11
86 12
86 13
86 14
86 15
86 15
86 16
86 17
86 18
86 19
86 19
86 20
86 21
86 22
86 23
86 23
87 24
87 25
87 25
88 24
88 24
89 23
90 22
90 22
91 21
91 20
92 19
92 18
92 18
92 17
93 16
93 15
93 15
93 14
94 13
94 12
94 12
94 11
94 10
94 10
94 9
94 9
93 9
93 9
93 10
93 10
93 11
93 12
93 13
93 13
93 14
93 15
93 16
93 17
93 17
93 18
93 19
93 20
93 21
93 21
93 22
93 23
93 23
94 24
95 25
95 25
96 24
97 24
97 24
98 23
99 23
100 22
