44 2
43 1
42 0
42 0
41 1
41 1
40 1
39 1
39 1
38 2
37 2
37 2
36 3
35 4
35 4
34 5
33 6
32 7
32 7
31 8
30 9
29 10
29 10
28 11
27 12
27 13
26 14
26 14
25 15
25 16
24 17
24 18
23 19
23 19
22 20
21 21
21 22
20 23
19 24
19 24
18 25
18 26
17 27
17 28
16 29
16 30
16 30
16 31
15 32
15 33
14 34
14 35
13 36
13 37
13 37
12 38
12 39
11 40
10 41
10 42
9 43
9 43
9 44
8 45
8 46
8 47
7 48
7 49
7 49
6 50
6 51
5 52
5 53
4 54
4 55
4 55
4 56
3 57
3 58
2 59
2 60
2 60
1 61
1 62
0 63
0 64
0 64
0 65
0 66
0 67
0 67
0 68
0 69
0 69
0 69
1 69
1 69
2 69
3 68
4 68
4 68
5 68
6 67
7 67
7 67
8 67
9 66
10 66
10 66
11 66
12 65
13 65
13 65
14 65
15 65
16 65
17 65
17 65
18 65
19 65
19 65
20 66
21 66
21 66
22 67
23 68
23 68
23 69
23 70
23 70
23 71
23 72
23 73
23 73
23 74
22 75
22 76
22 77
22 77
22 78
21 79
21 80
21 81
21 81
20 82
20 83
19 84
19 85
19 85
19 86
18 87
18 88
17 89
17 90
17 90
16 91
15 92
14 93
14 93
13 94
12 95
12 96
11 97
11 97
10 98
9 99
9 99
8 100
7 100
7 100
6 100
5 100
5 100
5 100
4 99
4 98
4 98
5 97
5 96
5 96
6 95
6 94
6 94
7 93
8 92
9 91
9 90
10 89
11 88
12 87
13 86
14 85
14 84
15 83
16 82
17 81
18 80
19 79
19 78
20 77
21 76
22 75
22 75
23 74
24 73
25 72
26 72
27 71
28 70
28 70
29 69
29 68
29 68
30 67
30 67
31 67
31 67
31 67
31 67
30 68
30 68
30 69
30 69
29 70
29 71
29 71
29 72
29 73
29 73
29 74
28 75
28 76
28 76
28 77
28 78
28 78
28 79
28 80
28 80
29 81
29 81
29 82
29 82
30 82
30 82
30 81
30 81
31 80
31 79
31 79
32 78
33 77
33 77
34 76
34 75
34 75
34 74
35 73
35 72
35 72
35 71
35 70
35 70
36 69
36 68
36 68
37 67
37 67
37 66
37 66
37 66
37 66
37 66
37 67
37 67
37 68
37 68
37 69
37 70
37 70
38 71
38 71
38 72
38 73
38 73
38 74
38 74
39 74
39 74
40 74
40 74
41 73
41 73
42 72
43 72
43 72
44 71
44 70
44 70
45 69
46 68
46 68
47 67
47 67
48 66
48 65
48 65
49 64
49 64
50 63
50 62
50 62
51 62
51 62
51 61
51 61
51 61
51 61
51 61
50 61
50 61
50 61
50 61
49 62
49 62
49 63
49 63
48 64
48 64
48 65
48 65
47 66
47 66
47 66
47 67
47 67
47 67
47 67
47 68
47 68
48 68
48 68
48 67
48 67
49 67
50 67
50 67
51 66
51 66
52 65
52 65
53 65
53 65
53 65
54 66
54 66
54 66
54 67
54 67
53 68
53 68
52 69
52 69
51 70
51 70
50 71
50 71
49 72
49 72
49 72
49 71
49 71
49 71
50 70
50 70
51 69
52 68
52 67
53 66
54 65
54 65
55 64
56 63
57 62
57 62
58 61
59 61
59 61
60 60
60 60
61 60
61 60
61 59
61 59
62 59
62 59
62 58
62 58
62 58
62 57
62 57
62 56
62 56
61 56
61 56
61 56
61 56
60 56
60 56
60 57
60 57
59 58
59 58
59 59
59 60
59 60
58 61
58 61
58 62
58 63
58 63
58 64
58 65
58 65
58 66
58 66
59 66
59 66
59 66
60 66
60 66
61 65
61 64
61 64
62 63
62 63
62 62
62 61
62 61
63 60
63 60
63 59
63 58
63 58
64 57
64 57
64 57
64 57
64 57
64 57
64 57
64 57
64 58
64 58
64 59
64 59
65 60
65 60
65 60
66 61
66 61
67 62
67 62
68 62
68 62
69 62
69 62
70 61
70 61
71 60
71 60
72 59
73 59
73 59
74 58
74 57
74 57
74 56
74 56
75 55
75 55
76 54
76 53
76 53
76 52
76 52
76 51
76 51
76 50
76 50
76 50
76 50
75 50
75 50
75 50
75 51
75 51
75 51
74 52
74 52
74 53
74 54
74 54
74 55
74 55
74 56
74 56
74 57
74 57
74 58
74 58
74 58
75 58
75 58
75 57
75 57
76 56
76 56
76 55
76 55
76 54
76 54
77 53
77 53
77 52
77 52
78 51
78 51
78 50
78 50
79 50
79 50
79 50
79 50
79 51
79 51
80 52
80 52
80 53
80 53
80 53
80 54
80 54
81 54
81 54
81 55
81 55
82 54
82 54
83 54
83 54
84 53
84 53
85 52
85 52
86 51
86 51
87 50
87 50
87 49
87 49
88 48
88 47
88 47
88 47
87 46
87 46
87 46
87 46
86 46
86 46
86 46
85 46
85 46
85 46
85 47
85 47
85 48
85 48
85 49
85 49
85 50
85 51
85 51
85 52
85 52
85 53
85 53
86 53
86 53
86 53
86 53
87 53
87 53
87 52
87 52
88 51
88 51
88 50
88 50
88 49
88 49
89 48
89 48
89 48
89 48
89 48
89 48
89 48
90 49
90 49
91 49
91 49
92 50
92 50
93 50
93 50
94 51
94 51
95 51
95 51
96 51
97 51
97 51
98 50
98 50
99 49
100 49
