36 4
36 3
36 2
36 2
35 1
35 1
35 0
35 0
34 1
33 1
33 1
32 2
32 2
31 3
30 3
30 3
29 4
28 5
27 6
27 6
26 7
26 8
25 9
25 10
24 11
24 11
23 12
23 13
22 14
21 15
21 16
20 17
20 17
19 18
19 19
18 20
18 21
17 22
17 23
16 24
16 24
15 25
15 26
14 27
13 28
13 29
12 30
12 31
11 32
11 32
10 33
10 34
9 35
9 36
8 37
8 38
7 39
7 40
6 41
6 41
5 42
5 43
4 44
4 45
3 46
3 46
2 47
2 48
1 49
1 50
1 50
1 51
1 52
1 52
2 53
2 53
3 53
4 53
4 53
5 53
6 52
7 52
8 52
8 52
9 51
10 51
11 50
12 50
12 50
13 50
14 49
15 49
16 49
16 49
17 49
18 50
19 50
19 50
20 51
21 52
21 52
21 53
21 54
22 55
22 56
22 57
22 57
22 58
22 59
21 60
21 61
21 62
21 63
21 63
21 64
20 65
20 66
20 67
19 68
19 69
19 69
19 70
18 71
18 72
17 73
17 74
16 75
16 76
16 76
15 77
15 78
14 79
13 80
13 81
12 82
12 83
11 84
11 84
10 85
10 86
9 87
8 88
8 89
7 90
7 90
6 91
6 92
5 93
5 94
4 95
4 95
3 96
2 97
2 98
1 99
1 99
0 100
0 100
0 100
1 99
1 98
1 98
2 97
2 96
3 95
4 94
4 93
5 92
6 91
6 90
7 89
7 88
8 87
9 86
9 85
10 84
11 83
11 82
12 81
13 80
13 79
14 78
15 77
15 76
16 75
16 74
17 73
18 72
18 71
19 70
20 69
20 68
21 67
22 66
22 65
23 64
24 63
24 62
25 61
25 60
26 59
27 58
27 57
28 56
29 55
29 54
30 53
30 53
30 54
30 54
30 54
29 53
29 53
29 54
29 54
28 53
28 53
28 53
28 53
28 53
28 54
28 54
29 55
29 55
29 56
29 57
29 58
29 58
29 59
29 60
29 60
30 61
30 62
30 62
30 63
30 63
31 64
31 64
31 63
31 63
32 62
33 61
33 61
33 60
34 59
34 58
34 58
34 57
35 56
35 55
35 55
35 54
36 53
36 52
36 52
36 51
37 50
37 49
37 49
37 48
37 47
37 47
37 46
37 46
37 47
37 47
37 48
37 48
36 49
36 50
36 50
36 51
35 52
35 53
35 53
35 54
35 55
35 55
35 56
35 57
35 57
36 57
36 57
36 58
36 58
37 57
38 57
38 57
39 56
39 55
39 55
40 54
40 53
41 52
41 51
42 50
42 49
43 48
43 47
44 46
44 45
45 44
45 44
46 43
47 42
47 41
48 40
48 40
48 39
48 38
48 38
49 38
49 38
48 38
48 38
47 39
47 39
46 40
46 41
46 41
45 42
45 43
44 44
44 44
43 45
43 46
43 46
42 47
42 48
41 49
41 49
41 50
41 51
41 51
41 52
41 52
41 52
42 52
43 52
43 52
44 51
45 50
45 50
46 49
47 48
47 48
48 47
49 47
49 47
50 47
51 46
52 46
52 46
53 45
54 45
54 45
55 45
55 45
55 46
55 47
55 47
54 48
54 49
54 49
54 50
53 51
53 52
53 52
52 53
51 53
50 54
50 54
49 55
48 56
48 56
47 57
46 57
46 57
45 57
45 57
45 57
46 56
46 55
47 54
48 53
49 52
49 51
50 50
51 49
52 48
52 47
53 46
54 45
54 44
55 43
56 42
57 41
57 40
58 39
58 39
59 38
60 37
61 36
62 36
63 35
64 34
64 34
65 33
65 33
66 32
66 32
65 32
65 32
64 33
64 33
63 33
63 33
62 34
61 34
61 34
60 35
59 36
59 36
58 37
57 38
57 38
57 39
57 40
57 41
57 41
56 42
56 42
56 43
56 44
56 44
57 45
57 45
58 46
58 46
59 45
60 45
60 45
61 44
62 43
62 43
63 42
64 41
64 41
65 40
65 39
65 39
65 38
66 37
66 36
66 36
67 35
67 35
66 34
66 34
66 33
66 33
66 34
66 34
65 35
65 35
65 36
65 36
65 37
65 38
65 39
65 39
66 40
66 40
66 41
66 41
67 41
67 41
68 41
68 41
69 40
70 39
70 39
71 38
71 37
71 37
71 36
71 35
71 35
72 34
72 33
72 33
72 32
72 31
72 31
72 31
72 31
72 31
72 32
72 33
72 33
72 34
72 35
72 35
72 36
72 37
72 37
72 38
72 39
72 39
72 40
72 40
73 40
73 40
73 40
74 39
74 39
74 38
74 37
74 37
75 36
75 35
75 35
75 34
75 33
75 33
75 32
75 31
75 30
75 30
75 29
75 29
75 28
75 28
75 29
75 29
76 29
76 29
76 30
76 30
76 31
76 32
76 32
76 33
76 34
76 34
77 35
77 35
78 36
78 36
79 36
79 36
80 35
80 35
81 34
82 34
82 34
83 33
84 32
84 32
85 31
86 30
86 30
87 29
87 28
87 28
88 27
89 26
89 26
89 25
89 24
89 24
89 23
89 22
89 22
88 21
88 21
87 20
87 20
86 20
86 20
85 20
85 20
84 21
84 22
84 22
83 23
83 24
83 24
83 25
82 26
82 27
82 27
82 28
82 29
82 29
82 30
82 31
82 31
82 32
82 33
82 33
83 33
83 33
84 33
84 33
85 32
86 32
86 32
87 31
87 30
87 30
88 29
88 29
88 28
88 27
88 27
88 26
88 26
88 25
88 24
88 24
87 24
87 24
87 24
87 24
87 25
87 26
87 26
87 27
87 28
87 28
88 29
88 30
88 30
89 31
89 31
90 32
90 32
91 32
92 32
92 32
93 31
94 31
95 30
95 30
96 29
97 28
97 28
98 27
99 26
100 25
