28 12
29 11
29 10
29 10
28 9
28 9
28 8
28 8
28 7
28 7
27 6
27 5
27 5
27 4
27 3
27 3
26 2
26 1
26 1
25 0
25 0
24 1
23 1
23 1
22 2
21 3
21 3
20 4
19 5
18 6
18 6
17 7
17 8
16 9
16 10
15 11
15 11
14 12
14 13
13 14
13 15
12 16
12 16
11 17
10 18
10 19
9 20
9 20
8 21
8 22
7 23
7 24
6 25
6 26
6 26
5 27
4 28
4 29
3 30
3 30
3 31
2 32
2 33
1 34
1 35
1 35
1 36
0 37
0 38
0 38
0 39
0 40
0 41
0 41
0 42
0 43
0 43
1 44
1 45
1 45
2 46
2 46
3 46
4 47
5 47
5 47
6 47
7 48
8 48
8 48
9 48
10 48
11 48
11 48
12 49
13 49
14 50
15 50
15 50
16 51
17 51
17 51
18 52
18 53
19 54
19 54
20 55
20 56
21 57
21 57
21 58
22 59
22 60
22 60
22 61
23 62
23 63
23 64
23 64
23 65
23 66
22 67
22 68
22 69
22 69
22 70
22 71
21 72
21 73
21 74
21 74
21 75
20 76
20 77
20 78
19 79
19 80
19 80
19 81
18 82
18 83
18 84
17 85
17 86
17 86
16 87
16 88
15 89
15 90
14 91
14 92
14 92
13 93
13 94
12 95
12 96
12 96
11 97
10 98
9 99
9 99
8 100
7 100
7 100
6 100
6 100
5 100
4 100
4 100
4 99
4 99
4 98
4 98
5 97
5 96
5 96
5 95
6 94
6 93
6 93
7 92
7 91
8 90
8 89
8 89
9 88
9 87
10 86
10 85
11 84
11 84
12 83
12 82
13 81
13 80
14 79
14 79
15 78
16 77
16 76
17 75
18 74
18 74
19 73
20 72
20 71
21 70
21 70
22 69
23 68
24 67
25 66
25 66
26 65
26 64
27 63
27 62
28 61
28 61
29 60
30 59
31 58
31 58
32 57
33 56
33 56
34 55
34 55
35 54
36 54
36 54
36 54
36 54
36 54
36 55
36 55
36 55
36 56
36 56
36 57
36 57
35 58
35 59
35 59
35 60
35 61
35 61
35 62
35 63
35 63
35 64
34 65
34 66
34 66
34 67
34 68
34 69
34 69
34 70
34 71
34 72
34 72
34 73
34 74
34 74
34 75
34 76
34 76
35 77
35 77
35 77
36 77
36 77
37 76
37 75
37 75
38 74
38 73
38 73
38 72
39 71
39 70
39 70
40 69
40 68
41 67
41 67
41 66
42 65
42 64
42 64
42 63
43 62
43 61
43 60
43 60
44 59
44 58
44 58
44 58
44 57
44 57
44 57
44 57
44 57
44 58
44 58
44 59
44 60
44 60
44 61
44 62
44 62
44 63
44 64
44 65
44 65
44 66
44 67
44 67
45 68
45 68
45 69
45 70
45 70
46 70
46 70
47 69
47 69
48 68
48 68
49 67
49 66
49 66
50 65
50 64
51 63
51 63
52 62
52 61
52 61
53 60
53 59
54 58
54 58
55 57
55 56
55 56
56 55
56 54
56 54
56 53
56 53
56 52
56 52
56 51
56 51
56 51
56 51
56 51
55 51
55 51
54 52
54 52
54 53
54 53
53 54
53 55
53 55
52 56
52 57
52 57
52 58
52 58
52 58
52 59
52 59
52 59
53 60
53 60
54 60
54 60
55 60
55 60
56 60
56 60
56 60
57 61
57 61
57 61
57 62
57 62
56 63
56 64
56 64
55 65
55 66
55 66
55 67
55 68
55 68
54 68
54 68
54 69
54 69
55 68
56 67
56 66
57 65
58 64
59 63
60 62
61 61
61 60
62 59
63 58
63 58
64 57
65 56
65 56
66 56
66 56
66 55
66 55
66 55
66 54
66 54
66 53
66 53
66 52
66 52
65 51
65 51
65 50
65 50
65 49
65 49
65 49
64 49
64 49
64 50
64 50
64 51
64 51
63 52
63 52
63 53
63 54
63 54
63 55
62 56
62 57
62 57
62 58
62 59
62 59
62 60
62 61
62 61
62 62
62 62
62 62
63 62
63 62
63 62
64 61
64 60
64 60
64 59
65 58
65 57
65 57
65 56
65 55
65 55
66 54
66 53
66 53
66 52
66 52
67 52
67 52
67 52
67 52
67 52
67 53
67 53
67 54
67 55
67 55
67 56
67 56
67 57
67 57
68 58
68 58
69 59
69 59
70 59
70 59
71 58
71 58
72 57
72 57
73 56
73 56
74 55
74 54
74 54
75 53
75 53
75 52
75 52
76 51
76 50
76 50
76 49
76 49
76 48
76 48
76 47
76 47
75 47
75 47
75 47
75 48
75 48
75 49
75 49
75 50
75 50
75 51
74 52
74 53
74 53
74 54
74 55
74 55
74 56
74 57
74 57
74 58
74 58
74 59
74 59
74 59
74 59
74 59
75 58
75 57
75 57
75 56
75 55
75 55
76 54
76 54
77 53
77 52
77 52
77 51
77 50
77 50
78 49
78 49
79 48
79 48
80 48
80 48
80 48
81 49
81 49
81 50
81 50
82 51
82 51
82 52
82 52
83 53
83 54
83 54
84 55
84 55
85 56
85 56
86 56
86 56
87 55
87 55
88 54
89 54
89 54
90 53
90 52
90 52
91 51
91 51
92 50
92 49
92 49
92 48
92 48
92 47
92 46
92 46
92 45
92 44
92 44
92 43
92 43
92 42
92 42
91 42
91 42
91 42
91 42
90 42
90 42
90 43
90 44
90 44
89 45
89 46
89 46
89 47
89 48
89 49
89 49
88 50
88 51
88 51
88 52
87 53
87 54
87 54
87 55
87 55
88 56
88 56
88 57
88 57
88 57
89 56
89 56
90 55
90 55
91 54
91 53
91 53
91 52
91 52
92 51
92 50
92 50
93 49
93 49
93 49
94 49
94 49
95 49
95 49
96 50
96 50
96 51
96 51
97 52
97 52
98 52
98 52
99 53
99 53
