31 4
30 3
29 2
29 2
28 1
28 0
28 0
27 1
27 1
26 1
25 1
25 1
24 1
23 1
22 1
22 1
21 2
20 3
19 4
19 4
18 5
17 6
17 7
16 8
16 8
15 9
15 10
14 11
14 12
13 13
13 13
12 14
12 15
11 16
10 17
10 18
9 19
9 19
9 20
8 21
8 22
7 23
7 24
6 25
6 26
6 26
5 27
5 28
4 29
4 30
3 31
3 32
2 33
2 33
2 34
1 35
1 36
1 37
0 38
0 39
0 39
0 40
0 41
0 42
0 42
1 43
1 43
2 44
3 44
3 44
4 44
5 43
6 43
7 43
7 43
8 42
9 42
10 41
11 41
11 41
12 41
13 41
14 40
15 40
16 40
16 40
17 40
18 41
19 41
20 41
20 41
21 42
22 43
22 43
22 44
22 45
23 46
23 47
23 48
23 49
23 49
23 50
23 51
23 52
22 53
22 54
22 55
22 56
22 56
22 57
21 58
21 59
21 60
21 61
20 62
20 63
20 64
20 64
19 65
19 66
18 67
18 68
17 69
17 70
16 71
16 71
16 72
15 73
15 74
14 75
14 76
13 77
13 78
12 79
12 80
12 80
12 81
11 82
11 83
10 84
10 85
10 86
9 87
9 88
8 89
8 90
8 90
7 91
7 92
6 93
5 94
5 95
4 96
4 96
3 97
2 98
1 99
1 99
0 100
0 100
1 99
1 99
1 98
2 97
2 96
2 95
2 95
3 94
3 93
4 92
4 91
5 90
5 89
6 88
6 88
7 87
7 86
8 85
8 84
9 83
9 82
10 81
10 80
10 80
11 79
11 78
12 77
12 76
13 75
13 74
14 73
14 72
15 71
15 71
15 70
16 69
16 68
17 67
17 66
18 65
18 64
19 63
19 62
19 62
20 61
20 60
21 59
21 58
22 57
22 56
23 55
23 54
23 54
24 53
24 52
25 51
25 50
26 49
26 49
27 48
27 47
28 46
28 46
29 45
29 45
29 44
29 44
29 45
29 45
29 45
28 46
28 47
28 47
28 48
27 49
27 50
27 50
27 51
27 52
27 52
27 53
27 54
27 54
27 55
27 56
27 57
27 57
27 58
27 59
27 60
27 60
27 61
28 62
28 63
28 63
28 64
28 64
29 65
29 65
30 65
31 65
31 65
32 64
32 63
32 63
33 62
33 61
34 60
34 60
34 59
35 58
35 57
35 56
35 56
35 55
35 54
35 53
35 53
35 52
36 51
36 50
36 50
36 49
36 48
36 47
36 46
36 46
36 45
36 44
36 43
36 43
36 42
36 42
36 42
36 43
36 43
36 44
36 45
36 45
36 46
36 47
36 48
36 48
36 49
36 50
36 51
36 51
36 52
36 53
36 54
36 54
37 55
37 55
38 56
38 56
39 56
40 56
40 56
41 55
42 54
42 54
43 53
44 52
44 52
45 51
45 50
46 49
46 49
47 48
47 47
48 46
48 46
49 45
49 44
50 43
50 43
51 42
51 41
52 40
52 40
52 39
52 38
52 37
52 37
52 36
52 36
52 35
52 35
52 35
51 35
51 35
51 35
50 35
50 35
50 35
50 35
50 35
50 35
50 35
50 35
50 35
50 36
50 36
49 37
49 37
48 38
48 39
48 39
47 40
47 41
47 41
47 42
47 43
47 44
47 44
47 45
47 46
47 46
47 47
47 47
47 48
47 48
48 47
48 47
49 46
50 46
50 46
51 45
52 44
52 44
53 43
54 42
54 42
55 41
56 40
56 40
57 39
58 39
58 39
59 38
59 38
60 39
60 39
59 40
59 41
59 41
59 42
58 43
58 44
58 44
58 45
57 46
57 47
56 48
56 49
56 49
55 50
54 51
54 51
53 52
53 52
52 53
52 53
52 53
52 52
52 52
53 51
53 51
54 50
54 49
54 49
54 48
55 47
55 46
55 46
55 45
56 44
56 43
56 43
57 42
57 41
58 40
58 40
58 39
59 38
59 37
59 37
60 36
60 35
60 35
60 34
61 33
61 32
61 32
62 31
62 30
62 30
63 29
63 28
63 28
64 27
64 26
64 26
64 25
64 25
64 24
64 24
63 24
63 24
63 24
63 24
63 24
62 24
62 24
62 24
62 24
62 23
62 23
62 23
61 24
61 24
61 25
61 25
60 26
60 26
60 27
60 28
60 29
60 29
60 30
59 31
59 32
59 32
59 33
59 34
59 35
59 36
59 36
59 37
59 38
59 38
60 39
60 40
60 40
60 40
61 40
61 40
62 39
62 38
62 38
63 37
63 36
64 35
64 35
64 34
64 33
64 32
64 32
65 31
65 30
65 30
65 29
65 28
65 28
65 27
65 26
65 26
65 25
65 25
64 25
64 25
64 26
64 26
64 27
64 28
64 28
64 29
64 30
64 31
64 31
64 32
64 33
64 34
64 34
64 35
64 35
65 36
65 36
66 35
67 35
67 35
68 34
68 33
68 33
69 32
69 31
70 30
70 30
70 29
71 28
71 27
71 27
72 26
72 25
73 24
73 24
73 23
74 22
74 21
74 21
74 20
74 19
74 19
74 18
74 17
74 17
74 16
74 16
74 16
74 17
74 17
74 18
74 18
74 19
74 20
74 21
74 21
74 22
74 23
74 23
74 24
74 25
74 25
74 26
74 27
74 28
74 28
74 29
74 29
75 29
75 29
75 29
75 29
75 28
75 28
75 27
75 26
75 26
75 25
75 24
75 24
75 23
75 22
75 22
75 21
76 20
76 19
76 18
76 18
76 17
76 16
76 16
77 15
77 15
77 15
78 16
78 16
78 17
78 18
78 18
78 19
79 20
79 21
79 21
79 22
79 23
79 23
79 24
79 24
80 25
80 26
80 26
80 26
81 26
81 26
82 25
82 25
83 24
83 24
84 23
84 23
85 22
86 21
86 21
87 20
87 19
87 19
88 18
88 17
89 16
89 16
89 15
90 14
90 13
90 13
91 12
91 11
91 11
91 10
92 9
92 8
92 8
92 7
92 6
92 6
92 5
92 4
92 3
92 3
91 2
91 2
90 2
90 2
89 3
89 3
88 4
87 5
87 5
87 6
86 7
86 8
86 8
86 9
85 10
85 11
85 12
85 12
85 13
85 14
85 15
85 15
85 16
85 17
85 18
85 19
85 19
85 20
85 21
85 21
86 22
86 22
87 22
87 22
88 21
88 20
88 20
89 19
89 18
90 17
90 17
90 16
91 15
91 14
91 13
91 13
92 12
92 11
92 11
92 10
92 9
92 9
92 8
92 7
92 7
92 7
92 8
92 8
91 9
91 10
91 10
91 11
91 12
91 13
91 13
91 14
91 15
91 16
91 17
91 17
91 18
92 19
92 20
92 21
92 21
93 22
93 22
94 22
94 22
95 22
96 21
97 21
97 21
98 20
98 19
99 18
99 17
