26 27
27 26
27 25
28 24
28 23
29 22
29 21
29 21
29 20
30 19
30 18
30 17
31 16
31 15
31 15
32 14
32 13
33 12
33 12
33 11
34 10
34 9
34 9
35 8
35 7
36 6
36 5
36 5
37 4
37 3
37 3
38 2
38 2
37 1
37 1
37 0
37 0
36 1
35 2
35 2
34 3
33 3
32 4
32 4
31 5
30 6
29 6
28 7
28 7
27 8
26 9
25 10
25 11
24 12
23 13
23 13
22 14
21 15
20 16
20 17
19 18
18 19
18 19
17 20
17 21
16 22
15 23
15 24
14 25
14 26
13 27
13 27
12 28
12 29
11 30
11 31
10 32
10 33
9 34
9 35
9 35
8 36
8 37
7 38
6 39
6 40
5 41
5 42
4 43
4 43
4 44
4 45
3 46
3 47
3 48
3 49
2 50
2 51
2 52
2 52
1 53
1 54
0 55
0 56
0 56
0 57
1 58
1 59
1 59
2 59
3 59
4 59
5 59
5 59
6 59
7 58
8 58
9 58
10 57
11 57
11 57
12 56
13 56
14 55
15 54
16 54
17 53
17 53
18 53
19 52
20 52
21 52
22 51
23 51
23 51
24 51
25 52
26 52
27 52
27 52
28 53
29 54
29 54
29 55
29 56
28 57
28 58
28 59
28 59
28 60
28 61
27 62
27 63
27 64
27 65
27 65
27 66
26 67
26 68
25 69
25 70
24 71
24 72
24 72
23 73
23 74
22 75
22 76
21 77
21 78
20 79
20 79
19 80
18 81
17 82
17 83
16 84
15 85
15 85
14 86
14 87
13 88
13 89
12 90
12 91
11 92
11 92
10 93
9 94
9 95
8 96
7 97
7 97
6 98
6 99
5 100
5 100
5 100
6 99
6 99
7 98
7 97
8 96
8 95
9 94
9 94
10 93
10 92
11 91
11 90
12 89
12 88
13 87
13 87
14 86
14 85
15 84
16 83
16 82
17 81
18 80
18 79
19 78
19 78
20 77
20 76
21 75
22 74
22 73
23 72
24 71
24 70
25 69
25 69
26 68
27 67
27 66
28 65
29 64
30 63
30 62
31 61
31 61
32 60
32 59
33 58
33 57
34 56
34 55
35 54
35 54
36 53
36 52
37 51
38 50
38 49
39 48
39 48
40 47
41 46
41 45
42 44
42 44
42 43
43 42
43 41
43 41
43 40
43 40
43 40
43 39
43 39
42 39
42 39
42 39
42 39
42 38
42 38
42 38
43 38
43 38
43 37
43 37
43 37
44 37
44 37
44 37
44 37
44 37
44 37
44 37
44 37
43 37
43 37
43 38
43 38
42 39
42 40
42 40
41 41
41 42
41 42
41 43
41 43
41 44
41 44
41 45
41 45
41 45
41 45
41 45
41 45
41 45
41 45
41 45
41 45
41 45
41 45
41 45
41 46
41 46
41 47
41 48
41 48
41 49
41 49
41 50
41 50
40 51
40 52
40 52
40 53
40 53
41 53
41 53
42 53
42 53
43 53
43 53
44 52
45 51
45 51
46 50
47 49
47 49
47 48
48 47
48 46
48 46
49 45
50 44
50 44
50 43
50 42
50 42
51 41
51 41
51 40
51 39
51 39
51 38
51 37
51 37
51 36
51 36
51 35
51 35
51 34
51 34
51 33
51 33
52 33
52 33
52 33
52 33
52 33
52 33
52 33
52 33
52 33
52 33
52 33
52 33
52 33
52 33
52 33
52 33
52 33
52 32
52 32
52 32
52 32
52 32
52 32
52 32
52 32
52 32
52 32
52 32
52 32
52 32
52 32
52 32
51 32
51 32
51 32
51 33
51 34
51 34
51 35
50 36
50 37
50 37
50 38
49 39
49 40
49 40
49 41
48 42
48 43
48 43
48 44
48 45
48 46
48 46
48 47
47 48
47 49
47 49
47 50
47 51
47 51
48 52
48 52
48 52
49 52
49 52
50 52
50 52
51 51
51 51
52 50
52 50
52 49
52 48
52 48
53 47
53 47
54 46
55 45
55 45
55 44
55 44
56 43
56 42
56 42
57 41
57 41
57 40
57 39
57 39
57 38
57 38
58 37
58 36
58 36
58 35
58 34
58 34
59 33
59 32
59 32
60 31
60 30
60 30
60 29
60 28
60 28
61 27
61 26
61 26
62 25
62 24
62 24
62 23
62 23
63 23
63 23
63 23
63 23
63 23
63 23
63 23
62 24
62 24
62 25
62 25
61 26
61 26
61 27
60 28
60 29
60 29
59 30
59 31
58 32
58 32
58 33
57 34
57 35
57 36
57 36
57 37
57 38
57 38
57 39
57 39
58 40
58 40
59 40
59 40
60 39
61 39
61 39
62 39
62 39
63 38
63 38
64 39
64 39
64 40
64 40
63 41
63 42
63 42
62 43
61 44
61 44
61 45
60 46
60 47
60 47
59 48
58 49
58 49
57 50
57 51
57 51
56 52
56 52
56 52
57 51
57 51
58 50
59 49
59 49
60 48
61 47
62 46
63 45
63 45
64 44
65 43
66 42
67 41
67 41
68 40
69 39
69 38
70 37
70 37
71 36
71 35
72 34
72 33
73 32
73 32
74 31
75 30
76 29
76 29
76 28
77 27
77 26
77 26
77 25
77 24
77 24
77 23
77 23
76 23
76 23
75 23
75 23
74 24
73 24
73 24
72 25
71 25
70 26
70 26
69 27
69 28
68 29
68 29
68 30
67 31
67 32
67 32
66 33
66 34
65 35
65 36
65 36
65 37
65 38
65 39
65 39
65 40
65 41
65 41
66 42
66 42
67 43
67 43
68 42
69 42
69 42
70 41
71 41
71 41
72 40
73 39
74 38
74 38
75 37
75 36
75 36
76 35
76 34
76 34
76 33
77 32
77 31
77 31
77 30
77 29
77 29
77 28
77 27
77 27
77 26
77 25
77 25
76 24
76 24
76 24
76 25
76 25
75 26
75 27
75 27
74 28
74 29
74 29
74 30
73 31
73 32
73 32
73 33
72 34
72 35
72 35
73 36
73 37
73 37
73 38
73 38
74 38
75 38
75 38
76 38
76 38
77 37
78 37
78 37
79 36
79 36
79 35
79 34
79 34
80 33
80 32
80 32
80 31
80 31
80 30
80 29
80 29
80 28
80 27
80 27
80 26
80 26
80 26
80 27
80 27
80 28
80 28
80 29
80 30
80 30
80 31
79 32
79 33
79 33
79 34
78 35
78 36
78 36
78 37
78 37
78 38
78 38
78 38
78 38
78 37
78 37
79 36
79 35
79 35
80 34
80 33
80 33
80 32
81 31
81 30
81 30
81 29
82 28
82 27
82 27
83 26
83 25
83 25
84 24
84 24
85 23
85 23
85 23
85 24
85 24
85 25
85 25
85 26
85 27
85 27
85 28
85 29
85 29
85 30
85 30
85 31
85 31
86 32
87 32
87 32
88 31
89 31
89 31
90 31
91 30
92 30
92 30
93 29
93 28
93 28
94 27
95 27
95 27
95 26
95 25
95 25
95 24
95 24
95 23
95 22
95 22
94 21
94 20
94 20
93 19
93 18
93 18
93 17
93 17
92 17
92 17
91 18
90 18
90 18
89 19
89 20
89 20
88 21
88 22
88 22
88 23
88 24
88 25
88 25
88 26
88 26
89 27
89 28
89 28
90 29
90 29
91 29
91 29
92 29
92 29
93 28
93 27
93 27
94 26
94 26
94 25
94 24
94 24
94 23
94 22
94 22
94 21
94 20
94 20
94 19
94 19
94 19
94 20
94 20
94 21
94 22
94 22
94 23
94 24
94 25
94 25
94 26
94 27
94 27
95 28
96 29
96 29
97 30
98 31
98 31
99 32
100 32
