39 15
40 14
41 13
41 12
42 11
42 11
42 10
43 9
43 8
43 7
43 7
43 6
43 5
43 5
42 4
42 3
42 3
42 2
42 2
41 1
41 1
40 0
40 0
39 0
38 0
38 0
37 0
36 1
35 1
35 1
34 2
33 3
33 3
32 4
31 5
30 5
29 6
29 6
28 7
27 8
26 9
25 10
25 10
24 11
23 12
22 12
21 13
20 14
20 14
19 15
19 16
18 17
17 18
17 19
16 20
16 20
15 21
14 22
13 23
13 24
12 25
11 26
11 26
10 27
9 28
9 29
8 30
7 31
7 31
6 32
6 33
5 34
5 35
5 35
4 36
4 37
3 38
3 38
3 39
3 40
3 41
3 41
3 42
3 43
3 44
3 44
4 45
4 46
4 46
5 47
6 48
6 48
7 48
8 49
9 49
9 49
10 50
11 50
12 51
12 51
13 51
14 52
15 52
15 52
16 52
17 53
18 53
18 53
19 53
20 54
21 54
21 54
22 55
23 55
23 55
24 56
25 56
25 56
26 57
26 58
26 58
27 59
28 60
28 60
28 61
28 62
28 62
28 63
27 64
27 65
27 66
27 66
27 67
26 68
26 69
26 69
25 70
25 71
24 72
24 73
23 74
23 74
22 75
22 76
21 77
21 78
20 79
20 79
19 80
19 81
18 82
17 83
17 84
16 85
16 85
15 86
14 87
14 88
13 89
12 90
12 90
11 91
10 92
10 93
9 94
8 95
8 95
7 96
6 97
5 98
5 98
4 99
3 99
2 100
2 100
1 100
1 100
0 100
0 100
0 99
0 99
0 98
0 98
1 97
1 96
1 96
2 95
2 94
2 94
3 93
4 93
5 92
5 92
6 91
7 90
8 89
8 89
9 88
10 88
11 87
11 87
12 86
13 86
14 85
14 85
15 84
16 84
17 83
18 83
18 83
19 82
20 81
21 80
21 80
22 79
23 78
23 78
24 78
25 77
26 77
26 77
27 76
28 75
28 75
29 74
30 74
30 74
31 73
31 73
31 73
32 73
32 73
32 73
32 73
32 73
32 73
32 73
32 73
32 73
32 74
32 74
31 75
31 75
31 76
31 76
31 77
31 78
31 78
30 79
30 80
30 80
31 81
31 81
31 82
31 82
31 83
31 83
32 83
32 83
33 83
33 83
34 82
34 82
35 81
36 81
36 81
37 80
37 79
37 79
38 78
38 77
38 77
39 76
39 75
39 75
40 74
40 73
40 73
40 72
40 72
41 72
41 72
41 72
41 72
41 72
40 72
40 72
40 72
40 73
40 73
40 74
40 75
40 75
40 76
40 76
40 77
40 77
40 78
40 78
41 79
41 79
41 79
42 79
42 79
43 78
43 78
44 77
44 77
45 76
45 76
46 75
47 75
47 75
48 74
48 73
48 73
49 72
49 72
50 71
50 71
51 70
51 70
51 69
51 69
52 68
52 68
52 68
52 67
52 67
51 67
51 67
51 67
51 67
51 68
51 68
50 68
50 68
49 69
49 69
49 70
49 71
49 71
48 72
48 72
47 73
47 73
47 73
47 74
47 74
47 74
48 74
48 74
48 75
48 75
49 74
49 74
50 74
50 74
51 74
51 74
52 74
53 74
53 74
53 74
54 74
54 74
54 75
54 75
54 76
54 76
53 77
53 77
53 78
53 78
52 79
52 79
51 80
51 80
50 80
50 80
50 80
50 80
51 79
52 78
53 77
53 76
54 75
55 74
56 73
56 73
57 72
58 72
59 71
60 71
60 71
61 70
61 70
62 69
62 69
63 68
63 68
64 68
64 68
64 67
64 67
64 67
64 66
64 66
64 65
64 65
63 64
63 64
63 63
63 63
63 63
63 63
62 63
62 63
62 63
61 64
61 65
61 65
61 66
61 66
61 67
61 68
61 68
60 69
60 70
60 70
60 71
60 72
60 72
60 73
60 73
60 74
60 74
61 75
61 75
61 75
62 74
62 74
63 73
63 73
64 72
64 71
64 71
65 70
65 70
65 69
65 68
65 68
66 67
66 67
66 66
66 66
66 65
66 65
66 65
66 65
66 65
66 65
66 65
66 65
66 66
66 67
66 67
67 67
67 67
67 68
67 68
68 69
68 69
68 70
68 70
69 71
69 71
70 71
70 71
71 71
71 71
72 70
72 70
73 70
74 70
74 70
75 69
75 68
75 68
76 67
76 67
77 66
77 66
78 65
78 65
78 64
78 63
78 63
78 62
78 62
78 61
78 61
78 60
78 60
78 60
78 60
77 60
77 60
77 60
77 61
77 61
77 62
77 62
77 63
77 64
77 64
77 65
77 65
77 66
77 67
77 67
77 68
77 68
77 69
77 69
77 69
77 69
77 69
77 68
77 68
78 68
78 68
78 67
78 66
78 66
79 65
79 65
79 64
79 63
79 63
80 62
80 62
80 61
80 61
81 60
81 60
81 60
82 60
82 60
82 60
82 61
82 61
83 62
83 62
83 63
83 63
83 64
83 64
83 65
83 65
83 65
84 66
84 66
84 67
84 67
85 67
85 67
86 67
86 67
87 66
87 66
88 65
88 65
89 64
89 64
89 63
89 63
90 62
90 62
90 61
90 61
90 60
90 59
90 59
90 58
90 58
90 58
89 57
89 57
89 57
88 57
88 57
88 58
88 58
87 59
87 59
87 60
87 60
87 61
87 61
86 62
86 62
86 63
86 64
86 64
87 65
87 66
87 66
87 67
87 67
87 67
88 68
88 68
89 68
89 68
90 67
90 67
90 66
90 66
91 65
91 65
92 64
92 64
92 63
92 63
92 62
92 61
92 61
93 61
93 61
93 61
93 61
93 62
93 62
93 62
94 63
94 63
94 64
94 64
95 65
95 65
96 65
96 65
97 66
97 66
98 66
98 66
99 66
99 66
100 66
