28 8
28 7
28 6
29 5
29 4
29 3
29 3
28 2
28 1
28 1
28 0
28 0
27 1
27 1
26 1
25 1
25 1
24 2
24 3
23 4
23 4
22 5
21 6
21 7
20 8
20 8
19 9
19 10
18 11
18 12
17 13
17 13
16 14
16 15
15 16
15 17
14 18
14 19
14 19
13 20
13 21
12 22
12 23
11 24
11 25
10 26
10 27
10 27
9 28
9 29
8 30
8 31
7 32
7 33
6 34
6 35
6 35
6 36
5 37
5 38
5 39
5 40
4 41
4 42
4 42
3 43
3 44
2 45
2 46
2 46
2 47
3 48
3 49
3 49
4 50
4 50
5 50
6 50
7 50
7 50
8 50
9 50
10 50
11 50
11 50
12 50
13 50
14 49
15 49
16 49
16 49
17 49
18 50
19 50
20 50
20 50
21 51
22 51
23 52
24 52
24 52
24 53
25 54
25 55
25 56
25 56
25 57
25 58
25 59
25 60
25 61
25 61
25 62
24 63
24 64
24 65
23 66
23 67
23 67
22 68
22 69
21 70
21 71
20 72
20 73
19 74
19 74
18 75
18 76
17 77
16 78
15 79
15 80
14 81
14 81
13 82
13 83
12 84
12 85
11 86
11 87
10 88
10 88
9 89
8 90
8 91
7 92
6 93
6 93
5 94
4 95
3 96
2 97
2 97
1 98
1 99
0 100
0 100
0 100
0 99
0 99
1 98
1 97
2 96
2 96
3 95
3 94
4 93
5 92
5 91
6 90
6 90
7 89
7 88
8 87
8 86
9 85
9 84
10 83
10 82
10 82
11 81
12 80
12 79
13 78
14 77
15 76
15 75
16 74
17 73
17 73
18 72
18 71
19 70
20 69
20 68
21 67
21 66
22 65
22 65
23 64
24 63
25 62
25 61
26 60
27 59
28 58
28 58
29 57
29 56
30 55
30 54
31 53
31 52
31 52
32 51
33 50
33 49
34 48
34 48
35 47
36 46
36 46
36 45
36 45
36 45
35 45
35 45
34 46
34 46
34 46
34 46
34 46
34 46
35 46
35 46
35 47
35 47
36 48
36 48
36 49
36 50
36 51
36 52
36 52
36 53
36 54
36 54
36 55
36 55
37 56
37 56
37 57
37 57
37 57
38 57
38 57
39 56
39 55
39 55
40 54
40 53
40 53
40 52
41 51
41 50
41 50
41 49
42 48
42 47
42 47
42 46
42 45
42 44
42 44
42 43
42 42
42 42
42 41
42 41
42 41
42 42
42 42
42 43
42 44
42 44
42 45
41 46
41 47
41 47
41 48
41 49
41 50
41 50
42 51
42 52
42 52
43 53
43 53
44 54
45 54
45 54
46 53
47 52
47 52
48 51
49 51
50 50
50 50
51 49
52 48
53 47
53 47
54 46
55 45
55 44
56 43
57 42
58 41
59 40
60 39
60 38
61 37
62 36
62 36
63 35
64 34
64 34
64 33
64 33
63 33
63 33
63 33
62 33
62 33
61 34
61 34
61 34
60 34
60 34
60 34
60 35
60 35
59 36
59 36
58 37
58 37
57 38
57 38
56 39
56 40
56 40
55 41
55 42
55 42
54 43
54 44
54 44
53 45
53 46
53 46
53 47
53 47
53 48
53 48
54 48
54 48
55 47
56 47
56 47
57 46
58 46
58 46
59 46
60 45
61 45
61 45
62 44
63 44
63 44
64 44
65 44
65 44
66 44
66 44
67 45
67 45
66 46
66 47
66 47
66 48
65 49
65 50
65 50
64 51
63 52
63 52
62 53
61 54
61 54
60 55
60 55
60 55
60 54
60 54
61 53
62 52
63 51
64 50
65 49
65 48
66 47
67 46
68 45
69 44
70 43
71 42
72 41
73 40
74 39
75 38
76 37
76 36
77 35
78 34
79 33
80 32
81 31
81 31
82 31
82 31
82 30
82 30
81 30
80 30
80 30
79 30
78 30
78 30
77 30
77 30
76 30
76 30
75 30
75 30
74 30
74 30
73 30
73 30
72 31
72 31
71 32
71 32
71 33
71 34
71 35
71 35
70 36
70 37
70 37
70 38
70 39
70 40
70 40
71 41
71 42
71 42
71 43
71 43
72 43
72 43
73 42
73 42
74 41
75 41
75 41
75 40
76 39
76 38
76 38
77 37
77 36
77 36
77 35
77 34
77 34
77 33
77 33
77 32
77 31
77 31
77 31
77 31
77 31
77 32
77 33
77 33
76 34
76 35
76 35
76 36
76 37
76 38
76 38
76 39
76 40
76 40
77 41
77 41
78 41
78 41
79 40
79 40
80 39
81 39
81 39
82 38
82 37
82 37
82 36
82 35
82 35
82 34
82 34
82 33
82 32
82 32
82 31
82 30
82 30
83 29
83 28
83 28
83 27
83 27
83 26
83 26
83 26
83 27
83 28
83 28
83 29
83 30
83 30
83 31
83 32
83 33
83 33
82 34
82 35
82 35
82 36
82 37
82 37
82 38
82 38
82 39
82 39
82 38
82 38
82 38
83 37
83 36
83 36
83 35
83 35
84 34
84 33
84 33
85 32
85 31
85 31
85 30
85 29
85 29
86 28
86 28
86 28
86 28
86 29
86 29
86 30
86 30
86 31
86 32
86 32
86 33
86 33
86 34
86 35
86 35
87 35
87 35
88 35
89 35
89 35
90 35
90 35
91 34
92 33
93 32
93 31
94 30
95 29
96 28
96 28
96 27
96 26
96 25
96 25
96 24
96 24
95 23
95 23
94 22
94 22
94 21
94 21
93 21
93 21
92 21
92 21
91 22
91 23
91 23
90 24
90 25
90 25
90 26
90 27
90 28
90 28
90 29
90 30
90 30
90 31
90 31
91 32
91 32
92 32
92 32
93 32
93 32
94 31
94 30
94 30
95 29
95 29
96 28
96 27
96 27
96 26
96 25
96 25
96 24
96 24
96 23
96 23
96 24
96 24
96 25
96 25
96 26
96 26
96 27
96 28
96 29
96 29
97 30
97 31
97 31
98 32
98 32
99 33
100 33
