15 5
15 4
16 3
16 2
16 2
16 1
16 1
15 0
15 0
15 1
15 1
14 2
13 2
13 2
12 3
12 4
11 5
11 6
11 6
11 7
10 8
10 9
10 10
9 11
9 12
9 12
9 13
8 14
8 15
8 16
7 17
7 18
7 18
7 19
6 20
6 21
5 22
5 23
4 24
4 25
4 25
4 26
3 27
3 28
3 29
3 30
2 31
2 32
2 33
2 33
2 34
1 35
1 36
1 37
1 38
0 39
0 40
0 40
0 41
0 42
0 43
0 44
0 45
0 45
0 46
0 47
0 48
0 49
0 49
0 50
0 51
0 51
1 52
1 52
2 51
3 51
4 50
4 50
5 49
6 49
7 48
7 48
8 47
9 46
10 45
10 45
11 44
12 44
13 43
13 43
14 43
15 42
16 42
16 42
17 42
18 42
18 42
19 43
19 44
19 44
19 45
19 46
19 47
19 48
19 48
19 49
20 50
20 51
20 52
20 52
20 53
20 54
20 55
19 56
19 57
19 58
19 59
19 59
19 60
19 61
18 62
18 63
18 64
18 65
18 65
18 66
17 67
17 68
17 69
16 70
16 71
16 71
16 72
15 73
15 74
15 75
15 76
14 77
14 78
14 78
14 79
13 80
13 81
13 82
12 83
12 84
12 84
11 85
11 86
10 87
10 88
9 89
9 89
9 90
8 91
8 92
8 93
7 94
7 95
7 95
6 96
6 97
5 98
5 98
4 99
3 100
3 100
3 100
3 99
3 98
3 98
3 97
4 96
4 95
4 94
4 94
4 93
5 92
5 91
5 90
6 89
6 88
6 88
6 87
7 86
7 85
8 84
8 83
8 82
9 81
9 80
9 80
9 79
10 78
10 77
11 76
11 75
12 74
12 73
13 72
13 71
13 71
13 70
14 69
14 68
15 67
15 66
15 65
16 64
16 63
16 63
17 62
17 61
18 60
18 59
19 58
19 57
19 57
19 56
20 55
20 54
20 53
21 52
21 51
21 51
22 50
22 49
23 48
23 48
24 47
24 47
25 48
25 48
25 49
25 50
25 50
25 51
25 52
25 53
25 53
25 54
25 55
25 56
25 57
25 58
25 58
25 59
25 60
25 61
25 62
25 62
25 63
25 64
25 65
25 66
25 66
25 67
25 68
25 69
25 70
25 70
24 71
24 72
24 72
25 73
25 74
25 74
25 74
26 74
26 74
26 73
27 72
27 71
27 71
27 70
28 69
28 68
28 67
28 67
28 66
29 65
29 64
29 63
30 62
30 61
30 61
30 60
30 59
31 58
31 57
31 56
31 55
31 55
31 54
32 53
32 52
32 51
32 50
33 49
33 48
33 48
33 47
34 46
34 45
34 45
34 44
34 43
34 43
34 44
34 44
35 45
35 45
35 46
35 47
35 48
35 48
35 49
34 50
34 51
34 52
34 52
34 53
34 54
34 55
34 56
34 56
35 57
35 58
35 58
35 59
35 60
35 60
36 61
36 61
37 61
37 61
38 60
38 59
38 59
39 58
39 57
40 56
40 55
40 55
40 54
41 53
41 52
42 51
42 50
42 50
42 49
43 48
43 47
43 46
43 45
44 44
44 43
44 43
44 42
45 41
45 40
45 39
46 38
46 37
46 37
46 36
47 35
47 34
47 33
48 32
48 31
48 31
48 30
48 29
49 28
49 27
49 26
49 25
49 25
49 24
49 23
49 22
49 22
49 21
49 21
49 21
48 21
48 21
48 22
48 23
48 23
47 24
47 25
47 25
47 26
46 27
46 28
46 29
46 29
46 30
46 31
46 32
46 33
46 33
46 34
46 35
46 36
46 36
46 37
46 38
46 38
47 39
47 40
47 40
48 41
48 41
49 42
49 42
50 43
51 43
51 43
52 43
52 43
53 44
53 44
54 45
54 46
54 46
53 47
53 47
53 48
53 49
53 49
52 50
52 51
52 51
51 52
51 53
50 54
50 54
49 55
49 55
48 56
47 56
47 56
47 56
46 55
46 55
46 54
46 54
46 53
47 52
47 51
47 51
48 50
48 49
49 48
49 47
49 47
50 46
50 45
51 44
51 43
51 43
52 42
52 41
53 40
53 39
53 39
54 38
55 37
55 36
56 35
56 35
57 34
57 33
58 32
58 31
58 31
58 30
59 29
59 28
59 27
59 27
59 26
60 25
60 24
60 24
61 23
61 22
61 22
61 21
61 21
60 21
60 21
60 21
59 22
59 22
59 23
58 24
58 25
58 25
58 26
57 27
57 28
57 28
57 29
56 30
56 31
56 32
56 32
56 33
55 34
55 35
55 36
55 36
55 37
54 38
54 39
54 40
54 40
54 41
54 42
54 42
54 43
54 44
54 45
54 45
54 46
54 46
55 46
55 46
56 45
56 45
56 44
57 43
57 42
57 42
57 41
58 40
58 39
58 38
58 38
59 37
59 36
60 35
60 34
60 34
60 33
60 32
61 31
61 30
61 29
61 29
61 28
61 27
61 26
61 26
61 25
62 24
62 23
62 23
62 23
62 23
62 24
62 24
62 25
62 26
62 26
62 27
62 28
62 29
62 30
62 30
62 31
62 32
62 33
62 33
62 34
62 35
62 36
62 36
63 37
63 38
63 38
63 39
63 39
64 39
64 39
65 38
65 38
66 37
66 36
66 36
67 35
67 34
68 33
68 33
68 32
68 31
69 30
69 29
69 28
69 28
70 27
70 26
71 25
71 24
71 24
71 23
72 22
72 21
72 20
72 20
72 19
73 18
73 17
73 16
73 16
73 15
73 14
73 14
74 14
74 14
74 14
74 15
74 15
74 16
73 17
73 18
73 18
73 19
73 20
73 21
73 21
73 22
73 23
73 24
73 24
73 25
72 26
72 27
72 27
72 28
72 29
72 29
72 30
72 31
72 31
72 32
72 32
73 32
73 32
73 32
73 31
73 30
73 30
73 29
74 28
74 27
74 27
74 26
75 25
75 24
75 23
75 23
75 22
76 21
76 20
76 19
76 19
76 18
77 17
77 16
77 16
78 15
78 14
78 14
78 13
78 12
78 12
79 12
79 12
79 12
80 13
80 13
80 14
80 15
80 16
80 16
80 17
80 18
80 18
80 19
80 20
80 21
80 21
80 22
80 23
80 24
80 24
80 25
80 26
80 26
81 27
81 28
81 28
81 29
81 29
82 29
82 29
83 28
84 28
84 28
85 27
86 26
86 26
87 25
87 24
88 23
88 22
88 22
89 21
89 20
90 19
90 18
90 18
90 17
91 16
91 15
91 15
91 14
92 13
92 12
92 11
92 11
92 10
93 9
93 8
93 7
93 7
93 6
93 5
93 4
93 4
92 3
92 2
92 2
91 1
91 1
90 1
90 1
89 2
88 2
88 2
88 3
87 4
87 5
87 5
87 6
86 7
86 8
86 8
86 9
85 10
85 11
85 12
85 12
85 13
85 14
85 15
85 15
85 16
85 17
85 18
85 19
85 19
85 20
85 21
85 22
85 22
85 23
85 24
85 24
86 25
86 26
86 26
87 26
87 26
88 25
89 24
89 24
90 23
90 22
90 22
91 21
91 20
92 19
92 18
92 18
93 17
93 16
94 15
94 14
94 14
94 13
94 12
95 11
95 10
95 9
95 9
96 8
96 7
96 7
96 6
96 6
96 7
96 7
96 8
96 9
96 9
96 10
97 11
97 12
97 13
97 13
97 14
97 15
97 16
97 17
97 17
97 18
97 19
97 20
97 21
97 21
97 22
98 23
98 24
98 24
98 25
98 26
98 27
98 28
98 28
99 29
100 30
