52 5
53 4
53 3
53 3
52 2
52 1
52 1
51 0
50 0
50 0
49 0
48 0
47 0
47 0
46 1
45 1
45 1
44 2
43 2
42 3
41 3
41 3
40 4
39 5
38 6
37 7
37 7
36 8
35 9
34 9
33 10
32 11
32 11
31 12
31 13
30 14
29 15
28 16
28 17
27 18
27 18
26 19
25 20
25 21
24 22
23 23
22 24
22 25
21 26
21 26
20 27
20 28
19 29
18 30
17 31
17 32
16 33
15 34
15 35
14 36
14 36
13 37
13 38
12 39
12 40
11 41
10 42
10 43
9 44
9 45
8 46
8 46
7 47
7 48
6 49
5 50
5 51
4 52
3 53
3 54
2 55
2 55
2 56
1 57
1 58
1 59
1 60
0 61
0 62
0 62
0 63
0 64
0 64
1 65
2 66
2 66
3 66
4 66
5 66
6 66
7 66
7 66
8 66
9 66
10 65
11 65
12 65
12 65
13 65
14 64
15 64
16 63
17 63
17 63
18 63
19 63
20 63
21 63
21 63
22 64
23 64
23 64
23 65
24 66
24 67
24 68
24 68
24 69
24 70
23 71
23 72
23 73
23 74
23 74
23 75
22 76
22 77
21 78
21 79
21 80
20 81
20 82
20 82
19 83
18 84
18 85
17 86
16 87
16 87
15 88
14 89
14 90
13 91
12 92
12 92
11 93
11 94
10 95
10 96
9 97
9 97
8 98
8 99
7 100
7 100
6 100
6 100
6 100
7 99
8 99
8 99
9 98
9 97
10 96
10 96
11 95
12 94
12 93
13 92
14 91
14 91
15 90
15 89
16 88
17 87
18 86
18 85
19 84
19 84
20 83
21 82
22 81
22 80
23 79
24 78
24 78
25 77
25 76
26 75
26 74
27 73
27 73
28 72
28 71
29 70
29 69
30 68
30 68
31 67
32 66
32 65
33 64
33 64
34 63
34 62
35 61
35 61
36 60
36 59
36 59
36 58
36 57
36 57
36 57
37 56
37 56
37 56
37 56
37 56
38 56
38 56
38 56
38 56
38 56
38 56
38 56
38 57
38 57
38 58
38 59
38 59
38 60
38 61
38 61
38 62
38 62
38 63
38 63
38 64
38 64
38 65
38 65
39 65
39 65
40 64
40 64
41 63
41 63
42 62
42 62
43 61
43 60
43 60
43 59
44 58
44 57
44 57
45 56
45 55
45 55
45 54
45 53
45 53
46 52
46 51
46 51
46 51
46 51
46 51
46 52
46 52
46 53
46 54
46 54
45 55
45 55
45 56
45 57
45 57
46 58
46 58
47 58
47 58
48 57
49 57
49 57
50 56
51 56
51 56
52 55
53 54
53 54
54 53
54 53
55 52
55 52
56 51
56 51
57 50
57 49
57 49
57 48
57 48
58 47
58 46
58 46
58 45
58 45
57 45
57 45
57 45
56 45
56 45
55 46
55 47
55 47
54 48
54 49
54 49
53 50
53 51
53 51
52 52
51 53
51 53
51 54
51 55
51 55
51 56
51 56
51 56
52 56
52 56
53 55
53 55
54 55
55 55
55 55
56 54
56 54
57 54
58 54
58 54
58 55
58 55
58 55
58 56
58 57
58 57
57 58
57 58
56 59
55 60
55 60
54 60
54 60
53 61
53 61
52 61
52 61
52 61
52 60
52 60
53 59
54 59
54 59
55 58
55 57
56 56
56 56
57 55
58 54
59 53
59 53
60 52
60 51
61 50
61 50
62 49
63 48
64 47
64 47
65 46
65 45
66 44
66 44
67 43
67 42
67 42
68 41
68 41
68 41
68 40
68 40
67 40
67 40
67 40
66 40
66 40
66 40
66 39
66 39
66 39
65 39
65 39
65 39
64 40
64 40
63 41
63 42
63 42
63 43
63 44
63 44
62 45
62 46
62 46
62 47
61 48
61 49
61 49
61 50
61 50
62 51
62 51
63 51
63 51
64 51
65 51
65 51
66 50
66 49
66 49
67 48
68 48
68 48
68 47
68 46
68 46
69 45
69 45
69 44
69 44
69 43
69 42
69 42
69 41
69 41
69 40
69 40
69 40
69 40
69 41
69 41
69 42
69 43
69 43
68 44
68 45
68 45
68 46
68 46
68 47
68 48
68 48
68 49
68 49
68 49
69 49
69 49
70 49
70 49
71 48
71 48
72 47
72 46
72 46
73 45
73 45
74 44
74 43
74 43
75 42
75 42
75 41
75 40
75 40
76 39
76 38
76 38
76 37
76 37
76 37
76 37
76 37
76 37
76 38
76 38
76 39
76 39
75 40
75 40
75 41
75 41
75 42
75 42
75 43
75 43
75 44
75 44
75 44
75 45
75 45
75 45
75 44
75 44
76 44
76 44
76 43
76 42
76 42
77 41
77 40
77 40
77 39
78 38
78 37
78 37
79 36
80 35
80 35
81 34
82 33
82 33
83 32
83 31
83 31
83 31
84 31
84 31
84 32
84 32
83 33
83 33
83 34
83 34
83 35
83 36
83 36
82 37
82 38
82 38
82 39
82 40
82 40
82 41
82 41
82 42
82 42
83 42
83 42
84 42
85 42
85 42
86 41
86 41
87 40
88 40
88 40
89 39
90 38
90 38
91 37
92 36
92 36
92 35
93 34
93 33
93 33
94 32
94 32
94 31
94 31
93 30
93 30
93 29
93 29
92 29
92 29
91 28
90 28
90 28
89 29
89 29
88 30
88 30
87 31
87 32
87 32
86 33
86 34
86 34
86 35
86 36
86 36
86 37
86 38
86 38
86 39
86 40
86 40
87 41
87 41
88 41
89 41
89 41
90 40
90 40
91 39
92 39
92 39
92 38
92 37
92 37
93 36
93 36
93 35
93 34
93 34
93 33
93 33
93 33
93 34
93 34
93 35
93 36
93 36
93 37
93 38
93 38
94 39
94 40
94 40
95 41
95 41
96 42
97 43
97 43
98 43
99 44
100 44
