16 10
16 9
17 8
17 7
17 6
17 6
17 5
17 4
17 4
17 3
17 2
17 2
17 1
17 1
17 0
17 0
16 0
15 0
15 0
15 1
14 2
14 3
14 3
13 4
13 5
12 6
12 7
12 7
11 8
11 9
10 10
10 11
9 12
9 12
9 13
8 14
8 15
8 16
8 17
7 18
7 19
7 20
7 20
7 21
6 22
6 23
5 24
5 25
5 26
4 27
4 28
4 28
4 29
3 30
3 31
3 32
3 33
2 34
2 35
2 35
2 36
2 37
2 38
1 39
1 40
1 41
1 42
1 42
1 43
1 44
0 45
0 46
0 47
0 48
0 48
0 49
0 50
0 51
0 52
0 52
0 53
0 54
0 54
1 55
2 55
2 55
3 55
4 55
4 55
5 55
6 55
6 55
7 55
8 54
9 54
9 54
10 54
11 53
12 53
13 53
13 53
14 52
15 52
15 52
16 52
17 52
17 52
18 53
19 53
19 53
20 54
20 55
21 56
21 56
21 57
21 58
21 59
21 59
21 60
21 61
21 62
21 63
21 64
21 64
21 65
21 66
20 67
20 68
20 69
20 69
20 70
20 71
19 72
19 73
19 74
19 75
19 75
19 76
19 77
18 78
18 79
18 80
18 80
18 81
17 82
17 83
17 84
16 85
16 86
16 86
15 87
15 88
14 89
14 90
13 91
13 91
13 92
12 93
12 94
11 95
11 96
11 96
10 97
10 98
9 99
9 99
8 100
7 100
7 100
6 100
6 100
5 100
5 100
5 99
5 98
5 97
5 97
5 96
5 95
5 94
5 94
5 93
6 92
6 91
6 90
6 90
6 89
7 88
7 87
8 86
8 85
8 85
9 84
9 83
10 82
10 81
11 80
11 79
11 79
11 78
12 77
12 76
13 75
13 74
13 74
14 73
14 72
15 71
15 70
16 69
16 68
16 68
17 67
17 66
18 65
18 64
19 63
19 63
20 62
20 61
21 60
21 59
21 59
21 58
22 57
22 56
22 56
23 55
23 54
23 54
24 53
24 53
24 53
24 54
24 54
24 55
24 55
24 56
24 57
24 57
24 58
24 59
24 60
24 61
24 61
24 62
24 63
24 64
24 65
24 66
24 66
24 67
24 68
24 69
24 70
24 70
24 71
24 72
24 73
24 73
24 74
24 75
24 75
25 76
25 77
25 77
26 77
26 77
27 76
27 76
27 75
28 74
28 73
28 73
28 72
29 71
29 70
29 69
30 68
30 67
30 67
30 66
31 65
31 64
31 63
31 62
32 61
32 60
32 60
32 59
33 58
33 57
33 56
34 55
34 54
34 54
34 53
35 52
35 51
35 50
35 50
35 49
36 48
36 47
36 46
36 46
37 45
37 45
37 45
37 46
37 47
37 47
37 48
37 49
37 50
37 50
37 51
37 52
37 53
37 53
37 54
37 55
37 56
37 56
37 57
37 58
37 58
37 59
38 60
38 61
38 61
38 62
38 62
39 62
40 62
40 62
41 61
41 61
42 60
43 59
44 58
44 58
44 57
45 56
45 55
46 54
46 53
46 53
47 52
47 51
48 50
48 49
49 48
49 48
49 47
50 46
50 45
50 44
50 43
51 42
51 41
51 41
51 40
52 39
52 38
53 37
53 36
53 36
53 35
54 34
54 33
54 32
54 32
55 31
55 30
55 30
54 30
54 30
54 30
53 31
53 31
52 32
52 33
52 33
52 34
51 35
51 36
51 36
51 37
51 38
51 38
51 39
51 40
51 41
51 41
51 42
51 43
51 43
51 44
52 45
52 46
52 46
52 47
52 48
52 48
53 49
53 50
53 50
54 51
54 52
54 52
54 53
54 53
55 54
55 55
55 55
55 56
55 56
54 57
54 58
54 58
53 59
53 59
52 60
52 60
51 60
51 60
51 59
51 59
51 58
51 58
52 57
52 56
52 56
52 55
53 54
53 53
53 53
54 52
54 51
55 50
55 49
55 49
56 48
56 47
57 46
57 45
57 45
58 44
58 43
59 42
59 41
59 41
59 40
60 39
60 38
61 37
61 36
61 36
62 35
62 34
63 33
63 33
64 32
64 31
64 31
64 30
64 29
64 29
64 29
64 29
63 29
63 29
62 30
62 31
62 31
61 32
61 33
61 33
61 34
60 35
60 36
60 36
60 37
59 38
59 39
59 40
59 40
59 41
58 42
58 43
58 43
58 44
58 45
58 46
58 46
58 47
58 48
58 48
59 49
59 49
60 49
60 49
61 49
61 49
62 48
62 47
62 47
62 46
63 45
63 44
63 43
63 43
63 42
64 41
64 40
65 39
65 38
65 38
65 37
66 36
66 35
66 35
66 34
67 33
67 32
67 32
67 31
67 31
67 32
67 32
67 32
67 33
67 34
67 34
67 35
67 36
67 36
67 37
67 38
67 39
67 39
67 40
67 41
67 42
67 42
67 43
67 44
67 44
68 45
68 46
68 46
69 47
69 47
70 46
70 46
71 45
71 44
72 43
72 43
73 42
73 41
74 40
74 39
74 39
74 38
75 37
75 36
75 35
75 35
75 34
76 33
76 32
77 31
77 30
77 30
77 29
78 28
78 27
78 26
78 26
79 25
79 24
79 24
79 23
79 22
79 22
79 22
79 23
79 23
79 24
79 25
79 25
79 26
78 27
78 28
78 28
78 29
78 30
78 31
78 32
78 32
78 33
78 34
78 35
78 35
78 36
77 37
77 38
77 38
77 39
77 40
77 41
77 41
77 42
77 42
78 42
78 42
78 42
78 41
78 40
78 40
79 39
79 38
79 38
79 37
80 36
80 35
80 34
80 34
80 33
81 32
81 31
81 30
81 30
81 29
82 28
82 27
82 26
82 26
82 25
83 24
83 23
83 23
83 22
83 21
83 21
84 21
84 21
84 21
85 22
85 23
85 23
85 24
85 25
85 25
85 26
85 27
85 28
85 28
85 29
85 30
85 30
85 31
86 32
86 33
86 33
86 34
86 35
86 35
87 36
87 36
88 36
88 36
89 35
90 35
90 35
90 34
91 33
91 32
91 32
92 31
92 30
93 29
93 29
93 28
94 27
94 26
94 26
94 25
95 24
95 23
95 23
96 22
96 21
96 21
96 20
96 19
96 18
96 18
96 17
96 16
96 16
95 15
95 14
95 14
95 13
95 13
94 13
94 13
93 13
93 13
93 14
93 14
93 15
92 16
92 17
92 17
92 18
91 19
91 20
91 21
91 21
91 22
90 23
90 24
90 24
90 25
90 26
90 27
90 27
90 28
90 29
90 30
90 30
90 31
90 32
90 32
90 33
90 33
91 33
91 33
91 33
92 32
92 31
92 31
92 30
93 29
93 28
93 28
93 27
94 26
94 25
94 25
94 24
95 23
95 22
95 21
95 21
95 20
95 19
95 18
95 18
95 17
95 17
95 16
95 16
95 17
95 17
96 18
96 19
96 19
96 20
96 21
96 22
96 22
96 23
96 24
96 25
96 25
96 26
96 27
96 28
96 28
97 29
97 30
97 30
97 31
97 32
97 32
98 33
98 33
99 34
100 34
