39 2
40 2
40 2
39 1
39 0
39 0
38 1
38 1
37 2
36 3
36 3
35 4
34 5
34 5
33 6
32 7
31 8
30 9
30 9
29 10
28 11
28 12
27 13
26 14
26 14
25 15
25 16
24 17
23 18
23 19
22 20
22 20
21 21
21 22
20 23
20 24
19 25
19 26
18 27
18 28
18 28
17 29
17 30
16 31
15 32
14 33
14 34
13 35
13 35
12 36
12 37
11 38
10 39
10 40
9 41
9 42
8 43
8 43
8 44
7 45
7 46
6 47
6 48
6 48
6 49
5 50
5 51
5 51
5 52
5 52
6 53
7 53
7 53
8 53
9 53
10 53
10 53
11 53
12 52
13 52
14 52
14 52
15 52
16 52
17 52
18 52
18 52
19 53
20 53
21 54
21 54
21 55
22 56
22 57
22 58
22 58
22 59
22 60
22 61
22 62
22 63
22 64
22 64
22 65
21 66
21 67
20 68
20 69
20 70
19 71
19 72
19 72
18 73
18 74
17 75
17 76
16 77
16 78
15 79
15 80
15 80
14 81
14 82
13 83
13 84
12 85
12 86
11 87
11 87
10 88
9 89
8 90
8 91
7 92
6 93
6 93
5 94
4 95
4 96
3 97
2 98
2 98
1 99
0 100
0 100
0 100
0 100
1 99
1 98
2 97
2 96
2 96
3 95
3 94
4 93
5 92
5 91
6 90
7 89
8 88
8 87
9 86
10 85
10 84
11 83
12 82
12 81
13 80
14 79
14 78
15 77
16 76
17 75
17 74
18 73
19 72
19 71
20 70
20 70
21 69
21 68
22 67
22 66
23 65
24 64
24 63
25 62
26 61
26 60
27 59
27 58
28 57
28 57
29 56
30 55
31 54
31 54
32 53
33 53
33 53
33 52
33 52
33 52
33 53
33 53
33 53
33 53
34 53
34 53
34 53
34 53
34 52
34 52
34 52
34 52
34 52
33 53
33 54
33 54
33 55
33 56
33 57
33 57
33 58
32 59
32 60
32 61
32 61
32 62
32 63
32 64
32 64
32 65
32 66
32 66
33 67
33 67
34 67
34 67
35 66
35 66
36 65
37 64
37 64
38 63
38 62
39 61
39 61
39 60
40 59
40 58
40 57
40 57
40 56
41 55
41 54
41 54
41 53
42 52
42 51
42 51
43 50
43 49
43 49
43 48
43 48
43 48
42 48
42 48
42 49
42 50
42 50
42 51
42 52
42 52
42 53
42 54
42 54
42 55
42 56
42 56
42 57
42 57
43 57
44 57
44 57
45 56
46 56
46 56
47 55
48 55
48 55
49 54
49 53
49 53
50 52
51 51
51 51
52 50
52 49
52 49
53 48
53 47
53 47
54 46
54 45
54 45
54 44
54 43
54 43
54 42
54 42
54 41
54 41
53 41
53 41
53 41
53 41
52 41
52 41
51 42
51 42
50 43
50 44
50 44
49 45
49 45
49 46
49 47
49 47
48 48
48 49
48 49
48 50
48 50
48 51
48 51
49 52
49 52
50 52
50 52
51 51
52 51
52 51
53 51
53 51
54 50
55 50
55 50
55 50
56 51
56 51
55 52
55 52
54 53
54 54
54 54
54 55
53 56
53 57
53 57
52 58
52 59
52 59
51 60
50 60
50 60
49 61
49 62
49 62
49 62
49 61
49 61
50 60
50 60
51 59
51 58
52 57
52 57
53 56
54 55
55 54
55 54
56 53
56 52
57 51
57 51
58 50
58 49
59 48
59 48
60 47
61 46
61 45
62 44
62 44
63 43
63 42
64 41
64 41
65 40
65 39
65 39
65 38
65 38
65 37
65 37
65 36
65 36
65 35
65 35
64 35
64 35
63 34
63 34
62 34
62 34
62 35
62 35
61 36
61 36
60 37
60 37
60 38
59 39
59 40
59 40
59 41
58 42
58 43
58 43
58 44
57 45
57 46
57 47
57 47
58 48
58 49
58 49
58 50
58 51
58 51
59 51
59 51
60 51
61 51
61 51
62 50
62 49
62 49
63 48
64 47
64 47
65 46
65 45
65 45
65 44
66 43
66 42
66 42
66 41
67 40
67 39
67 39
68 38
68 37
68 37
68 37
68 37
67 38
67 38
67 39
67 40
67 40
67 41
67 42
67 43
67 43
67 44
67 45
67 45
68 46
68 47
68 47
69 48
69 48
70 48
71 48
71 48
72 47
72 47
73 46
73 45
73 45
74 44
74 43
74 43
74 42
74 42
74 41
74 40
74 40
75 39
75 38
75 38
75 37
75 36
75 36
75 35
75 34
75 34
75 34
75 34
75 35
75 35
75 36
75 36
75 37
75 38
75 39
75 39
74 40
74 41
74 41
74 42
74 43
74 43
73 44
73 45
73 45
73 46
73 47
73 47
73 47
73 47
74 46
74 45
74 45
74 44
74 44
74 43
75 42
75 41
75 41
75 40
76 39
76 38
76 38
77 37
77 36
78 35
78 35
78 34
79 33
79 32
79 32
80 31
80 30
80 30
81 30
81 30
81 30
81 31
81 32
81 32
81 33
81 34
81 35
81 35
81 36
80 37
80 38
80 38
80 39
80 40
80 41
80 41
81 42
81 42
82 42
82 42
83 42
84 42
84 42
85 41
86 41
86 41
87 40
88 40
89 39
89 39
90 38
91 37
91 36
92 35
93 34
94 33
94 32
95 31
96 30
96 30
96 29
95 28
95 27
95 27
94 26
94 25
94 25
94 24
94 24
93 23
93 23
92 23
92 23
91 24
90 24
90 24
89 25
89 26
89 26
88 27
88 28
87 29
87 29
87 30
86 31
86 32
86 32
86 33
86 34
86 35
86 35
86 36
86 37
86 37
86 38
86 39
86 39
87 40
87 40
88 40
88 40
89 39
90 39
90 39
91 38
91 38
92 37
93 36
93 36
93 35
93 34
93 33
93 33
94 32
94 31
94 31
94 30
94 29
94 28
94 28
94 27
94 26
94 26
94 26
94 26
93 27
93 28
93 28
93 29
93 30
93 31
93 31
93 32
93 33
93 34
93 34
94 35
94 36
94 36
95 37
95 38
95 38
96 39
97 39
97 39
98 39
98 39
99 40
99 40
