28 19
29 20
30 20
30 20
30 19
31 18
31 17
31 16
31 16
31 15
30 14
30 13
30 13
30 12
30 12
30 11
31 10
31 9
31 9
30 8
30 7
30 7
30 6
30 5
30 4
30 4
29 3
29 3
28 2
27 1
27 1
26 0
26 0
25 1
24 1
24 1
23 2
22 3
22 3
21 4
20 5
19 6
19 6
18 7
17 8
16 9
15 10
15 10
14 11
14 12
13 13
12 14
12 15
11 16
11 16
10 17
10 18
9 19
9 20
8 21
8 22
8 22
7 23
7 24
6 25
6 26
5 27
5 27
4 28
4 29
3 30
3 31
2 32
2 32
2 33
2 34
1 35
1 36
1 37
1 37
1 38
0 39
0 40
0 41
0 41
0 42
0 43
0 44
0 44
0 45
0 46
0 47
0 47
1 48
2 49
2 49
3 49
4 50
5 50
5 50
6 50
7 50
8 50
9 50
9 50
10 50
11 50
12 50
13 50
13 50
14 50
15 51
16 51
16 51
17 52
18 52
19 53
19 53
20 54
20 55
21 56
21 56
21 57
22 58
22 59
22 59
22 60
23 61
23 62
23 63
23 63
23 64
23 65
22 66
22 67
22 68
22 68
22 69
22 70
22 71
21 72
21 73
21 74
21 75
21 75
20 76
20 77
19 78
19 79
18 80
18 81
18 81
18 82
17 83
17 84
17 85
16 86
16 87
16 87
16 88
15 89
15 90
14 91
14 92
13 93
13 94
13 94
12 95
11 96
11 97
10 98
10 98
9 99
8 100
8 100
7 100
6 100
6 100
6 99
6 98
6 98
6 97
6 96
6 95
6 94
6 94
7 93
7 92
8 91
8 90
9 89
10 88
10 87
11 86
11 85
12 84
12 83
13 82
14 81
14 80
15 79
15 78
16 77
17 76
17 75
18 74
18 73
19 72
20 71
20 70
21 69
21 68
22 67
22 66
23 65
24 64
24 63
25 62
25 61
26 60
27 59
27 58
28 57
28 56
29 55
29 54
30 53
31 52
31 51
32 50
32 49
33 48
33 48
33 48
33 48
33 49
33 49
32 50
32 50
32 51
32 52
32 52
31 53
31 54
31 54
30 55
30 56
30 56
30 57
30 58
30 59
30 59
30 60
30 61
30 62
30 63
30 63
30 64
30 65
30 65
30 66
30 67
30 68
30 68
30 69
30 70
30 70
31 71
31 72
31 72
32 72
32 72
32 72
33 71
33 70
33 70
34 69
35 68
35 68
35 67
36 66
36 65
36 65
36 64
37 63
37 62
37 62
37 61
38 60
38 59
38 58
38 58
38 57
38 56
38 55
38 54
38 54
38 53
39 52
39 51
39 51
39 50
39 50
39 50
39 50
39 51
39 51
39 52
39 53
39 54
39 54
39 55
39 56
39 56
39 57
39 58
39 59
39 59
39 60
39 61
39 61
40 62
40 63
40 63
41 64
41 64
42 64
42 64
43 63
43 63
44 62
45 61
45 61
46 60
46 59
47 58
47 58
47 57
48 56
48 55
48 55
49 54
49 53
50 52
50 52
50 51
51 50
51 49
51 49
51 48
52 47
52 46
52 46
53 45
53 45
53 44
53 44
53 44
53 44
52 44
52 44
52 44
52 45
52 45
51 46
51 46
50 47
50 47
49 48
49 49
49 49
49 50
49 51
49 51
48 52
48 53
48 53
48 54
48 54
49 55
49 55
50 55
50 55
51 55
51 55
52 55
52 55
53 54
53 54
54 54
54 54
55 54
55 54
56 55
56 55
55 56
55 56
55 57
55 58
55 58
54 59
53 60
53 60
52 61
52 62
52 62
51 63
51 64
51 64
50 65
50 65
50 65
50 65
51 64
52 63
52 62
53 61
54 60
55 59
55 58
56 57
57 56
57 56
58 55
59 54
60 54
61 53
62 52
62 52
63 51
63 50
63 50
64 49
65 49
65 49
66 48
66 48
66 48
67 47
67 47
67 46
67 46
67 46
66 45
66 45
66 44
66 44
65 44
65 44
64 44
64 44
63 45
63 45
62 46
62 47
62 47
62 48
62 49
62 49
61 50
61 51
61 51
61 52
61 53
61 54
61 54
61 55
61 56
61 56
61 57
61 57
61 58
61 58
62 57
62 57
63 56
63 56
64 55
64 54
64 54
65 53
65 52
65 52
65 51
65 50
65 50
66 49
66 48
66 48
66 47
66 47
66 47
66 47
66 48
66 48
66 49
66 49
67 50
67 51
67 51
67 52
67 53
67 53
67 54
67 54
68 55
68 55
69 55
69 55
70 54
70 54
71 53
71 53
72 52
72 52
73 51
73 50
73 50
74 49
74 49
75 48
75 47
75 47
75 46
75 46
75 45
75 44
75 44
75 43
75 43
75 43
75 43
75 43
75 44
75 44
75 45
75 45
75 46
75 47
75 47
74 48
74 49
74 49
74 50
74 51
74 51
74 52
74 53
74 53
75 53
75 53
75 54
75 54
75 53
75 53
75 52
75 52
76 51
76 51
76 50
76 49
76 49
76 48
77 47
77 46
77 46
78 45
78 45
79 44
79 43
79 43
79 43
80 43
80 43
80 43
81 43
81 43
81 44
81 44
81 45
81 45
82 46
82 46
82 47
82 47
83 48
83 48
84 49
84 49
84 50
84 50
85 50
85 50
86 50
86 50
87 50
87 50
88 49
88 49
89 48
89 47
89 47
89 46
89 46
89 45
89 44
89 44
89 43
89 42
89 42
89 41
89 40
89 40
89 39
89 38
89 38
88 37
88 37
88 37
88 37
88 37
87 38
87 39
87 39
87 40
87 40
87 41
87 42
87 43
87 43
87 44
87 45
87 45
87 46
87 47
87 47
87 48
87 49
87 49
87 50
87 51
87 51
87 51
88 51
88 51
88 50
88 50
89 49
89 49
90 48
90 47
90 47
91 46
91 45
91 45
91 44
91 43
91 43
92 42
92 42
92 41
92 41
93 42
93 42
94 43
94 43
95 44
95 45
95 45
96 46
97 46
97 46
98 47
98 47
99 47
100 47
