48 3
49 2
49 2
48 1
47 1
47 1
46 0
46 0
45 1
44 1
43 2
43 2
42 3
41 4
40 5
40 5
39 6
38 7
37 8
37 8
36 9
35 10
35 11
34 12
33 13
33 13
32 14
31 15
30 16
30 17
29 18
28 19
28 19
27 20
26 21
26 22
25 23
24 24
23 25
23 26
22 27
22 27
21 28
21 29
20 30
20 31
19 32
18 33
18 34
17 35
17 36
16 37
16 37
15 38
15 39
14 40
14 41
13 42
12 43
12 44
11 45
11 46
10 47
10 47
9 48
9 49
8 50
7 51
7 52
6 53
6 54
5 55
4 56
4 57
3 58
3 58
2 59
2 60
1 61
1 62
0 63
0 64
0 64
0 65
0 66
0 66
1 67
1 67
2 67
3 66
4 66
5 66
5 66
6 65
7 64
8 64
9 63
9 63
10 63
11 62
12 62
13 61
14 61
14 61
15 61
16 61
17 61
17 61
18 61
19 62
20 62
20 62
20 63
20 64
20 65
20 66
20 67
20 67
20 68
19 69
19 70
19 71
18 72
18 73
18 73
18 74
17 75
17 76
16 77
16 78
15 79
15 80
15 80
14 81
14 82
13 83
13 84
12 85
12 86
11 87
11 88
11 88
10 89
10 90
9 91
9 92
8 93
8 94
8 94
7 95
6 96
6 97
5 98
4 99
4 99
3 100
3 100
3 100
4 99
4 99
5 98
5 97
6 96
6 95
6 95
7 94
7 93
8 92
8 91
9 90
9 89
9 89
10 88
10 87
11 86
11 85
12 84
12 83
13 82
13 82
14 81
14 80
15 79
16 78
16 77
17 76
17 75
18 74
18 74
19 73
19 72
20 71
21 70
21 69
22 68
22 68
23 67
23 66
24 65
25 64
25 63
26 62
26 62
27 61
27 60
28 59
28 58
29 57
29 57
30 56
31 55
31 54
32 53
32 53
33 52
33 51
34 50
34 49
34 49
35 48
35 48
36 48
36 48
35 48
35 48
35 48
35 49
35 50
35 50
35 51
35 51
35 52
35 53
35 53
35 54
35 55
35 55
35 56
35 57
35 57
35 58
35 59
35 60
35 60
35 61
35 62
35 62
36 63
36 64
36 64
36 65
36 65
37 65
37 65
38 64
38 64
38 63
39 62
39 61
39 61
39 60
40 59
40 58
40 58
41 57
42 56
42 56
42 55
42 54
42 53
42 52
42 51
42 51
42 50
43 49
43 48
43 48
43 47
43 46
43 46
43 45
43 45
43 46
43 46
43 46
43 47
43 48
43 48
43 49
43 50
43 51
43 51
43 52
42 53
42 54
42 54
42 55
42 56
42 56
43 57
43 57
43 57
44 57
44 57
45 56
46 56
46 56
47 55
48 54
48 54
49 53
49 52
49 52
49 52
50 51
50 50
51 49
52 48
53 47
53 46
54 45
54 45
54 44
54 44
54 43
54 42
54 42
54 41
54 41
54 40
54 40
53 40
53 40
53 40
53 40
52 41
52 41
51 42
51 43
51 43
50 44
50 45
50 45
49 46
49 47
49 47
49 48
49 48
49 49
49 50
49 50
49 51
49 51
50 51
50 51
50 51
51 50
52 50
52 50
52 50
53 50
53 50
53 50
53 51
53 52
53 52
52 53
52 54
52 54
51 55
51 55
50 56
49 56
49 56
48 57
48 58
48 58
47 59
47 59
47 59
47 58
47 58
48 57
49 56
49 55
50 54
51 53
52 52
52 51
53 50
54 49
55 48
55 47
56 46
57 45
57 45
58 44
59 44
60 43
61 42
62 42
63 41
63 41
64 40
64 39
65 38
65 38
66 37
66 37
66 37
66 36
66 36
66 35
66 35
66 35
65 35
65 35
64 36
63 36
63 36
62 36
62 36
61 37
60 38
60 38
60 39
59 40
59 41
59 41
58 42
58 43
58 43
58 44
57 45
57 46
57 47
57 47
57 48
57 49
57 49
58 50
58 51
58 51
59 51
59 51
60 50
61 50
61 50
62 49
63 48
63 48
64 47
64 46
65 45
65 45
66 44
66 43
66 43
67 42
67 41
67 41
68 40
68 40
68 39
68 38
68 38
68 37
68 37
67 36
67 36
67 37
67 37
67 38
67 38
67 39
67 40
67 40
67 41
67 42
67 43
67 43
67 44
67 45
67 45
68 46
69 46
69 46
70 46
70 46
71 45
72 45
72 45
73 44
74 44
74 44
75 43
76 42
76 42
77 41
78 41
78 41
78 40
78 40
78 39
78 39
78 38
78 37
78 37
77 36
77 36
77 35
77 34
77 34
77 34
77 34
77 34
77 35
77 35
77 36
77 37
77 38
77 38
77 39
77 40
77 40
77 41
77 42
77 42
77 43
77 44
77 44
77 44
77 44
77 44
78 43
78 43
78 42
78 41
78 41
78 40
79 39
79 38
79 38
79 37
79 36
79 36
79 35
80 34
80 33
80 33
80 32
80 32
80 31
80 31
81 31
81 31
81 32
81 32
81 33
81 33
82 34
82 35
82 35
82 36
82 36
83 37
83 38
83 38
84 39
84 40
84 40
85 41
85 41
86 41
86 41
87 40
88 40
88 40
89 39
89 38
89 38
90 37
91 37
91 37
91 36
92 35
92 34
92 34
93 33
93 33
93 32
93 31
93 31
93 30
93 30
92 29
92 28
92 28
92 27
92 27
91 26
91 25
91 25
90 24
90 24
90 24
89 25
89 25
88 26
88 27
88 27
88 28
88 29
88 30
88 30
88 31
87 32
87 33
87 33
87 34
87 35
87 36
87 36
88 37
88 38
88 38
89 39
89 39
90 38
90 38
91 37
92 36
92 36
93 35
93 34
93 34
94 33
94 32
94 32
94 31
94 31
94 30
94 29
94 29
93 28
93 28
93 28
93 29
93 29
92 30
92 31
92 31
92 32
92 33
92 34
92 34
92 35
93 36
93 37
93 37
94 38
94 38
95 38
96 39
97 39
97 39
98 39
99 39
