18 22
19 21
20 20
20 19
21 18
21 18
21 17
22 16
22 15
22 15
22 14
22 13
22 13
22 12
23 11
23 10
23 10
23 9
24 8
24 7
24 7
24 6
24 5
24 5
24 4
24 3
24 3
23 2
23 1
23 1
22 0
22 0
21 1
20 1
20 1
19 2
18 3
17 4
17 4
16 5
16 6
15 7
15 8
14 9
14 9
13 10
13 11
12 12
12 13
11 14
11 15
10 16
10 16
10 17
9 18
9 19
8 20
8 21
7 22
7 23
7 23
7 24
6 25
6 26
6 27
5 28
5 29
5 30
4 31
4 32
4 32
4 33
3 34
3 35
3 36
2 37
2 38
2 38
2 39
2 40
1 41
1 42
1 43
1 43
1 44
1 45
1 46
1 46
1 47
2 48
2 49
2 49
3 50
3 51
3 51
4 52
5 52
5 52
6 53
7 53
7 53
8 53
9 53
10 53
10 53
11 53
12 53
13 53
13 53
14 53
15 54
16 54
16 54
17 55
18 56
18 56
19 57
19 58
19 58
19 59
20 60
20 61
20 62
20 62
20 63
20 64
19 65
19 66
19 67
19 67
19 68
19 69
18 70
18 71
18 72
18 73
18 73
18 74
17 75
17 76
16 77
16 78
16 78
15 79
15 80
14 81
14 82
13 83
13 83
12 84
12 85
11 86
11 87
10 88
10 89
10 89
9 90
9 91
8 92
8 93
7 94
7 94
6 95
5 96
4 97
4 97
3 98
3 99
2 100
2 100
1 100
0 100
0 100
0 100
0 99
0 99
0 98
0 98
0 97
1 96
1 95
1 94
1 94
2 93
2 92
3 91
3 90
3 90
4 89
4 88
5 87
6 86
7 85
7 84
8 83
9 82
9 81
10 80
11 79
12 78
12 77
13 76
14 75
15 74
15 73
16 72
17 71
17 70
18 69
19 68
20 67
20 66
21 65
21 65
22 64
22 63
23 62
23 62
23 62
23 61
23 61
23 61
23 62
23 62
23 63
23 63
23 64
23 65
23 66
23 66
23 67
22 68
22 69
22 70
22 70
22 71
22 72
22 73
22 74
22 75
22 75
22 76
22 77
22 78
22 78
22 79
21 80
21 81
21 82
21 82
21 83
21 84
21 84
21 85
21 85
22 86
22 86
22 85
22 85
23 84
23 83
23 83
24 82
24 81
25 80
25 79
25 79
25 78
26 77
26 76
27 75
27 74
27 74
27 73
27 72
28 71
28 70
28 69
28 68
28 68
28 67
29 66
29 65
29 64
30 63
30 62
30 62
30 61
31 60
31 59
31 58
31 58
32 57
32 57
32 57
32 57
32 58
32 59
32 59
32 60
32 61
32 62
32 62
32 63
32 64
32 65
32 65
32 66
32 67
32 68
32 69
32 69
32 70
32 71
32 72
32 72
33 73
33 74
33 74
33 75
33 76
33 76
34 76
34 76
35 76
36 76
36 76
37 75
38 74
38 74
39 73
39 72
40 71
40 70
40 70
40 69
41 68
41 67
42 66
42 65
43 64
43 63
43 63
44 62
44 61
45 60
45 59
46 58
46 58
47 57
47 56
48 55
48 54
49 53
49 52
49 52
49 51
50 50
50 49
50 48
51 47
51 46
51 46
51 45
51 44
52 43
52 42
52 41
52 41
53 40
53 39
53 39
53 38
53 38
52 38
52 38
52 39
52 39
51 40
51 41
51 41
50 42
50 43
49 44
49 44
49 45
49 46
48 47
48 48
48 49
48 49
48 50
47 51
47 52
47 52
47 53
47 54
47 55
47 56
47 56
47 57
47 58
47 59
47 59
48 60
48 61
48 61
48 62
49 63
49 64
49 64
50 65
50 66
50 66
51 67
51 68
51 68
51 69
51 70
51 70
52 71
52 71
52 72
52 72
51 73
51 73
50 74
50 74
49 75
49 75
48 76
48 76
47 75
47 75
46 74
46 74
47 73
47 72
47 72
47 71
48 70
48 69
48 69
49 68
49 67
50 66
50 65
50 65
51 64
51 63
52 62
52 62
53 61
54 60
54 59
55 58
55 58
56 57
56 56
57 55
57 55
58 54
58 53
59 52
59 52
59 51
60 50
60 49
60 49
61 48
61 47
62 46
62 46
62 45
62 44
62 44
62 43
62 43
62 43
61 43
61 43
60 44
60 44
59 45
59 46
58 47
58 47
58 48
57 49
57 50
57 50
57 51
56 52
56 53
56 54
56 54
56 55
55 56
55 57
55 57
55 58
54 59
54 60
54 60
54 61
54 62
54 63
54 63
54 64
54 64
55 65
55 65
55 65
56 64
56 64
57 63
57 62
57 62
57 61
58 60
58 59
58 58
58 58
59 57
59 56
60 55
60 54
60 54
60 53
61 52
61 51
61 51
62 50
62 49
62 49
63 48
63 48
63 48
63 49
63 49
63 50
63 51
63 52
63 52
63 53
63 54
63 55
63 55
63 56
63 57
63 57
63 58
63 59
63 59
64 60
64 61
64 61
64 62
64 62
65 62
65 62
66 61
66 60
66 60
67 59
67 58
68 57
68 57
69 56
69 55
70 54
70 53
70 53
70 52
71 51
71 50
72 49
72 48
72 48
73 47
73 46
74 45
74 44
74 44
74 43
74 42
75 41
75 40
75 39
75 39
76 38
76 37
76 37
76 36
76 35
76 35
76 35
76 36
76 36
76 37
76 38
76 38
76 39
76 40
76 41
76 42
76 42
76 43
75 44
75 45
75 46
75 46
75 47
75 48
75 49
75 50
75 50
75 51
74 52
74 53
74 53
74 54
74 55
74 56
74 56
73 57
73 58
73 58
73 59
73 59
73 58
73 58
74 57
74 57
74 56
74 55
74 54
74 54
74 53
75 52
75 51
76 50
76 49
76 49
76 48
76 47
77 46
77 45
77 44
77 44
77 43
78 42
78 41
79 40
79 39
79 39
80 38
80 37
81 36
81 35
81 35
81 34
82 33
82 32
82 32
83 31
83 31
84 32
84 32
84 33
84 33
84 34
84 35
84 35
84 36
84 37
84 38
84 39
84 39
84 40
84 41
84 42
84 42
84 43
84 44
84 45
84 46
84 46
84 47
84 48
84 49
84 49
84 50
84 51
84 52
84 52
85 53
85 53
86 52
86 52
87 51
88 51
88 51
89 50
89 49
90 48
90 48
91 47
91 46
92 45
92 44
92 44
92 43
93 42
93 41
93 40
93 40
94 39
94 38
95 37
95 36
95 36
95 35
95 34
95 33
95 32
95 32
95 31
96 30
96 29
96 29
96 28
96 27
96 26
96 26
95 25
95 24
95 24
95 23
95 22
95 22
94 22
94 22
93 23
93 23
92 24
91 25
91 25
90 26
90 27
89 28
89 28
89 29
88 30
88 31
88 32
88 32
88 33
87 34
87 35
87 36
87 36
87 37
86 38
86 39
86 40
86 40
86 41
86 42
86 43
86 44
86 44
86 45
86 46
86 47
86 47
86 48
86 49
86 49
87 49
87 49
88 48
89 47
89 47
90 46
90 45
91 44
91 43
91 43
92 42
93 41
93 40
94 39
94 39
94 38
95 37
95 36
96 35
96 34
96 34
96 33
96 32
97 31
97 30
97 29
97 29
98 28
98 27
99 26
99 25
99 25
99 24
99 24
99 24
99 25
99 25
99 26
98 27
98 28
98 28
98 29
98 30
98 31
98 32
98 32
98 33
98 34
97 35
97 36
97 37
97 37
97 38
97 39
97 40
97 41
97 41
97 42
97 43
97 44
97 45
97 45
97 46
98 47
98 48
98 48
99 49
99 50
