22 7
22 6
22 5
22 4
22 3
22 2
22 2
22 1
22 1
21 0
21 0
20 1
19 1
19 1
18 2
17 2
17 2
16 3
16 4
15 5
15 6
14 7
14 7
14 8
13 9
13 10
13 11
12 12
12 13
12 13
11 14
11 15
10 16
10 17
9 18
9 19
8 20
8 20
8 21
7 22
7 23
6 24
6 25
5 26
5 27
5 27
5 28
4 29
4 30
4 31
4 32
3 33
3 34
3 35
3 35
3 36
2 37
2 38
1 39
1 40
0 41
0 42
0 42
0 43
0 44
0 45
0 46
0 46
0 47
0 48
0 49
0 49
1 50
1 50
2 50
3 50
3 50
4 49
5 49
5 49
6 49
7 48
8 48
9 48
9 48
10 47
11 47
12 46
12 46
13 46
14 46
14 46
15 47
16 47
16 47
17 48
18 49
18 49
18 50
19 51
19 52
19 52
19 53
20 54
20 55
20 55
20 56
20 57
20 58
20 59
20 60
20 60
20 61
19 62
19 63
19 64
19 64
19 65
19 66
18 67
18 68
18 69
18 70
18 70
18 71
17 72
17 73
16 74
16 75
16 75
16 76
15 77
15 78
15 79
14 80
14 81
14 81
13 82
13 83
12 84
12 85
11 86
11 86
10 87
10 88
9 89
9 90
8 91
8 92
8 92
7 93
6 94
6 95
5 96
5 96
4 97
4 98
3 99
3 100
3 100
2 100
1 100
1 100
1 99
1 99
1 98
1 97
1 97
1 96
1 95
2 94
2 93
2 92
2 92
3 91
3 90
4 89
4 88
5 87
5 86
5 86
5 85
6 84
6 83
6 82
6 81
7 80
7 79
7 79
8 78
8 77
9 76
9 75
10 74
10 73
10 73
11 72
11 71
12 70
12 69
13 68
13 67
13 67
14 66
14 65
15 64
15 63
16 62
16 62
17 61
18 60
19 59
19 59
20 58
20 57
21 56
21 56
22 55
22 54
22 54
23 53
23 53
23 53
23 53
23 54
23 54
23 55
23 56
23 56
23 57
23 58
23 58
23 59
23 60
23 61
23 62
23 62
23 63
23 64
23 65
23 65
23 66
23 67
23 68
23 68
23 69
23 70
23 71
23 71
23 72
24 73
24 74
24 74
24 75
24 75
25 75
25 75
26 74
26 74
26 73
27 72
27 71
27 70
27 70
27 69
28 68
28 67
29 66
29 65
29 65
29 64
29 63
30 62
30 61
30 60
30 59
30 59
30 58
30 57
31 56
31 55
31 54
31 54
31 53
31 52
32 51
32 50
32 49
32 49
32 48
33 47
33 46
33 46
33 46
33 46
33 47
33 48
33 48
33 49
33 50
33 51
33 51
33 52
33 53
33 54
33 54
33 55
34 56
34 57
34 57
34 58
34 59
34 60
34 60
35 61
35 62
35 62
36 63
36 63
37 63
37 63
38 62
39 61
39 61
40 60
40 59
41 58
41 57
41 57
42 56
42 55
43 54
43 53
44 52
44 51
44 51
44 50
45 49
45 48
45 47
45 46
46 45
46 44
46 44
46 43
47 42
47 41
47 40
48 39
48 38
48 38
48 37
49 36
49 35
49 34
50 33
50 32
50 32
50 31
51 30
51 29
51 29
51 28
51 28
51 28
50 29
50 29
50 30
50 31
50 31
50 32
49 33
49 34
49 34
49 35
48 36
48 37
48 37
48 38
47 39
47 40
47 40
47 41
47 42
47 42
48 43
48 44
48 44
48 45
48 46
48 46
49 47
50 48
50 48
51 49
51 49
51 50
51 51
51 51
52 52
52 52
52 53
52 54
52 54
52 55
52 55
51 56
51 56
50 57
50 57
49 57
49 57
49 57
48 56
48 56
48 55
48 54
48 54
49 53
49 52
49 52
50 51
50 50
51 49
51 48
51 48
51 47
52 46
52 45
52 44
52 44
53 43
53 42
54 41
54 40
54 40
55 39
56 38
57 37
57 37
57 36
58 35
58 34
58 34
58 33
59 32
59 31
59 31
59 30
60 29
60 28
60 28
60 27
60 27
60 27
60 27
59 27
59 27
59 28
59 28
59 29
58 30
58 31
58 31
58 32
57 33
57 34
57 34
57 35
56 36
56 37
56 37
56 38
55 39
55 40
55 41
55 41
55 42
55 43
55 44
55 44
55 45
55 46
55 46
56 47
56 47
56 48
56 48
57 47
57 47
58 46
58 46
58 45
58 44
58 43
58 43
58 42
59 41
59 40
59 39
59 39
59 38
60 37
60 36
60 36
60 35
61 34
61 33
61 33
61 32
61 32
61 31
61 31
61 31
61 32
61 32
61 33
61 34
61 34
61 35
61 36
61 37
61 37
62 38
62 39
62 39
62 40
62 41
62 42
62 42
63 43
63 43
64 44
64 45
64 45
65 44
65 44
66 43
66 43
67 42
67 41
68 40
68 40
69 39
69 38
70 37
70 36
70 36
70 35
71 34
71 33
71 32
71 32
71 31
71 30
72 29
72 28
72 27
72 27
72 26
73 25
73 24
73 24
74 23
74 22
74 22
74 21
74 20
74 20
74 20
74 21
74 21
74 22
74 23
74 23
74 24
73 25
73 26
73 26
73 27
73 28
73 29
73 29
73 30
73 31
73 32
73 33
73 33
73 34
73 35
73 35
73 36
73 37
73 37
73 38
73 38
73 38
73 37
73 37
74 36
74 35
74 35
74 34
75 33
75 32
75 32
75 31
76 30
76 29
76 28
76 28
76 27
77 26
77 25
77 24
77 24
77 23
78 22
78 21
78 21
79 20
79 19
79 19
79 18
79 18
80 18
80 18
80 19
80 19
80 20
80 21
80 21
80 22
81 23
81 24
81 24
81 25
81 26
81 27
81 27
81 28
81 29
81 29
81 30
82 31
82 32
82 32
83 33
83 33
84 33
84 33
85 32
86 31
86 31
87 30
88 29
88 29
89 28
89 27
90 26
90 25
90 25
91 24
91 23
92 22
92 22
92 21
93 20
93 19
93 18
93 18
93 17
94 16
94 15
94 14
94 14
94 13
95 12
95 11
95 11
94 10
94 9
94 9
94 8
94 7
94 7
93 6
93 6
92 6
92 6
91 7
91 8
91 8
90 9
90 10
90 10
90 11
89 12
89 13
89 13
89 14
88 15
88 16
88 16
88 17
88 18
88 19
88 19
88 20
88 21
88 22
88 22
88 23
88 24
88 24
89 25
89 25
89 26
89 26
90 26
90 26
91 25
92 24
92 24
93 23
93 22
93 22
93 21
94 20
94 19
94 18
94 18
94 17
95 16
95 15
95 15
95 14
95 13
95 12
95 12
96 11
96 10
96 10
96 9
96 9
96 9
96 10
96 10
96 11
96 12
96 12
96 13
96 14
96 15
96 15
96 16
97 17
97 18
97 19
97 19
97 20
97 21
97 21
98 22
98 23
98 23
99 24
99 25
99 25
100 25
