50 8
50 7
51 6
51 5
51 4
51 4
51 3
51 3
50 2
50 2
49 1
49 1
48 1
48 1
47 0
47 0
46 0
46 0
45 1
44 1
44 1
43 2
43 2
42 3
41 4
41 4
40 5
39 5
38 6
38 6
37 7
36 8
35 9
35 9
34 10
34 11
33 12
33 13
32 14
32 14
31 15
30 16
29 17
29 18
28 19
27 20
27 20
26 21
26 22
25 23
25 24
24 25
24 26
23 27
23 27
22 28
22 29
21 30
21 31
20 32
20 33
19 34
19 35
19 35
18 36
18 37
17 38
16 39
15 40
15 41
14 42
14 42
13 43
13 44
12 45
12 46
11 47
11 48
10 49
10 49
10 50
9 51
9 52
8 53
8 54
7 55
7 56
7 56
6 57
6 58
5 59
5 60
4 61
4 62
4 62
4 63
3 64
3 65
2 66
2 67
2 67
2 68
1 69
1 70
1 71
1 71
1 72
0 73
0 74
0 75
0 75
0 76
0 77
0 78
0 78
0 79
0 80
0 80
1 81
1 81
2 82
2 82
3 81
4 81
4 81
5 81
6 80
7 80
7 80
8 80
9 79
10 79
11 79
11 79
12 79
13 78
14 78
14 78
15 78
16 77
17 77
17 77
18 78
19 78
19 78
20 78
20 78
21 79
21 79
21 80
21 81
21 81
21 82
21 82
21 83
20 84
20 85
20 85
19 86
19 87
18 88
18 88
17 89
17 90
16 91
16 91
15 92
15 93
14 94
14 94
14 95
13 96
13 97
13 97
12 98
11 99
11 99
10 100
10 100
10 100
10 100
11 99
11 99
12 98
12 97
12 97
13 96
13 95
14 94
14 94
15 93
16 92
16 92
17 91
18 90
19 89
19 89
20 88
20 87
21 86
21 86
22 85
23 84
24 83
24 83
25 82
26 81
26 81
27 80
28 79
28 79
29 78
30 78
30 78
31 77
31 77
32 77
32 77
33 77
33 77
33 77
33 77
32 78
32 78
32 79
32 79
32 80
32 80
32 81
32 81
32 82
32 82
32 83
32 84
32 84
32 85
32 85
32 86
32 86
32 87
32 87
33 88
33 88
33 88
34 87
34 87
35 86
35 86
36 85
37 84
37 84
38 83
38 82
38 82
39 81
39 80
39 80
40 79
40 78
40 78
41 77
41 76
41 76
42 75
42 75
42 75
42 75
42 75
42 75
42 76
42 76
42 77
42 77
42 78
42 78
42 79
42 79
42 80
42 80
42 81
42 81
43 82
43 82
44 83
44 83
45 83
45 83
46 82
46 82
47 81
48 81
48 81
49 80
50 79
50 79
51 78
51 78
52 77
53 77
53 77
54 76
54 76
54 75
54 75
55 74
55 74
55 74
55 73
55 73
54 72
54 72
54 72
54 71
54 71
54 71
54 71
54 71
53 71
53 71
53 72
53 72
52 73
52 73
52 74
52 74
51 75
51 75
51 76
51 76
51 77
51 77
51 77
51 78
51 78
51 78
51 78
52 78
52 78
52 78
53 78
53 78
54 78
54 78
55 78
55 78
55 79
55 79
56 79
56 79
56 79
56 80
56 80
55 81
55 81
55 81
54 82
54 82
53 83
53 83
52 83
52 83
52 83
52 83
52 83
52 82
52 82
53 81
54 81
55 80
56 79
57 79
58 78
58 78
59 78
60 77
61 77
62 77
62 77
63 76
64 76
64 76
65 76
65 76
65 75
65 75
66 75
66 75
65 75
65 75
65 74
65 74
65 74
64 73
64 73
64 72
64 72
64 72
63 71
63 71
63 71
63 71
62 71
62 71
62 72
62 72
62 73
62 73
61 74
61 74
61 75
61 76
61 76
61 77
61 77
61 78
61 78
61 79
61 79
61 79
62 79
62 79
63 79
63 79
64 78
64 78
65 77
65 77
66 76
66 75
66 75
66 74
66 74
66 73
66 73
66 72
66 72
66 72
66 72
66 72
66 72
67 72
67 72
67 73
67 73
68 74
68 74
69 74
69 74
69 75
69 75
70 75
71 75
71 75
72 75
72 75
73 75
73 75
74 74
74 74
75 73
75 73
76 73
76 73
76 72
76 72
76 71
76 71
76 70
76 70
76 69
76 69
76 68
76 68
76 67
76 67
76 67
76 66
76 66
76 66
76 67
76 67
76 67
76 68
76 69
76 69
76 70
76 70
76 71
76 72
76 72
76 73
76 73
76 74
76 74
76 75
76 75
76 75
76 75
77 75
77 75
77 74
77 74
77 73
77 73
78 72
78 72
78 71
78 71
79 70
79 69
79 69
80 68
80 68
80 67
80 67
81 67
81 67
81 67
81 67
82 67
82 67
82 67
82 68
82 68
82 69
82 69
82 69
83 70
83 70
83 70
83 71
83 71
84 71
84 71
84 71
85 71
85 71
86 71
86 71
86 71
87 70
87 70
88 70
88 70
88 69
88 69
88 68
88 68
89 67
89 67
89 66
89 66
89 65
89 65
89 64
89 64
88 64
88 64
88 63
88 63
88 63
87 63
87 63
87 63
87 64
87 64
86 65
86 66
86 66
86 67
86 67
86 68
86 69
86 69
86 70
86 71
86 71
86 72
86 72
87 73
87 73
87 73
88 73
88 73
88 73
89 72
89 72
89 71
89 71
90 70
90 70
90 69
90 68
90 68
90 67
90 67
91 67
91 67
91 67
91 67
91 67
92 67
92 67
92 68
92 68
93 69
94 69
94 69
95 69
95 69
96 70
96 70
97 71
97 71
98 71
98 71
99 71
99 71
100 71
