22 8
22 7
22 6
22 5
22 4
22 3
22 3
21 2
21 1
21 1
20 0
20 0
19 1
19 1
18 2
18 3
17 4
17 4
16 5
16 6
15 7
15 8
14 9
14 9
13 10
13 11
12 12
11 13
11 14
10 15
10 15
10 16
9 17
9 18
9 19
8 20
8 21
8 22
8 23
7 24
7 25
7 25
7 26
6 27
6 28
6 29
5 30
5 31
5 32
4 33
4 34
4 34
4 35
3 36
3 37
3 38
2 39
2 40
2 41
1 42
1 43
1 43
1 44
1 45
1 46
0 47
0 48
0 49
0 50
0 50
0 51
0 52
0 53
0 54
0 54
0 55
0 56
0 56
1 57
1 58
1 58
2 58
3 59
4 59
4 59
5 59
6 60
7 60
7 60
8 60
9 60
10 60
10 60
11 60
12 60
13 60
13 60
14 61
15 61
16 62
16 62
17 63
18 63
19 64
19 64
19 65
20 66
20 67
20 67
20 68
21 69
21 70
21 70
21 71
21 72
21 73
21 74
21 74
21 75
21 76
20 77
20 78
20 79
20 79
20 80
19 81
19 82
18 83
18 84
18 84
18 85
17 86
17 87
17 88
16 89
16 90
16 90
15 91
14 92
14 93
13 94
13 94
12 95
11 96
11 97
10 98
10 98
9 99
8 100
8 100
7 100
6 100
6 100
5 100
5 100
5 99
5 98
5 98
5 97
6 96
6 95
6 94
6 94
7 93
7 92
8 91
8 90
9 89
9 89
9 88
10 87
10 86
10 85
11 84
11 83
11 83
12 82
12 81
13 80
13 79
14 78
14 77
14 77
15 76
15 75
16 74
17 73
17 72
18 71
18 71
19 70
19 69
20 68
20 67
21 66
21 66
21 65
22 64
22 63
23 62
23 61
23 61
24 60
24 59
25 58
25 58
26 57
26 57
27 57
27 57
27 58
27 58
27 59
27 60
27 61
27 61
27 62
27 63
27 64
27 65
27 65
27 66
27 67
27 68
27 68
27 69
27 70
27 71
27 71
27 72
27 73
27 74
27 74
27 75
27 76
27 77
27 77
27 78
27 79
27 80
27 80
27 81
27 82
27 82
27 83
27 83
28 83
28 83
29 83
29 83
29 82
30 81
30 80
30 80
31 79
31 78
32 77
32 76
32 76
32 75
32 74
33 73
33 72
33 71
33 71
33 70
34 69
34 68
35 67
35 66
35 66
35 65
35 64
36 63
36 62
36 61
36 60
36 60
36 59
37 58
37 57
37 57
38 56
38 55
38 55
38 55
38 56
38 56
38 57
38 57
38 58
38 59
38 60
38 60
38 61
38 62
38 63
38 63
38 64
37 65
37 66
37 67
37 67
38 68
38 69
38 69
38 70
38 71
38 71
39 72
39 72
40 71
40 71
41 70
41 69
41 69
42 68
43 67
43 66
44 65
44 65
44 64
45 63
45 62
46 61
46 60
46 60
47 59
47 58
48 57
48 56
49 55
49 54
49 54
50 53
50 52
51 51
51 50
51 50
51 49
52 48
52 47
52 46
52 46
53 45
53 44
53 44
53 43
53 42
53 42
52 42
52 42
52 42
51 42
51 42
50 43
50 44
50 44
49 45
49 46
49 46
48 47
48 48
48 48
48 49
48 50
48 51
48 51
48 52
48 53
48 53
48 54
48 55
48 56
48 56
49 57
49 58
49 58
50 59
50 60
50 60
51 61
51 62
51 62
52 63
52 64
52 64
52 65
52 65
53 66
53 67
53 67
53 68
53 68
52 69
52 70
52 70
51 71
51 72
51 72
50 73
50 73
49 74
49 74
48 75
48 75
48 74
48 74
48 73
48 73
48 72
48 71
48 70
48 70
49 69
49 68
50 67
50 66
50 66
51 65
51 64
52 63
52 62
53 61
53 61
53 60
54 59
54 58
55 57
55 56
55 56
56 55
57 54
57 53
58 52
58 52
59 51
59 50
60 49
60 48
60 48
60 47
61 46
61 45
61 45
61 44
62 43
62 42
62 42
63 41
63 41
63 41
62 40
62 40
61 41
61 42
61 42
60 43
60 43
60 44
59 45
59 46
59 47
59 47
59 48
58 49
58 50
58 50
58 51
57 52
57 53
57 54
57 54
57 55
56 56
56 57
56 57
56 58
56 59
56 60
56 60
56 61
56 62
56 62
57 63
57 63
57 63
58 62
58 62
59 61
59 60
60 59
60 59
60 58
61 57
61 56
61 55
61 55
61 54
62 53
62 52
62 52
62 51
63 50
63 49
63 48
63 48
63 47
63 46
63 45
63 45
63 44
63 43
63 43
63 43
63 43
63 44
63 45
63 45
63 46
63 47
63 47
63 48
63 49
63 50
63 50
63 51
63 52
63 52
64 53
64 54
64 54
64 55
64 56
64 56
65 56
65 56
66 56
66 56
67 55
68 55
68 55
68 54
69 53
69 52
69 52
70 51
70 50
71 49
71 49
72 48
72 47
73 46
73 45
73 45
73 44
74 43
74 42
74 41
74 41
74 40
75 39
75 38
75 37
75 37
75 36
75 35
75 34
75 34
76 33
76 32
76 32
76 31
76 31
76 31
76 32
76 32
76 33
76 34
76 34
76 35
76 36
76 37
76 37
76 38
75 39
75 40
75 40
75 41
75 42
75 43
75 43
75 44
75 45
75 46
75 47
75 47
75 48
75 49
75 49
75 50
75 50
75 50
75 50
75 50
75 49
75 48
75 48
75 47
76 46
76 45
76 44
76 44
76 43
76 42
77 41
77 40
77 39
77 39
77 38
78 37
78 36
78 35
78 35
79 34
79 33
80 32
80 31
80 31
81 30
81 29
81 29
82 28
82 27
82 27
82 27
83 28
83 28
83 29
83 30
83 30
83 31
83 32
83 33
83 33
83 34
84 35
84 36
84 36
84 37
84 38
84 38
84 39
84 40
84 40
85 41
85 42
85 42
86 43
86 43
87 42
87 42
88 41
89 40
89 40
90 39
90 38
91 37
91 37
91 36
92 35
92 34
92 34
93 33
93 32
94 31
94 31
94 30
94 29
94 28
94 28
94 27
95 26
95 25
95 25
95 24
94 23
94 22
94 22
94 21
94 20
94 20
93 19
93 19
92 18
92 18
91 19
91 19
90 20
90 21
90 21
90 22
90 23
90 24
90 24
90 25
89 26
89 27
89 28
89 28
89 29
88 30
88 31
88 31
88 32
88 33
88 34
88 34
88 35
88 36
88 36
88 37
88 38
88 38
89 39
89 39
90 38
90 38
91 37
91 36
91 36
91 35
92 34
92 33
92 33
92 32
93 31
93 30
93 30
93 29
94 28
94 27
94 26
94 26
94 25
95 24
95 23
95 22
95 22
95 21
95 21
96 20
96 20
96 21
96 21
96 22
96 22
96 23
96 24
96 25
96 25
96 26
96 27
96 28
96 28
96 29
96 30
96 30
96 31
97 32
97 33
97 33
97 34
97 35
97 35
98 36
98 36
99 36
100 36
