2 43
2 43
2 43
1 44
0 45
0 45
0 45
0 45
0 45
1 45
2 45
2 45
3 44
4 44
4 44
5 44
6 43
7 43
8 43
8 43
9 43
10 42
11 42
12 41
13 41
13 41
14 41
15 40
16 40
17 40
18 39
19 39
19 39
20 39
21 39
22 39
23 38
24 38
25 38
26 38
26 38
27 38
28 37
29 37
30 37
31 36
32 36
32 36
33 36
34 36
35 35
36 35
37 35
37 35
38 35
39 34
40 34
40 34
41 34
42 33
43 33
43 33
44 33
44 33
44 33
43 34
43 34
42 33
41 32
40 31
39 30
38 29
37 28
36 27
35 26
34 25
33 24
32 23
31 22
30 21
29 20
28 19
27 18
27 18
27 17
27 16
28 15
28 14
28 13
28 13
27 12
27 11
27 11
26 10
25 10
25 10
25 9
25 9
25 10
25 10
26 10
26 10
26 11
27 12
27 13
27 13
27 14
27 15
27 16
27 17
27 18
27 18
27 19
27 20
27 21
27 22
28 23
28 24
28 25
28 26
28 27
28 27
28 28
28 29
28 30
28 31
28 32
28 33
28 34
28 35
28 36
28 37
28 38
28 39
28 39
28 40
28 41
28 42
28 43
28 44
28 45
27 46
27 47
27 48
27 49
27 50
27 51
27 52
27 53
27 53
27 54
27 55
27 56
27 57
27 58
27 59
27 60
27 61
27 62
27 63
27 64
27 65
27 66
27 67
27 67
27 68
27 69
27 70
27 71
27 72
27 73
27 74
27 75
27 76
27 77
27 77
27 78
27 79
27 80
27 81
27 82
27 83
27 84
27 85
27 85
27 86
27 87
27 88
27 89
27 89
27 90
27 91
27 92
27 92
27 93
27 94
27 94
28 95
28 95
28 94
28 94
28 93
28 93
28 92
28 91
28 90
28 90
28 89
28 88
28 87
28 86
28 86
28 85
28 84
28 83
28 82
28 81
28 80
28 79
28 78
28 77
28 76
28 75
28 74
28 73
28 72
28 71
28 70
28 69
29 68
29 67
29 66
29 65
29 64
29 63
29 62
29 61
29 60
29 59
29 58
29 57
29 56
29 55
29 54
29 53
29 52
29 51
29 51
29 50
29 49
29 48
29 47
29 46
30 45
30 44
30 43
30 42
30 41
30 40
30 40
30 39
30 38
30 37
30 37
30 36
30 36
29 35
29 35
29 35
28 36
28 37
28 37
28 38
27 39
27 40
27 41
27 41
27 42
26 43
26 44
26 45
25 46
25 47
25 47
25 48
24 49
24 50
24 51
24 52
23 53
23 54
23 55
23 55
23 56
22 57
22 58
22 59
21 60
21 61
21 61
21 62
21 63
20 64
20 65
20 66
20 66
20 67
19 68
19 69
19 69
18 70
18 70
17 71
17 71
17 70
18 69
18 68
19 67
19 66
20 65
20 64
21 63
21 62
21 61
22 60
22 59
23 58
23 57
24 56
24 55
25 54
25 53
25 52
26 51
26 50
27 49
27 48
28 47
28 46
29 45
29 44
29 44
30 43
31 42
31 42
30 42
29 42
29 42
29 42
29 42
30 43
31 43
31 43
32 44
33 45
33 45
34 46
35 46
36 47
37 47
37 47
38 48
39 48
40 49
40 49
41 50
42 50
42 50
43 51
44 52
44 52
45 53
46 53
46 53
46 54
46 54
47 55
47 55
47 55
47 54
47 53
47 52
47 51
47 50
48 49
48 48
48 47
48 46
48 45
48 44
48 43
48 42
48 41
48 40
48 39
48 38
49 37
49 36
49 35
49 34
49 33
49 32
49 31
49 30
49 29
49 28
49 27
49 26
50 25
50 24
50 23
50 22
50 21
50 20
50 19
50 19
50 18
50 17
50 16
50 15
50 14
50 14
50 13
50 12
50 11
50 11
50 10
50 9
50 9
50 8
50 8
51 8
51 8
52 9
52 9
52 10
52 11
52 12
52 13
52 14
52 14
52 15
52 16
52 17
52 18
52 19
52 20
52 21
52 21
52 22
52 23
52 24
52 25
51 26
51 27
51 28
51 29
51 30
51 30
51 31
51 32
51 33
50 34
50 35
50 36
50 37
50 37
50 38
50 39
50 40
50 41
50 42
50 43
50 43
50 44
50 45
50 45
50 46
50 47
50 47
50 48
50 48
50 48
50 47
50 47
50 46
50 45
50 45
50 44
50 43
50 42
50 42
50 41
50 40
50 39
50 38
50 38
50 37
50 36
50 35
50 34
50 34
50 33
50 32
50 31
50 30
50 29
50 29
50 28
50 27
51 26
51 25
51 24
51 24
51 23
51 22
51 21
51 20
51 20
51 19
51 18
52 17
52 16
52 15
52 15
52 14
52 13
52 12
52 11
52 11
52 10
53 9
53 8
53 8
53 7
53 6
53 6
54 5
54 5
55 4
56 3
56 3
57 2
58 2
58 2
59 1
60 1
60 1
61 0
61 0
62 1
62 1
62 2
63 3
63 4
63 4
63 5
63 6
63 7
63 8
63 8
63 9
63 10
63 11
62 12
62 13
62 14
62 15
62 15
62 16
62 17
62 18
62 19
62 20
62 21
62 22
62 22
62 23
62 24
62 25
61 26
61 27
61 28
61 29
61 30
61 30
61 31
61 32
60 33
60 34
60 35
60 35
60 36
60 37
60 38
60 39
60 39
59 40
59 41
59 41
59 42
59 43
59 43
58 44
58 44
58 44
58 43
58 43
58 42
58 41
58 40
58 39
57 38
57 37
57 36
57 35
57 34
57 33
57 32
57 31
57 30
56 29
56 28
56 27
56 26
56 25
56 25
56 25
55 25
54 24
53 24
53 24
52 24
52 24
52 24
52 24
53 24
53 24
54 24
54 24
55 23
56 23
56 23
57 23
58 23
58 23
59 23
60 23
60 23
61 23
61 23
61 24
61 24
61 25
61 25
61 26
61 26
61 27
61 28
61 29
61 29
60 30
60 31
59 32
58 33
58 34
57 35
57 35
56 36
55 37
55 38
54 39
53 40
53 40
52 41
51 42
51 42
50 43
50 43
50 43
50 43
50 43
51 42
51 42
52 41
53 41
53 41
54 40
55 40
55 40
56 39
57 39
57 39
58 38
59 38
59 38
60 38
60 38
61 38
61 38
62 39
62 39
61 40
60 41
59 41
58 42
57 43
56 44
55 45
54 45
53 46
52 47
51 48
50 49
49 49
48 50
47 51
47 51
46 52
45 52
44 53
43 53
42 54
42 54
41 55
40 55
40 55
39 55
39 55
39 55
40 54
41 54
41 54
42 53
43 53
43 53
44 52
45 52
46 51
47 51
47 51
48 50
49 50
50 49
51 49
51 49
52 49
53 48
54 48
54 48
55 47
56 47
56 47
57 48
58 48
58 48
59 49
59 49
59 50
58 51
58 52
58 52
57 53
57 54
56 55
56 55
55 56
55 57
54 58
54 59
54 59
53 60
52 61
51 62
50 63
50 63
49 64
48 65
47 66
46 67
46 67
45 68
44 68
43 69
43 69
42 70
41 70
40 71
40 71
39 72
38 72
38 72
37 72
37 72
37 72
38 71
38 70
38 70
39 69
39 68
40 67
40 67
41 66
42 65
43 64
44 63
45 63
46 62
47 61
48 60
49 59
49 59
50 58
51 58
52 57
53 57
53 57
54 56
54 56
55 56
55 56
56 56
56 56
57 56
57 56
58 56
59 56
59 56
60 55
61 55
61 55
62 55
63 54
64 54
64 54
65 53
66 52
66 52
67 52
68 52
68 52
69 52
70 51
71 51
71 51
72 51
73 51
74 51
74 51
75 51
76 51
77 51
78 51
78 51
79 51
80 51
81 51
82 51
83 51
83 51
84 51
85 51
86 51
87 51
88 51
88 51
89 51
90 52
91 52
92 53
93 53
93 53
94 54
95 55
96 56
96 56
97 57
97 58
98 59
98 60
99 61
99 61
99 62
99 63
100 64
100 65
100 66
100 66
100 67
99 68
99 69
99 70
99 71
98 72
98 73
98 73
98 74
97 75
97 76
97 77
96 78
96 79
96 79
95 80
95 81
94 82
94 83
93 84
93 84
92 85
91 86
90 87
89 88
88 89
88 89
87 90
86 91
85 91
84 92
83 93
83 93
82 94
81 94
80 95
79 95
78 96
78 96
77 97
76 97
75 98
74 98
73 99
72 99
72 99
71 99
70 99
69 100
68 100
67 100
66 100
66 100
65 100
64 100
63 100
62 100
61 100
61 100
60 100
59 100
58 100
58 100
58 99
58 98
59 97
59 96
59 95
59 94
59 93
59 92
60 91
60 90
60 89
60 88
60 87
60 86
61 85
61 84
61 83
61 82
61 81
61 80
62 79
62 78
62 77
62 76
62 75
62 74
63 73
63 72
63 71
63 70
63 69
63 68
64 67
64 66
64 65
64 64
64 63
64 62
65 61
65 60
65 59
65 58
65 58
66 57
67 57
68 56
69 56
70 55
71 55
72 54
73 54
74 53
74 53
75 52
76 51
76 51
77 51
78 51
78 51
79 51
80 50
81 50
81 50
82 50
83 51
84 51
84 51
84 51
84 52
84 53
84 53
83 54
82 55
82 55
81 56
80 57
80 58
79 59
78 60
78 60
77 61
76 62
75 63
74 64
73 65
73 65
72 66
71 67
70 68
69 68
68 69
67 70
67 70
66 71
65 72
64 73
63 73
62 74
61 75
61 75
60 76
59 76
58 77
57 78
56 78
55 79
55 79
54 80
53 81
52 81
51 82
50 83
50 83
49 84
48 84
47 85
46 85
46 85
45 85
44 85
44 85
44 84
44 84
44 83
45 82
45 81
45 81
46 80
47 79
47 78
48 77
48 77
49 76
50 75
51 74
52 73
53 72
53 72
54 71
55 71
56 70
57 69
58 69
59 68
59 68
60 67
61 66
62 66
63 65
64 64
64 64
65 63
66 63
67 62
68 62
69 61
70 61
70 61
71 61
72 61
73 60
74 60
75 60
76 60
76 60
77 60
78 61
79 61
80 61
80 61
81 61
82 62
83 62
83 62
84 63
85 63
86 64
86 64
86 65
86 66
86 67
86 67
86 68
85 69
85 70
85 70
84 71
84 72
83 73
83 74
83 74
82 75
81 76
80 76
79 77
79 77
78 78
77 79
76 79
75 80
74 81
74 81
73 82
72 82
71 83
70 84
69 84
68 85
68 85
67 86
66 86
65 87
64 87
63 88
62 88
62 88
61 88
60 89
59 89
58 90
57 90
57 90
56 90
55 90
54 91
53 91
52 91
52 91
51 91
50 90
49 90
