0 53
0 53
0 53
0 53
0 53
0 53
0 53
0 53
1 52
2 52
2 52
3 52
4 51
5 51
6 51
6 51
7 51
8 51
9 50
10 50
11 50
11 50
12 49
13 49
14 48
15 48
15 48
16 48
17 48
18 47
19 47
20 47
21 47
21 47
22 47
23 47
24 46
25 46
26 46
27 46
27 46
28 46
29 45
30 45
31 44
32 44
32 44
33 44
34 43
35 43
36 43
36 43
37 43
38 43
39 43
40 43
40 43
41 43
42 42
43 42
43 42
44 42
45 42
45 42
46 41
46 41
47 41
47 41
46 41
46 41
45 40
44 39
44 38
43 37
42 36
41 35
41 34
40 33
39 32
38 31
38 30
37 29
36 28
35 27
35 26
34 25
33 24
32 23
32 22
31 21
30 20
30 20
30 19
30 18
30 17
30 16
30 15
30 14
30 13
30 12
30 12
30 11
30 10
30 9
30 8
30 7
30 7
30 6
31 5
31 4
31 3
31 3
32 2
32 1
32 1
33 0
33 0
33 1
33 1
33 2
34 3
34 4
34 5
34 5
34 6
34 7
34 8
34 9
34 10
34 11
34 12
34 13
34 13
34 14
34 15
34 16
34 17
34 18
33 19
33 20
33 21
33 22
33 23
33 24
33 24
33 25
33 26
33 27
33 28
33 29
33 30
33 31
33 32
33 33
33 34
33 35
33 36
33 37
33 37
33 38
33 39
33 40
33 41
33 42
33 43
32 44
32 45
32 46
32 47
32 48
32 49
32 50
32 51
32 51
32 52
32 53
32 54
32 55
32 56
32 57
32 58
32 59
32 60
32 61
32 62
32 63
32 63
32 64
32 65
32 66
32 67
32 68
31 69
31 70
31 71
31 72
31 73
31 74
31 74
31 75
31 76
31 77
31 78
31 79
31 80
31 81
31 82
31 83
31 83
31 84
31 85
31 86
32 87
32 88
32 89
32 90
32 90
32 91
32 92
32 93
32 94
32 95
32 95
32 96
33 97
33 98
33 98
33 99
33 100
33 100
34 100
34 100
34 100
33 99
33 99
33 98
33 97
33 97
33 96
32 95
32 94
32 93
32 93
32 92
32 91
32 90
32 89
32 88
32 88
32 87
32 86
32 85
32 84
32 83
32 82
32 81
32 80
32 79
32 78
32 77
32 76
32 75
32 74
32 73
32 72
32 71
33 70
33 69
33 68
33 67
33 66
33 65
33 64
33 63
33 62
33 61
33 60
33 59
33 58
33 57
33 56
33 55
33 54
33 53
33 52
33 52
33 51
33 50
33 49
33 48
34 47
34 46
34 45
34 44
34 43
34 42
34 42
34 41
35 40
35 39
35 39
35 38
35 37
35 37
34 37
34 37
33 38
33 38
33 39
32 40
32 41
32 42
32 42
32 43
32 44
31 45
31 46
31 47
31 48
31 48
31 49
30 50
30 51
29 52
29 53
28 54
28 55
28 55
28 56
27 57
27 58
27 59
27 60
26 61
26 62
26 63
26 63
26 64
25 65
25 66
25 67
24 68
24 69
24 69
24 70
24 71
23 72
23 73
23 74
23 74
22 75
21 75
20 76
20 76
20 76
21 76
21 76
21 75
22 74
22 73
22 73
23 72
23 71
24 70
24 70
24 69
25 68
25 67
26 66
26 65
26 65
27 64
28 63
29 62
29 62
30 61
31 61
32 60
32 60
33 59
34 59
35 58
36 58
36 58
37 58
38 58
38 58
39 58
40 59
41 59
41 59
42 59
43 60
44 60
44 60
45 61
46 62
46 62
47 63
48 63
48 63
49 64
50 64
50 64
51 65
51 65
51 65
51 65
51 65
51 64
51 63
51 62
51 61
51 60
51 59
51 58
51 57
51 56
51 55
52 54
52 53
52 52
52 51
52 50
52 49
52 48
52 47
52 46
52 45
52 44
52 43
52 42
52 41
52 40
52 39
52 38
52 37
52 36
52 35
52 34
52 33
53 32
53 31
53 30
53 29
53 28
53 27
53 26
53 25
53 24
53 23
53 22
53 21
53 21
53 20
54 19
54 18
54 17
54 16
55 15
55 14
55 13
55 13
55 12
56 11
56 10
56 10
57 9
57 8
57 8
58 8
58 8
58 9
58 9
58 10
59 11
59 12
59 12
59 13
59 14
58 15
58 16
58 17
58 17
58 18
58 19
57 20
57 21
57 22
57 23
57 23
57 24
57 25
57 26
56 27
56 28
56 29
56 30
56 31
56 31
56 32
56 33
56 34
56 35
56 36
56 37
56 38
56 38
56 39
56 40
56 41
56 42
56 43
56 43
56 44
56 45
56 46
56 47
56 47
56 48
56 49
56 49
56 50
56 51
56 51
56 52
56 52
56 52
56 52
56 51
56 51
56 50
56 49
56 48
56 48
56 47
56 46
56 45
56 45
56 44
56 43
57 42
57 41
57 40
57 40
57 39
57 38
58 37
58 36
58 35
58 35
58 34
58 33
59 32
59 31
59 30
59 29
59 29
59 28
60 27
60 26
60 25
60 25
60 24
61 23
61 22
62 21
62 20
62 20
62 19
63 18
63 17
63 17
63 16
64 15
64 14
64 14
64 13
64 13
65 13
65 13
65 13
66 14
66 15
66 15
66 16
66 17
66 18
66 18
66 19
66 20
66 21
66 22
66 23
66 23
66 24
66 25
66 26
66 27
66 28
66 29
66 30
66 30
66 31
66 32
66 33
66 34
66 35
66 36
66 36
66 37
66 38
66 39
66 40
66 41
66 42
66 42
66 43
66 44
65 45
65 46
65 47
65 47
65 48
65 49
65 50
65 50
65 51
64 52
64 53
64 53
64 54
64 54
64 54
63 54
63 54
62 53
62 52
62 52
62 51
62 50
62 50
62 49
61 48
61 47
61 47
61 46
60 45
60 44
60 44
60 43
60 42
60 41
60 40
60 40
60 39
60 38
60 37
60 37
60 36
61 35
61 34
61 34
62 33
62 33
62 32
62 32
63 32
63 32
63 33
63 33
64 33
64 33
65 34
65 35
65 35
65 36
64 37
64 38
64 39
63 40
63 41
63 42
62 43
62 44
62 45
61 46
61 47
61 48
60 49
60 50
60 51
59 52
59 53
59 53
58 54
57 55
56 55
55 56
55 56
54 57
53 57
53 57
52 58
52 58
52 58
51 57
51 57
51 57
52 56
52 56
53 55
54 55
54 55
55 54
56 53
56 53
57 53
58 52
59 52
59 52
60 52
61 51
62 51
62 51
63 51
64 51
64 51
65 51
66 51
66 51
67 52
67 52
67 53
67 54
67 54
66 55
66 56
66 56
65 57
65 58
64 59
64 59
63 60
63 61
62 62
62 62
61 63
60 63
59 64
58 64
58 64
57 65
56 66
55 66
54 67
54 67
53 68
52 68
51 69
50 69
50 69
49 70
48 70
47 71
47 71
46 71
45 72
44 72
44 72
43 72
43 72
43 72
44 71
44 71
45 70
46 70
47 69
47 69
48 68
49 68
50 67
51 67
51 67
52 66
53 66
54 65
55 65
56 64
57 64
57 64
58 64
59 63
60 63
61 63
62 62
63 62
63 62
64 62
65 61
66 61
67 61
68 61
69 60
70 60
70 60
71 60
72 60
73 59
74 59
75 59
76 59
76 59
77 59
78 59
79 59
80 59
81 59
82 59
83 59
83 59
84 59
85 59
86 59
87 59
88 59
89 59
89 59
90 59
91 60
92 60
93 61
94 61
94 61
95 62
96 62
97 63
98 63
98 63
99 64
99 65
100 66
100 66
100 67
100 68
100 69
100 70
100 70
100 71
99 72
99 73
98 74
98 75
98 75
97 76
96 77
96 78
95 79
94 80
94 80
93 81
92 82
91 83
90 84
90 84
89 85
88 86
87 87
86 87
85 88
84 89
84 89
83 89
82 90
81 90
80 91
79 91
78 92
77 92
77 92
76 93
75 93
74 94
73 94
72 95
71 95
71 95
70 95
69 96
68 96
67 96
66 97
65 97
65 97
64 97
63 97
62 98
61 98
60 98
60 98
59 98
58 98
57 99
56 99
55 99
55 99
54 99
53 100
52 100
52 100
51 99
50 99
50 99
51 98
51 97
52 96
53 95
54 94
54 93
55 92
56 91
56 90
57 89
58 88
59 87
59 86
60 85
61 84
61 83
62 82
63 81
64 80
64 79
65 78
66 77
66 76
67 75
68 74
68 73
69 72
70 71
71 70
71 69
72 68
73 67
73 66
74 65
75 64
76 63
76 62
77 61
77 61
76 61
75 62
74 62
74 62
73 63
72 63
71 64
71 64
70 65
69 65
68 66
67 66
67 66
66 67
65 68
64 69
63 70
63 70
62 71
61 72
60 72
59 73
59 73
58 73
57 74
56 74
55 75
54 75
54 75
53 76
52 76
51 77
51 77
50 78
49 78
48 79
48 79
47 79
46 79
46 79
46 79
47 78
47 78
48 78
49 77
50 77
50 77
51 76
52 76
53 75
54 75
54 75
55 75
56 74
57 74
58 73
59 73
59 73
60 73
61 72
62 72
63 72
64 71
65 71
65 71
66 71
67 71
68 71
69 70
70 70
71 70
72 70
72 70
73 70
74 70
75 69
76 69
77 69
77 69
78 69
79 69
80 69
81 69
82 69
82 69
83 69
84 70
85 70
85 70
86 71
86 72
86 72
86 73
85 74
85 75
85 75
84 76
83 77
82 78
82 78
81 79
80 79
79 80
78 80
77 81
77 81
76 82
75 82
74 83
73 83
72 84
72 84
71 85
70 85
69 86
68 86
67 87
66 87
66 87
65 87
64 88
63 88
62 88
61 89
60 89
60 89
59 89
58 89
57 90
56 90
55 90
54 90
54 90
53 90
52 90
51 91
50 91
49 91
49 91
48 91
47 91
46 91
46 91
45 91
44 91
44 91
44 90
44 89
44 89
45 88
46 87
47 87
48 86
48 86
49 85
50 84
50 83
51 82
52 81
52 81
53 81
54 80
55 80
56 79
57 79
58 78
59 78
59 78
60 77
61 77
62 76
63 76
64 75
64 75
65 75
66 75
67 74
68 74
69 74
69 74
70 74
71 75
72 75
72 75
73 76
