4 64
4 65
3 66
3 67
3 68
3 68
2 69
2 70
2 70
1 71
1 72
1 72
0 73
0 73
0 74
0 74
0 74
0 74
0 74
0 74
1 73
1 73
2 73
2 73
3 72
4 71
4 71
5 70
5 69
6 68
6 67
6 67
7 66
8 65
8 64
9 63
10 62
10 62
11 61
11 60
12 59
12 58
13 57
13 56
14 55
14 55
15 54
15 53
16 52
17 51
18 50
18 49
19 48
19 48
20 47
20 46
21 45
21 44
22 43
22 42
23 41
23 40
24 39
24 39
25 38
26 37
27 36
27 35
28 34
29 33
30 32
30 32
31 31
32 30
33 29
34 28
35 27
36 26
36 26
37 25
38 24
39 23
40 22
41 21
41 21
42 20
43 19
44 19
45 18
46 17
46 17
47 16
48 15
49 15
50 14
50 14
51 13
52 12
53 11
53 11
54 10
55 10
56 9
56 9
57 8
58 8
58 8
59 8
59 8
59 8
58 9
57 9
57 9
56 10
56 10
55 10
54 10
54 10
53 11
53 11
52 11
52 11
51 12
50 12
50 12
49 12
49 12
48 12
47 12
46 12
45 12
44 12
43 13
42 13
41 13
40 13
39 13
38 13
37 13
36 13
35 13
34 13
33 13
32 14
31 14
30 14
29 14
28 14
27 14
27 14
27 14
27 14
27 14
27 14
27 14
27 15
27 16
27 16
27 17
28 18
28 19
28 20
28 20
28 21
28 22
28 23
29 24
29 25
29 26
29 27
29 27
29 28
30 29
30 30
30 31
30 32
31 33
31 34
31 35
31 35
31 36
32 37
32 38
32 39
33 40
33 41
33 42
34 43
34 44
34 44
34 45
35 46
35 47
35 48
36 49
36 50
36 51
36 52
37 53
37 54
37 54
37 55
38 56
38 57
38 58
39 59
39 60
39 61
39 62
40 63
40 64
40 64
40 65
41 66
41 67
41 68
42 69
42 70
42 71
42 72
43 73
43 74
43 74
43 75
43 76
44 77
44 78
44 79
44 80
44 81
45 82
45 83
45 84
45 84
45 85
46 86
46 87
46 88
46 89
47 90
47 91
47 91
47 92
47 93
48 94
48 95
48 96
48 96
48 97
49 98
49 99
49 99
49 100
49 100
49 100
49 100
48 99
48 98
48 98
47 97
47 96
47 96
47 95
46 94
46 93
46 93
45 92
44 91
44 91
44 90
43 89
43 88
43 87
43 87
42 86
42 85
41 84
41 83
41 83
41 82
40 81
40 80
40 79
39 78
39 77
39 77
39 76
38 75
38 74
38 73
38 72
37 71
37 70
37 70
37 69
36 68
36 67
36 66
36 65
35 64
35 63
35 62
35 62
35 61
34 60
34 59
34 58
34 57
33 56
33 55
33 55
33 54
33 53
32 52
32 51
32 50
32 50
32 49
31 48
31 47
31 47
30 47
30 47
30 48
30 48
29 49
29 50
29 50
29 51
29 52
29 53
29 53
29 54
29 55
29 56
29 57
29 57
29 58
29 59
29 60
29 60
29 61
29 62
29 63
29 64
29 65
29 66
29 66
29 67
29 68
29 69
29 70
29 71
29 72
29 72
29 73
29 74
28 75
28 76
28 77
28 77
28 78
28 79
28 80
28 81
28 82
28 82
28 83
28 84
28 85
28 86
28 86
28 87
28 87
28 87
29 87
29 87
29 86
29 85
29 84
29 84
29 83
30 82
30 81
30 80
30 80
30 79
30 78
31 77
31 76
31 75
31 75
31 74
31 73
32 72
32 71
32 70
32 69
32 69
32 68
32 67
33 66
33 65
33 64
33 64
33 63
33 62
34 61
34 60
34 59
34 59
35 58
35 57
36 56
36 55
36 55
37 54
37 53
38 52
38 51
38 51
39 50
39 49
39 49
40 48
41 47
41 47
42 46
43 45
43 45
44 45
45 45
46 45
46 45
47 46
48 46
48 46
49 47
50 48
50 48
50 49
51 50
51 51
51 51
51 52
52 53
52 54
52 54
52 55
53 56
53 57
53 58
53 58
53 59
53 60
53 61
53 61
53 62
53 63
53 64
53 64
53 65
52 66
52 67
52 67
52 66
52 65
52 64
52 63
51 62
51 61
51 60
51 59
51 58
51 57
51 56
51 55
51 54
50 53
50 52
50 51
50 50
50 49
50 48
50 47
50 46
50 45
49 44
49 43
49 42
49 41
49 40
49 39
49 38
49 37
49 36
48 35
48 34
48 33
48 32
48 31
48 30
48 29
48 28
48 27
47 26
47 25
47 24
47 23
47 22
47 21
47 20
47 19
47 18
46 17
46 16
46 15
46 14
46 13
46 13
46 12
46 11
46 10
46 9
46 8
46 7
46 6
46 5
46 4
46 3
46 3
46 2
46 1
46 1
46 0
46 0
46 1
46 1
46 1
47 2
47 3
47 3
48 4
48 4
48 5
49 6
49 7
49 8
49 8
49 9
49 10
50 11
50 12
50 13
50 14
50 14
50 15
50 16
51 17
51 18
51 19
51 20
51 20
51 21
52 22
52 23
52 24
52 25
53 26
53 27
53 27
53 28
54 29
54 30
55 31
55 32
56 33
56 34
56 34
56 35
57 36
57 37
57 38
57 39
58 40
58 41
58 42
58 42
58 43
58 44
59 45
59 46
59 47
59 47
60 48
60 49
61 50
61 51
61 51
61 52
61 53
61 53
61 54
61 55
61 55
61 56
61 56
61 57
61 57
61 57
61 57
60 56
60 56
60 55
59 54
59 53
59 53
58 52
58 51
57 50
57 49
57 49
57 48
56 47
56 46
55 45
55 44
55 44
55 43
54 42
54 41
53 40
53 39
53 39
53 38
53 37
53 36
52 35
52 34
52 33
52 32
52 31
52 31
52 30
52 29
52 28
51 27
51 26
51 25
51 24
51 23
51 23
51 22
51 21
51 20
50 19
50 18
50 17
50 16
50 15
50 15
50 14
50 13
50 12
50 11
50 10
50 10
50 9
50 8
50 7
50 7
51 6
51 5
51 5
51 4
51 4
52 4
52 4
53 5
53 5
54 6
55 7
55 7
56 8
57 9
57 9
58 10
58 11
59 12
59 12
60 13
60 14
61 15
61 16
61 16
61 17
62 18
62 19
63 20
63 21
63 21
64 22
64 23
65 24
65 25
65 25
65 26
65 27
66 28
66 29
66 30
66 30
66 31
67 32
67 33
67 34
67 34
67 35
67 36
67 37
67 38
67 38
67 39
66 40
66 41
66 41
66 42
65 43
65 44
65 44
65 45
64 46
64 47
64 47
63 48
63 49
63 49
62 49
62 49
62 48
62 48
62 47
61 46
61 45
61 45
61 44
60 43
60 42
60 42
60 41
59 40
59 39
59 39
59 38
59 37
58 36
58 35
58 34
58 34
58 33
58 32
58 31
58 30
58 30
58 29
59 28
59 27
59 27
60 26
60 25
60 25
61 24
61 24
61 23
61 23
62 24
62 24
63 24
63 24
63 25
63 25
63 26
63 27
63 27
63 28
63 29
63 30
63 31
63 32
63 32
63 33
63 34
62 35
62 36
62 37
62 38
62 38
62 39
62 40
62 41
61 42
61 43
61 44
61 45
61 45
61 46
61 47
61 48
61 49
61 50
61 51
61 52
61 53
61 53
61 54
61 55
60 56
60 57
60 58
60 59
60 59
60 60
60 61
59 62
59 63
59 64
59 65
59 65
59 66
58 67
58 68
58 68
57 69
57 69
57 70
57 70
57 70
56 69
56 68
56 68
56 67
56 67
56 66
56 65
56 64
56 63
56 63
56 62
56 61
56 60
56 60
56 59
56 58
57 57
57 56
57 55
57 55
57 54
58 53
58 52
58 51
58 51
58 50
59 49
59 48
60 47
60 46
60 46
61 45
61 44
62 43
62 42
63 41
63 41
64 40
64 39
65 38
65 37
66 36
66 36
67 35
67 34
68 33
69 32
69 31
70 30
70 30
71 29
72 28
73 28
74 27
74 27
75 27
76 26
77 26
78 26
78 26
79 26
80 26
81 26
82 26
82 26
83 26
84 27
85 27
86 27
86 27
87 28
88 28
89 29
90 29
90 29
91 30
92 31
93 31
94 32
94 32
94 33
95 34
95 35
96 36
96 37
96 37
96 38
97 39
97 40
98 41
98 42
98 42
98 43
98 44
99 45
99 46
99 47
99 48
99 48
99 49
99 50
99 51
100 52
100 53
100 54
100 55
100 55
100 56
100 57
100 58
99 59
99 60
99 61
99 62
99 63
99 63
99 64
98 65
98 66
98 67
98 68
97 69
97 70
97 70
97 71
96 72
96 73
96 74
96 75
95 76
95 77
95 77
95 78
94 79
94 80
94 81
93 82
93 83
93 83
92 84
92 85
91 86
91 87
90 88
90 89
90 89
89 90
88 91
88 92
87 93
87 93
86 94
85 95
84 96
84 96
83 97
83 98
82 99
82 99
81 99
80 99
79 99
79 99
78 99
77 98
76 98
76 98
75 97
74 96
73 95
73 95
72 94
71 93
71 92
70 91
70 91
70 90
69 89
69 88
69 87
69 86
68 85
68 84
68 84
68 83
67 82
67 81
67 80
67 79
66 78
66 77
66 77
66 76
65 75
65 74
65 73
65 72
64 71
64 70
64 69
64 69
64 68
64 67
64 66
63 65
63 64
63 63
63 62
63 61
63 61
63 60
63 59
63 58
62 57
62 56
62 55
62 54
62 53
62 53
62 52
62 51
62 51
63 50
63 50
64 51
64 51
64 52
64 53
64 53
64 54
65 55
65 56
66 57
66 58
66 58
66 59
66 60
66 61
67 62
67 63
67 64
67 65
67 66
67 66
67 67
67 68
67 69
68 70
68 71
68 72
68 73
68 73
68 74
68 75
68 76
68 77
68 78
68 78
68 79
68 80
67 81
67 82
67 83
67 83
66 84
66 85
66 85
66 86
66 86
66 85
66 85
66 84
66 83
66 83
66 82
66 81
67 80
67 79
67 78
67 78
67 77
68 76
68 75
68 74
69 73
69 72
69 72
69 71
70 70
70 69
71 68
71 67
72 66
72 65
72 65
72 64
73 63
73 62
73 61
74 60
74 59
74 59
74 58
75 57
75 56
75 55
76 54
76 53
76 53
77 52
78 52
78 52
79 52
80 52
80 52
81 53
81 54
81 54
81 55
81 56
81 57
81 58
81 58
81 59
81 60
82 61
82 62
82 63
82 63
82 64
82 65
81 66
81 67
81 68
81 68
81 69
80 70
80 71
80 72
80 72
80 73
80 74
79 75
79 76
79 77
79 77
78 78
78 79
77 80
77 81
76 82
76 82
75 83
74 84
74 85
73 86
73 86
72 87
71 88
70 89
70 89
69 89
68 89
68 89
67 88
67 88
67 87
68 86
68 85
68 84
68 84
68 83
68 82
69 81
69 80
69 79
69 79
69 78
70 77
70 76
70 75
71 74
71 73
71 72
72 71
72 70
72 69
73 68
73 67
73 67
73 66
74 65
74 64
75 63
75 62
75 61
76 60
76 59
77 58
77 57
77 57
78 56
79 55
79 55
80 54
81 54
81 54
82 55
83 56
83 56
84 57
84 58
84 58
84 59
85 60
85 61
86 62
86 63
86 63
86 64
87 65
87 66
87 67
87 68
88 69
88 70
88 71
88 71
88 72
88 73
88 74
88 75
89 76
89 77
89 78
89 79
89 80
