3 54
2 55
1 56
1 56
0 57
0 57
0 57
1 57
1 57
2 57
3 56
4 56
4 56
5 55
6 55
7 54
7 54
8 53
9 53
10 52
11 52
12 51
12 51
13 51
14 50
15 50
16 49
17 49
18 48
19 48
19 48
20 48
21 47
22 47
23 46
24 46
25 45
26 45
26 45
27 45
28 44
29 44
30 43
31 43
32 42
33 42
33 42
34 42
35 42
36 41
37 41
38 41
39 41
39 41
40 41
41 41
42 40
43 40
44 40
44 40
45 40
46 40
47 40
48 40
48 40
49 40
50 40
51 40
51 40
52 39
53 39
53 39
54 38
54 38
54 37
53 36
53 35
53 34
53 33
52 32
52 31
52 30
51 29
51 28
51 27
50 26
50 25
50 24
50 23
49 22
49 21
49 20
48 19
48 18
48 17
48 16
47 15
47 14
47 14
47 13
46 12
46 11
46 10
46 9
45 8
45 7
45 7
44 6
44 5
44 5
43 4
43 4
42 5
42 6
42 6
42 7
42 8
42 9
42 9
42 10
42 11
42 12
42 13
42 14
42 15
42 16
42 17
42 18
42 18
42 19
42 20
42 21
42 22
42 23
42 24
41 25
41 26
41 27
41 28
41 29
41 30
41 31
41 31
41 32
41 33
41 34
41 35
41 36
41 37
41 38
41 39
41 40
41 41
41 42
41 43
41 44
41 45
41 46
41 46
41 47
41 48
41 49
41 50
41 51
41 52
41 53
40 54
40 55
40 56
40 57
40 58
40 59
40 60
40 61
40 62
40 62
40 63
40 64
40 65
40 66
40 67
41 68
41 69
41 70
41 71
41 72
41 73
41 73
41 74
41 75
41 76
41 77
41 78
41 79
41 80
41 81
41 82
41 83
41 83
41 84
41 85
42 86
42 87
42 88
42 89
42 89
42 90
42 91
43 92
43 93
43 94
43 94
43 95
44 96
44 97
44 98
44 98
45 99
45 100
45 100
45 100
46 99
46 99
46 98
46 97
46 97
46 96
46 95
46 94
46 93
46 92
46 92
46 91
46 90
45 89
45 88
45 87
45 87
45 86
45 85
45 84
44 83
44 82
44 81
44 80
44 80
44 79
44 78
44 77
43 76
43 75
43 74
43 73
43 72
43 72
43 71
43 70
43 69
42 68
42 67
42 66
42 65
42 64
42 64
42 63
42 62
42 61
42 60
42 59
42 58
42 57
42 56
42 55
42 55
42 54
42 53
42 52
42 51
42 50
42 49
42 48
42 47
42 47
42 46
42 45
42 44
42 43
42 42
42 41
42 40
42 40
42 39
42 38
43 37
43 36
43 35
43 34
43 34
43 33
44 32
44 31
44 31
45 32
45 32
44 33
44 34
44 34
44 35
44 36
43 37
43 38
43 39
43 40
43 40
43 41
43 42
43 43
42 44
42 45
42 46
42 47
42 48
42 48
42 49
41 50
41 51
41 52
40 53
40 54
40 55
40 56
39 57
39 58
39 58
39 59
38 60
38 61
38 62
37 63
37 64
37 64
37 65
36 66
36 67
35 68
35 69
35 69
34 70
34 71
33 72
33 72
32 73
32 74
32 74
31 74
31 74
31 73
31 73
31 72
32 71
32 70
32 70
33 69
33 68
34 67
34 67
35 66
36 65
36 64
37 63
37 63
38 62
39 61
40 60
40 60
41 60
42 59
43 59
44 58
45 58
45 58
46 58
47 57
48 57
49 56
50 56
50 56
51 56
52 55
53 55
54 55
54 55
55 55
56 54
57 54
58 54
58 54
59 54
60 54
61 54
61 54
62 55
62 55
62 56
62 56
61 57
61 58
61 58
60 59
60 59
59 59
58 59
58 59
58 58
58 57
58 56
59 55
59 54
59 53
59 52
59 51
59 50
59 49
60 48
60 47
60 46
60 45
60 44
60 43
60 42
61 41
61 40
61 39
61 38
61 37
61 36
62 35
62 34
62 33
62 32
62 31
62 30
62 29
63 28
63 27
63 26
63 25
63 24
63 23
63 22
64 21
64 20
64 19
64 18
64 18
64 17
64 16
65 15
65 14
65 13
65 13
64 12
64 11
64 11
64 10
64 9
64 9
64 8
64 7
64 7
65 6
65 6
65 6
66 7
66 7
66 8
66 9
66 10
66 11
66 12
66 12
66 13
66 14
66 15
65 16
65 17
65 18
65 19
65 19
65 20
65 21
65 22
65 23
64 24
64 25
64 26
64 27
64 28
64 29
64 29
64 30
64 31
64 32
64 33
64 34
64 35
64 36
64 36
64 37
64 38
64 39
64 40
64 41
64 41
64 42
64 43
64 44
64 44
64 45
64 46
64 46
64 47
64 47
65 47
65 47
65 46
65 46
65 45
65 44
65 43
65 43
65 42
65 41
65 40
65 39
65 38
65 38
65 37
65 36
66 35
66 34
66 33
66 32
66 32
66 31
66 30
66 29
66 28
66 27
66 26
66 25
66 25
66 24
66 23
66 22
67 21
67 20
67 19
67 18
67 18
67 17
67 16
67 15
67 14
67 13
67 12
67 11
67 11
67 10
67 9
68 8
68 7
68 6
68 6
68 5
68 4
69 3
69 2
69 1
69 1
70 0
70 0
71 1
71 1
72 2
72 2
73 3
74 4
74 4
74 5
74 6
75 7
75 8
75 9
75 9
75 10
75 11
75 12
75 13
75 14
75 15
75 16
75 16
75 17
75 18
75 19
75 20
75 21
75 22
75 23
75 24
75 24
75 25
75 26
75 27
76 28
76 29
76 30
76 31
76 31
76 32
76 33
76 34
76 35
76 36
76 37
76 37
76 38
76 39
75 40
75 41
75 42
75 42
75 43
74 44
74 45
74 45
73 46
73 47
72 48
72 48
71 49
70 49
70 49
69 49
69 49
68 48
68 47
68 47
68 46
68 45
68 44
68 43
68 43
68 42
67 41
67 40
67 39
67 39
67 38
67 37
67 36
67 35
67 34
67 34
67 33
67 32
67 31
67 30
67 29
67 29
67 28
67 27
67 27
68 26
68 26
69 25
69 25
70 25
71 25
71 25
72 25
72 25
73 26
74 26
74 26
73 27
73 28
72 29
72 30
71 31
71 32
70 33
70 34
69 35
69 36
68 37
67 38
67 39
66 40
66 41
65 42
65 43
64 44
64 45
63 46
63 47
62 48
62 48
61 49
60 50
59 50
58 51
57 52
57 52
56 52
55 53
54 53
54 53
53 54
52 54
51 55
51 55
50 55
50 55
50 55
50 55
51 55
52 55
52 55
53 55
54 54
55 54
55 54
56 54
57 53
58 53
59 53
59 53
60 53
61 52
62 52
62 52
63 52
64 52
65 52
66 52
66 52
67 52
68 52
69 52
69 52
70 52
71 52
72 52
72 52
73 53
73 53
73 54
73 54
72 55
72 56
72 56
71 57
70 58
70 58
69 59
68 60
67 60
66 61
66 61
65 62
64 62
63 63
62 63
61 64
61 64
60 65
59 66
58 66
57 67
56 68
56 68
55 68
54 69
53 69
52 70
51 70
51 70
50 71
49 72
48 73
48 73
47 73
46 73
46 73
45 73
45 73
46 72
47 72
47 72
48 71
49 70
50 70
51 69
51 69
52 68
53 68
54 67
55 67
56 66
56 66
57 65
58 65
59 64
60 64
61 63
62 63
62 63
63 63
64 62
65 62
66 62
67 62
68 61
69 61
70 61
70 61
71 61
72 61
73 61
74 61
75 60
76 60
77 60
78 60
79 60
79 60
80 60
81 60
82 60
83 61
84 61
85 61
86 61
86 61
87 61
88 61
89 62
90 62
91 62
92 62
92 62
93 62
94 63
95 63
96 64
97 64
97 64
98 65
98 66
99 67
99 67
99 68
99 69
99 70
99 71
99 71
99 72
99 73
98 74
98 75
98 76
98 77
98 77
97 78
96 79
96 80
95 81
95 81
94 82
93 83
93 84
92 85
91 86
91 86
90 87
89 87
88 88
87 89
86 89
85 90
85 90
84 90
83 91
82 91
81 92
80 92
79 93
78 93
78 93
77 94
76 94
75 95
74 95
73 96
72 96
71 97
71 97
70 97
69 98
68 98
67 98
66 98
65 99
64 99
64 99
63 99
62 99
61 100
60 100
59 100
58 100
58 100
57 100
56 100
55 100
54 100
54 100
53 100
52 100
51 100
51 100
51 99
51 98
51 97
51 97
51 96
52 95
52 94
52 94
52 93
53 92
53 91
53 90
54 89
54 88
54 88
55 87
55 86
56 85
57 84
57 83
58 82
58 82
59 81
60 80
61 79
62 78
63 77
63 77
64 76
65 75
66 74
66 73
67 72
68 71
68 71
69 70
70 70
71 69
72 68
73 68
74 67
74 67
75 66
76 66
77 65
78 64
79 64
80 63
80 63
81 63
82 63
83 63
84 64
85 64
86 64
87 64
88 64
88 64
87 65
87 66
86 67
85 68
85 69
84 70
84 70
83 71
82 72
81 72
80 73
80 73
79 74
78 75
77 76
76 77
76 77
75 78
74 78
73 79
72 79
71 80
71 80
70 80
69 81
68 81
67 82
66 82
66 82
65 82
64 83
63 83
62 83
62 83
61 84
60 84
60 84
59 83
59 83
60 83
61 82
62 82
62 82
63 81
64 81
65 80
65 80
66 80
67 79
68 79
69 78
70 78
71 77
72 77
72 77
73 77
74 77
75 76
76 76
77 76
78 76
78 76
79 76
80 76
81 77
82 77
83 77
84 77
84 77
85 77
86 77
87 78
88 78
89 78
89 78
89 79
90 80
90 81
90 81
90 82
90 83
90 84
90 84
89 85
88 86
87 87
87 87
86 88
85 89
84 89
83 90
82 91
82 91
81 92
80 92
79 93
78 93
77 94
76 94
76 94
75 94
74 95
73 95
72 95
71 96
70 96
70 96
69 96
68 96
67 97
66 97
65 97
64 97
64 97
63 97
62 97
61 97
60 97
59 97
