1 47
1 47
0 48
0 48
0 49
0 49
0 49
1 50
1 50
2 49
3 49
3 49
4 48
5 48
6 47
7 47
7 47
8 46
9 46
10 45
11 45
12 44
12 44
13 43
14 43
15 42
16 41
17 41
18 40
18 40
19 39
20 39
21 38
22 38
23 37
24 37
25 36
26 36
26 36
27 35
28 35
29 34
30 34
31 33
32 33
33 32
34 32
34 32
35 31
36 31
37 30
38 30
39 29
39 29
40 29
41 28
42 28
43 27
44 27
44 27
45 26
46 26
47 25
47 25
48 25
48 25
47 25
46 24
45 24
44 24
43 24
42 23
41 23
40 23
39 23
38 22
37 22
36 22
36 22
35 21
35 20
34 19
34 18
34 18
34 17
34 16
34 16
34 15
34 14
34 14
33 14
33 14
33 15
33 15
33 15
33 16
33 17
33 18
33 19
33 19
33 20
33 21
33 22
33 23
33 23
33 24
33 25
33 26
33 27
33 28
33 29
33 30
33 31
33 31
33 32
33 33
33 34
33 35
33 36
33 37
33 38
33 39
33 40
33 40
33 41
33 42
33 43
33 44
33 45
33 46
33 47
33 48
33 49
33 50
33 51
33 51
33 52
33 53
33 54
33 55
33 56
33 57
33 58
33 59
33 60
33 61
33 62
33 62
33 63
33 64
33 65
33 66
32 67
32 68
32 69
32 70
32 71
32 71
32 72
31 73
31 74
31 75
31 76
30 77
30 78
30 78
30 79
30 80
30 81
30 82
30 82
30 83
30 84
30 85
30 85
30 86
30 86
30 87
30 87
30 86
30 86
30 85
30 85
30 84
30 83
30 82
30 81
30 80
30 79
30 78
30 77
30 76
30 75
31 74
31 73
31 72
31 71
31 70
31 69
31 68
31 67
31 66
31 65
31 64
31 63
31 62
31 61
31 60
31 59
31 58
31 57
31 56
31 55
31 54
31 53
32 52
32 51
32 50
32 49
32 48
32 47
32 46
32 45
32 44
32 43
32 42
32 41
32 41
33 40
33 40
32 40
32 40
31 41
31 41
30 41
30 41
29 42
29 42
28 42
28 42
27 43
26 44
26 44
26 45
25 46
25 47
25 47
24 48
24 49
23 50
23 50
23 51
22 52
22 53
22 54
21 55
21 56
21 56
20 57
20 58
19 59
19 60
18 61
18 62
17 63
17 64
17 64
16 65
16 66
15 67
15 68
14 69
14 70
13 71
13 72
13 72
12 73
12 74
11 75
10 76
10 77
9 78
9 78
8 79
7 80
7 81
6 82
6 82
5 83
4 84
4 84
3 84
3 84
3 83
3 83
3 82
4 81
4 80
4 80
5 79
5 78
6 77
6 76
6 76
7 75
8 74
8 73
9 72
9 72
10 71
11 70
11 69
12 68
13 67
13 67
14 66
15 65
16 64
17 63
17 63
18 62
19 61
20 60
21 59
21 59
22 58
23 57
24 57
25 56
26 55
26 55
27 54
28 53
29 53
30 52
30 52
31 52
32 51
33 51
34 50
35 50
35 50
36 50
37 50
38 50
39 50
39 50
40 50
41 51
42 51
42 51
43 52
43 53
43 53
44 54
44 54
44 55
44 55
44 55
44 55
44 54
44 53
45 52
45 51
45 50
45 49
45 48
45 47
46 46
46 45
46 44
46 43
46 42
46 41
47 40
47 39
47 38
47 37
47 36
47 35
48 34
48 33
48 32
48 31
48 30
48 29
49 28
49 27
49 26
49 25
49 24
49 23
50 22
50 21
50 20
50 19
50 18
50 17
51 16
51 15
51 14
51 13
51 12
51 11
52 10
52 9
52 8
52 8
51 7
51 6
51 6
50 5
50 4
50 4
50 4
50 4
50 4
50 5
50 5
51 6
51 7
51 7
51 8
52 9
52 10
52 11
52 11
52 12
52 13
52 14
52 15
52 15
52 16
52 17
52 18
52 19
52 19
52 20
52 21
52 21
52 22
52 23
52 24
52 24
52 25
52 26
52 26
51 27
51 27
51 27
51 27
51 26
51 25
51 25
51 24
51 23
51 22
51 22
51 21
51 20
51 19
51 19
51 18
51 17
52 16
52 15
52 14
52 14
53 13
53 12
54 11
54 10
54 10
55 9
55 8
56 7
56 6
56 6
57 5
57 4
58 3
58 3
59 2
60 1
60 1
61 0
61 0
62 1
63 1
63 1
64 2
64 2
65 3
65 4
65 4
65 5
66 6
66 7
66 7
66 8
66 9
66 10
66 11
66 11
66 12
66 13
66 14
66 15
66 15
66 16
66 17
65 18
65 19
65 20
65 20
65 21
64 22
64 23
63 24
63 25
63 25
63 26
62 27
62 28
62 28
61 29
61 30
60 31
60 31
59 32
58 32
58 32
57 32
56 32
55 32
55 32
54 32
54 32
53 31
52 31
52 31
52 31
53 30
54 29
54 29
55 28
56 27
56 27
57 26
58 25
58 24
59 23
59 23
60 22
61 21
62 20
62 20
63 19
64 19
65 18
65 18
66 17
67 17
67 17
68 17
68 17
67 18
66 19
66 20
65 21
64 22
63 23
63 24
62 25
61 26
60 27
59 28
59 29
58 30
57 31
56 32
56 33
55 34
54 35
53 36
53 37
52 38
51 39
50 40
49 41
49 42
48 43
47 44
46 45
46 46
45 47
44 48
44 48
43 49
43 49
44 49
44 49
44 49
44 49
45 49
45 49
46 49
47 48
48 48
48 48
49 47
50 47
51 46
52 46
52 46
53 45
54 45
55 44
55 44
56 43
57 43
58 42
59 42
59 42
60 42
61 41
62 41
62 41
63 41
64 40
65 40
65 40
66 39
67 39
67 39
68 39
68 39
68 39
68 39
67 40
67 40
66 41
65 41
65 41
64 42
63 43
63 43
62 44
61 45
60 46
60 46
59 47
59 48
58 49
58 50
58 50
57 51
57 52
56 53
56 54
56 54
55 55
55 56
54 57
54 58
53 59
53 59
52 60
52 61
51 62
51 63
51 63
50 64
49 65
48 66
48 66
47 67
47 68
46 69
46 69
45 70
44 71
44 71
43 72
43 72
43 72
43 71
43 71
44 70
45 70
45 70
46 69
47 69
48 68
48 68
49 67
50 66
51 65
51 65
52 64
53 63
54 63
55 62
55 62
56 61
57 61
58 60
59 60
59 60
60 59
61 59
62 58
63 58
64 57
64 57
65 57
66 57
67 56
68 56
69 56
69 56
70 56
71 56
72 56
73 55
74 55
75 55
76 55
76 55
77 55
78 55
79 55
80 55
81 55
82 55
82 55
83 55
84 55
85 55
86 55
87 55
87 55
88 55
89 56
90 56
91 57
92 57
92 57
93 57
94 58
95 58
96 58
96 58
97 59
97 60
98 61
98 61
98 62
99 63
99 64
99 64
99 65
100 66
100 67
100 67
99 68
99 69
98 70
98 71
98 71
98 72
97 73
97 74
96 75
96 76
96 76
95 77
95 78
94 79
94 80
93 81
93 82
93 82
92 83
91 84
90 85
89 86
88 87
88 87
87 88
86 89
85 90
84 91
83 92
83 92
82 93
81 93
80 94
79 94
78 95
77 95
76 96
76 96
75 96
74 97
73 97
72 98
71 98
70 99
69 99
69 99
68 99
67 99
66 99
65 100
64 100
63 100
62 100
62 100
61 100
60 100
59 99
58 99
57 99
57 99
56 99
55 98
54 98
53 98
53 98
52 97
51 97
50 96
50 96
51 95
51 94
52 93
52 92
53 91
53 90
54 89
54 88
55 87
56 86
56 85
57 84
57 83
58 82
58 81
59 80
59 79
60 78
60 77
61 76
62 75
62 74
63 73
63 72
64 71
64 70
65 69
65 68
66 67
66 67
66 67
66 66
66 65
66 65
65 64
64 63
64 63
63 63
63 63
62 63
62 63
61 64
61 65
61 65
60 66
60 67
59 68
59 68
58 69
58 70
57 71
57 71
56 72
55 73
55 74
54 75
53 76
53 76
52 77
51 78
50 78
49 79
49 79
48 80
47 80
46 81
45 81
45 81
44 81
43 82
42 82
41 82
41 82
40 82
39 82
39 82
39 81
39 81
39 80
39 79
39 79
40 78
41 77
41 77
42 76
43 75
44 75
45 74
45 74
46 74
47 73
48 73
49 73
50 72
51 72
51 72
52 72
53 71
54 71
55 71
56 70
57 70
57 70
58 70
59 69
60 69
61 69
62 68
63 68
63 68
64 68
65 67
66 67
67 67
68 67
69 66
70 66
70 66
71 66
72 65
73 65
74 65
75 64
76 64
76 64
77 64
78 63
79 63
80 63
80 63
81 64
81 64
81 65
81 65
80 66
79 67
78 68
78 68
77 69
76 70
76 71
75 72
74 73
74 73
73 74
72 75
71 75
70 76
69 77
69 77
68 78
67 79
66 79
65 80
64 81
64 81
63 82
62 82
61 83
60 84
59 84
58 85
58 85
57 86
56 86
55 87
54 87
54 87
53 88
52 88
51 89
50 89
50 89
49 90
48 90
48 90
47 90
46 90
46 90
46 90
47 89
48 89
48 89
49 88
50 87
50 87
51 87
52 86
53 86
54 85
55 85
55 85
56 84
57 84
58 83
59 83
60 82
61 82
61 82
62 82
63 81
64 81
65 81
66 80
67 80
67 80
68 80
69 80
70 79
71 79
72 79
72 79
73 79
74 78
75 78
75 78
76 79
76 79
75 80
74 81
74 81
73 82
72 83
71 84
71 84
70 85
69 85
68 86
67 86
66 87
65 87
65 87
64 88
63 88
62 89
61 90
60 90
59 91
59 91
58 92
57 92
56 93
55 94
54 94
53 95
53 95
52 95
51 96
50 96
49 97
48 97
47 98
46 98
46 98
45 98
44 99
43 99
42 99
41 100
40 100
