9 39
8 40
8 41
8 41
7 42
6 42
6 42
5 43
5 44
5 44
4 45
4 45
3 46
2 46
2 46
1 47
1 47
0 48
0 48
0 49
0 49
0 49
1 48
1 48
2 48
3 47
4 47
5 47
5 47
6 46
7 46
8 45
9 45
10 44
10 44
11 44
12 43
13 43
14 42
15 42
16 41
17 41
17 41
18 40
19 40
20 39
21 39
22 38
23 38
24 37
24 37
25 36
26 36
27 35
28 35
29 34
30 34
31 33
32 33
32 33
33 32
34 32
35 31
36 31
37 30
38 30
39 29
40 29
40 29
41 29
42 28
43 28
44 28
45 27
46 27
46 27
47 27
48 26
49 26
50 25
51 25
51 25
52 24
53 24
53 24
53 24
52 24
52 24
51 25
50 25
50 25
49 26
48 26
48 26
47 26
46 26
46 26
45 26
44 26
44 26
43 26
42 26
41 26
41 26
40 26
40 26
39 25
39 24
39 24
38 23
38 22
38 22
38 21
38 20
38 19
38 19
38 18
38 17
38 17
39 16
39 15
39 15
40 14
40 14
41 15
41 15
41 16
41 16
41 17
41 18
41 19
41 19
41 20
41 21
41 22
41 23
41 23
41 24
41 25
41 26
41 27
41 28
41 28
41 29
41 30
41 31
41 32
41 33
41 34
41 35
41 36
41 36
41 37
41 38
41 39
42 40
42 41
42 42
42 43
42 44
42 44
42 45
42 46
42 47
42 48
42 49
42 50
42 51
42 52
42 52
42 53
42 54
42 55
42 56
42 57
42 58
42 59
42 60
42 60
42 61
42 62
42 63
41 64
41 65
41 66
41 67
41 67
41 68
41 69
40 70
40 71
40 72
40 73
40 73
40 74
40 75
39 76
39 77
39 78
39 78
40 79
40 80
40 80
40 81
40 81
40 80
40 80
40 79
40 78
40 78
39 77
39 76
39 76
39 75
39 74
39 73
39 72
39 71
39 70
39 69
39 68
39 67
39 66
39 65
38 64
38 63
38 62
38 61
38 60
38 59
38 58
38 57
38 56
38 55
38 54
38 53
38 53
38 52
38 51
38 50
38 49
38 48
39 47
39 46
39 45
39 44
39 43
39 42
39 42
39 41
39 40
40 39
40 38
40 37
40 36
40 36
40 35
40 34
40 33
40 33
41 32
41 31
41 31
41 31
40 31
40 31
39 32
39 33
39 33
38 34
37 35
37 35
36 36
36 37
35 38
35 39
35 39
34 40
34 41
33 42
33 43
33 43
32 44
32 45
31 46
31 47
30 48
30 48
30 49
29 50
29 51
28 52
28 53
28 53
28 54
27 55
27 56
26 57
26 58
26 58
25 59
25 60
24 61
24 62
24 62
24 63
23 64
23 65
23 65
23 66
23 67
23 67
24 67
24 67
24 67
25 66
25 65
25 65
25 64
25 63
26 62
26 61
26 60
26 59
26 58
26 57
27 56
27 55
27 54
27 53
27 52
28 51
28 50
28 49
28 48
28 47
28 46
29 45
29 44
29 43
29 42
29 41
29 40
30 39
30 38
30 37
30 37
31 36
32 35
33 34
34 33
34 33
35 32
36 32
36 32
37 32
37 32
38 32
39 32
39 32
40 33
41 33
41 33
42 34
43 34
43 34
44 35
44 36
45 37
45 37
46 38
47 39
47 39
48 40
48 41
49 42
49 42
49 43
50 44
50 45
50 45
51 46
51 46
51 47
51 47
51 48
51 48
51 48
50 47
50 47
50 46
50 45
50 44
51 43
51 42
51 41
51 40
51 39
51 38
52 37
52 36
52 35
52 34
52 33
52 32
53 31
53 30
53 29
53 28
53 27
53 26
53 25
54 24
54 23
54 22
54 21
54 20
54 19
55 18
55 17
55 16
55 15
55 14
55 13
56 12
56 11
56 10
56 9
56 9
55 8
54 8
53 7
53 7
52 6
52 6
52 5
52 5
53 5
53 5
54 6
54 7
54 7
55 8
55 9
55 9
55 10
56 11
56 12
56 12
56 13
57 14
57 15
57 15
57 16
58 17
58 18
58 18
58 19
59 20
59 21
59 21
59 22
59 23
59 24
59 24
59 25
60 26
60 27
60 27
60 28
60 29
60 29
60 30
60 31
60 31
60 32
60 33
60 33
60 34
60 34
59 34
59 34
59 34
58 33
58 32
58 32
58 31
58 30
58 29
58 29
58 28
57 27
57 26
57 25
57 25
57 24
58 23
58 22
58 21
58 21
58 20
58 19
58 18
58 17
58 16
58 16
59 15
59 14
60 13
60 12
60 12
61 11
62 10
62 9
63 8
63 8
64 7
65 6
66 5
66 5
67 4
67 3
68 2
68 2
69 2
70 1
71 1
71 1
72 0
73 0
73 0
74 1
74 2
74 2
75 3
76 4
76 4
76 5
77 6
77 7
77 8
77 8
77 9
77 10
77 11
77 12
77 13
77 13
77 14
77 15
77 16
77 17
77 18
77 18
77 19
77 20
76 21
76 22
76 23
76 24
76 24
76 25
76 26
75 27
75 28
75 29
75 29
75 30
75 31
74 32
74 33
74 34
74 34
73 35
73 36
72 37
72 38
72 38
71 39
71 40
70 41
70 41
70 42
69 43
69 44
69 45
69 45
68 46
68 47
67 48
67 48
66 49
65 49
65 49
64 49
64 49
63 48
63 47
63 47
63 46
63 45
63 44
63 44
63 43
64 42
64 41
64 40
64 40
64 39
65 38
65 37
65 36
65 36
65 35
66 34
66 33
66 33
67 32
67 31
68 30
68 30
69 29
69 28
69 28
70 27
70 26
70 26
71 25
72 24
72 24
73 23
73 23
74 22
74 22
75 22
75 22
76 22
76 22
77 22
77 22
77 23
77 23
77 24
76 25
76 26
75 27
75 28
74 29
74 30
74 31
73 32
73 33
72 34
72 35
72 36
71 37
71 38
70 39
70 40
69 41
69 42
69 43
68 44
68 45
67 46
67 47
67 48
66 49
66 50
65 51
65 52
64 53
64 54
64 54
64 55
63 56
63 57
63 57
62 57
61 57
61 57
60 57
60 57
59 57
58 57
58 57
58 57
58 58
58 58
58 57
58 57
58 57
59 56
60 55
60 55
61 54
62 53
62 53
63 52
64 52
65 51
66 51
66 51
67 50
68 50
69 49
69 49
70 48
71 48
72 47
72 47
73 46
74 46
75 45
75 45
76 44
77 44
77 44
77 44
76 45
76 45
75 46
75 47
75 47
74 48
73 49
72 50
72 50
71 51
70 52
70 53
69 54
69 54
68 55
67 56
67 57
66 58
66 58
65 59
65 60
64 61
64 61
63 62
62 63
61 64
61 64
60 65
59 66
59 66
58 67
58 68
57 69
57 69
56 70
56 70
55 71
55 71
55 71
56 70
57 70
57 70
58 69
59 69
60 68
60 68
61 67
62 66
63 66
64 65
64 65
65 64
66 64
67 63
68 63
69 62
70 62
70 62
71 61
72 61
73 60
74 60
75 59
75 59
76 59
77 58
78 58
79 58
80 58
81 57
82 57
82 57
83 57
84 57
85 57
86 57
87 57
87 57
88 57
89 57
90 57
91 57
91 57
92 57
93 58
94 58
95 58
95 58
96 59
97 59
97 59
98 60
99 61
99 61
100 62
100 63
100 63
100 64
100 65
100 66
100 66
99 67
99 68
98 69
98 70
98 70
98 71
97 72
97 73
97 73
96 74
95 75
95 76
94 77
94 77
93 78
92 79
91 79
90 80
89 81
89 81
88 82
87 83
86 83
85 84
85 84
84 84
83 85
82 85
81 85
80 86
79 86
79 86
78 86
77 87
76 87
75 87
75 87
74 87
73 87
72 87
72 87
71 86
70 85
70 85
70 84
70 83
70 83
70 82
70 81
70 81
71 80
72 79
72 79
72 78
72 77
72 76
72 75
73 74
73 73
73 72
73 71
73 70
73 69
73 68
73 67
74 66
74 65
74 64
74 63
74 62
74 62
74 62
73 61
73 61
72 61
71 61
71 61
70 61
70 61
69 62
68 62
68 62
67 63
66 64
66 64
65 65
65 66
64 67
64 67
63 68
62 69
61 70
61 70
60 71
59 72
58 73
58 73
57 74
56 75
55 76
55 76
54 77
53 77
52 78
51 78
51 78
50 79
49 80
49 80
48 81
48 81
48 81
49 80
49 80
50 79
51 78
51 78
52 77
53 76
54 76
55 75
55 75
56 74
57 74
58 73
59 73
60 72
60 72
61 71
62 71
63 70
64 70
65 69
65 69
66 68
67 68
68 67
69 67
70 66
70 66
71 65
72 65
73 64
74 64
74 64
75 64
76 64
77 64
78 64
78 64
79 64
80 64
81 64
81 64
82 65
82 65
82 66
82 66
81 67
80 68
80 68
79 69
79 70
78 71
78 71
77 72
76 72
75 73
75 73
74 74
73 74
72 75
71 75
71 75
70 76
69 77
68 77
67 78
67 78
66 78
65 79
64 79
63 79
63 79
62 80
61 80
60 81
59 81
59 81
58 81
57 82
56 82
56 82
55 83
54 83
54 83
54 83
55 82
55 82
56 81
57 81
57 81
58 81
59 80
60 80
60 80
61 80
62 79
63 79
63 79
64 79
65 78
66 78
67 77
68 77
68 77
69 77
70 76
71 76
71 76
72 76
73 75
74 75
74 75
75 76
75 76
76 77
76 77
75 78
75 79
74 80
74 80
73 81
73 82
72 83
72 83
71 84
70 85
69 85
68 86
67 87
67 87
66 88
65 88
64 89
63 89
62 90
61 90
61 90
60 91
59 91
58 92
57 92
56 93
55 93
54 94
54 94
53 94
52 95
51 95
50 95
49 95
48 96
47 96
47 96
46 96
45 97
44 97
43 97
42 97
41 98
40 98
40 98
39 98
38 99
37 99
36 100
35 100
35 100
34 100
33 100
32 100
