10 38
9 39
8 40
7 40
6 41
5 42
5 42
4 42
3 43
2 43
2 43
1 44
0 44
0 44
0 45
0 45
1 45
1 45
2 45
3 44
4 44
4 44
5 43
6 43
7 42
8 42
8 42
9 41
10 41
11 40
12 39
13 39
14 38
14 38
15 37
16 37
17 36
18 36
19 35
20 35
21 34
22 34
22 34
23 33
24 33
25 32
26 32
27 31
28 31
29 30
29 30
30 30
31 29
32 29
33 28
34 28
35 27
36 27
36 27
37 26
38 26
39 25
40 25
41 24
42 24
42 24
43 24
44 23
45 23
46 22
47 22
47 22
48 21
49 21
50 20
51 20
51 20
52 20
53 19
54 19
54 19
55 19
56 18
57 18
57 18
58 17
59 17
59 17
60 17
60 17
60 17
59 17
58 17
58 17
57 18
56 19
56 19
55 19
54 20
53 20
53 20
52 20
51 19
50 19
49 19
48 19
47 18
46 18
45 18
44 18
43 17
42 17
41 17
40 17
39 16
38 16
37 16
36 16
35 15
34 15
33 15
33 15
34 14
35 13
35 13
35 13
35 13
36 13
36 13
37 13
38 13
38 13
39 14
39 14
40 14
40 14
41 15
41 16
41 16
41 17
42 18
42 19
42 19
42 20
42 21
42 22
42 23
42 23
42 24
42 25
42 26
42 27
42 28
42 28
42 29
42 30
42 31
42 32
42 33
42 34
42 34
42 35
42 36
42 37
42 38
42 39
42 40
42 40
42 41
42 42
42 43
42 44
42 45
42 46
42 47
42 47
42 48
42 49
42 50
42 51
42 52
42 53
42 54
42 54
42 55
42 56
42 57
42 58
42 59
42 59
42 60
42 61
43 62
43 63
43 64
43 64
43 65
43 66
43 67
43 68
43 68
43 69
43 70
43 70
43 71
43 72
43 72
43 72
43 72
43 71
42 70
42 69
42 68
41 67
41 66
41 65
41 64
40 63
40 62
40 61
39 60
39 59
39 58
38 57
38 56
38 55
38 54
37 53
37 52
37 51
36 50
36 49
36 48
35 47
35 46
35 45
35 44
34 43
34 42
34 41
33 40
33 39
33 39
33 38
34 37
34 36
34 35
34 34
35 33
35 32
35 31
35 31
35 30
36 29
36 28
36 28
37 27
37 27
38 27
39 27
39 27
40 27
40 27
41 28
41 29
41 29
41 30
40 31
40 32
40 32
40 33
39 34
39 35
38 36
38 37
38 37
38 38
37 39
37 40
37 41
36 42
36 43
36 43
35 44
35 45
34 46
34 47
33 48
33 48
32 49
32 50
31 51
31 52
30 53
30 54
30 54
29 55
28 56
27 57
27 57
27 58
26 59
26 60
26 60
26 61
26 61
26 61
27 61
27 61
27 60
27 59
27 59
27 58
27 57
27 56
27 55
27 54
27 53
27 52
27 51
27 50
27 49
27 48
27 47
27 46
27 46
27 45
28 44
28 43
29 42
29 41
29 41
30 40
30 40
31 40
31 40
32 40
33 40
33 40
34 41
35 41
35 41
36 41
37 41
37 41
38 42
39 42
40 43
40 43
41 43
42 43
43 43
43 43
44 43
45 44
46 44
46 44
47 44
48 44
49 44
49 44
50 45
51 45
51 45
51 44
51 43
51 42
51 41
51 40
51 39
51 38
51 37
51 36
51 35
51 34
51 33
51 32
51 31
51 30
50 29
50 28
50 27
50 26
50 25
50 24
50 23
50 22
50 21
50 20
50 19
50 18
50 17
50 16
50 15
50 14
50 14
51 13
51 12
52 11
52 10
52 10
53 9
53 9
53 8
53 8
54 8
54 8
55 9
55 9
56 10
56 11
56 11
56 12
56 13
56 14
56 14
56 15
56 16
56 17
56 18
56 18
56 19
56 20
55 21
55 22
55 23
55 23
55 24
55 25
55 26
55 27
55 27
55 28
54 29
54 30
54 30
54 31
54 32
54 33
54 33
54 34
54 35
54 35
54 35
55 36
55 36
55 35
55 35
55 34
55 33
54 32
54 31
54 30
54 29
54 28
53 27
53 26
53 25
53 24
52 23
52 22
52 21
52 20
52 19
51 18
51 17
51 16
51 16
51 15
51 14
51 13
50 12
50 11
50 10
50 9
50 9
50 8
50 7
50 7
51 6
52 5
52 5
53 4
53 3
53 3
54 2
55 1
55 1
56 0
57 0
57 0
58 1
59 1
59 1
60 2
60 3
60 3
61 4
62 5
62 5
62 6
63 7
63 8
63 8
63 9
64 10
64 11
64 11
64 12
65 13
65 14
65 15
65 15
65 16
65 17
65 18
65 19
65 19
65 20
65 21
65 22
65 23
65 23
65 24
66 25
66 26
66 27
66 27
66 28
65 29
65 30
65 30
65 31
65 32
65 33
65 34
65 34
65 35
65 35
65 36
65 36
64 36
64 36
64 36
63 35
62 34
61 33
60 32
59 31
58 30
57 29
57 29
56 28
55 27
55 26
54 25
54 25
53 24
53 24
53 23
53 23
53 23
53 22
53 22
53 21
53 21
54 20
54 20
55 19
56 19
56 19
57 18
58 18
58 18
59 17
60 17
60 17
61 17
62 17
62 17
62 18
62 18
62 19
62 19
62 20
61 21
61 22
61 22
60 23
59 24
59 24
58 25
57 26
56 27
56 27
55 28
54 29
54 29
53 30
53 30
52 31
52 31
52 30
52 30
53 30
53 30
54 29
54 29
55 28
56 28
56 28
57 27
58 26
58 26
59 25
59 25
60 25
60 25
61 25
61 25
61 25
61 25
60 26
60 26
59 27
58 27
58 27
57 28
57 29
57 29
56 30
55 30
55 30
54 31
54 31
53 32
53 32
52 33
52 33
52 34
52 34
52 34
53 34
53 34
54 33
55 33
55 33
56 32
57 32
57 32
58 32
59 31
60 31
60 31
61 30
62 30
62 30
63 29
63 29
64 29
64 29
63 30
62 30
61 31
60 31
59 32
58 32
57 33
57 33
56 33
55 34
54 34
53 35
52 35
52 35
51 36
50 36
49 37
49 37
48 38
47 38
46 39
46 39
45 40
44 41
44 41
43 41
43 41
44 41
44 41
45 41
46 41
46 41
47 40
48 40
48 40
49 39
50 39
51 38
52 38
52 38
53 37
54 37
55 36
56 36
56 36
57 36
58 35
59 35
60 35
60 35
61 35
62 34
63 34
63 34
64 34
65 33
66 33
66 33
67 32
67 32
68 32
68 32
68 32
68 32
67 33
67 33
66 34
65 35
65 35
64 36
63 36
62 37
61 37
61 37
60 38
59 39
58 40
58 40
57 41
56 42
55 42
54 43
54 43
53 44
52 45
51 45
50 46
50 46
49 47
49 48
48 49
48 49
47 50
46 51
46 51
45 52
45 53
45 53
45 53
46 53
46 53
46 52
46 52
47 51
48 51
48 51
49 50
49 49
49 49
50 48
51 48
52 47
52 47
53 47
54 46
55 46
55 46
56 45
57 44
58 43
58 43
59 43
60 42
61 42
62 41
63 41
63 41
64 40
65 40
66 39
67 39
68 38
68 38
69 38
70 37
71 37
72 36
73 36
73 36
74 36
75 36
76 35
77 35
78 35
78 35
79 35
80 35
81 34
82 34
83 34
83 34
84 34
85 34
86 34
87 34
88 34
88 34
89 34
90 34
91 34
92 34
92 34
93 34
94 35
95 35
95 35
96 36
97 37
97 37
98 38
98 39
99 40
99 40
99 41
100 42
100 43
100 43
100 44
99 45
99 46
99 46
99 47
98 48
98 49
98 50
98 50
97 51
97 52
96 53
96 54
96 54
95 55
95 56
94 57
94 58
94 58
93 59
92 60
92 60
91 61
91 62
90 63
90 63
89 64
89 65
88 66
88 66
87 67
86 68
86 68
85 69
84 69
83 70
82 70
82 70
81 69
80 69
79 68
78 67
77 67
76 66
75 66
74 65
73 64
72 64
71 63
70 62
69 62
68 61
67 61
66 60
65 59
64 59
63 58
62 57
61 57
60 56
59 56
58 55
57 54
56 54
55 53
55 53
56 52
57 51
58 51
59 50
60 49
60 49
60 48
60 47
60 47
61 47
61 47
62 48
62 49
62 49
61 50
61 50
61 51
60 52
60 53
60 53
59 54
58 54
57 55
57 55
56 56
55 57
54 58
54 58
53 59
52 59
51 60
50 60
50 60
49 61
48 62
48 62
47 63
46 63
46 63
45 63
45 63
46 62
46 61
46 61
47 60
47 59
48 58
48 58
49 57
50 56
51 56
52 55
52 55
53 54
54 53
55 53
56 52
56 52
57 51
58 51
59 50
60 50
60 50
61 49
62 48
63 48
64 47
64 47
65 47
66 46
67 46
68 46
68 46
69 46
70 45
71 45
72 45
72 45
73 45
74 45
75 45
75 45
76 46
76 46
76 47
76 48
76 48
75 49
75 50
74 51
74 51
73 52
72 53
72 54
71 55
71 55
70 56
69 57
68 57
67 58
67 58
66 59
65 59
64 60
63 61
62 61
61 62
61 62
60 63
59 64
58 64
57 65
57 65
56 66
55 66
54 67
54 67
53 68
52 68
52 68
52 67
52 67
52 66
52 66
52 65
53 64
53 63
53 63
54 62
55 61
56 60
56 60
57 59
58 58
59 57
59 57
60 56
61 56
62 55
63 55
63 55
64 54
65 54
66 53
67 53
67 53
68 52
69 52
70 51
70 51
71 51
72 51
72 51
73 52
73 52
73 53
73 53
72 54
72 55
72 55
71 56
71 57
71 57
70 58
70 59
69 60
69 60
68 61
67 61
66 62
66 62
65 63
65 64
64 65
64 65
63 66
62 66
62 66
61 67
60 67
60 67
59 67
59 67
58 67
58 67
58 66
58 65
58 65
58 64
59 63
59 62
59 62
60 61
61 60
62 59
62 59
63 58
64 58
65 57
65 57
66 56
67 56
68 55
69 55
69 55
70 55
71 54
72 54
72 54
73 54
74 53
75 53
76 53
76 53
77 53
78 53
78 53
79 54
79 54
79 55
79 56
79 56
78 57
77 58
77 58
76 59
76 60
75 61
75 61
74 62
73 63
72 64
71 65
71 65
70 66
69 67
68 68
68 68
67 69
66 70
65 71
65 71
64 72
63 72
62 73
61 73
61 73
60 74
59 74
59 74
58 74
57 74
57 74
56 74
56 74
57 73
57 72
57 72
58 71
58 70
59 69
59 69
60 68
61 67
62 66
63 65
63 65
64 64
65 63
66 63
67 62
67 62
68 62
69 61
70 61
71 60
72 60
72 60
73 60
74 59
75 59
76 59
76 59
77 59
78 59
79 59
79 59
80 60
80 61
80 61
80 62
80 63
80 63
79 64
79 65
78 66
78 67
78 67
77 68
77 69
76 70
76 71
75 72
75 72
74 73
73 74
72 74
71 75
70 76
70 76
69 77
68 78
67 79
66 80
65 81
65 81
64 82
63 83
62 84
61 85
60 86
60 86
59 87
58 88
57 89
56 89
55 90
54 91
54 91
53 92
52 92
51 93
50 94
49 94
48 95
48 95
47 96
46 96
45 97
44 97
43 98
42 98
42 98
41 99
40 99
39 100
38 100
