5 28
4 29
4 30
4 30
3 31
2 31
2 31
1 31
0 31
0 31
0 31
1 31
1 31
2 30
3 30
3 30
4 30
5 29
6 29
7 29
7 29
8 29
9 28
10 28
11 28
12 27
13 27
13 27
14 27
15 27
16 26
17 26
18 26
19 26
19 26
20 26
21 25
22 25
23 25
24 25
25 24
26 24
26 24
27 24
28 24
29 24
30 23
31 23
32 23
33 23
33 23
34 23
35 22
36 22
37 22
38 22
39 21
40 21
41 21
41 21
42 21
43 20
44 20
45 20
46 19
47 19
47 19
48 19
49 18
50 18
51 17
52 17
52 17
53 17
54 16
55 16
55 16
56 16
56 16
57 16
57 16
56 15
56 15
55 15
54 14
53 14
52 13
51 13
50 12
49 12
48 11
47 11
46 10
45 10
44 10
43 9
42 9
41 8
40 8
39 7
38 7
37 6
36 6
36 6
35 5
34 4
33 3
33 3
32 2
32 1
32 1
31 1
31 1
32 2
32 2
32 3
33 4
33 5
33 5
33 6
33 7
34 8
34 9
34 10
34 11
34 11
34 12
34 13
34 14
35 15
35 16
35 17
35 18
35 19
35 19
35 20
35 21
35 22
35 23
35 24
36 25
36 26
36 27
36 28
36 29
36 30
36 30
36 31
36 32
36 33
36 34
36 35
36 36
37 37
37 38
37 39
37 40
37 41
37 42
37 43
37 43
37 44
37 45
37 46
38 47
38 48
38 49
38 50
38 51
38 52
38 53
39 54
39 55
39 56
39 57
39 57
39 58
39 59
39 60
40 61
40 62
40 63
40 64
40 65
40 66
40 67
41 68
41 69
41 70
41 71
41 71
41 72
42 73
42 74
42 75
43 76
43 77
43 78
43 79
44 80
44 81
44 81
44 82
44 83
44 84
44 85
45 86
45 87
45 88
45 89
45 90
45 90
45 91
46 92
46 93
46 94
47 95
47 96
47 96
47 97
48 98
48 99
48 99
49 100
49 100
49 100
49 100
49 99
49 98
49 98
49 97
48 96
48 95
48 94
48 94
48 93
48 92
47 91
47 90
47 89
47 88
47 88
47 87
46 86
46 85
46 84
46 83
45 82
45 81
45 81
45 80
44 79
44 78
44 77
44 76
43 75
43 74
43 73
43 73
43 72
42 71
42 70
42 69
41 68
41 67
41 66
40 65
40 64
40 64
40 63
39 62
39 61
39 60
38 59
38 58
38 57
38 56
37 55
37 54
37 54
37 53
37 52
37 51
36 50
36 49
36 48
36 47
36 47
35 46
35 45
34 44
34 43
34 43
33 42
33 41
33 41
32 40
32 40
31 40
31 40
30 40
30 40
29 41
28 42
28 42
27 43
27 44
26 45
26 45
26 46
25 47
25 48
24 49
24 50
24 50
23 51
22 52
22 53
21 54
21 54
21 55
20 56
20 57
19 58
19 59
19 59
18 60
18 61
17 62
17 63
16 64
16 64
15 65
15 66
14 67
14 68
14 68
13 69
13 70
13 70
13 70
13 69
14 68
14 67
14 66
15 65
15 64
15 63
16 62
16 61
16 60
17 59
17 58
17 57
18 56
18 55
18 54
19 53
19 52
19 51
20 50
20 49
20 49
21 49
22 48
23 48
24 48
25 48
26 47
27 47
27 47
28 46
28 45
29 44
29 44
30 45
31 45
31 45
32 46
33 46
34 47
34 47
35 47
36 48
37 48
37 48
38 49
39 49
40 50
40 50
41 50
42 51
43 51
44 51
44 51
45 51
46 52
47 52
47 52
48 52
49 53
50 53
50 53
51 53
52 54
53 54
53 54
54 54
55 54
55 54
56 54
57 54
57 54
58 53
58 53
59 52
59 52
59 51
58 50
58 49
58 48
57 47
57 46
57 45
56 44
56 43
56 42
55 41
55 40
55 39
54 38
54 37
54 36
53 35
53 34
53 33
52 32
52 31
52 30
51 29
51 28
51 27
50 26
50 25
50 24
49 23
49 22
49 21
48 20
48 19
48 18
47 17
47 16
47 15
46 14
46 13
46 12
45 11
45 10
45 9
44 8
44 7
44 6
43 5
43 4
43 4
44 4
45 5
46 5
47 5
47 5
46 4
46 4
46 4
46 5
46 5
47 6
47 6
47 7
47 7
47 8
48 9
48 10
48 11
48 11
48 12
48 13
49 14
49 15
49 16
49 16
49 17
50 18
50 19
50 20
50 20
50 21
50 22
51 23
51 24
51 25
51 26
51 26
51 27
51 28
52 29
52 30
52 31
52 32
52 32
52 33
53 34
53 35
54 36
54 37
54 37
55 38
55 39
56 40
56 41
56 41
57 42
58 43
58 43
59 44
59 44
59 43
58 42
58 41
57 40
57 39
56 38
56 37
55 36
55 35
54 34
54 33
54 32
53 31
53 30
52 29
52 28
51 27
51 26
50 25
50 24
50 23
49 22
49 21
48 20
48 19
47 18
47 17
46 16
46 15
45 14
45 13
45 13
45 12
46 11
46 10
46 10
46 9
46 9
46 8
46 8
47 7
48 7
49 6
49 6
50 5
51 5
52 4
53 4
53 4
54 3
55 3
56 2
57 2
57 2
58 2
59 1
60 1
60 1
61 1
62 0
63 0
63 0
64 0
65 1
66 1
66 1
67 2
68 2
69 3
69 3
70 4
71 5
71 5
71 6
72 7
72 8
72 8
72 9
72 10
72 11
72 12
72 12
72 13
72 14
72 15
72 16
72 17
72 17
72 18
72 19
72 20
72 21
72 22
72 22
72 23
71 24
71 25
71 26
71 26
71 27
70 28
70 29
70 30
70 30
69 31
69 32
68 33
68 34
68 34
67 35
67 36
66 37
66 37
65 37
64 36
63 36
62 36
61 35
60 35
59 35
58 34
57 34
56 34
55 33
54 33
53 33
52 32
51 32
50 32
49 31
48 31
48 31
48 31
48 31
48 31
49 30
49 30
50 30
51 29
52 29
52 29
53 28
54 27
54 27
55 27
56 26
57 26
58 26
58 26
59 25
60 25
61 24
61 24
62 23
63 23
63 23
64 23
65 23
65 23
65 23
64 24
63 25
62 26
61 27
60 28
60 29
59 30
58 31
57 32
56 33
56 33
55 34
55 35
55 35
55 34
55 34
56 34
57 34
57 34
58 33
59 33
59 33
60 33
61 32
62 32
62 32
63 31
64 30
64 30
65 30
66 29
67 29
67 29
68 28
69 28
69 28
70 27
70 27
71 27
71 27
71 27
70 28
69 29
68 29
67 30
66 31
65 32
64 33
63 34
62 34
61 35
60 36
59 37
58 38
57 38
56 39
55 40
54 41
53 42
52 43
51 43
50 44
49 45
49 45
49 46
48 47
48 48
48 48
48 47
48 47
48 46
48 46
49 46
50 46
50 46
51 45
52 44
52 44
53 43
54 43
55 42
55 42
56 41
57 41
58 40
58 40
59 39
60 39
60 39
61 39
62 38
63 38
63 38
64 37
64 37
65 37
65 37
65 37
64 38
64 38
63 39
63 39
62 40
61 41
61 41
60 42
60 43
59 44
59 45
59 45
58 46
58 47
57 48
57 49
57 49
56 50
56 51
55 52
55 52
54 53
53 54
53 55
52 56
52 56
51 57
51 58
50 59
50 60
50 60
49 61
49 62
48 63
48 63
47 64
47 65
46 66
46 66
45 67
45 68
45 68
45 68
45 68
46 67
46 67
46 66
46 65
46 65
47 64
47 63
48 62
48 62
49 61
50 60
51 59
51 59
52 58
53 57
54 56
54 56
55 55
56 54
57 53
58 52
58 52
59 51
60 51
61 50
62 50
62 50
63 50
64 49
65 49
66 48
67 48
67 48
68 48
69 47
70 47
71 47
72 46
73 46
73 46
74 46
75 46
76 46
77 46
78 46
78 46
79 46
80 46
81 46
82 46
83 46
83 46
84 46
85 47
86 47
87 47
87 47
88 47
89 48
90 48
91 49
92 49
92 49
93 50
94 50
95 51
95 51
96 52
96 53
97 54
97 54
98 55
98 56
99 57
99 58
99 58
99 59
100 60
100 61
100 61
100 62
99 63
99 64
99 65
99 65
99 66
98 67
98 68
98 69
98 69
98 70
97 71
97 72
97 73
97 73
96 74
95 75
94 76
94 76
93 77
92 78
91 79
91 79
90 80
89 81
88 82
87 83
87 83
86 84
85 85
84 86
83 87
83 87
82 88
81 89
80 90
80 90
79 91
78 91
77 92
77 92
76 92
75 92
75 92
74 91
73 91
73 91
72 90
71 89
71 89
70 88
69 88
68 87
68 87
68 86
68 85
68 84
67 83
67 82
67 81
67 80
67 79
67 78
66 77
66 76
66 75
66 74
66 73
66 72
66 71
65 70
65 69
65 68
65 67
65 66
65 65
65 64
64 63
64 62
64 61
64 60
64 59
64 58
63 57
63 56
63 55
63 54
63 53
63 52
63 51
62 50
62 49
62 48
62 47
62 47
62 48
62 49
62 50
62 50
61 50
61 50
61 51
61 52
61 52
61 53
61 54
61 55
61 55
61 56
61 57
61 57
61 58
61 59
61 59
61 60
61 61
61 61
61 62
60 63
60 64
60 64
60 65
59 66
59 67
59 68
59 68
59 69
58 70
58 71
58 72
58 72
57 73
57 74
57 74
56 75
56 76
55 77
55 77
54 78
54 78
54 78
53 78
53 78
53 77
53 77
52 76
52 75
52 75
52 74
52 74
51 73
51 72
51 72
51 71
51 70
51 69
51 69
51 68
51 67
51 67
51 66
51 65
51 65
52 64
52 63
53 62
53 62
54 61
55 60
55 60
56 59
57 59
58 58
58 58
59 57
60 57
61 56
61 56
62 55
63 55
64 54
64 54
65 53
66 53
67 52
68 52
68 52
69 52
70 51
71 51
72 51
72 51
73 51
74 51
75 51
76 51
76 51
77 51
78 52
79 52
79 52
80 53
81 54
82 55
82 55
82 56
83 57
83 58
83 58
83 59
84 60
84 61
84 61
84 62
84 63
84 64
84 65
84 65
84 66
83 67
83 68
83 68
83 69
82 70
82 71
82 71
81 72
81 73
81 73
80 74
79 75
79 75
78 76
77 77
77 77
76 78
75 79
75 79
74 80
73 80
72 81
72 81
71 82
70 82
70 82
69 82
68 83
67 83
67 83
66 84
65 84
65 84
64 83
63 83
63 83
62 82
62 82
61 81
61 80
61 80
61 79
61 78
61 77
61 77
61 76
61 75
61 74
61 74
61 73
61 72
61 72
62 71
62 70
62 70
63 69
64 69
64 69
65 68
66 67
66 67
67 66
68 66
69 65
69 65
70 65
71 64
72 64
73 64
73 64
74 64
75 63
76 63
77 63
77 63
78 63
79 62
80 62
81 62
81 62
82 63
83 63
83 63
84 63
85 64
86 64
86 64
87 65
87 66
87 66
88 67
88 68
88 68
88 69
88 70
88 71
88 71
88 72
87 73
87 74
87 74
87 75
86 76
86 77
86 77
85 78
85 79
85 79
84 80
84 81
84 81
83 82
83 83
83 83
82 84
82 85
82 85
81 86
80 86
80 86
79 87
78 88
78 88
77 89
76 89
76 89
75 90
74 90
74 90
73 91
73 91
72 91
72 91
72 90
