1 54
1 54
0 55
0 55
0 55
0 55
0 54
0 54
1 54
2 54
2 54
3 53
3 53
4 52
5 52
6 51
6 51
7 51
8 50
9 50
9 50
10 50
11 49
12 49
13 49
13 49
14 49
15 49
16 48
17 48
18 48
18 48
19 48
20 48
21 47
22 47
23 47
23 47
24 47
25 47
26 46
27 46
28 46
28 46
29 46
30 46
31 45
32 45
33 45
33 45
34 45
35 44
36 44
37 44
37 44
38 44
39 43
40 43
41 43
41 43
42 43
43 42
44 42
44 42
45 42
45 42
46 42
46 42
45 41
44 40
43 40
42 39
41 38
40 37
39 36
38 36
37 35
36 34
35 33
34 32
33 32
32 31
31 30
30 29
29 28
28 28
27 27
26 26
26 26
26 25
26 24
27 23
27 22
27 21
27 20
27 20
27 19
27 18
27 18
26 17
26 17
26 17
27 17
27 17
28 18
28 18
29 19
29 20
29 20
29 21
30 22
30 23
30 24
30 24
30 25
30 26
30 27
30 28
30 29
30 30
30 31
30 32
30 32
30 33
30 34
30 35
30 36
30 37
31 38
31 39
31 40
31 41
31 42
31 43
31 43
31 44
31 45
31 46
31 47
31 48
30 49
30 50
30 51
30 52
30 53
30 54
30 55
30 55
30 56
30 57
30 58
30 59
30 60
30 61
30 62
30 63
30 64
30 65
30 66
30 67
30 67
30 68
30 69
30 70
30 71
29 72
29 73
29 74
29 75
29 76
29 77
29 77
29 78
29 79
29 80
29 81
29 82
29 83
29 84
29 85
29 85
29 86
29 87
28 88
28 89
28 90
28 90
28 91
28 92
28 93
28 94
28 95
28 95
28 96
28 97
28 98
28 98
28 99
28 100
28 100
28 100
28 100
28 99
28 99
28 98
28 97
28 96
28 96
28 95
28 94
27 93
27 92
27 91
27 91
27 90
27 89
27 88
27 87
27 86
27 85
27 84
27 83
27 82
27 81
27 80
27 79
27 78
27 77
27 76
27 75
27 75
27 74
27 73
27 72
27 71
27 70
27 69
27 68
27 67
27 66
27 65
27 64
27 63
27 62
27 61
27 60
27 59
27 58
27 58
27 57
27 56
27 55
28 54
28 53
28 52
28 51
28 51
28 50
28 49
28 48
28 47
28 46
28 46
28 45
28 44
28 43
28 43
28 42
28 41
28 40
28 40
28 39
28 39
28 38
28 38
27 39
27 40
27 40
26 41
26 42
26 42
26 43
26 44
25 45
25 46
25 47
25 47
24 48
24 49
23 50
23 51
22 52
22 53
22 53
22 54
21 55
21 56
20 57
20 58
19 59
19 60
19 60
18 61
18 62
17 63
17 64
16 65
16 65
15 66
15 67
14 68
14 68
13 69
12 70
12 70
11 70
11 70
11 70
12 69
12 69
13 68
13 67
13 67
14 66
14 65
15 64
16 63
16 62
17 61
18 60
19 59
19 58
20 57
21 56
21 55
22 54
22 54
23 53
24 53
25 52
26 52
27 51
28 51
29 50
29 50
30 50
31 51
32 51
33 51
33 51
34 52
35 53
36 54
36 54
37 55
38 56
39 57
39 57
40 58
41 59
42 60
42 60
43 61
44 61
45 62
46 62
46 62
47 62
48 62
49 62
49 62
50 62
51 61
52 61
53 61
53 61
54 60
55 60
55 60
55 59
55 58
55 57
55 56
55 55
55 54
55 53
55 52
55 51
55 50
55 49
55 48
55 47
55 46
55 45
55 44
55 43
55 42
55 41
56 40
56 39
56 38
56 37
56 36
56 35
56 34
56 33
56 32
56 31
56 30
56 29
56 28
56 27
56 26
56 25
56 24
56 23
56 22
56 21
56 20
56 20
56 19
56 19
55 18
55 18
55 18
55 18
55 19
56 20
56 21
56 21
56 22
56 23
56 24
56 25
56 25
56 26
56 27
56 28
55 29
55 30
55 31
55 32
55 33
55 33
55 34
55 35
55 36
54 37
54 38
54 39
54 40
54 40
54 41
54 42
53 43
53 44
53 45
53 45
53 46
53 47
53 48
53 48
53 49
53 50
53 50
53 51
53 51
53 51
53 51
53 50
53 50
53 49
54 48
54 47
54 47
54 46
54 45
54 44
54 43
54 43
54 42
54 41
54 40
54 39
54 39
54 38
54 37
55 36
55 35
55 34
55 34
55 33
55 32
55 31
55 30
55 29
55 28
55 28
55 27
55 26
56 25
56 24
56 23
56 22
56 22
56 21
56 20
57 19
57 18
57 17
57 16
57 16
57 15
57 14
58 13
58 12
58 11
58 11
58 10
59 9
59 8
59 7
59 7
59 6
59 5
59 4
59 4
60 3
60 2
60 2
60 1
60 1
61 0
61 0
62 0
62 0
62 1
62 1
62 2
63 3
63 4
63 4
63 5
63 6
63 7
63 8
63 9
63 9
63 10
63 11
63 12
62 13
62 14
62 15
62 16
62 17
62 17
62 18
62 19
62 20
62 21
62 22
62 23
62 24
62 25
62 26
62 26
62 27
62 28
62 29
61 30
61 31
61 32
61 33
61 33
61 34
61 35
61 36
61 37
61 38
61 39
61 39
61 40
60 41
60 42
60 43
60 43
60 44
60 45
60 46
60 47
60 47
60 48
59 49
59 50
59 50
58 51
58 52
58 52
58 53
58 53
57 53
57 53
57 52
57 52
56 51
56 50
56 50
56 49
56 48
56 47
56 47
56 46
55 45
55 44
55 44
55 43
55 42
55 41
55 40
55 40
55 39
55 38
55 37
55 36
55 36
55 35
55 34
55 33
55 32
55 32
55 31
55 30
55 29
55 29
55 28
56 27
56 26
56 26
57 25
58 24
58 24
59 23
60 23
60 23
61 23
61 23
62 23
62 23
63 24
63 25
63 25
62 26
62 27
62 27
62 28
61 29
61 30
61 31
60 32
60 33
60 34
59 35
59 36
59 37
58 38
58 39
58 40
57 41
57 42
57 43
56 44
56 45
56 45
55 46
54 47
54 48
53 49
53 49
52 50
51 51
51 51
50 52
49 52
48 53
48 53
47 54
46 55
46 55
45 55
44 55
44 55
44 55
44 55
45 54
46 53
46 53
47 52
48 52
48 52
49 51
50 51
51 50
51 50
52 50
53 49
54 49
54 49
55 48
56 48
56 48
57 48
58 48
59 48
59 48
60 49
60 49
60 50
60 50
60 51
60 51
60 52
60 53
60 54
60 54
59 55
59 56
58 57
58 57
57 58
56 59
56 59
55 60
54 61
53 62
53 62
52 63
51 64
50 64
49 65
49 65
48 66
47 67
46 67
45 68
45 68
44 69
43 70
42 70
41 71
41 71
40 72
39 72
39 72
38 73
38 73
38 73
39 72
39 72
40 71
41 70
41 70
42 69
43 68
44 68
45 67
45 67
46 66
47 65
48 65
49 64
50 63
50 63
51 63
52 62
53 62
54 62
55 61
56 61
56 61
57 61
58 60
59 60
60 60
61 59
62 59
62 59
63 59
64 59
65 58
66 58
67 58
68 58
68 58
69 58
70 58
71 57
72 57
73 57
74 57
74 57
75 57
76 57
77 58
78 58
79 58
80 58
80 58
81 58
82 59
83 59
84 59
85 59
86 60
87 60
87 60
88 61
89 61
90 62
91 62
92 63
92 63
93 64
94 64
95 65
96 65
97 66
97 66
97 67
98 68
98 69
99 70
99 71
99 71
99 72
99 73
99 74
99 75
99 75
99 76
98 77
98 78
98 79
98 79
97 80
96 81
96 82
95 83
95 83
94 84
93 85
92 85
91 86
90 87
90 87
89 88
88 88
87 89
86 90
85 90
84 91
84 91
83 92
82 92
81 93
80 93
79 94
78 94
78 94
77 94
76 95
75 95
74 95
73 96
72 96
72 96
71 96
70 96
69 97
68 97
67 97
67 97
66 97
65 97
64 98
63 98
62 98
62 98
61 98
60 97
59 97
58 97
58 97
57 96
56 96
55 95
55 95
54 94
54 93
53 92
53 92
53 91
52 90
52 89
52 89
52 88
52 87
52 86
52 85
52 84
52 84
52 83
52 82
53 81
53 80
53 79
53 79
54 78
55 77
55 76
56 75
56 75
57 74
58 73
59 72
59 72
60 71
61 70
62 69
63 68
63 68
64 67
65 67
66 66
67 66
68 65
68 65
69 64
70 64
71 63
72 63
73 62
73 62
74 61
75 61
76 60
77 60
77 60
78 60
79 59
80 59
80 59
81 59
82 59
82 59
82 60
82 60
81 61
81 62
80 63
80 63
79 64
78 65
77 65
76 66
76 66
75 67
74 68
73 68
72 69
71 70
71 70
70 71
69 72
68 72
67 73
66 74
66 74
65 75
64 75
63 76
62 76
61 77
60 77
60 77
59 78
58 78
57 79
56 79
55 80
55 80
54 80
53 81
52 81
52 81
51 82
51 82
51 81
51 81
52 80
53 79
54 78
54 78
55 77
56 77
57 76
58 76
58 76
59 76
60 75
61 75
62 75
63 74
64 74
64 74
65 74
66 73
67 73
68 73
68 73
69 73
70 73
71 72
72 72
73 72
73 72
74 72
75 72
76 72
77 72
77 72
78 72
79 72
80 72
80 72
81 72
82 72
82 72
82 73
82 73
81 74
81 75
80 76
80 76
79 77
78 78
77 79
76 80
76 80
75 81
74 82
73 83
72 84
71 85
71 85
70 86
69 86
68 87
67 88
66 88
65 89
65 89
64 90
63 90
62 91
61 91
60 92
59 92
58 93
58 93
57 94
56 94
55 95
54 95
53 96
53 96
52 96
51 97
50 97
49 97
49 97
48 97
47 97
46 97
46 97
46 96
46 95
