4 46
3 47
3 48
3 48
2 48
2 48
1 49
1 49
1 50
1 50
0 51
0 51
0 51
0 52
0 52
0 52
0 52
0 53
0 53
0 53
0 53
0 54
0 54
0 54
0 54
0 54
0 54
0 55
0 55
0 55
0 55
1 55
1 55
1 54
1 54
1 54
1 54
2 54
2 54
3 53
3 53
4 52
4 52
5 51
5 51
6 50
7 49
7 49
8 48
9 47
9 47
10 46
11 45
11 45
12 44
13 43
13 42
14 41
14 41
15 40
16 39
17 39
18 38
18 38
19 37
20 36
20 35
21 34
21 34
22 33
23 32
24 32
25 31
25 31
26 30
27 29
28 29
29 28
29 28
30 27
31 26
32 25
32 25
33 24
34 23
35 23
36 22
36 22
37 21
38 21
39 20
39 20
40 19
41 19
42 18
42 18
43 17
44 16
44 16
45 15
46 14
46 14
47 13
47 13
48 13
48 13
48 12
48 12
48 12
48 12
48 12
48 12
48 12
48 12
48 12
48 12
48 12
48 12
48 12
48 12
47 12
47 12
47 12
46 12
46 12
45 13
45 13
44 13
43 12
42 12
41 12
40 12
39 11
38 11
37 11
36 10
35 10
34 10
33 10
32 9
31 9
30 9
29 9
28 8
27 8
26 8
25 7
24 7
23 7
22 7
21 6
20 6
20 6
19 5
18 4
18 4
17 3
17 2
17 2
17 2
16 1
16 1
16 1
16 0
16 0
16 0
16 1
16 1
17 2
17 2
18 3
18 3
19 4
19 5
19 5
20 6
20 7
21 8
21 9
21 9
21 10
21 11
22 12
22 13
22 14
22 14
22 15
23 16
23 17
23 18
24 19
24 20
24 20
24 21
24 22
24 23
25 24
25 25
25 26
25 27
25 27
25 28
26 29
26 30
27 31
27 32
27 33
28 34
28 35
28 35
28 36
29 37
29 38
29 39
30 40
30 41
30 42
31 43
31 44
31 44
31 45
32 46
32 47
32 48
32 49
33 50
33 51
33 52
33 52
33 53
34 54
34 55
34 56
34 57
35 58
35 59
35 59
35 60
36 61
36 62
37 63
37 64
37 64
37 65
38 66
38 67
38 67
38 68
39 69
39 70
39 71
39 71
39 72
40 73
40 74
40 74
40 75
41 76
41 77
41 77
42 78
42 79
42 79
43 80
43 81
43 81
44 82
44 83
44 83
45 84
45 84
45 85
45 85
45 86
45 86
45 86
45 86
45 86
44 85
44 85
44 85
43 85
43 85
43 84
43 84
42 83
42 83
42 82
42 82
42 81
42 81
41 81
41 81
41 80
41 80
41 79
40 78
40 77
39 76
39 75
38 74
38 73
38 72
37 71
37 70
36 69
36 68
35 67
35 66
35 65
34 64
34 63
33 62
33 61
32 60
32 59
32 58
31 57
31 56
30 55
30 54
30 53
29 52
29 51
28 50
28 49
27 48
27 47
27 46
26 45
26 44
25 43
25 42
24 41
24 40
24 40
25 39
26 39
26 39
26 38
26 38
26 38
26 37
26 37
26 37
26 37
26 37
26 37
26 38
26 38
26 39
26 40
26 40
26 41
27 42
27 43
27 44
27 44
27 45
27 46
27 47
27 48
27 48
27 49
28 50
28 51
28 52
28 52
28 53
28 54
28 55
28 56
28 56
28 57
29 58
29 59
29 60
29 60
29 61
29 62
29 63
29 63
29 64
29 65
29 66
29 66
29 67
29 68
29 68
29 69
29 70
29 70
29 70
29 71
29 71
29 71
29 71
29 70
29 70
29 69
29 69
29 68
29 67
29 67
29 66
29 65
29 64
29 64
28 63
28 62
28 62
28 61
28 60
28 59
28 59
28 58
28 57
28 57
28 56
28 55
28 55
28 54
29 53
29 52
29 52
30 51
30 50
30 50
31 49
31 48
31 48
31 47
32 46
32 45
32 45
33 44
33 43
33 43
34 42
34 41
34 41
35 40
35 40
36 39
36 39
37 39
37 39
38 39
38 39
38 39
39 40
39 40
40 41
40 41
40 42
40 43
40 43
41 44
41 44
41 45
41 45
41 46
41 47
41 47
41 48
41 48
42 49
42 50
42 50
42 50
42 51
42 51
42 51
42 51
42 51
42 51
42 51
42 51
42 50
42 50
42 50
42 50
42 50
42 50
42 50
42 49
42 48
42 47
41 46
41 45
41 44
41 43
41 42
41 41
41 40
40 39
40 38
40 37
40 36
40 35
40 34
39 33
39 32
39 31
39 30
39 29
39 28
39 27
38 26
38 25
38 24
38 23
38 22
38 21
38 20
37 19
37 18
37 17
37 16
37 16
37 16
37 17
38 18
38 19
38 19
38 20
38 21
38 21
38 22
39 23
39 24
39 24
40 25
40 26
40 26
40 27
41 28
41 29
41 29
41 30
42 31
42 32
42 32
43 33
43 34
43 34
44 35
44 36
44 36
44 37
44 38
44 38
44 39
44 39
45 40
45 40
45 41
45 41
45 41
45 41
45 41
45 41
44 41
44 41
44 40
44 40
43 39
43 39
42 38
42 37
42 37
41 36
41 35
41 35
41 34
40 33
40 32
40 32
40 31
40 30
40 29
40 28
40 28
40 27
40 26
39 25
39 24
39 23
39 23
39 22
39 21
39 20
39 19
39 19
39 18
39 17
39 16
39 15
39 14
39 14
39 13
39 12
39 11
39 10
39 10
39 9
39 8
39 7
39 7
39 6
39 5
39 4
39 4
39 3
39 2
39 2
40 1
40 1
40 1
40 1
40 1
41 1
41 1
41 2
41 2
42 3
42 4
42 4
42 5
43 6
43 7
43 7
43 8
44 9
44 10
44 11
44 11
44 12
45 13
45 14
46 15
46 16
46 16
47 17
47 18
48 19
48 20
48 20
49 21
49 22
50 23
50 24
50 24
51 25
51 26
52 27
52 28
52 28
53 29
54 30
54 30
54 31
55 32
55 33
55 33
56 34
56 34
57 35
57 36
57 36
57 37
57 37
57 38
57 38
57 39
57 40
57 40
56 41
56 41
55 42
55 42
54 43
53 43
53 43
52 42
51 41
50 40
49 40
48 39
47 38
47 38
47 37
46 36
46 35
46 35
46 34
46 34
46 33
46 32
46 32
46 31
46 31
46 30
46 29
46 29
47 28
47 28
48 27
48 27
48 26
48 26
49 25
49 25
49 25
50 24
50 24
50 24
51 23
51 23
51 23
51 23
51 23
51 23
51 23
51 23
51 24
51 24
51 24
51 24
51 25
51 25
51 26
51 26
50 27
50 28
50 28
50 29
50 30
50 30
50 31
50 31
50 32
50 33
50 33
49 34
49 35
49 35
49 36
49 37
49 37
49 38
49 39
49 40
49 40
49 41
48 42
48 43
48 43
48 44
48 45
48 45
48 46
48 47
48 47
48 48
48 48
47 49
47 50
47 50
47 51
47 52
47 52
47 53
47 53
47 54
47 55
47 55
46 56
46 56
46 57
46 57
46 58
46 58
46 59
46 59
45 59
45 59
45 59
45 59
45 59
46 59
46 59
46 58
46 58
46 58
46 57
46 57
47 56
47 56
47 55
47 54
47 54
47 53
47 53
48 52
48 51
48 51
48 50
48 49
48 49
49 48
49 47
49 47
50 46
50 45
50 45
51 44
51 43
51 43
52 42
52 41
52 41
53 40
53 39
53 39
54 38
54 37
54 37
55 36
55 35
55 35
56 34
57 34
57 34
58 33
58 32
58 32
59 31
60 30
60 30
61 29
62 28
62 28
63 27
64 26
64 26
65 26
66 25
67 25
67 25
68 24
69 24
69 24
70 23
71 23
71 23
72 22
73 22
73 22
74 22
75 22
75 22
76 22
77 22
77 22
78 22
79 22
80 22
80 22
81 22
82 22
82 22
83 22
84 22
85 22
85 22
86 22
87 22
87 22
88 22
89 22
89 22
90 22
91 22
91 22
92 23
93 23
93 23
94 24
94 24
95 25
95 25
96 26
96 26
96 27
96 27
97 28
97 28
97 29
97 30
97 30
97 31
97 31
98 32
98 33
98 33
98 34
98 34
99 35
99 35
99 36
99 36
99 37
99 37
100 38
100 38
99 39
99 39
99 40
99 41
99 41
98 42
98 43
98 43
97 44
97 45
97 45
96 46
96 47
96 47
95 48
94 49
94 49
94 50
93 51
93 52
93 52
93 53
92 54
92 55
92 55
91 56
91 57
90 58
90 58
89 59
89 60
88 61
88 61
87 62
87 63
87 63
86 64
86 65
86 65
85 66
85 67
84 68
84 68
83 69
83 70
83 70
82 71
81 71
81 71
80 72
80 72
79 73
78 73
78 73
77 74
76 74
76 74
75 74
75 74
74 74
73 74
73 74
72 74
72 74
71 74
71 74
71 74
70 73
70 73
70 72
69 71
69 70
69 69
69 68
68 67
68 66
68 65
68 64
67 63
67 62
67 61
67 60
66 59
66 58
66 57
66 56
65 55
65 54
65 53
65 52
64 51
64 50
64 50
64 49
64 48
64 47
64 46
63 45
63 44
63 43
63 42
63 41
63 41
63 40
63 39
63 38
63 37
63 36
63 36
63 35
62 34
62 33
62 33
62 32
62 31
62 30
62 30
62 29
62 29
63 29
63 29
63 28
63 28
63 28
63 29
63 29
63 30
63 31
63 32
63 32
63 33
63 34
63 35
63 36
63 36
63 37
63 38
64 39
64 40
64 41
64 41
64 42
64 43
64 44
64 45
64 46
64 46
64 47
64 48
64 49
64 49
64 50
63 51
63 52
63 53
63 53
63 54
63 55
63 56
63 56
62 57
62 58
62 58
61 59
61 60
61 60
60 61
60 61
60 62
60 62
59 62
59 62
59 62
60 61
60 60
60 60
60 59
60 58
60 58
60 57
60 56
60 55
60 54
60 54
60 54
60 53
60 52
60 51
61 50
61 49
61 48
61 47
61 46
61 45
62 44
62 43
62 42
62 41
62 41
62 40
63 39
63 38
63 37
63 37
63 36
64 35
64 34
64 34
65 33
66 32
66 32
67 31
67 31
68 31
68 31
69 32
69 32
69 33
69 33
69 34
69 35
69 35
69 36
69 37
69 38
69 38
69 39
68 40
68 41
68 41
67 42
67 43
67 43
67 44
66 45
66 46
66 46
66 47
66 48
66 48
65 49
65 49
65 49
66 49
66 49
66 48
66 48
66 47
67 46
67 45
67 45
67 44
68 43
68 42
68 42
68 41
69 40
69 39
69 39
70 38
70 37
70 37
71 36
71 35
71 35
72 34
72 34
73 33
73 33
74 33
74 33
75 33
75 33
76 34
77 35
77 35
78 36
78 37
78 37
78 38
79 39
79 40
79 40
79 41
79 42
79 43
79 44
79 45
79 46
79 46
79 47
79 48
79 49
79 50
79 51
79 52
79 52
79 53
79 54
79 55
79 56
79 57
79 58
79 59
79 60
79 61
79 61
79 62
79 63
79 64
78 65
78 66
78 67
78 68
78 69
78 69
78 70
78 71
78 72
78 73
78 74
78 75
78 76
78 77
78 78
78 78
78 79
78 80
78 81
78 82
78 83
78 84
78 85
78 86
78 86
78 87
78 88
77 89
77 90
77 91
77 92
77 92
77 93
77 94
77 95
77 96
77 96
77 97
76 98
76 99
76 99
76 100
76 100
75 100
75 100
75 100
75 99
75 98
75 97
75 96
75 95
75 94
75 93
75 92
75 91
75 90
75 89
75 88
75 87
75 86
75 85
75 84
75 83
75 82
75 81
75 80
75 79
75 78
75 77
75 76
75 75
75 74
75 73
75 72
75 71
76 70
76 69
76 68
76 67
76 66
76 65
76 64
76 63
76 62
76 61
76 60
76 59
76 58
76 57
76 56
76 55
76 54
76 53
76 52
76 51
76 50
76 49
76 48
76 47
76 46
76 45
76 44
76 43
76 42
76 41
76 41
77 41
78 41
78 41
78 42
78 43
78 44
78 45
