2 46
1 47
0 47
0 47
0 47
0 47
0 47
1 47
1 47
2 46
2 46
3 46
4 45
5 45
5 45
6 45
7 44
8 44
8 44
9 44
10 43
11 43
12 42
13 42
13 42
14 41
15 41
16 40
17 40
18 39
18 39
19 39
20 38
21 38
22 38
23 37
24 37
24 37
25 37
26 36
27 36
28 36
29 36
30 35
31 35
31 35
32 35
33 34
34 34
35 34
36 33
37 33
37 33
38 33
39 33
40 32
41 32
42 32
42 32
43 31
44 31
45 30
45 30
46 30
47 30
48 30
48 30
49 30
49 30
49 30
49 30
48 29
47 28
46 27
45 26
44 26
43 25
42 24
41 23
40 22
39 21
38 20
37 19
36 18
35 17
34 17
33 16
32 15
31 14
30 13
30 13
30 12
30 11
30 10
30 10
31 9
31 8
31 8
31 7
31 7
31 7
32 7
32 7
33 8
33 9
33 9
33 10
34 11
34 12
34 12
34 13
34 14
34 15
34 16
34 17
34 18
34 19
34 20
34 20
34 21
34 22
34 23
34 24
34 25
34 26
34 27
34 28
34 29
34 30
34 30
34 31
34 32
34 33
34 34
34 35
34 36
34 37
34 38
34 39
34 40
34 41
34 42
34 42
34 43
34 44
34 45
34 46
34 47
34 48
34 49
34 50
34 51
34 52
34 53
34 54
34 55
34 55
34 56
34 57
34 58
34 59
34 60
33 61
33 62
33 63
33 64
33 65
33 66
33 66
33 67
33 68
33 69
33 70
33 71
33 72
33 73
33 74
33 75
33 75
33 76
33 77
33 78
33 79
33 80
33 81
33 82
33 82
33 83
33 84
34 85
34 86
34 87
34 87
34 88
34 89
34 90
34 91
34 91
35 92
35 93
35 93
35 94
35 94
35 95
35 95
35 95
35 94
35 93
35 93
35 92
35 91
35 90
35 89
35 89
35 88
35 87
35 86
35 85
35 84
35 83
35 82
35 81
35 80
35 79
35 78
35 77
35 76
35 75
35 74
35 73
35 72
35 71
35 70
35 69
35 68
36 67
36 66
36 65
36 64
36 63
36 62
36 61
36 60
36 59
36 58
36 57
36 56
36 55
36 54
36 53
36 52
36 51
36 50
36 49
36 48
36 47
36 46
36 46
36 45
36 44
36 43
36 42
37 41
37 40
37 39
37 38
37 37
37 36
37 36
37 35
37 34
37 33
37 32
37 32
36 31
36 31
36 31
35 31
35 31
35 32
34 33
34 34
34 34
34 35
34 36
33 37
33 38
33 39
33 39
33 40
32 41
32 42
32 43
32 44
31 45
31 46
31 46
31 47
30 48
30 49
30 50
30 51
29 52
29 53
29 53
29 54
28 55
28 56
28 57
28 58
27 59
27 60
27 60
26 61
26 62
25 63
25 64
25 64
24 65
24 66
24 66
23 67
23 67
23 66
23 66
24 65
24 65
24 64
25 63
25 62
25 62
26 61
26 60
27 59
27 59
28 58
28 57
29 56
29 56
30 55
31 54
32 53
32 53
33 53
34 52
35 52
36 51
37 51
37 51
38 51
39 50
40 50
40 50
41 50
42 50
43 50
44 50
44 50
45 50
46 50
47 50
47 50
48 50
49 50
49 50
50 51
51 51
51 51
51 52
51 53
51 53
51 54
51 54
51 54
51 55
51 55
51 55
51 54
51 53
51 52
51 51
51 50
51 49
51 48
51 47
51 46
51 45
51 44
51 43
51 42
51 41
51 40
51 39
51 38
51 37
51 36
51 35
51 34
51 33
51 32
51 31
51 30
51 29
51 28
51 27
51 26
51 25
51 24
51 23
51 22
51 21
51 21
51 20
52 19
52 18
53 17
53 16
53 15
54 14
54 13
55 12
55 11
55 11
55 10
56 9
56 8
56 7
56 7
57 6
57 5
57 5
57 4
57 3
57 3
57 3
57 4
57 4
57 5
57 5
57 6
57 7
57 8
57 9
57 10
57 10
57 11
57 12
57 13
56 14
56 15
56 16
56 17
56 18
56 18
56 19
56 20
56 21
56 22
55 23
55 24
55 25
55 26
55 27
55 27
55 28
55 29
55 30
54 31
54 32
54 33
54 34
54 34
54 35
54 36
54 37
54 38
54 39
54 39
54 40
54 41
54 42
54 43
54 43
54 44
54 45
54 45
54 46
54 46
54 47
54 47
54 46
54 46
55 45
55 45
55 44
55 43
55 42
55 42
55 41
55 40
55 39
55 38
55 38
55 37
55 36
56 35
56 34
56 33
56 32
56 32
56 31
56 30
56 29
56 28
56 27
56 26
56 26
56 25
56 24
57 23
57 22
57 21
57 20
57 20
57 19
57 18
58 17
58 16
58 15
58 14
58 14
58 13
58 12
59 11
59 10
59 9
59 9
59 8
59 7
59 6
59 6
60 5
60 4
60 4
61 3
61 2
61 2
62 1
62 1
63 1
63 1
64 1
64 1
65 2
65 2
65 3
66 4
66 5
66 5
66 6
66 7
66 8
66 9
66 10
66 11
66 11
66 12
66 13
66 14
66 15
66 16
66 17
66 18
66 19
66 19
66 20
66 21
66 22
65 23
65 24
65 25
65 26
65 26
65 27
65 28
65 29
65 30
65 31
65 32
65 33
65 33
65 34
64 35
64 36
64 37
64 37
63 38
63 39
63 39
63 40
63 41
63 41
63 41
63 40
63 40
62 39
62 39
62 38
61 37
61 36
61 36
61 35
61 34
61 33
61 33
61 32
61 31
61 30
61 29
61 28
61 28
61 27
61 26
61 25
61 24
61 23
61 23
61 22
62 21
62 20
62 20
62 19
63 18
63 17
63 17
64 16
64 16
65 16
65 16
65 16
65 17
65 18
65 18
64 19
64 20
64 20
64 21
64 22
64 23
64 23
64 24
63 25
63 26
63 27
62 28
62 29
62 30
61 31
61 32
61 33
61 34
60 35
60 36
60 37
59 38
59 39
59 39
58 40
57 41
57 41
56 42
55 42
55 42
54 42
53 42
52 42
52 42
52 43
52 43
52 43
52 43
53 42
53 42
53 42
54 42
54 42
55 41
56 41
56 41
57 40
58 40
58 40
59 40
60 40
60 40
61 40
62 40
63 40
63 40
64 40
65 40
65 40
66 41
67 41
67 41
68 42
68 42
69 43
69 43
68 44
68 45
68 45
67 46
67 47
67 47
66 48
66 49
65 50
65 50
64 51
63 52
62 53
62 53
61 54
60 55
59 56
59 56
58 57
57 58
56 58
55 59
55 59
54 60
53 60
52 61
51 61
51 61
50 62
49 63
49 63
48 63
47 64
46 64
46 64
45 65
45 65
45 65
46 64
46 64
47 63
47 63
48 62
49 61
49 61
50 60
51 60
52 59
52 59
53 58
54 58
55 57
56 57
56 57
57 56
58 56
59 55
60 55
61 54
62 54
62 54
63 54
64 53
65 53
66 53
67 53
68 52
69 52
69 52
70 52
71 51
72 51
73 50
74 50
75 49
76 49
76 49
77 49
78 49
79 48
80 48
81 48
82 48
82 48
83 48
84 48
85 48
86 48
87 48
88 48
88 48
89 49
90 49
91 50
92 50
92 50
93 51
94 52
95 53
95 53
96 54
97 55
97 56
98 57
98 57
98 58
98 59
99 60
99 61
99 62
99 62
99 63
99 64
100 65
100 66
100 67
100 68
100 68
100 69
99 70
99 71
99 72
99 72
98 73
98 74
97 75
97 76
97 76
96 77
95 78
95 79
94 80
93 81
93 81
92 82
91 83
90 84
89 85
89 85
88 86
87 86
86 87
85 88
84 88
83 89
83 89
82 90
81 90
80 91
79 91
78 92
77 92
76 93
76 93
75 93
74 94
73 94
72 95
71 95
70 95
69 96
68 96
68 96
67 96
66 97
65 97
64 98
63 98
62 99
61 99
61 99
60 99
59 99
58 100
57 100
56 100
55 100
55 100
54 100
53 100
52 100
51 100
50 100
50 100
49 99
48 99
47 98
47 98
47 97
46 96
46 95
46 94
46 94
46 93
46 92
46 91
46 90
46 89
46 89
46 88
46 87
46 86
47 85
47 84
47 83
47 82
47 82
47 81
48 80
48 79
49 78
49 77
50 76
50 75
50 75
51 74
52 73
52 72
53 71
54 70
54 70
55 69
56 68
57 67
58 66
58 66
59 65
60 64
61 64
62 63
63 62
63 62
64 61
65 61
66 60
67 60
68 59
68 59
69 59
70 58
71 58
72 58
73 57
74 57
74 57
75 57
76 56
77 56
78 55
79 55
79 55
80 55
81 55
82 54
83 54
84 54
84 54
85 54
86 55
87 55
87 55
87 56
87 56
87 57
86 58
86 59
86 59
85 60
84 61
83 61
82 62
82 62
81 63
80 64
79 65
78 66
78 66
77 67
76 67
75 68
74 68
73 69
72 69
72 69
71 70
70 70
69 71
68 71
67 72
67 72
66 73
65 74
64 74
63 75
63 75
62 75
61 76
60 76
59 76
59 76
58 76
57 77
56 77
56 77
55 77
55 77
54 77
54 77
55 76
55 76
56 75
57 75
58 74
58 74
59 74
60 73
61 73
62 73
62 73
63 73
64 72
65 72
66 71
67 71
67 71
68 71
69 71
70 70
71 70
72 70
73 70
73 70
74 70
75 69
76 69
77 69
78 68
79 68
79 68
80 68
81 68
82 68
83 68
83 68
84 68
85 68
86 68
86 68
87 69
88 69
88 69
87 70
87 71
87 71
86 72
85 73
84 74
84 74
83 75
82 75
81 76
80 76
79 77
79 77
78 78
77 78
76 79
75 79
74 80
74 80
73 80
72 81
71 81
70 82
69 82
68 83
67 83
67 83
66 84
65 84
64 85
63 85
62 86
61 86
60 87
60 87
59 87
58 88
57 88
56 88
55 89
54 89
54 89
53 90
52 90
51 91
50 91
50 91
49 91
48 92
47 92
46 92
46 92
45 93
44 93
44 93
44 92
