1 44
1 44
1 44
1 44
0 45
0 46
0 46
0 46
0 46
0 46
0 46
1 46
1 46
2 46
2 46
3 46
4 46
5 46
5 46
6 46
7 45
8 45
8 45
9 44
10 44
11 43
12 43
12 43
13 43
14 42
15 42
16 42
17 41
18 41
18 41
19 41
20 40
21 40
22 39
23 39
23 39
24 39
25 38
26 38
27 38
28 37
29 37
29 37
30 37
31 37
32 36
33 36
34 36
35 36
35 36
36 36
37 35
38 35
39 35
39 35
40 35
41 35
42 35
42 35
43 34
44 34
44 34
45 35
45 35
46 35
46 35
46 35
45 34
44 33
43 32
42 31
41 30
40 29
39 28
38 27
37 26
36 26
35 25
34 24
33 23
32 22
31 21
30 20
29 19
28 18
28 18
28 17
28 16
28 15
28 14
28 13
28 12
28 11
28 10
28 9
28 9
28 8
28 7
28 6
28 5
28 5
28 4
28 3
28 3
28 2
28 2
28 1
28 1
29 1
29 1
30 1
30 1
31 2
31 2
31 3
31 4
31 5
31 6
31 6
31 7
31 8
31 9
31 10
31 11
31 12
31 13
31 14
31 15
31 15
31 16
31 17
31 18
31 19
31 20
31 21
31 22
31 23
31 24
31 25
31 26
31 27
31 27
31 28
31 29
31 30
31 31
31 32
31 33
30 34
30 35
30 36
30 37
30 38
30 39
30 40
30 40
30 41
30 42
30 43
30 44
30 45
30 46
30 47
29 48
29 49
29 50
29 51
29 52
29 53
29 54
29 55
29 55
29 56
29 57
29 58
29 59
29 60
29 61
29 62
28 63
28 64
28 65
28 66
28 67
28 68
28 69
28 70
28 70
28 71
28 72
28 73
28 74
28 75
28 76
28 77
28 78
28 79
28 80
28 80
28 81
28 82
28 83
28 84
28 85
28 86
28 87
28 87
28 88
28 89
28 90
28 91
28 92
28 93
28 93
28 94
29 95
29 96
29 97
29 97
29 98
29 99
29 100
29 100
29 100
30 100
30 100
30 100
29 99
29 98
29 98
29 97
29 96
29 95
29 94
29 94
29 93
29 92
28 91
28 90
28 89
28 89
28 88
28 87
28 86
28 85
28 84
28 83
28 83
28 82
28 81
28 80
28 79
28 78
28 77
28 76
28 75
28 75
28 75
28 74
28 73
28 72
28 71
28 70
28 69
28 68
28 67
28 66
28 65
28 64
27 63
27 62
27 61
27 60
27 59
27 58
27 57
27 56
27 55
27 54
27 53
27 52
27 51
27 51
27 50
27 49
27 48
27 47
27 46
27 45
27 44
27 44
27 43
27 42
28 41
28 40
28 39
28 39
28 38
28 37
28 36
28 36
28 35
28 34
28 34
28 33
28 33
28 33
28 34
28 35
28 35
28 36
27 37
27 38
27 39
27 39
27 40
26 41
26 42
26 43
26 44
25 45
25 46
25 46
25 47
24 48
24 49
24 50
24 51
23 52
23 53
23 54
23 54
23 55
22 56
22 57
22 58
22 59
21 60
21 61
21 61
21 62
20 63
20 64
20 65
19 66
19 67
19 67
18 68
18 69
17 70
17 71
17 71
16 72
16 73
15 74
15 75
15 75
14 76
14 77
14 77
13 78
13 79
13 79
13 79
14 78
14 78
14 77
15 76
15 75
15 75
15 74
16 73
16 72
16 71
17 70
17 69
17 69
17 68
18 67
18 66
18 65
19 64
19 63
19 63
19 62
20 61
20 60
21 59
21 58
22 57
22 56
22 56
22 55
23 54
23 53
24 52
24 51
24 51
25 50
26 49
26 48
27 47
27 47
28 46
28 45
28 45
29 44
29 44
30 44
30 44
30 44
31 44
31 44
32 44
32 44
33 45
33 46
33 46
34 46
35 47
36 47
36 47
37 48
37 49
38 50
38 50
39 51
39 52
40 53
40 53
41 54
42 55
42 55
43 56
43 57
43 57
44 58
44 58
44 58
44 58
44 57
44 56
44 55
45 54
45 53
45 52
45 51
45 50
45 49
46 48
46 47
46 46
46 45
46 44
46 43
46 42
47 41
47 40
47 39
47 38
47 37
47 36
48 35
48 34
48 33
48 32
48 31
48 30
49 29
49 28
49 27
49 26
49 25
49 24
49 23
50 22
50 21
50 20
50 19
50 18
50 17
51 16
51 15
51 14
51 13
51 13
52 12
53 11
53 10
54 9
54 9
53 8
53 7
53 7
52 6
51 6
51 6
51 6
52 6
52 6
53 7
54 7
54 7
54 8
54 9
54 10
54 11
54 11
54 12
54 13
54 14
54 15
54 16
54 17
54 17
54 18
54 19
54 20
54 21
54 22
54 23
54 24
54 24
54 25
54 26
54 27
54 28
54 29
54 30
54 31
54 32
54 32
54 33
54 34
53 35
53 36
53 37
53 37
53 38
53 39
53 40
53 40
53 41
53 42
53 43
53 44
53 44
53 45
53 46
53 47
53 47
53 48
53 49
53 49
53 50
53 50
53 50
53 49
53 48
53 48
53 47
53 46
53 45
53 45
53 44
53 43
53 42
53 41
53 40
53 40
53 39
53 38
53 37
53 36
53 35
53 35
53 34
53 33
53 32
53 31
53 30
53 29
53 29
53 28
53 27
53 26
53 25
53 24
53 23
53 23
53 22
53 21
53 20
53 19
53 18
53 18
53 17
53 16
53 15
53 14
53 13
53 13
53 12
53 12
53 11
53 11
53 10
53 10
53 9
54 8
54 7
54 6
54 6
55 5
55 4
55 4
56 3
56 2
56 2
57 1
58 1
58 1
59 0
60 0
60 0
61 0
62 0
62 0
63 1
63 1
64 2
65 2
65 2
65 3
65 4
65 5
65 5
65 6
65 7
65 8
65 9
65 9
65 10
65 11
65 12
65 13
65 14
65 15
65 16
65 16
65 17
65 18
65 19
64 20
64 21
64 22
64 23
64 23
64 24
64 25
64 26
63 27
63 28
63 29
63 30
63 31
63 31
63 32
63 33
62 34
62 35
62 36
62 37
62 37
62 38
61 39
61 40
61 41
61 41
61 42
61 43
61 44
61 44
60 45
60 46
60 46
60 46
60 46
59 45
59 44
59 44
59 43
59 42
59 41
59 40
59 39
59 38
59 37
59 36
58 35
58 34
58 33
58 32
58 31
58 30
58 29
58 28
58 27
58 26
58 26
57 27
56 27
56 27
55 27
55 27
54 27
54 27
54 27
55 27
55 27
56 27
56 27
57 26
58 26
58 26
59 26
59 26
60 26
61 26
61 26
62 26
63 26
63 26
64 26
64 26
64 27
64 27
64 28
64 29
64 29
63 30
63 31
62 32
61 33
61 34
60 35
59 36
59 37
58 38
58 38
57 39
56 40
55 41
55 41
54 41
54 41
53 42
53 42
52 42
52 42
52 42
53 42
53 42
54 42
54 42
55 41
56 41
56 41
57 41
58 40
59 40
59 40
60 39
61 39
61 39
62 39
62 39
61 40
60 41
59 42
58 43
57 44
56 45
55 46
54 47
53 48
52 49
51 50
50 51
50 51
49 52
48 53
47 53
46 54
45 55
45 55
44 55
43 56
42 56
42 56
41 56
41 56
42 56
42 56
43 55
43 55
44 55
45 54
46 54
46 54
47 53
48 53
49 52
50 52
50 52
51 51
52 50
53 50
54 49
54 49
55 49
56 48
57 48
57 48
58 48
59 47
60 47
60 47
61 47
62 47
63 47
63 47
64 48
64 48
64 49
64 49
64 50
63 51
63 52
63 52
62 53
62 54
61 55
61 55
60 56
60 57
59 58
59 58
58 59
57 60
56 61
56 61
55 62
54 63
53 63
52 64
52 64
51 65
50 66
49 66
48 67
48 67
47 68
46 68
45 69
44 69
44 69
43 70
42 70
42 70
41 71
40 71
40 71
39 71
39 71
39 70
39 70
40 69
40 68
40 68
41 67
42 66
42 66
43 65
44 65
45 64
45 64
46 63
47 62
47 62
48 61
49 61
50 60
50 60
51 59
52 59
53 58
53 58
54 58
55 57
56 57
57 57
57 57
58 57
59 56
60 56
60 56
61 56
62 55
63 55
64 55
64 55
65 54
66 54
67 53
68 53
68 53
69 53
70 52
71 52
72 52
72 52
73 52
74 51
75 51
76 50
77 50
77 50
78 50
79 49
80 49
81 48
82 48
82 48
83 48
84 48
85 48
86 48
87 48
88 48
88 48
89 48
90 48
91 48
92 48
92 48
93 49
94 49
95 50
96 50
96 50
97 51
98 52
98 52
98 53
99 54
99 55
99 56
99 56
99 57
100 58
100 59
100 60
100 60
100 61
100 62
99 63
99 64
99 65
99 65
99 66
98 67
98 68
98 69
97 70
97 71
97 71
96 72
95 73
95 74
94 75
94 75
93 76
93 77
92 78
92 79
91 80
91 81
91 81
90 82
89 83
88 84
87 85
86 86
86 86
85 87
84 88
83 88
82 89
81 90
81 90
80 91
79 91
78 92
77 92
76 93
75 93
75 93
74 94
73 94
72 95
71 95
70 96
70 96
69 96
68 97
67 97
66 97
65 98
64 98
64 98
63 98
62 99
61 99
60 99
60 99
59 99
58 98
57 98
56 98
56 98
56 97
56 96
56 95
56 94
57 93
57 92
57 91
57 90
57 89
57 88
57 87
57 86
58 85
58 84
58 83
58 82
58 81
58 80
58 79
58 78
58 77
59 76
59 75
59 74
59 73
59 72
59 71
59 70
59 69
59 68
60 67
60 66
60 65
60 64
60 63
60 62
60 61
60 60
61 59
61 58
61 57
61 56
61 55
61 55
62 55
63 55
64 55
65 55
66 55
66 55
67 55
68 55
68 55
69 55
70 55
70 55
71 55
72 55
73 55
74 55
74 55
75 55
76 54
77 54
77 54
78 54
79 54
80 54
80 54
81 54
82 54
82 54
82 55
82 55
81 56
80 57
80 57
79 58
78 59
78 60
77 61
77 61
76 62
75 63
74 64
73 65
73 65
72 66
71 67
70 68
69 69
68 70
68 70
67 71
66 71
65 72
64 73
63 73
62 74
62 74
61 75
60 76
59 77
58 78
57 79
57 79
56 80
55 80
54 81
53 81
52 82
52 82
51 83
50 84
49 84
48 85
48 85
47 85
46 86
45 86
45 86
44 85
43 85
43 85
42 84
42 84
42 83
42 83
42 82
43 81
43 80
43 80
44 79
44 78
45 77
45 77
46 76
47 75
48 74
49 73
49 73
50 72
51 71
52 71
53 70
54 69
54 69
55 68
56 68
57 67
58 66
59 66
60 65
60 65
61 65
62 64
63 64
64 63
65 63
66 62
67 62
67 62
68 61
69 61
70 60
71 60
72 59
73 59
73 59
74 59
75 58
76 58
77 58
78 57
79 57
79 57
80 57
81 57
82 57
82 57
83 58
84 58
84 58
85 59
85 60
85 60
85 61
85 62
85 62
85 63
84 64
84 65
84 65
83 66
83 67
82 68
82 69
82 69
81 70
80 71
79 72
79 72
78 73
77 74
77 75
76 76
76 76
75 77
74 78
73 78
72 79
71 80
71 80
70 81
69 82
68 82
67 83
66 84
66 84
65 85
64 85
63 86
62 86
61 87
60 87
60 87
59 88
58 88
57 89
56 89
55 90
55 90
54 90
53 91
52 91
51 91
50 92
49 92
49 92
48 93
47 93
46 94
46 94
45 94
44 93
43 93
43 93
42 92
42 92
41 91
