3 48
2 47
2 46
2 46
1 45
1 44
1 44
0 44
0 44
0 44
0 44
1 43
1 43
2 42
3 42
3 42
4 41
5 40
6 40
7 39
7 39
8 38
9 38
10 37
11 37
11 37
12 36
13 36
14 35
15 35
16 34
17 34
17 34
18 33
19 33
20 32
21 31
22 31
23 30
23 30
24 29
25 29
26 28
27 28
28 27
29 27
29 27
30 26
31 26
32 25
33 25
34 24
35 24
35 24
36 23
37 23
38 22
39 22
40 21
41 21
41 21
42 20
43 19
44 18
44 18
45 17
46 17
47 16
47 16
48 16
48 16
49 15
49 15
49 15
48 16
48 16
47 16
46 15
45 15
44 14
43 14
42 14
41 13
40 13
39 12
38 12
37 11
36 11
35 11
34 10
33 10
32 9
31 9
31 9
30 9
29 8
28 8
27 8
27 8
26 7
25 7
25 7
25 7
25 8
25 8
26 9
26 10
27 11
27 12
27 12
27 13
27 14
28 15
28 16
28 17
28 18
28 18
28 19
28 20
28 21
29 22
29 23
29 24
29 25
29 26
29 26
29 27
29 28
30 29
30 30
30 31
30 32
30 33
31 34
31 35
31 36
31 36
31 37
31 38
31 39
31 40
31 41
32 42
32 43
32 44
32 45
32 46
32 47
32 48
32 48
32 49
32 50
32 51
33 52
33 53
33 54
33 55
33 56
33 57
34 58
34 59
34 60
34 61
34 61
34 62
34 63
35 64
35 65
35 66
35 67
35 68
35 69
36 70
36 71
36 72
36 72
36 73
36 74
37 75
37 76
37 77
37 78
37 79
38 80
38 81
38 82
38 82
38 83
39 84
39 85
40 86
40 87
40 88
41 89
41 90
41 90
41 91
42 92
42 93
42 94
43 95
43 96
43 96
44 97
44 98
45 99
45 99
45 100
45 100
46 100
46 100
45 100
45 100
45 99
45 98
45 98
45 97
45 96
44 95
44 94
44 93
44 93
44 92
43 91
43 90
43 89
43 88
42 87
42 86
42 86
42 85
42 84
41 83
41 82
41 81
41 80
41 79
41 78
40 77
40 76
40 75
40 74
40 73
40 72
39 71
39 70
39 69
39 68
39 67
39 66
38 65
38 64
38 63
38 62
38 61
38 60
37 59
37 58
37 57
37 57
37 56
37 55
36 54
36 53
36 52
36 51
35 50
35 49
35 48
35 47
35 46
34 45
34 44
34 43
34 42
33 41
33 40
33 39
33 39
33 38
32 37
32 36
32 36
31 36
31 36
30 37
30 38
30 38
30 39
29 40
29 41
29 41
29 42
29 43
28 44
28 45
28 46
28 46
28 47
27 48
27 49
27 50
26 51
26 52
26 52
26 53
25 54
25 55
25 56
24 57
24 58
24 58
24 59
23 60
23 61
23 62
23 63
22 64
22 65
22 65
22 66
21 67
21 68
20 69
20 70
19 71
19 72
19 72
19 73
18 74
18 75
18 76
18 77
17 78
17 79
17 79
17 80
16 81
16 82
15 83
15 84
15 84
15 85
14 86
14 87
14 88
14 88
13 88
13 88
14 87
14 86
14 86
14 85
15 84
15 83
15 82
15 81
16 80
16 79
16 78
17 77
17 76
17 75
17 74
18 73
18 72
18 71
19 70
19 69
19 68
19 67
20 66
20 65
20 64
21 63
21 62
21 61
21 60
22 59
22 58
22 58
23 57
24 57
25 56
26 56
27 55
28 55
29 54
29 54
30 54
31 54
32 54
32 54
33 55
34 56
35 57
35 57
36 58
37 59
38 59
39 60
39 60
40 61
41 61
42 62
43 62
43 62
44 62
45 63
46 63
47 63
47 63
48 63
49 63
50 63
50 63
51 63
52 62
53 62
53 62
54 61
55 61
55 61
56 60
56 59
56 59
56 58
57 57
57 56
57 56
57 55
57 54
57 54
57 53
56 52
56 51
56 50
56 49
55 48
55 47
55 46
54 45
54 44
54 43
53 42
53 41
53 40
53 39
52 38
52 37
52 36
51 35
51 34
51 33
50 32
50 31
50 30
50 29
49 28
49 27
49 26
48 25
48 24
48 23
48 22
47 21
47 20
47 19
46 18
46 17
46 16
45 15
45 14
45 13
45 12
44 11
44 10
44 9
43 8
43 7
43 6
42 5
42 4
42 3
42 2
41 1
41 0
41 0
41 0
41 1
41 2
41 3
41 3
41 4
41 5
41 6
41 6
41 7
41 8
41 9
41 10
41 10
41 11
41 12
41 13
41 13
41 14
41 15
41 16
41 17
41 18
41 18
41 19
41 20
42 21
42 22
42 23
42 24
42 24
42 25
42 26
42 27
42 28
42 29
42 30
42 30
42 31
42 32
43 33
43 34
43 35
43 36
43 36
43 37
44 38
44 39
44 40
44 41
45 42
45 43
45 43
45 44
45 45
46 46
46 47
46 48
46 48
47 49
47 50
48 51
48 51
49 52
49 52
49 51
48 50
48 49
48 48
48 47
47 46
47 45
47 44
47 43
46 42
46 41
46 40
46 39
45 38
45 37
45 36
44 35
44 34
44 33
44 32
43 31
43 30
43 29
43 28
42 27
42 26
42 25
42 24
41 23
41 22
41 22
41 21
41 20
41 19
41 18
41 17
41 16
41 15
41 14
41 13
41 13
41 12
42 11
42 10
42 10
42 9
42 8
42 8
43 7
44 7
44 7
45 6
46 6
47 5
47 5
48 4
49 4
50 3
50 3
51 3
52 3
53 3
53 3
54 3
55 4
56 4
56 4
57 5
58 5
59 6
59 6
60 7
61 8
61 8
61 9
62 10
62 11
62 11
62 12
63 13
63 14
63 15
63 15
63 16
63 17
63 18
63 19
63 19
63 20
63 21
63 22
63 23
63 23
62 24
62 25
61 26
61 27
61 27
61 28
60 29
60 30
60 30
59 31
59 32
58 33
58 34
58 34
57 35
56 36
55 37
55 37
54 38
53 39
53 39
52 39
51 39
50 39
50 39
49 39
48 39
47 39
47 39
46 39
45 39
45 39
45 38
45 37
45 37
45 36
45 36
46 35
46 34
46 34
47 33
48 33
48 33
49 32
50 32
51 31
51 31
52 30
53 29
53 29
54 28
55 28
55 28
56 27
57 26
57 26
58 26
59 26
59 26
60 25
60 25
60 25
60 26
60 26
60 27
60 27
59 28
59 29
58 30
58 30
58 31
57 32
57 33
56 34
56 35
56 35
56 36
55 37
55 38
54 39
54 40
54 40
53 41
53 42
52 43
52 44
51 45
51 45
50 46
50 47
49 48
49 49
48 50
48 50
47 51
46 52
45 53
45 53
44 54
44 55
43 56
43 57
43 57
42 58
41 59
41 59
40 60
39 60
39 60
38 60
38 60
38 60
38 59
38 59
39 58
39 57
39 57
39 56
40 55
40 54
40 54
41 53
41 52
42 51
42 51
43 50
44 49
45 48
45 48
46 47
47 46
47 45
48 44
48 44
49 43
50 42
51 41
51 41
52 40
53 40
54 39
55 39
56 38
56 38
57 37
58 37
59 36
60 36
61 35
61 35
62 35
63 35
64 34
65 34
66 34
67 34
67 34
68 34
69 34
70 33
71 33
72 33
73 33
73 33
74 33
75 33
76 34
77 34
78 34
78 34
79 34
80 35
81 35
82 35
83 36
84 36
84 36
85 37
86 38
87 38
88 39
89 40
89 40
90 41
91 42
91 43
92 44
93 45
93 45
94 46
94 47
95 48
95 49
96 50
96 50
96 51
97 52
97 53
97 54
98 55
98 56
98 56
98 57
98 58
99 59
99 60
99 61
99 61
99 62
99 63
100 64
100 65
100 66
100 66
100 67
100 68
99 69
99 70
99 71
99 71
98 72
98 73
97 74
97 75
97 75
96 76
95 77
95 78
94 79
94 79
93 80
92 81
91 82
91 82
90 83
89 84
88 85
87 86
87 86
86 87
85 87
84 88
83 88
82 89
82 89
81 89
80 90
79 90
78 91
77 91
77 91
76 91
75 92
74 92
73 92
73 92
72 92
71 91
70 91
69 91
69 91
68 90
67 90
66 89
65 89
64 88
64 88
63 87
62 86
61 85
60 84
60 84
59 83
58 82
57 81
57 80
56 79
55 78
55 78
55 77
54 76
54 75
53 74
53 73
52 72
52 71
52 71
52 70
51 69
51 68
50 67
50 66
50 65
49 64
49 63
49 63
49 62
49 61
49 60
48 59
48 58
48 57
48 56
48 55
48 55
48 54
48 53
48 52
48 51
48 50
48 49
48 49
49 48
49 47
50 46
50 46
51 45
51 44
52 43
52 43
53 42
54 41
55 40
55 40
56 40
57 39
58 39
59 39
59 39
60 39
61 38
62 38
63 38
63 38
64 38
65 38
66 38
67 38
68 38
68 38
69 38
70 38
71 38
72 38
73 38
73 38
74 38
75 38
76 38
77 38
77 38
78 38
79 39
80 39
80 39
81 40
82 41
82 41
82 42
82 43
82 44
82 44
82 45
81 46
81 47
81 47
81 48
80 49
80 50
79 51
79 52
79 52
78 53
77 54
76 55
76 55
75 56
74 57
73 58
72 59
72 59
71 60
70 60
69 61
68 61
68 61
67 62
66 62
66 62
67 61
67 60
68 59
68 58
69 57
70 56
70 55
71 54
71 53
72 52
73 51
73 50
74 49
74 48
75 47
76 46
76 45
77 44
77 43
78 42
78 42
79 42
80 41
81 41
82 41
82 41
81 42
81 42
81 43
81 44
81 44
81 45
80 46
80 47
80 48
80 48
79 49
79 50
78 51
78 52
78 52
77 53
77 54
76 55
76 56
76 56
75 57
75 58
74 59
74 60
73 61
73 61
72 62
72 63
71 64
71 65
71 65
70 66
69 67
69 68
68 69
68 69
67 70
67 70
66 71
66 71
66 71
67 70
68 70
68 70
69 69
70 68
70 68
71 67
72 67
73 66
73 66
74 65
75 64
76 63
76 63
77 62
78 61
79 60
79 60
80 59
81 59
82 58
82 58
83 57
84 57
85 56
85 56
86 56
87 56
88 56
88 56
89 56
90 56
91 56
91 56
92 57
92 58
92 58
93 59
93 60
93 60
93 61
93 62
93 63
93 63
93 64
92 65
92 66
92 66
91 67
91 68
90 69
90 70
90 70
89 71
89 72
88 73
88 74
88 74
87 75
86 76
85 77
84 78
84 78
83 79
82 80
81 81
81 81
80 82
79 83
78 84
78 84
77 85
76 86
76 86
75 87
74 87
73 88
