8 41
7 42
6 43
6 43
5 43
4 43
4 43
3 44
3 44
2 45
2 45
1 46
1 46
0 47
0 47
0 48
0 48
0 48
0 48
1 47
2 47
2 47
3 46
4 46
5 45
6 45
6 45
7 44
8 43
9 43
10 42
11 41
11 41
11 41
12 40
13 40
14 39
15 38
16 38
17 37
18 36
19 36
20 35
21 34
22 34
23 33
24 32
25 32
26 31
26 31
27 30
28 30
29 29
30 29
31 28
32 28
33 27
34 27
34 27
35 26
36 26
37 25
38 24
39 23
40 23
41 22
41 22
42 21
43 21
44 20
45 20
46 19
47 19
47 19
48 19
49 18
50 18
51 17
52 17
52 17
53 17
54 17
55 17
55 17
56 16
57 16
57 16
57 16
57 16
56 17
56 17
55 17
54 17
54 17
53 18
52 18
52 18
51 18
51 18
50 19
49 19
49 19
48 19
48 19
48 19
47 18
46 17
45 16
44 15
43 14
42 13
41 12
40 12
39 11
38 10
37 9
36 8
35 7
34 6
34 6
34 5
34 4
34 3
34 2
34 2
34 1
34 1
34 1
34 1
34 1
35 0
35 0
35 0
36 1
36 1
37 2
37 2
38 3
38 3
38 4
38 5
38 6
38 6
38 7
38 8
39 9
39 10
39 11
39 12
39 12
39 13
39 14
39 15
39 16
39 17
39 18
39 19
39 19
39 19
39 20
39 21
39 22
39 23
39 24
39 25
39 26
39 27
39 28
39 29
39 30
39 31
39 32
39 33
39 34
39 35
39 36
39 37
39 38
39 39
39 39
39 40
39 41
39 42
39 43
39 44
39 45
39 46
39 47
39 48
39 49
39 50
39 51
39 51
39 52
39 53
39 54
39 55
40 56
40 57
40 58
40 59
40 60
40 60
40 61
40 62
40 63
41 64
41 65
41 66
41 67
41 68
41 68
41 69
41 70
42 71
42 72
42 73
42 74
42 74
42 75
43 76
43 77
43 78
43 78
43 79
43 80
43 81
43 81
43 82
43 82
43 82
43 82
42 82
42 82
42 82
41 81
40 80
40 79
39 78
39 78
39 77
38 76
38 75
38 75
38 74
38 73
38 72
37 71
37 70
37 69
37 68
37 67
37 66
37 65
37 64
36 63
36 62
36 61
36 60
36 59
36 58
36 57
36 56
35 55
35 54
35 53
35 52
35 51
35 50
35 49
35 48
34 47
34 46
34 45
34 44
34 43
34 42
34 41
34 40
33 39
33 38
33 37
33 36
33 35
33 35
34 34
34 33
35 32
36 31
36 30
37 29
37 29
36 28
36 27
36 27
37 27
37 27
37 26
37 26
37 27
37 27
37 27
37 28
36 29
36 30
36 31
36 31
36 32
36 33
35 34
35 35
35 36
35 36
35 37
34 38
34 39
34 40
33 41
33 42
33 42
33 42
33 43
32 44
32 45
32 46
32 47
31 48
31 49
31 50
31 51
30 52
30 53
30 54
30 55
29 56
29 57
29 57
29 58
28 59
28 60
28 61
28 62
27 63
27 64
27 65
27 65
27 66
27 67
26 68
26 69
26 70
26 70
26 71
25 72
25 73
25 74
25 74
25 75
25 76
25 77
25 77
26 78
26 78
26 79
26 79
26 78
26 78
26 77
26 77
26 76
26 75
26 74
26 74
26 73
26 72
26 71
26 71
26 70
26 69
26 68
26 68
26 67
26 66
26 65
26 64
26 64
26 63
27 62
27 61
27 60
27 60
27 59
27 58
28 57
28 56
28 55
28 55
29 54
29 53
30 52
30 51
30 51
31 50
32 49
32 48
33 47
33 47
34 46
34 45
35 44
35 43
35 43
36 42
37 42
38 41
38 41
39 40
39 39
40 38
40 38
41 37
42 36
42 36
43 35
44 34
44 34
45 33
46 32
46 32
47 31
47 31
47 30
47 30
47 30
47 31
47 31
46 32
46 33
46 33
46 34
46 35
46 36
46 37
46 37
46 38
45 39
45 40
45 41
45 41
45 42
45 43
45 44
45 45
45 45
45 46
45 47
45 48
45 48
45 49
46 50
46 51
46 51
46 52
47 53
47 54
47 54
48 55
48 55
49 56
49 56
50 56
50 56
50 56
50 56
50 55
50 55
49 54
49 54
49 54
49 53
48 52
48 51
48 51
47 50
47 49
47 49
46 48
45 47
45 47
44 46
43 46
43 46
42 45
42 44
42 44
42 43
43 42
43 41
43 40
44 39
44 38
44 37
45 36
45 35
45 34
46 33
46 32
46 31
47 30
47 29
47 28
47 27
48 26
48 25
48 24
49 23
49 22
49 21
50 20
50 19
50 18
51 17
51 16
51 15
52 14
52 13
52 13
53 12
53 11
54 10
54 10
54 10
54 9
54 9
54 9
55 9
55 9
55 10
55 10
55 11
56 12
56 13
56 13
56 13
56 14
56 15
56 16
56 17
56 18
56 19
56 20
56 21
56 22
56 22
56 23
56 24
55 25
55 26
55 27
55 27
55 28
55 29
55 30
55 31
55 32
55 32
55 33
55 34
55 35
55 35
55 36
55 37
55 37
56 38
56 38
56 39
56 39
56 38
56 38
56 37
56 37
56 36
55 35
55 34
55 34
55 33
55 32
55 31
55 30
55 30
55 29
55 28
54 27
54 26
54 25
54 25
54 25
54 24
54 23
53 22
53 21
53 20
53 19
53 18
52 17
52 16
52 15
52 15
52 14
52 13
52 12
52 11
52 10
52 9
52 9
52 8
52 7
52 6
52 6
52 5
53 4
53 3
53 3
54 2
55 2
55 2
56 2
57 2
57 2
58 2
59 2
59 2
60 3
60 3
61 4
61 5
61 5
61 5
61 6
61 7
61 8
62 9
62 10
62 11
62 12
62 12
62 13
62 14
62 15
62 16
62 17
62 17
62 18
62 19
62 20
62 21
62 22
62 23
62 23
62 24
62 25
62 26
61 27
61 28
61 29
61 30
61 30
61 31
61 32
61 33
60 34
60 35
60 36
60 37
60 37
60 38
60 39
59 40
59 41
59 42
59 43
59 43
59 44
59 45
58 46
58 47
58 48
58 48
58 49
58 50
58 51
58 51
58 52
58 52
58 52
58 51
58 50
58 50
58 49
57 48
57 47
57 47
57 47
57 46
56 45
56 44
56 43
55 42
55 41
55 40
55 39
54 38
54 37
54 37
54 36
53 35
53 34
53 33
53 33
52 32
52 31
51 30
51 29
50 28
50 28
50 28
49 28
48 28
48 28
47 28
47 28
47 28
48 27
48 27
49 27
49 27
50 26
51 26
51 26
52 25
53 24
53 24
54 24
55 23
56 23
56 23
57 22
58 22
58 22
59 21
60 21
60 21
60 22
60 22
60 23
60 24
60 24
59 25
59 26
59 26
58 27
58 28
57 29
57 29
56 30
56 31
55 32
55 32
54 33
53 34
52 35
52 35
51 36
51 37
51 37
50 37
50 37
50 37
50 37
51 37
51 37
52 36
52 36
52 36
53 36
53 36
54 36
54 36
55 36
56 36
56 36
56 36
57 36
57 36
58 35
58 35
59 35
59 35
58 35
58 35
57 36
57 36
56 37
56 38
56 38
55 39
54 40
53 41
53 41
52 42
51 43
51 43
50 44
50 45
49 46
49 46
48 47
48 47
47 48
47 48
47 48
48 48
48 48
49 47
50 47
50 47
51 46
52 45
52 45
53 44
54 44
55 43
55 43
56 42
57 42
58 41
58 41
59 40
60 40
61 39
61 39
62 38
63 38
63 38
64 37
65 37
65 37
66 37
66 37
66 38
66 38
65 39
65 39
64 40
64 41
63 42
63 42
62 43
61 44
61 45
60 46
60 46
59 47
58 48
57 49
57 49
56 50
55 51
55 52
54 53
54 53
53 54
52 55
51 56
51 56
50 57
49 58
48 59
48 59
47 60
46 61
46 61
45 62
44 63
44 63
43 64
43 64
42 64
42 64
41 64
41 64
41 64
41 64
42 64
42 64
42 65
42 65
43 64
43 64
44 63
45 63
45 63
46 62
47 62
48 61
48 61
49 60
50 59
51 58
52 57
52 57
53 56
54 55
55 54
56 53
56 53
57 52
58 51
59 51
60 50
61 49
61 49
62 48
63 48
64 47
65 47
66 46
66 46
67 45
68 45
69 44
70 44
71 43
72 43
72 43
73 43
74 42
75 42
76 41
77 41
77 41
78 41
79 41
80 40
81 40
82 40
82 40
83 40
84 40
85 39
86 39
87 39
87 39
88 39
89 40
90 40
91 40
91 40
92 40
93 41
94 41
95 41
95 41
96 42
97 43
97 43
98 44
98 45
99 46
99 46
99 47
100 48
100 49
100 49
100 50
100 51
99 52
99 53
99 54
99 54
98 55
98 56
97 57
97 58
97 58
96 59
96 60
95 61
95 62
95 62
94 63
93 64
92 64
91 65
91 65
90 66
89 67
88 67
87 68
87 68
86 69
85 70
84 70
83 71
82 72
82 72
81 73
80 73
79 74
78 74
77 75
76 75
76 75
75 75
74 76
73 76
72 77
71 77
70 78
69 78
69 78
68 78
67 79
66 79
65 79
64 80
63 80
63 80
62 80
61 80
60 81
59 81
58 81
57 81
57 81
56 81
55 81
54 80
53 80
52 80
52 80
51 80
50 79
49 79
48 78
47 78
47 78
46 77
46 76
45 75
45 74
45 74
45 73
44 72
44 71
44 71
45 70
45 69
45 69
46 68
46 67
47 66
47 66
48 65
49 64
49 63
50 62
50 62
51 61
52 60
53 60
54 59
54 59
55 58
56 57
57 56
58 55
58 55
59 55
60 54
61 54
62 54
62 54
63 54
64 53
65 53
65 53
66 53
67 53
67 53
67 54
67 54
67 55
67 56
67 56
66 57
65 58
64 59
64 59
63 60
62 61
62 62
61 63
61 63
60 64
59 65
58 65
57 66
57 66
56 67
55 68
54 68
53 69
53 69
52 70
51 70
50 71
50 71
49 71
48 71
47 71
47 71
46 71
45 71
45 71
45 70
45 70
46 69
46 68
46 68
47 67
48 67
49 66
49 66
50 65
51 65
52 64
52 64
53 63
54 62
55 62
56 61
56 61
57 61
58 60
59 60
60 60
60 60
61 60
62 60
62 60
63 60
64 60
64 60
64 61
64 61
64 62
64 63
64 63
63 64
63 65
62 66
62 66
61 67
60 68
60 69
59 70
59 70
58 71
57 71
56 72
56 72
55 73
54 74
53 75
53 75
52 76
51 76
51 76
50 75
50 75
51 74
51 74
52 73
53 72
53 72
54 71
55 70
56 69
56 69
57 68
58 68
59 67
60 67
60 67
61 66
62 66
63 65
64 65
64 65
65 64
66 64
67 63
68 63
68 63
69 63
70 63
70 63
71 63
72 63
72 63
71 64
71 65
71 65
70 66
69 67
69 67
68 68
67 69
66 70
65 71
65 71
64 72
63 73
62 74
61 75
61 75
60 76
59 77
58 77
57 78
56 79
56 79
55 80
54 81
53 82
52 83
51 84
51 84
50 85
49 86
48 86
47 87
46 88
46 88
45 89
44 90
43 91
42 92
41 93
41 93
40 94
39 94
38 95
37 95
36 96
36 96
35 97
34 98
33 98
32 99
32 99
31 99
30 100
29 100
28 100
28 100
28 100
27 100
26 99
25 99
24 98
23 98
23 98
23 97
23 96
23 95
23 94
23 94
23 93
23 92
22 91
22 90
22 89
22 88
22 88
22 87
22 86
22 85
22 84
22 83
22 82
22 81
22 81
22 80
22 79
22 78
21 77
21 76
21 75
21 74
21 73
21 73
