0 57
0 58
0 59
0 60
0 60
0 60
0 60
1 60
2 60
2 60
3 59
4 59
5 58
5 58
6 57
7 57
8 56
9 56
9 56
10 55
11 55
12 54
13 54
14 53
15 53
15 53
16 52
17 52
18 51
19 51
20 50
21 50
21 50
22 50
23 49
24 49
25 48
26 48
27 47
28 47
28 47
29 46
30 46
31 45
32 45
33 44
34 44
34 44
35 44
36 43
37 43
38 42
39 42
40 41
41 41
41 41
42 40
43 40
44 39
45 39
46 38
46 38
47 37
48 37
49 36
50 36
50 36
51 36
52 35
53 35
53 35
54 35
54 35
55 35
55 35
54 34
53 33
53 32
52 31
51 30
50 29
50 28
49 27
48 26
47 25
46 24
46 23
45 22
44 21
43 20
42 19
42 18
41 17
40 16
39 15
39 14
38 13
37 12
37 12
38 11
39 10
39 10
38 9
38 9
38 9
39 10
39 10
40 11
40 11
40 12
41 13
41 14
41 15
41 15
41 16
42 17
42 18
42 19
42 19
42 20
42 21
42 22
42 23
43 24
43 25
43 26
43 27
43 28
43 28
43 29
43 30
43 31
43 32
43 33
43 34
43 35
43 36
43 37
43 38
43 39
43 39
43 40
43 41
43 42
43 43
43 44
43 45
43 46
43 47
43 48
43 49
43 50
43 51
43 52
43 52
43 53
43 54
43 55
43 56
43 57
42 58
42 59
42 60
42 61
42 62
42 63
42 64
42 64
42 65
42 66
42 67
42 68
42 69
42 70
42 71
42 72
42 73
42 73
42 74
42 75
42 76
41 77
41 78
41 79
41 80
41 80
41 81
41 82
41 83
41 84
41 85
41 86
41 87
41 87
41 88
40 89
40 90
40 91
40 91
40 92
40 93
40 94
40 95
40 95
40 96
40 97
40 97
40 98
40 98
40 98
40 97
40 96
40 96
40 95
40 94
40 93
40 92
40 91
40 90
40 89
40 88
40 87
40 86
40 85
40 84
40 83
40 82
40 81
40 80
40 79
40 78
40 77
40 76
40 75
41 74
41 73
41 72
41 71
41 70
41 69
41 68
41 67
41 66
41 65
41 64
41 63
41 62
41 61
41 60
41 59
41 58
41 57
41 56
41 55
41 54
41 53
41 52
41 52
41 51
41 50
42 49
42 48
42 47
42 46
42 45
42 44
43 43
43 42
43 41
43 41
43 40
43 39
43 39
43 38
43 38
42 38
42 38
41 39
41 39
40 40
40 41
40 41
40 42
39 43
39 44
39 45
38 46
38 47
38 47
38 48
37 49
37 50
36 51
36 52
35 53
35 54
35 54
35 55
34 56
34 57
33 58
33 59
33 60
32 61
32 62
32 62
32 63
31 64
31 65
30 66
30 67
30 67
29 68
29 69
28 70
28 71
28 71
27 72
27 72
27 73
27 73
27 72
27 71
27 71
28 70
28 69
29 68
29 68
30 67
30 66
31 65
31 64
31 64
32 63
32 62
33 61
33 60
34 59
34 59
35 58
36 57
37 56
38 55
38 55
39 54
40 53
41 52
42 51
42 51
43 50
44 50
45 49
46 49
47 48
47 48
48 48
49 48
50 47
51 47
52 47
52 47
53 47
54 47
55 47
55 47
56 48
57 48
58 49
58 49
59 50
60 51
60 51
60 52
60 53
60 54
60 54
60 55
60 56
60 57
60 57
60 57
60 57
60 56
60 55
60 54
60 53
60 52
60 51
60 50
60 49
60 48
60 47
60 46
60 45
60 44
60 43
60 42
60 41
60 40
60 39
60 38
60 37
60 36
60 35
60 34
60 33
60 32
60 31
60 30
60 29
60 28
60 28
60 27
61 26
61 25
61 24
61 24
61 23
60 22
60 21
60 21
59 20
59 19
59 19
59 18
59 18
60 18
60 18
61 18
61 18
62 19
62 20
63 21
63 21
63 22
63 23
63 24
63 25
63 25
63 26
63 27
63 28
63 29
63 30
63 31
63 31
63 32
63 33
63 34
63 35
63 36
63 37
63 37
63 38
63 39
62 40
62 41
62 42
62 42
62 43
62 44
62 45
62 45
62 46
61 47
61 48
61 48
60 49
60 50
60 50
60 50
60 49
60 49
60 48
60 48
60 47
61 46
61 45
61 44
61 44
61 43
61 42
61 41
61 40
61 39
61 39
61 38
61 37
61 36
62 35
62 34
62 33
62 32
62 32
62 31
63 30
63 29
63 28
63 27
64 26
64 25
64 25
64 24
64 23
64 22
65 21
65 20
65 19
65 18
65 18
66 17
66 16
67 15
67 14
68 13
68 12
68 12
68 11
68 10
69 9
69 8
69 7
69 7
69 6
70 5
70 4
70 4
71 3
71 2
71 2
72 1
72 1
73 0
73 0
74 1
74 1
74 2
74 3
74 3
74 4
74 5
74 6
74 7
74 8
74 9
74 10
74 10
74 11
74 12
74 13
73 14
73 15
73 16
73 17
73 18
73 18
73 19
73 20
73 21
73 22
72 23
72 24
72 25
72 26
72 27
72 27
72 28
72 29
72 30
71 31
71 32
71 33
71 34
71 35
71 35
71 36
71 37
70 38
70 39
70 40
70 41
70 41
70 42
69 43
69 44
69 45
69 45
69 46
68 47
68 48
68 48
67 49
67 50
67 50
67 51
67 51
66 51
66 51
65 51
65 51
64 50
64 49
64 49
63 48
63 47
63 47
63 46
62 45
62 44
62 44
62 43
62 42
62 41
62 41
62 40
62 39
62 38
62 37
62 37
62 36
63 35
63 34
63 33
63 33
63 32
63 31
63 31
64 30
64 29
65 28
65 28
66 27
66 26
66 26
67 25
68 25
68 25
69 25
69 25
70 25
70 25
71 26
71 27
71 27
71 28
70 29
70 30
69 31
69 32
68 33
68 34
68 35
67 36
67 37
66 38
66 39
66 40
65 41
65 42
64 43
64 44
63 45
63 46
63 46
62 47
61 48
60 49
59 50
58 51
58 51
57 52
56 52
55 53
54 53
54 53
53 54
52 55
51 56
51 56
50 57
49 58
49 58
48 58
48 58
48 59
48 59
48 59
49 59
49 59
50 59
50 59
51 58
52 58
52 58
53 57
54 57
54 57
55 56
56 55
57 55
58 54
58 54
59 53
60 53
61 52
62 52
62 52
63 51
64 51
65 50
66 50
66 50
67 50
68 50
69 49
70 49
71 49
71 49
72 49
73 48
74 48
74 48
75 48
76 48
76 48
76 49
76 50
76 50
75 51
74 52
74 52
73 53
72 54
72 55
71 56
71 56
70 57
69 58
68 59
67 60
67 60
66 61
65 62
64 62
63 63
62 64
62 64
61 65
60 66
59 66
58 67
57 68
57 68
56 69
55 69
54 70
53 71
52 71
51 72
51 72
50 73
49 74
48 74
47 75
46 76
46 76
45 77
44 77
43 78
42 78
42 78
41 79
40 79
40 79
39 79
39 79
39 78
39 78
40 77
41 76
41 76
42 75
43 74
44 73
44 73
45 72
46 72
47 71
48 71
49 70
49 70
50 69
51 69
52 68
53 67
54 67
55 66
55 66
56 65
57 65
58 64
59 64
60 63
61 63
62 62
62 62
63 62
64 61
65 61
66 60
67 60
68 59
69 59
69 59
70 59
71 58
72 58
73 58
74 58
75 57
76 57
77 57
77 57
78 57
79 56
80 56
81 56
82 56
83 55
84 55
84 55
85 55
86 55
87 55
88 55
89 55
90 55
90 55
91 55
92 55
93 55
94 55
95 55
95 55
96 56
97 56
98 57
98 57
99 58
99 59
100 60
100 60
100 61
99 62
99 63
99 64
99 64
99 65
99 66
98 67
98 68
98 69
98 69
97 70
97 71
96 72
96 73
95 74
95 75
95 75
94 76
93 77
92 78
91 79
91 79
90 80
89 81
88 81
87 82
86 83
86 83
85 84
84 85
83 86
82 86
81 87
80 88
80 88
79 89
78 89
77 90
76 90
75 91
74 91
74 91
73 91
72 92
71 92
70 93
69 93
68 94
67 94
67 94
66 95
65 95
64 96
63 97
62 97
61 98
61 98
60 98
59 99
58 99
57 99
56 100
55 100
55 100
54 100
53 100
52 100
52 100
51 100
50 100
50 100
50 99
50 98
50 97
50 97
51 96
51 95
52 94
52 93
53 92
53 91
54 90
54 89
55 88
55 87
56 86
56 85
57 84
57 83
58 82
58 81
59 80
59 79
60 78
60 77
61 76
61 75
62 74
62 73
63 72
63 71
64 70
64 69
65 68
65 67
66 66
66 66
67 66
68 65
69 65
70 64
71 64
72 64
73 63
74 63
75 62
76 62
76 62
77 62
78 61
79 61
79 61
80 61
81 60
82 60
82 60
83 60
84 60
84 60
85 60
85 60
84 61
84 61
83 62
82 62
82 62
81 63
80 64
79 65
79 65
78 66
77 67
76 67
75 68
74 69
74 69
73 70
72 70
71 71
70 72
69 72
68 73
68 73
67 74
66 75
65 75
64 76
63 77
63 77
62 78
61 78
60 79
59 79
58 80
58 80
57 81
56 81
55 82
54 82
54 82
53 82
52 82
51 82
51 82
51 82
52 81
52 81
53 80
54 80
55 79
55 79
56 78
57 77
58 77
59 76
59 76
60 75
61 75
62 74
63 74
64 73
64 73
65 73
66 72
67 72
68 72
69 71
70 71
70 71
71 71
72 70
73 70
74 70
75 69
76 69
76 69
77 69
78 69
79 68
80 68
81 68
81 68
82 68
83 68
84 68
84 68
85 69
86 70
86 70
86 71
86 72
86 72
86 73
85 74
85 75
85 75
84 76
83 77
83 78
82 79
82 79
81 80
80 81
79 81
78 82
78 82
77 82
76 83
75 83
74 83
73 84
72 84
72 84
71 84
70 85
69 85
68 86
67 86
67 86
66 86
65 86
64 87
63 87
62 87
61 87
61 87
60 87
59 86
58 86
57 86
57 86
56 85
55 85
55 85
54 84
54 84
55 83
55 82
56 81
56 81
57 80
58 80
59 79
60 79
60 79
61 79
62 78
63 78
64 77
65 77
65 77
66 77
67 77
68 76
69 76
70 76
71 76
71 76
72 76
73 76
74 76
75 76
76 76
76 76
77 76
78 77
79 77
80 78
81 78
81 78
82 79
83 79
83 79
83 80
83 81
83 81
83 82
82 83
82 84
82 84
81 85
80 86
79 87
78 88
78 88
77 89
76 89
75 90
74 90
73 91
72 91
72 91
71 92
70 92
69 93
68 93
67 94
66 94
66 94
65 94
64 94
63 95
62 95
61 95
61 95
60 95
59 95
58 95
