2 46
2 47
2 48
2 49
2 49
1 49
1 49
0 49
0 49
0 50
0 50
0 50
1 49
2 49
2 49
3 49
4 49
4 49
5 48
6 48
7 47
8 47
8 47
9 46
10 46
11 45
12 45
12 45
13 44
14 44
15 43
16 43
17 42
18 42
18 42
19 41
20 41
21 40
22 40
23 39
23 39
24 39
25 38
26 38
27 38
28 37
29 37
29 37
30 36
31 36
32 35
33 35
34 34
35 34
35 34
36 34
37 33
38 33
39 32
40 32
40 32
41 32
42 31
43 31
44 31
44 31
45 31
46 30
47 30
47 30
48 30
49 30
49 30
50 30
51 30
51 30
51 30
50 29
50 28
49 27
49 26
48 25
48 24
47 23
47 22
46 21
45 20
45 19
44 18
44 17
43 16
43 15
42 14
42 13
41 12
41 12
41 11
41 10
41 9
41 8
41 7
41 6
41 5
41 5
41 4
41 3
41 3
40 2
40 1
40 1
40 0
40 0
40 1
40 1
40 2
40 3
40 3
40 4
40 5
41 6
41 7
41 8
41 9
41 9
41 10
41 11
41 12
41 13
41 14
41 15
41 16
41 17
41 18
41 19
41 20
41 20
41 21
41 22
41 23
41 24
41 25
41 26
41 27
41 28
41 29
41 30
41 31
41 32
41 33
41 34
41 34
41 35
41 36
41 37
41 38
41 39
41 40
41 41
41 42
41 43
41 44
41 45
41 46
41 47
41 48
41 49
41 50
41 51
41 51
41 52
41 53
41 54
41 55
41 56
41 57
41 58
41 59
41 60
41 61
41 62
41 63
41 64
41 64
41 65
41 66
41 67
41 68
41 69
41 70
41 71
41 72
41 73
41 74
41 74
41 75
41 76
41 77
41 78
41 79
41 80
41 81
41 82
41 82
41 83
41 84
41 85
41 86
41 87
41 88
41 88
41 89
41 90
41 91
41 92
41 93
41 93
41 94
41 95
41 95
42 96
42 96
42 95
42 95
43 94
43 93
43 93
43 92
43 91
43 90
43 89
43 88
43 88
43 87
43 86
43 85
43 84
43 83
43 82
43 82
43 81
43 80
43 79
43 78
43 77
43 76
43 75
43 74
43 73
43 73
43 72
43 71
43 70
42 69
42 68
42 67
42 66
42 65
42 65
42 64
42 63
42 62
42 61
42 60
42 59
42 58
42 57
42 56
42 56
42 55
42 54
42 53
42 52
42 51
42 50
42 49
42 48
42 48
42 47
42 46
42 45
42 44
42 43
42 42
42 42
42 41
42 40
42 39
42 38
42 37
42 36
42 36
42 35
42 34
43 33
43 32
43 31
43 31
43 30
43 30
43 30
43 31
42 32
42 33
42 33
42 34
41 35
41 36
41 37
40 38
40 39
40 39
40 40
40 41
39 42
39 43
39 44
39 45
38 46
38 47
38 48
38 48
38 49
37 50
37 51
37 52
36 53
36 54
36 55
35 56
35 57
35 57
35 58
34 59
34 60
33 61
33 62
32 63
32 64
32 64
31 65
31 66
30 67
30 68
29 69
29 69
28 70
28 71
27 72
27 72
26 73
26 74
26 74
26 74
27 73
27 73
27 72
28 71
28 70
28 70
29 69
30 68
30 67
31 66
31 66
32 65
33 64
33 63
34 62
35 61
35 61
36 60
37 59
38 58
39 57
39 57
40 56
41 56
42 55
43 54
44 54
45 53
45 53
46 52
47 51
48 50
49 49
50 48
50 48
51 48
52 47
53 47
54 47
55 46
56 46
56 46
57 46
58 46
59 46
59 46
60 46
61 46
61 46
62 47
63 48
63 48
63 49
63 49
63 50
62 51
62 52
62 52
61 53
61 53
60 53
60 53
60 52
60 51
60 50
60 49
60 48
60 47
60 46
60 45
60 44
60 43
60 42
60 41
60 40
60 39
61 38
61 37
61 36
61 35
61 34
61 33
61 32
61 31
61 30
61 29
61 28
61 27
61 26
61 25
61 24
61 24
62 23
63 22
63 21
64 20
64 20
63 19
63 19
63 18
63 17
63 17
63 16
64 15
64 14
64 14
65 13
65 12
65 12
65 11
66 10
66 9
66 9
67 10
67 10
68 11
68 12
68 12
68 13
68 14
67 15
67 16
67 17
67 17
67 18
67 19
67 20
66 21
66 22
66 23
66 24
66 25
66 25
66 26
66 27
66 28
65 29
65 30
65 31
65 32
65 33
65 33
65 34
65 35
64 36
64 37
64 38
64 39
64 39
64 40
63 41
63 42
63 42
63 43
63 44
63 45
63 45
62 46
62 46
62 47
62 47
62 46
62 46
62 46
62 45
62 44
62 43
62 42
62 42
62 41
62 40
62 39
62 38
62 38
62 37
62 36
62 35
63 34
63 33
63 32
63 31
63 31
63 30
63 29
63 28
64 27
64 26
64 25
64 24
64 24
64 23
64 22
64 21
65 20
65 19
65 18
65 17
65 16
65 16
65 15
66 14
66 13
66 12
66 11
67 10
67 9
67 8
67 8
67 7
68 6
68 5
68 4
68 4
69 3
70 2
70 2
70 3
70 3
71 4
71 5
71 5
71 6
72 7
72 8
72 8
72 9
72 10
72 11
73 12
73 13
73 14
73 15
73 15
73 16
73 17
73 18
72 19
72 20
72 21
72 22
72 23
72 23
72 24
72 25
72 26
73 27
73 28
73 29
73 30
73 30
73 31
73 32
73 33
72 34
72 35
72 36
72 37
72 37
72 38
72 39
72 40
72 41
72 42
72 43
72 43
72 44
72 45
72 46
72 47
72 48
72 48
72 49
71 50
71 51
71 52
71 52
70 53
70 54
69 55
69 55
68 56
68 56
67 56
67 56
67 55
67 54
67 54
67 53
66 52
66 51
66 51
66 50
66 49
66 48
66 47
66 46
66 46
66 45
66 44
66 43
66 42
66 42
66 41
66 40
67 39
67 38
67 37
67 37
67 36
67 35
67 34
67 33
67 33
68 32
68 32
68 31
68 31
69 31
69 31
69 31
69 31
70 32
70 32
70 33
70 34
70 34
70 35
70 36
70 36
70 37
69 38
69 39
69 40
69 40
69 41
68 42
68 43
68 43
68 44
67 45
67 46
67 46
66 47
66 48
65 49
65 49
64 50
63 51
63 51
62 52
61 52
61 52
60 53
59 53
59 53
58 54
57 54
57 54
56 55
56 55
55 56
54 56
54 56
53 57
52 57
52 57
51 57
50 57
50 57
49 58
48 58
48 58
47 59
47 59
47 59
48 58
48 58
49 58
50 57
51 57
51 57
52 56
53 56
54 55
55 55
55 55
56 54
57 54
58 53
59 53
59 53
60 53
61 52
62 52
63 52
64 51
65 51
65 51
66 51
67 51
68 50
69 50
70 50
70 50
71 50
72 50
73 50
74 50
74 50
75 51
76 51
76 51
77 52
77 52
77 53
76 54
76 55
76 55
75 56
74 57
74 57
73 58
72 59
71 59
70 60
70 60
69 61
68 61
67 62
66 62
65 63
65 63
64 64
63 64
62 65
61 65
60 66
60 66
59 67
58 67
57 68
56 68
55 69
54 69
54 69
53 69
52 70
51 70
50 70
49 71
48 71
48 71
47 72
46 72
46 72
45 71
45 71
46 70
47 70
47 70
48 69
49 68
50 68
51 67
52 66
52 66
53 65
54 65
55 64
56 64
57 63
58 63
59 62
60 62
60 62
61 62
62 61
63 61
64 60
65 60
66 59
67 59
68 58
69 58
69 58
70 58
71 58
72 57
73 57
74 57
75 57
76 56
77 56
78 56
78 56
79 56
80 56
81 56
82 56
83 56
84 56
85 56
86 56
87 56
87 56
88 56
89 57
90 57
91 57
92 57
93 58
94 58
94 58
95 59
96 60
97 61
98 62
98 62
98 63
99 64
99 65
99 66
100 67
100 68
100 68
100 69
100 70
100 71
99 72
99 73
99 74
99 75
99 75
99 76
98 77
98 78
98 79
97 80
97 81
97 81
96 82
96 83
95 84
95 85
94 86
94 86
93 87
92 88
91 89
90 90
89 91
89 91
88 92
87 92
86 93
85 94
84 94
83 95
83 95
82 95
81 96
80 96
79 97
78 97
77 98
76 98
76 98
75 98
74 99
73 99
72 99
71 99
70 100
69 100
68 100
68 100
67 100
66 100
65 100
64 100
63 100
62 100
62 100
61 100
60 100
59 99
58 99
57 99
57 99
56 98
55 98
54 97
54 97
54 96
54 95
53 94
53 93
53 92
53 92
53 91
53 90
53 89
53 88
53 87
53 87
53 86
54 85
54 84
55 83
55 82
56 81
56 80
56 80
57 79
57 78
58 77
59 76
59 75
60 74
60 74
61 73
62 72
63 71
63 70
64 69
65 68
65 68
66 67
67 66
68 65
69 64
70 63
70 63
71 62
72 62
73 61
74 60
75 60
76 59
76 59
77 58
78 58
79 57
80 57
81 56
82 56
82 56
83 56
84 56
85 55
86 55
87 55
87 55
88 55
89 55
89 55
90 56
90 56
89 57
88 58
88 58
87 59
86 60
85 60
84 61
83 62
83 62
82 63
81 63
80 64
79 65
78 65
77 66
77 66
76 67
75 68
74 69
73 69
72 70
71 71
71 71
70 72
69 72
68 73
67 73
66 74
65 74
64 75
64 75
63 75
62 76
61 76
60 76
59 77
58 77
58 77
57 78
56 78
55 79
54 79
54 79
53 79
53 79
54 78
54 77
54 77
55 76
56 75
57 74
57 74
58 73
59 73
60 72
61 71
62 71
63 70
63 70
64 70
65 69
66 69
67 69
68 69
69 68
70 68
70 68
71 68
72 68
73 68
74 67
75 67
76 67
77 67
77 67
78 67
79 67
80 67
81 67
82 67
83 67
83 67
84 67
85 67
86 68
87 68
88 68
88 68
89 69
90 69
91 70
91 70
91 71
91 72
91 72
90 73
90 74
89 75
89 75
88 76
87 77
86 78
85 79
85 79
84 80
83 80
82 81
81 82
80 82
79 83
79 83
78 83
77 84
76 84
75 85
74 85
73 86
72 86
72 86
71 86
70 87
69 87
68 88
67 88
66 88
65 89
64 89
64 89
63 89
62 89
61 90
60 90
59 90
59 90
58 90
57 90
56 90
56 90
55 89
55 89
56 88
57 87
57 86
58 85
