3 47
2 47
1 47
1 47
0 48
0 48
0 48
0 48
0 48
0 48
0 48
1 48
1 48
2 47
3 47
3 47
4 47
5 46
6 46
7 45
8 45
8 45
9 45
10 44
11 44
12 44
13 43
14 43
14 43
15 43
16 42
17 42
18 41
19 41
20 40
21 40
21 40
22 40
23 39
24 39
25 38
26 38
27 38
28 37
29 37
29 37
30 37
31 36
32 36
33 36
34 35
35 35
36 35
37 34
38 34
38 34
39 33
40 33
41 32
42 32
43 31
44 31
44 31
45 31
46 31
47 30
48 30
49 30
50 30
50 30
51 30
52 29
53 29
54 29
54 29
55 29
56 29
56 29
56 29
55 29
55 29
54 30
54 30
53 29
52 28
51 28
50 27
49 26
48 25
47 24
46 24
45 23
44 22
43 21
42 20
41 20
40 19
39 18
39 18
38 17
38 16
37 15
37 14
37 14
36 13
36 12
36 12
36 12
36 12
36 12
37 13
37 14
37 14
37 15
37 16
37 16
37 17
37 18
37 19
37 20
37 21
37 22
37 23
37 24
37 24
37 25
37 26
37 27
37 28
37 29
37 30
37 31
37 32
37 33
37 34
37 34
37 35
37 36
37 37
37 38
37 39
37 40
37 41
37 42
37 43
37 44
37 45
37 46
37 46
37 47
37 48
37 49
37 50
37 51
37 52
37 53
37 54
37 55
37 56
37 57
37 58
37 59
37 60
37 60
37 61
37 62
37 63
37 64
36 65
36 66
36 67
36 68
36 69
36 70
36 70
36 71
36 72
36 73
36 74
36 75
36 76
36 77
36 78
36 79
36 79
36 80
36 81
35 82
35 83
35 84
35 85
35 85
35 86
35 87
35 88
35 89
35 90
35 90
35 91
35 92
35 93
35 94
35 94
35 95
35 96
35 96
35 96
35 96
35 95
35 94
35 93
35 93
35 92
35 91
35 90
35 89
35 89
35 88
35 87
35 86
35 85
35 84
35 83
35 82
35 81
35 80
35 79
35 78
35 77
35 76
35 75
35 74
35 73
35 72
35 71
35 70
35 69
36 68
36 67
36 66
36 65
36 64
36 63
36 62
36 61
36 60
36 59
36 58
36 57
36 56
36 55
36 54
36 53
36 52
36 51
36 50
36 49
36 48
36 47
36 47
36 46
36 45
36 44
36 43
36 42
36 41
36 40
36 39
36 38
36 37
36 36
36 35
36 35
36 34
36 33
36 32
36 32
35 31
35 31
35 32
35 32
34 33
34 34
34 34
34 35
33 36
33 37
32 38
32 39
32 39
32 40
31 41
31 42
31 43
31 44
30 45
30 46
30 46
30 47
29 48
29 49
29 50
29 51
28 52
28 53
28 53
28 54
27 55
27 56
26 57
26 58
25 59
25 60
25 60
25 61
24 62
24 63
23 64
23 65
23 65
22 66
22 67
21 68
21 68
20 69
20 69
20 68
20 68
21 67
21 66
22 65
22 64
23 63
23 62
24 61
24 60
25 59
26 58
26 57
27 56
27 55
28 54
28 53
29 52
30 51
30 50
31 49
31 48
32 47
32 46
33 45
33 44
34 43
34 43
35 43
36 42
37 42
38 42
39 41
40 41
40 41
40 41
40 41
40 42
40 42
41 42
42 43
43 43
43 43
44 43
45 43
46 43
47 43
47 43
48 43
49 44
50 44
50 44
51 44
52 45
53 45
54 45
54 45
55 46
56 46
56 46
57 47
57 47
57 48
57 49
57 49
57 50
57 50
56 51
55 51
55 51
55 50
55 49
55 48
55 47
55 46
55 45
55 44
55 43
55 42
55 41
55 40
55 39
55 38
56 37
56 36
56 35
56 34
56 33
56 32
56 31
56 30
56 29
56 28
56 27
56 26
56 25
56 24
56 24
56 23
57 22
57 21
57 20
57 19
58 18
58 17
58 16
58 16
58 15
58 14
58 14
59 13
59 12
59 12
60 11
60 10
60 10
61 9
61 8
61 8
62 7
62 7
62 8
62 8
62 9
62 10
62 11
62 11
62 12
62 13
61 14
61 15
61 16
61 17
61 17
61 18
61 19
61 20
60 21
60 22
60 23
60 24
60 25
60 25
60 26
60 27
59 28
59 29
59 30
59 31
58 32
58 33
58 34
58 34
58 35
58 36
57 37
57 38
57 39
57 40
57 40
57 41
57 42
57 43
57 44
57 45
57 45
57 46
57 47
57 48
57 48
57 49
57 49
57 50
57 50
57 50
57 49
57 49
57 48
57 47
57 47
57 46
57 45
57 44
57 44
57 43
57 42
58 41
58 40
58 39
58 39
58 38
58 37
58 36
58 35
58 34
58 34
58 33
58 32
59 31
59 30
59 29
59 29
59 28
59 27
59 26
60 25
60 24
60 23
60 22
60 22
60 21
60 20
61 19
61 18
61 17
61 16
61 16
61 15
61 14
62 13
62 12
62 11
62 10
62 10
62 9
63 8
63 7
63 6
63 6
63 5
64 4
64 3
64 2
64 2
64 1
64 1
64 0
64 0
64 1
64 1
65 2
65 3
65 3
65 4
65 5
66 6
66 7
66 8
66 8
66 9
66 10
66 11
66 12
66 13
66 14
66 15
66 15
66 16
66 17
66 18
66 19
66 20
66 21
66 22
66 23
66 23
66 24
66 25
66 26
66 27
66 28
66 29
66 30
66 30
66 31
66 32
67 33
67 34
67 35
67 35
67 36
67 37
67 38
67 39
67 40
67 40
67 41
67 42
67 43
67 43
67 44
66 45
66 46
66 46
65 47
65 47
65 48
65 48
64 48
64 48
63 47
63 47
63 46
63 45
63 44
63 44
63 43
62 42
62 41
62 41
62 40
62 39
62 38
62 37
62 36
62 36
62 35
62 34
62 33
62 32
62 31
62 31
62 30
63 29
63 28
63 28
63 27
64 26
64 25
64 25
65 24
65 23
65 23
66 22
66 21
66 21
67 21
67 21
67 21
67 21
68 22
68 22
68 23
67 24
67 25
67 26
67 27
66 28
66 29
66 30
66 31
65 32
65 33
65 34
65 35
64 36
64 37
64 38
64 39
63 40
63 41
63 42
63 43
62 44
62 45
62 45
61 46
60 46
59 47
59 47
58 48
57 48
57 48
56 49
55 49
55 49
55 49
56 49
56 49
57 49
57 49
58 48
58 48
59 47
60 47
60 47
61 46
62 46
62 46
63 46
64 45
65 45
65 45
66 44
67 44
67 44
68 44
68 44
69 45
69 45
68 46
68 47
67 48
67 48
66 49
66 50
65 51
65 51
64 52
64 53
63 54
63 55
62 56
62 56
61 57
60 58
59 59
59 59
58 60
57 61
56 62
55 63
55 63
54 64
53 65
52 65
51 66
51 66
50 67
49 67
48 68
48 68
47 69
46 70
46 70
45 70
44 70
44 70
44 70
45 69
46 68
46 68
47 67
48 67
49 66
49 66
50 65
51 64
52 64
53 63
53 63
54 62
55 62
56 61
57 61
58 60
59 60
59 60
60 60
61 59
62 59
63 59
64 59
65 58
66 58
66 58
67 58
68 58
69 58
70 57
71 57
72 57
73 57
73 57
74 57
75 57
76 57
77 57
78 57
79 57
80 57
80 57
81 57
82 57
83 58
84 58
85 58
86 58
86 58
87 59
88 59
89 60
90 60
91 61
92 61
92 61
93 62
94 63
95 63
96 64
96 64
97 65
97 66
98 67
98 68
99 69
99 69
99 70
99 71
100 72
100 73
100 74
100 74
100 75
99 76
99 77
98 78
98 79
98 79
97 80
97 81
96 82
96 83
96 83
95 84
94 85
93 86
92 87
91 88
91 88
90 89
89 90
88 90
87 91
86 92
86 92
85 93
84 93
83 94
82 94
81 95
80 95
80 95
79 95
78 96
77 96
76 97
75 97
74 98
73 98
73 98
72 98
71 99
70 99
69 100
68 100
68 100
67 100
66 100
65 100
64 100
63 100
63 100
62 100
61 99
60 99
59 99
59 99
59 98
58 97
58 96
58 96
58 95
58 94
58 93
58 92
58 92
58 91
59 90
59 89
59 88
59 87
60 86
60 85
60 85
61 84
61 83
62 82
63 81
63 80
64 79
64 79
65 78
65 77
66 76
66 75
67 74
67 73
68 72
68 72
69 71
69 70
70 69
71 68
72 67
72 66
73 65
73 65
74 64
75 63
76 62
77 61
77 61
78 60
79 60
80 59
81 59
81 59
82 58
83 58
83 58
84 59
84 59
84 60
84 60
83 61
83 62
82 63
82 63
81 64
80 65
79 65
78 66
78 66
77 67
76 68
75 69
74 70
74 70
73 71
72 71
71 72
70 72
69 73
68 73
68 73
67 74
66 74
65 75
64 75
63 76
63 76
62 77
61 77
60 78
59 78
59 78
58 78
57 79
56 79
56 79
55 78
55 78
56 77
56 77
57 76
58 75
59 74
59 74
60 73
61 73
62 72
63 72
64 71
64 71
65 70
66 70
67 69
68 69
69 68
70 68
70 68
71 68
72 68
73 67
74 67
75 67
76 67
76 67
77 67
78 67
79 67
80 67
81 67
82 67
82 67
83 67
84 67
85 67
86 67
87 67
87 67
88 68
89 69
89 69
90 70
90 71
90 71
90 72
89 73
89 74
89 74
88 75
87 76
86 77
85 78
85 78
84 79
83 80
82 80
81 81
80 82
80 82
79 83
78 83
77 84
76 85
75 85
74 86
74 86
73 86
72 87
71 87
70 88
69 88
68 89
67 89
67 89
66 90
65 90
64 91
63 91
62 92
61 92
61 92
60 92
59 92
58 93
57 93
56 93
55 93
55 93
54 93
53 93
52 93
