8 49
7 50
7 51
6 52
6 52
5 52
4 53
3 53
3 53
2 54
1 54
1 54
0 55
0 56
0 56
0 56
0 56
1 55
2 55
2 55
3 54
4 53
5 53
6 52
6 52
7 51
8 50
9 49
10 48
11 47
11 47
12 46
13 46
14 45
15 44
16 43
17 43
18 42
18 42
19 41
20 40
21 40
22 39
23 38
23 38
24 37
25 36
26 36
27 35
28 34
28 34
29 34
30 33
31 33
32 32
33 32
33 32
34 31
35 30
36 30
37 29
37 29
38 29
39 28
40 28
41 28
41 28
42 27
43 27
44 26
44 26
45 25
46 25
47 24
47 24
48 23
49 23
50 22
50 22
51 21
52 20
52 20
53 19
53 19
53 18
53 18
53 18
52 18
51 18
51 18
50 19
49 19
49 19
48 19
47 19
47 19
46 19
45 19
44 19
44 19
43 19
42 19
42 19
41 18
41 18
40 17
40 16
40 16
39 15
39 15
40 14
40 14
40 13
40 13
41 13
41 13
42 13
42 13
43 14
43 14
44 15
44 16
44 16
44 17
44 18
44 19
44 19
44 20
45 21
45 22
45 23
45 23
45 24
45 25
45 26
45 27
45 28
45 28
45 29
45 30
45 31
44 32
44 33
44 34
44 35
44 35
44 36
44 37
44 38
44 39
44 40
44 41
44 42
44 43
44 43
44 44
44 45
44 46
44 47
44 48
44 49
44 50
44 51
44 52
44 52
44 53
44 54
44 55
44 56
44 57
44 58
44 59
44 60
44 60
44 61
44 62
44 63
45 64
45 65
45 66
45 67
45 67
45 68
45 69
45 70
45 71
45 72
45 73
45 74
45 74
45 75
45 76
46 77
46 78
46 79
46 79
46 80
46 81
46 82
46 82
46 83
47 84
47 85
47 85
47 85
47 85
47 85
47 84
47 83
47 82
46 81
46 80
46 79
46 78
46 77
46 76
46 75
46 74
45 73
45 72
45 71
45 70
45 69
45 68
45 67
44 66
44 65
44 64
44 63
44 62
44 61
44 60
44 59
43 58
43 57
43 56
43 55
43 54
43 53
43 52
43 51
42 50
42 49
42 48
42 47
42 47
42 46
43 45
43 44
43 43
44 42
44 41
44 41
45 40
45 40
45 39
45 39
45 39
45 39
45 40
45 40
45 41
45 42
45 43
45 43
44 44
44 45
43 46
43 47
43 47
43 48
42 49
42 50
41 51
41 52
41 52
41 53
40 54
40 55
40 56
39 57
39 58
39 58
38 59
38 60
37 61
36 62
36 63
35 64
35 64
35 65
34 66
34 67
33 68
33 69
33 69
32 70
32 71
31 72
31 73
31 73
31 74
30 75
30 76
30 76
30 75
31 74
31 73
32 72
32 71
33 70
33 69
34 68
34 67
35 66
35 65
36 64
36 63
37 62
37 61
38 60
38 59
39 58
39 57
40 56
40 55
41 54
41 53
42 52
42 51
42 51
43 51
44 51
44 51
44 52
44 52
44 52
44 52
45 52
46 52
46 52
47 52
48 52
48 52
49 52
50 52
51 52
51 52
52 52
53 52
53 52
54 52
55 52
55 52
56 53
56 53
56 52
56 51
56 50
56 49
56 48
56 47
56 46
56 45
56 44
56 43
56 42
56 41
56 40
56 39
56 38
56 37
56 36
56 35
56 34
56 33
56 32
56 31
56 30
56 29
56 28
56 27
56 26
56 25
56 24
56 23
56 22
56 21
56 20
56 19
56 18
56 17
56 16
56 15
56 14
56 14
56 14
56 14
56 14
57 15
58 15
58 15
59 16
59 17
59 17
59 18
59 19
59 20
59 21
59 21
59 22
60 23
60 24
60 24
60 25
60 26
60 27
60 27
60 28
60 29
60 30
60 30
60 31
60 32
60 33
60 33
60 34
60 35
60 35
60 36
60 37
60 37
61 37
61 37
61 38
61 38
61 37
60 36
60 35
60 34
60 33
59 32
59 31
59 30
58 29
58 28
58 27
57 26
57 25
57 24
57 23
56 22
56 21
56 21
55 20
55 20
55 19
55 18
55 18
54 17
54 17
55 16
55 16
56 15
56 15
57 14
57 13
58 12
58 12
59 11
60 10
61 9
61 9
62 8
62 7
63 6
63 6
64 5
64 4
65 3
65 3
66 2
66 1
66 1
67 0
67 0
68 1
68 1
68 2
68 3
68 3
68 4
68 5
68 5
68 6
68 7
67 8
67 9
67 10
67 10
67 11
67 12
66 13
66 14
66 15
66 15
66 16
66 17
65 18
65 19
65 20
65 21
65 21
65 22
65 23
64 24
64 25
64 26
64 26
64 27
64 28
63 29
63 30
63 31
63 31
63 32
62 33
62 34
62 35
62 35
62 36
62 37
62 38
62 39
62 39
63 40
63 40
63 41
63 41
64 42
64 42
63 41
63 40
62 39
62 38
61 37
60 36
60 35
59 34
59 33
58 32
57 31
57 30
56 29
56 28
55 27
55 27
56 26
56 25
57 24
57 24
58 23
58 22
58 22
59 21
60 21
60 21
61 20
62 20
62 20
63 19
64 18
64 18
65 18
66 18
66 18
66 18
66 18
65 19
65 20
65 20
64 21
64 22
63 23
63 23
62 24
61 25
61 25
60 26
60 27
59 28
59 28
58 29
58 30
58 30
57 31
57 31
56 31
56 31
57 31
57 31
57 31
58 30
58 30
59 30
59 30
60 29
60 29
61 28
61 28
62 28
62 28
63 28
63 28
63 28
63 28
63 29
63 29
63 30
63 30
62 31
62 32
62 32
61 33
60 34
60 34
59 35
58 36
58 36
57 37
57 37
56 38
56 38
56 38
57 38
57 38
58 37
58 36
58 36
59 35
60 35
60 35
59 36
59 37
58 38
58 39
57 40
57 41
56 42
56 43
55 44
55 45
54 46
54 46
54 47
54 48
54 48
53 48
52 48
52 48
52 48
53 48
53 48
54 47
54 46
54 46
55 45
56 45
57 44
57 44
58 43
59 43
60 42
60 42
61 41
62 40
63 39
63 39
64 38
65 38
65 38
66 37
67 36
67 36
68 36
68 36
69 36
69 36
68 36
68 36
68 37
68 37
67 38
67 39
67 39
66 40
65 41
65 41
64 42
64 43
64 43
63 44
63 45
62 46
62 46
61 47
61 48
60 49
60 49
59 50
59 51
58 52
58 52
57 53
56 54
56 54
55 55
54 56
54 56
53 57
53 58
53 58
52 59
52 59
52 59
52 59
52 59
53 59
53 59
54 58
54 58
55 57
56 56
57 55
57 55
58 54
59 54
60 53
61 53
61 53
62 52
63 51
64 51
65 50
65 50
66 49
67 48
68 48
69 47
70 46
70 46
71 46
72 45
73 45
74 44
75 44
75 44
76 43
77 43
78 42
79 42
79 42
80 42
81 41
82 41
83 41
83 41
84 41
85 42
86 42
87 42
87 42
88 42
89 43
90 43
90 43
91 44
92 45
93 46
93 46
94 47
94 48
95 49
95 49
96 50
97 51
97 52
98 53
98 53
99 54
99 55
99 55
99 56
100 57
100 58
100 59
100 59
100 60
99 61
99 62
99 62
99 63
98 64
98 65
98 66
98 66
97 67
96 68
96 69
95 70
95 70
95 71
94 72
94 73
93 74
93 75
93 75
92 76
92 77
91 78
91 79
90 80
90 80
89 81
88 82
88 83
87 84
87 84
86 85
85 86
84 87
84 87
83 88
82 88
81 89
81 89
80 88
80 87
79 86
79 85
78 84
78 83
77 82
77 81
76 80
76 79
75 78
75 77
74 76
74 75
73 74
73 73
72 72
72 71
71 70
71 69
70 68
70 67
69 66
69 65
68 64
68 63
67 62
67 61
66 60
66 59
65 58
65 57
64 56
64 56
65 55
66 54
66 54
66 53
66 53
66 52
66 51
66 51
66 51
66 51
66 52
66 52
65 53
64 54
64 54
64 55
63 56
63 57
63 57
62 58
62 59
61 60
61 61
60 62
60 62
60 63
59 64
59 65
58 66
58 67
58 67
57 68
57 69
57 69
57 70
57 71
57 71
58 71
58 71
59 70
60 70
60 70
61 69
62 69
63 68
63 68
64 67
64 66
65 65
65 65
66 64
67 63
68 62
68 62
69 61
70 60
70 59
71 58
71 58
72 57
73 57
74 56
74 56
75 56
76 55
77 55
77 55
78 54
79 54
79 54
79 55
79 56
79 56
78 57
78 58
78 58
77 59
77 60
76 61
76 62
76 62
75 63
75 64
74 65
74 66
73 67
73 67
72 68
72 69
71 70
71 71
70 72
70 72
69 73
68 74
68 75
67 76
66 77
66 77
65 78
64 79
64 80
63 81
63 81
62 82
61 83
61 83
60 84
59 84
59 84
59 84
60 83
60 82
60 82
60 81
61 80
61 79
61 78
61 78
61 77
62 76
62 75
62 74
62 74
63 73
63 72
64 71
64 70
65 69
65 68
65 68
66 67
66 66
67 65
67 64
67 64
68 63
69 62
70 62
71 61
71 61
72 60
73 60
74 59
74 59
75 59
76 58
77 58
77 58
78 58
79 58
79 58
80 59
80 59
81 60
81 60
81 61
80 62
80 63
80 63
80 64
79 65
79 66
79 66
78 67
78 68
77 69
77 70
77 70
76 71
76 72
75 73
75 74
75 74
74 75
73 75
72 76
72 76
71 77
71 78
70 79
70 79
69 80
69 80
68 79
67 79
67 79
67 79
67 78
66 77
66 76
66 76
66 75
66 74
66 74
67 73
67 72
68 71
68 71
69 70
70 69
70 69
71 68
72 67
73 66
73 66
74 65
75 64
76 64
77 63
77 63
78 62
79 62
80 61
80 61
81 61
82 60
83 60
83 60
84 60
85 60
85 60
86 60
86 60
86 61
86 62
86 62
85 63
85 64
85 64
84 65
84 66
83 67
83 67
82 68
82 69
82 69
81 70
80 71
80 71
79 72
79 73
79 73
78 73
78 73
77 73
77 73
77 73
77 72
77 72
77 71
77 71
78 70
78 70
78 69
78 69
79 69
80 69
80 69
81 70
81 70
80 71
80 71
80 72
80 73
80 74
80 75
80 75
79 76
78 77
78 78
77 79
77 79
77 80
76 81
76 82
76 83
75 84
75 85
75 85
74 86
73 87
73 88
72 89
71 90
71 90
70 91
70 92
69 93
69 94
68 95
68 95
68 96
67 97
67 98
67 99
67 99
66 100
66 100
65 100
