3 56
3 56
2 57
1 58
1 58
0 58
0 58
0 59
0 59
0 59
0 59
1 59
1 59
2 58
3 58
3 58
4 58
5 57
6 57
6 57
7 57
8 56
9 56
10 55
11 55
11 55
12 54
13 54
14 53
15 53
16 52
17 52
17 52
18 51
19 51
20 50
21 50
22 49
23 49
23 49
24 49
25 48
26 48
27 48
28 47
29 47
29 47
30 47
31 47
32 46
33 46
34 46
35 46
35 46
36 46
37 46
38 45
39 45
40 45
40 45
41 45
42 44
43 44
44 44
44 44
45 44
46 43
47 43
47 43
48 43
49 43
49 43
50 43
51 43
51 43
52 43
52 43
51 43
51 43
50 42
49 41
48 40
47 40
46 39
45 38
44 37
43 36
42 35
41 35
40 34
39 33
38 32
37 31
36 30
35 30
34 29
33 28
33 28
34 27
35 26
35 26
35 25
35 25
35 25
36 25
36 25
37 24
37 24
37 25
37 25
38 26
38 26
38 27
38 28
37 29
37 30
37 31
37 31
37 32
37 33
37 34
37 35
36 36
36 37
36 38
36 39
36 40
36 40
36 41
36 42
36 43
36 44
36 45
35 46
35 47
35 48
35 49
35 50
35 51
35 51
35 52
35 53
34 54
34 55
34 56
34 57
34 58
34 59
33 60
33 61
33 62
33 62
33 63
33 64
32 65
32 66
32 67
32 68
31 69
31 70
31 71
31 71
31 72
31 73
31 74
31 75
30 76
30 77
30 78
30 79
30 80
30 80
30 81
30 82
29 83
29 84
29 85
29 86
29 86
29 87
28 88
28 89
28 89
28 90
28 91
28 92
28 92
28 93
28 93
29 93
29 93
29 92
29 92
30 91
30 91
30 90
30 89
30 88
30 88
30 87
30 86
30 85
30 84
30 84
30 83
30 82
31 81
31 80
31 79
31 79
31 78
31 77
31 76
32 75
32 74
32 73
32 72
32 72
32 71
32 70
32 69
33 68
33 67
33 66
33 65
33 64
33 64
33 63
33 62
33 61
34 60
34 59
34 58
34 57
34 57
34 56
34 55
34 54
35 53
35 52
35 51
35 50
35 50
35 49
35 48
36 47
36 46
36 45
36 45
36 44
35 43
35 42
35 42
35 41
35 41
34 41
34 41
33 42
33 42
32 43
32 43
31 44
31 45
30 46
30 47
30 47
29 48
29 49
28 50
28 51
27 52
27 52
27 53
26 54
26 55
25 56
25 57
25 57
25 58
24 59
24 60
23 61
23 62
23 62
22 63
21 64
21 65
20 66
20 66
19 67
19 68
18 69
18 69
17 70
17 71
17 71
17 71
17 71
17 70
17 70
17 69
18 68
18 67
18 67
19 66
19 65
20 64
20 64
21 63
21 62
22 61
22 61
23 60
23 59
24 58
24 58
25 57
26 56
27 55
27 55
28 54
29 54
30 53
31 53
31 53
32 53
33 52
34 52
35 51
36 51
36 51
37 51
38 50
39 50
40 50
40 50
41 50
42 50
43 50
43 50
44 50
45 51
46 51
47 51
47 51
48 52
49 52
49 52
50 53
50 53
51 54
51 55
51 55
51 56
52 57
52 58
52 58
52 59
52 60
52 60
52 61
52 62
52 62
51 63
51 63
51 64
51 64
51 64
50 64
50 64
50 63
50 63
50 62
50 62
50 61
50 60
50 59
51 58
51 57
51 56
51 55
51 54
51 53
52 52
52 51
52 50
52 49
52 48
52 47
53 46
53 45
53 44
53 43
53 42
53 41
54 40
54 39
54 38
54 37
54 36
54 35
55 34
55 33
55 32
55 31
55 30
55 29
56 28
56 27
56 26
56 25
56 25
57 24
57 23
58 22
58 22
57 21
57 20
57 20
56 19
55 19
55 19
55 18
55 17
55 17
56 17
57 17
57 17
58 16
58 16
59 17
60 18
60 18
60 19
60 20
60 21
60 21
60 22
60 23
60 24
60 25
59 26
59 27
59 28
59 29
59 30
59 30
59 31
58 32
58 33
58 34
58 35
57 36
57 37
57 38
57 38
57 39
57 40
57 41
56 42
56 43
56 44
56 45
56 46
56 46
56 47
55 48
55 49
55 50
55 50
55 51
54 52
54 53
54 53
54 54
54 55
54 55
54 55
54 54
54 54
54 53
54 53
54 52
55 51
55 50
55 49
55 49
55 48
56 47
56 46
56 45
56 45
56 44
56 43
56 42
56 41
56 40
56 39
56 39
56 38
57 37
57 36
58 35
58 34
58 34
58 33
58 32
59 31
59 30
59 29
59 28
59 28
59 27
59 26
60 25
60 24
60 23
60 23
60 22
61 21
61 20
62 19
62 18
62 18
62 17
62 16
63 15
63 14
63 13
63 13
63 12
63 11
63 10
63 10
63 9
63 8
63 7
63 7
63 6
63 5
63 5
63 4
63 4
63 3
63 3
63 2
63 2
64 1
65 1
65 1
66 1
66 1
67 0
68 0
68 0
69 0
70 1
71 1
71 1
72 2
73 2
73 2
73 3
74 4
74 5
74 5
74 6
74 7
75 8
75 9
75 10
75 10
75 11
75 12
75 13
74 14
74 15
74 16
74 17
74 17
74 18
74 19
74 20
74 21
73 22
73 23
73 24
73 25
73 26
73 26
73 27
73 28
73 29
72 30
72 31
72 32
72 33
72 34
72 34
72 35
71 36
71 37
71 38
71 39
70 40
70 41
70 42
70 42
70 43
70 44
70 45
70 45
70 46
69 47
69 48
69 48
69 49
69 49
68 49
68 49
68 48
68 48
68 47
68 46
67 45
67 44
67 43
67 42
67 41
67 40
66 39
66 38
66 37
66 36
66 35
65 34
65 33
65 32
65 31
65 30
65 29
64 28
64 27
64 26
64 26
64 26
63 27
62 27
62 27
61 28
61 28
62 28
62 28
63 27
63 27
64 27
64 27
65 26
66 26
66 26
67 26
68 26
68 26
69 26
70 26
70 26
71 26
71 26
71 27
71 27
71 28
71 28
70 29
70 30
70 30
69 31
69 32
68 33
68 34
67 35
66 36
66 37
65 38
64 39
64 40
63 41
63 42
62 43
62 43
62 44
61 45
61 46
61 46
60 47
59 47
59 47
58 48
57 48
57 48
57 49
57 49
57 49
57 48
57 48
58 48
58 48
59 47
60 47
60 47
61 46
62 46
62 46
63 45
64 45
64 45
65 45
66 44
67 44
67 44
68 44
69 44
69 44
70 44
71 44
71 44
72 44
72 44
72 44
72 44
71 45
70 45
69 46
68 46
67 47
66 48
65 48
64 49
63 50
62 50
61 51
60 51
59 52
58 53
57 53
56 54
55 54
54 55
54 55
53 56
52 57
51 57
50 58
50 58
49 58
48 59
47 59
47 59
46 60
45 61
45 61
45 61
45 62
45 62
46 62
46 62
47 61
47 61
48 61
49 61
49 61
50 60
51 59
51 59
52 59
53 58
54 58
55 58
55 58
56 57
57 57
58 56
58 56
59 56
60 55
61 55
61 55
62 55
63 54
64 54
64 54
65 54
66 54
66 54
67 55
68 55
68 55
68 55
68 56
68 57
68 57
67 58
67 59
67 59
66 60
65 61
65 61
64 62
63 63
62 64
62 64
61 65
60 66
59 66
58 67
58 67
57 68
56 69
55 69
54 70
54 70
53 71
52 71
51 72
50 72
49 73
49 73
48 74
47 74
46 75
45 75
45 75
44 76
43 76
42 77
42 77
41 78
40 78
40 78
40 78
40 77
40 77
41 76
41 76
42 75
43 75
44 74
44 74
45 73
46 72
46 72
47 71
48 71
49 70
49 70
50 69
51 69
52 68
53 68
53 68
54 68
55 67
56 67
57 67
57 67
58 67
59 66
60 66
61 65
62 65
62 65
63 65
64 64
65 64
66 63
67 63
67 63
68 63
69 63
70 62
71 62
72 62
72 62
73 62
74 61
75 61
76 60
77 60
77 60
78 60
79 60
80 59
81 59
82 59
82 59
83 59
84 59
85 58
86 58
87 58
87 58
88 58
89 58
90 58
91 58
91 58
92 58
93 59
94 59
94 59
95 59
96 60
97 60
97 60
98 61
99 62
99 62
99 63
100 64
100 65
100 66
100 66
100 67
100 68
99 69
99 70
99 71
99 71
99 72
98 73
98 74
97 75
97 76
97 76
96 77
95 78
95 79
94 80
94 80
93 81
93 82
92 83
92 84
91 85
91 85
90 86
89 87
88 88
87 89
86 90
86 90
85 91
84 91
83 92
82 92
81 93
81 93
80 93
79 94
78 94
77 95
76 95
76 95
75 96
74 96
73 97
72 97
71 98
70 98
70 98
69 98
68 98
67 99
66 99
65 99
65 99
64 99
63 99
62 100
61 100
60 100
60 100
59 100
58 100
57 100
56 100
56 100
55 99
54 99
54 99
53 98
52 97
52 97
52 96
52 95
52 94
52 94
52 93
52 92
53 91
53 90
53 89
53 89
53 88
54 87
54 86
55 85
55 84
55 84
56 83
56 82
57 81
57 80
58 79
58 79
59 78
60 77
61 76
62 75
62 75
63 74
64 73
65 72
66 71
66 71
67 70
68 70
69 69
70 69
71 68
72 68
73 67
74 67
75 66
76 66
77 65
78 65
79 64
80 64
81 63
82 63
83 62
83 62
84 62
85 62
86 62
87 62
88 62
88 62
89 62
89 62
89 62
88 63
88 63
87 64
87 64
86 65
85 65
85 65
84 66
83 66
83 66
82 67
81 67
81 67
80 68
79 68
78 69
78 69
77 70
76 71
75 72
75 72
74 73
73 73
72 74
71 74
71 74
70 75
69 76
68 76
67 77
66 78
66 78
65 79
64 80
63 80
62 81
62 81
61 82
60 82
59 83
59 83
58 83
57 84
56 84
56 84
55 85
54 85
54 85
54 85
54 84
54 84
55 83
55 82
55 82
56 81
57 80
57 80
58 79
59 79
60 78
60 78
61 77
62 77
63 76
64 76
64 76
65 75
66 74
67 74
68 73
68 73
69 72
70 72
71 71
72 71
73 70
74 70
74 70
75 70
76 69
77 69
78 68
79 68
79 68
80 68
81 68
82 67
83 67
84 67
84 67
85 67
86 67
87 66
88 66
89 66
89 66
90 66
91 66
92 66
92 66
93 66
94 67
95 67
95 67
96 68
96 68
96 69
96 69
95 70
95 71
95 71
94 72
94 73
94 73
93 74
92 74
91 75
91 75
90 76
89 76
88 77
88 77
87 78
86 78
85 79
84 79
84 79
83 79
82 80
81 80
80 81
79 81
79 81
78 82
77 82
76 83
75 83
75 83
74 84
73 84
72 85
71 85
71 85
70 85
69 86
68 86
67 87
66 87
66 87
65 87
64 88
63 88
63 88
62 88
61 89
60 89
60 89
59 90
58 90
58 90
57 91
56 91
56 91
55 91
54 91
54 91
54 92
54 92
53 92
53 92
54 91
