0 46
0 46
0 46
0 46
0 46
1 46
2 45
3 45
3 45
4 44
5 44
6 43
7 43
7 43
8 42
9 42
10 41
11 41
11 41
12 40
13 40
14 39
15 39
16 38
16 38
17 38
18 37
19 37
20 37
21 36
22 36
22 36
23 35
24 35
25 34
26 34
27 33
27 33
28 33
29 32
30 32
31 31
32 31
32 31
33 31
34 30
35 30
36 29
37 29
37 29
38 28
39 28
40 27
41 27
41 27
42 27
43 26
44 26
45 26
45 26
46 26
47 25
48 25
48 25
49 24
50 24
50 24
51 24
51 24
51 24
50 23
50 22
49 21
48 20
47 19
47 18
46 17
45 16
45 15
44 14
43 13
43 12
42 11
41 10
40 9
40 8
39 7
39 7
39 6
38 5
38 4
38 3
38 3
38 2
38 2
37 1
37 1
38 2
38 2
38 3
38 3
38 4
38 5
39 6
39 7
39 8
39 8
39 9
39 10
39 11
40 12
40 13
40 14
40 15
40 16
40 16
40 17
40 18
40 19
40 20
40 21
40 22
40 23
40 24
40 25
40 26
40 27
40 28
40 28
40 29
40 30
40 31
40 32
40 33
40 34
41 35
41 36
41 37
41 38
41 39
41 40
41 41
41 41
41 42
41 43
41 44
41 45
41 46
41 47
41 48
41 49
41 50
41 51
41 52
41 53
41 54
41 55
41 55
41 56
41 57
41 58
41 59
40 60
40 61
40 62
40 63
40 64
40 65
40 65
40 66
40 67
40 68
40 69
40 70
40 71
40 72
40 73
40 74
40 74
40 75
40 76
39 77
39 78
39 79
39 80
39 80
39 81
39 82
39 83
39 84
39 85
39 86
39 86
39 87
39 88
39 89
39 90
39 90
39 91
38 92
38 93
38 93
38 94
38 94
38 94
38 94
38 93
38 92
38 91
38 91
38 90
38 89
38 88
38 87
38 87
38 86
38 85
38 84
38 83
38 82
38 81
38 81
38 80
38 79
38 78
38 77
38 76
38 75
38 74
38 74
38 73
38 72
38 71
38 70
39 69
39 68
39 67
39 66
39 65
39 65
39 64
39 63
39 62
39 61
39 60
39 59
39 58
39 57
39 57
39 56
39 55
39 54
40 53
40 52
40 51
40 50
40 49
40 49
40 48
40 47
40 46
41 45
41 44
41 43
41 42
41 41
41 41
41 40
41 39
42 38
42 37
42 36
42 35
42 35
42 34
42 33
43 32
43 31
43 30
43 29
43 29
43 28
43 27
43 27
42 26
42 26
41 27
41 27
41 28
40 29
40 30
40 30
40 31
39 32
39 33
38 34
38 35
38 36
37 37
37 38
37 38
37 39
37 40
36 41
36 42
36 43
36 44
36 45
35 46
35 47
35 48
35 48
35 49
34 50
34 51
34 52
34 53
33 54
33 55
33 56
33 56
32 57
32 58
31 59
31 60
30 61
30 62
30 62
29 63
29 64
28 65
28 66
28 66
27 67
27 68
26 69
26 69
26 69
27 69
27 69
27 68
28 67
28 66
28 66
29 65
29 64
30 63
30 62
30 62
31 61
32 60
32 59
33 58
34 57
34 57
35 56
36 55
36 54
37 53
37 53
38 52
39 52
40 51
41 51
42 50
42 50
43 50
44 49
45 49
46 48
47 48
47 48
48 48
49 47
50 47
51 47
51 47
52 47
53 48
54 48
54 48
55 49
56 49
56 49
56 50
57 51
57 52
57 52
57 53
57 54
57 54
56 55
56 56
56 56
55 57
55 57
55 57
54 56
54 56
54 55
54 54
54 53
54 52
54 51
54 50
54 49
55 48
55 47
55 46
55 45
55 44
55 43
55 42
55 41
55 40
55 39
55 38
55 37
55 36
55 35
56 34
56 33
56 32
56 31
56 30
56 29
56 28
56 27
56 27
56 26
57 25
57 24
57 23
57 22
58 21
58 20
58 20
59 19
59 18
59 18
59 17
59 16
59 16
59 15
60 14
60 13
60 13
60 12
60 11
60 11
61 11
61 11
61 11
62 12
62 13
62 13
62 14
62 15
62 16
62 17
62 18
62 18
62 19
62 20
62 21
61 22
61 23
61 24
61 25
61 26
61 26
61 27
61 28
61 29
61 30
61 31
61 32
61 33
61 33
61 34
60 35
60 36
60 37
60 37
60 38
60 39
60 40
60 41
60 41
60 42
60 43
60 44
60 44
60 45
60 45
60 46
60 46
60 46
60 45
60 45
60 44
60 43
60 43
60 42
60 41
60 40
60 39
60 38
60 38
60 37
60 36
60 35
60 34
60 33
60 32
60 32
60 31
60 30
60 29
61 28
61 27
61 26
61 25
61 25
61 24
61 23
61 22
62 21
62 20
62 19
62 18
62 18
62 17
62 16
62 15
63 14
63 13
63 12
63 11
63 11
63 10
63 9
64 8
64 7
64 6
64 5
64 5
64 4
65 3
65 2
65 2
66 1
66 0
66 0
67 0
67 0
67 1
67 1
68 2
68 3
68 3
68 4
68 5
69 6
69 7
69 8
69 9
69 9
69 10
69 11
69 12
69 13
69 14
69 15
69 16
69 17
69 17
69 18
69 19
69 20
69 21
69 22
69 23
69 24
69 25
69 25
69 26
69 27
69 28
69 29
69 30
69 31
69 31
69 32
69 33
69 34
69 35
69 36
69 37
69 37
69 38
68 39
68 40
68 41
68 41
67 42
67 43
66 44
66 45
66 45
65 46
65 47
65 47
64 48
64 48
63 48
63 48
63 47
63 47
63 46
62 45
62 44
62 44
62 43
62 42
62 41
62 40
62 40
62 39
62 38
62 37
62 36
62 36
62 35
63 34
63 33
63 32
63 32
64 31
64 30
64 30
64 29
65 28
65 27
65 27
66 26
66 26
67 26
67 26
68 26
68 26
69 27
69 27
69 28
69 29
69 29
69 30
69 31
69 32
69 33
69 33
69 34
69 35
68 36
68 37
68 38
68 38
67 39
67 40
66 41
66 41
65 42
64 43
64 43
63 44
62 45
61 46
61 46
60 47
59 48
58 49
58 49
57 50
56 50
55 51
55 51
54 52
53 52
52 53
52 53
51 54
50 55
50 55
49 56
48 56
48 56
48 56
48 56
48 56
49 55
50 55
50 55
51 54
52 53
52 53
53 53
54 52
55 52
55 52
56 52
57 51
58 51
58 51
59 51
60 51
61 50
62 50
63 50
63 50
64 50
65 49
66 49
66 49
67 49
68 49
69 49
69 49
70 50
70 50
70 51
70 51
70 52
69 53
69 54
69 54
68 55
67 56
66 57
66 57
65 58
64 59
64 60
63 61
63 61
62 62
61 63
60 64
59 65
59 65
58 66
57 66
56 67
55 67
54 68
54 68
53 69
52 69
51 70
50 70
49 71
49 71
48 71
47 72
46 72
46 72
45 73
44 73
44 73
43 73
43 73
44 72
44 71
44 71
45 70
46 69
47 68
47 68
48 67
49 66
50 66
51 65
51 65
52 65
53 64
54 64
55 63
56 63
57 62
58 62
58 62
59 61
60 61
61 60
62 60
63 59
64 59
65 58
65 58
66 58
67 57
68 57
69 57
70 57
71 56
72 56
73 56
73 56
74 56
75 55
76 55
77 55
78 55
79 54
80 54
80 54
81 54
82 53
83 53
84 53
85 53
86 52
87 52
87 52
88 52
89 52
90 53
91 53
92 53
93 53
93 53
94 54
95 54
96 55
97 55
97 55
98 56
98 57
99 58
99 58
99 59
99 60
100 61
100 62
100 63
100 63
100 64
99 65
99 66
99 67
98 68
98 69
98 69
97 70
97 71
96 72
95 73
95 74
94 75
94 75
93 76
92 77
92 78
91 79
90 80
90 80
89 81
88 82
87 83
86 83
85 84
84 85
84 85
83 86
82 87
81 88
80 88
79 89
78 90
78 90
77 91
76 91
75 92
74 92
73 93
72 93
71 94
71 94
70 94
69 95
68 95
67 96
66 96
65 97
64 97
64 97
63 97
62 98
61 98
60 98
59 99
58 99
58 99
57 99
56 99
55 100
54 100
53 100
53 100
52 100
51 100
50 100
49 100
49 100
48 99
48 99
48 98
48 97
48 96
48 95
48 95
49 94
49 93
50 92
50 91
51 90
51 90
52 89
52 88
53 87
53 86
54 85
54 84
55 83
55 82
55 82
56 81
56 80
57 79
58 78
59 77
59 76
60 75
60 75
61 74
61 73
62 72
62 71
63 70
63 69
64 68
64 68
65 67
66 66
67 65
68 64
69 63
69 63
70 62
71 61
72 61
73 60
74 59
74 59
75 59
76 58
77 58
78 58
78 58
79 58
80 57
81 57
82 57
82 57
83 58
84 58
84 58
84 59
84 59
84 60
84 61
84 61
83 62
83 63
82 64
82 64
81 65
80 65
79 66
78 66
78 66
77 67
76 68
75 68
74 69
74 69
73 70
72 70
71 71
70 71
69 72
69 72
68 73
67 73
66 74
65 74
64 75
64 75
63 76
62 76
61 77
60 77
59 78
59 78
58 78
57 79
56 79
56 79
55 80
54 80
54 80
55 79
55 79
56 78
57 77
58 76
58 76
59 75
60 74
61 74
62 73
63 72
63 72
64 71
65 71
66 70
67 70
68 69
68 69
69 69
70 69
71 68
72 68
73 68
74 68
74 68
75 68
76 67
77 67
78 67
79 66
80 66
80 66
81 66
82 66
83 66
84 66
85 66
85 66
86 67
87 67
88 68
88 68
89 69
90 69
90 69
90 70
90 71
90 71
89 72
89 73
88 74
88 74
87 75
86 76
85 76
84 77
84 77
83 78
82 78
81 79
80 79
79 80
79 80
78 81
77 81
76 82
75 82
74 83
73 83
73 83
72 83
71 84
70 84
69 85
68 85
67 86
66 86
66 86
65 86
64 87
63 87
62 87
61 88
60 88
60 88
59 88
58 89
57 89
57 89
56 89
55 89
54 89
