1 48
1 48
1 48
0 49
0 49
0 49
0 49
1 49
1 49
2 48
3 48
3 48
4 48
5 47
6 47
7 47
7 47
8 46
9 46
10 45
11 45
11 45
12 45
13 45
14 44
15 44
16 44
17 44
17 44
18 44
19 44
20 43
21 43
22 43
22 43
23 43
24 42
25 42
26 42
27 41
28 41
28 41
29 41
30 41
31 40
32 40
33 40
34 40
34 40
35 40
36 40
37 39
38 39
39 39
39 39
40 39
41 38
42 38
43 37
44 37
44 37
45 37
46 36
47 36
47 36
48 35
49 35
50 34
50 34
51 33
52 32
52 32
53 32
53 32
53 32
52 33
52 33
51 33
50 32
49 32
48 31
47 31
46 31
45 30
44 30
43 29
42 29
41 28
40 28
39 28
38 27
37 27
36 26
35 26
35 26
35 25
35 24
34 23
34 22
34 21
34 20
34 20
34 19
33 18
33 17
33 17
33 16
33 15
33 15
33 14
33 14
33 14
34 14
34 14
35 15
35 16
35 16
35 17
36 18
36 19
36 19
36 20
36 21
36 22
36 23
36 24
36 25
36 26
36 27
36 28
36 28
36 29
36 30
36 31
36 32
36 33
36 34
36 35
36 36
36 37
36 38
36 39
36 39
36 40
36 41
36 42
36 43
36 44
36 45
36 46
36 47
36 48
36 49
36 50
36 51
36 52
36 53
36 53
36 54
36 55
36 56
36 57
36 58
36 59
36 60
36 61
36 62
36 63
36 64
36 65
36 65
36 66
36 67
36 68
36 69
36 70
36 71
36 72
36 73
36 74
36 74
36 75
36 76
36 77
36 78
36 79
36 80
36 81
36 81
36 82
36 83
36 84
36 85
36 86
36 86
36 87
36 88
36 89
36 90
36 90
36 91
35 92
35 93
35 93
35 94
35 95
35 95
35 96
35 96
35 96
35 95
35 94
35 94
35 93
35 92
35 91
35 90
35 89
35 89
35 88
35 87
35 86
35 85
35 84
35 83
35 83
35 82
35 81
35 80
36 79
36 78
36 77
36 76
36 75
36 75
36 74
36 73
36 72
36 71
37 70
37 69
37 68
37 67
37 66
37 66
37 65
37 64
37 63
37 62
38 61
38 60
38 59
38 58
38 57
38 57
38 56
38 55
38 54
38 53
39 52
39 51
39 50
39 49
39 48
39 48
39 47
39 46
39 45
39 44
39 43
39 42
39 42
39 41
39 40
40 39
40 38
40 37
40 36
40 36
40 35
41 34
41 33
41 32
41 32
41 31
41 31
41 31
40 32
40 32
40 33
40 34
39 35
39 36
39 37
39 37
39 38
38 39
38 40
38 41
38 42
37 43
37 44
37 44
37 45
37 46
36 47
36 48
36 49
36 50
36 51
36 52
35 53
35 54
35 55
35 55
35 56
34 57
34 58
33 59
33 60
33 61
32 62
32 63
32 63
31 64
31 65
30 66
30 67
29 68
29 69
29 69
29 70
28 71
28 72
28 72
27 72
27 72
27 72
28 71
28 70
28 70
28 69
29 68
29 67
29 67
29 66
30 65
30 64
31 63
31 62
31 62
32 61
32 60
33 59
33 59
34 58
35 57
36 57
37 56
37 56
38 55
39 55
40 54
40 54
41 54
42 54
43 54
44 54
44 54
45 54
46 54
47 54
48 54
48 54
49 54
50 54
51 54
51 54
52 55
53 55
53 55
54 56
55 57
55 57
55 58
55 58
56 58
56 58
56 58
56 58
56 57
56 56
56 55
56 54
56 53
56 52
56 51
56 50
56 49
56 48
56 47
56 46
56 45
56 44
56 43
56 42
56 41
56 40
55 39
55 38
55 37
55 36
55 35
55 34
55 33
55 32
55 31
55 30
55 29
55 28
55 27
55 26
55 25
55 24
55 23
55 22
55 21
55 20
55 20
55 19
56 18
56 17
56 16
56 15
57 14
57 13
57 12
57 12
57 11
57 10
57 9
57 9
57 8
57 7
57 7
58 7
58 7
58 7
59 8
59 9
59 9
59 10
58 11
58 12
58 13
58 13
58 14
58 15
58 16
57 17
57 18
57 19
57 20
57 20
57 21
57 22
57 23
56 24
56 25
56 26
56 27
56 27
56 28
56 29
56 30
56 31
56 32
56 32
56 33
56 34
55 35
55 36
55 37
55 37
55 38
55 39
55 40
55 41
55 41
55 42
56 43
56 44
56 44
56 45
56 46
56 47
56 47
56 48
56 49
56 49
56 49
56 49
56 48
56 47
56 47
56 46
57 45
57 44
57 43
57 43
57 42
57 41
57 40
57 39
57 38
57 38
57 37
57 36
58 35
58 34
58 33
58 32
58 32
58 31
58 30
58 29
58 28
58 27
58 26
58 26
58 25
58 24
59 23
59 22
59 21
59 20
59 20
59 19
59 18
59 17
60 16
60 15
60 14
60 13
60 13
60 12
60 11
60 10
60 9
60 8
60 8
60 7
61 6
61 5
61 4
61 4
62 3
62 2
62 2
62 1
62 1
62 0
62 0
62 1
62 1
63 2
63 2
64 3
64 4
64 4
64 5
65 6
65 7
65 8
65 8
65 9
65 10
66 11
66 12
66 13
66 14
66 14
66 15
66 16
66 17
66 18
66 19
66 20
66 21
66 21
66 22
66 23
66 24
67 25
67 26
67 27
67 28
67 28
67 29
67 30
67 31
68 32
68 33
68 34
68 35
68 35
68 36
68 37
68 38
68 39
68 39
68 40
67 41
67 42
67 42
67 43
67 44
67 45
67 45
66 46
66 46
66 46
66 46
65 45
65 44
65 44
64 43
64 42
64 42
64 41
64 40
64 39
64 39
64 38
63 37
63 36
63 35
63 35
63 34
63 33
63 32
63 31
63 31
63 30
63 29
63 28
63 28
63 27
63 26
63 25
63 25
64 24
64 23
64 23
65 22
65 22
65 22
66 22
66 22
67 22
67 22
67 23
67 23
68 24
68 25
68 25
68 26
68 26
68 27
67 28
67 29
67 30
66 31
66 32
66 33
65 34
65 35
64 36
64 37
64 38
63 39
63 40
63 41
62 42
62 43
62 44
61 45
61 46
61 46
60 47
60 48
59 49
59 49
58 50
57 51
57 51
56 52
56 52
56 52
56 52
57 52
57 52
57 51
57 51
58 50
59 50
59 50
60 49
60 49
61 48
62 48
62 48
63 48
63 48
64 48
65 48
65 48
66 48
66 48
67 48
67 48
68 49
68 49
68 50
68 50
67 51
66 52
66 52
65 53
65 54
64 55
64 55
63 56
62 57
61 58
61 58
60 59
59 60
58 61
58 61
57 62
56 63
55 63
54 64
54 64
53 65
52 65
51 66
51 66
50 67
49 67
49 67
48 68
48 68
48 68
49 67
49 67
50 66
51 65
51 65
52 64
53 63
54 62
54 62
55 62
56 61
57 61
58 60
59 60
59 60
60 60
61 59
62 59
63 59
64 59
65 58
66 58
66 58
67 58
68 57
69 57
70 57
71 57
72 56
73 56
73 56
74 56
75 56
76 55
77 55
78 55
79 55
79 55
80 55
81 55
82 55
83 55
84 55
85 55
86 55
86 55
87 55
88 55
89 56
90 56
91 56
91 56
92 57
93 58
94 58
95 59
95 59
96 60
97 61
98 62
98 62
98 63
99 64
99 65
100 66
100 67
100 67
100 68
99 69
99 70
99 71
99 71
99 72
99 73
98 74
98 75
98 76
98 77
98 77
97 78
97 79
96 80
96 81
95 82
95 82
94 83
93 84
92 85
91 86
90 87
90 87
89 88
88 88
87 89
86 90
85 90
84 91
84 91
83 92
82 92
81 93
80 94
79 94
78 95
78 95
77 96
76 96
75 97
74 97
73 98
72 98
72 98
71 98
70 99
69 99
68 99
67 99
66 100
65 100
65 100
64 100
63 100
62 100
61 100
61 100
60 100
59 99
58 99
57 99
57 99
56 98
56 97
55 96
55 95
55 95
55 94
55 93
55 92
55 91
55 90
55 90
55 89
55 88
56 87
56 86
56 85
56 84
56 84
57 83
57 82
58 81
59 80
59 79
60 78
60 78
61 77
61 76
62 75
62 74
63 73
63 72
63 72
64 71
65 70
65 69
66 68
67 67
67 67
68 66
69 65
70 64
71 63
71 63
72 62
73 62
74 61
74 61
75 61
76 60
77 60
77 60
78 60
79 59
80 59
80 59
81 59
81 59
81 59
80 60
80 60
79 61
78 61
77 62
77 62
76 63
75 63
74 64
73 64
73 64
72 65
71 66
70 67
70 67
69 67
68 68
67 68
66 69
65 69
65 69
64 70
63 70
62 71
61 71
60 72
60 72
59 73
58 73
57 74
56 74
56 74
55 74
54 75
53 75
53 75
52 76
52 76
53 75
53 75
54 74
55 74
55 74
56 73
57 73
58 72
59 72
59 72
60 72
61 71
62 71
63 70
64 70
64 70
65 70
66 70
67 69
68 69
69 69
70 69
70 69
71 69
72 69
73 68
74 68
75 68
76 68
76 68
77 68
78 68
79 68
80 68
81 68
82 68
82 68
83 68
84 68
85 68
86 68
86 68
87 68
88 69
89 69
89 69
90 70
90 71
90 71
90 72
90 73
90 74
90 74
89 75
89 76
88 77
88 77
87 78
86 79
85 79
84 80
84 80
83 81
82 81
81 82
80 83
79 83
78 84
78 84
77 85
76 85
75 86
74 86
73 87
72 87
72 87
71 87
70 88
69 88
68 88
67 88
66 89
65 89
64 89
64 89
63 89
62 90
61 90
60 90
59 91
58 91
58 91
57 91
56 91
55 91
54 91
53 91
53 91
52 91
51 90
50 90
50 90
49 89
48 89
48 89
47 88
47 88
47 87
48 86
48 85
48 85
49 84
50 83
51 83
52 82
