1 48
0 49
0 50
0 50
0 50
0 50
1 49
2 49
2 49
3 49
4 48
5 48
5 48
6 48
7 48
8 47
9 47
10 47
10 47
11 46
12 46
13 45
14 45
15 44
15 44
16 44
17 43
18 43
19 43
20 43
21 42
22 42
22 42
23 42
24 41
25 41
26 40
27 40
28 39
29 39
29 39
30 39
31 38
32 38
33 38
34 38
35 37
36 37
37 37
37 37
38 37
39 36
40 36
41 36
42 35
43 35
43 35
44 35
45 34
46 34
47 33
48 33
48 33
49 33
50 32
51 32
52 32
52 32
53 31
54 31
54 31
55 31
55 31
55 31
54 30
53 29
52 28
51 27
50 26
49 25
48 24
47 23
47 22
46 21
45 20
44 19
43 18
42 17
41 16
40 15
39 14
39 14
39 13
38 12
38 11
38 10
38 10
38 9
38 9
37 9
37 9
37 10
37 10
37 11
37 12
37 13
37 14
37 14
37 15
37 16
37 17
36 18
36 19
36 20
36 21
36 22
36 22
36 23
36 24
36 25
36 26
36 27
36 28
36 29
36 30
36 31
36 32
36 33
36 33
36 34
36 35
36 36
36 37
36 38
36 39
36 40
36 41
36 42
36 43
36 44
36 45
36 46
36 46
36 47
36 48
36 49
36 50
36 51
36 52
37 53
37 54
37 55
37 56
37 57
37 58
37 59
37 60
37 60
37 61
37 62
37 63
37 64
37 65
37 66
37 67
37 68
37 69
37 70
37 71
37 72
37 73
37 73
37 74
37 75
37 76
37 77
36 78
36 79
36 80
36 81
36 82
36 83
36 83
36 84
36 85
36 86
36 87
36 88
36 89
36 90
36 90
36 91
36 92
35 93
35 94
35 95
35 95
35 96
35 97
35 98
35 99
35 99
35 100
35 100
35 100
35 99
35 99
35 98
35 97
35 96
35 95
35 95
35 94
35 93
35 92
35 91
35 90
35 89
35 88
35 87
35 86
35 85
35 84
35 83
35 82
35 81
35 80
35 79
35 78
35 77
35 76
35 75
35 74
35 73
35 72
35 71
35 70
35 69
35 68
35 67
35 66
35 65
35 64
35 63
35 62
35 61
35 60
35 59
35 58
35 57
35 56
35 55
35 54
35 53
35 52
35 52
35 51
35 50
36 49
36 48
36 47
36 46
37 45
37 44
37 43
37 42
38 41
38 40
38 39
38 39
38 38
39 37
39 36
39 36
39 35
39 34
39 34
39 33
39 33
39 34
39 34
38 35
37 36
37 36
37 37
36 38
36 39
35 40
35 41
35 41
35 42
34 43
34 44
33 45
33 46
32 47
32 48
32 48
31 49
31 50
30 51
30 52
29 53
29 54
28 55
28 55
27 56
27 57
26 58
25 59
25 60
24 61
24 62
23 63
23 63
22 64
21 65
21 66
20 67
20 67
19 68
19 69
19 69
18 70
18 70
19 69
19 69
20 68
21 67
22 66
22 66
23 65
24 64
24 63
25 62
26 61
26 61
27 60
28 60
29 59
30 58
31 58
32 57
32 57
33 57
34 56
35 56
36 55
37 55
37 55
38 55
39 54
40 54
41 54
42 53
43 53
43 53
44 53
45 54
46 54
47 54
47 54
48 54
49 55
50 55
51 56
52 56
52 56
53 57
53 58
54 59
54 60
54 60
55 61
55 62
55 62
55 63
55 64
55 64
55 64
55 64
55 63
55 62
55 61
55 60
55 60
55 59
55 58
56 57
56 56
56 55
56 54
56 53
57 52
57 51
57 50
57 49
57 48
58 47
58 46
58 45
58 44
58 43
58 42
59 41
59 40
59 39
59 38
59 37
60 36
60 35
60 34
60 33
60 32
61 31
61 30
61 29
61 29
62 28
62 27
63 26
63 25
63 25
63 24
63 23
63 22
63 22
63 21
62 20
62 19
62 19
62 18
63 17
63 16
63 16
64 15
64 14
64 14
65 14
65 14
65 15
65 16
65 16
65 17
65 18
65 19
65 20
65 21
65 21
65 22
65 23
65 24
64 25
64 26
64 27
64 28
64 28
64 29
64 30
64 31
64 32
63 33
63 34
63 35
63 36
63 37
63 37
63 38
63 39
62 40
62 41
62 42
62 43
62 43
62 44
61 45
61 46
61 46
61 47
61 48
61 48
61 49
61 49
62 49
62 49
62 49
62 48
63 47
63 46
63 46
63 45
63 44
63 43
63 42
63 42
63 41
63 40
64 39
64 38
64 37
64 37
64 36
64 35
64 34
65 33
65 32
65 31
65 30
65 30
65 29
65 28
65 27
66 26
66 25
66 24
66 23
66 23
66 22
67 21
67 20
67 19
67 18
68 17
68 16
68 15
68 15
68 14
69 13
69 12
69 11
69 10
70 9
70 8
70 8
70 7
70 6
71 5
71 4
71 3
71 3
71 2
72 1
72 0
72 0
73 1
73 1
74 2
74 3
74 3
74 4
75 5
75 6
75 6
75 7
75 8
75 9
75 10
75 11
75 12
75 13
75 14
75 14
75 15
75 16
75 17
75 18
75 19
75 20
75 21
75 22
75 22
75 23
75 24
75 25
75 26
74 27
74 28
74 29
74 30
74 31
74 31
74 32
74 33
74 34
74 35
74 36
74 37
74 38
74 39
74 39
74 40
74 41
73 42
73 43
73 44
73 45
73 45
73 46
72 47
72 48
71 49
71 50
71 50
71 51
70 52
70 53
70 54
70 54
69 55
68 56
68 56
67 57
67 57
66 57
66 57
66 56
66 55
66 54
66 54
66 53
65 52
65 51
65 50
65 50
65 49
65 48
65 47
65 46
65 45
65 45
65 44
65 43
66 42
66 41
66 40
66 39
66 39
66 38
66 37
67 36
67 35
67 34
67 33
67 33
68 32
68 31
69 30
69 29
69 29
70 28
70 27
70 27
71 27
72 27
72 27
73 28
73 28
74 29
74 29
75 30
75 31
75 31
75 32
75 33
75 33
74 34
74 35
73 36
72 37
72 38
71 39
71 40
70 41
69 42
69 43
68 44
67 45
67 46
66 47
66 48
65 49
65 49
64 50
63 51
62 52
61 53
60 54
60 54
59 55
58 55
57 56
57 56
56 56
55 57
54 57
54 57
53 58
52 58
52 58
52 58
53 57
54 57
54 57
55 56
56 56
56 56
57 55
58 54
59 53
59 53
60 52
61 52
62 51
63 51
63 51
64 51
65 50
66 50
67 49
68 49
68 49
69 49
70 49
71 48
72 48
73 48
73 48
74 48
75 48
76 48
76 48
77 49
77 50
77 50
77 51
77 52
77 53
77 53
76 54
76 55
75 56
75 57
75 57
74 58
73 59
73 60
72 61
72 61
71 62
70 63
69 64
68 65
68 65
67 66
66 66
65 67
64 68
63 68
62 69
62 69
61 70
60 71
59 71
58 72
57 73
57 73
56 73
55 74
54 74
53 74
52 75
51 75
51 75
50 76
49 76
48 77
47 77
47 77
46 77
45 78
44 78
43 78
43 78
43 78
44 77
45 76
45 76
46 75
47 74
48 73
49 72
49 72
50 71
51 71
52 70
53 70
54 69
55 69
55 69
56 69
57 68
58 68
59 67
60 67
61 67
62 66
63 66
63 66
64 66
65 66
66 65
67 65
68 65
69 65
70 64
71 64
72 64
72 64
73 64
74 64
75 64
76 64
77 63
78 63
79 63
80 63
81 63
81 63
82 63
83 63
84 63
85 64
86 64
87 64
88 64
88 64
89 64
90 65
91 65
92 65
93 66
94 66
94 66
95 67
96 68
97 68
98 69
98 69
99 70
99 71
100 72
100 72
100 73
100 74
100 75
100 76
100 76
99 77
98 78
98 79
97 80
97 80
96 81
95 82
94 83
93 84
93 84
92 85
91 85
90 86
89 86
88 87
87 87
87 87
86 88
85 88
84 89
83 90
82 90
81 91
81 91
80 91
79 92
78 92
77 92
76 92
75 93
74 93
73 93
73 93
72 93
71 94
70 94
69 94
68 94
67 95
66 95
65 95
65 95
64 95
63 95
62 96
61 96
60 96
59 96
59 96
58 96
57 96
56 96
55 96
54 96
54 96
53 95
52 95
52 95
52 94
51 93
51 92
51 92
51 91
52 90
52 89
53 88
53 87
53 87
54 86
54 85
55 84
55 83
56 82
56 82
57 81
58 80
59 79
59 78
60 77
61 76
61 76
62 75
63 74
64 73
65 73
66 72
67 71
67 71
68 70
69 69
70 68
71 68
72 67
73 66
73 66
74 66
75 65
76 65
77 65
78 64
79 64
79 64
80 64
81 63
82 63
83 62
84 62
84 62
85 62
86 62
87 62
88 62
88 62
89 63
90 64
90 64
89 65
89 66
89 66
88 67
87 68
86 69
86 69
85 70
84 70
83 71
82 71
81 72
81 72
80 73
79 73
78 74
77 74
76 75
75 75
75 75
74 75
73 76
72 76
71 76
70 76
69 77
68 77
68 77
67 77
66 78
65 78
64 79
63 79
63 79
62 79
61 80
60 80
59 80
59 80
58 80
57 80
56 80
56 80
56 79
56 79
57 79
58 78
59 78
59 78
60 78
61 77
62 77
63 76
64 76
64 76
65 76
66 76
67 76
68 75
69 75
70 75
71 75
72 75
72 75
73 75
74 75
75 75
76 74
77 74
78 74
79 74
79 74
80 74
81 74
82 74
83 75
84 75
85 75
86 75
87 75
87 75
88 75
89 76
90 76
91 76
91 76
92 77
92 77
91 78
91 79
90 80
90 80
89 81
88 81
87 82
86 82
85 83
85 83
84 83
83 84
82 84
81 85
80 85
79 86
78 86
78 86
77 86
76 86
75 87
74 87
73 87
72 87
71 88
70 88
69 88
69 88
68 88
67 88
66 89
65 89
64 89
63 89
62 90
61 90
60 90
60 90
59 90
58 90
57 91
56 91
55 91
