5 36
5 36
4 37
3 37
2 38
1 38
1 38
1 39
1 39
1 40
0 41
0 42
0 42
0 42
0 43
0 43
1 42
1 42
2 42
3 41
4 41
4 41
5 41
6 40
7 40
8 39
9 39
9 39
10 38
11 38
12 37
13 37
14 36
14 36
15 35
16 35
17 34
18 33
19 33
20 32
20 32
21 32
22 31
23 31
24 30
25 30
26 29
27 29
27 29
28 28
29 28
30 27
31 27
32 26
33 26
33 26
34 26
35 25
36 25
37 24
38 24
38 24
39 24
40 23
41 23
42 23
42 23
43 22
44 22
44 22
45 22
45 22
45 21
45 21
44 21
44 21
43 20
42 19
41 18
41 17
40 16
39 15
38 14
37 13
36 12
36 11
35 10
34 9
34 9
34 8
33 7
33 6
33 6
33 5
33 5
33 5
33 6
33 7
33 7
33 8
33 9
33 10
33 11
33 12
33 12
33 13
33 14
33 15
33 16
33 17
33 18
33 18
33 19
33 20
33 21
32 22
32 23
32 24
32 25
32 25
32 26
32 27
32 28
32 29
31 30
31 31
31 32
31 33
31 34
31 34
31 35
31 36
31 37
31 38
31 39
31 40
31 41
31 42
31 43
31 44
31 44
31 45
31 46
31 47
31 48
31 49
30 50
30 51
30 52
30 53
30 54
30 55
30 55
30 56
30 57
30 58
30 59
29 60
29 61
29 62
29 63
29 64
29 64
29 65
29 66
29 67
29 68
29 69
29 70
29 71
29 72
29 72
29 73
29 74
28 75
28 76
28 77
28 77
28 78
28 79
28 80
28 81
28 81
28 82
28 83
28 84
28 84
29 85
29 85
29 85
29 85
28 84
28 83
28 83
28 82
28 81
28 80
28 79
28 78
28 77
28 76
28 75
28 74
28 73
28 72
28 71
29 70
29 69
29 68
29 67
29 66
29 65
29 64
29 63
29 62
29 61
29 60
29 59
29 58
29 57
29 56
29 55
29 54
29 53
29 52
29 51
29 50
29 49
29 48
29 47
29 46
29 45
30 44
30 43
30 42
30 41
30 40
30 39
30 38
30 37
30 36
30 35
30 34
30 33
30 32
30 31
30 31
31 30
31 29
32 28
32 28
32 28
32 29
32 29
31 30
30 30
30 30
30 31
29 32
29 33
29 33
28 34
28 35
27 36
27 36
26 37
25 38
24 39
24 39
23 40
23 41
22 42
22 43
21 44
21 44
20 45
20 46
19 47
19 48
18 49
18 50
18 50
18 51
17 52
17 53
16 54
16 55
15 56
15 57
15 57
14 58
14 59
13 60
13 61
12 62
12 62
12 63
11 64
11 65
11 66
10 67
10 68
10 68
9 69
8 70
8 70
8 71
8 71
8 70
8 70
8 69
9 68
9 67
9 67
9 66
10 65
10 64
10 63
10 63
11 62
12 61
12 60
13 59
13 59
14 58
14 57
15 56
15 55
16 54
16 54
17 53
18 52
18 51
19 50
20 49
20 49
21 48
22 47
23 46
23 45
24 44
25 43
25 43
26 42
27 41
28 41
29 40
30 39
30 39
31 39
32 39
33 38
34 38
35 38
35 38
36 38
37 39
38 39
39 39
39 39
40 40
41 41
42 41
43 42
43 42
43 43
44 44
44 45
44 46
44 46
45 47
45 47
46 48
46 48
46 48
46 47
46 46
46 46
46 45
45 44
45 43
45 43
45 42
45 41
45 40
45 39
46 38
46 37
46 36
46 35
46 34
46 33
46 32
46 31
46 30
47 29
47 28
47 27
47 26
47 25
47 24
47 23
47 22
47 21
48 20
48 19
48 18
48 17
48 16
48 15
48 14
48 13
48 12
49 11
49 10
49 9
49 8
49 7
49 7
49 7
49 6
48 5
48 4
48 3
48 3
48 2
48 2
48 3
48 3
49 4
49 4
50 5
50 5
50 6
51 7
51 8
51 8
52 9
52 10
53 11
53 11
53 12
54 13
54 14
54 14
55 15
55 16
56 17
56 18
56 18
57 19
57 20
57 20
57 21
57 22
57 22
57 23
57 23
57 24
57 24
56 25
56 25
55 26
55 26
55 27
55 27
54 27
54 27
53 26
53 26
53 25
53 24
53 24
53 23
54 22
54 21
54 21
54 20
55 19
55 18
55 17
55 17
55 16
55 15
56 14
56 13
56 12
56 12
57 11
57 10
58 9
58 8
58 8
58 7
59 6
59 5
59 5
60 4
61 3
61 3
62 2
62 2
63 1
64 1
64 1
65 0
65 0
66 1
67 2
67 2
68 3
68 3
68 4
69 5
69 6
69 7
69 7
69 8
69 9
69 10
69 11
69 12
69 13
69 13
69 14
69 15
68 16
68 17
68 18
68 18
68 19
68 20
67 21
67 22
67 23
67 23
67 24
66 25
66 26
66 26
65 27
65 28
64 29
64 30
64 30
63 31
63 32
63 32
63 33
62 34
62 35
62 35
61 36
61 37
60 38
60 38
59 39
58 40
58 40
57 41
56 42
56 42
55 43
55 43
54 43
54 43
54 42
54 41
54 41
54 40
54 39
54 38
54 38
54 37
55 36
55 35
55 35
56 34
56 33
56 33
57 32
57 31
57 31
58 30
59 29
59 29
60 28
61 27
61 27
62 26
63 25
63 25
64 24
64 23
65 22
65 22
66 21
67 21
68 20
68 20
69 19
69 19
70 19
70 19
69 20
69 20
68 21
68 22
68 22
67 23
67 24
66 25
65 26
65 27
64 28
63 29
63 30
62 31
61 32
61 33
60 34
59 35
59 36
58 37
58 38
57 39
56 40
56 41
55 42
54 43
54 44
53 45
52 46
52 47
51 48
51 48
50 49
50 50
49 51
49 52
49 52
48 53
48 53
48 52
48 52
47 52
47 52
47 52
47 51
47 51
48 50
49 50
49 50
50 49
51 48
51 48
52 48
53 47
54 47
54 47
55 47
56 46
57 46
58 45
59 45
59 45
60 45
61 44
62 44
63 43
64 43
64 43
65 43
66 43
67 42
68 42
69 42
70 42
70 42
71 42
72 41
73 41
74 41
74 41
75 41
76 41
76 41
77 41
77 41
76 41
76 41
75 42
75 42
74 43
73 43
72 44
72 44
71 45
70 45
69 46
68 46
68 46
67 47
66 48
65 49
65 49
64 50
63 51
62 52
61 53
61 53
60 54
59 55
58 56
57 57
57 57
56 58
55 59
55 60
54 61
54 61
53 62
52 63
52 63
51 64
51 65
50 66
50 66
49 67
48 67
48 67
48 68
48 68
48 68
49 67
49 67
50 66
50 65
50 65
51 64
52 63
52 63
53 62
54 62
55 61
55 61
56 60
57 60
58 59
58 59
59 58
60 58
61 57
62 57
62 57
63 56
64 56
65 55
66 55
67 54
67 54
68 53
69 53
70 52
71 52
72 51
72 51
73 51
74 50
75 50
76 50
77 49
78 49
78 49
79 49
80 49
81 48
82 48
83 48
84 48
84 48
85 48
86 48
87 49
88 49
89 49
89 49
90 50
91 50
92 51
93 51
93 51
94 52
95 53
96 54
96 54
97 55
98 56
99 57
99 57
99 58
100 59
100 60
100 61
100 61
100 62
100 63
99 64
99 65
99 66
99 66
99 67
98 68
98 69
97 70
97 71
97 71
97 72
96 73
96 74
95 75
95 76
95 76
94 77
94 78
93 79
92 80
92 81
91 82
91 82
91 83
90 84
90 85
89 86
89 87
88 88
88 89
88 89
87 90
86 91
85 92
84 93
83 94
83 94
82 95
81 96
80 96
79 97
79 97
78 97
77 98
76 98
75 99
74 99
74 99
73 99
72 99
71 99
71 99
70 99
69 98
68 98
67 98
67 98
66 97
65 97
64 96
64 96
63 95
63 94
63 94
62 93
61 92
61 92
61 91
61 91
61 90
61 89
61 88
61 87
62 86
62 85
62 84
62 83
62 82
62 81
62 80
62 79
63 78
63 77
63 76
63 75
63 74
63 73
63 72
63 71
64 70
64 69
64 68
64 67
64 66
64 65
64 64
64 63
65 62
65 61
65 60
65 59
65 58
65 58
65 58
64 58
63 58
63 58
62 58
61 58
61 58
60 59
59 59
59 59
58 59
58 59
57 60
57 61
57 61
57 62
56 63
56 64
56 64
55 65
55 66
54 67
54 67
53 68
53 69
52 70
52 71
51 72
51 72
50 73
49 74
48 75
47 76
47 76
46 77
45 78
44 79
43 80
43 80
42 81
41 81
40 82
40 82
39 83
38 83
38 83
37 83
37 83
38 82
38 81
38 81
39 80
40 80
41 79
41 79
42 78
43 77
44 76
45 75
45 75
46 74
47 74
48 73
49 73
50 72
50 72
51 71
52 70
53 70
54 69
55 68
55 68
56 68
57 67
58 67
59 67
60 66
61 66
61 66
62 65
63 65
64 64
65 64
66 63
66 63
67 63
68 62
69 62
70 62
70 62
71 62
72 62
73 62
73 62
74 63
74 63
74 64
74 64
73 65
73 66
73 66
72 67
72 68
71 69
71 69
70 70
69 71
68 72
68 72
67 73
66 74
65 74
64 75
64 75
63 75
62 76
61 76
60 77
59 77
59 77
58 78
57 78
56 79
55 79
55 79
54 80
53 80
52 81
52 81
51 81
50 82
49 82
49 82
48 82
48 82
48 82
49 81
50 81
50 81
51 80
52 79
52 79
53 79
54 78
55 78
56 77
57 77
57 77
58 77
59 76
60 76
61 75
62 75
62 75
63 75
64 74
65 74
66 73
67 73
67 73
68 73
69 73
70 72
71 72
72 72
72 72
73 72
74 71
75 71
76 71
76 71
77 71
78 71
79 71
80 71
80 71
81 72
81 72
81 73
81 74
81 74
81 75
80 76
80 77
80 77
79 78
78 78
77 79
77 79
76 80
75 81
74 81
73 82
72 83
72 83
71 84
70 84
69 85
68 85
67 86
67 86
66 86
65 87
64 87
63 88
62 88
61 89
60 89
60 89
59 89
58 90
57 90
56 91
55 91
54 92
53 92
53 92
52 93
51 93
50 94
49 94
48 95
47 95
47 95
46 96
45 96
44 97
43 97
42 98
42 98
41 99
40 99
39 100
39 100
38 100
37 100
