4 54
4 54
3 55
2 56
2 56
1 56
1 56
0 57
0 57
0 57
0 58
0 58
0 58
0 58
0 58
0 58
0 58
1 57
1 57
2 57
2 57
3 56
3 55
3 55
4 54
5 54
6 53
6 53
7 52
8 51
9 50
9 50
10 49
11 48
11 47
12 46
12 46
13 45
14 44
15 43
16 42
16 42
17 41
18 40
19 40
20 39
21 38
21 38
22 37
23 36
24 35
25 34
25 34
26 33
27 32
28 32
29 31
30 30
30 30
31 29
32 28
33 28
34 27
35 26
35 26
36 25
37 25
38 24
39 23
40 23
41 22
41 22
42 21
43 21
44 20
45 20
46 19
46 19
47 19
48 18
49 18
50 17
51 17
51 17
52 16
53 15
54 14
54 14
55 14
56 13
57 13
57 13
58 12
59 12
59 12
59 12
59 12
58 13
58 13
57 14
57 14
56 15
55 15
55 15
54 16
54 17
54 17
53 17
52 16
51 16
50 16
49 15
48 15
47 15
46 15
45 14
44 14
43 14
42 13
41 13
40 13
39 12
38 12
37 12
36 11
35 11
34 11
33 10
32 10
31 10
30 10
29 9
28 9
27 9
26 8
25 8
25 8
25 8
24 7
23 7
23 7
22 6
22 6
22 5
22 5
22 5
22 5
22 6
22 7
22 7
23 8
23 9
24 10
24 10
24 11
24 12
25 13
25 14
25 15
25 16
25 16
26 17
26 18
27 19
27 20
28 21
28 22
28 22
29 23
29 24
30 25
30 26
31 27
31 28
31 28
31 29
32 30
32 31
33 32
33 33
33 34
34 35
34 36
34 36
34 37
35 38
35 39
35 40
36 41
36 42
36 43
37 44
37 45
37 45
37 46
38 47
38 48
39 49
39 50
39 51
40 52
40 53
41 54
41 55
41 55
41 56
42 57
42 58
42 59
43 60
43 61
43 62
43 63
44 64
44 65
44 65
44 66
45 67
45 68
45 69
46 70
46 71
47 72
47 73
47 74
48 75
48 76
48 76
48 77
48 78
49 79
49 80
49 81
49 82
49 83
50 84
50 85
50 86
50 86
51 87
51 88
52 89
52 90
53 91
53 92
53 92
53 93
54 94
54 95
54 96
54 96
54 97
55 98
55 99
55 99
55 100
55 100
55 100
55 100
54 99
54 99
53 98
53 97
53 97
52 96
52 95
51 94
51 94
51 93
50 92
50 91
49 90
49 89
48 88
48 87
47 86
47 85
47 84
46 83
46 82
45 81
45 80
44 79
44 78
43 77
43 76
43 75
42 74
42 73
41 72
41 71
40 70
40 69
39 68
39 67
39 66
38 65
38 64
37 63
37 62
36 61
36 60
36 59
35 58
35 57
34 56
34 55
33 54
33 53
32 52
32 51
32 50
31 49
31 48
30 47
30 46
29 45
29 44
28 43
28 42
28 42
28 41
28 40
27 39
27 38
27 37
27 36
27 36
27 35
27 35
27 35
26 36
26 36
26 37
26 37
26 38
26 39
26 39
26 40
26 41
26 41
26 42
25 43
25 44
25 44
25 45
25 46
25 47
25 47
25 48
25 49
25 50
25 51
25 51
25 52
25 53
25 54
25 55
25 56
25 56
25 57
25 58
25 59
25 60
25 61
25 61
25 62
25 63
25 64
25 65
25 66
25 67
25 68
25 68
25 69
25 70
26 71
26 72
26 73
26 74
26 74
26 75
26 76
26 77
26 78
26 79
26 79
26 80
26 81
26 82
26 82
26 83
26 84
26 85
26 85
26 86
26 87
26 87
26 88
26 89
26 89
26 89
26 90
26 90
27 90
27 90
27 89
27 89
27 88
27 87
27 87
27 86
27 85
27 84
27 84
27 83
27 82
27 81
27 80
27 80
27 79
27 78
26 77
26 76
26 75
26 75
26 74
26 73
26 72
26 71
26 70
26 70
26 69
26 68
26 67
26 66
26 65
26 65
26 64
27 63
27 62
27 61
27 61
27 60
27 59
27 58
27 58
27 57
28 56
28 55
28 55
29 54
29 53
30 52
30 52
30 51
31 50
31 49
31 49
32 48
32 47
33 46
33 46
34 45
35 44
35 44
36 43
36 42
36 42
37 41
38 40
38 40
39 39
40 39
40 39
41 38
42 38
42 38
43 38
44 37
45 37
45 37
46 37
47 37
47 37
48 37
49 37
49 37
50 38
50 39
50 39
51 40
51 40
51 41
51 42
51 42
51 43
51 44
51 45
51 45
51 46
51 47
51 47
51 48
51 49
51 50
51 50
51 51
51 52
51 53
51 53
51 54
51 55
51 56
51 56
51 57
51 58
51 58
51 59
51 59
50 60
50 60
50 61
50 61
50 60
50 59
50 58
50 57
49 56
49 55
49 54
49 53
49 52
49 51
49 50
49 49
49 48
48 47
48 46
48 45
48 44
48 43
48 42
48 41
48 40
48 39
47 38
47 37
47 36
47 35
47 34
47 33
47 32
47 31
47 30
46 29
46 28
46 27
46 26
46 25
46 24
46 23
46 22
46 21
45 20
45 19
45 18
45 17
45 16
45 16
45 16
45 16
45 16
45 16
45 16
45 16
45 16
45 16
46 17
46 18
47 19
47 20
47 20
47 21
48 22
48 23
48 23
48 24
49 25
49 26
49 26
49 27
50 28
50 29
50 30
50 30
50 31
50 32
50 33
50 34
50 34
50 35
51 36
51 37
51 37
52 38
52 38
53 39
53 40
53 40
53 41
53 41
53 42
53 42
53 42
53 43
53 43
53 43
53 43
53 43
53 42
53 42
52 41
52 41
51 40
51 39
51 39
50 38
50 37
50 37
50 36
50 35
50 34
50 34
50 33
49 32
49 31
49 30
49 30
49 29
49 28
48 27
48 26
48 25
48 25
48 24
47 23
47 22
47 21
47 21
47 20
46 19
46 18
46 17
46 17
46 16
46 15
46 14
46 13
46 13
46 12
46 11
46 10
46 9
46 9
46 8
46 7
46 7
46 6
46 5
46 5
47 4
47 3
47 3
47 2
47 2
48 1
48 1
48 0
48 0
49 1
49 1
50 2
50 2
51 3
51 4
51 4
51 5
51 6
52 7
52 8
52 9
52 9
52 10
52 11
53 12
53 13
53 14
53 14
53 15
54 16
54 17
54 18
55 19
55 20
55 20
55 21
56 22
56 23
56 24
56 24
57 25
57 26
58 27
58 28
58 28
58 29
59 30
59 31
59 31
59 32
60 33
60 34
60 34
61 35
61 36
61 36
61 37
61 38
61 38
61 39
61 40
61 41
61 41
61 42
61 43
61 44
61 44
60 45
60 46
60 46
59 47
59 48
59 48
58 49
57 49
57 49
56 50
56 50
55 50
55 50
55 49
54 48
54 47
53 46
53 45
52 44
52 43
52 42
51 41
51 40
50 39
50 38
50 38
50 37
51 36
51 35
51 35
52 34
52 33
52 33
53 32
53 31
53 31
54 30
54 30
55 29
55 29
56 28
56 28
57 28
58 28
58 28
58 28
59 29
59 29
59 30
59 30
60 31
60 31
60 32
60 32
60 32
59 33
59 34
59 34
59 35
59 36
59 37
59 37
59 38
58 39
58 40
58 40
58 41
57 42
57 43
57 44
57 44
57 45
56 46
56 47
56 48
56 48
56 49
56 50
55 51
55 52
55 53
55 53
55 54
54 55
54 56
54 56
54 57
53 58
53 59
53 60
53 60
52 61
52 62
52 62
52 63
51 64
51 65
51 65
50 66
50 67
50 67
49 68
49 68
48 69
48 69
47 69
47 69
47 69
47 68
47 68
47 67
47 66
47 66
47 65
47 64
47 63
47 63
47 62
48 61
48 60
48 59
48 59
48 58
48 57
49 56
49 55
49 54
49 53
49 53
49 52
50 51
50 50
51 49
51 48
51 48
52 47
52 46
53 45
53 44
54 43
54 43
55 42
56 41
56 40
57 39
58 38
58 38
59 37
60 37
61 36
62 36
62 36
63 35
64 35
65 34
66 34
66 34
67 34
68 34
69 33
70 33
71 33
71 33
72 33
73 33
74 32
75 32
76 32
76 32
77 32
78 32
79 32
80 32
81 32
81 32
82 32
83 32
84 32
85 32
85 32
86 33
87 33
88 34
89 34
89 34
90 35
91 35
92 36
92 36
93 37
94 38
95 39
95 39
95 40
96 41
96 42
96 43
97 44
97 45
97 45
97 46
97 47
98 48
98 49
98 50
98 50
98 51
98 52
98 53
99 54
99 55
99 56
99 57
99 57
99 58
99 59
99 60
99 61
99 62
99 62
99 63
98 64
98 65
97 66
97 67
96 68
96 69
95 70
95 71
94 72
94 73
93 74
93 75
93 76
92 77
92 78
91 79
91 80
90 81
90 82
89 83
89 84
88 85
88 86
88 86
87 87
86 88
85 89
85 90
84 91
83 92
82 93
82 93
81 94
80 95
79 95
78 96
78 96
77 96
76 96
75 96
75 96
74 96
73 96
72 96
72 96
71 95
70 94
69 93
69 93
68 92
67 91
66 90
66 90
65 89
65 88
64 87
64 87
63 86
63 85
62 84
62 83
61 82
61 82
60 81
60 80
59 79
59 78
58 77
58 77
58 76
57 75
57 74
57 73
56 72
56 71
56 71
56 70
56 69
56 68
55 67
55 66
55 65
55 64
55 64
55 63
55 62
55 61
54 60
54 59
54 58
54 57
54 57
54 56
54 55
54 54
55 53
55 52
55 51
55 50
55 50
55 49
55 48
56 47
56 46
56 45
56 45
57 44
58 44
58 44
59 43
60 43
60 43
61 43
62 43
62 43
63 44
63 44
63 45
64 46
64 47
64 47
64 48
64 49
64 50
64 51
64 51
64 52
64 53
63 54
63 55
63 56
63 56
63 57
63 58
63 59
63 60
63 61
63 61
63 62
62 63
62 64
62 64
61 65
61 66
60 67
60 67
59 68
59 69
59 69
58 70
58 71
58 71
58 72
58 72
58 72
58 71
58 71
59 70
59 69
59 69
60 68
60 67
61 66
61 65
61 65
62 64
62 63
63 62
63 61
63 61
64 60
65 59
65 58
66 57
66 57
67 56
67 55
68 54
68 53
69 52
69 52
70 51
71 51
72 50
72 50
73 49
74 49
75 48
76 48
76 48
77 48
78 48
78 48
79 48
80 48
80 48
81 49
81 50
81 50
81 51
81 52
81 53
81 53
81 54
81 55
81 56
81 57
81 57
81 58
80 59
80 60
79 61
79 62
79 62
79 63
78 64
78 65
77 66
77 67
77 67
76 68
76 69
75 70
75 71
75 71
74 72
73 73
72 74
72 74
71 75
70 75
69 76
69 76
68 77
68 77
67 76
67 76
67 75
67 74
67 74
67 73
67 72
67 71
67 70
67 70
68 69
68 68
69 67
69 66
69 66
69 65
70 64
70 63
70 62
71 61
71 60
71 60
71 59
72 58
72 57
72 56
73 55
73 54
73 54
74 53
75 52
75 51
76 50
76 50
77 49
78 49
79 48
79 48
80 47
81 47
82 46
82 46
83 46
84 45
85 45
85 45
86 45
87 44
88 44
89 44
89 44
90 44
91 45
92 45
92 45
93 46
94 47
95 48
95 48
96 49
96 50
97 51
97 52
98 53
98 54
98 54
98 55
98 56
98 57
98 58
99 59
99 60
99 61
99 62
99 63
99 63
99 64
99 65
99 66
99 67
99 68
100 69
100 70
100 71
100 72
100 73
100 74
100 75
