2 49
2 49
1 50
0 50
0 50
0 50
0 50
0 50
0 50
1 50
1 50
2 49
3 49
3 49
4 48
5 48
5 48
6 47
7 47
8 46
9 46
9 46
10 45
11 44
12 44
13 43
13 43
14 42
15 42
16 41
17 41
18 40
19 40
19 40
20 39
21 39
22 38
23 38
24 37
25 37
25 37
26 36
27 36
28 35
29 34
30 34
31 33
31 33
32 33
33 32
34 32
35 31
36 31
37 30
38 30
38 30
39 30
40 29
41 29
42 28
43 28
43 28
44 28
45 27
46 27
47 27
47 27
48 27
49 27
50 27
50 27
51 27
51 27
51 28
51 28
51 28
50 27
49 26
49 25
48 24
47 23
46 22
45 21
45 20
44 19
43 18
42 17
41 16
40 15
40 14
39 13
38 12
37 11
36 10
36 9
35 8
34 7
34 7
34 6
34 5
34 4
34 3
34 3
33 2
33 1
33 1
34 1
34 1
34 2
34 2
35 3
35 3
35 4
35 5
36 6
36 7
36 8
36 9
36 9
36 10
36 11
36 12
36 13
36 14
36 15
36 16
36 17
36 18
36 19
36 19
36 20
36 21
36 22
36 23
36 24
36 25
36 26
36 27
36 28
36 29
36 30
36 31
36 32
36 32
36 33
36 34
36 35
36 36
36 37
36 38
36 39
36 40
36 41
36 42
36 43
36 44
36 45
36 46
36 47
36 47
36 48
36 49
36 50
36 51
36 52
36 53
36 54
36 55
36 56
36 57
36 58
36 59
36 59
36 60
36 61
36 62
36 63
36 64
36 65
36 66
36 67
36 68
36 68
36 69
36 70
36 71
35 72
35 73
35 74
35 75
35 76
35 76
35 77
35 78
35 79
35 80
35 81
35 82
35 83
35 83
35 84
35 85
35 86
34 87
34 88
34 89
34 90
34 90
34 91
34 92
34 93
34 94
34 94
34 95
35 96
35 97
35 98
35 98
35 99
35 100
35 100
35 100
35 100
35 99
35 99
35 98
35 97
35 96
35 96
35 95
35 94
34 93
34 92
34 91
34 91
34 90
34 89
34 88
34 87
34 86
34 86
34 85
34 84
34 83
33 82
33 81
33 80
33 79
33 78
33 78
33 77
33 76
33 75
33 74
33 73
33 72
33 71
33 70
33 70
33 69
33 68
33 67
33 66
34 65
34 64
34 63
34 62
34 61
34 61
34 60
34 59
34 58
34 57
34 56
34 55
34 54
34 54
34 53
34 52
34 51
35 50
35 49
35 48
35 47
35 47
35 46
35 45
35 44
35 43
35 42
35 42
35 41
35 40
35 39
35 39
35 39
35 40
35 40
34 41
34 41
34 42
33 43
33 44
33 45
33 45
33 46
32 47
32 48
32 49
31 50
31 51
31 51
31 52
30 53
30 54
30 55
30 56
29 57
29 58
29 58
29 59
29 60
28 61
28 62
28 63
28 64
28 64
27 65
27 66
26 67
26 68
26 68
25 69
25 70
24 71
24 72
24 72
23 73
23 74
23 74
22 75
22 75
22 75
22 74
22 74
23 73
23 72
23 72
24 71
24 70
25 69
25 68
25 68
26 67
26 66
27 65
27 64
28 63
28 63
28 62
29 61
29 60
30 59
30 58
30 58
31 57
32 56
33 55
34 54
34 54
35 53
36 52
37 51
38 50
38 50
39 49
40 48
41 48
42 47
42 47
43 46
44 46
45 45
46 45
46 45
47 45
48 44
49 44
49 44
50 44
51 44
51 44
52 45
53 46
53 46
53 47
53 48
53 49
53 50
53 50
53 51
53 52
53 53
53 54
53 55
53 56
53 57
53 57
53 58
53 59
52 60
52 61
52 62
52 62
51 63
51 64
51 64
51 65
51 65
51 64
51 64
51 63
51 62
51 61
51 60
52 59
52 58
52 57
52 56
52 55
52 54
52 53
52 52
52 51
52 50
53 49
53 48
53 47
53 46
53 45
53 44
53 43
53 42
53 41
54 40
54 39
54 38
54 37
54 36
54 35
54 34
54 33
54 32
55 31
55 30
55 29
55 28
55 27
55 26
55 25
55 24
55 23
55 22
56 21
56 20
56 19
56 18
56 17
56 17
56 16
56 15
56 14
56 14
55 13
54 12
54 12
54 11
54 10
54 9
54 9
55 8
55 8
56 7
56 7
57 6
57 6
58 6
58 6
58 7
59 8
59 9
59 9
59 10
59 11
58 12
58 13
58 14
58 14
58 15
58 16
58 17
57 18
57 19
57 20
57 21
57 21
57 22
57 23
56 24
56 25
56 26
56 26
56 27
56 28
55 29
55 30
55 31
55 31
55 32
55 33
55 34
55 35
55 35
54 36
54 37
54 37
54 38
54 39
54 39
54 40
54 40
54 40
54 40
54 39
55 38
55 37
55 37
55 36
56 35
56 34
56 33
56 33
56 32
56 31
57 30
57 29
57 28
57 27
57 27
57 26
57 25
58 24
58 23
58 22
58 21
58 21
58 20
59 19
59 18
59 17
59 16
60 15
60 14
60 14
60 13
60 12
61 11
61 10
61 9
61 9
61 8
62 7
62 6
62 5
62 5
62 4
62 3
62 3
63 2
63 2
64 1
64 1
65 0
65 0
66 1
66 2
66 2
67 3
67 3
67 4
67 5
67 6
67 7
67 8
67 8
67 9
67 10
67 11
67 12
67 13
67 14
67 15
67 16
67 16
67 17
67 18
67 19
67 20
67 21
67 22
67 23
67 24
67 25
67 25
67 26
67 27
66 28
66 29
66 30
66 31
66 31
66 32
66 33
66 34
66 35
66 36
66 36
66 37
65 38
65 39
65 40
65 40
65 41
64 42
64 43
64 44
64 44
63 45
63 46
63 46
62 47
61 47
61 47
60 48
60 48
59 47
58 47
58 47
57 46
57 46
56 45
56 44
56 44
55 43
55 42
55 42
55 41
55 40
55 39
55 39
55 38
55 37
55 37
55 36
56 35
56 34
56 34
57 33
57 32
57 32
57 31
58 30
58 29
58 29
59 28
60 28
61 27
61 27
62 26
63 26
63 26
64 25
65 25
65 25
66 25
66 25
66 26
66 26
66 27
66 27
65 28
65 29
65 29
64 30
63 31
63 31
63 32
62 33
62 34
62 34
61 35
61 36
60 37
60 37
59 38
58 39
58 39
57 40
57 41
56 42
56 42
55 43
54 43
53 44
53 44
52 45
52 46
51 47
51 47
50 48
49 48
48 49
48 49
47 50
47 51
46 52
46 52
45 53
44 53
44 53
43 54
43 54
43 54
43 54
43 53
43 53
44 53
44 53
45 52
45 51
45 51
46 50
47 50
47 50
48 49
49 48
49 48
50 48
51 47
52 47
52 47
53 47
54 46
55 46
56 46
56 46
57 45
58 45
59 44
60 44
60 44
61 44
62 43
63 43
63 43
64 43
65 43
66 43
66 43
67 43
68 43
68 43
69 43
69 43
70 44
70 45
70 45
69 46
69 46
69 47
68 48
68 49
68 50
68 50
67 51
67 52
66 53
66 53
65 54
64 55
64 56
63 57
63 57
62 58
61 58
60 59
59 59
59 59
58 60
57 61
56 62
56 62
55 63
54 63
53 64
52 64
52 64
51 64
50 65
49 65
48 65
48 65
47 65
46 66
45 66
45 66
44 67
43 67
43 67
42 67
41 67
41 67
40 67
40 67
41 67
41 67
42 66
42 66
43 65
44 65
45 64
45 64
46 63
47 62
48 62
49 61
49 61
50 60
51 59
52 59
53 58
54 57
54 57
55 56
56 56
57 55
58 55
59 54
59 54
60 53
61 53
62 52
63 52
64 51
65 51
65 51
66 51
67 50
68 50
69 50
70 49
71 49
71 49
72 49
73 49
74 48
75 48
76 48
76 48
77 48
78 48
79 47
80 47
81 47
81 47
82 47
83 47
84 47
85 47
85 47
86 47
87 47
88 47
89 47
89 47
90 48
91 48
92 49
92 49
93 50
94 50
95 51
96 51
96 51
96 52
97 53
97 54
98 55
98 56
98 56
98 57
98 58
99 59
99 60
99 61
99 61
99 62
99 63
100 64
100 65
100 66
100 66
100 67
100 68
99 69
99 70
99 71
99 71
99 72
98 73
98 74
98 75
98 75
97 76
97 77
96 78
96 79
96 79
95 80
95 81
94 82
94 83
93 84
93 84
92 85
91 86
90 86
89 87
88 88
88 88
87 89
86 90
85 90
84 91
83 92
83 92
82 93
81 94
80 94
79 95
78 96
78 96
77 97
76 97
75 98
74 98
74 98
73 99
72 99
71 100
70 100
70 100
69 100
68 100
67 100
67 100
66 99
65 99
64 98
64 98
63 97
62 97
61 96
61 96
60 95
59 95
58 94
58 94
57 93
56 92
56 92
56 91
55 90
55 89
55 89
55 88
56 87
56 86
56 85
56 85
56 84
57 83
57 82
57 81
57 81
57 80
57 79
58 78
58 77
58 76
58 76
59 75
59 74
60 73
60 72
61 71
61 70
61 70
62 69
62 68
63 67
63 66
64 65
64 65
64 64
65 63
65 62
66 61
66 60
66 60
67 59
68 59
69 58
69 58
70 58
71 57
72 57
72 57
73 57
74 56
75 56
76 56
76 56
77 56
78 56
79 56
80 56
80 56
81 56
82 56
83 56
84 56
84 56
85 56
86 56
87 56
87 56
88 56
89 57
90 57
90 57
91 58
91 58
91 59
91 59
90 60
90 61
89 62
89 62
88 63
87 64
86 65
86 65
85 66
84 67
83 67
82 68
82 68
81 69
80 70
79 70
78 71
77 72
77 72
76 73
75 73
74 74
73 74
72 75
72 75
71 75
70 76
69 76
68 77
67 77
67 77
66 78
65 78
64 79
63 79
63 79
62 79
61 80
60 80
60 80
59 80
58 80
58 80
58 79
58 79
58 78
58 78
58 77
59 76
59 75
59 75
60 74
61 73
61 73
62 72
63 71
63 71
64 70
65 70
66 69
67 69
67 69
68 68
69 68
70 67
71 67
71 67
72 67
73 67
74 66
75 66
76 66
76 66
77 66
78 65
79 65
80 64
81 64
81 64
82 64
83 63
84 63
85 63
85 63
86 63
87 63
88 63
89 63
89 63
90 64
91 64
91 64
92 65
92 65
92 66
92 67
92 67
91 68
91 69
91 69
91 70
90 71
90 72
90 73
90 73
89 74
88 75
87 76
87 76
86 77
85 77
84 78
84 78
83 79
82 79
81 80
80 80
80 80
79 81
78 82
77 83
77 83
76 83
75 84
74 84
73 85
72 85
72 85
71 85
70 86
69 86
68 86
68 86
67 86
66 87
65 87
64 87
64 87
63 88
62 88
62 88
61 89
60 89
60 89
60 89
61 88
61 88
62 88
62 88
63 88
64 87
65 87
65 87
66 86
67 85
67 85
68 85
69 84
70 84
70 84
71 83
72 83
72 83
72 83
72 84
72 84
71 85
71 86
