8 31
7 32
7 33
6 34
6 34
5 35
5 35
5 35
4 36
4 36
4 37
4 37
3 37
3 37
4 37
4 37
4 37
5 37
6 36
7 36
7 36
8 36
9 35
10 35
11 34
12 34
12 34
13 34
14 33
15 33
16 33
17 32
18 32
18 32
19 31
20 31
21 30
22 30
23 29
24 29
25 28
25 28
26 28
27 27
28 27
29 26
30 26
31 25
32 25
32 25
33 25
34 24
35 24
36 23
37 23
38 22
39 22
39 22
40 21
41 21
42 20
43 20
43 20
44 20
45 20
45 20
46 20
46 20
45 20
45 20
44 21
44 21
43 22
43 22
42 21
42 20
41 19
41 18
40 17
40 16
39 15
39 14
38 13
38 12
38 12
38 12
38 12
37 13
36 13
36 13
36 14
36 15
36 16
36 17
36 17
36 18
35 19
35 20
35 21
35 21
35 22
35 23
35 24
35 25
35 26
35 27
35 27
35 28
35 29
35 30
35 31
35 32
35 33
35 34
35 34
35 35
35 36
35 37
35 38
36 39
36 40
36 41
36 42
36 43
36 43
36 44
36 45
37 46
37 47
37 48
37 49
38 50
38 51
38 52
38 52
38 53
38 54
38 55
38 56
38 57
38 58
38 59
38 60
38 61
38 61
38 62
38 63
37 64
37 65
37 66
37 67
37 67
37 68
37 69
36 70
36 71
36 72
36 72
36 73
36 74
35 75
35 76
35 77
35 77
35 78
34 79
34 80
34 81
34 81
34 82
34 83
34 83
34 84
34 84
34 84
34 83
34 83
34 82
34 81
34 80
34 79
34 78
34 77
34 76
34 75
34 74
34 73
34 72
34 71
34 70
34 69
34 68
34 67
34 66
34 65
34 64
34 63
34 62
34 61
33 60
33 59
33 58
33 57
33 56
33 55
33 54
33 53
33 52
33 51
33 50
33 49
33 48
33 47
33 46
33 45
33 44
33 43
33 42
33 41
33 40
33 39
33 38
33 37
33 37
33 36
33 35
33 34
33 34
32 33
32 33
32 32
32 32
32 32
32 32
31 32
31 32
31 32
31 33
31 33
31 34
31 34
30 35
30 35
29 36
29 37
28 38
28 39
28 39
27 40
27 41
26 42
26 43
25 44
25 44
25 45
24 46
24 47
23 48
23 49
22 50
22 51
22 51
21 52
21 53
20 54
20 55
19 56
19 57
18 58
18 58
17 59
17 60
16 61
16 62
15 63
15 64
14 65
14 66
14 66
13 67
13 68
12 69
11 70
10 71
10 72
9 73
9 73
8 74
7 75
7 76
6 77
6 77
5 78
4 79
3 80
3 80
2 81
1 81
1 81
0 82
0 82
0 81
0 81
0 80
0 80
1 79
1 78
2 77
2 77
3 76
3 75
4 74
4 74
5 73
6 72
6 71
7 70
7 70
8 69
9 68
10 67
11 66
12 65
12 65
13 64
13 63
14 62
15 61
15 60
16 59
16 59
17 58
18 57
19 56
19 55
20 54
21 53
21 53
22 52
23 51
24 50
25 49
26 48
26 48
27 47
28 46
29 46
30 45
31 44
31 44
32 43
33 42
34 41
35 40
35 40
36 40
37 39
38 39
38 39
39 39
40 39
41 39
41 39
42 40
43 40
43 40
44 41
44 41
45 42
45 43
45 43
46 44
46 44
47 45
47 45
47 46
47 46
48 46
48 46
49 47
49 47
49 47
49 46
49 45
50 44
50 43
50 42
50 41
51 40
51 39
51 38
51 37
52 36
52 35
52 34
52 33
52 32
53 31
53 30
53 29
53 28
54 27
54 26
54 25
54 24
55 23
55 22
55 21
55 20
56 19
56 18
56 17
56 16
56 15
57 14
57 13
57 12
57 11
58 10
58 9
58 8
58 7
59 6
59 5
59 4
59 4
58 3
57 3
57 3
56 3
56 3
55 2
55 2
54 1
54 1
54 1
54 1
55 2
55 3
55 3
55 4
56 5
56 6
56 6
56 7
56 8
57 9
57 10
57 11
57 11
57 12
57 13
57 14
57 15
57 16
57 16
57 17
57 18
58 19
58 20
58 21
58 21
58 22
58 23
58 24
58 24
58 25
57 26
57 27
57 27
57 28
57 28
56 29
56 29
56 29
55 29
55 29
54 29
54 29
54 28
54 27
54 27
54 26
54 25
54 25
54 24
55 23
55 22
55 21
55 21
55 20
55 19
56 18
56 17
56 16
56 16
56 15
57 14
57 13
58 12
58 11
58 11
59 10
59 9
60 8
60 7
61 6
61 6
62 5
63 4
64 3
64 3
65 2
66 1
66 1
67 1
68 1
68 1
69 2
69 2
70 3
70 3
70 4
71 5
71 6
71 6
71 7
71 8
71 9
71 10
71 10
71 11
72 12
72 13
72 14
72 14
72 15
71 16
71 17
71 18
71 18
71 19
71 20
71 21
71 22
71 22
71 23
70 24
70 25
69 26
69 27
69 27
68 28
68 29
67 30
67 30
66 31
66 32
65 33
65 33
64 34
63 35
62 36
62 36
61 37
60 37
59 38
59 38
58 39
57 39
57 39
56 39
55 39
55 39
55 39
55 38
55 37
55 37
55 36
56 35
56 34
56 34
57 33
57 32
58 31
58 31
59 30
60 29
61 28
61 28
62 27
63 26
64 25
64 25
65 24
66 23
66 23
67 22
68 22
68 22
69 22
69 22
70 22
70 22
70 22
69 23
69 24
68 25
67 26
67 27
66 28
65 29
65 30
64 31
63 32
63 33
62 34
61 35
61 36
60 37
60 38
59 39
58 40
58 41
57 42
56 43
56 44
55 45
54 46
54 47
53 48
52 49
52 50
51 51
51 51
50 52
50 53
49 54
49 55
49 55
48 55
48 55
47 54
47 54
47 54
48 53
49 53
49 53
50 52
51 52
51 52
52 51
53 50
54 50
55 49
55 49
56 48
57 48
58 47
59 47
59 47
60 46
61 46
62 45
63 45
63 45
64 45
65 44
66 44
67 44
67 44
68 43
69 43
69 43
70 43
71 43
72 43
72 43
73 43
73 43
74 43
74 43
74 43
73 44
72 45
72 45
71 46
71 47
71 47
70 48
69 49
68 50
68 50
67 51
67 52
66 53
66 54
66 54
66 55
65 56
65 57
65 58
64 59
64 60
64 60
63 61
63 62
62 63
62 64
61 65
61 65
60 66
59 67
59 68
58 69
58 69
57 70
57 71
56 72
56 73
55 74
55 74
54 75
53 76
53 76
52 77
51 77
50 78
50 78
49 79
48 80
48 80
47 80
47 80
47 79
47 79
48 78
49 78
49 78
50 77
51 76
51 76
52 75
53 74
54 74
55 73
55 73
56 72
57 71
58 71
59 70
59 70
60 69
61 69
62 68
63 68
64 67
64 67
65 66
66 65
67 65
68 64
68 64
69 63
70 63
71 62
72 62
73 61
74 61
74 61
75 61
76 60
77 60
78 60
79 60
80 59
81 59
81 59
82 59
83 59
84 58
85 58
86 58
87 58
87 58
88 58
89 58
90 58
91 58
91 58
92 58
93 59
94 59
95 59
95 59
96 60
97 60
98 61
98 61
99 62
99 63
99 63
99 64
100 65
100 66
100 66
100 67
99 68
99 69
99 70
99 70
99 71
98 72
98 73
98 74
98 74
97 75
97 76
96 77
96 78
95 79
95 79
94 80
93 81
93 82
92 83
92 83
91 84
90 85
89 86
88 87
87 88
87 88
86 89
85 90
84 91
83 92
82 93
82 93
81 94
80 94
79 95
78 95
77 96
76 96
76 96
75 97
74 98
73 98
72 99
72 99
71 99
70 100
69 100
68 100
68 100
67 100
66 100
65 100
65 100
64 99
64 99
63 98
63 97
63 97
63 96
63 95
63 95
64 94
64 93
64 93
64 92
64 91
64 90
64 89
65 88
65 87
65 86
65 85
65 84
65 83
65 82
65 81
65 80
65 79
66 78
66 77
66 76
66 75
66 74
66 73
66 73
66 73
67 72
67 71
67 71
67 71
67 71
66 71
66 71
65 72
65 72
64 73
63 73
63 73
62 74
61 74
60 75
60 75
59 76
58 77
57 77
56 78
56 78
55 79
54 80
53 81
53 81
52 81
51 82
50 82
50 82
49 82
48 82
48 82
48 82
49 81
49 81
50 80
51 80
52 79
52 79
53 78
54 78
55 77
56 77
57 76
57 76
58 75
59 75
60 74
61 74
62 73
63 73
63 73
64 73
65 72
66 72
67 71
68 71
68 71
69 71
70 71
71 70
72 70
73 70
74 70
74 70
75 70
76 71
77 71
78 71
78 71
79 72
80 72
80 72
81 73
81 73
80 74
80 75
80 75
79 76
79 77
78 78
78 78
77 79
76 80
75 81
75 81
74 82
73 82
72 83
71 83
70 84
70 84
69 84
68 85
67 85
66 86
65 86
65 86
64 87
63 88
62 88
61 89
61 89
60 89
59 90
58 90
57 90
57 90
56 90
55 90
54 90
54 90
53 90
53 90
53 90
54 89
55 89
55 89
56 88
57 88
58 87
58 87
59 87
60 86
61 86
62 86
62 86
63 86
64 85
65 85
66 85
66 85
67 85
68 84
69 84
69 84
70 84
70 84
69 85
68 86
68 86
67 87
66 88
65 89
65 89
64 90
63 90
62 91
61 91
60 92
59 92
59 92
58 93
57 93
56 94
55 95
54 95
53 96
53 96
52 97
51 97
50 98
49 98
48 99
47 99
46 100
