3 28
2 29
2 29
1 30
1 30
1 30
0 31
0 32
0 32
0 33
0 33
0 34
0 34
1 33
1 33
2 32
3 32
3 32
4 32
5 31
6 31
7 30
8 30
8 30
9 29
10 29
11 28
12 28
13 27
14 27
14 27
15 27
16 26
17 26
18 25
19 25
20 24
21 24
21 24
22 23
23 23
24 22
25 22
26 21
27 21
28 20
28 20
29 20
30 19
31 19
32 19
33 19
34 18
35 18
35 18
36 18
37 17
38 17
39 17
39 17
40 16
41 16
41 16
42 16
42 16
41 16
41 16
40 16
40 16
39 16
38 16
38 16
37 16
36 16
36 16
35 16
34 15
33 15
32 15
31 15
30 14
29 14
29 14
29 13
29 12
29 11
29 11
29 10
29 9
29 9
29 8
29 8
29 7
29 7
30 7
30 7
30 8
30 8
30 9
30 10
30 10
30 11
30 12
30 13
30 13
30 14
30 15
30 16
30 17
30 18
30 18
30 19
30 20
30 21
30 22
30 23
30 24
30 24
30 25
30 26
30 27
30 28
30 29
30 30
30 31
30 31
30 32
30 33
30 34
30 35
30 36
30 37
30 38
30 39
30 39
30 40
30 41
30 42
29 43
29 44
29 45
29 46
29 46
29 47
29 48
29 49
29 50
29 51
29 52
29 53
29 53
29 54
29 55
28 56
28 57
28 58
28 58
28 59
28 60
28 61
28 62
28 62
28 63
28 64
28 65
28 66
28 66
28 67
28 68
28 68
28 69
28 69
28 69
29 69
29 69
29 68
29 68
29 67
29 66
29 65
29 64
29 63
29 62
29 61
29 60
29 59
29 58
28 57
28 56
28 55
28 54
28 53
28 52
28 51
28 50
28 49
28 48
28 47
28 46
28 45
28 44
28 43
28 42
28 41
28 40
28 39
28 38
28 37
27 36
27 35
27 34
27 33
27 32
27 31
27 30
27 29
27 28
27 27
27 26
27 26
28 25
29 24
29 24
29 23
29 23
28 23
28 23
27 24
27 24
26 25
26 25
25 26
25 27
24 28
24 29
24 29
23 30
23 31
22 32
22 33
22 33
22 34
21 35
21 36
20 37
20 38
20 38
19 39
19 40
18 41
18 42
17 43
17 44
17 44
17 45
16 46
16 47
16 48
15 49
15 50
15 50
14 51
13 52
13 53
12 54
11 55
11 55
10 56
10 57
9 58
9 59
9 59
8 60
8 61
7 62
7 62
6 63
6 63
6 63
7 62
7 62
8 61
8 60
8 60
9 59
9 58
10 57
10 57
11 56
11 55
12 54
12 53
13 52
13 51
14 50
14 49
15 48
15 47
16 46
16 45
17 44
17 43
18 42
18 41
19 40
19 39
19 39
19 38
20 37
20 36
21 35
21 34
21 33
22 32
22 31
22 31
22 30
23 29
23 28
23 28
24 28
25 28
25 28
26 28
26 28
27 29
27 29
28 30
29 31
29 31
30 32
31 33
31 33
32 34
33 34
33 34
34 35
35 36
35 36
36 37
37 37
37 37
38 37
38 37
38 37
38 37
38 36
38 35
38 34
38 33
39 32
39 31
39 30
39 29
39 28
39 27
39 26
39 25
40 24
40 23
40 22
40 21
40 20
40 19
40 18
40 17
40 16
41 15
41 14
41 13
41 12
41 11
41 10
41 9
41 8
42 7
42 6
42 5
42 4
42 3
42 3
42 3
41 3
41 3
41 2
41 2
42 3
42 3
43 4
44 4
44 4
44 5
45 6
45 7
45 7
46 8
46 9
47 10
47 10
47 11
48 12
48 13
48 13
48 14
48 15
48 16
48 16
48 17
48 18
48 19
48 19
47 20
47 21
47 21
46 22
46 23
46 23
46 24
46 25
46 25
45 25
45 25
45 26
45 26
45 25
45 25
45 24
45 24
45 23
45 22
45 21
45 21
45 20
46 19
46 18
46 18
46 17
47 16
47 15
47 14
47 14
47 13
48 12
48 11
49 10
49 9
49 9
50 8
50 7
51 6
51 5
51 5
52 4
53 4
54 3
54 3
55 2
56 1
56 1
57 0
58 0
58 0
59 0
60 0
60 0
61 1
62 1
62 1
63 2
64 2
64 2
65 3
66 3
66 3
67 4
67 5
67 5
67 6
68 7
68 8
68 8
68 9
68 10
68 11
68 12
68 12
68 13
68 14
67 15
67 16
67 17
67 17
67 18
66 19
66 20
65 21
65 22
65 22
64 23
64 24
63 25
63 26
63 26
62 27
61 28
60 29
60 29
59 30
58 31
57 32
57 32
56 33
55 34
54 35
54 35
53 36
53 37
52 38
52 38
51 39
50 39
50 39
49 39
48 39
48 39
47 38
47 38
46 37
46 36
46 36
46 35
46 34
46 33
46 33
47 32
47 31
47 31
48 30
49 29
49 29
50 28
50 27
50 27
51 26
52 25
52 25
53 24
54 23
54 23
55 22
56 22
57 21
57 21
58 21
59 20
60 20
60 20
61 19
62 19
63 18
64 18
64 18
65 17
66 16
66 16
67 15
67 15
66 15
66 15
65 16
65 16
64 17
63 18
63 18
62 19
62 20
61 21
61 22
60 23
60 24
59 25
59 26
58 27
58 28
57 29
57 30
56 31
56 32
55 33
55 34
54 35
54 36
53 37
53 38
52 39
52 40
52 40
51 41
50 41
49 42
49 42
48 43
48 43
47 43
47 43
46 43
46 43
45 43
45 43
46 42
46 42
47 41
47 41
48 40
49 40
49 40
50 39
51 39
52 38
52 38
53 38
54 37
55 37
55 37
56 37
57 36
58 36
59 36
59 36
60 36
61 35
62 35
63 35
63 35
64 35
65 34
66 34
67 34
67 34
68 33
69 33
69 33
70 33
71 33
71 33
72 33
72 33
72 33
71 34
71 35
71 35
70 36
69 36
68 37
68 37
67 38
67 39
66 40
66 40
65 41
64 42
63 43
62 44
62 44
61 45
60 46
60 47
59 48
59 48
58 49
57 50
57 51
56 52
56 52
55 53
54 54
54 55
53 56
53 56
52 57
51 58
50 59
50 59
49 60
48 61
48 62
47 63
47 63
46 64
45 64
44 65
44 65
43 66
42 66
41 67
40 67
40 67
39 68
38 68
38 68
37 68
37 68
38 68
38 68
39 67
40 66
40 66
41 65
42 64
43 63
43 63
44 62
45 62
46 61
47 61
48 60
48 60
49 59
50 59
51 58
52 57
53 57
54 56
54 56
55 56
56 55
57 55
58 54
59 54
60 53
61 53
61 53
62 53
63 52
64 52
65 51
66 51
67 50
68 50
68 50
69 50
70 49
71 49
72 49
73 48
74 48
74 48
75 48
76 48
77 48
78 48
79 48
80 48
81 48
81 48
82 48
83 48
84 48
85 48
86 48
86 48
87 48
88 48
89 49
90 49
91 49
91 49
92 50
93 51
94 51
95 52
95 52
96 53
97 53
98 54
98 54
98 55
99 56
99 57
99 58
99 58
99 59
100 60
100 61
100 61
100 62
99 63
99 64
99 65
99 65
98 66
98 67
97 68
97 69
97 69
96 70
96 71
95 72
95 73
95 73
94 74
93 75
92 76
91 77
91 77
90 78
89 79
88 79
87 80
86 81
86 81
85 82
84 82
83 83
82 83
81 84
81 84
80 85
79 86
78 86
77 87
76 88
76 88
75 88
74 89
73 89
72 90
71 90
71 90
70 90
69 90
68 90
67 90
66 90
66 90
65 90
64 90
63 90
62 90
61 90
61 90
60 89
59 89
58 88
58 88
57 87
56 87
56 87
55 86
55 85
55 85
55 84
56 83
56 82
57 81
57 80
57 79
58 78
58 77
59 76
59 75
60 74
60 73
60 72
61 71
61 70
62 69
62 68
62 67
63 66
63 65
64 64
64 63
65 62
65 61
65 60
66 59
66 58
67 57
67 56
67 56
67 56
66 56
66 56
65 56
65 56
64 57
64 57
63 58
63 58
62 59
62 60
62 60
61 61
60 61
59 62
59 62
58 63
57 63
56 64
56 64
55 65
54 66
53 67
53 67
52 68
51 68
50 69
49 69
49 69
48 70
47 71
46 71
45 72
45 72
44 73
43 74
43 74
42 74
42 74
42 74
43 73
44 73
44 73
45 72
46 71
47 71
48 70
48 70
49 69
50 69
51 68
52 68
53 67
53 67
54 66
55 66
56 65
57 65
58 64
59 64
59 64
60 64
61 63
62 63
63 63
64 62
65 62
65 62
66 62
67 61
68 61
69 61
70 60
71 60
71 60
72 59
73 59
74 58
75 58
75 58
76 58
77 58
78 58
78 58
79 58
80 58
81 58
81 58
81 59
81 59
81 60
81 60
80 61
79 62
79 62
78 63
77 64
76 65
76 65
75 66
74 67
73 68
73 68
72 69
71 70
70 70
69 71
69 71
68 72
67 72
66 73
65 73
64 74
64 74
63 75
62 75
61 76
60 76
59 77
59 77
58 77
57 78
56 78
55 79
54 79
54 79
53 80
52 80
51 81
51 81
50 81
49 81
48 81
48 81
47 81
47 81
47 81
48 80
48 79
48 79
49 78
50 78
50 78
51 77
52 77
53 76
54 76
54 76
55 76
56 75
57 75
58 74
59 74
59 74
60 74
61 74
62 73
63 73
64 73
64 73
65 73
66 73
67 72
68 72
69 72
70 72
70 72
71 72
72 72
73 71
74 71
75 71
75 71
76 71
77 70
78 70
79 70
79 70
80 70
81 70
82 70
82 70
82 71
82 71
82 72
82 72
81 73
80 74
80 74
79 75
78 76
77 76
76 77
76 77
75 78
74 78
73 79
72 79
71 80
70 80
70 80
69 81
68 81
67 82
66 83
65 83
64 84
64 84
63 85
62 85
61 86
60 87
59 87
58 88
58 88
57 89
56 89
55 90
54 90
53 91
52 91
51 92
51 92
50 93
49 93
48 94
47 95
46 95
45 96
45 96
44 97
43 97
42 98
41 98
40 99
40 99
39 99
38 99
37 100
36 100
35 100
