39 52
39 52
39 52
39 52
39 52
39 52
39 52
39 52
39 52
39 52
39 53
38 54
38 55
38 55
37 56
37 56
36 57
35 57
35 57
34 57
33 57
33 57
32 57
31 57
31 57
30 57
29 56
28 56
27 56
27 56
26 56
25 55
24 55
23 55
23 55
22 54
21 54
20 53
19 53
18 52
18 52
17 51
16 50
15 49
14 48
14 48
13 47
13 46
12 45
11 44
11 43
10 42
10 42
9 41
9 40
8 39
8 38
7 37
7 36
6 35
6 35
6 34
5 33
5 32
5 31
5 30
4 29
4 28
4 28
3 27
3 26
2 25
2 24
1 23
1 23
1 22
1 21
0 20
0 19
0 18
0 18
0 17
0 16
0 15
0 14
0 14
0 13
0 12
0 11
0 11
1 10
1 9
2 8
2 7
2 7
3 6
4 5
5 5
6 4
6 4
7 3
8 2
9 1
9 1
10 1
11 1
12 0
13 0
14 0
14 0
15 0
16 0
17 0
18 0
19 0
20 0
20 0
21 0
22 1
23 1
24 1
25 2
26 2
26 2
27 3
28 3
29 4
30 5
31 5
32 6
32 6
33 7
34 8
35 9
36 10
37 11
37 11
38 12
38 13
39 14
39 15
40 16
40 17
41 18
41 19
42 20
42 20
42 21
43 22
43 23
44 24
44 25
45 26
45 27
45 28
46 29
46 30
47 31
47 32
47 32
47 33
48 34
48 35
48 36
48 37
49 38
49 39
49 40
49 41
50 42
50 43
50 44
50 44
50 45
50 46
51 47
51 48
51 49
51 50
51 51
51 52
52 53
52 54
52 55
52 55
52 56
52 57
52 58
52 59
52 60
53 61
53 62
53 63
53 64
53 65
53 66
53 66
53 67
53 68
53 69
53 70
53 71
53 72
53 73
53 74
53 75
53 75
53 76
53 77
53 78
53 79
53 80
53 81
53 82
53 83
53 83
53 84
52 85
52 86
52 87
52 88
51 89
51 90
51 90
51 91
50 92
50 93
49 94
49 95
49 95
48 96
48 97
47 98
47 98
46 99
45 99
44 100
43 100
43 100
42 100
41 100
40 100
40 100
39 100
38 99
37 99
36 99
36 99
35 98
34 97
33 96
33 96
32 95
31 94
31 93
30 92
29 91
29 91
28 90
28 89
27 88
27 87
26 86
26 86
26 85
25 84
25 83
24 82
24 81
24 81
24 80
23 79
23 78
22 77
22 76
22 76
22 75
22 74
22 73
22 72
22 71
22 71
22 70
22 69
22 68
22 67
22 66
22 66
22 65
22 64
23 63
23 62
23 61
23 60
23 60
24 59
24 58
25 57
25 56
26 55
26 54
26 54
26 53
27 52
27 51
28 50
28 49
29 48
29 47
29 47
30 46
31 45
32 44
32 43
33 42
34 41
34 41
35 40
36 39
37 38
38 37
38 37
39 37
40 36
41 36
41 36
42 36
43 37
44 37
44 37
45 38
45 39
46 40
46 40
46 41
47 42
47 43
47 43
47 44
48 45
48 46
48 46
48 47
48 48
48 49
48 49
49 49
50 48
51 48
52 47
53 47
54 47
55 46
56 46
56 46
56 46
56 46
56 46
56 46
56 45
55 44
55 43
55 43
54 43
54 43
53 44
53 44
52 45
52 45
51 46
51 46
50 47
50 48
50 48
50 49
49 50
49 51
49 52
49 52
49 53
48 54
48 55
48 55
48 56
48 57
48 58
48 58
48 59
48 60
48 60
48 61
48 62
48 62
49 62
49 62
50 62
51 62
51 62
52 61
53 60
53 60
54 59
55 58
55 58
56 57
57 56
57 56
58 55
58 54
58 54
59 53
59 53
60 52
60 52
60 52
59 51
59 51
58 50
58 49
58 49
57 48
57 48
56 47
55 47
55 47
54 47
54 47
53 48
53 48
52 49
52 49
52 49
52 50
52 50
52 50
53 50
54 49
55 49
56 48
57 48
58 47
59 47
60 46
61 46
62 45
63 45
64 44
65 44
65 44
65 45
65 46
65 47
65 47
65 48
65 48
64 49
64 49
64 48
64 48
65 49
65 49
65 50
65 50
64 51
64 52
64 52
64 53
64 54
64 55
64 55
64 56
64 57
64 57
63 58
63 59
63 59
63 60
63 61
63 61
63 61
63 61
63 61
63 61
63 60
63 60
63 59
63 58
63 58
63 57
64 56
64 55
64 55
64 54
65 53
65 52
65 52
65 51
66 50
66 49
66 49
67 48
67 47
68 46
68 46
69 45
69 44
69 44
70 43
70 43
70 43
71 44
71 45
71 45
71 46
71 47
71 47
71 48
71 49
71 50
71 51
71 51
71 52
71 53
71 54
71 55
71 55
71 56
72 57
72 58
72 58
72 59
72 60
72 61
72 61
72 62
72 63
72 63
72 63
72 63
72 62
72 61
72 61
72 60
72 59
72 58
73 57
73 56
73 55
73 54
73 53
73 53
73 53
73 53
73 53
73 53
74 52
75 52
75 52
76 52
76 52
77 51
77 51
78 51
78 51
79 50
79 50
80 49
80 49
81 48
81 48
82 47
82 47
82 46
82 46
83 45
83 45
82 44
82 44
82 43
82 43
81 43
81 43
80 43
80 43
79 44
78 44
78 44
77 45
77 45
76 46
76 47
76 47
76 48
75 49
75 50
75 50
74 51
74 52
74 52
73 53
73 54
73 54
73 55
73 56
73 57
73 57
73 58
73 59
73 59
74 60
74 60
74 61
74 62
74 62
75 62
75 62
76 62
76 62
77 62
78 62
78 62
79 61
79 61
80 61
80 61
81 60
82 60
82 60
83 59
83 59
84 58
84 58
85 57
85 56
86 55
86 54
87 53
87 52
88 51
89 50
89 49
90 48
90 47
91 46
91 45
92 44
92 43
93 42
93 42
93 42
93 42
93 41
92 40
92 39
92 39
91 39
91 39
90 39
90 39
89 39
88 39
88 39
87 39
87 39
86 39
86 39
85 40
84 40
84 40
83 41
83 41
82 42
82 43
82 43
82 44
82 44
82 45
81 46
81 47
81 47
81 48
81 49
81 50
81 50
82 51
82 51
83 52
84 53
84 53
85 53
86 53
86 53
87 53
88 53
89 53
90 53
90 53
91 53
92 54
93 54
93 54
94 54
95 55
96 55
96 55
97 56
97 57
98 58
98 58
98 59
99 60
99 61
99 62
99 62
99 63
100 64
100 65
100 66
100 66
100 67
99 68
99 69
99 70
99 70
98 71
98 72
97 73
97 74
97 74
96 75
95 76
95 77
94 78
94 78
93 79
92 80
91 81
91 81
90 82
89 82
88 83
87 83
87 83
86 83
85 83
84 83
83 83
83 83
82 83
81 83
80 83
79 83
79 83
78 82
77 82
76 81
75 81
75 81
74 80
73 80
72 79
72 79
71 78
71 77
70 76
70 76
70 75
69 74
69 73
