30 42
30 42
30 42
30 42
30 42
30 43
29 44
29 45
29 45
28 45
28 45
27 46
27 46
26 47
25 47
25 47
24 48
23 48
23 48
22 48
21 48
20 48
20 48
19 48
18 48
17 48
17 48
16 48
15 47
14 47
13 47
13 47
12 46
11 45
10 45
9 44
9 44
8 43
7 42
7 41
6 40
6 40
5 39
5 38
4 37
4 36
3 35
3 34
3 34
3 33
2 32
2 31
1 30
1 29
1 29
1 28
1 27
0 26
0 25
0 24
0 24
0 23
0 22
0 21
0 21
0 20
0 19
0 18
0 17
0 17
0 16
1 15
1 14
1 14
2 13
2 12
3 11
3 10
3 10
4 9
5 8
6 7
6 7
7 6
8 5
9 4
10 3
10 3
11 3
12 2
13 2
14 1
15 1
15 1
16 1
17 1
18 0
19 0
20 0
20 0
21 0
22 1
23 1
24 1
25 2
26 2
26 2
27 3
28 4
29 5
30 6
31 7
31 7
32 8
32 9
33 10
34 11
35 12
35 13
36 14
36 14
37 15
37 16
38 17
39 18
40 19
40 20
41 21
41 21
42 22
42 23
43 24
43 25
44 26
44 27
45 28
45 28
46 29
46 30
47 31
47 32
48 33
48 33
48 34
49 35
49 36
50 37
50 38
51 39
51 40
51 40
51 41
51 42
51 43
52 44
52 45
52 46
52 47
52 47
52 48
52 49
52 50
52 51
52 52
52 53
52 54
52 55
52 55
52 56
51 57
51 58
51 59
51 60
50 61
50 62
50 63
50 63
50 64
49 65
49 66
49 67
48 68
48 69
48 70
48 71
47 72
47 73
47 73
46 74
46 75
45 76
45 77
44 78
44 79
43 80
43 81
43 81
42 82
42 83
41 84
40 85
40 86
39 87
39 88
38 89
38 89
37 90
37 91
36 92
35 93
34 94
34 95
33 96
33 96
32 97
31 97
30 98
29 98
28 99
28 99
27 99
26 99
25 100
24 100
23 100
23 100
22 100
21 100
20 99
19 99
18 99
18 99
17 98
16 97
16 96
15 95
14 94
14 94
13 93
13 92
12 91
12 90
11 89
11 88
11 88
11 87
11 86
10 85
10 84
10 83
10 82
10 82
10 81
10 80
10 79
10 78
10 77
10 76
10 76
10 75
10 74
11 73
11 72
11 71
11 70
12 69
12 68
12 67
12 67
12 66
13 65
13 64
14 63
14 62
14 61
15 60
15 59
16 58
16 57
16 57
17 56
17 55
18 54
18 53
19 52
20 51
20 50
21 49
21 48
22 47
22 47
23 46
24 45
24 44
25 43
26 42
27 41
27 40
28 39
29 38
29 38
30 37
31 36
32 35
33 34
33 33
34 32
35 31
36 30
36 30
37 29
38 28
39 27
40 27
41 26
42 25
43 24
43 24
44 24
45 23
46 23
47 22
48 22
48 22
49 22
50 22
51 22
51 22
52 23
52 24
52 24
53 24
54 25
55 25
56 25
57 26
58 26
59 26
60 27
61 27
61 27
61 27
60 27
59 27
59 27
58 27
58 27
57 26
57 26
57 26
57 26
56 25
56 25
55 26
55 26
54 27
54 28
54 28
53 29
53 30
53 30
53 31
52 32
52 33
52 34
52 34
52 35
51 36
51 37
51 38
51 38
51 39
51 40
51 41
51 42
51 42
51 43
51 44
51 45
51 45
52 46
52 47
52 47
53 48
53 48
54 47
55 47
55 47
56 46
57 46
57 46
58 45
59 44
60 43
60 43
61 42
61 41
62 40
62 39
62 39
63 38
63 37
64 36
64 36
64 35
64 34
64 34
65 33
65 32
65 32
64 31
64 31
63 31
63 31
62 31
61 31
61 31
60 32
59 32
59 32
58 33
57 33
57 33
56 34
55 34
55 34
54 35
54 35
53 35
53 35
53 35
54 34
55 34
56 33
57 33
58 32
59 31
60 31
61 30
62 30
63 29
64 29
65 28
65 28
65 28
65 29
65 30
65 31
65 31
64 32
64 33
64 33
65 34
65 34
65 35
65 35
65 36
65 37
65 38
65 38
65 39
65 40
65 40
65 41
65 42
65 42
65 43
65 44
65 44
64 45
64 45
64 46
64 46
64 46
63 45
63 45
63 45
64 44
64 43
64 43
64 42
64 41
64 40
64 40
65 39
66 38
66 38
66 37
67 36
67 35
67 35
67 34
68 33
68 32
68 32
69 31
69 30
69 30
70 29
70 29
71 29
71 29
72 30
72 30
73 31
73 32
73 32
73 33
73 34
73 35
73 36
73 36
73 37
73 38
73 39
73 40
73 40
73 41
73 42
73 42
73 43
73 44
73 44
73 45
73 45
74 45
74 45
74 44
74 44
74 43
74 42
74 41
74 40
74 39
74 38
74 37
74 36
74 35
74 35
74 36
73 37
73 38
73 38
72 39
72 39
72 39
72 39
73 39
74 39
74 39
75 38
75 38
76 37
76 36
76 36
77 35
78 35
78 35
79 34
79 34
79 33
79 33
80 33
80 33
81 32
81 32
81 31
81 31
81 30
81 30
80 29
80 29
80 28
80 28
79 28
79 28
78 28
77 28
77 28
76 29
76 29
76 30
75 31
75 32
75 32
74 33
73 34
73 34
73 35
72 36
72 37
72 37
72 38
72 39
72 40
72 40
71 41
71 42
71 42
71 43
71 44
71 44
72 45
72 45
73 46
73 46
74 47
74 48
74 48
75 49
75 49
76 49
77 49
77 49
78 48
79 48
79 48
80 47
80 46
80 46
81 45
82 44
82 44
83 43
83 42
83 42
84 41
84 40
84 40
85 39
85 38
86 37
87 36
87 35
88 34
89 33
89 32
90 31
90 31
90 31
90 31
90 31
90 30
90 29
90 28
90 28
89 28
89 28
88 27
88 27
87 27
87 27
86 28
85 28
85 28
84 29
83 29
83 29
82 30
81 30
81 30
80 31
79 32
79 32
78 33
77 34
77 34
76 35
76 36
76 36
76 37
76 38
76 38
76 39
76 39
77 40
77 40
78 41
79 41
79 41
80 41
81 41
81 41
82 41
83 40
84 40
84 40
85 40
86 40
87 40
87 40
88 40
89 40
90 40
90 40
91 41
92 41
93 42
93 42
94 43
95 44
96 45
96 45
96 46
97 47
97 48
98 49
98 50
98 50
98 51
99 52
99 53
99 54
99 54
99 55
99 56
100 57
100 58
100 59
100 59
100 60
100 61
99 62
99 63
99 64
99 64
99 65
98 66
98 67
97 68
97 69
97 69
96 70
95 71
95 72
94 73
94 73
93 74
92 75
91 75
90 76
90 76
89 77
88 77
87 78
86 78
85 79
85 79
84 79
83 79
82 80
81 80
80 80
79 80
79 80
78 80
77 80
76 80
75 80
74 80
74 80
73 80
72 80
71 80
70 80
69 80
69 80
68 79
67 79
66 78
65 78
65 78
64 77
63 77
62 76
62 76
61 75
60 74
60 74
59 73
59 72
59 72
59 71
60 70
60 69
60 69
61 68
62 67
62 66
63 65
63 65
64 64
65 63
65 62
66 61
