29 55
29 55
29 55
29 55
29 55
29 55
29 55
29 55
29 56
29 56
29 56
29 56
29 56
29 56
29 56
29 56
29 56
29 56
29 56
29 56
29 56
29 56
29 56
29 56
28 57
28 58
27 59
27 59
26 58
26 58
25 57
24 57
24 57
23 56
22 55
22 55
21 54
20 54
19 53
19 53
18 52
17 51
16 50
16 50
15 49
14 48
13 48
12 47
12 47
11 46
11 45
10 44
10 43
9 42
9 42
8 41
8 40
7 39
6 38
6 37
5 36
5 36
5 35
4 34
4 33
3 32
3 31
3 31
3 30
2 29
2 28
1 27
1 26
1 26
1 25
1 24
0 23
0 22
0 21
0 21
0 20
0 19
0 18
0 17
0 17
0 16
1 15
1 14
1 13
1 13
1 12
2 11
2 10
3 9
3 8
3 8
4 7
5 6
6 5
6 5
7 4
8 4
9 3
10 3
10 3
11 2
12 2
13 1
14 1
14 1
15 1
16 1
17 0
18 0
19 0
19 0
20 0
21 1
22 1
23 1
24 2
25 2
25 2
26 3
27 3
28 4
29 5
30 5
31 6
31 6
32 7
33 8
34 9
35 10
36 11
37 12
37 12
38 13
38 14
39 15
39 16
40 17
40 18
41 19
41 20
42 21
42 21
42 22
43 23
43 24
44 25
44 26
45 27
45 28
46 29
46 30
47 31
47 32
47 32
47 33
48 34
48 35
48 36
48 37
49 38
49 39
49 40
49 41
50 42
50 43
50 44
50 44
50 45
51 46
51 47
51 48
52 49
52 50
52 51
52 52
53 53
53 54
53 54
53 55
53 56
53 57
54 58
54 59
54 60
54 61
54 62
54 62
54 63
54 64
54 65
54 66
54 67
54 68
54 69
54 70
54 70
54 71
54 72
54 73
53 74
53 75
53 76
53 77
53 78
53 78
53 79
52 80
52 81
52 82
52 83
51 84
51 85
51 85
51 86
50 87
50 88
49 89
49 90
48 91
48 92
48 92
47 93
46 94
46 95
45 96
45 96
44 97
43 98
42 98
41 99
41 99
40 99
39 100
38 100
37 100
37 100
36 100
35 100
34 100
33 100
33 100
32 100
31 99
30 99
29 99
29 99
28 98
27 97
26 97
25 96
25 96
24 95
23 94
22 93
21 92
21 92
21 91
20 90
20 89
19 88
19 87
19 87
19 86
18 85
18 84
17 83
17 82
17 82
17 81
17 80
16 79
16 78
16 77
16 77
16 76
16 75
16 74
16 73
16 72
16 72
16 71
17 70
17 69
17 68
17 68
17 67
17 66
18 65
18 64
18 63
18 62
18 62
19 61
19 60
20 59
20 58
21 57
21 56
21 56
22 55
23 54
24 53
24 52
25 51
26 50
26 50
27 49
28 48
29 47
30 46
31 45
31 45
32 44
33 44
34 43
35 43
36 42
36 42
37 42
38 41
39 41
40 40
41 40
41 40
42 40
43 39
44 39
45 39
45 39
46 39
47 39
48 39
48 39
49 39
50 39
51 39
51 39
52 40
53 40
53 40
54 41
54 41
55 42
55 42
56 43
57 43
57 43
57 43
57 43
57 43
57 43
57 42
57 41
57 40
57 40
56 40
56 40
55 40
55 40
54 41
54 41
53 42
53 42
52 43
52 44
52 44
51 45
51 46
51 46
51 47
51 48
51 48
50 49
50 50
50 50
50 51
50 52
50 53
50 53
50 54
49 55
49 56
49 56
50 57
50 58
50 58
51 59
51 60
51 60
52 60
53 60
53 60
54 59
55 59
55 59
56 58
57 57
57 57
57 56
58 55
58 54
58 54
59 53
59 52
59 52
60 51
60 50
60 50
60 49
60 48
60 48
60 47
60 46
60 46
59 45
59 45
58 44
58 44
57 44
57 44
56 44
55 44
55 44
54 45
54 45
53 46
52 46
52 46
52 47
52 47
51 47
51 47
51 47
51 47
52 47
53 46
54 46
55 46
56 46
57 45
58 45
59 45
60 45
61 44
62 44
62 44
63 44
64 44
64 44
64 44
64 44
64 44
64 45
64 45
64 46
64 47
64 47
64 48
64 49
64 49
64 50
64 51
64 52
64 52
63 53
63 54
63 54
63 55
63 55
63 56
63 56
63 56
63 56
63 56
63 55
63 55
63 54
63 53
63 53
63 52
63 51
63 51
64 50
64 49
64 49
64 48
65 47
65 46
65 46
66 45
66 44
66 44
67 43
67 43
68 43
68 43
69 43
69 43
69 44
69 44
70 45
70 45
70 46
70 47
70 47
70 48
71 49
71 50
71 50
71 51
71 52
71 52
71 53
71 54
71 54
71 55
71 56
71 56
71 57
71 57
71 57
70 58
70 58
70 58
70 58
70 57
71 56
71 55
71 54
71 53
72 52
72 51
72 50
72 49
73 48
73 47
73 46
73 46
73 46
73 47
72 48
72 49
72 50
72 50
72 50
72 50
72 49
72 49
73 49
73 49
74 48
74 48
75 48
75 48
76 47
76 47
77 46
77 46
78 46
78 46
79 45
79 45
80 44
80 43
80 43
81 42
81 42
81 41
81 41
80 41
80 41
80 40
80 40
79 40
79 40
78 41
78 41
77 42
76 43
76 43
75 44
75 44
74 45
74 46
74 46
73 47
73 47
72 48
72 49
72 49
72 50
72 51
72 51
72 52
72 53
72 53
72 54
72 55
72 56
72 56
72 57
72 58
72 58
73 59
73 60
73 60
74 61
74 61
75 61
76 61
76 61
77 60
77 60
78 60
78 60
79 59
79 59
80 59
80 59
81 58
81 58
82 58
82 58
83 58
83 58
84 57
84 56
85 55
85 54
86 53
87 52
87 51
88 50
89 49
89 48
90 47
90 46
91 45
92 44
92 43
93 42
93 41
94 40
94 40
94 40
93 39
92 39
92 39
91 38
91 38
90 38
90 38
89 38
89 38
88 38
88 38
87 38
87 38
86 39
85 39
85 39
84 40
84 40
83 41
83 42
83 42
82 43
82 43
82 44
82 45
82 45
82 46
82 46
82 47
82 47
83 48
83 48
84 49
85 49
85 49
86 49
87 49
88 49
88 49
89 49
90 49
90 49
91 49
92 49
93 49
93 49
94 49
95 50
96 50
96 50
96 51
97 52
97 53
97 53
98 54
98 55
99 56
99 56
99 57
99 58
100 59
100 60
100 61
100 61
100 62
100 63
100 64
100 65
100 65
100 66
99 67
99 68
99 68
98 69
98 70
97 71
97 71
96 72
96 73
95 74
95 74
94 75
93 75
92 76
91 76
91 76
90 76
89 77
88 77
87 77
87 77
86 77
85 77
84 78
83 78
82 78
82 78
81 78
80 78
79 78
78 78
77 78
77 78
76 78
75 78
74 78
73 78
73 78
72 78
71 77
70 77
69 77
69 77
68 76
67 75
67 75
67 74
67 73
67 72
