24 49
24 49
24 49
24 49
24 50
24 51
24 51
24 52
24 52
24 52
23 53
23 53
22 53
22 53
21 54
21 54
20 54
19 54
19 54
18 54
17 53
16 53
16 53
15 52
14 51
14 51
13 50
12 50
11 49
11 49
10 48
9 47
9 46
8 45
8 45
7 44
7 43
6 42
6 41
5 40
5 40
4 39
4 38
3 37
3 36
3 36
2 35
1 34
1 33
0 32
0 32
0 31
0 30
0 29
0 28
0 28
0 27
0 26
0 25
0 24
0 24
0 23
1 22
1 21
1 20
1 20
2 19
2 18
3 17
3 16
3 16
4 15
5 14
5 13
6 12
6 12
7 11
8 10
8 9
9 8
10 7
10 7
11 6
12 6
13 5
14 5
15 4
15 4
16 3
17 3
18 2
19 2
20 1
21 1
21 1
22 1
23 1
24 0
25 0
26 0
27 0
27 0
28 1
29 1
30 2
31 2
32 3
33 3
34 4
34 4
35 5
36 6
37 7
38 8
39 9
40 10
40 10
41 11
41 12
42 13
42 14
43 15
43 16
44 17
44 18
45 19
45 20
45 20
45 21
46 22
46 23
46 24
47 25
47 26
48 27
48 28
48 29
49 30
49 31
49 31
49 32
49 33
50 34
50 35
50 36
50 37
50 38
50 39
51 40
51 41
51 42
51 43
51 43
51 44
51 45
51 46
51 47
51 48
52 49
52 50
52 51
52 52
52 53
52 54
52 54
52 55
52 56
52 57
52 58
52 59
52 60
52 61
52 62
52 63
52 64
52 65
52 65
52 66
52 67
52 68
52 69
51 70
51 71
51 72
51 73
51 74
51 74
51 75
50 76
50 77
50 78
50 79
49 80
49 81
49 82
49 82
49 83
48 84
48 85
47 86
47 87
46 88
46 89
46 89
45 90
45 91
44 92
43 93
43 94
42 95
42 95
41 96
40 97
39 97
38 98
37 99
37 99
36 99
35 99
34 100
33 100
32 100
32 100
31 100
30 100
29 100
28 100
27 100
27 100
26 99
25 98
24 98
23 97
23 97
22 96
21 95
21 94
20 93
19 92
19 92
18 91
18 90
17 89
17 88
16 87
16 87
16 86
16 85
16 84
16 83
15 82
15 81
15 80
15 79
15 78
15 78
15 77
15 76
15 75
15 74
15 73
15 72
15 71
15 70
15 70
15 69
16 68
16 67
16 66
16 65
17 64
17 63
17 62
17 62
17 61
18 60
18 59
19 58
19 57
19 56
20 55
20 54
20 54
21 53
21 52
22 51
23 50
24 49
24 48
25 47
25 47
26 46
27 45
27 44
28 43
29 42
29 42
30 42
31 41
32 41
33 40
34 40
34 40
35 40
36 40
37 39
38 39
39 39
39 39
40 39
41 39
42 39
42 39
43 39
44 40
45 40
45 40
46 40
47 40
48 40
49 40
50 40
51 39
52 39
53 39
54 39
55 39
56 39
57 39
57 39
56 40
56 40
55 41
55 41
54 41
54 41
54 41
54 41
54 41
54 41
54 40
54 40
54 40
53 41
53 41
52 42
52 43
52 43
51 44
51 45
51 45
50 46
50 47
50 47
50 48
49 49
49 50
49 50
49 51
49 51
49 52
49 52
50 53
50 54
50 54
51 55
51 55
52 55
53 55
53 55
54 54
55 54
55 54
56 53
57 53
57 53
58 52
59 51
59 51
60 50
60 49
60 49
61 48
61 47
61 47
61 46
61 45
61 45
60 44
60 43
60 43
59 42
59 41
59 41
58 40
58 40
57 39
56 39
56 39
55 40
54 40
54 40
53 41
52 41
52 41
51 42
51 42
50 43
50 44
50 44
50 44
50 44
51 44
51 44
52 44
53 43
54 43
55 43
56 43
57 42
58 42
59 42
60 41
61 41
62 41
63 41
64 40
65 40
65 40
66 41
66 42
66 42
65 43
65 43
65 44
65 44
65 44
65 45
65 45
66 46
66 46
66 47
66 47
66 48
66 49
66 49
66 50
66 51
66 51
65 52
65 52
65 53
65 53
65 54
65 54
64 54
64 54
64 54
64 54
64 54
65 54
65 54
65 53
65 52
65 52
65 51
66 50
66 49
66 49
66 48
67 47
67 46
67 45
67 45
67 44
68 43
68 42
68 42
69 41
69 40
69 40
70 39
70 39
70 39
71 39
71 39
71 40
71 41
71 41
71 42
71 43
71 43
71 44
72 45
72 46
72 46
72 47
72 48
72 49
72 49
72 50
72 51
72 52
72 52
72 53
72 54
72 54
73 55
73 55
73 56
73 56
74 56
74 56
74 56
74 55
74 54
74 53
74 52
75 51
75 50
75 49
75 48
75 47
75 46
75 46
75 47
75 48
75 49
75 49
74 49
74 49
74 49
74 49
75 49
75 49
76 49
76 49
76 48
76 48
77 48
77 48
78 48
78 48
78 47
78 46
78 46
79 45
79 45
80 44
80 44
81 43
81 42
81 42
81 41
81 41
81 40
81 40
81 39
81 39
81 39
81 38
81 38
80 38
80 38
79 39
78 39
78 39
77 40
77 41
77 41
77 42
76 43
76 44
76 44
75 45
74 46
74 46
74 47
73 48
73 49
73 49
73 50
73 51
73 51
73 52
73 52
74 53
74 53
75 54
75 54
76 54
76 54
77 54
78 54
78 54
79 53
79 53
80 52
81 52
81 52
82 51
83 50
83 50
84 49
84 49
85 48
86 47
87 46
88 45
88 44
89 43
90 42
91 41
92 40
92 40
92 40
92 40
92 39
92 38
92 38
92 37
92 37
91 36
91 36
91 35
91 35
90 35
90 35
89 36
88 36
88 36
87 37
87 37
86 38
85 38
85 38
84 39
83 39
83 39
82 40
82 41
82 41
82 42
82 42
81 43
81 43
81 44
81 44
82 45
82 46
82 46
83 46
84 46
84 46
85 46
86 46
86 46
87 46
88 46
88 46
89 46
90 46
91 46
91 46
92 47
93 47
94 48
94 48
95 49
96 49
96 49
97 50
97 51
98 52
98 52
98 53
99 54
99 55
99 55
99 56
100 57
100 58
100 59
100 59
100 60
99 61
99 62
99 63
99 63
98 64
98 65
97 66
97 67
97 67
96 68
95 69
94 70
94 70
93 71
92 72
91 73
91 73
90 73
89 73
88 74
87 74
86 74
86 74
85 74
84 74
83 74
83 74
82 74
81 73
80 73
79 73
79 73
78 72
77 72
77 72
76 71
76 70
75 69
75 69
75 68
74 67
74 66
