28 41
28 41
28 41
27 41
27 41
27 41
27 41
27 41
27 41
27 41
27 41
27 41
27 41
27 41
27 42
27 42
27 42
27 42
27 42
27 42
27 42
27 42
27 42
27 42
26 42
26 42
25 41
25 41
24 41
24 41
23 41
22 41
22 41
21 40
20 40
20 40
19 39
19 38
19 38
18 37
17 37
17 37
16 36
15 35
15 35
14 34
13 33
13 33
12 32
12 32
11 31
10 31
10 31
9 30
9 30
8 29
7 29
7 29
6 28
6 28
5 27
5 27
4 26
3 25
3 25
2 24
2 23
2 23
2 22
2 21
2 21
1 20
1 19
1 19
1 18
1 17
1 16
1 16
1 15
2 14
2 13
2 13
3 12
3 11
3 11
4 10
4 9
5 8
5 8
6 7
6 6
7 5
7 5
8 4
9 3
9 3
10 3
11 2
12 2
12 2
13 2
14 1
15 1
15 1
16 0
17 0
17 0
18 0
19 1
20 1
20 1
21 1
22 2
23 2
23 2
24 2
25 3
26 3
26 3
27 4
28 5
28 5
29 6
30 6
31 7
31 7
32 8
33 9
33 10
34 11
34 11
35 12
35 13
36 14
36 14
37 15
37 16
38 17
38 18
39 19
39 19
39 20
40 21
40 22
41 23
41 24
41 24
41 25
42 26
42 27
43 28
43 29
43 29
43 30
43 31
44 32
44 33
44 34
44 35
44 35
44 36
44 37
45 38
45 39
45 40
45 40
45 41
45 42
46 43
46 44
46 45
46 46
46 46
46 47
46 48
46 49
46 50
46 51
46 52
46 52
46 53
46 54
45 55
45 56
45 57
45 57
45 58
45 59
44 60
44 61
44 62
44 63
44 63
44 64
44 65
43 66
43 67
43 68
43 68
43 69
42 70
42 71
41 72
41 73
41 73
41 74
40 75
40 76
39 77
39 78
39 78
38 79
38 80
37 81
37 82
36 83
36 83
35 84
34 85
34 86
33 87
33 87
32 88
31 89
30 90
30 90
29 91
28 92
27 93
26 94
26 94
25 95
24 96
23 96
22 97
22 97
21 98
20 98
19 99
19 99
18 99
17 100
16 100
15 100
15 100
14 100
13 100
12 100
11 100
11 100
10 100
9 100
8 100
7 100
7 100
6 100
5 99
4 99
4 99
3 98
3 97
2 96
2 96
2 95
1 94
1 93
1 93
1 92
0 91
0 90
0 89
0 89
0 88
0 87
0 86
0 85
0 84
0 84
0 83
0 82
1 81
1 80
1 79
1 79
1 78
2 77
2 76
2 75
3 74
3 73
3 73
3 72
4 71
4 70
5 69
5 68
6 67
6 66
6 66
6 65
7 64
7 63
8 62
8 61
9 60
9 59
9 59
10 58
11 57
12 56
13 55
14 54
14 54
15 53
15 52
16 51
17 50
17 49
18 48
18 48
19 47
20 46
21 45
21 44
22 43
23 42
23 42
24 41
25 40
26 39
27 38
27 38
28 37
29 36
30 35
31 34
31 34
32 33
33 32
34 32
35 31
36 30
36 30
37 29
38 29
39 28
39 28
40 27
41 26
42 25
42 25
43 24
44 24
44 24
45 23
46 22
46 22
46 22
47 21
47 21
47 21
47 21
47 21
47 21
47 22
47 23
46 24
46 25
46 26
46 26
46 26
46 26
46 26
46 26
46 26
47 25
48 24
48 24
48 24
48 24
48 24
48 25
48 25
47 26
47 26
47 27
47 28
47 29
47 29
47 30
46 31
46 32
46 32
46 33
46 34
45 35
45 36
45 37
45 37
45 38
44 39
44 40
44 40
44 41
44 42
44 43
44 43
44 44
44 45
44 45
44 46
44 46
45 46
45 46
45 46
46 45
46 45
47 44
47 43
47 43
48 42
48 41
49 40
49 40
49 39
50 38
50 37
50 36
50 36
50 35
51 34
51 33
51 33
51 32
51 31
51 30
51 29
51 29
51 28
52 27
52 26
52 26
52 25
52 24
52 24
53 23
53 23
53 22
53 22
54 22
54 22
54 22
54 22
55 23
55 23
56 24
56 24
57 25
58 25
58 25
59 26
59 27
59 27
60 28
60 28
61 29
61 30
61 30
62 31
62 32
62 32
62 33
61 34
61 35
61 35
61 36
60 37
60 38
60 38
59 39
59 40
59 40
58 41
58 42
58 42
57 43
57 44
57 44
57 45
57 45
57 44
57 44
56 44
56 44
56 43
56 42
56 41
56 41
56 40
57 39
57 38
57 38
57 37
57 36
57 35
57 34
57 34
57 33
58 32
58 31
58 30
58 30
59 29
59 28
59 28
60 27
60 26
60 26
60 25
60 24
60 24
61 23
61 23
62 22
62 22
62 21
62 21
63 21
63 21
63 21
64 22
64 22
64 23
64 24
64 24
63 25
63 26
63 26
63 27
63 28
63 28
63 29
63 30
63 31
63 31
62 32
62 33
62 33
62 34
62 34
62 35
62 36
62 36
63 36
63 36
63 36
63 36
63 36
63 35
63 35
63 34
63 34
63 33
63 32
63 32
64 31
64 30
64 30
64 29
64 28
64 27
64 27
65 26
65 25
65 25
65 24
65 23
65 23
66 22
66 22
66 21
66 21
66 21
66 21
66 21
66 21
66 21
66 21
67 21
67 21
67 21
67 21
68 21
68 21
68 21
68 22
68 22
69 22
69 22
69 23
69 23
69 24
69 24
68 25
68 26
68 26
68 27
68 28
68 28
68 29
68 30
68 30
68 31
68 32
68 32
68 33
68 34
68 34
68 35
68 35
68 36
68 36
69 36
69 36
69 37
69 37
70 37
70 37
70 37
71 37
71 37
72 36
72 36
73 36
73 36
74 36
74 36
75 35
75 35
75 34
75 34
76 33
76 33
77 32
77 32
78 31
78 30
78 30
78 29
78 28
78 28
78 27
79 26
79 25
79 25
79 24
79 23
79 23
79 22
79 21
79 21
79 20
79 19
79 19
79 19
78 19
78 19
78 19
77 19
77 19
77 19
77 20
77 20
77 20
76 21
76 21
76 22
76 22
76 23
76 23
76 24
76 24
75 25
75 26
75 26
75 27
75 28
75 28
74 29
74 30
74 30
74 31
74 32
74 32
74 33
74 33
75 33
75 33
75 33
76 33
76 33
77 32
78 31
78 30
79 29
80 28
81 27
81 26
82 25
83 24
84 23
84 22
85 21
86 20
87 19
87 18
88 17
89 16
90 15
90 14
91 13
92 12
92 12
93 11
94 10
94 9
95 8
95 8
95 7
94 6
94 5
94 5
95 5
95 5
95 5
94 5
94 5
93 6
93 6
92 7
92 7
91 8
90 8
89 9
89 9
88 10
88 11
87 12
87 12
86 13
86 14
86 14
85 15
84 16
84 16
84 17
84 18
84 18
85 19
85 19
86 20
86 20
87 20
88 20
88 20
89 20
90 21
91 21
91 21
92 21
93 21
94 21
94 21
95 22
96 23
96 23
97 24
98 24
98 24
99 25
99 26
100 27
100 27
100 28
99 29
99 30
99 30
98 31
98 32
97 33
97 34
97 34
96 35
96 36
95 37
95 38
94 39
94 39
93 40
92 41
91 42
90 43
90 43
89 44
88 45
88 46
87 47
87 47
86 48
85 49
85 49
84 50
84 50
84 50
85 49
85 49
85 48
86 47
86 46
