24 48
24 48
24 48
24 48
24 48
23 47
22 47
22 47
21 47
20 47
20 47
19 47
19 47
18 48
17 48
17 48
16 47
16 47
15 46
14 46
14 46
13 45
12 44
12 44
12 43
11 42
11 41
11 40
11 40
11 39
10 38
10 37
9 36
9 35
9 35
9 34
9 33
8 32
8 31
8 30
8 30
8 29
8 28
8 27
8 26
8 26
8 25
8 24
8 23
8 22
8 22
8 21
9 20
9 19
9 18
9 18
9 17
10 16
10 15
10 14
10 14
11 13
11 12
12 11
12 10
12 10
13 9
13 8
14 7
14 6
15 5
15 5
16 4
17 3
18 2
18 2
19 2
20 1
21 1
22 1
22 1
23 1
24 0
25 0
26 0
26 0
27 0
28 1
29 1
30 1
30 1
31 2
32 2
33 3
34 3
34 3
35 4
36 4
37 5
38 5
39 6
39 6
40 7
41 8
42 9
43 10
43 10
44 11
44 12
45 13
45 14
46 15
46 16
46 16
46 17
47 18
47 19
47 20
47 21
48 22
48 23
48 23
48 24
48 25
48 26
49 27
49 28
49 29
49 30
49 31
49 31
49 32
49 33
49 34
49 35
50 36
50 37
50 38
50 39
50 40
50 41
50 41
50 42
50 43
50 44
50 45
49 46
49 47
49 48
49 49
49 50
49 51
49 51
49 52
49 53
48 54
48 55
48 56
48 57
48 58
47 59
47 60
47 61
47 61
47 62
47 63
46 64
46 65
46 66
46 67
45 68
45 69
45 70
45 70
45 71
44 72
44 73
44 74
43 75
43 76
43 77
42 78
42 79
42 79
41 80
41 81
40 82
40 83
39 84
39 85
39 85
38 86
37 87
36 88
36 89
35 90
34 91
34 91
33 92
32 93
31 94
30 95
30 95
29 95
28 96
27 96
26 97
25 97
25 97
24 97
23 98
22 98
21 98
20 99
19 99
19 99
18 99
17 99
16 100
15 100
14 100
14 100
13 100
12 100
11 100
10 100
9 100
9 100
8 100
7 100
6 99
5 99
4 99
4 99
3 98
2 97
2 97
2 96
1 95
1 94
0 93
0 92
0 92
0 91
0 90
0 89
0 88
0 87
0 87
0 86
0 85
1 84
1 83
1 82
1 81
1 81
2 80
2 79
3 78
3 77
4 76
4 76
5 75
5 74
6 73
7 72
7 71
8 70
8 70
9 69
10 68
11 68
12 67
13 66
13 66
14 65
15 65
16 64
17 64
18 63
19 63
20 62
20 62
21 61
22 61
23 60
24 60
25 59
26 59
27 58
27 58
28 57
29 57
30 56
31 56
32 55
33 55
34 54
35 54
35 54
36 53
37 53
38 52
39 52
40 51
41 51
42 50
42 50
43 49
44 49
45 48
46 48
47 47
47 47
48 46
49 46
50 45
50 45
51 45
52 45
52 45
53 46
53 46
53 47
52 48
52 49
52 49
52 50
51 51
51 52
51 52
52 51
53 50
54 49
55 48
56 47
57 46
58 45
58 45
57 46
57 46
56 46
56 46
56 47
56 47
56 48
56 48
55 48
55 48
55 49
55 49
55 50
55 50
55 51
55 52
55 53
55 53
55 54
55 55
55 56
55 56
55 57
55 58
55 59
55 59
55 60
56 61
56 62
56 62
57 63
57 63
58 63
58 63
59 62
59 62
60 61
61 60
61 60
61 59
61 58
61 57
61 57
62 56
62 55
62 55
61 54
61 53
61 53
60 52
60 51
60 51
59 50
59 50
58 50
57 50
57 50
56 50
55 50
55 50
54 51
54 51
53 52
53 52
53 52
53 52
54 52
54 52
55 52
55 52
56 52
57 52
58 52
59 51
60 51
61 51
62 51
62 51
63 51
63 51
63 51
63 51
64 52
64 52
64 53
64 53
64 54
64 55
64 55
64 56
64 57
64 58
64 58
65 59
65 60
65 60
65 61
65 62
65 62
64 63
64 63
64 64
64 65
64 65
64 65
64 64
64 64
64 64
65 63
65 62
65 62
65 61
65 60
65 60
66 59
66 58
66 58
67 57
67 56
67 56
67 55
67 54
67 54
68 53
68 53
69 52
69 52
70 52
70 52
71 53
71 53
72 54
72 54
72 55
72 56
72 57
72 57
72 58
72 59
72 59
72 60
72 61
72 62
72 62
72 63
72 64
72 65
72 65
72 66
72 67
72 67
72 68
72 68
72 68
72 68
72 68
73 67
73 67
73 66
74 65
74 64
75 63
75 62
76 61
76 60
77 59
77 58
77 58
77 58
77 58
77 58
77 58
78 58
78 58
79 58
79 58
80 58
80 58
81 58
81 58
82 57
82 57
83 56
84 56
84 56
85 55
85 54
85 54
85 53
85 53
85 52
85 51
85 51
85 50
85 50
84 49
84 49
83 49
83 49
82 50
81 50
81 50
80 51
80 51
79 52
79 53
79 53
78 54
78 55
78 55
78 56
77 57
77 58
77 58
77 59
77 60
77 60
77 61
78 62
78 63
78 63
78 64
79 65
79 66
79 66
80 67
80 68
80 68
81 69
81 69
82 70
82 70
83 70
84 70
84 70
85 69
85 69
86 68
86 68
87 67
88 66
89 65
90 64
91 63
92 62
92 61
93 60
94 59
95 58
96 57
97 56
97 56
97 56
97 56
97 55
97 54
97 54
97 53
97 53
97 52
97 51
97 51
97 50
97 50
97 49
97 49
97 48
97 48
96 47
96 47
96 47
95 48
95 48
94 48
94 48
93 49
93 49
92 50
92 50
92 51
92 52
92 52
91 53
91 53
91 54
91 55
91 55
91 56
91 56
91 57
91 58
91 58
92 59
92 60
92 60
93 61
93 62
93 62
94 63
94 64
94 64
95 65
96 66
96 66
97 67
97 68
97 68
98 69
98 70
98 70
98 71
99 72
99 73
99 73
99 74
100 75
100 76
100 76
100 77
99 78
99 79
99 80
99 80
99 81
98 82
98 83
98 83
97 84
97 85
96 86
96 86
95 87
95 88
94 89
94 89
93 90
92 91
92 91
91 92
90 92
89 93
89 93
88 93
87 94
86 94
86 94
85 94
84 95
83 95
83 95
82 95
81 96
80 96
79 96
79 96
78 96
77 97
76 97
75 97
75 97
74 97
73 97
72 97
71 97
71 97
70 97
69 97
68 97
67 97
67 97
66 97
65 97
64 97
64 97
63 97
62 96
61 96
61 96
60 95
59 95
59 95
58 94
58 94
57 93
56 92
56 92
56 91
56 90
56 90
56 89
56 89
57 88
57 87
57 87
58 86
59 85
