36 48
36 48
36 48
36 48
36 48
36 48
36 48
36 48
36 48
36 48
36 48
36 48
36 48
35 49
35 50
34 51
34 51
33 51
33 51
32 51
31 51
31 51
30 51
29 51
28 51
28 51
27 50
26 49
26 49
25 48
24 48
23 47
23 47
22 46
21 45
20 44
19 43
19 43
18 42
17 41
17 40
16 39
16 39
15 38
14 37
13 36
12 35
12 35
11 34
10 33
9 32
9 32
8 31
7 30
6 30
5 29
5 29
4 28
4 27
3 26
3 26
2 25
1 24
0 23
0 23
0 22
0 21
0 20
0 19
0 19
0 18
0 17
0 16
0 15
0 15
0 14
0 13
1 12
1 11
1 10
1 10
2 9
2 8
3 7
3 7
4 6
5 5
6 5
7 4
7 4
8 3
9 3
10 2
11 2
12 1
12 1
13 1
14 1
15 0
16 0
17 0
17 0
18 0
19 1
20 1
21 1
22 1
23 2
24 2
24 2
25 2
26 3
27 3
28 3
29 3
30 4
31 4
31 4
32 5
33 6
34 7
35 7
36 8
37 9
37 9
38 10
39 11
40 12
41 13
42 14
43 15
43 15
44 16
44 17
45 18
45 19
46 20
46 21
47 22
47 22
47 23
48 24
48 25
48 26
49 27
49 28
49 29
50 30
50 31
50 31
50 32
50 33
51 34
51 35
51 36
51 37
51 38
52 39
52 40
52 41
52 41
52 42
52 43
52 44
52 45
52 46
52 47
52 48
52 49
52 50
52 51
52 51
52 52
52 53
52 54
52 55
52 56
52 57
52 58
52 59
52 60
52 60
52 60
52 61
51 62
51 63
51 64
50 65
50 66
50 67
49 68
49 69
48 70
48 71
48 72
47 73
47 74
47 75
46 76
46 77
46 77
45 78
45 79
44 80
43 81
43 82
42 83
42 84
41 85
41 85
40 86
40 87
39 88
38 89
37 90
37 91
36 92
36 92
35 93
34 94
33 95
32 95
31 96
30 97
30 97
29 98
28 99
27 99
26 100
26 100
25 100
24 100
23 100
22 100
21 100
21 100
20 99
19 98
18 98
17 97
17 97
16 96
16 95
15 94
15 93
14 92
14 92
14 91
13 90
13 89
13 88
12 87
12 86
12 86
12 85
11 84
11 83
11 82
10 81
10 80
10 80
10 79
10 78
11 77
11 76
11 75
11 75
11 74
12 73
12 72
12 71
12 70
13 69
13 68
13 68
13 67
14 66
14 65
15 64
15 63
15 62
16 61
16 60
16 60
17 59
17 58
18 57
19 56
19 55
20 54
21 53
21 52
22 51
22 51
23 50
24 49
25 48
26 47
27 46
28 45
29 44
29 44
30 43
31 42
32 41
33 41
34 40
35 39
36 38
36 38
37 37
38 37
39 36
40 36
41 35
42 35
43 34
43 34
44 34
45 34
46 34
47 34
48 34
48 34
49 34
50 35
51 35
52 35
52 35
52 35
53 36
53 37
54 38
54 39
55 40
55 41
55 41
56 41
57 41
58 40
59 40
60 40
61 40
61 40
60 41
60 41
59 41
58 41
58 41
57 41
57 41
56 42
56 42
55 42
55 42
54 43
54 43
53 44
53 44
52 45
52 46
52 46
52 47
52 47
52 48
51 49
51 50
51 50
51 51
50 52
50 53
50 53
50 54
50 55
50 56
50 56
50 57
50 58
50 58
51 59
51 59
52 59
53 59
53 59
54 58
55 58
55 58
56 57
57 56
57 56
58 55
58 54
59 53
59 53
60 52
60 51
61 50
61 50
62 49
63 48
63 48
63 47
63 46
63 45
63 45
63 44
63 44
63 43
63 42
63 42
62 41
62 41
61 41
61 41
60 41
59 41
59 41
58 41
57 41
57 41
56 42
56 42
55 43
55 43
54 43
54 43
54 43
55 43
55 43
56 43
57 43
58 42
59 42
60 42
61 42
62 42
63 41
64 41
65 41
65 41
66 41
66 41
66 41
66 42
66 42
66 42
66 43
66 43
66 44
66 45
66 45
66 46
66 47
66 47
65 48
65 49
65 49
65 50
64 51
64 52
64 52
64 53
64 53
64 54
64 55
64 55
64 56
64 56
64 56
64 56
64 55
64 55
65 54
65 53
65 53
65 52
66 51
66 50
66 50
66 49
67 48
67 47
67 47
68 46
68 45
68 45
69 44
69 43
69 43
70 42
70 42
70 41
70 41
71 41
71 41
71 41
71 42
71 43
71 43
71 44
71 45
71 46
71 46
71 47
71 48
71 49
71 49
71 50
71 51
71 52
71 53
71 53
71 54
71 55
71 56
71 56
71 57
71 58
71 58
71 58
71 58
71 57
71 57
71 56
72 55
72 54
72 53
73 52
73 51
74 50
74 49
74 48
75 47
75 46
75 46
75 46
75 46
74 47
74 47
74 47
75 47
75 47
75 46
75 46
76 46
76 46
77 46
77 46
78 45
78 45
79 44
79 44
80 43
80 43
81 43
81 43
82 42
82 42
83 41
83 41
83 40
83 40
82 39
82 39
82 38
82 38
81 38
81 38
80 38
79 38
79 38
78 39
78 39
77 40
76 40
76 40
75 41
75 42
75 42
74 43
74 44
74 44
74 45
74 46
74 46
74 47
74 48
74 48
74 49
74 50
74 50
75 51
75 52
75 52
76 53
76 54
76 54
77 55
77 56
77 56
78 56
79 56
79 56
80 56
80 56
81 56
81 56
82 55
82 55
83 54
83 54
84 53
84 53
85 52
85 51
86 50
87 49
87 48
88 47
88 46
89 45
90 44
90 43
91 42
92 41
92 40
93 39
93 38
94 37
94 37
94 37
93 36
92 36
92 36
91 35
91 35
91 34
91 34
90 34
90 34
89 34
89 34
88 34
88 34
87 35
87 35
86 36
86 36
86 37
86 37
85 38
85 39
85 39
85 40
85 41
85 41
84 42
84 43
84 43
85 44
85 44
86 45
86 46
86 46
87 47
87 47
88 47
89 47
89 47
90 48
90 48
91 49
92 50
92 50
93 51
94 52
94 52
95 53
95 54
95 54
96 55
96 56
97 57
97 57
98 58
98 59
99 60
99 60
99 61
100 62
100 63
100 63
100 63
100 64
100 65
99 66
99 67
99 68
99 68
99 69
98 70
98 71
98 71
97 72
96 73
96 73
95 74
94 74
93 75
93 75
92 75
91 76
90 76
90 76
89 76
88 77
87 77
86 77
86 77
85 77
84 77
83 77
82 77
82 77
81 77
80 77
79 77
78 77
77 77
77 77
76 77
75 76
74 76
73 76
73 76
72 76
71 75
70 75
69 75
69 75
68 74
67 74
66 73
66 73
65 72
65 71
65 71
64 70
64 69
64 69
65 68
65 67
65 67
66 66
66 65
67 64
67 64
67 64
68 63
69 62
70 62
71 61
71 61
72 61
73 61
