29 46
29 46
29 46
29 46
29 46
29 46
29 46
29 46
29 46
29 46
29 46
29 46
29 46
29 46
28 47
28 48
28 48
27 48
27 48
26 49
26 49
25 50
25 50
24 49
23 49
23 49
22 49
21 49
20 49
20 49
19 48
18 47
18 47
17 46
16 46
15 45
15 45
14 44
13 43
12 42
12 42
11 41
10 40
10 39
9 38
9 38
8 37
7 36
6 35
6 35
6 34
5 33
5 32
4 31
4 30
4 30
4 29
3 28
3 27
2 26
2 25
2 25
2 24
1 23
1 22
0 21
0 20
0 20
0 19
0 18
0 17
0 16
0 15
0 15
0 14
0 13
0 12
0 12
0 11
1 10
1 9
1 8
1 8
2 7
2 6
3 5
3 4
3 4
4 3
5 3
6 2
6 2
7 2
8 1
9 1
10 0
11 0
11 0
12 0
13 0
14 1
15 1
16 1
16 1
17 2
18 3
19 3
20 4
21 5
21 5
22 6
23 7
24 8
25 9
26 10
27 11
27 11
28 12
28 13
29 14
29 15
30 16
30 17
31 18
31 19
32 20
32 20
33 21
33 22
34 23
34 24
35 25
35 26
36 27
36 28
37 29
37 30
37 30
37 31
38 32
38 33
39 34
39 35
40 36
40 37
41 38
41 39
42 40
42 41
42 41
42 42
43 43
43 44
43 45
44 46
44 47
44 48
45 49
45 50
45 50
45 51
45 52
45 53
46 54
46 55
46 56
46 57
46 58
46 58
46 59
46 60
46 61
47 62
47 63
47 64
47 65
47 65
47 65
47 66
47 67
47 68
46 69
46 70
46 71
46 72
46 73
46 74
45 75
45 76
45 77
45 78
45 78
45 79
44 80
44 81
43 82
43 83
42 84
42 85
42 85
41 86
41 87
40 88
39 89
39 90
38 91
38 91
37 92
36 93
35 94
34 95
33 96
33 96
32 97
31 97
30 98
29 98
28 99
28 99
27 99
26 99
25 100
24 100
23 100
23 100
22 100
21 100
20 100
19 100
18 100
18 100
17 99
16 99
15 98
14 98
13 97
13 97
12 96
11 95
10 94
9 93
9 93
8 92
8 91
7 90
7 89
6 88
6 88
6 87
6 86
5 85
5 84
5 83
5 83
5 82
5 81
5 80
5 79
5 78
5 78
5 77
6 76
6 75
7 74
7 73
7 72
8 71
8 70
8 70
9 69
9 68
10 67
10 66
11 65
11 64
12 63
12 62
12 62
13 61
13 60
14 59
15 58
15 57
16 56
16 55
17 54
17 54
18 53
19 52
20 51
21 51
22 50
23 49
24 48
24 48
25 47
26 46
27 46
28 45
29 44
30 43
31 43
32 42
32 42
33 42
34 41
35 41
36 40
37 40
38 39
39 39
39 39
39 39
40 39
41 39
42 40
43 40
44 40
45 40
46 40
47 41
48 41
49 41
50 41
51 41
52 41
53 42
54 42
55 42
55 42
54 43
53 43
53 43
52 43
52 43
51 44
51 44
50 44
50 44
49 44
49 44
48 44
48 44
48 44
47 45
47 45
46 46
46 47
46 47
46 48
45 49
45 50
45 50
45 51
44 52
44 53
44 53
44 54
44 55
44 56
44 56
44 57
44 58
44 58
45 59
45 59
46 60
46 60
47 59
48 59
48 59
49 58
50 58
50 58
51 57
52 56
52 56
53 55
54 54
54 54
55 53
56 52
56 52
57 51
57 50
57 50
57 49
57 48
57 48
57 47
57 46
57 46
56 45
56 44
56 44
55 43
55 43
54 43
53 43
53 43
52 44
51 44
51 44
50 44
50 44
49 45
49 45
48 45
48 45
48 45
49 45
49 45
50 45
51 44
52 44
53 44
54 43
55 43
56 42
57 42
58 42
59 41
60 41
60 41
60 41
61 42
61 43
61 43
60 44
60 44
60 44
60 44
60 45
60 45
60 46
60 46
60 47
60 48
60 49
60 49
60 50
60 51
60 52
60 52
60 53
60 54
60 54
59 55
59 56
59 56
59 57
59 57
59 58
59 58
59 58
59 58
59 57
59 56
59 56
60 55
60 54
60 54
60 53
60 52
60 52
60 51
61 50
61 49
61 49
62 48
62 47
63 46
63 46
64 45
64 44
64 44
65 43
65 42
65 42
66 42
66 42
66 43
66 43
67 44
67 45
67 45
67 46
66 47
66 48
66 48
66 49
66 50
66 51
66 51
66 52
66 53
66 54
66 54
66 55
66 55
66 56
66 56
66 56
66 56
66 55
66 55
66 54
66 54
66 53
67 52
67 51
68 50
68 49
68 48
69 47
69 46
69 46
68 47
68 48
68 48
67 49
67 49
67 50
67 50
67 50
68 50
68 50
69 50
70 50
70 50
71 49
71 49
72 49
72 49
73 48
73 48
74 47
74 47
75 47
75 47
76 46
76 46
77 45
77 45
77 44
77 44
77 43
77 43
76 42
76 42
75 42
75 42
74 42
74 42
73 42
72 42
72 42
71 43
71 43
70 44
69 45
69 45
68 46
68 47
68 47
68 48
68 49
68 49
67 50
67 51
67 51
67 52
67 53
67 54
67 54
67 55
67 56
67 57
67 57
68 58
68 59
68 59
69 60
69 60
70 61
70 61
71 60
72 60
72 60
73 59
73 59
74 59
75 59
75 59
76 58
76 58
77 57
77 57
77 57
77 57
77 57
78 56
78 55
79 54
80 53
80 52
81 51
81 50
82 49
83 48
83 47
84 46
85 45
85 44
86 43
86 42
87 41
87 41
87 41
87 41
87 40
86 39
86 38
86 38
85 38
85 38
85 38
84 38
84 38
83 38
83 38
82 39
82 39
81 40
81 40
80 41
80 41
79 42
79 43
79 43
78 44
78 44
77 45
77 46
77 46
77 47
77 47
77 48
77 48
78 49
79 50
79 50
80 50
80 50
81 50
82 51
83 51
83 51
84 51
85 51
85 51
86 52
87 52
87 52
88 53
89 54
89 54
89 54
90 55
91 56
92 57
93 58
94 59
94 59
95 60
95 61
96 62
96 63
96 63
97 64
98 65
98 65
98 66
99 67
99 68
99 68
100 69
100 70
100 70
99 71
99 72
98 73
98 74
98 74
97 75
97 76
96 77
96 77
95 78
94 79
93 79
92 80
92 80
91 81
90 81
89 82
88 82
88 82
87 82
86 83
85 83
84 84
83 84
83 84
82 84
81 84
80 84
79 84
78 84
78 84
77 84
76 84
75 84
74 84
73 84
73 84
72 84
71 84
70 84
69 84
68 84
68 84
67 83
66 83
65 82
64 82
64 82
63 81
62 81
61 80
61 80
60 79
60 78
59 77
59 77
59 76
58 75
58 74
58 74
58 73
58 72
58 71
58 71
59 70
59 69
60 68
60 68
60 68
61 67
62 67
63 66
64 65
65 64
66 64
67 63
67 63
68 62
69 62
69 62
70 62
71 62
71 62
72 62
73 62
