28 44
28 44
28 44
28 44
28 44
28 44
28 44
28 44
28 44
28 44
28 44
28 44
28 44
28 44
28 45
27 46
27 47
27 47
26 47
26 47
26 48
26 48
25 48
25 48
24 48
24 48
23 48
23 48
22 47
22 47
21 46
20 46
20 46
19 45
19 44
19 44
18 43
17 42
17 42
16 41
15 40
15 40
14 39
13 38
13 38
12 37
11 36
11 36
10 35
10 35
9 34
8 33
8 33
7 32
7 32
6 31
5 30
5 30
4 29
3 29
3 29
2 28
2 27
2 27
1 26
1 25
1 25
1 24
1 23
1 23
1 22
1 21
1 20
1 20
1 19
2 18
2 17
2 16
2 16
3 15
3 14
4 13
4 12
4 12
5 11
5 10
6 9
6 9
7 8
8 8
9 7
9 7
10 6
10 5
11 4
11 3
11 3
12 2
13 2
14 1
14 1
15 1
16 0
17 0
17 0
18 0
19 0
20 0
20 0
21 0
22 1
23 1
23 1
24 1
25 2
26 2
26 2
27 3
28 3
29 4
29 4
30 5
31 6
32 7
32 7
33 8
33 9
34 10
34 10
35 11
36 12
36 13
37 14
37 14
38 15
38 16
39 17
39 18
39 18
39 19
39 20
40 21
40 22
40 23
40 23
40 24
41 25
41 26
42 27
42 28
42 28
42 29
42 30
43 31
43 32
43 33
43 34
43 34
43 35
43 36
44 37
44 38
44 39
44 40
44 40
44 41
44 42
44 43
44 44
44 45
44 45
44 46
44 47
45 48
45 49
45 50
45 50
45 51
45 52
45 53
45 54
45 55
45 55
45 56
45 57
44 58
44 59
44 60
44 60
44 61
43 62
43 63
43 64
42 65
42 66
42 66
42 67
41 68
41 69
41 70
40 71
40 72
40 72
40 73
39 74
39 75
38 76
38 77
38 77
37 78
37 79
36 80
36 81
35 82
35 83
35 83
34 84
34 85
33 86
33 87
32 88
32 88
31 89
30 90
30 91
29 92
29 92
28 93
27 94
26 95
25 96
25 96
24 97
23 97
22 98
22 98
21 99
20 99
19 100
19 100
18 100
17 100
16 100
15 100
15 100
14 100
13 100
12 100
12 100
11 100
10 100
9 100
9 100
8 100
7 99
6 99
6 99
5 98
4 98
4 98
3 97
2 96
2 96
2 95
1 94
1 93
1 93
1 92
0 91
0 90
0 90
0 89
0 88
0 87
0 87
0 86
0 85
0 84
0 83
0 83
0 82
1 81
1 80
1 79
1 79
1 78
2 77
2 76
2 75
3 74
3 73
3 73
3 72
4 71
4 70
5 69
5 68
5 68
6 67
6 66
7 65
7 64
8 63
8 62
8 62
9 61
9 60
10 59
11 58
11 57
12 56
12 56
13 55
14 54
14 53
15 52
16 51
16 51
17 50
18 49
19 48
20 47
21 46
21 46
22 45
23 44
23 43
24 42
25 41
25 41
26 40
27 39
28 38
29 37
29 37
30 36
31 36
32 35
33 35
34 34
34 34
35 33
36 32
37 32
38 31
38 31
39 30
40 29
41 29
42 28
42 28
43 27
44 27
45 26
45 26
46 26
47 25
48 25
48 25
49 24
50 24
50 24
51 24
52 24
52 24
53 23
53 23
54 23
54 23
54 22
54 22
55 22
55 22
55 22
55 22
55 22
55 22
55 22
55 22
55 22
55 22
55 22
55 22
55 22
55 22
54 22
54 22
54 22
54 22
54 22
54 22
54 22
54 22
54 22
54 22
54 22
54 22
54 22
54 22
54 22
54 21
54 21
54 21
54 21
54 21
54 21
54 21
54 21
54 21
54 21
54 21
54 21
54 21
54 21
54 21
54 21
54 21
54 21
54 21
54 21
54 21
54 21
54 21
54 21
54 21
54 21
54 21
54 21
54 21
54 22
54 22
53 23
53 23
52 24
52 25
52 25
52 26
51 27
51 28
51 28
51 29
50 30
50 31
50 31
50 32
50 33
50 34
50 35
50 35
50 36
49 37
49 38
49 38
49 39
48 40
48 41
48 41
48 42
48 43
48 44
48 44
48 45
48 45
49 45
49 45
50 46
50 46
51 45
51 45
52 44
52 44
53 43
53 42
53 42
54 41
54 40
55 39
55 39
55 38
56 37
56 36
56 36
56 35
56 34
56 33
56 33
56 32
57 31
57 30
57 29
57 29
57 28
57 27
57 26
57 25
57 25
57 24
57 23
57 23
57 22
57 22
56 21
56 21
55 22
55 22
54 22
54 22
53 23
53 23
52 23
52 23
52 24
52 24
52 24
52 24
52 24
53 24
53 24
54 23
54 23
55 22
56 22
56 22
57 21
57 20
57 20
58 19
59 19
59 19
60 18
61 18
61 18
62 17
63 17
63 17
64 16
64 16
65 16
65 16
65 17
65 18
65 18
65 19
65 19
65 20
64 21
64 22
64 23
64 23
64 24
63 25
63 26
63 27
63 27
63 28
62 29
62 30
62 31
62 31
61 32
61 33
60 34
60 35
60 35
60 36
59 37
59 38
59 38
59 39
58 40
58 41
58 41
58 42
58 42
58 43
58 43
58 42
58 42
58 42
59 41
59 40
59 40
59 39
60 38
60 37
60 37
60 36
61 35
61 34
61 33
61 33
61 32
62 31
62 30
62 29
62 29
63 28
63 27
64 26
64 25
64 25
64 24
64 23
64 22
64 22
65 21
65 20
65 20
66 19
66 18
66 18
66 17
66 17
67 17
67 17
67 17
67 18
67 18
67 19
67 20
67 20
67 21
67 22
67 23
67 23
67 24
67 25
67 26
67 26
66 27
66 28
66 28
66 29
66 30
66 30
67 31
67 32
67 32
67 33
67 34
67 34
68 35
68 35
68 36
68 36
69 36
69 36
70 35
70 35
71 34
71 33
71 33
71 32
72 31
72 30
72 30
73 29
73 28
74 27
74 27
74 26
75 25
75 24
75 23
75 23
75 22
76 21
76 20
76 19
76 19
76 18
77 17
77 16
77 15
77 15
77 14
78 13
78 12
78 12
78 11
78 11
77 11
77 11
77 10
77 10
76 11
76 11
75 12
75 12
74 13
74 14
74 14
73 15
73 16
73 16
72 17
72 18
72 18
72 19
72 20
72 21
72 21
72 22
72 23
72 24
72 24
72 25
72 26
72 26
73 27
73 28
73 28
73 29
73 30
73 30
74 31
75 31
75 31
76 31
76 31
77 30
78 30
78 30
79 29
80 29
80 29
81 28
81 27
81 27
82 26
83 25
83 25
83 24
83 23
83 23
83 22
84 21
84 20
84 19
84 19
84 18
84 17
84 16
84 16
84 15
85 14
85 13
85 12
85 12
86 11
86 10
86 10
87 9
87 8
87 8
88 8
88 8
89 8
90 8
90 8
91 8
92 8
92 8
93 8
94 8
94 8
95 9
95 9
96 10
97 11
97 11
98 12
98 13
98 13
98 14
99 15
99 16
99 16
99 17
100 18
100 19
100 19
100 20
99 21
99 22
99 22
98 23
98 24
97 25
97 25
96 26
96 27
95 28
95 28
94 29
93 29
92 30
92 30
91 31
90 31
90 31
89 30
89 30
90 29
90 28
90 28
90 27
91 26
91 25
91 24
91 24
91 23
91 22
92 21
92 20
92 19
92 19
92 18
92 17
93 16
93 15
93 14
