29 53
29 53
29 53
29 53
29 53
29 53
29 53
29 53
29 53
29 53
30 54
30 54
30 54
30 54
30 55
30 55
29 56
29 56
28 56
28 56
27 57
27 57
26 58
25 58
25 58
24 58
23 58
23 58
22 57
21 57
20 56
20 56
19 55
18 54
17 53
17 53
16 52
15 51
15 50
14 49
14 49
13 48
13 47
12 46
12 45
11 44
11 43
11 43
10 42
10 41
9 40
9 39
8 38
8 37
8 37
7 36
7 35
6 34
6 33
5 32
5 32
4 31
4 30
3 29
3 28
3 28
3 27
2 26
2 25
1 24
1 23
1 23
1 22
0 21
0 20
0 19
0 19
0 18
0 17
0 16
0 15
0 15
0 14
0 13
0 12
0 11
0 11
1 10
1 9
2 8
2 7
2 7
3 6
4 5
4 4
5 3
5 3
6 2
7 2
8 1
9 1
9 1
10 1
11 1
12 0
13 0
14 0
14 0
15 0
16 1
17 1
18 1
19 2
20 2
20 2
21 3
22 3
23 4
24 4
25 5
26 5
27 6
27 6
28 7
29 8
30 9
30 10
31 11
32 12
33 13
33 13
34 14
34 15
35 16
36 17
36 18
37 19
38 20
38 21
39 22
39 22
40 23
40 24
41 25
41 26
42 27
42 28
43 29
43 30
44 31
44 32
44 32
44 32
44 33
45 34
45 35
45 36
45 37
46 38
46 39
46 40
47 41
47 42
47 43
47 44
48 45
48 46
48 47
49 48
49 49
49 50
49 51
50 52
50 53
50 53
50 54
50 55
50 56
50 57
51 58
51 59
51 60
51 61
51 62
51 62
51 63
51 64
51 65
50 66
50 67
50 68
50 69
50 70
50 70
50 71
49 72
49 73
49 74
49 75
48 76
48 77
48 77
48 78
47 79
47 80
46 81
46 82
45 83
45 84
45 84
44 85
44 86
43 87
42 88
42 89
41 90
41 90
40 91
39 92
38 93
37 94
36 95
36 95
35 96
34 96
33 97
32 97
31 98
31 98
30 98
29 99
28 99
27 100
26 100
26 100
25 100
24 100
23 100
22 100
21 100
21 100
20 99
19 98
18 97
17 96
17 96
16 95
15 94
15 93
14 92
13 91
13 91
13 90
12 89
12 88
12 87
12 86
11 85
11 84
11 84
11 83
11 82
11 81
11 80
11 79
11 78
11 77
11 77
11 76
11 75
11 74
11 73
11 72
11 71
11 71
11 70
12 69
12 68
13 67
13 66
13 65
14 64
14 63
14 63
15 62
16 61
17 60
17 59
18 58
19 57
19 57
20 56
21 55
22 54
23 53
24 52
25 51
25 51
26 50
27 50
28 49
29 49
30 48
31 48
32 47
32 47
33 47
34 46
35 46
36 46
37 45
38 45
38 45
39 45
40 45
41 44
42 44
43 44
44 44
44 44
44 44
45 44
46 44
47 44
48 45
49 45
50 45
51 45
52 45
53 45
54 45
55 46
56 46
57 46
58 46
58 46
58 46
57 46
56 46
56 46
55 46
55 46
55 46
55 46
55 46
55 46
54 45
54 45
53 45
53 45
52 46
52 47
52 47
51 48
51 48
51 49
50 50
50 51
50 51
50 52
49 53
49 54
49 54
49 55
48 56
48 57
48 57
48 58
48 59
48 59
48 60
48 61
48 61
49 62
49 62
50 63
50 63
51 62
52 62
52 62
53 61
53 61
54 60
55 60
55 60
56 59
57 58
57 58
58 57
59 56
59 56
60 55
60 54
60 54
60 53
60 53
60 52
60 51
60 51
60 50
60 49
60 49
59 48
58 48
58 48
57 48
57 48
56 48
55 48
55 48
54 48
54 48
53 49
53 49
52 49
52 49
53 49
54 48
55 48
56 48
57 48
58 47
59 47
60 47
61 47
62 46
63 46
63 46
63 46
63 47
63 48
63 49
63 49
62 50
62 50
62 51
62 51
61 52
61 52
61 53
61 54
61 54
61 55
61 56
61 57
61 57
61 58
61 59
61 59
61 60
61 61
61 61
61 62
61 63
61 63
60 64
60 64
60 64
60 64
60 64
60 63
60 63
61 62
61 61
61 61
61 60
62 59
62 58
62 58
62 57
63 56
63 55
63 55
64 54
64 53
65 52
65 52
66 51
66 50
66 50
67 49
67 49
67 49
68 49
68 49
68 50
68 50
68 51
68 52
68 53
68 53
68 54
68 55
68 56
68 56
68 57
68 58
67 59
67 60
67 61
67 61
67 62
66 63
66 64
66 65
66 65
66 66
66 67
66 67
65 68
65 69
65 69
65 70
65 70
65 70
65 70
66 69
66 69
66 68
67 67
67 66
68 65
68 64
69 63
69 62
70 61
70 60
71 59
71 58
71 58
71 58
70 59
70 59
69 59
69 59
69 59
69 59
70 60
70 60
71 60
71 60
72 60
72 60
73 60
73 60
74 59
75 59
75 59
76 59
76 59
77 58
77 58
78 57
79 57
79 57
80 56
80 55
80 55
80 54
80 54
80 53
80 52
80 52
80 51
80 51
79 50
79 50
78 50
78 50
77 50
76 50
76 50
75 51
75 52
75 52
74 53
73 54
73 54
72 55
72 56
72 56
71 57
70 58
70 58
69 59
69 60
69 60
69 61
69 62
69 62
69 63
69 64
69 64
70 65
70 66
70 66
71 67
71 67
71 67
72 67
73 67
74 67
75 67
75 67
76 67
77 67
77 67
78 66
78 66
79 66
79 66
79 65
79 65
79 65
79 65
79 64
79 64
79 63
79 63
80 62
81 61
81 60
82 59
83 58
84 57
84 56
85 55
86 54
87 53
87 52
88 51
89 50
89 50
89 49
90 48
90 47
90 47
90 46
90 46
89 45
89 45
89 45
88 44
88 44
87 44
86 44
86 44
85 44
85 44
84 45
84 45
83 45
83 45
82 45
82 45
81 46
81 46
80 47
80 47
80 48
80 49
80 49
79 50
79 51
79 51
79 52
79 52
79 53
79 54
79 54
80 55
80 56
80 56
81 57
82 57
82 57
83 58
84 58
84 58
85 59
86 59
86 59
87 60
88 60
89 61
89 61
90 62
91 63
91 63
91 63
92 64
93 65
94 66
94 67
95 68
96 69
96 69
96 70
97 71
97 72
97 72
98 73
98 74
99 75
99 75
99 76
100 77
100 78
100 78
100 79
99 80
99 81
99 81
99 82
98 83
98 84
98 84
97 85
96 86
95 87
95 87
94 88
93 89
92 89
91 90
91 90
90 90
89 91
88 91
87 91
87 91
86 91
85 92
84 92
83 93
82 93
82 93
81 93
80 93
79 93
78 93
77 93
77 93
76 93
75 93
74 93
73 93
72 93
72 93
71 93
70 92
69 92
68 92
68 92
67 91
66 91
65 90
65 90
64 89
63 89
62 88
62 88
61 87
60 86
60 86
60 85
60 84
60 83
60 83
60 82
60 81
60 81
60 80
61 79
61 78
61 78
62 77
63 77
64 76
64 76
64 76
65 75
66 75
67 74
68 74
69 73
69 73
70 73
71 72
72 72
72 72
73 71
