43 45
43 45
43 45
43 45
43 45
42 46
41 47
41 47
41 47
40 48
40 48
39 49
39 49
38 50
38 50
37 51
37 51
36 52
35 52
35 52
34 53
34 53
33 54
33 54
32 55
31 55
31 55
30 55
29 56
28 56
28 56
27 57
26 57
26 57
25 58
24 58
24 58
23 58
22 59
21 59
21 59
20 59
19 59
19 59
18 59
17 60
16 60
16 60
15 60
14 60
14 60
13 60
12 60
12 60
11 59
10 59
10 59
9 58
8 58
8 58
7 57
6 57
6 57
5 56
5 55
5 55
4 54
3 53
3 53
2 52
2 52
1 51
1 50
1 50
0 49
0 48
0 48
0 47
0 46
0 46
0 45
0 44
0 43
0 43
0 42
0 41
0 40
0 40
0 39
1 38
1 37
1 36
1 36
1 35
1 34
1 33
1 33
1 32
2 31
2 30
2 29
2 29
3 28
3 27
4 26
4 26
4 25
5 24
5 23
5 23
5 22
6 21
6 20
6 20
7 19
8 18
8 18
9 17
9 16
10 15
10 15
11 14
12 13
12 13
13 12
14 11
14 11
15 10
16 9
16 9
17 8
18 8
19 7
19 7
20 6
21 6
22 5
22 5
23 4
24 4
24 4
25 4
26 4
27 4
27 4
28 4
29 3
30 3
30 3
31 3
32 3
33 3
33 3
34 3
35 3
36 3
36 3
37 3
38 4
39 4
39 4
40 5
41 5
41 5
42 6
43 6
43 6
44 7
45 7
45 7
46 8
46 9
47 10
47 10
48 11
49 12
49 12
49 13
50 14
50 15
50 15
51 16
51 17
52 18
52 18
52 19
53 20
53 21
53 21
54 22
54 23
54 23
54 24
55 25
55 26
55 26
55 27
56 28
56 29
56 29
57 30
57 31
57 31
57 32
57 33
57 34
57 34
57 35
57 36
57 37
57 37
57 38
57 39
57 40
57 41
57 41
57 42
57 43
57 44
57 45
57 45
57 46
57 47
57 48
57 49
57 49
57 50
58 51
58 52
58 52
58 53
58 54
58 54
58 55
58 56
58 56
58 57
57 58
57 59
57 59
57 60
57 61
57 62
57 62
57 63
57 64
57 65
57 65
56 66
56 67
56 67
56 68
56 69
56 69
56 70
55 71
55 72
55 72
54 73
54 74
54 74
54 75
54 76
54 77
54 77
53 78
53 79
53 79
52 80
52 81
52 81
51 82
51 83
51 83
50 84
50 84
49 85
49 86
49 86
48 87
48 87
47 88
47 88
46 89
45 90
45 90
44 91
44 91
43 92
43 92
42 93
42 93
41 94
40 94
40 94
39 95
39 95
38 95
38 95
37 96
37 96
36 97
36 97
35 97
35 97
35 97
34 98
34 98
33 98
33 98
32 98
32 98
31 99
31 99
31 99
30 99
30 99
29 100
29 100
28 100
28 100
28 100
27 100
27 100
26 100
26 100
26 100
25 100
25 100
25 100
24 100
24 100
24 100
23 100
23 100
23 100
23 100
23 99
23 99
22 98
22 98
22 97
22 97
22 96
22 96
22 95
22 95
22 94
22 94
22 93
22 93
22 92
22 92
22 91
22 91
22 90
22 90
22 89
22 89
22 88
22 87
22 87
22 86
22 86
22 85
22 85
22 84
22 83
22 83
22 82
22 81
22 81
22 80
22 79
22 79
23 78
23 77
23 77
23 76
23 75
23 75
23 74
23 73
23 73
24 72
24 71
24 71
24 70
24 69
24 69
24 68
25 67
25 66
25 66
25 65
25 64
25 64
25 63
26 62
26 61
26 61
27 60
27 59
27 59
27 58
27 57
27 57
28 56
28 55
28 55
29 54
29 54
30 53
30 53
30 52
30 51
30 51
31 50
31 50
32 49
32 48
32 48
33 47
33 46
33 46
34 45
34 44
34 44
35 43
35 42
35 42
36 41
36 40
36 40
36 39
36 38
36 38
37 37
37 36
37 36
38 35
38 34
38 34
39 33
39 33
40 32
40 31
40 31
41 30
41 29
41 29
42 28
42 28
42 27
42 26
42 26
43 25
43 25
44 24
44 24
44 23
44 23
45 22
45 22
46 21
46 21
46 20
46 20
47 19
47 19
48 18
48 18
48 17
48 17
48 17
49 17
49 17
49 16
49 16
49 16
50 16
50 16
50 15
50 15
50 15
51 14
51 14
51 14
51 13
51 13
52 13
52 13
52 12
52 12
52 12
52 12
53 12
53 12
53 12
53 11
53 11
54 11
54 11
54 11
54 10
54 10
55 10
55 10
55 11
55 11
56 11
56 11
56 11
57 12
57 12
57 12
58 13
58 13
58 13
59 14
59 14
59 15
59 15
59 15
60 16
60 17
60 17
60 18
60 18
61 19
61 20
61 20
61 21
61 21
61 22
61 23
61 23
61 24
61 24
61 25
61 26
61 26
61 27
61 28
61 28
61 29
61 30
61 30
61 31
61 32
61 32
61 33
61 33
61 34
61 34
61 35
61 35
61 36
61 36
61 37
61 37
60 38
60 39
60 39
60 40
60 40
59 41
59 41
59 42
59 42
58 42
58 42
58 43
58 43
57 43
57 43
57 43
56 43
56 43
56 42
56 42
55 42
55 42
55 42
54 41
54 41
53 41
53 41
52 40
52 40
52 39
52 39
51 39
51 39
51 38
51 38
51 37
51 37
50 36
50 36
50 35
50 35
50 34
50 34
50 33
50 33
50 32
50 32
50 31
50 30
50 30
50 29
50 29
51 28
51 27
51 27
51 26
51 25
51 25
51 24
51 24
52 23
52 23
52 22
52 22
52 21
52 20
52 20
53 19
53 19
53 18
53 18
54 17
54 17
54 16
54 16
55 16
55 16
55 15
55 15
56 14
56 14
56 13
56 13
57 13
57 13
57 13
58 13
58 13
59 13
59 13
60 14
60 14
61 15
61 15
62 16
62 16
62 17
62 17
63 18
63 19
63 19
63 19
64 20
64 21
64 21
64 22
64 22
64 23
64 23
65 24
65 24
65 25
65 26
65 26
65 27
65 27
65 28
65 29
65 29
65 30
65 30
65 31
65 31
65 32
65 32
65 32
65 33
65 33
65 34
65 34
65 34
65 34
65 35
65 35
65 35
65 35
65 36
65 36
65 36
65 36
65 37
65 37
65 37
65 38
65 38
65 38
65 38
65 39
65 39
65 39
65 39
65 39
65 38
65 38
65 38
65 37
65 37
65 36
65 35
65 35
65 34
65 34
65 33
65 32
65 31
65 31
64 30
64 29
64 29
64 28
64 27
64 26
64 26
64 25
64 25
65 24
65 23
65 23
65 22
65 21
65 21
65 20
65 20
66 19
66 18
66 18
66 17
66 17
67 17
67 17
67 16
67 16
68 16
68 16
68 16
69 16
69 16
69 17
69 17
70 18
70 18
70 18
70 19
70 20
70 20
71 21
71 21
71 22
71 23
71 23
71 24
71 25
71 25
71 26
71 27
71 27
71 28
71 29
71 29
71 30
71 31
71 31
72 32
72 33
72 33
72 34
72 34
72 35
72 35
73 36
73 36
73 36
74 35
74 35
75 34
75 34
75 33
75 32
75 32
76 31
76 30
76 30
76 29
77 28
77 27
77 27
77 26
77 25
77 24
77 24
77 23
78 22
78 21
78 20
78 20
78 19
78 18
78 17
78 17
78 16
79 15
79 14
79 13
79 13
79 12
79 11
79 10
79 10
79 9
79 8
79 8
79 7
79 6
79 6
78 6
78 6
78 6
77 7
77 7
77 8
77 9
77 9
76 10
76 11
76 11
75 12
75 13
75 13
75 14
74 15
74 16
74 16
74 17
74 18
74 19
74 19
73 20
73 21
73 21
73 22
73 23
73 23
73 24
73 24
74 25
74 25
74 26
74 26
75 26
75 26
76 26
76 26
77 26
77 26
78 25
78 25
79 24
80 24
80 24
81 23
81 23
82 22
82 21
82 21
82 20
83 19
83 18
83 18
84 17
85 16
85 16
85 15
86 14
86 13
86 13
86 12
87 11
87 10
87 9
87 9
87 8
87 7
87 6
87 6
87 5
87 4
87 4
88 3
88 2
88 2
87 1
87 1
86 0
86 0
85 1
85 1
84 2
84 3
84 3
84 4
84 5
84 5
83 6
83 6
82 7
82 8
82 8
82 9
82 10
82 10
82 11
82 12
82 12
82 13
82 13
82 14
82 14
82 15
82 15
83 16
83 16
84 16
84 16
85 17
85 17
86 17
87 17
87 17
88 17
89 17
89 17
90 17
91 17
92 17
92 17
93 18
94 18
94 18
95 19
96 19
96 19
97 20
97 21
97 21
98 22
98 23
98 23
99 24
99 25
99 25
100 26
100 27
100 27
100 28
100 29
100 30
100 30
100 31
99 32
99 33
99 33
99 34
99 35
98 36
98 37
98 38
98 38
97 39
97 40
96 41
96 42
96 42
95 43
95 44
94 45
94 46
93 47
93 47
92 48
91 49
90 49
89 50
88 51
