39 56
39 56
39 56
39 56
39 56
39 56
39 56
39 57
39 58
39 59
39 59
39 59
39 59
39 59
38 60
38 60
37 61
37 61
36 61
36 61
35 62
34 62
34 62
33 62
32 62
32 62
31 62
30 62
29 62
29 62
28 62
27 61
26 61
26 61
25 61
24 60
23 60
23 60
22 59
21 59
20 58
19 58
19 58
18 57
17 56
16 56
15 55
15 55
14 54
13 53
13 52
12 51
11 50
11 50
10 49
9 48
8 47
7 46
7 46
6 45
5 44
5 43
4 42
4 42
3 41
2 40
2 39
1 38
1 38
1 37
0 36
0 35
0 34
0 34
0 33
0 32
0 31
0 31
0 30
1 29
1 28
1 27
1 27
1 26
2 25
2 24
3 23
3 22
3 22
4 21
4 20
5 19
5 18
6 17
6 16
7 15
7 15
8 14
9 13
9 12
10 11
11 10
11 10
12 9
13 9
14 8
15 7
16 7
17 6
17 6
18 5
19 5
20 4
21 3
22 3
23 2
23 2
24 2
25 2
26 1
27 1
28 1
29 1
29 1
30 1
31 1
32 1
33 1
34 1
35 1
35 1
36 2
37 2
38 3
39 4
40 4
41 5
41 5
42 6
42 7
43 8
44 9
45 10
45 11
46 12
46 12
46 13
47 14
47 15
48 16
48 17
48 18
49 19
49 20
50 21
50 22
50 22
50 23
51 24
51 25
51 26
51 27
52 28
52 29
52 30
52 31
53 32
53 33
53 33
53 34
53 35
54 36
54 37
54 38
54 39
54 40
55 41
55 42
55 43
55 43
55 44
55 45
55 46
55 47
56 48
56 49
56 50
56 51
56 52
56 53
56 53
56 54
56 55
56 56
56 57
55 58
55 59
55 60
55 61
55 62
55 62
55 63
55 64
55 65
55 66
54 67
54 68
54 69
54 70
54 71
54 71
54 72
53 73
53 74
53 75
53 76
52 77
52 78
52 79
52 79
52 80
51 81
51 82
50 83
50 84
49 85
49 86
49 86
48 87
48 88
47 89
46 90
46 91
45 92
45 92
44 93
43 94
43 95
42 96
41 97
41 97
40 98
39 98
38 99
37 99
36 100
36 100
35 100
34 100
33 100
32 100
31 100
31 100
30 100
29 100
28 99
27 99
26 99
26 99
25 98
24 97
23 97
22 96
22 96
21 95
20 94
19 93
18 92
18 92
17 91
17 90
16 89
16 88
15 87
15 87
15 86
14 85
14 84
13 83
13 82
13 82
13 81
13 80
13 79
13 78
13 77
13 76
13 75
13 75
13 74
13 73
13 72
14 71
14 70
14 69
14 68
14 68
15 67
15 66
16 65
16 64
17 63
17 62
18 61
18 60
18 60
19 59
19 58
20 57
20 56
21 55
21 54
22 53
22 53
23 52
24 51
24 50
25 49
26 48
27 47
27 46
28 45
28 45
29 44
30 44
31 43
32 42
33 42
34 41
34 41
35 41
36 40
37 40
38 40
39 39
40 39
40 39
41 39
42 39
43 39
44 39
44 39
45 39
46 40
47 40
48 40
48 40
49 41
50 42
51 43
51 43
52 44
52 45
53 46
53 46
53 47
54 48
54 49
54 49
55 50
56 50
56 50
57 49
58 48
59 47
60 46
60 45
61 44
62 43
63 42
63 42
63 42
62 41
62 41
61 41
61 41
61 41
60 42
60 42
60 43
60 44
60 44
59 45
59 46
59 46
58 47
58 48
58 48
57 49
56 50
56 50
56 51
56 52
56 52
55 53
55 54
55 54
55 55
55 56
55 57
55 57
55 58
55 59
55 59
56 60
56 60
56 61
56 61
57 61
58 61
58 61
59 60
60 59
60 59
61 58
61 57
61 57
62 56
62 55
63 54
63 54
64 53
64 52
64 52
65 51
65 50
65 50
65 49
65 49
64 48
64 47
64 47
64 46
64 46
63 45
63 44
63 44
62 44
62 44
61 44
60 44
60 44
59 44
59 44
58 45
58 45
57 46
57 46
57 47
57 47
57 48
57 48
58 48
59 47
60 47
61 47
62 46
63 46
64 46
65 45
66 45
67 45
68 44
69 44
69 44
70 45
70 45
70 45
70 46
70 46
70 46
70 46
69 47
69 47
69 48
69 49
69 50
69 50
69 51
68 52
68 53
68 53
68 54
68 55
68 55
68 56
68 57
68 57
67 58
67 58
67 58
67 58
67 57
67 57
68 56
68 56
68 55
68 55
69 54
69 53
69 53
69 52
69 51
69 51
70 50
70 49
70 49
71 48
72 47
72 47
73 46
73 45
73 45
74 44
74 44
74 44
74 44
75 45
75 45
75 46
75 46
75 47
75 48
75 48
75 49
75 50
75 51
75 51
75 52
75 53
75 54
75 54
75 55
75 56
75 56
75 57
75 58
75 59
75 59
75 59
75 60
75 60
75 60
75 60
75 59
75 59
75 58
76 57
76 56
77 55
77 54
78 53
78 52
78 51
79 50
79 49
80 48
80 47
80 47
80 48
80 49
80 50
80 50
79 51
78 51
78 51
78 52
78 52
78 52
78 51
78 51
78 51
79 52
79 52
80 52
80 52
81 51
81 51
82 51
82 51
83 50
84 49
84 49
85 48
85 48
86 47
86 46
86 46
87 45
87 44
87 44
87 43
87 43
87 42
87 42
86 41
86 41
85 42
85 42
84 43
84 43
83 44
82 45
82 45
81 46
81 47
81 47
80 48
79 49
79 49
78 50
78 51
78 51
77 52
77 53
77 53
77 54
77 55
77 55
77 56
77 56
77 57
77 57
78 58
78 59
78 59
79 60
79 61
79 61
80 62
80 62
81 62
82 62
82 62
83 62
83 62
84 61
84 61
85 61
85 61
85 60
85 60
86 59
87 58
88 57
88 56
89 55
90 54
91 53
92 52
93 51
94 50
95 49
95 48
96 47
97 46
98 45
98 45
98 45
97 45
96 45
96 45
95 44
95 44
94 44
94 44
93 43
93 43
92 42
92 42
91 42
91 42
90 42
90 42
89 43
88 43
88 43
87 44
87 44
86 45
86 46
86 46
85 47
85 48
85 48
84 49
84 49
84 50
84 51
84 51
85 52
85 52
86 53
86 54
86 54
87 55
88 55
88 55
89 55
90 55
90 55
91 55
92 55
93 55
93 55
94 56
95 57
95 57
96 58
97 59
97 59
98 60
98 61
99 62
99 62
99 63
100 64
100 65
100 65
100 66
99 67
99 68
99 69
99 69
99 70
99 71
99 72
99 73
99 73
98 74
98 75
97 76
97 76
96 77
96 78
95 79
95 79
94 80
93 81
92 81
91 82
91 82
90 83
89 83
88 84
88 84
87 84
86 84
85 85
84 85
83 85
83 85
82 85
81 85
80 85
79 85
78 85
78 85
77 85
76 85
75 85
74 85
73 85
73 85
72 85
71 84
70 84
69 84
69 84
68 83
67 83
66 82
66 82
65 81
65 80
64 79
64 79
64 78
64 77
64 76
64 75
64 75
64 74
64 73
64 72
64 71
64 71
64 70
65 69
65 68
66 67
66 66
