43 36
43 36
42 37
42 37
42 38
42 38
42 38
42 38
42 39
42 39
41 40
41 40
41 40
41 41
41 42
41 42
40 43
40 43
39 44
39 45
39 45
39 46
39 46
38 47
38 48
38 48
37 49
37 49
36 49
35 49
35 49
34 49
34 49
33 50
32 50
32 50
31 50
30 50
30 50
29 50
28 50
28 50
27 50
26 50
26 50
25 50
24 50
24 50
23 51
23 51
22 51
21 51
21 51
20 52
19 52
19 52
18 52
17 52
17 52
16 53
15 53
15 53
14 53
13 53
13 53
12 54
11 54
11 54
10 54
9 54
9 54
8 54
7 54
7 54
6 53
6 53
5 52
4 52
4 52
3 51
3 51
2 50
2 49
2 49
1 48
1 47
1 47
0 46
0 45
0 45
0 44
0 43
0 42
0 42
0 41
0 40
0 40
0 39
0 38
0 38
0 37
0 36
0 35
0 35
0 34
1 33
1 32
1 32
1 31
2 30
2 29
2 28
2 28
3 27
3 26
4 25
4 24
4 24
5 23
6 22
6 21
7 20
7 20
8 19
8 18
9 17
9 16
9 16
10 15
10 14
11 13
11 12
12 11
12 11
13 10
14 9
15 9
16 8
16 8
17 7
18 6
19 5
19 5
20 4
21 4
22 3
22 3
23 3
24 2
25 2
25 2
26 2
27 1
28 1
29 1
29 1
30 1
31 0
32 0
32 0
33 0
34 1
35 1
35 1
36 2
37 2
38 3
38 3
39 4
40 5
41 6
41 6
41 7
42 8
42 9
43 10
43 11
43 11
43 12
44 13
44 14
45 15
45 16
45 16
45 17
45 18
45 19
46 20
46 21
46 22
46 23
46 23
46 24
47 25
47 26
47 27
47 28
48 29
48 30
48 30
48 31
48 32
48 33
49 34
49 35
49 36
49 37
49 37
49 38
49 39
50 40
50 41
50 42
50 42
50 43
50 44
51 45
51 46
51 47
51 47
51 48
51 49
51 50
51 51
51 51
51 52
51 53
51 54
51 55
51 56
51 57
51 57
51 58
51 59
50 60
50 61
50 62
50 62
50 63
50 64
49 65
49 66
49 67
49 67
49 68
49 69
48 70
48 71
48 72
48 72
48 73
47 74
47 75
47 76
47 76
46 77
46 78
45 79
45 79
44 80
44 81
43 82
43 83
43 83
42 84
42 85
41 86
41 86
40 87
39 87
38 88
38 88
37 89
36 90
35 91
35 91
34 92
33 93
32 93
31 94
31 94
30 95
29 96
28 97
28 97
27 98
26 98
25 99
24 99
24 99
23 99
22 100
21 100
21 100
20 100
19 100
18 100
17 100
17 100
16 100
15 100
15 100
14 100
13 99
12 99
12 99
11 98
10 97
10 97
9 96
9 96
8 95
8 94
8 94
8 93
7 92
7 91
7 91
7 90
6 89
6 88
6 88
6 87
7 86
7 85
7 84
7 84
7 83
7 82
8 81
8 80
8 79
8 79
8 78
8 77
9 76
9 75
9 74
9 73
9 73
9 72
10 71
10 70
10 69
10 68
11 67
11 66
11 66
11 65
12 64
12 63
12 62
12 61
13 60
13 59
13 59
14 58
14 57
15 56
15 55
16 54
16 53
16 53
17 52
17 51
18 50
18 49
19 48
19 47
19 47
20 46
20 45
21 44
21 43
22 42
22 41
22 41
23 40
23 39
24 38
24 37
24 37
25 36
26 35
27 34
27 34
28 33
29 32
30 31
30 31
31 30
32 29
32 28
33 27
33 27
34 26
35 26
36 25
36 25
37 24
38 24
39 23
39 23
40 22
41 22
42 21
42 21
43 21
44 20
45 20
45 20
46 19
47 19
47 19
48 19
49 19
49 19
50 19
51 19
51 19
52 20
53 21
53 21
54 22
54 22
55 23
55 24
55 24
56 25
56 26
56 26
57 27
57 28
57 28
58 29
58 29
59 30
59 30
59 31
59 32
59 32
60 33
60 33
60 34
60 35
60 35
60 36
60 37
60 37
60 38
60 39
60 40
60 40
60 41
60 42
60 42
59 43
59 44
59 44
58 45
58 46
58 46
58 47
57 48
57 49
57 49
56 50
56 51
56 51
55 52
55 53
55 53
54 54
54 55
54 55
53 56
53 56
52 57
52 57
51 57
51 57
50 57
50 57
49 56
49 56
48 55
47 55
47 55
46 54
46 54
45 53
45 52
45 52
44 51
44 50
44 50
44 49
44 48
44 48
44 47
43 46
43 45
43 45
43 44
43 43
43 42
43 42
43 41
43 40
43 39
43 39
43 38
44 37
44 36
44 36
44 35
44 34
44 33
44 33
44 32
45 31
45 30
45 29
45 29
46 28
46 27
46 27
47 26
47 25
47 25
48 24
49 24
49 24
50 23
50 22
50 22
51 21
52 21
52 21
53 20
54 20
54 20
55 19
56 19
56 19
57 18
57 18
58 18
59 18
59 18
60 17
61 17
61 17
62 18
62 18
63 18
63 18
64 19
64 19
65 20
65 21
65 21
66 22
66 23
66 23
66 24
66 25
66 25
67 26
67 27
67 27
67 28
67 29
67 29
67 30
67 31
67 32
67 32
67 33
67 34
67 35
67 35
67 36
67 37
67 37
67 38
66 39
66 40
66 40
66 41
66 42
66 42
66 43
66 44
66 44
65 45
65 46
65 46
64 47
64 48
64 48
63 49
63 50
63 50
62 51
62 51
62 52
62 52
61 52
61 52
61 52
61 51
61 51
60 50
60 50
60 49
60 48
60 47
60 46
60 46
60 45
60 44
60 43
60 42
60 42
60 41
60 40
61 39
61 38
61 37
61 37
61 36
61 35
61 34
61 33
61 33
61 32
62 31
62 30
62 29
62 29
62 28
62 27
62 26
62 26
63 25
63 25
64 24
64 23
64 23
65 22
65 22
66 21
66 21
67 21
67 21
68 22
68 22
68 22
69 23
69 23
70 24
70 25
70 25
70 26
70 26
70 27
70 28
70 28
70 29
70 30
70 30
70 31
70 32
70 32
70 33
70 34
70 34
70 35
70 36
70 36
70 37
70 38
70 38
70 39
70 40
70 40
70 41
70 42
70 42
70 43
70 43
70 43
71 43
71 43
71 43
72 42
72 42
73 41
73 41
73 40
74 39
74 38
74 38
75 37
75 36
75 36
76 35
76 34
77 33
77 32
77 32
77 31
78 30
78 29
78 28
78 28
78 27
79 26
79 25
79 24
79 24
79 23
80 22
80 21
80 20
80 20
80 19
80 18
80 17
80 17
80 16
80 15
80 15
80 14
80 14
79 13
79 13
78 13
78 13
77 14
77 15
77 15
77 16
77 16
76 17
76 18
76 18
76 19
75 20
75 21
75 21
74 22
74 23
74 23
74 24
74 25
74 26
74 27
74 27
74 28
74 29
74 29
74 30
74 31
74 31
75 32
75 33
75 33
75 34
75 35
75 35
76 36
76 36
77 37
77 37
78 37
78 37
79 37
79 37
80 36
80 36
81 35
81 35
82 34
82 33
82 33
82 32
83 31
83 30
83 30
83 29
84 28
84 27
84 26
84 26
85 25
85 24
86 23
86 22
86 22
86 21
87 20
87 19
87 18
87 17
88 16
88 15
88 14
89 13
89 12
89 11
89 10
90 9
90 8
90 8
90 7
91 6
91 5
91 5
91 4
91 4
91 4
90 4
90 4
89 5
89 5
88 6
88 7
88 7
87 8
87 9
87 9
87 10
86 11
86 12
86 12
85 13
85 14
85 14
85 15
85 15
84 16
84 16
84 17
84 17
85 18
85 18
85 19
85 19
86 20
86 20
87 21
87 21
88 21
88 21
89 21
89 21
90 22
91 22
91 22
92 22
93 22
93 22
94 23
95 23
95 23
96 24
96 24
97 25
98 26
98 26
99 27
99 28
99 28
100 29
100 30
100 30
100 31
99 32
99 33
99 33
99 34
98 35
98 36
98 36
97 37
96 38
96 39
95 40
