32 53
32 53
32 53
32 53
32 53
32 53
32 53
32 53
32 53
32 53
32 53
32 53
32 53
32 53
32 53
32 54
31 55
31 56
31 56
30 57
30 57
29 58
28 58
28 58
27 58
26 59
25 59
25 59
24 59
23 59
23 59
22 59
21 59
20 59
20 59
19 58
18 58
17 57
17 57
16 56
15 55
14 54
14 54
13 53
13 52
12 51
12 50
11 49
11 49
10 48
10 47
9 46
9 45
8 44
8 44
8 43
7 42
7 41
7 40
7 39
6 38
6 37
6 37
5 36
5 35
4 34
4 33
3 32
3 32
2 31
2 30
1 29
1 28
1 28
1 27
0 26
0 25
0 25
0 24
0 23
0 22
0 22
0 21
0 20
0 20
1 19
1 18
2 17
2 16
2 16
3 15
4 14
4 13
5 12
5 12
6 11
7 10
7 9
8 8
8 8
9 7
10 6
11 6
12 5
12 5
13 4
14 3
15 3
16 2
17 1
17 1
18 1
19 1
20 0
21 0
22 0
22 0
23 1
24 2
25 2
26 3
27 4
27 4
28 5
29 6
30 7
31 8
32 9
32 9
33 10
33 11
34 12
34 13
35 14
35 15
36 16
36 17
37 18
37 18
37 19
38 20
38 21
39 22
39 23
39 24
40 25
40 26
41 27
41 28
41 28
41 29
42 30
42 31
43 32
43 33
43 34
44 35
44 36
45 37
45 38
45 38
45 39
46 40
46 41
47 42
47 43
47 44
48 45
48 46
49 47
49 48
49 48
49 49
50 50
50 51
51 52
51 53
51 54
52 55
52 56
52 56
52 57
52 58
53 59
53 60
53 61
53 62
53 62
53 63
53 64
53 65
54 66
54 67
54 68
54 69
54 69
54 70
54 71
53 72
53 73
53 74
53 75
53 75
53 76
52 77
52 78
51 79
51 80
50 81
50 82
50 82
49 83
49 84
48 85
48 86
47 87
47 88
47 88
46 89
45 90
44 91
44 92
43 93
42 94
42 94
41 95
40 96
39 96
38 97
37 98
37 98
36 98
35 99
34 99
33 99
32 100
31 100
31 100
30 100
29 100
28 100
27 100
26 100
26 100
25 100
24 100
23 99
22 99
21 99
21 99
20 99
19 98
18 98
17 97
16 97
16 97
15 96
14 95
13 95
12 94
12 94
11 93
10 92
9 92
8 91
8 91
7 90
6 89
6 88
5 87
5 87
5 86
5 85
4 84
4 83
4 82
4 82
4 81
4 80
3 79
3 78
3 77
3 77
3 76
3 75
3 74
3 73
3 72
3 71
3 71
3 70
4 69
4 68
5 67
5 66
6 65
6 64
6 64
6 63
7 62
7 61
8 60
8 59
9 58
9 57
10 56
10 55
10 55
11 54
12 53
13 52
14 51
14 50
15 49
16 48
17 47
17 47
18 46
19 45
20 44
21 43
21 42
22 41
23 40
24 39
24 39
25 38
26 38
27 37
28 37
29 36
30 36
31 35
31 35
32 35
33 35
34 34
35 34
36 34
37 34
37 34
38 34
39 34
40 35
41 35
42 35
42 35
43 36
44 37
45 38
45 38
46 39
46 40
47 41
47 42
47 42
48 43
48 44
49 45
49 46
49 46
50 47
50 48
50 48
51 47
52 46
53 45
53 44
54 43
55 42
56 41
56 41
56 41
56 41
55 40
54 40
54 40
54 40
54 40
54 39
54 39
53 39
53 39
53 38
53 38
53 38
52 39
52 39
52 40
52 40
51 41
51 42
51 42
50 43
50 44
50 44
49 45
49 46
49 46
49 47
49 48
49 48
48 49
48 50
48 50
48 51
48 52
48 52
48 53
48 53
48 54
48 55
48 55
49 56
49 56
50 57
51 57
51 57
52 57
52 57
53 56
54 55
54 55
55 54
56 54
56 54
56 53
57 52
57 51
57 51
58 50
58 49
58 49
59 48
59 47
59 47
59 46
59 46
59 45
59 44
59 44
58 43
58 43
57 43
57 43
56 43
56 43
55 44
54 44
54 44
53 45
53 45
52 46
52 46
51 47
51 47
51 47
51 47
51 46
51 46
52 45
53 45
54 44
55 44
56 43
57 43
58 42
59 42
60 41
60 41
60 41
60 42
61 43
61 44
61 44
61 44
61 44
61 45
61 45
61 46
61 46
61 47
61 48
61 48
61 49
61 50
61 51
61 51
60 52
60 53
60 53
60 54
60 55
60 56
60 56
59 57
59 58
59 58
59 59
59 59
59 59
59 59
59 58
59 57
59 57
60 56
60 55
60 55
60 54
61 53
61 52
61 52
62 51
62 50
62 50
62 49
63 48
63 47
63 47
64 46
65 45
65 45
66 44
66 44
67 43
67 43
68 43
68 43
68 44
68 45
68 45
68 46
68 46
68 47
68 48
68 49
68 49
68 50
68 51
68 52
68 52
68 53
68 54
68 54
68 55
68 56
68 57
68 57
68 58
68 58
68 59
68 59
68 59
68 59
68 58
68 58
68 57
69 56
69 55
69 54
70 53
70 52
70 51
70 50
71 49
71 48
71 48
71 48
70 49
69 50
69 50
69 50
69 50
70 50
70 50
70 50
71 50
71 50
72 50
72 50
73 49
74 49
74 49
75 48
75 48
76 47
76 47
77 46
78 46
78 46
79 45
79 44
79 44
79 43
79 43
79 42
79 42
79 41
79 41
78 41
78 41
77 41
77 41
76 42
75 42
75 42
74 43
74 43
73 44
72 45
72 45
71 46
71 47
71 47
70 48
70 49
69 50
69 50
68 51
68 51
68 52
68 53
68 53
68 54
68 54
68 55
68 56
68 56
69 57
69 57
70 58
70 58
71 58
72 58
72 58
73 57
73 57
74 56
75 56
75 56
76 55
77 55
77 55
78 54
78 54
79 54
79 54
80 53
81 52
82 51
82 50
83 49
84 48
85 47
86 46
87 45
87 44
88 43
89 42
89 42
89 42
89 42
89 41
89 40
89 39
89 39
89 39
89 38
89 38
88 37
88 37
88 37
87 37
86 37
86 37
85 38
85 38
84 39
84 39
83 40
82 40
82 40
81 41
81 41
80 42
79 43
79 43
78 44
78 45
78 45
77 46
77 47
77 47
77 48
77 49
77 49
77 50
77 50
77 51
77 51
78 52
78 52
79 51
80 51
80 51
81 50
82 50
82 50
83 50
84 50
85 50
86 50
86 50
87 50
88 49
89 49
89 49
90 49
91 49
92 49
92 49
93 49
94 50
95 50
95 50
96 51
97 52
97 52
97 53
98 54
98 55
98 55
99 56
99 57
100 58
100 58
100 59
100 60
100 61
100 62
100 62
100 63
99 64
99 65
99 66
99 66
99 67
98 68
98 69
97 70
97 71
97 71
96 72
96 73
95 74
95 74
94 75
93 76
92 77
91 78
91 78
90 79
89 79
88 80
87 80
86 81
86 81
85 81
84 82
83 82
82 83
81 83
81 83
80 83
79 83
78 83
77 83
76 83
76 83
75 83
74 82
73 82
72 82
72 82
71 81
70 81
69 80
69 80
68 79
67 78
67 78
66 77
66 76
66 76
66 75
67 74
67 73
67 73
67 72
68 71
68 70
68 70
69 69
69 68
70 67
