31 51
31 51
31 51
31 51
31 51
32 52
32 52
32 52
32 52
32 53
32 53
32 53
32 53
32 53
31 54
31 54
30 54
29 54
29 54
28 54
27 54
27 54
26 54
25 53
24 53
24 53
23 53
22 52
21 52
21 52
20 52
19 51
18 51
18 51
17 50
16 50
15 49
14 49
14 49
13 48
12 47
12 46
11 45
11 45
10 44
9 43
9 42
8 41
8 41
7 40
6 39
6 38
5 37
5 37
4 36
4 35
3 34
3 33
3 33
2 32
2 31
1 30
1 29
1 29
1 28
1 27
0 26
0 25
0 24
0 24
0 23
0 22
0 21
0 20
0 20
0 19
0 18
0 17
0 16
0 16
0 15
0 14
0 13
0 13
1 12
1 11
2 10
2 9
2 9
3 8
3 7
4 6
4 5
4 5
5 4
6 4
7 3
7 3
8 2
9 2
10 1
10 1
11 1
12 0
13 0
14 0
14 0
15 1
16 1
17 2
18 2
18 2
19 3
20 4
21 4
22 5
22 5
23 6
24 7
24 8
25 9
25 9
26 10
26 11
27 12
28 13
28 14
29 15
29 15
30 16
31 17
31 18
32 19
33 20
33 20
33 20
34 21
34 22
35 23
35 24
36 25
37 26
37 27
38 28
38 29
39 30
39 31
40 32
40 32
41 33
41 34
42 35
42 36
43 37
43 38
43 38
43 39
44 40
44 41
44 42
44 43
45 44
45 45
45 45
45 46
46 47
46 48
46 49
47 50
47 51
47 51
47 52
47 53
47 54
48 55
48 56
48 57
48 58
48 58
48 59
48 60
48 61
47 62
47 63
47 64
47 65
47 65
47 66
47 67
47 68
46 69
46 70
46 71
46 72
46 73
46 73
46 74
45 75
45 76
45 77
44 78
44 79
44 79
43 80
43 81
42 82
42 83
41 84
41 85
41 85
40 86
40 87
39 88
39 89
38 90
38 91
38 91
37 92
36 93
35 94
34 95
34 95
33 96
32 97
31 97
30 98
30 98
29 99
28 99
27 100
26 100
26 100
25 100
24 100
23 100
22 100
21 100
21 100
20 100
19 99
18 99
18 99
17 98
16 98
15 97
14 97
14 97
13 96
13 95
12 94
12 94
12 93
11 92
11 91
10 90
10 89
10 89
10 88
9 87
9 86
9 85
8 84
8 83
8 83
8 82
8 81
8 80
8 79
8 78
8 77
8 77
8 76
9 75
9 74
9 73
9 72
10 71
10 70
10 70
10 69
11 68
11 67
12 66
12 65
13 64
13 63
13 63
14 62
14 61
15 60
15 59
16 58
16 57
17 56
17 56
18 55
19 54
20 53
21 52
22 51
23 50
23 50
24 49
25 48
26 47
27 47
28 46
29 45
29 45
30 44
31 44
32 43
33 43
34 42
35 42
35 42
36 42
37 42
38 41
39 41
40 41
40 41
41 41
42 41
43 40
44 40
45 40
45 40
46 40
47 41
48 41
48 41
49 42
50 42
50 42
51 43
52 43
52 43
53 43
53 43
53 43
54 43
55 42
56 42
57 42
58 41
59 41
59 41
58 42
58 43
58 43
57 43
57 43
56 43
56 43
56 43
56 43
56 43
55 43
55 43
55 43
54 44
54 44
53 45
53 46
53 46
52 47
52 48
52 48
52 49
52 50
52 51
52 51
52 52
51 53
51 54
51 54
51 55
51 55
51 55
52 56
53 56
54 57
54 57
55 56
56 56
56 56
57 55
58 55
58 55
59 54
60 53
60 53
61 52
62 51
62 51
63 50
63 49
63 49
64 48
64 47
64 47
64 46
64 46
64 46
64 45
64 44
64 44
63 44
63 44
62 43
62 43
61 43
60 43
60 43
59 44
59 44
58 44
57 44
57 44
56 45
56 45
56 45
56 45
56 45
56 45
57 45
57 45
58 45
59 44
60 44
61 44
62 44
63 43
64 43
65 43
65 43
66 43
66 43
67 43
67 43
67 43
67 43
67 43
67 44
67 44
67 45
67 46
67 46
67 47
67 48
67 49
67 49
66 50
66 51
66 51
66 52
66 52
65 53
65 53
65 54
65 54
65 53
65 53
66 53
66 53
66 52
66 51
66 51
67 50
67 49
67 49
68 48
68 47
68 47
69 46
70 45
70 45
71 44
71 44
72 43
72 43
73 43
73 43
74 43
74 43
74 44
74 44
74 45
74 46
74 47
74 47
74 48
73 49
73 50
73 50
73 51
72 52
72 53
72 53
72 54
72 55
72 55
72 55
72 55
72 55
73 54
73 54
73 53
74 52
74 51
75 50
75 49
76 48
76 47
76 47
75 48
75 48
74 49
74 49
73 50
73 50
74 50
74 50
74 50
75 49
75 49
76 49
76 49
77 48
77 48
78 47
79 47
79 47
80 46
80 46
81 45
81 45
81 44
81 44
82 43
82 43
82 43
83 42
83 42
83 42
82 42
82 42
81 41
81 41
80 42
80 42
79 42
78 42
78 42
77 43
77 44
77 44
76 45
76 45
75 46
75 47
75 47
74 48
74 48
74 49
74 50
74 50
74 51
74 52
74 52
74 53
74 54
74 54
74 54
74 55
75 56
75 57
75 57
76 57
76 57
77 58
77 58
78 58
79 58
79 58
80 57
80 57
81 56
82 56
82 56
83 55
84 54
84 54
85 53
85 53
85 52
85 52
85 52
86 51
86 50
87 49
87 48
88 47
88 46
89 45
89 44
90 43
90 42
91 41
91 40
91 40
91 40
91 40
90 39
90 38
90 38
90 38
90 37
90 37
89 37
89 37
88 37
88 37
88 38
88 38
87 39
87 39
86 40
86 40
85 41
85 41
84 42
84 42
83 43
83 43
82 44
82 45
82 45
82 46
82 46
82 47
82 47
82 47
82 48
82 48
82 48
83 49
83 49
84 50
85 50
85 50
86 50
86 50
87 49
88 49
88 49
89 49
89 49
90 49
91 49
91 49
92 49
92 49
93 50
93 50
94 50
95 50
95 50
96 51
96 51
97 52
97 52
98 53
98 53
99 54
99 54
100 54
100 54
100 55
100 56
100 56
99 57
99 57
99 58
99 58
99 59
99 59
98 60
98 61
98 61
98 62
98 62
97 63
97 63
96 64
96 65
96 65
95 66
94 66
94 66
93 67
92 68
92 68
91 69
90 69
89 70
88 70
88 70
87 71
86 71
85 72
84 72
84 72
83 72
82 72
81 73
80 73
79 73
79 73
78 73
77 73
76 74
75 74
74 74
74 74
73 74
72 74
71 75
70 75
69 75
69 75
68 75
67 75
66 75
65 75
65 75
64 75
63 74
62 74
61 74
61 74
60 74
59 73
58 73
58 73
57 72
56 72
55 71
55 71
55 70
55 69
55 69
55 69
55 68
56 67
56 66
56 66
57 65
58 64
58 64
59 63
59 63
60 62
61 62
62 61
62 61
62 61
61 60
60 59
59 58
58 57
57 56
56 55
55 54
54 53
53 52
52 52
51 51
50 50
49 49
48 48
47 47
46 46
45 45
44 44
44 44
44 44
45 45
45 45
45 45
45 46
