29 46
29 46
29 46
29 46
29 46
29 46
29 46
29 46
29 46
29 46
29 46
29 46
29 47
29 48
29 49
29 49
29 49
28 50
28 50
27 50
27 50
26 50
25 50
25 50
24 50
23 50
23 50
22 50
21 50
20 50
20 50
19 49
18 49
17 48
17 48
16 47
15 46
14 45
14 45
13 44
12 43
11 42
10 41
10 41
9 40
8 39
8 38
7 37
7 37
7 36
6 35
6 34
5 33
5 32
5 32
4 31
3 30
2 29
2 29
1 28
1 27
0 26
0 25
0 25
0 24
0 23
0 22
0 22
0 21
0 20
0 19
0 18
0 18
0 17
0 16
1 15
1 14
1 13
1 13
1 12
2 11
2 10
2 9
3 8
3 7
3 7
4 6
5 5
5 4
6 3
6 3
7 3
8 2
9 2
10 1
11 1
11 1
12 1
13 1
14 0
15 0
16 0
16 0
17 0
18 1
19 1
20 1
21 1
22 2
23 2
23 2
24 3
25 3
26 4
27 5
28 5
29 6
29 6
30 7
31 8
32 9
33 9
34 10
35 11
36 12
36 12
37 13
38 14
38 15
39 16
40 17
41 18
41 19
42 20
42 20
42 21
43 22
43 23
44 24
44 25
45 26
45 27
46 28
46 29
47 30
47 31
47 31
47 32
48 33
48 34
49 35
49 36
50 37
50 38
50 39
51 40
51 41
52 42
52 43
52 43
52 43
52 44
53 45
53 46
53 47
53 48
54 49
54 50
54 51
54 52
55 53
55 54
55 55
55 56
56 57
56 58
56 59
56 60
57 61
57 62
57 62
57 63
57 64
57 65
57 66
57 67
57 68
57 69
57 70
57 71
57 71
57 72
57 73
57 74
56 75
56 76
56 77
56 78
56 78
56 79
55 80
55 81
55 82
54 83
54 84
54 84
53 85
53 86
52 87
52 88
51 89
51 90
51 90
50 91
49 92
48 93
47 94
47 94
46 95
45 96
44 96
43 97
42 98
42 98
41 98
40 99
39 99
38 99
37 100
36 100
36 100
35 100
34 100
33 100
32 100
31 100
30 100
30 100
29 100
28 99
27 99
26 98
25 98
25 98
24 97
23 96
22 96
21 95
20 94
20 94
19 93
19 92
18 91
17 90
17 89
16 88
16 88
15 87
15 86
14 85
14 84
13 83
13 83
13 82
13 81
13 80
13 79
13 78
13 77
13 77
13 76
13 75
13 74
13 73
13 72
13 71
13 71
14 70
14 69
15 68
15 67
16 66
16 65
16 65
17 64
17 63
18 62
19 61
20 60
20 59
21 58
21 58
22 57
23 56
24 55
25 54
26 53
27 52
27 52
28 51
29 51
30 50
31 49
32 49
33 48
33 48
34 47
35 47
36 46
37 46
38 45
39 45
40 44
40 44
41 44
42 44
43 43
44 43
45 43
46 43
46 43
47 43
48 43
49 43
50 43
51 43
51 43
52 43
53 44
54 44
55 44
55 44
55 44
56 45
57 46
57 47
58 48
59 49
59 49
60 50
60 51
60 51
60 52
60 52
59 53
59 53
58 53
57 53
57 53
56 53
56 53
55 53
55 53
54 52
54 52
55 51
55 50
56 49
56 48
57 47
57 46
58 45
58 45
58 45
57 45
57 45
56 45
56 45
55 46
55 46
54 47
54 47
54 48
54 48
54 49
54 49
53 49
53 49
53 50
53 50
52 51
52 52
52 52
52 53
52 54
52 54
52 55
51 56
51 57
51 57
51 58
50 59
50 60
50 60
50 60
50 61
50 62
51 63
51 64
51 65
51 65
52 66
52 67
52 67
53 66
54 66
54 66
55 65
56 64
56 64
57 63
57 62
58 61
58 61
59 60
59 59
60 58
60 58
60 57
61 56
61 55
61 55
61 55
61 54
62 53
62 52
62 51
62 51
61 50
61 49
61 49
60 48
60 48
59 48
59 48
58 48
57 48
57 48
56 49
55 49
55 49
54 49
54 49
53 50
53 50
52 50
52 50
52 50
53 50
53 50
54 50
55 49
56 49
57 48
58 48
59 47
60 47
61 46
62 46
63 45
64 45
64 45
64 45
64 46
64 47
64 47
64 48
64 48
64 48
64 48
65 48
65 48
65 48
65 49
65 50
65 50
65 51
65 52
65 52
65 53
65 54
65 55
65 55
65 56
65 57
65 57
64 58
64 59
64 59
64 60
64 60
64 61
64 61
64 61
64 60
64 60
65 59
65 58
65 58
65 57
65 56
65 56
66 55
66 54
66 54
67 53
67 52
67 52
68 51
68 50
68 50
69 49
69 48
69 48
70 47
70 47
70 47
70 47
71 48
71 48
71 49
71 49
71 50
71 51
71 52
71 52
71 53
71 54
71 55
71 56
71 56
71 57
71 58
71 59
71 59
71 60
70 61
70 62
70 62
70 63
70 64
70 64
70 65
70 65
70 65
70 64
70 64
70 63
70 63
70 62
71 61
71 60
71 59
72 58
72 57
73 56
73 55
73 54
74 53
74 52
74 52
74 52
74 53
73 54
73 55
73 55
72 56
72 56
73 56
73 56
73 56
74 56
74 56
75 56
75 56
76 55
77 55
77 55
78 55
78 55
79 54
79 54
80 53
80 53
81 52
81 52
82 51
82 51
83 50
83 50
83 49
83 49
82 48
82 47
82 47
82 47
81 46
81 46
80 47
79 47
79 47
78 47
78 47
77 48
76 49
76 49
75 50
75 50
74 51
74 52
74 52
73 53
73 54
73 54
72 55
72 56
72 56
72 57
72 58
72 59
72 59
72 60
72 61
72 61
73 62
73 63
73 63
74 64
74 64
75 65
76 65
76 65
77 65
78 65
78 65
78 65
79 64
80 64
81 63
81 63
81 63
82 62
83 62
83 62
84 61
84 61
85 60
85 59
86 58
87 57
87 56
88 55
89 54
90 53
90 52
91 51
92 50
92 49
93 48
94 47
94 46
95 45
95 45
95 45
95 45
94 44
94 43
94 43
93 43
93 43
92 43
92 43
92 43
91 43
91 43
90 43
90 43
89 44
89 44
88 45
88 45
87 46
87 47
87 47
86 48
86 48
85 49
85 50
85 50
85 51
85 52
85 52
85 53
85 53
85 54
85 54
86 55
86 55
87 56
87 56
88 57
89 57
89 57
90 57
91 57
92 57
92 57
93 57
94 58
95 58
95 58
96 59
96 60
96 60
97 61
98 62
98 62
98 62
98 63
98 64
99 65
99 66
99 67
99 67
99 68
99 69
99 70
99 70
99 71
99 72
99 72
98 73
98 74
97 75
97 75
96 76
96 77
95 78
95 78
94 79
93 80
93 80
92 81
91 81
90 82
89 82
89 82
88 82
87 83
86 83
85 83
85 83
84 83
83 83
82 84
81 84
80 84
79 84
79 84
78 84
77 84
76 84
75 84
75 84
74 84
73 84
72 84
71 84
71 84
70 83
69 83
68 82
68 82
68 81
67 80
67 79
67 78
67 78
67 77
66 76
66 75
66 75
67 74
67 73
67 73
67 73
68 72
68 71
69 70
69 70
70 70
71 70
71 70
72 70
72 70
73 69
74 69
74 69
75 69
76 69
76 69
77 68
78 68
