22 40
22 40
22 40
22 40
22 40
22 40
22 41
22 42
22 43
22 43
21 44
20 44
20 44
19 45
19 46
19 46
18 47
17 47
17 47
16 47
15 47
15 47
14 47
13 47
13 47
12 46
11 46
11 46
10 45
9 45
8 44
8 44
7 43
6 42
6 42
5 41
5 40
4 39
4 39
4 38
3 37
3 36
3 36
3 35
3 34
3 33
3 32
3 32
3 31
3 30
3 29
3 28
3 27
3 27
3 26
3 25
3 24
3 23
3 22
3 22
3 21
3 20
3 19
3 18
3 17
3 17
3 16
3 15
4 14
4 13
4 12
4 12
5 11
5 10
6 9
6 8
6 8
7 7
7 6
8 5
8 4
8 4
9 3
10 3
11 2
11 2
12 1
13 1
14 0
14 0
15 0
16 0
17 0
17 0
18 1
19 1
20 2
21 2
21 2
22 2
23 3
24 3
25 4
26 4
26 4
27 5
28 6
29 6
30 7
30 7
31 8
32 9
33 10
34 11
34 11
35 12
35 13
36 14
36 15
37 16
37 17
37 17
37 18
38 19
38 20
38 21
38 22
39 23
39 24
39 24
39 25
40 26
40 27
40 28
41 29
41 30
41 31
41 32
42 33
42 34
42 34
42 35
42 36
42 37
42 38
42 39
43 40
43 41
43 42
43 43
43 44
43 45
43 45
43 46
43 47
43 48
43 49
42 50
42 51
42 52
42 53
42 54
42 55
42 55
42 56
42 57
42 58
42 59
42 60
42 61
42 62
42 63
42 64
42 64
42 65
42 66
41 67
41 68
41 69
41 70
40 71
40 72
40 73
40 73
40 74
39 75
39 76
39 77
39 78
38 79
38 80
38 81
38 81
37 82
37 83
36 84
36 85
35 86
35 87
35 87
34 88
33 89
32 90
32 90
31 91
30 92
29 92
28 93
28 93
27 93
26 94
25 94
24 95
23 95
23 95
22 95
21 96
20 96
19 97
18 97
18 97
17 97
16 98
15 98
14 99
13 99
13 99
12 99
11 99
10 100
9 100
8 100
8 100
7 100
6 100
5 100
4 100
4 100
3 99
2 99
1 98
1 98
1 97
1 96
0 95
0 94
0 93
0 93
0 92
0 91
0 90
0 89
0 88
0 88
0 87
1 86
1 85
1 84
2 83
2 82
2 82
3 81
3 80
4 79
5 78
5 77
6 76
6 76
7 75
8 74
9 73
10 73
11 72
12 71
12 71
13 70
14 70
15 69
16 68
17 68
18 67
18 67
19 66
20 66
21 65
22 64
23 64
24 63
24 63
25 63
26 62
27 62
28 61
29 61
30 60
31 60
31 60
32 60
33 59
34 59
35 59
36 59
37 58
38 58
38 58
39 58
40 57
41 57
42 56
43 56
44 56
45 55
46 55
46 55
47 55
48 54
49 54
50 54
51 53
52 53
52 53
53 53
54 52
55 52
56 52
56 52
57 52
58 52
58 52
59 53
59 53
58 54
58 55
58 55
58 54
57 53
57 52
57 51
57 50
56 49
56 48
56 47
56 46
55 45
55 44
55 44
55 44
55 44
55 44
55 44
55 44
55 45
54 46
54 47
54 47
53 48
53 49
53 49
53 50
52 51
52 52
52 52
52 53
52 54
51 55
51 56
51 57
51 57
51 58
51 59
51 60
51 61
51 61
51 62
52 63
52 64
52 64
53 65
54 66
54 66
55 66
56 65
57 65
57 65
58 64
59 64
59 64
59 63
60 62
60 61
60 61
61 60
61 59
61 59
61 58
61 57
61 56
61 56
61 55
61 54
61 54
60 53
60 52
60 52
59 51
59 50
59 50
58 49
57 48
57 48
56 48
56 48
55 48
54 48
54 48
53 49
53 49
52 49
52 49
52 50
52 50
52 50
53 50
54 49
55 49
56 49
57 49
58 48
59 48
60 48
61 48
62 47
63 47
63 47
64 47
65 47
66 47
66 47
66 47
66 47
66 47
66 48
66 48
66 49
66 49
66 50
66 51
66 52
66 53
66 53
66 54
66 55
66 56
66 57
66 57
66 58
66 59
66 60
66 60
66 61
65 62
65 63
65 63
65 64
65 64
65 65
65 65
65 65
64 65
64 65
64 64
64 64
64 63
64 63
65 62
65 61
65 61
66 60
66 59
66 59
66 58
67 57
67 56
67 56
67 55
68 54
68 53
68 53
69 52
69 51
69 51
70 50
70 50
71 49
71 49
72 49
72 49
73 50
73 50
73 51
73 52
73 52
74 53
74 54
74 54
74 55
74 56
74 56
74 57
74 58
74 58
74 59
74 60
74 60
74 61
74 62
74 63
74 63
73 64
73 64
73 65
73 65
74 65
74 65
74 65
75 64
75 63
76 62
76 61
77 60
77 59
78 58
78 57
79 56
79 55
80 54
80 54
79 54
79 54
78 55
78 55
78 55
79 56
79 57
79 57
80 57
80 57
81 56
81 56
82 55
83 55
83 55
84 54
84 54
85 53
85 52
85 52
85 51
86 50
86 49
86 49
86 48
86 48
85 47
85 46
85 46
85 45
85 44
85 44
84 44
83 44
83 44
82 44
82 44
81 45
81 45
80 46
79 47
79 47
78 48
78 49
77 50
77 50
77 51
76 52
76 53
76 54
76 54
76 55
76 56
76 57
76 57
76 58
76 59
76 60
76 61
76 61
77 62
77 63
77 63
78 64
78 65
78 65
79 66
80 67
80 67
81 68
81 68
82 68
82 68
83 68
83 68
84 67
85 66
85 65
86 64
87 63
88 62
89 61
89 60
90 59
91 58
92 57
93 56
93 55
94 54
95 53
95 53
96 52
97 51
97 51
97 50
97 50
96 50
96 50
96 50
96 51
96 51
96 51
96 50
96 50
96 49
96 48
96 48
96 47
96 47
96 46
96 45
96 45
95 44
95 44
94 44
94 44
94 43
94 43
93 43
93 43
92 43
91 43
91 43
90 44
90 44
89 45
89 46
89 46
88 47
88 48
88 48
88 49
88 49
89 50
89 51
89 51
90 52
90 53
90 53
91 54
92 55
92 55
93 56
94 56
94 56
95 57
95 58
96 59
96 59
97 60
98 61
98 61
98 62
99 63
99 64
99 65
99 65
99 66
99 67
99 68
99 68
99 69
100 70
100 71
100 72
100 72
100 73
99 74
99 75
99 76
99 76
99 77
98 78
98 79
98 80
98 80
98 81
97 82
97 83
97 83
96 84
95 85
95 86
94 87
94 87
93 88
92 89
91 89
90 90
90 90
89 91
88 92
87 92
86 93
86 93
85 93
84 94
83 94
82 95
81 95
81 95
80 95
79 95
78 95
77 95
77 95
76 95
75 94
74 94
74 94
73 93
72 92
71 92
70 91
70 91
69 90
68 89
68 88
67 87
67 87
66 86
66 85
65 84
65 83
65 83
65 82
64 81
64 80
64 80
64 79
63 78
63 77
63 77
64 76
64 75
64 75
65 74
65 74
66 73
67 73
68 72
68 72
69 71
70 71
71 70
