36 44
36 44
36 44
37 45
37 46
37 46
37 47
37 47
37 47
37 47
38 48
38 48
37 49
37 49
37 49
36 50
36 50
35 51
34 51
34 51
33 52
32 53
32 53
31 53
30 53
29 53
28 53
28 53
27 53
26 53
25 53
24 53
24 53
23 52
22 52
21 51
20 51
20 51
19 50
18 49
17 49
16 48
16 48
15 47
15 46
14 45
14 44
13 43
13 43
12 42
11 41
11 40
10 39
9 38
9 38
8 37
8 36
7 35
7 34
6 33
6 33
6 32
5 31
5 30
5 29
4 28
4 27
4 27
4 26
3 25
3 24
3 23
2 22
2 21
2 21
2 20
1 19
1 18
0 17
0 16
0 16
0 15
0 14
0 13
0 12
0 12
0 11
0 10
0 9
0 8
0 8
0 7
1 6
1 5
1 5
2 4
3 3
3 3
4 2
5 2
6 1
7 1
7 1
8 1
9 1
10 0
11 0
12 0
12 0
13 0
14 0
15 1
16 1
17 1
17 1
18 1
19 1
20 2
21 2
22 2
23 2
23 2
24 2
25 3
26 3
27 4
28 4
29 5
30 5
30 5
31 6
32 7
33 8
34 9
35 10
36 11
36 11
36 11
37 12
38 13
38 14
39 15
40 16
41 17
42 18
42 19
43 20
44 21
45 22
46 23
46 24
47 25
48 26
48 26
49 27
49 28
50 29
50 30
51 31
51 32
52 33
52 34
53 35
53 35
53 36
54 37
54 38
55 39
55 40
56 41
56 42
57 43
57 44
57 44
57 45
58 46
58 47
59 48
59 49
59 50
60 51
60 52
60 52
60 53
60 54
60 55
61 56
61 57
61 58
61 59
61 60
61 60
61 61
61 62
61 63
61 64
61 65
61 66
61 67
61 68
61 68
61 69
61 70
61 71
60 72
60 73
60 74
60 75
60 76
60 76
60 77
59 78
59 79
58 80
58 81
58 82
57 83
57 84
57 84
56 85
56 86
55 87
55 88
54 89
54 90
54 90
53 91
52 92
51 93
51 94
50 95
49 96
49 96
48 97
47 98
46 98
45 99
45 99
44 99
43 99
42 100
41 100
40 100
40 100
39 100
38 100
37 100
36 100
35 100
35 100
34 99
33 99
32 98
31 98
31 98
30 97
29 96
28 95
27 94
27 94
26 93
25 92
25 91
24 90
24 90
23 89
23 88
22 87
22 86
22 86
22 85
21 84
21 83
21 82
20 81
20 80
20 80
20 79
20 78
21 77
21 76
21 75
21 75
21 74
22 73
22 72
23 71
23 70
23 69
24 68
24 67
24 67
24 66
25 65
25 64
26 63
26 62
26 61
27 60
27 59
27 59
28 58
28 57
29 56
30 55
30 54
31 53
31 52
32 51
32 51
33 50
33 49
34 48
35 47
36 46
36 45
37 44
37 44
38 43
39 42
40 42
41 41
42 40
42 40
43 39
44 39
45 38
46 38
46 38
46 38
47 38
48 38
49 37
50 37
51 37
52 37
53 36
54 36
55 36
56 36
57 36
58 35
59 35
60 35
60 35
59 36
59 37
59 37
58 37
57 37
57 37
56 38
56 38
56 38
55 38
55 38
55 38
54 38
54 38
54 39
54 39
54 40
53 41
53 42
53 42
53 43
52 44
52 45
52 45
52 46
52 47
52 48
52 48
52 49
52 50
52 51
52 51
52 52
52 53
52 53
53 54
53 55
53 55
54 55
55 55
55 55
56 54
57 54
57 54
58 53
59 52
59 52
60 51
61 51
62 50
62 50
63 49
64 48
64 48
64 47
65 46
65 45
65 45
66 44
66 43
66 43
67 42
67 42
66 41
66 40
66 40
65 40
65 40
64 39
64 39
63 39
62 39
62 39
61 40
60 40
60 40
59 41
58 41
58 41
57 41
57 41
56 41
56 41
56 41
56 41
57 40
58 40
59 39
60 38
61 38
62 37
62 37
63 37
64 37
65 37
65 37
66 37
66 37
67 38
67 38
67 39
67 39
68 40
68 40
68 41
68 42
68 42
68 43
68 44
68 44
68 45
68 46
68 46
68 47
67 48
67 49
67 49
67 50
67 51
67 51
66 52
66 52
65 53
65 53
65 53
65 53
65 52
65 52
66 51
66 51
66 50
66 49
66 49
67 48
67 47
68 46
68 46
69 45
69 44
69 44
70 43
70 42
70 42
71 41
71 40
71 40
72 39
72 39
73 39
73 39
74 40
74 40
74 41
74 41
74 42
74 43
74 43
74 44
74 45
74 46
74 46
74 47
73 48
73 49
73 50
73 50
73 51
73 52
73 52
73 53
73 53
73 53
73 53
73 53
73 52
74 51
74 50
75 49
75 48
75 47
76 46
76 45
76 45
76 45
75 46
75 47
75 47
74 47
74 47
75 47
75 47
75 47
76 46
77 46
77 46
78 46
78 46
79 45
79 45
80 44
80 44
81 43
81 43
82 42
83 42
83 42
83 41
83 41
84 40
84 40
84 39
84 39
84 38
84 38
83 38
83 38
83 37
83 37
82 37
82 37
81 38
80 38
80 38
79 39
79 39
78 40
77 41
77 41
76 42
76 43
76 43
76 44
75 45
75 46
75 46
75 47
75 48
75 49
75 49
75 50
75 51
75 51
75 52
75 53
75 53
76 54
76 54
77 54
77 54
78 54
78 54
79 53
80 53
80 53
81 53
82 53
82 53
83 52
83 52
84 51
85 51
85 51
86 51
86 51
86 50
87 49
87 48
88 47
88 46
88 45
89 44
89 43
89 42
90 41
90 40
91 39
91 38
91 38
91 38
91 38
91 38
91 37
91 36
91 35
91 35
91 34
91 34
91 33
91 33
90 33
90 33
89 33
89 33
88 34
88 34
87 35
87 36
87 36
86 37
86 37
85 38
85 39
85 39
84 40
84 41
84 41
83 42
83 42
83 43
83 43
83 44
83 44
83 44
84 44
85 44
85 44
86 44
86 44
87 44
88 44
88 44
89 45
90 45
90 45
91 45
92 45
92 45
93 46
93 46
94 47
95 48
95 48
96 49
96 49
97 50
97 51
97 51
98 52
99 53
99 53
99 54
99 54
100 55
100 56
100 56
100 57
99 58
99 59
99 59
98 60
98 61
97 62
97 62
96 63
96 64
95 65
95 65
94 66
93 66
92 67
92 67
91 68
90 68
89 69
89 69
88 70
87 70
86 71
86 71
85 71
84 71
83 71
83 71
82 71
81 70
80 70
80 70
79 70
78 69
77 69
77 69
76 68
75 68
74 67
73 67
73 67
72 66
71 65
71 65
70 65
69 64
68 64
68 64
67 63
