39 30
39 31
39 32
39 32
38 32
38 32
38 33
38 33
37 33
37 33
36 33
36 33
35 33
35 33
34 34
34 34
33 34
32 34
32 34
31 35
30 35
30 35
29 35
28 35
28 35
27 35
26 35
25 35
25 35
24 35
23 35
23 35
22 35
21 35
20 35
20 35
19 35
18 34
17 34
17 34
16 34
15 34
15 34
14 34
13 33
12 33
12 33
11 33
10 33
10 33
9 32
8 32
8 32
7 32
6 32
5 32
5 32
4 31
3 31
3 31
2 30
2 29
2 29
1 28
1 28
0 27
0 26
0 26
0 25
0 24
0 24
0 23
0 22
0 22
0 21
0 20
0 20
0 19
1 18
1 17
1 17
2 16
2 15
2 15
3 14
3 13
4 12
4 12
5 11
5 10
6 9
6 9
7 8
8 8
9 7
9 7
10 6
11 5
12 4
12 4
13 3
14 3
15 2
16 2
16 2
17 2
18 1
19 1
19 1
20 1
21 0
22 0
22 0
23 0
24 1
25 1
25 1
26 1
27 2
28 2
28 2
29 3
30 3
31 4
31 4
32 5
33 5
34 6
34 6
35 7
35 8
36 9
36 10
36 10
37 11
38 12
38 13
39 14
39 14
39 15
40 16
40 17
41 18
41 19
41 19
41 20
42 21
42 22
42 23
43 24
43 25
43 25
43 26
43 27
43 28
44 29
44 30
44 31
44 32
44 33
44 33
44 34
44 35
44 36
44 37
44 38
44 39
44 40
44 40
44 41
44 42
44 43
45 44
45 45
45 46
45 47
45 48
45 48
45 49
45 50
45 51
45 52
45 53
45 54
45 54
45 55
45 56
45 57
45 58
45 59
45 59
45 60
45 61
45 62
45 63
45 63
45 64
44 65
44 66
44 67
44 67
44 68
44 69
43 70
43 71
43 72
43 72
43 73
42 74
42 75
42 76
42 76
42 77
41 78
41 79
41 80
41 80
40 81
40 82
39 83
39 84
39 84
38 85
38 86
37 87
37 88
37 88
36 89
35 90
34 91
34 91
33 92
32 92
31 93
31 93
30 94
29 95
28 96
28 96
27 97
26 97
25 98
25 98
24 98
23 99
22 99
21 99
21 99
20 99
19 100
18 100
18 100
17 100
16 100
15 100
15 100
14 100
13 100
12 100
11 100
11 100
10 100
9 100
9 100
8 99
7 99
6 98
6 98
5 97
4 96
4 96
3 95
3 94
3 94
3 93
2 92
2 91
2 91
2 90
2 89
2 88
2 87
2 87
2 86
2 85
3 84
3 83
3 82
3 82
3 81
3 80
4 79
4 78
4 77
4 77
4 76
4 75
5 74
5 73
5 72
5 72
5 71
6 70
6 69
6 68
6 67
7 66
7 65
7 65
7 64
8 63
8 62
8 61
9 60
9 59
9 59
9 58
10 57
10 56
10 55
10 54
11 53
11 52
11 52
12 51
12 50
13 49
13 48
14 47
14 47
15 46
15 45
16 44
16 43
17 42
17 41
17 41
18 40
18 39
19 38
19 37
20 36
20 35
20 35
21 34
22 33
22 32
23 31
24 30
24 30
25 29
25 28
26 27
26 26
27 25
27 25
28 24
29 23
30 22
30 22
31 21
32 20
33 19
33 19
34 18
35 18
35 18
36 17
37 17
37 17
38 17
39 17
40 17
40 17
41 17
42 17
42 17
43 18
44 18
44 18
45 19
45 19
46 20
47 20
47 20
48 21
48 21
49 22
50 22
50 22
51 23
51 23
51 24
51 24
52 25
52 26
52 26
52 27
52 27
52 28
52 29
52 29
52 30
52 31
52 32
52 32
51 33
51 34
51 34
51 35
50 36
50 37
50 37
50 38
49 39
49 40
49 40
49 41
48 42
48 43
48 43
47 44
47 44
46 45
46 45
46 45
45 45
45 45
44 45
44 45
43 44
43 44
42 43
41 43
41 43
40 42
40 42
39 41
39 40
39 40
38 39
38 38
38 38
38 37
38 36
38 36
37 35
37 34
37 34
37 33
37 32
37 31
37 31
37 30
38 29
38 28
38 28
38 27
38 26
38 25
38 25
39 24
39 23
39 23
40 22
40 21
41 20
41 20
42 19
42 18
42 18
43 17
43 17
44 16
45 15
45 15
46 14
47 14
47 14
48 13
49 13
49 13
50 12
51 12
51 12
52 12
53 12
53 12
54 12
55 12
55 12
56 11
56 11
57 11
58 11
58 11
59 11
59 11
60 12
60 12
61 12
61 12
61 13
61 13
61 13
61 14
61 14
61 15
61 15
60 16
60 17
60 17
59 18
59 18
58 19
58 19
57 20
57 21
57 21
57 22
56 23
56 24
56 24
56 25
56 26
56 27
56 28
56 28
56 29
55 30
55 31
55 32
55 32
55 33
55 34
55 35
55 35
55 36
55 37
55 38
55 38
55 39
55 40
55 41
55 41
56 42
56 43
56 43
57 44
57 44
58 45
58 45
59 45
59 45
60 44
60 43
60 43
61 42
61 42
61 41
61 40
61 40
62 39
62 38
62 38
62 37
62 36
62 36
62 35
62 34
62 34
62 33
62 32
62 31
62 31
62 30
61 29
61 28
61 28
61 27
61 26
61 25
61 25
61 24
61 23
61 22
61 22
61 21
61 20
61 19
61 19
61 18
61 17
61 17
61 16
61 16
62 15
62 14
62 14
62 13
62 13
63 13
63 13
64 12
64 12
65 12
65 12
66 13
66 13
67 14
67 14
68 15
68 16
68 16
69 17
69 17
69 18
69 19
69 20
69 20
70 21
70 22
70 22
70 23
70 24
70 25
70 25
70 26
70 27
70 28
70 28
70 29
70 30
70 31
70 31
70 32
70 33
70 33
71 34
71 35
71 35
72 36
72 36
72 37
72 37
73 37
73 37
74 36
74 36
75 35
75 35
76 34
76 33
76 33
77 32
77 31
77 31
77 30
78 29
78 28
78 28
78 27
79 26
79 25
79 24
79 24
79 23
80 22
80 21
80 20
80 20
80 19
81 18
81 17
81 16
81 16
81 15
81 14
81 13
81 13
81 12
81 11
81 11
80 10
80 9
80 9
79 8
79 8
79 9
79 9
78 9
78 9
77 10
77 11
77 11
77 12
76 13
76 14
76 14
76 15
75 16
75 17
75 17
75 18
74 19
74 20
74 20
74 21
74 22
74 22
74 23
74 24
74 24
75 25
75 26
75 26
76 27
76 27
77 28
77 28
78 29
79 30
79 30
80 30
80 30
81 31
81 31
82 30
83 30
83 30
84 29
84 29
85 28
85 27
86 26
86 26
86 25
87 24
87 23
87 23
87 22
88 21
88 20
88 19
88 19
88 18
88 17
88 16
88 16
88 15
89 14
89 13
89 12
89 12
89 11
90 10
90 9
90 8
90 8
90 7
90 6
90 6
89 6
89 6
88 7
88 7
87 8
86 9
86 9
86 10
85 11
85 12
85 12
84 13
83 14
83 14
82 15
82 16
82 16
81 17
81 17
81 18
81 18
82 19
82 19
83 20
83 20
84 20
85 20
85 20
86 20
87 20
87 20
88 20
89 21
90 21
90 21
91 21
92 21
93 21
93 21
94 22
95 22
96 23
97 23
97 23
98 24
99 25
99 25
99 26
100 27
100 28
100 28
100 29
100 30
99 31
99 32
99 33
99 33
98 34
98 35
97 36
97 37
96 38
96 39
