42 33
42 34
41 35
41 36
41 36
40 37
40 38
40 38
39 39
39 40
39 40
38 41
38 42
37 43
37 43
36 44
36 45
35 46
35 46
34 47
34 48
33 49
33 50
33 50
32 51
31 52
30 53
29 54
29 54
28 55
27 56
26 57
25 58
25 58
24 59
23 59
22 60
21 60
20 61
20 61
19 61
18 62
17 62
16 62
16 62
15 62
14 62
13 62
12 62
12 62
11 61
10 61
9 60
8 60
8 60
7 59
6 58
6 57
5 56
5 56
5 55
4 54
4 53
3 52
3 51
2 50
2 49
2 49
2 48
2 47
2 46
1 45
1 44
1 43
1 42
1 42
1 41
1 40
1 39
1 38
0 37
0 36
0 35
0 34
0 33
0 33
0 32
0 31
0 30
0 29
0 28
0 27
0 26
0 25
0 24
0 24
0 23
0 22
0 21
0 20
0 19
0 18
0 17
0 16
0 15
0 15
0 14
0 13
1 12
1 11
1 10
1 10
2 9
2 8
3 7
3 6
3 6
4 5
5 4
6 3
6 3
7 2
8 2
9 1
10 1
10 1
11 1
12 0
13 0
14 0
14 0
15 0
16 0
17 1
18 1
19 1
20 1
20 1
21 1
22 1
23 2
24 2
25 2
26 2
26 2
27 3
28 4
29 5
30 6
31 7
31 7
32 8
33 9
34 10
34 11
35 12
36 13
36 13
37 14
37 15
38 16
38 17
39 18
39 19
40 20
40 21
41 22
41 23
41 23
41 24
42 25
42 26
43 27
43 28
43 29
44 30
44 31
45 32
45 33
45 33
45 34
46 35
46 36
46 37
47 38
47 39
47 40
48 41
48 42
48 42
48 43
49 44
49 45
49 46
49 47
50 48
50 49
50 49
50 50
50 51
50 52
51 53
51 54
51 55
51 56
51 57
51 57
51 58
51 59
51 60
51 61
51 62
51 63
51 63
51 64
50 65
50 66
50 67
50 68
49 69
49 70
49 70
49 71
48 72
48 73
48 74
47 75
47 76
47 76
47 77
46 78
46 79
45 80
45 81
44 82
44 83
44 83
44 84
43 85
43 86
42 87
42 88
41 89
41 90
41 90
40 91
39 92
38 93
37 94
37 94
36 95
35 96
34 97
33 98
33 98
32 99
31 99
30 100
29 100
29 100
28 100
27 100
26 100
25 100
25 100
24 100
23 99
22 99
22 99
21 98
20 97
19 97
18 96
18 96
17 95
17 94
16 93
16 92
16 92
16 91
15 90
15 89
15 88
14 87
14 86
14 86
14 85
14 84
13 83
13 82
13 81
13 81
13 80
14 79
14 78
14 77
14 77
14 76
15 75
15 74
15 73
15 73
15 72
16 71
16 70
17 69
17 68
17 68
18 67
19 66
19 65
20 64
20 64
21 63
22 62
22 61
23 60
24 59
24 59
25 58
26 57
26 56
27 55
27 55
28 54
28 53
29 52
29 52
30 51
31 51
32 50
32 50
33 49
34 49
34 49
35 49
36 48
37 48
38 47
39 47
40 46
41 46
42 45
43 45
44 44
45 44
46 43
47 43
48 42
49 42
50 41
51 41
52 40
53 40
54 39
55 39
56 38
57 38
58 37
59 37
60 36
61 36
61 36
61 36
61 36
61 36
61 36
60 36
59 36
59 36
59 37
59 37
59 37
58 38
58 38
58 39
58 39
57 40
57 41
57 41
57 42
57 43
57 44
57 44
57 45
57 46
57 47
57 47
57 48
57 49
57 50
57 51
57 51
57 52
57 53
57 54
57 54
57 55
58 56
58 57
58 57
59 58
59 59
59 59
60 60
60 60
61 60
61 60
62 60
62 60
62 59
62 58
62 58
63 57
63 56
63 56
64 55
64 54
64 54
64 53
65 52
65 51
65 51
65 50
65 49
65 48
65 48
65 47
66 46
66 45
66 45
66 44
66 43
66 43
65 42
65 42
64 41
64 40
64 40
63 40
63 40
62 40
61 40
61 40
60 40
59 40
59 40
58 41
57 41
57 41
56 42
55 42
55 42
54 43
54 43
54 44
54 44
54 45
54 45
54 46
54 46
55 45
56 45
57 44
58 43
59 42
60 42
61 41
62 40
63 40
64 39
65 38
66 37
67 37
68 36
68 36
69 36
69 36
69 36
69 37
69 37
69 38
69 38
69 39
69 40
69 40
69 41
69 42
69 43
69 43
69 44
69 45
69 46
69 47
69 47
69 48
69 49
69 50
69 51
69 52
69 52
69 53
69 54
69 55
69 55
69 56
69 57
69 58
69 59
69 59
69 60
68 61
68 62
68 62
68 63
68 63
68 63
68 63
69 62
69 61
69 61
69 60
69 59
69 58
69 58
69 57
70 56
70 55
70 55
70 54
71 53
71 52
71 51
71 51
71 50
71 49
71 48
71 48
71 47
72 46
72 45
72 44
72 44
72 43
72 43
72 43
72 44
72 44
72 45
72 46
72 46
72 47
73 48
73 49
73 49
73 50
73 51
73 52
73 53
73 54
73 54
73 55
73 56
73 57
73 57
73 58
73 59
73 59
73 60
73 61
73 62
73 62
73 62
74 63
74 63
75 62
75 62
75 61
75 60
75 60
75 59
75 58
75 58
75 57
75 56
75 56
76 55
76 54
76 54
76 53
76 52
76 52
77 51
77 51
77 51
78 51
79 51
79 51
79 51
79 51
80 52
80 52
81 52
81 52
82 51
83 51
83 51
84 50
84 50
85 49
85 49
86 48
86 47
86 47
87 46
87 45
87 45
88 44
88 44
88 43
88 43
88 42
88 42
87 41
87 41
86 40
86 40
85 41
85 41
84 42
83 42
83 42
82 43
81 44
81 44
80 45
80 46
79 47
79 47
79 48
78 49
78 50
78 50
78 51
77 52
77 53
77 53
77 54
77 55
77 55
77 56
77 57
77 57
78 58
78 58
78 58
79 59
80 59
80 59
81 58
81 58
82 57
83 57
84 56
84 56
85 55
86 54
86 54
87 53
88 53
88 53
88 53
89 52
90 51
91 51
92 50
93 49
93 49
93 49
94 48
94 47
95 46
95 45
96 44
96 44
97 43
97 42
97 42
97 41
97 41
97 40
97 40
97 39
97 39
97 39
96 39
96 39
95 39
95 39
94 40
94 41
94 41
93 42
92 42
92 42
91 43
91 44
91 44
90 45
89 46
89 46
88 47
88 48
88 48
88 49
88 49
88 50
88 50
88 51
88 52
88 52
89 53
89 53
90 54
90 55
90 55
91 56
91 57
91 57
91 58
92 59
92 60
92 60
93 61
94 62
94 62
95 63
95 64
95 64
96 65
97 66
97 66
98 67
98 68
98 68
99 69
99 70
99 70
99 71
99 72
99 72
100 73
100 73
99 74
99 75
99 75
99 76
99 77
99 77
98 78
98 79
98 79
97 80
97 81
97 81
96 82
96 83
96 83
95 84
94 84
94 84
93 85
92 86
92 86
91 87
90 87
90 87
89 87
88 88
87 88
87 88
86 88
85 88
85 88
84 88
83 88
82 88
82 88
81 88
80 88
80 88
79 88
78 87
77 87
77 87
76 86
75 85
75 85
74 84
73 83
73 83
72 82
72 81
72 81
72 80
71 79
71 78
71 78
71 77
71 76
71 76
70 75
70 74
70 74
71 73
71 72
71 72
71 71
71 70
71 70
71 69
71 69
71 68
71 68
72 67
72 67
72 67
73 66
73 66
73 66
74 66
74 66
74 67
74 67
74 67
74 68
74 69
74 69
73 70
73 70
72 71
72 71
72 71
71 71
71 71
71 71
70 70
70 70
70 70
70 70
70 70
71 69
71 69
72 68
72 67
72 67
