3 18
2 17
2 16
1 15
1 15
0 14
0 13
0 13
0 12
0 11
0 11
0 10
0 9
0 8
0 8
0 7
0 6
0 5
0 5
0 4
0 3
0 3
0 2
0 2
0 2
1 2
1 2
1 2
1 3
1 4
1 5
2 6
2 7
2 8
2 9
2 10
2 10
2 11
2 12
2 13
2 14
2 15
2 16
2 17
2 18
2 19
2 19
2 20
2 21
2 22
2 23
3 24
3 25
3 26
3 27
3 28
3 28
3 29
3 30
3 31
3 32
3 33
4 34
4 35
4 36
4 37
4 38
4 39
4 39
4 40
4 41
4 42
4 43
4 44
5 45
5 46
5 47
5 48
5 49
5 50
5 51
5 51
5 52
5 53
5 54
5 55
6 56
6 57
6 58
6 59
6 60
6 61
6 61
6 62
6 63
7 64
7 65
7 66
7 67
7 68
8 69
8 70
8 71
8 71
8 72
8 73
8 74
9 75
9 76
9 77
9 78
9 78
10 79
11 79
11 79
12 78
12 78
12 77
13 76
13 75
13 75
13 74
13 73
14 72
14 71
14 70
14 70
14 69
15 68
15 67
15 66
15 65
16 64
16 63
16 63
16 62
16 61
17 60
17 59
17 58
17 57
17 57
17 56
17 55
17 54
17 53
17 52
17 52
17 51
17 50
18 49
18 48
18 47
18 46
18 46
18 45
18 44
17 43
17 42
17 41
17 41
17 40
16 39
16 38
16 38
16 37
15 36
15 35
15 35
14 35
13 35
13 35
12 36
11 37
11 37
10 38
9 39
9 39
9 40
8 41
8 42
8 43
8 43
8 44
7 45
7 46
7 47
6 48
6 49
6 49
6 50
6 51
6 52
6 53
6 54
6 55
6 55
6 56
6 57
6 58
6 59
6 60
6 61
6 61
6 62
7 63
7 64
7 65
7 65
8 66
9 67
9 67
10 67
11 66
12 66
12 66
13 65
14 65
14 65
15 64
15 63
16 62
16 62
17 61
18 60
19 59
19 59
19 58
20 57
20 56
20 56
21 55
21 54
22 53
22 53
22 52
23 51
23 50
23 50
23 50
23 49
23 48
24 47
24 46
24 45
24 44
25 43
25 42
25 41
25 41
25 40
25 39
25 38
25 38
25 37
25 36
25 35
25 35
25 34
24 33
24 32
24 31
24 31
24 30
24 29
24 28
24 28
24 27
23 26
23 25
23 25
23 24
24 23
24 22
24 22
24 21
24 21
23 21
23 21
23 21
23 22
23 22
23 22
23 22
23 22
23 22
23 21
22 20
22 19
22 18
22 18
22 17
23 16
23 15
23 14
23 14
23 13
23 12
23 11
23 10
23 10
23 9
23 8
23 7
23 7
23 6
23 5
23 4
23 3
23 3
23 2
23 1
23 1
24 0
24 0
24 0
24 1
24 2
24 2
24 3
24 4
24 5
24 5
24 6
24 7
25 8
25 9
25 10
25 10
25 11
25 12
25 13
25 14
25 15
25 16
25 17
25 17
25 18
25 19
25 20
25 21
26 22
26 23
26 24
26 25
26 26
26 26
26 27
26 28
26 29
26 30
26 31
26 32
26 33
26 34
26 35
26 36
26 36
26 37
26 38
26 39
26 40
27 41
27 42
27 43
27 44
27 45
27 45
27 46
27 47
27 48
27 49
28 50
28 51
28 52
28 53
28 54
28 55
28 55
28 56
28 57
28 58
29 59
29 60
29 61
29 62
29 63
29 63
29 64
30 65
30 66
30 66
31 66
31 66
32 65
32 64
32 64
32 63
33 62
33 61
33 61
33 60
33 59
34 58
34 57
34 56
34 55
34 55
34 54
34 53
34 52
34 51
34 50
34 50
34 49
34 48
35 47
35 46
35 45
35 45
35 44
35 43
35 42
35 41
35 40
35 39
35 38
35 38
35 37
35 36
35 35
35 34
35 33
35 32
35 32
35 31
35 30
35 29
35 28
35 27
35 27
35 26
35 25
35 24
35 24
34 23
34 22
34 22
34 22
33 23
32 23
32 23
32 24
31 25
31 26
31 26
31 27
30 28
30 29
30 30
30 30
30 31
30 32
29 33
29 34
29 35
29 36
29 36
29 37
29 38
28 39
28 40
28 41
28 42
28 42
28 43
28 44
28 45
28 46
28 47
28 48
28 48
28 49
28 50
29 51
29 52
29 53
29 53
29 54
30 55
30 56
30 57
30 57
31 58
31 59
31 59
32 60
32 61
32 61
33 62
33 62
34 61
34 60
34 60
35 59
35 58
36 57
36 57
36 56
36 55
37 54
37 53
37 52
37 52
37 51
38 50
38 49
39 48
39 47
39 47
39 46
40 45
40 44
41 43
41 42
41 42
42 41
42 40
43 39
43 38
43 38
43 37
44 36
44 35
44 34
44 34
45 33
45 32
45 32
46 31
46 30
46 30
46 30
45 30
45 30
45 30
45 31
45 32
45 32
45 33
44 34
44 35
44 35
44 36
44 37
44 38
44 39
44 39
44 40
44 41
44 42
44 43
44 44
44 44
44 45
44 46
44 47
44 48
44 49
44 49
44 50
44 51
44 52
44 53
44 53
45 54
45 54
46 53
46 52
46 52
47 51
47 50
48 49
48 49
48 48
48 47
49 46
49 45
49 44
49 43
49 43
49 42
49 41
50 40
50 39
50 38
50 37
50 37
50 36
51 35
51 34
52 33
52 32
52 32
52 31
52 30
53 29
53 28
53 27
53 27
53 26
53 25
54 24
54 23
54 22
54 22
54 21
54 20
54 19
54 18
54 18
54 17
55 16
55 15
55 15
55 14
55 14
55 14
55 15
55 15
55 16
56 17
56 18
56 19
56 19
56 20
56 21
56 22
56 23
56 24
56 24
56 25
56 26
56 27
56 28
56 29
56 30
56 30
56 31
56 32
56 33
56 34
56 35
56 36
56 37
56 38
56 38
56 39
56 40
56 41
57 42
57 43
57 44
57 45
57 46
57 46
57 47
57 48
57 49
57 50
57 51
57 52
57 53
57 54
57 55
57 55
57 56
57 57
58 58
58 59
58 60
58 61
59 62
59 63
59 64
59 64
59 65
59 66
59 67
59 68
60 69
60 70
60 71
60 72
60 73
60 73
60 74
60 75
60 76
60 77
60 78
60 79
60 80
60 81
60 81
60 82
60 83
60 84
61 85
61 86
61 87
61 88
61 88
61 89
61 90
61 91
61 92
61 93
61 94
61 95
61 95
61 96
61 97
61 98
61 99
61 99
60 100
60 100
59 100
59 100
58 99
58 98
58 98
58 97
57 96
57 95
57 94
57 94
57 94
57 93
57 92
57 91
57 90
57 89
57 88
56 87
56 86
56 85
56 84
56 83
56 82
56 81
56 81
56 80
56 79
56 78
55 77
55 76
55 75
55 74
55 73
55 73
55 72
55 71
55 70
56 69
56 68
56 67
56 66
56 65
56 65
56 64
56 63
56 62
57 61
57 60
57 59
57 58
57 58
57 57
57 56
58 55
58 54
58 53
58 52
58 52
58 51
59 50
59 49
59 48
60 47
60 46
60 46
60 45
60 44
61 43
61 42
61 41
61 40
61 40
61 39
61 38
62 37
62 36
62 35
62 34
62 34
62 33
62 32
63 31
63 30
63 29
63 28
63 28
63 28
63 27
63 26
64 25
64 24
64 23
64 23
64 23
63 23
63 23
63 24
63 24
62 25
62 26
62 26
62 27
62 28
62 29
62 29
62 30
62 31
62 32
62 33
62 33
62 34
62 35
63 36
63 37
63 38
63 39
63 39
63 40
63 41
63 42
63 43
63 44
63 45
63 46
63 46
63 47
64 48
64 49
64 50
64 50
64 51
64 52
64 53
64 53
65 53
65 53
65 52
66 51
66 50
66 50
66 49
66 48
67 47
67 46
67 45
67 45
67 44
67 43
68 42
68 41
68 40
68 39
68 39
68 38
68 37
68 36
68 35
68 34
68 34
68 33
68 32
69 31
69 30
69 29
69 29
69 28
69 27
69 26
69 25
69 24
69 24
69 23
69 22
69 21
69 21
69 20
69 19
69 18
69 18
69 18
68 19
68 20
68 20
68 21
68 21
68 22
68 23
68 24
68 25
68 25
68 26
68 27
68 28
68 29
68 29
68 30
69 31
69 32
69 33
69 33
70 34
70 35
70 35
71 35
71 35
72 34
72 34
72 33
73 32
73 31
73 31
74 30
74 29
75 28
75 27
75 27
75 26
76 25
76 24
76 23
76 23
76 22
76 21
76 20
76 20
77 19
77 18
77 18
77 17
77 16
77 16
77 16
77 16
77 16
78 17
78 17
78 18
78 19
78 19
78 20
78 21
78 21
78 22
78 23
78 23
78 24
78 24
79 25
79 25
79 25
79 24
79 24
80 23
80 23
80 22
80 21
80 21
81 20
81 19
81 19
82 18
82 17
82 17
82 16
82 15
82 15
83 14
83 13
83 13
84 12
84 11
84 11
84 10
84 9
84 9
85 9
85 9
85 8
85 8
85 9
85 9
85 10
85 10
86 11
86 12
86 12
86 13
86 14
87 15
87 16
87 17
87 17
87 18
87 19
87 20
87 21
87 22
87 22
87 23
87 24
88 25
88 26
88 27
88 28
88 28
88 29
88 30
89 31
89 32
89 33
89 34
90 35
90 36
90 37
90 37
90 38
90 39
91 40
91 41
91 42
91 43
91 44
92 45
92 46
92 47
92 47
92 48
92 49
93 50
93 51
93 52
93 53
93 54
94 55
94 56
94 57
94 57
94 58
95 59
95 60
95 61
95 62
96 63
96 64
96 65
96 65
96 66
97 67
97 68
97 69
97 70
98 71
98 72
98 72
98 73
99 74
99 75
99 76
99 76
100 77
100 78
100 78
99 79
99 79
98 79
98 79
97 78
96 78
96 78
95 77
94 77
94 77
94 76
93 75
93 74
93 74
92 73
92 72
91 71
91 70
90 69
90 69
90 68
89 67
89 66
89 65
88 64
88 63
88 63
88 63
88 62
88 61
87 60
87 59
87 58
87 57
87 56
86 55
86 54
86 53
86 52
86 51
86 50
85 49
85 48
85 47
85 47
85 46
85 45
86 44
86 43
86 42
86 41
86 41
86 40
87 39
87 38
88 37
88 36
88 36
88 35
89 34
89 33
89 32
89 32
89 31
89 30
90 29
90 28
90 27
90 27
90 26
91 25
91 24
91 24
91 23
91 22
91 21
91 21
90 20
90 19
90 19
89 18
89 17
89 17
88 16
87 16
87 16
86 15
85 14
85 14
