12 19
12 19
12 19
11 20
11 21
11 21
11 21
11 22
11 22
11 22
11 21
11 21
11 20
11 20
12 19
12 18
12 18
12 17
13 16
13 15
13 15
13 14
13 13
13 12
13 12
13 11
14 10
14 9
14 9
14 8
14 7
14 6
14 6
14 5
14 4
14 4
13 3
13 2
13 2
12 1
12 0
12 0
11 1
11 1
10 2
10 2
9 3
8 4
8 4
8 5
8 6
7 7
7 8
7 9
7 9
7 10
6 11
6 12
5 13
5 14
5 14
5 15
4 16
4 17
4 18
4 19
3 20
3 21
3 21
3 22
2 23
2 24
2 25
2 26
1 27
1 28
1 28
1 29
1 30
1 31
0 32
0 33
0 34
0 35
0 36
0 36
0 37
0 38
0 39
0 40
0 41
0 42
0 42
0 43
0 44
0 45
0 46
0 47
0 48
0 48
0 49
0 50
1 51
1 52
1 53
1 53
2 54
3 54
4 55
4 55
5 56
6 56
7 57
7 57
8 57
9 57
10 57
10 57
11 56
12 56
13 55
13 55
14 54
15 53
16 52
16 52
16 51
17 50
17 49
17 48
17 48
17 47
18 46
18 45
18 44
18 44
18 43
18 42
18 41
18 40
18 40
18 39
17 38
17 37
17 37
17 36
16 35
16 34
16 33
16 33
15 32
14 31
14 31
13 31
13 31
12 32
11 33
11 33
11 34
10 35
10 36
10 37
10 37
10 38
10 39
9 40
9 41
9 42
9 43
9 43
9 44
9 45
9 46
9 47
9 48
9 49
9 50
9 50
9 51
9 52
9 53
9 54
9 55
9 56
9 56
9 57
9 58
9 59
9 60
9 61
9 61
10 62
10 63
10 63
11 64
12 65
12 65
13 65
14 65
15 65
15 65
16 64
17 64
17 64
18 64
19 64
19 64
20 63
20 62
20 62
20 61
21 60
21 59
21 58
21 57
22 56
22 55
22 54
22 53
23 52
23 51
23 50
24 49
24 48
24 47
24 46
25 45
25 44
25 43
26 42
26 41
26 40
26 39
27 38
27 37
27 36
27 35
28 34
28 33
28 32
29 31
29 30
29 29
29 28
30 27
30 26
30 25
31 24
31 23
31 22
31 21
32 20
32 19
32 18
32 17
33 16
33 15
33 15
32 16
32 17
32 17
32 17
32 17
32 16
32 16
32 15
32 14
32 14
33 13
33 12
33 12
33 11
33 10
33 9
33 8
33 8
32 7
32 6
32 6
32 5
32 4
32 3
32 3
31 2
31 1
31 1
30 1
30 1
29 1
28 1
28 1
27 2
27 3
27 3
26 4
25 5
25 5
25 6
24 7
24 8
24 9
24 9
24 10
24 11
23 12
23 13
23 14
23 14
23 15
23 16
22 17
22 18
22 19
22 19
22 20
22 21
22 22
22 23
22 24
22 25
22 25
22 26
22 27
22 28
22 29
22 30
22 31
22 32
22 33
22 34
22 34
22 35
22 36
22 37
23 38
23 39
23 40
23 41
23 41
23 42
23 43
23 44
23 45
23 46
23 47
23 47
23 48
24 49
24 50
25 51
25 52
25 52
26 53
26 54
27 55
27 55
28 55
29 55
29 55
30 55
31 55
31 55
32 54
33 53
33 53
34 52
34 51
35 50
35 49
35 49
35 48
36 47
36 46
36 45
36 45
36 44
36 43
36 42
36 41
36 41
36 40
35 39
35 38
35 37
35 37
35 36
34 35
34 34
34 33
34 33
33 32
33 31
32 30
32 29
32 29
31 29
31 29
30 29
30 29
30 30
29 31
29 32
29 33
29 33
29 34
29 35
29 36
29 37
29 38
29 38
29 39
29 40
29 41
29 42
29 43
29 44
29 45
29 45
29 46
29 47
29 48
29 49
29 50
29 51
29 52
29 52
29 53
30 54
30 55
30 56
30 56
31 57
31 58
32 59
32 60
32 60
33 61
34 62
34 62
35 62
36 63
37 63
37 63
38 63
39 64
40 64
40 64
41 65
42 65
42 65
43 65
43 65
44 66
45 66
45 66
45 65
45 64
45 63
45 62
45 61
45 60
45 59
45 58
46 57
46 56
46 55
46 54
46 53
46 52
46 51
46 50
46 49
46 48
46 47
46 46
46 45
46 44
46 43
46 42
46 41
47 40
47 39
47 38
47 37
47 36
47 35
47 34
47 33
47 32
47 32
47 31
47 30
47 30
47 30
47 29
47 29
47 29
47 30
47 31
47 31
47 32
47 32
47 33
47 34
47 35
47 36
47 37
47 37
47 38
48 39
48 40
48 41
48 41
48 42
48 43
48 44
48 45
48 46
48 46
49 47
49 48
49 48
50 49
50 49
50 49
51 48
51 47
51 47
52 46
52 45
52 45
52 44
53 43
53 42
53 41
53 41
53 40
53 39
53 38
53 38
53 37
53 36
53 35
53 34
53 34
53 33
54 32
54 31
54 30
54 30
54 29
54 28
54 27
54 27
54 26
54 25
54 25
54 25
54 26
54 26
54 27
54 28
54 29
54 30
54 31
54 32
54 32
54 33
54 34
54 35
54 36
54 37
54 38
54 39
54 40
54 41
54 41
54 42
54 43
54 44
54 45
54 46
54 47
55 48
55 49
55 50
55 51
55 52
55 53
55 54
55 54
55 55
55 56
55 57
55 58
55 59
55 60
56 61
56 62
56 63
56 64
56 65
56 66
56 67
56 68
56 68
56 69
56 70
56 71
56 72
56 73
56 74
56 75
56 76
56 77
56 78
56 79
56 80
56 81
56 82
56 82
56 83
56 84
56 85
56 86
56 87
56 88
56 89
56 90
56 90
56 91
56 92
56 93
56 94
56 95
56 95
56 96
57 97
57 98
57 98
57 98
58 97
58 96
58 96
58 95
58 94
58 93
58 92
58 91
58 90
58 89
58 88
58 87
58 86
58 85
58 84
58 83
58 82
58 81
58 80
58 79
58 78
58 77
58 76
58 75
58 74
58 73
58 72
58 71
58 70
58 69
58 68
59 67
59 66
59 65
59 64
59 63
59 62
59 61
59 60
59 59
59 58
59 57
59 56
59 55
59 54
59 53
59 52
59 51
59 50
59 49
59 48
59 47
59 46
59 45
59 44
59 43
59 42
59 41
59 40
59 39
59 39
59 39
59 39
59 39
59 39
60 39
61 39
61 39
62 38
62 37
62 37
63 36
63 35
64 34
64 34
65 33
66 32
66 32
66 31
67 30
67 29
67 29
68 28
68 27
68 27
68 26
68 25
68 25
68 24
68 23
68 23
68 22
68 22
67 21
67 21
66 22
66 22
65 23
65 23
65 24
64 25
64 26
64 26
64 27
64 28
63 29
63 30
63 31
63 31
63 32
63 33
63 34
63 35
63 36
63 36
63 37
63 38
62 39
62 40
62 41
62 41
62 42
63 43
63 44
63 45
63 45
63 46
64 47
64 48
64 48
65 49
65 49
66 49
67 49
67 49
68 48
69 48
69 48
69 47
70 46
70 45
70 45
71 44
71 43
72 42
72 42
73 41
73 40
74 39
74 38
74 38
74 37
75 36
75 35
75 35
75 34
75 33
75 33
75 32
76 31
76 30
76 30
76 30
76 29
76 29
76 30
76 30
76 30
75 31
75 32
75 32
75 33
75 34
75 35
75 35
75 36
75 37
75 37
75 38
75 38
76 39
76 39
77 38
77 38
78 37
78 36
78 36
79 35
80 34
80 34
81 33
81 32
81 32
82 31
82 30
82 30
83 29
83 29
84 28
84 28
84 29
84 29
85 30
85 30
85 31
85 32
85 32
85 33
85 34
85 34
85 35
85 35
85 36
85 36
86 35
86 35
86 34
86 33
86 33
87 32
87 31
87 31
88 30
88 29
88 29
89 28
90 27
90 27
91 26
91 26
91 25
91 25
92 24
92 24
93 24
93 24
93 25
93 25
94 25
94 25
95 26
95 26
95 26
96 25
96 25
97 24
97 24
98 23
98 23
98 22
98 21
98 21
98 20
98 19
98 19
99 18
99 17
99 17
99 16
99 16
99 16
99 16
99 17
99 17
100 18
100 19
100 19
100 20
99 21
99 22
99 23
99 23
99 24
99 25
99 26
99 27
99 27
99 28
99 29
99 30
98 31
98 32
98 33
98 34
98 34
98 35
98 36
98 37
97 38
97 39
97 40
97 41
97 42
97 42
97 43
97 44
97 45
97 46
96 47
96 48
96 49
96 50
96 51
96 52
96 52
96 53
96 54
95 55
95 56
95 57
95 58
95 59
95 60
94 61
94 62
94 63
94 63
94 64
94 65
94 66
94 67
94 68
94 69
94 70
94 71
94 72
94 73
94 73
94 74
94 75
94 76
94 77
93 78
93 79
93 80
93 81
93 82
93 82
93 83
93 84
93 85
93 86
93 87
93 88
93 89
93 89
93 90
93 91
93 92
93 93
93 94
93 94
93 95
92 96
92 97
92 98
92 98
91 99
90 100
90 100
89 100
88 100
87 100
87 100
86 100
85 99
84 99
83 99
83 99
82 98
81 98
80 97
79 97
79 97
78 96
77 95
76 94
76 94
75 93
75 92
74 91
74 90
74 90
73 89
73 88
72 87
72 87
72 86
72 85
72 84
72 83
72 82
72 82
72 81
72 80
73 79
73 78
73 77
73 77
73 76
74 75
74 74
74 73
74 72
75 71
75 70
75 70
76 69
76 68
77 67
77 66
78 65
78 64
79 63
