6 40
6 40
6 39
5 38
5 37
5 37
5 36
5 35
5 34
5 34
5 33
5 32
5 31
5 30
5 30
5 29
5 28
5 27
5 26
5 25
5 25
5 24
4 23
4 22
4 22
4 21
3 20
3 19
3 19
3 18
3 17
3 17
2 17
2 17
2 18
2 18
2 19
2 20
2 20
2 21
1 22
1 23
1 24
1 24
1 25
1 26
1 27
1 28
1 29
1 29
1 30
1 31
1 32
0 33
0 34
0 35
0 36
0 36
0 37
0 38
0 39
0 40
0 41
0 42
0 43
0 44
0 44
0 45
0 46
0 47
0 48
0 49
0 50
0 51
0 52
0 53
0 53
0 54
0 55
0 56
0 57
0 58
0 59
0 60
0 61
0 62
0 63
0 63
0 64
0 65
0 66
0 67
0 68
0 69
0 70
0 71
0 71
0 72
1 73
1 74
1 75
2 76
2 77
2 77
3 78
4 78
5 79
5 79
6 78
7 78
7 78
8 77
9 76
9 75
10 74
10 74
11 73
12 72
12 71
13 70
13 70
13 69
13 68
14 67
14 66
14 65
14 65
14 64
15 63
15 62
16 61
16 60
16 60
16 59
16 58
16 57
16 56
16 56
16 55
16 54
16 53
16 52
16 52
16 51
16 50
16 49
16 48
16 48
15 47
15 46
15 46
14 45
14 44
13 43
13 43
12 43
12 43
11 44
10 44
10 44
9 45
9 46
9 46
8 47
8 48
7 49
7 49
7 50
7 51
7 52
7 53
7 54
7 55
7 55
7 56
7 57
7 58
6 59
6 60
6 61
6 62
6 62
6 63
6 64
6 65
6 66
6 67
6 68
6 68
6 69
6 70
7 71
7 72
7 73
7 73
8 74
8 75
9 76
9 76
10 76
11 76
11 76
12 75
13 74
13 74
14 73
14 72
15 71
15 70
15 70
15 69
16 68
16 67
17 66
17 65
17 65
17 64
17 63
18 62
18 61
18 60
18 60
18 59
19 58
19 57
19 56
19 56
19 55
19 54
19 53
19 52
19 52
19 51
19 51
19 51
19 51
19 52
19 53
19 54
19 54
19 55
18 56
18 57
18 57
18 58
18 59
18 60
18 60
18 61
18 61
18 60
18 59
18 58
18 57
19 56
19 55
19 54
19 53
19 52
19 51
19 50
19 49
19 48
20 47
20 46
20 45
20 44
20 43
20 42
20 41
20 40
20 39
21 38
21 37
21 36
21 35
21 34
21 34
20 35
20 35
19 34
19 34
19 33
19 33
19 32
19 31
19 30
19 30
19 29
20 28
20 27
20 26
20 26
20 25
21 24
21 23
21 22
21 22
21 21
21 20
21 20
22 19
22 18
22 18
23 17
23 17
23 17
23 18
23 18
23 19
23 20
23 20
23 21
22 22
22 23
22 24
22 24
22 25
22 26
22 27
22 28
22 29
22 29
22 30
22 31
22 32
22 33
22 34
22 35
22 36
22 37
22 37
22 38
22 39
22 40
22 41
22 42
22 43
22 44
22 45
22 45
22 46
22 47
22 48
22 49
22 50
22 51
22 52
22 53
22 53
22 54
22 55
22 56
23 57
23 58
23 59
23 60
23 60
23 61
23 62
24 63
24 64
24 65
24 65
25 66
25 67
26 68
26 69
26 69
27 70
27 70
28 70
28 70
28 69
28 69
28 68
29 67
29 66
29 66
29 65
30 64
30 63
30 62
30 62
30 61
30 60
30 59
30 58
30 57
30 57
30 56
30 55
31 54
31 53
31 52
31 51
31 51
31 50
31 49
32 48
32 47
32 46
32 46
32 45
32 44
32 43
32 42
32 41
32 41
32 40
32 39
32 38
32 38
32 37
32 36
32 36
31 36
31 36
30 36
29 36
29 36
28 37
28 38
27 39
27 39
27 40
26 41
26 42
26 42
26 43
26 44
25 45
25 46
25 47
25 47
25 48
25 49
24 50
24 51
24 52
24 52
24 53
24 54
24 55
24 56
24 56
25 57
26 58
26 58
26 59
27 60
27 61
27 61
28 62
29 62
29 62
30 63
31 63
31 63
32 63
33 63
33 63
34 62
35 61
35 61
36 60
36 59
37 58
37 58
37 57
37 56
38 55
38 54
38 53
38 53
38 52
39 51
39 50
40 49
40 48
40 48
40 47
40 46
40 45
40 44
40 43
40 42
40 41
40 40
40 39
40 38
40 37
40 36
40 35
40 34
40 34
40 35
40 36
39 37
39 38
39 39
39 39
39 40
38 41
38 42
38 43
38 43
38 44
37 45
37 46
37 47
37 47
37 48
37 49
37 50
37 50
38 51
38 52
38 52
38 53
38 53
39 54
39 54
40 55
40 55
41 55
41 55
41 54
41 53
41 53
41 52
42 51
42 50
42 49
42 49
42 48
42 47
43 46
43 45
43 44
43 44
43 43
44 42
44 41
44 40
45 39
45 38
45 38
45 37
45 36
46 35
46 34
46 33
46 33
46 32
46 31
46 30
46 29
46 29
46 28
46 27
47 26
47 25
47 24
47 24
47 23
47 22
47 21
47 21
47 20
47 19
47 19
47 18
47 17
47 17
47 17
46 17
46 17
46 17
46 17
46 17
46 17
46 18
46 18
46 18
47 18
47 18
47 18
47 18
47 18
47 18
47 18
47 18
47 18
47 18
47 18
47 18
47 18
47 18
47 18
47 18
47 18
47 18
47 19
47 19
47 20
47 21
47 21
47 22
47 23
47 24
47 25
47 25
47 26
47 27
47 28
48 29
48 30
48 31
48 32
48 32
48 33
48 34
48 35
48 36
48 37
48 38
48 39
48 40
48 41
48 41
48 42
48 43
49 44
49 45
49 46
49 47
49 48
49 49
50 50
50 51
50 52
50 53
50 53
50 54
50 55
50 56
50 57
50 58
50 59
51 60
51 61
51 62
51 63
51 64
51 65
51 66
51 66
51 67
51 68
52 69
52 70
52 71
52 72
53 73
53 74
53 75
53 76
53 77
54 78
54 79
54 80
54 80
54 81
54 82
54 83
54 84
55 85
55 86
55 87
55 88
55 89
55 90
55 90
55 91
56 92
56 93
56 94
57 95
57 96
57 96
57 97
57 98
57 99
57 99
57 100
57 100
57 100
56 100
56 100
55 99
55 98
55 98
54 97
54 97
54 96
53 95
53 94
53 94
53 93
53 92
53 92
53 91
52 90
52 89
52 88
52 88
52 87
52 86
52 85
52 84
52 83
52 82
52 81
52 80
52 79
52 78
52 77
52 76
52 75
51 74
51 73
51 72
51 71
51 70
51 69
51 68
51 67
51 66
51 65
51 64
51 63
51 62
51 61
51 60
51 59
51 58
51 57
51 56
51 55
51 54
51 53
51 52
51 51
51 50
51 49
51 48
51 47
50 46
50 45
50 44
50 43
50 42
50 41
50 40
50 39
50 38
50 37
50 36
50 35
50 34
50 33
50 32
50 32
51 31
52 31
52 31
52 31
53 32
53 33
53 33
53 34
54 35
54 36
54 37
54 37
54 38
55 39
55 40
55 40
55 41
55 42
55 42
56 43
56 44
56 44
56 44
57 43
57 42
57 42
57 41
57 40
57 40
57 39
58 38
58 37
58 36
58 36
58 35
58 34
58 33
58 33
58 32
58 31
59 30
59 29
59 28
59 28
59 27
59 26
59 25
59 25
59 24
59 23
59 23
60 22
60 22
60 22
61 23
61 23
61 24
61 25
61 25
61 26
62 27
62 28
62 28
62 29
62 30
62 31
62 31
62 32
63 33
63 34
63 34
63 34
64 33
64 32
64 32
64 31
65 30
65 29
65 29
65 28
66 27
66 26
67 25
67 24
67 24
67 23
68 22
68 21
69 20
69 19
69 19
69 18
69 17
70 16
70 15
70 14
70 14
71 13
71 12
71 12
71 12
72 13
72 13
72 14
72 15
72 15
72 16
72 17
72 18
72 18
72 19
72 20
72 20
72 21
72 22
72 23
72 23
73 23
73 23
74 23
74 23
75 22
76 21
76 21
77 20
77 19
77 19
78 18
78 17
79 16
79 16
80 15
80 14
80 14
81 13
81 13
82 13
82 13
82 13
82 14
82 14
82 15
82 15
83 16
83 16
83 16
84 15
84 15
84 14
84 13
84 13
85 12
85 11
85 11
85 10
85 9
85 8
85 8
85 7
85 6
85 5
85 5
85 4
84 3
84 2
84 2
84 1
84 0
84 0
84 1
84 1
84 1
84 2
84 2
84 3
84 4
84 4
85 5
85 6
85 6
85 7
85 8
86 9
86 10
86 11
86 11
86 12
86 13
87 14
87 15
87 16
87 16
87 17
87 18
87 19
88 20
88 21
88 22
88 23
88 24
88 24
88 25
88 26
89 27
89 28
89 29
89 30
89 31
89 32
90 33
90 34
90 35
90 35
90 36
90 37
91 38
91 39
91 40
91 41
91 42
91 43
92 44
92 45
92 46
92 47
92 47
92 48
92 49
92 50
93 51
93 52
93 53
93 54
93 55
93 56
94 57
94 58
94 59
94 60
94 60
94 61
95 62
95 63
95 64
95 65
96 66
96 67
96 68
96 68
96 69
97 70
97 71
97 72
98 73
98 74
98 74
98 75
99 76
99 77
99 78
99 78
99 79
99 79
98 79
98 79
97 78
96 78
96 78
95 78
94 77
93 77
93 77
92 76
91 75
91 75
90 74
89 74
88 73
88 73
87 72
86 71
85 70
85 70
85 69
84 68
84 67
83 66
83 65
83 65
83 64
82 63
82 62
82 61
82 61
82 60
83 59
83 58
