5 2
4 3
4 4
4 4
3 5
3 5
2 6
2 6
1 7
1 7
1 8
1 8
1 9
1 9
1 10
1 11
1 11
1 12
0 13
0 14
0 14
0 15
0 16
0 17
0 18
0 19
0 19
0 20
0 21
0 22
0 23
0 24
0 25
0 25
0 26
0 27
0 28
0 29
0 30
0 31
0 31
0 32
0 33
0 34
0 35
0 36
0 37
0 38
0 38
0 39
0 40
0 41
0 42
0 43
0 44
0 44
0 45
0 46
0 47
0 48
0 49
0 50
0 50
0 51
0 52
0 53
0 54
0 55
0 55
0 56
0 57
0 58
0 59
0 59
0 60
1 61
1 62
1 63
1 63
1 64
2 65
2 66
2 66
3 67
3 68
4 69
4 69
5 70
5 71
5 71
6 72
7 72
7 72
8 73
8 73
9 73
9 73
10 72
11 72
11 72
12 71
13 70
13 70
13 69
14 68
14 67
14 67
15 66
15 65
16 64
16 63
16 63
16 62
17 61
17 60
17 59
17 59
17 58
18 57
18 56
18 55
18 55
18 54
18 53
18 52
18 52
18 51
18 50
18 49
18 48
18 48
18 47
18 46
18 45
18 44
18 43
18 43
18 42
18 41
18 40
18 39
18 39
18 38
17 37
17 36
17 36
17 35
17 34
17 33
17 32
17 32
16 31
16 31
15 31
15 31
14 31
14 31
13 32
13 33
13 33
12 34
12 35
11 36
11 37
11 37
11 38
10 39
10 40
10 40
10 41
10 42
9 43
9 44
9 45
9 45
9 46
9 47
9 48
9 49
9 49
9 50
8 51
8 52
8 52
8 53
8 54
8 55
8 55
8 56
8 57
8 58
8 58
8 59
8 60
8 61
8 62
8 62
8 63
9 64
9 65
9 65
9 66
9 67
9 68
9 69
9 70
9 70
9 71
9 72
9 73
9 73
9 74
10 75
10 76
10 77
10 77
10 78
10 79
10 80
10 81
10 81
10 82
10 83
11 84
11 85
11 86
11 86
11 87
12 88
12 89
12 90
12 90
13 91
13 92
14 93
14 94
14 94
14 95
15 96
15 97
15 97
16 98
16 99
16 99
17 100
18 100
18 100
19 100
19 100
20 100
20 100
21 99
22 98
22 98
22 97
23 96
23 95
23 95
24 94
24 93
25 92
25 92
25 91
26 90
26 89
26 89
27 88
27 87
27 87
27 86
28 85
28 84
28 83
28 83
28 82
28 81
27 80
27 79
27 78
27 77
27 76
26 75
26 74
26 73
26 72
26 71
25 70
25 69
25 68
25 67
25 66
24 65
24 64
24 63
24 62
24 61
23 60
23 59
23 58
23 57
23 56
22 55
22 54
22 53
22 52
22 51
21 50
21 49
21 48
21 47
21 46
20 45
20 44
20 43
20 42
20 41
20 40
19 39
19 38
19 37
19 36
19 35
18 34
18 33
18 32
18 31
18 30
17 29
17 28
17 27
17 26
17 25
16 24
16 23
16 22
16 21
16 20
15 19
15 18
15 17
15 16
15 15
14 14
14 13
14 12
14 11
14 10
13 9
13 8
13 7
13 7
13 7
13 7
13 6
13 5
13 5
13 5
13 4
13 4
13 4
13 4
13 5
13 5
12 6
12 6
12 7
12 8
12 8
12 9
11 10
11 11
11 12
11 12
11 13
11 14
11 15
11 16
11 17
11 18
11 18
11 19
11 20
11 21
11 22
11 23
11 24
11 25
11 25
11 26
11 27
11 28
11 29
11 30
11 31
11 32
11 33
11 33
11 34
11 35
11 36
11 37
11 38
11 39
11 40
11 41
11 41
11 42
11 43
11 44
12 45
12 46
12 47
12 48
12 48
12 49
12 50
13 51
13 52
13 53
13 53
13 54
14 55
14 56
14 56
15 57
15 58
15 58
16 59
16 59
17 59
17 59
18 60
19 60
19 60
20 59
20 59
21 59
22 59
22 59
23 58
23 57
23 57
24 56
25 56
25 56
25 55
26 54
26 53
26 53
26 52
27 51
27 50
27 50
27 49
28 48
28 47
28 47
28 46
29 45
29 44
29 44
29 43
30 42
30 41
30 40
30 40
30 39
30 38
30 37
30 37
30 36
30 35
30 34
30 34
30 33
29 32
29 31
29 31
29 30
28 29
28 28
28 27
28 27
27 26
27 25
27 25
26 24
26 24
25 23
25 23
24 24
24 25
24 25
24 26
23 27
23 28
23 28
23 29
23 30
22 31
22 32
22 33
22 33
22 34
21 35
21 36
21 37
21 37
21 38
21 39
21 40
21 41
21 41
21 42
21 43
21 44
21 45
21 45
21 46
21 47
21 48
21 48
21 49
22 50
22 51
22 51
22 52
23 53
23 54
23 54
24 55
24 56
24 56
25 57
26 57
26 57
27 57
28 57
28 57
29 56
29 55
29 55
30 54
30 53
31 52
31 52
31 51
32 50
32 49
32 48
32 48
32 47
33 46
33 45
33 44
33 44
33 43
34 42
34 41
34 41
34 40
34 39
34 38
34 37
34 37
34 36
34 35
34 34
34 33
34 33
34 32
34 31
34 30
34 29
34 29
34 28
34 27
34 26
34 26
34 25
34 24
34 24
34 24
33 25
33 25
33 26
33 27
33 28
33 28
33 29
33 30
32 31
32 32
32 33
32 33
32 34
32 35
32 36
32 37
32 37
32 38
32 39
32 40
32 40
33 41
33 42
33 42
34 43
34 43
35 43
36 43
36 43
37 43
37 43
38 42
39 41
39 41
39 40
40 39
40 38
40 38
41 37
41 36
42 35
42 35
42 34
43 33
43 32
43 32
44 31
44 30
44 30
44 29
44 28
44 27
44 27
44 26
45 25
45 24
45 24
45 23
45 22
45 21
45 21
45 20
44 19
44 18
44 18
44 17
44 16
44 16
44 15
44 15
44 15
44 16
44 16
44 17
44 18
44 19
44 20
44 20
44 21
44 22
43 23
43 24
43 25
43 25
43 26
43 27
43 28
43 29
43 30
43 30
43 31
43 32
44 33
44 34
44 35
44 36
44 36
44 37
44 38
44 39
45 40
45 41
45 42
45 43
45 43
45 44
45 45
45 46
46 47
46 48
46 49
46 50
46 51
46 51
46 52
46 53
46 54
47 55
47 56
47 57
47 58
47 59
47 59
47 60
47 61
47 62
48 63
48 64
48 65
48 66
48 66
48 67
48 68
48 69
48 70
48 71
48 71
48 72
48 73
48 74
48 74
49 75
49 76
49 76
49 77
49 77
49 77
48 77
48 77
48 76
48 76
47 75
47 75
46 74
46 73
45 72
45 72
45 71
44 70
44 69
44 69
43 68
43 67
42 66
42 65
42 65
42 64
42 63
41 62
41 61
41 60
41 60
41 59
40 58
40 57
39 56
39 55
39 55
39 54
40 53
40 52
40 51
41 50
41 49
42 48
42 47
42 46
43 45
43 44
43 43
44 42
44 41
45 40
45 39
45 38
46 37
46 36
46 35
47 34
47 33
48 32
48 31
48 30
49 29
49 28
49 27
50 26
50 25
51 24
51 23
51 22
52 21
52 20
52 19
53 18
53 17
54 16
54 15
54 14
55 13
55 12
55 12
55 12
54 12
53 12
53 12
52 13
52 13
52 14
52 14
52 15
51 16
51 17
51 17
51 18
51 19
51 20
51 20
51 21
52 22
52 23
52 24
52 24
52 25
53 26
53 27
53 28
53 28
53 29
54 30
54 31
54 32
54 32
54 33
55 34
55 35
55 36
55 36
56 37
56 38
57 39
57 39
58 40
58 41
58 41
59 42
59 42
60 42
60 42
60 41
60 41
61 40
61 39
61 39
61 38
62 37
62 36
62 35
62 35
62 34
62 33
62 32
62 32
62 31
62 30
62 29
62 29
62 28
62 27
62 26
62 25
62 25
62 24
62 23
62 22
62 22
62 21
62 21
62 20
62 20
62 20
62 21
62 21
62 22
62 22
62 23
62 24
62 25
62 25
62 26
62 27
62 28
62 28
63 29
63 30
63 30
64 31
64 31
65 32
65 33
65 33
66 34
66 34
67 34
67 34
68 34
68 34
68 34
69 34
69 34
69 33
69 32
69 32
69 31
69 30
69 29
69 29
69 28
69 27
69 26
69 26
69 25
69 24
69 23
69 22
69 22
69 21
70 20
70 19
70 18
70 18
70 17
71 16
71 15
71 14
71 14
72 14
72 14
72 15
72 15
72 16
72 17
72 17
72 18
72 19
72 20
72 20
72 21
73 22
73 23
73 23
73 24
74 25
74 26
74 26
75 27
75 28
75 28
75 29
75 30
75 30
76 31
76 31
76 32
76 32
76 32
76 32
76 32
76 31
76 31
76 31
76 30
77 29
77 28
77 28
77 27
77 26
77 26
77 25
77 24
77 24
77 23
77 22
77 22
77 22
77 23
77 23
77 24
77 24
77 25
77 26
77 26
78 27
78 28
78 28
79 28
80 28
80 28
81 28
81 28
82 27
83 26
83 26
84 25
84 24
84 24
85 23
86 22
86 22
87 21
87 20
88 19
88 19
89 18
89 17
90 16
90 16
90 15
91 14
91 13
91 13
92 12
92 11
93 10
93 10
93 9
93 8
93 8
94 7
94 6
94 6
94 5
94 4
94 4
94 3
94 3
94 3
93 3
93 3
93 4
93 5
93 5
92 6
92 7
92 7
92 8
92 9
92 9
93 9
93 9
93 9
94 9
94 9
95 8
96 7
96 7
97 6
97 5
97 5
98 4
98 3
98 3
99 2
99 1
99 1
100 0
100 0
100 0
100 1
100 2
100 2
100 3
99 4
99 5
99 6
99 6
99 7
99 8
99 9
99 10
99 11
99 12
99 12
99 13
99 14
99 15
99 16
98 17
98 18
98 19
98 20
98 21
98 21
98 22
98 23
98 24
98 25
98 26
98 27
98 28
98 29
98 29
98 30
98 31
98 32
98 33
98 34
98 35
98 36
98 37
98 37
98 38
98 39
98 40
99 41
99 42
99 43
99 44
99 44
99 45
99 46
99 47
99 48
99 49
99 50
99 50
99 51
99 52
98 53
98 54
98 55
98 55
98 56
97 57
97 58
97 58
97 59
96 60
96 61
96 62
96 62
95 63
94 64
94 64
93 65
92 66
92 66
91 67
90 68
90 68
89 68
89 68
88 67
88 67
88 66
88 65
88 65
88 64
88 63
88 62
89 61
89 60
89 59
89 58
89 58
89 57
89 56
90 55
90 54
90 53
90 52
90 51
91 50
91 49
91 48
91 48
91 47
92 46
92 45
92 44
92 43
93 42
93 41
93 40
93 39
94 38
94 37
94 36
