5 28
5 29
5 30
5 31
5 32
5 33
5 34
5 35
5 36
5 37
5 38
5 39
5 40
5 41
5 42
5 43
5 44
5 44
5 43
4 42
4 41
4 40
4 40
3 39
3 38
3 38
2 37
2 36
1 35
1 35
1 34
0 33
0 32
0 31
0 31
0 30
0 29
0 28
0 27
0 26
0 26
0 25
0 24
0 23
0 22
0 22
0 21
0 20
0 19
0 18
0 18
0 17
0 16
0 15
0 15
0 14
0 14
0 14
0 15
0 15
0 16
0 17
0 18
0 19
0 19
0 19
0 20
0 21
0 22
0 23
0 24
0 25
0 26
1 27
1 28
1 29
1 30
1 31
1 32
1 33
1 34
1 34
1 35
1 36
1 37
1 38
2 39
2 40
2 41
2 42
2 43
2 43
2 44
2 45
2 46
2 47
2 48
2 49
2 50
2 51
2 52
2 52
2 53
2 54
2 55
2 56
3 57
3 58
3 59
3 60
3 61
3 61
3 62
3 63
3 64
4 65
4 66
4 67
4 68
4 68
4 69
5 70
5 71
5 72
5 73
6 74
6 75
6 75
7 76
7 77
8 78
8 78
9 79
9 80
9 80
10 80
11 80
11 80
12 79
12 79
12 78
13 77
13 76
13 76
13 75
13 74
14 73
14 72
14 71
14 71
14 70
15 69
15 68
15 67
15 67
15 66
15 65
15 64
15 63
15 62
15 62
15 61
15 60
15 59
15 58
15 57
15 57
15 56
15 55
14 54
14 53
14 52
14 52
14 51
13 50
13 49
13 49
12 48
12 47
11 46
11 46
10 46
10 46
9 47
9 47
8 48
8 49
8 49
8 50
7 51
7 52
7 53
7 53
7 54
6 55
6 56
6 57
6 57
6 58
6 59
5 60
5 61
5 62
5 63
5 63
5 64
5 65
5 66
5 67
5 68
5 68
5 69
6 70
6 71
6 72
6 72
7 73
8 73
8 73
9 73
10 73
10 73
11 72
12 72
13 71
13 71
14 70
14 69
15 68
15 67
15 67
16 66
17 65
18 64
18 64
19 63
19 62
20 61
20 61
21 60
21 59
21 59
21 58
22 57
22 56
22 56
23 55
23 55
24 54
24 54
24 53
24 52
24 52
24 51
24 51
23 50
23 50
23 50
22 49
22 48
21 47
21 47
20 46
19 45
19 45
18 44
18 44
17 43
17 43
16 43
16 43
16 43
17 43
17 43
17 43
18 43
18 43
18 43
19 42
20 41
20 41
20 40
20 40
20 39
20 39
20 38
20 37
20 37
20 36
20 35
20 34
20 33
20 33
20 32
19 31
19 30
19 29
19 29
19 28
19 27
19 26
19 26
19 25
18 24
18 23
18 22
18 22
17 21
17 20
17 20
17 19
17 19
17 20
17 20
17 20
17 21
18 22
18 23
18 23
18 24
18 25
19 26
19 27
19 28
19 28
19 29
19 30
19 31
20 32
20 33
20 34
20 35
20 35
20 36
20 37
20 38
20 39
20 40
20 41
20 42
20 43
20 43
20 44
20 45
20 46
21 47
21 48
21 49
21 50
21 51
21 51
21 52
21 53
21 54
21 55
22 56
22 57
22 58
22 59
22 60
22 60
22 61
22 62
22 63
22 64
23 65
23 66
23 67
23 68
23 69
23 69
23 70
23 71
24 72
24 73
24 74
24 74
24 75
25 76
25 77
25 77
26 76
26 76
27 75
27 74
28 73
28 72
28 72
28 71
28 70
29 69
29 68
29 67
29 66
29 66
29 65
29 64
30 63
30 62
30 61
30 60
30 60
30 59
30 58
30 57
30 56
30 55
30 55
30 54
30 53
31 52
31 51
31 50
31 50
31 49
31 48
31 47
31 46
31 46
30 45
30 44
30 44
30 43
30 43
29 43
29 43
28 44
28 44
27 45
27 45
26 46
26 47
26 47
26 48
25 49
25 50
25 50
25 51
25 52
24 53
24 54
24 55
24 55
24 56
24 57
24 58
24 59
24 60
24 60
24 61
24 62
24 63
24 64
24 65
24 66
24 66
24 67
24 68
24 69
24 70
24 71
24 71
24 72
25 73
25 74
25 74
26 74
26 74
27 73
28 73
29 72
29 72
30 71
30 70
31 69
31 68
31 68
32 67
32 66
33 65
33 64
33 64
34 63
35 62
35 61
36 60
36 60
37 59
37 58
38 57
38 56
38 56
38 56
39 55
40 54
40 53
41 52
41 52
41 51
41 50
41 50
41 50
41 49
41 49
40 49
40 49
39 48
39 48
38 48
38 48
37 48
36 48
36 48
36 48
35 49
34 50
34 50
33 51
33 52
33 52
33 53
33 53
33 54
33 54
34 55
34 56
34 56
35 57
35 58
35 58
35 59
36 60
36 61
36 61
36 62
36 63
36 63
37 64
37 64
38 64
39 64
39 64
40 63
40 62
40 62
40 61
41 60
41 59
41 59
42 58
42 57
43 56
43 55
43 55
43 54
44 53
44 52
44 51
44 51
44 50
45 49
45 48
45 47
45 47
45 46
46 45
46 44
46 43
46 43
46 42
47 41
47 40
47 39
47 39
47 38
47 37
47 36
47 36
47 35
47 34
47 34
47 35
47 35
46 36
46 36
45 37
45 37
45 38
45 39
45 40
45 40
45 41
45 42
44 43
44 44
44 45
44 45
44 46
44 47
45 48
45 49
45 50
45 50
45 51
45 52
45 53
45 54
45 55
45 56
45 56
45 57
45 58
45 59
46 60
46 61
46 62
46 63
46 64
46 64
46 65
46 66
46 67
46 68
47 69
47 70
47 71
47 72
47 73
47 73
47 74
47 75
48 76
48 77
48 78
48 79
48 80
49 81
49 82
49 83
49 83
49 84
50 85
50 86
50 87
50 88
51 89
51 90
51 91
51 91
51 92
51 93
52 94
52 95
52 96
52 97
52 97
52 98
53 99
53 100
53 100
53 100
53 99
53 99
53 98
53 97
53 97
53 96
52 95
52 94
52 94
52 93
52 92
52 91
52 91
52 91
52 90
52 89
52 88
52 87
52 86
51 85
51 84
51 83
51 82
51 81
51 80
51 80
51 79
51 78
50 77
50 76
50 75
50 74
50 74
50 73
50 72
50 71
49 70
49 69
49 68
49 67
49 66
49 66
49 65
49 64
49 63
48 62
48 61
48 60
48 59
48 59
48 58
48 57
48 56
48 55
48 54
48 53
48 52
48 51
48 51
48 50
48 49
48 48
48 47
48 46
48 46
48 45
48 44
48 43
48 42
48 41
48 41
49 40
50 39
50 39
50 39
51 38
52 38
52 38
52 39
52 39
51 40
51 41
51 41
51 42
51 43
51 44
51 44
51 45
51 46
51 47
51 48
51 48
52 49
52 50
52 50
53 51
54 51
54 51
55 50
55 49
55 49
56 48
57 47
57 47
58 46
58 45
59 44
59 43
59 43
59 42
59 41
60 40
60 39
60 38
60 38
60 37
60 36
60 35
60 34
60 34
60 33
61 32
61 31
61 30
61 30
61 29
61 28
61 27
61 27
61 26
61 25
61 25
60 25
60 25
60 26
60 26
59 27
59 28
59 28
59 29
59 30
59 30
59 31
59 32
59 33
59 33
59 34
59 35
59 36
59 36
60 37
60 37
61 37
61 37
62 36
62 36
63 35
63 34
64 33
64 33
65 32
66 31
67 30
67 30
67 29
68 28
68 27
69 26
69 25
69 25
70 24
70 23
71 22
71 22
72 21
73 20
73 20
74 19
74 19
75 19
75 19
76 20
76 20
76 20
77 21
77 21
77 21
77 22
77 22
78 22
78 22
78 21
78 21
78 20
78 20
78 19
78 19
78 18
78 17
78 17
78 17
78 16
78 16
78 17
78 17
78 18
78 19
78 19
79 20
79 21
79 21
79 22
80 23
80 24
80 24
80 25
81 26
81 27
81 28
81 28
81 29
82 30
82 31
82 32
82 32
82 33
83 34
83 35
83 36
83 36
84 37
85 38
85 38
86 39
86 39
87 40
87 40
88 41
88 41
88 42
89 43
89 44
89 44
89 45
90 46
90 47
90 48
90 48
90 49
91 50
91 51
92 52
92 53
92 53
92 54
92 55
93 56
93 57
93 58
93 59
93 59
93 60
94 61
94 62
94 63
95 64
95 65
95 65
95 66
96 67
96 68
96 69
97 70
97 71
97 71
97 72
98 73
98 74
98 75
99 76
99 77
99 77
99 78
100 79
100 80
100 81
100 81
100 82
100 83
100 83
99 84
98 84
98 84
97 84
96 84
96 84
95 84
94 83
93 83
93 83
92 82
91 81
91 81
90 80
89 79
89 78
88 77
87 76
87 76
86 75
86 74
85 73
85 72
84 71
84 70
83 69
83 68
83 68
83 67
82 66
82 65
82 64
82 63
81 62
81 61
81 60
81 59
80 58
80 57
80 57
80 56
80 55
80 54
80 53
80 52
80 51
80 50
80 49
80 48
80 47
80 46
80 45
80 44
80 43
80 43
80 42
80 41
80 40
80 39
80 38
80 37
80 36
80 35
80 34
80 33
80 32
80 31
80 30
80 30
80 29
81 28
81 27
81 26
82 25
82 24
83 23
83 22
83 21
84 20
84 19
84 19
84 19
85 18
85 17
86 16
87 15
87 14
88 13
89 12
90 11
90 10
91 9
92 8
92 7
93 6
93 6
94 5
95 4
95 3
96 2
96 2
97 1
97 0
97 0
97 1
97 1
97 2
97 2
96 3
96 4
96 4
95 5
95 5
