3 24
3 24
3 24
2 23
2 22
2 22
2 22
2 22
2 22
2 22
2 22
1 23
1 24
1 24
1 25
1 26
1 27
1 27
1 28
1 29
0 30
0 31
0 32
0 33
0 33
0 34
0 35
0 36
0 37
0 38
0 39
0 39
0 40
0 41
0 42
0 43
0 44
0 45
0 46
0 46
0 47
0 48
0 49
0 50
0 51
0 52
0 52
0 53
0 54
1 55
1 56
1 57
1 58
1 58
1 59
1 60
1 61
1 62
1 63
1 63
1 64
2 65
2 66
2 67
2 67
3 68
3 69
3 69
4 70
4 71
4 71
5 72
5 73
5 73
6 74
7 74
7 74
8 75
8 75
9 76
9 76
10 76
10 76
11 76
11 76
12 75
12 75
12 74
12 73
12 73
13 72
13 71
13 71
13 70
13 69
13 68
13 68
13 67
14 66
14 65
14 65
14 64
14 63
14 62
14 62
14 61
14 60
14 59
14 58
14 58
14 57
15 56
15 55
15 54
15 54
15 53
15 52
15 51
15 50
15 50
15 49
15 48
15 47
15 46
15 46
15 45
14 44
14 43
14 42
14 42
14 41
14 40
14 39
14 38
14 38
14 37
13 36
13 35
13 34
13 34
13 33
13 32
13 32
12 31
12 30
12 30
11 30
11 30
10 31
10 31
9 32
9 32
9 33
8 34
8 35
8 36
8 36
8 37
8 38
7 39
7 40
7 41
7 41
7 42
7 43
6 44
6 45
6 46
6 46
6 47
6 48
5 49
5 50
5 51
5 51
5 52
4 53
4 54
4 55
4 55
4 56
4 57
4 58
4 59
4 59
4 60
3 61
3 62
3 63
3 63
3 64
4 65
4 66
4 67
4 67
4 68
4 69
4 70
4 71
4 71
4 72
5 73
5 74
5 74
5 75
6 76
6 77
6 78
6 78
6 79
6 80
6 81
6 81
6 82
7 83
7 84
7 85
7 85
7 86
8 87
8 88
8 88
8 89
9 90
9 91
9 91
9 92
10 93
10 94
10 95
10 95
11 96
12 97
12 97
13 98
13 99
13 99
14 100
14 100
15 100
15 100
16 100
16 100
17 99
18 99
18 99
19 98
19 98
20 97
21 96
21 96
21 95
22 94
22 93
22 93
23 92
23 91
24 90
24 89
24 89
24 88
24 87
25 86
25 85
25 84
25 84
25 83
25 82
26 81
26 80
26 79
26 79
26 78
26 77
26 76
26 75
25 74
25 73
25 72
25 71
25 70
25 69
25 68
25 67
24 66
24 65
24 64
24 63
24 62
24 61
24 60
24 59
23 58
23 57
23 56
23 55
23 54
23 53
23 52
23 51
22 50
22 49
22 48
22 47
22 46
22 45
22 44
22 43
22 42
21 41
21 40
21 39
21 38
21 37
21 36
21 35
21 34
20 33
20 32
20 31
20 30
20 29
20 28
20 27
20 26
19 25
19 24
19 23
19 22
19 21
19 20
19 19
19 18
18 17
18 16
18 15
18 14
18 13
18 13
18 13
17 12
17 11
17 11
17 11
17 11
17 11
17 11
17 11
17 11
17 12
17 13
17 13
17 14
17 15
17 15
17 16
17 17
17 18
17 19
17 20
17 21
17 21
17 22
17 23
17 24
17 25
17 26
17 27
17 27
17 28
17 29
17 30
17 31
17 32
17 33
17 34
17 34
17 35
17 36
17 37
17 38
17 39
17 40
17 41
17 42
17 42
17 43
17 44
17 45
17 46
17 47
17 48
17 49
17 50
17 50
17 51
17 52
17 53
18 54
18 55
18 56
18 57
18 58
18 58
18 59
18 60
18 61
19 62
19 63
19 64
19 65
19 65
19 66
19 67
20 68
20 69
20 70
20 70
20 71
21 72
21 73
21 73
21 74
22 75
22 76
22 76
23 77
23 77
24 78
25 78
25 78
26 78
27 78
27 78
28 77
28 76
28 76
29 75
29 74
29 74
29 73
30 72
30 71
30 71
30 70
31 69
31 68
31 67
31 67
31 66
32 65
32 64
32 64
32 63
33 62
33 61
33 61
33 60
33 59
33 58
33 58
33 57
33 56
33 55
33 55
33 54
33 53
33 52
33 51
33 51
33 50
33 49
33 48
33 48
33 47
32 46
32 45
32 45
32 44
31 43
31 42
31 41
31 41
31 40
30 39
30 38
30 38
30 37
29 36
29 35
29 35
28 34
28 34
28 33
28 33
27 33
27 33
26 34
26 35
26 35
26 36
26 37
26 37
26 38
25 39
25 40
25 41
25 41
25 42
25 43
25 44
25 45
25 45
25 46
24 47
24 48
24 49
24 49
24 50
24 51
24 52
24 52
24 53
25 54
25 55
25 55
25 56
26 57
26 58
26 58
26 59
27 60
27 61
27 61
28 62
29 63
29 63
30 64
30 65
30 65
31 66
31 66
32 65
32 65
33 64
33 64
34 63
34 62
35 61
35 61
35 60
36 59
36 58
37 57
37 56
37 56
37 55
37 54
38 53
38 52
38 51
38 51
38 50
38 49
39 48
39 47
39 46
39 46
39 45
39 44
40 43
40 42
40 41
40 41
40 40
40 39
40 38
40 37
40 36
40 35
40 35
40 34
40 33
40 32
40 31
40 31
40 30
40 29
40 28
40 28
40 28
39 29
39 29
39 30
38 31
38 32
38 33
38 33
38 34
37 35
37 36
37 37
37 37
37 38
36 39
36 40
36 41
36 41
36 42
36 43
35 44
35 45
35 46
35 46
35 47
35 48
35 49
35 50
35 50
35 51
35 52
35 52
36 53
36 53
37 53
38 53
38 53
39 53
40 53
40 53
41 52
42 51
42 51
42 50
43 49
43 48
43 48
44 47
44 46
45 45
45 45
45 44
46 43
46 42
46 41
46 41
46 40
47 39
47 38
47 37
47 37
47 36
47 35
48 34
48 33
48 32
48 32
48 31
48 30
49 29
49 28
49 27
49 27
49 26
49 25
49 24
49 24
49 23
49 22
49 22
49 22
48 23
48 23
48 24
48 25
48 25
48 26
47 27
47 28
47 29
47 29
47 30
47 31
47 32
47 33
47 34
47 35
47 35
47 36
47 37
47 38
47 39
47 40
47 41
47 42
47 42
47 43
47 44
47 45
47 46
47 47
47 48
47 49
47 50
47 50
47 51
47 52
47 53
48 54
48 55
48 56
48 57
48 58
48 58
48 59
48 60
48 61
49 62
49 63
49 64
49 65
49 65
49 66
49 67
49 68
50 69
50 70
50 71
50 72
50 72
50 73
50 74
50 75
50 76
50 77
50 77
50 78
50 79
50 80
50 80
50 81
50 82
50 83
50 83
50 84
50 84
49 85
49 86
49 86
49 86
48 86
48 86
47 85
47 84
47 84
46 83
46 82
46 82
45 81
45 80
44 79
44 78
44 78
44 77
44 76
43 75
43 74
43 73
43 73
43 72
43 71
42 70
42 69
42 68
42 67
42 67
42 66
42 65
42 64
42 63
42 62
42 61
42 61
42 60
42 59
42 58
42 57
42 56
42 55
42 54
42 54
42 53
42 52
43 51
43 50
43 49
43 48
44 47
44 46
44 45
44 44
45 43
45 42
45 41
45 40
45 39
46 38
46 37
46 36
46 35
47 34
47 33
47 32
47 31
48 30
48 29
48 28
48 28
48 27
49 26
49 25
50 24
50 23
50 23
51 23
51 23
52 23
52 23
52 23
52 24
52 24
52 25
52 25
52 26
52 27
52 28
52 28
52 29
53 30
53 31
53 32
53 32
53 33
53 34
53 35
53 36
53 36
53 37
53 38
53 39
53 40
53 40
53 41
54 42
54 43
54 43
54 44
55 45
55 46
55 46
56 47
56 47
56 48
56 48
57 48
57 48
57 48
57 47
58 46
58 45
58 45
58 44
59 43
59 42
59 42
59 41
60 40
60 39
60 38
60 38
60 37
61 36
61 35
61 34
61 34
61 33
62 32
62 31
62 30
62 30
62 29
63 28
63 27
63 27
63 26
63 26
63 26
62 27
62 27
62 28
62 29
62 30
62 30
62 31
62 32
62 33
62 33
62 34
62 35
62 35
62 36
62 37
62 37
62 38
62 38
63 39
63 39
63 40
63 40
64 40
64 40
64 40
65 39
65 39
66 38
66 37
66 37
66 36
66 35
66 34
66 33
66 33
66 32
67 31
67 30
68 29
68 28
68 28
68 27
69 26
69 25
69 24
69 24
69 23
70 22
70 21
70 20
70 20
71 19
71 18
71 18
71 19
71 19
72 20
72 20
72 21
72 21
72 22
73 23
73 24
73 24
73 25
73 26
73 27
73 27
73 28
74 29
74 30
74 30
75 31
75 32
75 32
75 33
76 34
76 35
76 35
76 36
76 37
76 37
77 38
77 39
77 39
78 39
78 39
79 39
79 39
80 38
80 38
80 37
80 36
80 35
80 35
80 34
81 33
81 32
81 32
81 31
82 30
82 29
82 28
82 28
82 27
82 26
82 25
82 24
82 24
82 23
82 22
82 21
82 20
82 19
82 19
82 18
83 17
83 16
83 16
83 15
83 14
83 13
83 13
83 12
83 12
84 11
84 11
84 11
84 12
84 12
84 13
84 13
84 14
84 15
84 15
84 16
84 17
84 17
84 18
83 19
83 20
83 20
84 21
84 21
85 22
85 22
86 22
87 22
87 22
88 21
89 20
89 20
90 19
91 18
92 17
92 17
93 16
93 15
94 14
94 14
94 13
95 12
95 11
95 11
96 10
96 9
97 8
97 8
98 7
98 6
98 6
98 5
99 4
99 3
99 3
100 2
100 1
100 1
100 0
100 0
99 1
99 1
99 2
99 2
99 3
98 4
98 5
98 5
98 6
98 7
97 8
97 9
97 10
97 10
97 11
97 12
97 13
96 14
96 15
96 16
96 17
96 18
96 18
96 19
96 20
96 21
96 22
96 23
96 24
96 25
96 26
96 27
96 27
96 28
96 29
96 30
96 31
95 32
95 33
95 34
95 35
95 36
95 37
95 37
95 38
95 39
95 40
95 41
95 42
95 43
95 44
95 45
95 46
95 46
95 47
95 48
95 49
95 50
95 51
95 52
95 53
95 54
95 54
95 55
95 56
96 57
96 58
96 59
96 60
96 60
96 61
96 62
96 63
96 64
96 64
95 65
95 66
95 66
94 67
94 68
94 68
93 68
93 68
92 67
92 66
92 66
92 65
91 64
91 63
90 62
90 61
90 61
90 60
90 59
90 58
90 57
90 56
90 55
90 55
90 54
90 53
90 52
90 51
90 50
90 49
90 48
90 48
90 47
90 46
91 45
91 44
91 43
91 42
91 41
92 40
92 39
92 38
