8 8
7 7
7 7
6 6
6 6
5 6
5 6
5 6
4 7
4 7
3 8
3 9
3 9
3 10
3 11
3 12
3 12
3 13
2 14
2 15
2 16
2 16
2 17
2 18
1 19
1 20
1 21
1 22
1 22
1 23
1 24
0 25
0 26
0 27
0 28
0 28
0 29
0 30
0 31
0 32
0 33
0 34
0 35
0 35
0 36
0 37
0 38
0 39
0 40
0 41
0 42
0 42
0 43
0 44
0 45
0 46
0 47
0 48
0 48
0 49
0 50
1 51
1 52
1 53
1 53
1 54
1 55
2 56
2 57
2 58
2 58
2 59
3 60
3 61
3 62
3 62
4 63
4 64
5 65
5 65
6 66
7 67
7 67
8 68
9 68
9 68
10 69
10 69
11 69
12 69
12 69
13 68
14 67
14 67
15 66
16 65
16 65
17 64
17 63
18 62
18 62
18 61
19 60
19 59
19 59
19 58
19 57
20 56
20 55
20 54
20 54
20 53
20 52
21 51
21 50
21 49
21 49
21 48
21 47
22 46
22 45
22 44
22 44
22 43
22 42
22 41
22 40
22 40
22 39
22 38
22 37
22 36
22 35
22 35
22 34
22 33
22 32
22 31
22 30
22 30
22 29
22 28
22 27
22 27
22 26
21 25
21 24
21 23
21 23
20 22
20 22
19 22
19 22
18 23
17 24
17 24
17 25
16 26
16 27
16 27
15 28
15 29
14 30
14 31
14 31
14 32
14 33
13 34
13 35
13 36
13 36
13 37
12 38
12 39
12 40
11 41
11 42
11 42
11 43
11 44
10 45
10 46
10 47
10 47
10 48
10 49
10 50
10 51
10 52
10 52
10 53
10 54
10 55
10 56
10 57
10 58
10 58
10 59
10 60
10 61
10 62
10 63
10 64
10 65
10 65
10 66
10 67
10 68
10 69
10 70
10 71
10 72
10 72
10 73
10 74
10 75
11 76
11 77
11 78
11 79
11 79
11 80
11 81
11 82
11 83
11 84
11 85
11 85
11 86
12 87
12 88
13 89
13 90
13 90
13 91
14 92
14 93
14 94
14 94
14 95
15 96
15 97
15 97
16 98
17 99
17 99
18 100
18 100
19 100
20 100
20 100
21 100
21 100
22 99
22 99
23 98
23 97
24 96
24 96
24 95
25 94
25 93
25 92
25 92
25 91
26 90
26 89
27 88
27 87
28 86
28 85
28 85
28 84
29 83
29 82
30 81
30 80
30 79
31 78
31 77
31 77
31 76
31 75
31 74
31 73
31 72
31 71
31 70
31 69
31 68
31 67
31 66
31 65
31 64
31 63
31 62
31 61
32 60
32 59
32 58
32 57
32 56
32 55
32 54
32 53
32 52
32 51
32 50
32 49
32 48
32 47
32 46
32 45
32 44
32 43
32 42
32 41
32 40
32 39
32 38
32 37
32 36
32 35
32 34
32 33
32 32
32 31
32 30
32 29
32 28
32 27
33 26
33 25
33 24
33 23
33 22
33 21
33 20
33 19
33 18
33 17
33 16
33 15
33 14
33 13
33 12
33 11
33 10
33 9
33 9
33 9
33 9
33 9
33 9
32 10
32 11
31 12
31 13
31 13
31 14
31 15
31 16
31 16
31 17
30 18
30 19
30 19
30 20
30 21
30 22
30 23
30 23
30 24
30 25
30 26
30 27
30 27
30 28
29 29
29 30
29 31
29 31
29 32
29 33
29 34
29 35
29 36
29 36
29 37
29 38
29 39
29 40
29 41
29 42
29 42
29 43
29 44
29 45
30 46
30 47
30 48
30 49
30 50
30 50
30 51
30 52
30 53
30 54
30 55
30 56
30 57
30 58
30 59
30 59
30 60
30 61
30 62
31 63
31 64
31 65
31 66
31 66
31 67
31 68
31 69
31 70
31 71
31 72
31 73
31 73
31 74
32 75
32 76
32 76
32 77
33 78
33 79
33 79
34 80
34 80
35 81
35 81
36 81
37 81
37 81
38 81
39 80
40 80
40 80
40 79
40 79
40 78
41 77
41 76
41 76
41 75
42 74
42 73
42 73
42 72
43 71
43 70
43 70
43 69
44 68
44 67
44 66
44 66
44 65
44 64
44 63
44 62
44 62
44 61
45 60
45 59
45 58
45 58
45 57
45 56
45 55
45 54
45 54
45 53
45 52
44 51
44 50
44 49
44 49
44 48
44 47
44 46
44 45
44 45
43 44
43 43
43 43
42 42
42 41
42 41
41 41
41 41
40 42
40 43
40 43
40 44
39 45
39 46
39 46
38 47
38 48
37 49
37 49
37 50
37 51
37 52
37 53
37 53
37 54
37 55
37 56
37 57
37 57
37 58
37 59
37 60
37 60
37 61
37 62
37 63
37 63
38 64
39 64
39 64
40 65
40 65
41 65
41 65
42 65
42 65
43 64
43 63
43 63
43 62
44 61
44 60
44 60
44 59
45 58
45 57
46 56
46 55
46 55
46 54
46 53
47 52
47 51
47 50
47 50
47 49
47 48
48 47
48 46
48 45
48 45
48 44
48 43
49 42
49 41
49 40
49 40
49 39
49 38
50 37
50 36
50 35
50 34
50 34
50 33
50 32
50 31
50 30
50 30
50 29
50 29
49 29
49 29
48 30
48 31
48 31
48 32
48 33
48 34
48 35
48 35
48 36
48 37
47 38
47 39
47 40
47 41
47 41
47 42
47 43
47 44
47 45
47 45
47 46
47 47
47 48
47 48
47 49
47 50
47 51
47 51
48 52
48 52
49 52
49 52
50 51
51 50
51 50
52 49
53 48
53 48
53 47
54 46
54 45
54 45
55 44
55 43
56 42
56 42
57 41
58 40
58 40
58 39
59 38
59 37
59 37
59 36
60 35
60 34
60 34
60 33
60 32
60 31
60 31
60 30
60 29
60 29
60 28
59 27
59 26
59 26
59 25
59 25
59 25
58 25
58 25
58 26
58 27
58 28
58 28
58 29
57 30
57 31
57 32
57 32
57 33
57 34
57 35
57 36
57 37
57 38
57 39
57 39
57 40
57 41
57 42
57 43
57 44
57 45
57 46
57 46
57 47
57 48
57 49
58 50
58 51
58 52
58 53
58 53
58 54
58 55
58 56
59 57
59 58
59 59
59 60
59 61
59 61
59 62
59 63
59 64
60 65
60 66
60 67
60 68
60 68
60 69
60 70
60 71
61 72
61 73
61 74
61 75
61 75
61 76
61 77
62 78
62 79
62 80
62 80
62 81
62 82
62 83
62 84
62 84
62 85
62 86
62 87
62 88
62 88
62 89
62 89
61 89
61 89
60 89
59 89
59 89
59 88
58 87
58 86
58 86
58 85
57 84
57 83
57 83
57 82
56 81
56 80
55 79
55 78
55 78
55 77
55 76
54 75
54 74
54 73
54 73
54 72
54 71
54 70
54 69
54 68
54 67
54 66
54 66
54 65
54 64
54 63
54 62
54 61
54 60
54 59
54 58
54 58
54 57
55 56
55 55
55 54
56 53
56 52
56 51
57 50
57 49
57 48
57 47
58 46
58 45
58 44
59 43
59 42
59 41
60 40
60 39
60 38
61 37
61 36
61 35
62 34
62 33
62 32
63 31
63 30
63 29
63 28
64 27
64 26
64 25
65 24
65 23
65 22
66 21
66 20
66 20
66 21
66 22
66 23
65 24
65 25
65 26
65 27
65 28
65 28
65 29
65 30
65 31
65 32
65 32
65 33
65 34
65 35
65 36
65 36
65 37
65 38
65 39
65 40
65 40
65 41
65 42
65 43
65 43
66 44
66 44
67 44
67 44
68 44
68 44
69 43
69 43
70 42
70 42
71 41
71 40
71 40
71 39
72 38
72 37
72 37
72 36
72 35
72 34
72 33
72 33
72 32
73 31
73 30
73 29
73 29
73 28
73 27
73 26
73 25
73 24
73 24
73 23
73 22
74 21
74 20
74 19
74 18
74 18
74 17
74 16
74 15
74 14
74 14
74 13
74 12
74 11
74 11
74 10
74 10
74 10
73 11
73 11
73 12
72 13
72 14
72 15
72 15
72 16
71 17
71 18
71 19
71 19
71 20
71 21
71 22
71 23
71 24
71 24
71 25
71 26
71 27
71 27
71 28
72 29
72 30
72 30
72 31
72 32
72 32
73 33
73 33
74 34
74 34
75 35
75 35
75 35
75 35
75 34
75 34
75 33
76 32
76 31
76 31
76 30
76 29
76 28
76 28
76 27
77 26
77 25
77 24
77 24
77 23
78 22
78 21
78 20
78 20
78 19
78 18
78 17
78 17
79 16
79 15
79 15
79 15
79 15
80 16
80 16
80 17
80 18
80 18
80 19
80 20
80 21
80 22
80 22
80 23
80 24
80 25
80 25
80 26
80 27
80 28
80 29
80 29
81 30
81 31
81 31
81 32
81 33
81 33
82 34
82 34
83 34
83 34
83 34
84 33
84 32
84 32
85 31
85 31
85 30
85 29
85 29
86 28
86 27
86 27
86 26
86 25
86 25
86 25
86 24
86 24
86 24
86 25
86 25
86 25
86 26
86 26
87 26
87 26
87 27
87 27
88 27
88 27
89 27
89 27
90 26
90 25
90 25
90 24
91 23
91 22
91 22
92 21
92 20
93 19
93 19
93 18
94 17
94 16
94 15
94 15
94 14
94 13
95 12
95 11
95 10
95 10
95 9
95 8
96 7
96 6
96 5
96 5
96 4
97 3
97 2
97 2
97 1
97 0
97 0
97 1
97 1
96 2
96 2
95 3
95 4
95 4
95 5
95 6
95 7
95 7
95 8
94 9
94 10
94 11
94 11
93 12
93 13
92 14
92 14
92 15
92 16
92 16
92 17
92 18
92 18
93 19
94 19
94 19
95 19
95 19
96 19
96 19
97 18
97 18
98 17
98 16
98 16
99 15
99 15
99 14
99 13
99 13
99 12
99 12
99 11
99 10
99 10
99 9
99 8
99 8
99 7
99 6
99 6
99 5
99 5
99 5
100 5
100 5
100 6
100 7
100 7
100 8
99 9
99 10
99 11
99 11
99 12
99 13
99 14
99 15
99 16
99 16
99 17
99 18
99 19
99 20
99 21
99 22
99 23
99 24
99 24
99 25
99 26
99 27
99 28
98 29
98 30
98 31
98 32
98 33
98 33
98 34
98 35
98 36
98 37
98 38
98 39
98 40
98 41
98 42
98 43
98 44
98 44
98 45
98 46
98 47
98 48
98 49
98 50
98 51
98 51
98 52
98 53
99 54
99 55
99 56
99 57
99 57
99 58
99 59
99 60
99 61
99 61
99 62
99 63
99 64
99 64
99 65
99 66
99 66
98 67
98 68
98 68
97 68
96 68
96 68
95 67
95 67
94 66
93 65
93 65
93 64
93 63
92 62
92 61
92 60
92 60
92 59
92 58
92 57
92 56
92 55
92 55
92 54
92 53
92 52
92 51
92 50
92 49
92 48
92 47
92 47
92 46
93 45
93 44
93 43
94 42
94 41
94 40
94 39
95 38
95 37
