0 24
0 23
0 22
1 21
1 20
1 19
1 19
0 18
0 17
0 17
0 16
0 16
0 15
0 14
0 14
0 13
0 12
0 12
0 11
0 10
0 10
0 9
0 8
0 8
0 7
0 7
0 7
0 7
0 8
0 9
0 10
0 10
0 11
0 12
0 13
0 14
0 15
0 15
0 16
0 17
0 18
0 19
0 20
0 21
0 22
0 23
0 24
0 24
0 25
0 26
0 27
0 28
0 29
0 30
0 31
0 32
0 33
0 34
0 34
0 35
0 36
0 37
0 38
0 39
0 40
0 41
0 42
0 43
0 44
0 45
0 46
0 46
0 47
0 48
0 49
0 50
0 51
0 52
0 53
0 54
0 55
0 56
0 57
0 58
0 59
0 59
0 60
0 61
0 62
0 63
1 64
1 65
1 66
1 67
1 68
1 69
1 69
1 70
1 71
2 72
2 73
2 74
2 75
3 76
3 77
3 78
3 78
4 79
5 80
5 80
6 79
7 79
7 79
8 78
9 77
9 77
10 76
10 75
11 74
11 73
11 73
12 72
12 71
13 70
13 69
13 69
13 68
13 67
14 66
14 65
14 64
14 63
14 63
14 62
14 61
14 60
14 59
14 59
14 58
14 57
14 56
14 55
14 54
14 54
14 53
14 52
13 51
13 50
13 49
13 49
13 48
13 47
12 46
12 45
12 44
12 43
12 43
12 42
11 41
11 40
10 39
10 38
10 38
9 37
9 36
9 36
9 36
9 37
8 38
8 39
8 39
8 40
8 41
8 42
8 43
8 44
8 44
8 45
8 46
8 47
8 48
8 49
8 50
8 51
8 52
8 52
8 53
8 54
8 55
8 56
8 57
8 58
8 59
8 60
8 60
8 61
8 62
8 63
8 64
8 65
8 66
8 67
8 68
8 68
8 69
8 70
9 71
9 72
9 73
9 74
9 74
9 75
9 76
9 77
9 78
9 79
9 80
9 80
10 81
10 82
10 82
11 82
12 82
12 82
13 81
13 80
14 79
14 78
14 78
14 77
14 76
14 75
15 74
15 73
15 72
15 71
15 71
15 70
15 69
15 68
16 67
16 66
16 65
16 64
16 63
16 62
16 61
17 60
17 59
17 58
17 57
17 56
17 55
17 54
18 53
18 52
18 51
18 50
18 49
18 48
19 47
19 46
19 45
19 44
19 43
19 42
19 41
20 40
20 39
20 38
20 37
20 36
20 35
20 34
21 33
21 32
21 31
21 30
21 29
21 28
21 27
22 26
22 25
22 24
22 23
22 23
22 22
23 21
23 20
23 19
23 19
22 18
21 17
21 17
21 16
21 15
21 15
21 14
22 13
22 12
22 11
22 11
22 10
22 9
22 8
22 7
22 6
22 6
22 5
22 4
23 3
23 2
23 1
23 1
24 0
24 0
24 1
24 2
24 2
24 3
25 4
25 5
25 5
25 6
25 7
25 8
25 9
24 10
24 11
24 12
24 13
24 14
24 14
24 15
24 16
24 17
24 18
24 19
23 20
23 21
23 22
23 23
23 24
23 25
23 25
23 26
23 27
23 28
23 29
23 30
23 31
23 32
23 33
23 34
23 35
23 36
23 37
23 37
23 38
23 39
23 40
23 41
23 42
22 43
22 44
22 45
22 46
22 47
22 48
22 49
22 49
22 50
22 51
22 52
22 53
22 54
22 55
22 56
22 57
22 58
22 59
22 59
22 60
22 61
22 62
23 63
23 64
23 65
23 66
23 67
23 67
23 68
24 69
24 70
24 70
25 69
26 69
26 69
27 68
28 67
28 67
28 66
29 65
29 64
29 63
29 63
29 62
29 61
30 60
30 59
30 58
30 58
30 57
30 56
31 55
31 54
31 53
31 53
31 52
31 51
32 50
32 49
32 48
32 47
32 47
32 46
32 45
33 44
33 43
33 42
33 41
33 41
33 40
33 39
33 38
33 37
33 36
33 35
33 34
33 34
33 33
33 32
33 31
33 30
33 29
33 28
33 28
33 27
32 26
32 25
32 25
32 24
32 24
31 24
30 24
30 24
29 25
29 26
29 26
29 27
28 28
28 29
28 30
28 30
28 31
28 32
27 33
27 34
27 35
27 35
27 36
27 37
27 38
27 39
27 40
27 41
27 42
27 42
27 43
27 44
27 45
26 46
26 47
26 48
26 49
26 49
26 50
26 51
26 52
27 53
27 54
27 55
27 56
27 56
27 57
27 58
27 59
27 60
27 61
27 62
27 62
27 63
27 64
27 65
27 66
27 66
27 67
28 68
28 69
28 70
28 70
28 70
29 69
30 69
30 69
30 68
31 67
31 66
31 65
31 65
31 64
32 63
32 62
32 61
33 60
33 59
33 59
33 58
34 57
34 56
34 55
35 54
35 53
35 53
35 52
36 51
36 50
37 49
37 48
38 47
38 46
39 45
39 44
40 43
40 42
41 41
41 40
42 39
42 38
42 38
42 39
41 40
41 41
41 41
41 42
41 42
41 43
41 44
41 44
41 45
41 45
41 46
41 46
42 45
42 45
42 44
43 43
43 42
43 41
43 41
43 40
43 39
44 38
44 37
44 36
44 36
44 35
44 34
45 33
45 32
45 31
45 31
45 30
46 29
46 28
46 27
46 27
46 26
46 25
46 24
46 23
46 23
46 22
46 21
46 21
46 20
46 20
46 20
46 20
45 21
45 22
45 22
45 23
44 24
44 25
44 25
44 26
44 27
43 28
43 29
43 30
43 30
43 31
43 32
42 33
42 34
42 35
42 36
42 36
42 37
42 38
42 39
41 40
41 41
41 42
41 43
41 43
41 44
41 45
41 46
41 47
41 48
41 49
41 49
41 50
41 51
41 52
41 53
41 54
41 54
41 55
41 56
41 57
41 57
42 58
43 58
43 58
44 57
45 56
45 56
46 55
46 54
47 53
47 52
47 52
48 51
48 50
49 49
49 48
50 47
50 46
50 46
51 45
51 44
52 43
52 42
53 41
53 40
53 40
53 39
54 38
54 37
54 36
55 35
55 34
55 34
55 33
55 32
56 31
56 30
56 29
56 29
56 28
56 27
56 26
56 25
56 25
56 24
56 23
56 23
56 22
56 22
56 23
56 23
56 23
55 24
55 25
55 25
55 26
55 27
55 28
55 28
55 29
55 30
55 31
55 32
55 32
55 33
55 34
55 35
55 36
55 37
55 38
55 38
55 39
55 40
55 41
54 42
54 43
54 44
54 45
54 46
54 46
54 47
54 48
54 49
54 50
54 51
54 52
54 53
54 54
54 55
54 56
54 56
54 57
54 58
54 59
54 60
54 61
53 62
53 63
53 64
53 65
53 66
53 67
53 68
53 68
53 69
53 70
53 71
53 72
53 73
53 74
52 75
52 76
52 77
52 78
52 79
52 80
52 81
52 81
52 82
52 83
52 84
52 85
52 86
52 87
52 88
52 89
52 90
52 91
52 91
52 92
52 93
51 94
51 95
51 96
51 97
51 97
51 98
52 99
52 100
52 100
52 100
52 99
52 98
52 98
52 97
52 96
52 95
52 95
52 94
52 93
52 92
52 91
52 91
52 90
52 89
52 88
52 87
52 86
52 86
52 85
52 84
52 83
52 82
52 81
52 81
52 80
52 79
53 78
53 77
53 76
53 75
53 74
53 73
54 72
54 71
54 70
54 69
54 68
54 67
55 66
55 65
55 64
55 63
55 62
55 61
56 60
56 59
56 58
56 57
56 56
56 55
57 54
57 53
57 52
57 51
57 50
58 49
58 48
58 47
58 46
58 45
58 44
59 43
59 42
59 41
59 40
59 39
59 38
60 37
60 36
60 35
60 34
60 33
60 32
61 31
61 30
61 29
61 28
61 27
61 26
62 25
62 24
62 23
62 23
62 24
62 25
62 25
62 26
62 27
62 28
62 28
62 29
62 30
62 31
62 31
62 32
61 33
61 34
61 35
61 35
61 36
61 37
61 37
62 37
62 37
62 37
63 36
63 35
63 35
63 34
64 33
64 32
64 31
64 31
64 30
65 29
65 28
65 27
66 26
66 25
66 25
66 24
66 23
67 22
67 21
67 20
67 20
67 19
67 18
68 17
68 16
68 15
68 14
68 14
68 13
69 12
69 11
69 11
69 10
69 10
69 11
69 11
69 12
68 13
68 14
68 14
68 15
68 16
67 17
67 18
67 19
67 19
67 20
67 21
67 22
66 23
66 24
66 25
66 26
66 26
65 27
65 28
64 29
64 30
64 30
64 31
63 32
63 33
63 33
63 34
63 35
63 35
64 35
64 35
65 34
66 33
66 33
67 32
67 31
68 30
68 29
68 29
68 28
69 27
69 26
70 25
70 24
70 24
71 23
71 22
72 21
72 20
72 20
72 19
73 18
73 17
73 17
74 16
74 15
74 15
75 15
75 15
75 15
75 16
75 17
75 17
74 18
74 19
74 19
73 20
73 21
72 22
72 23
72 23
72 24
71 25
71 26
71 26
70 27
70 28
70 28
70 29
70 29
70 28
70 28
71 27
72 26
72 26
73 25
73 24
74 23
74 23
75 22
76 21
77 20
77 20
78 19
79 19
79 19
80 19
81 19
82 19
82 19
83 19
84 19
84 19
85 20
85 20
86 21
86 21
87 22
87 22
88 22
88 22
88 21
88 21
88 20
88 20
88 19
88 18
88 18
88 17
88 16
88 15
88 15
88 14
88 13
88 12
88 12
89 11
89 10
89 10
89 9
90 8
90 7
90 7
91 7
91 7
91 7
91 8
91 8
92 8
92 8
92 9
92 9
93 10
93 10
94 10
94 10
94 10
95 10
95 10
96 9
96 9
96 10
96 10
96 11
96 11
96 12
96 13
96 14
96 15
96 16
96 16
96 17
96 18
96 19
96 20
96 21
96 22
96 23
96 23
96 24
96 25
96 26
96 27
96 28
96 29
96 30
96 31
96 32
96 32
96 33
96 34
96 35
96 36
96 37
96 38
96 39
96 40
96 41
96 42
96 43
96 44
96 44
96 45
96 46
96 47
96 48
96 49
96 50
96 51
96 52
96 53
96 54
96 55
96 55
96 56
96 57
96 58
96 59
97 60
97 61
97 62
97 63
97 64
97 65
97 65
97 66
97 67
97 68
97 69
97 70
97 71
97 72
97 73
97 73
97 74
97 75
97 76
97 77
97 78
97 78
97 79
97 80
97 81
97 82
97 82
96 83
96 84
96 84
95 85
94 86
94 86
93 86
93 86
92 86
92 86
91 85
91 84
90 83
90 83
90 82
89 81
89 80
89 80
89 79
89 78
89 77
88 76
88 75
88 74
88 73
88 73
88 72
88 71
88 70
89 69
89 68
89 67
89 66
89 65
89 65
89 64
89 63
90 62
90 61
90 60
90 59
91 58
91 57
91 56
91 56
91 55
92 54
92 53
93 52
93 51
94 50
94 49
94 49
94 48
95 47
95 46
96 45
96 44
96 43
97 42
97 41
97 41
97 40
98 39
98 38
99 37
99 36
100 35
100 34
