8 27
9 26
9 26
10 26
10 26
11 25
11 24
11 24
12 23
12 22
12 22
13 21
13 20
13 20
13 19
14 18
14 17
14 17
14 16
14 15
14 14
14 14
14 13
14 12
14 12
14 11
14 10
14 10
13 9
13 8
13 8
13 7
13 7
12 6
12 6
11 6
11 6
10 7
10 7
9 8
9 9
8 10
8 10
7 11
7 12
6 13
6 14
6 14
6 15
6 16
5 17
5 18
5 19
5 19
5 20
4 21
4 22
4 23
3 24
3 25
3 25
3 26
3 27
2 28
2 29
2 30
2 31
2 31
2 32
2 33
2 34
2 35
1 36
1 37
1 38
1 39
1 40
1 40
1 41
1 42
1 43
0 44
0 45
0 46
0 47
0 48
0 48
0 49
0 50
0 51
0 52
0 53
0 54
0 55
0 56
0 57
0 57
0 58
0 59
0 60
0 61
0 62
0 63
0 63
0 64
0 65
1 66
1 67
1 68
1 68
2 69
3 70
3 70
4 70
5 70
6 70
6 70
7 70
8 69
9 69
10 69
10 69
11 68
12 67
13 66
13 66
14 65
15 64
15 63
16 62
17 61
17 61
17 60
18 59
18 58
19 57
19 56
19 56
19 55
20 54
20 53
21 52
21 51
21 51
21 50
22 49
22 48
22 47
22 47
22 46
22 45
22 44
22 43
22 43
21 42
21 41
21 41
20 41
19 41
19 41
18 41
17 41
17 41
16 42
16 43
15 44
15 44
14 45
14 46
13 47
13 47
12 48
12 49
11 50
11 50
10 51
10 52
9 53
9 53
9 54
9 55
9 56
9 56
9 57
9 58
9 58
10 59
11 59
11 59
12 60
13 60
14 61
14 61
15 62
16 62
16 62
17 62
18 63
19 63
19 63
20 64
21 65
21 65
22 66
23 66
23 66
23 65
23 64
24 63
24 62
24 61
24 60
24 59
24 58
25 57
25 56
25 55
25 54
25 53
25 52
26 51
26 50
26 49
26 48
26 47
27 46
27 45
27 44
27 43
27 42
27 41
28 40
28 39
28 38
28 37
28 36
29 35
29 34
29 33
29 32
29 31
29 30
30 29
30 28
30 27
30 26
30 25
30 24
31 23
31 22
31 21
31 21
31 21
31 21
31 21
32 22
32 22
32 22
33 21
33 21
33 20
33 20
34 19
34 18
34 18
34 17
34 16
34 15
34 15
35 14
35 13
35 13
35 12
35 11
35 10
35 9
35 9
35 8
35 7
35 6
35 6
35 5
34 4
34 3
34 3
33 2
33 1
33 1
32 0
32 0
31 1
31 2
31 2
30 3
29 3
28 4
28 4
27 5
27 6
26 7
26 8
26 8
25 9
25 10
24 11
24 12
24 12
24 13
24 14
23 15
23 16
23 17
23 18
23 18
23 19
23 20
23 21
22 22
22 23
22 24
22 25
22 26
22 26
22 27
22 28
22 29
22 30
22 31
22 32
22 33
22 34
22 35
22 35
22 36
22 37
22 38
22 39
23 40
23 41
23 42
23 43
23 44
23 45
23 45
23 46
23 47
24 48
24 49
24 50
24 51
25 52
25 53
25 54
25 54
25 55
26 56
26 57
26 58
26 59
27 60
27 61
27 61
28 62
29 63
29 64
30 65
30 65
31 66
32 67
33 68
33 68
34 68
35 68
36 68
36 68
37 67
38 66
38 66
38 65
39 64
39 63
39 63
39 62
40 61
40 60
40 59
40 59
40 58
40 57
40 56
40 55
40 54
40 54
40 53
40 52
40 51
40 50
40 50
40 49
40 48
40 47
40 47
39 46
39 45
39 45
38 44
38 43
38 43
37 43
37 43
36 43
36 43
35 44
34 44
34 44
33 45
33 45
33 46
33 47
33 47
33 48
33 49
33 50
33 50
34 51
34 52
35 53
35 53
36 54
36 55
37 56
37 57
37 57
38 58
38 59
39 60
39 60
40 61
41 61
41 61
42 61
43 61
43 61
44 60
45 59
45 59
46 58
46 58
46 57
46 56
46 55
47 54
47 53
47 52
47 51
47 50
47 49
47 48
48 47
48 46
48 45
48 44
48 43
48 42
48 41
49 40
49 39
49 38
49 37
49 37
49 37
49 36
49 35
49 35
49 35
49 36
49 36
49 37
49 37
49 38
50 39
50 40
50 41
50 41
50 42
50 43
50 44
50 45
50 46
50 47
50 47
50 48
50 49
50 50
50 51
50 51
50 52
50 53
50 54
50 55
50 55
50 56
50 57
50 57
50 58
50 58
51 57
51 57
52 56
52 56
53 55
53 54
53 54
54 53
55 52
55 52
55 51
56 50
56 49
56 49
56 48
56 47
56 46
56 46
56 45
57 44
57 43
57 43
57 42
57 41
57 40
57 39
57 39
58 38
58 37
58 37
58 37
57 37
57 37
57 38
57 38
57 39
57 40
57 41
57 42
57 42
57 43
57 44
57 45
57 46
57 47
57 48
57 48
57 49
57 50
57 51
57 52
57 53
57 54
57 55
57 56
57 56
57 57
57 58
57 59
57 60
57 61
57 62
57 63
57 64
57 64
57 65
57 66
57 67
57 68
57 69
57 70
57 71
57 71
57 72
57 73
57 74
56 75
56 76
56 77
56 78
56 78
56 79
56 80
56 81
56 82
56 82
56 83
55 84
55 85
55 86
55 86
54 87
54 88
54 88
53 89
53 89
53 89
52 88
52 88
52 87
52 86
52 86
53 85
53 84
53 84
53 83
54 82
54 81
54 80
55 79
55 78
55 77
56 76
56 75
56 74
56 73
57 72
57 71
57 70
58 69
58 68
58 67
59 66
59 65
59 64
60 63
60 62
60 61
61 60
61 59
61 58
62 57
62 56
62 55
62 54
63 53
63 52
63 51
64 50
64 49
64 48
65 47
65 46
65 46
65 46
65 46
65 46
65 46
66 45
66 45
67 44
67 44
67 43
68 42
68 41
68 41
68 40
69 39
69 38
69 38
69 37
70 36
70 35
70 35
70 34
71 33
71 32
71 32
71 31
71 30
71 30
71 29
71 28
71 28
70 27
70 27
69 26
69 26
68 27
68 27
67 28
67 29
67 29
67 30
66 31
66 32
66 32
66 33
65 34
65 35
65 36
65 36
65 37
64 38
64 39
64 40
64 40
64 41
64 42
65 43
65 44
65 45
65 45
66 46
66 47
66 47
67 48
67 48
68 48
69 48
69 48
70 48
71 48
72 48
72 48
73 47
74 47
74 47
75 46
75 45
75 45
76 44
76 43
77 42
77 42
77 41
78 40
78 39
78 39
79 38
79 37
79 37
79 36
80 35
80 34
80 34
80 33
80 33
80 32
80 32
79 32
79 32
79 33
79 33
78 34
78 34
78 35
78 36
78 37
78 37
78 38
78 39
78 39
78 40
78 41
78 41
79 42
79 42
79 42
80 42
80 42
81 41
81 41
82 40
83 40
83 40
84 39
84 38
84 38
85 37
85 36
85 36
86 35
86 35
87 34
87 34
87 34
87 34
87 34
87 34
87 35
87 35
87 35
88 35
88 35
88 35
89 34
89 34
90 33
90 32
90 32
91 31
91 31
92 30
92 29
92 29
93 28
93 28
94 27
94 27
95 26
95 26
96 26
96 26
97 25
97 25
98 25
98 25
98 24
98 24
99 25
99 25
99 26
99 26
99 27
99 27
99 28
99 29
99 30
99 31
99 31
99 32
99 33
99 34
99 35
99 36
99 36
99 37
99 38
99 39
99 40
99 41
99 42
99 42
99 43
99 44
99 45
99 46
99 47
99 48
99 49
99 50
99 50
99 51
99 52
99 53
99 54
99 55
99 56
99 57
99 58
99 58
99 59
99 60
99 61
99 62
99 63
99 64
99 65
99 66
99 67
99 67
99 68
99 69
99 70
99 71
99 72
99 73
99 74
99 75
99 75
99 76
98 77
98 78
98 79
97 80
97 81
97 81
97 82
97 83
96 84
96 85
96 86
96 87
96 87
95 88
95 89
94 90
94 91
94 91
93 92
93 93
92 94
92 95
92 95
91 96
91 97
90 98
90 98
89 99
88 99
87 100
87 100
86 100
85 100
84 100
84 100
83 99
82 99
82 99
81 98
80 97
79 96
79 96
78 95
78 94
77 93
76 92
76 91
75 90
75 90
75 89
74 88
74 87
73 86
73 85
73 84
72 83
72 82
72 82
72 81
71 80
71 79
70 78
70 77
70 77
70 76
69 75
69 74
69 73
69 73
69 72
70 71
70 70
70 70
71 69
72 69
73 68
