1 13
1 12
1 11
1 10
1 10
0 9
0 9
0 8
0 8
1 7
1 7
1 6
1 5
1 5
1 4
1 4
2 3
2 3
2 2
2 2
2 2
2 2
2 3
2 4
2 4
2 5
1 6
1 7
1 8
1 8
1 9
1 10
1 11
1 12
1 13
1 14
1 15
1 16
1 16
1 17
1 18
1 19
1 20
0 21
0 22
0 23
0 24
0 25
0 26
0 26
0 27
0 28
0 29
0 30
0 31
0 32
0 33
0 34
0 35
0 36
0 37
0 37
0 38
0 39
0 40
0 41
0 42
0 43
0 44
0 45
0 46
0 47
0 48
0 48
0 49
0 50
0 51
0 52
0 53
0 54
0 55
0 55
0 56
1 57
1 58
1 59
2 60
2 61
2 61
3 62
3 63
3 63
4 64
5 64
5 64
6 64
6 64
7 64
7 64
8 63
8 63
9 62
9 61
9 61
9 60
9 59
9 58
9 58
9 57
10 56
10 55
10 54
10 54
10 53
10 52
10 51
10 50
10 49
10 48
10 48
10 47
10 46
10 45
10 44
10 43
10 43
10 42
9 41
9 40
9 39
9 39
8 38
8 37
7 36
7 36
6 36
6 36
5 37
5 37
4 38
4 39
4 39
4 40
3 41
3 42
3 42
3 43
2 44
2 45
2 45
2 46
2 47
2 48
2 48
2 49
3 50
3 51
3 51
4 52
4 53
5 54
5 54
6 55
6 56
6 56
7 57
7 58
8 59
8 59
9 60
9 61
9 61
10 62
11 62
11 62
12 61
12 61
13 60
13 59
14 58
14 58
14 57
15 56
15 55
16 54
16 53
16 53
16 52
17 51
17 50
17 49
18 48
18 47
18 46
19 45
19 44
19 43
20 42
20 41
20 40
21 39
21 38
21 38
21 37
21 37
21 36
21 35
21 35
21 34
21 33
21 32
21 32
21 31
21 30
22 29
22 28
22 27
22 27
22 26
22 25
22 24
22 23
22 22
22 21
22 21
22 20
22 19
22 18
23 17
23 16
23 15
23 14
23 13
23 13
23 12
23 11
23 10
23 9
23 8
23 7
23 7
23 6
24 5
24 4
24 3
24 3
25 2
25 1
25 1
25 0
25 0
25 1
25 2
25 2
25 3
25 4
25 4
25 5
25 6
24 7
24 8
24 9
24 10
24 10
24 11
24 12
24 13
23 14
23 15
23 16
23 17
23 17
23 18
23 19
23 20
22 21
22 22
22 23
22 24
22 25
22 25
22 26
22 27
22 28
22 29
21 30
21 31
21 32
21 33
21 34
21 34
21 35
21 36
21 37
21 38
21 39
21 40
21 41
21 42
21 43
21 43
21 44
21 45
21 46
21 47
21 48
21 49
21 50
21 51
21 51
21 52
21 53
22 54
22 55
22 56
22 57
22 57
22 58
23 59
23 60
23 60
24 60
25 60
25 60
26 60
26 60
26 59
27 58
27 57
27 57
28 56
28 55
29 54
29 54
29 53
30 52
30 51
30 51
30 50
30 49
31 48
31 47
31 46
31 46
31 45
31 44
31 43
31 42
31 42
31 41
31 40
32 39
32 38
32 37
32 37
32 36
32 35
32 34
32 33
32 33
32 32
32 31
32 30
32 29
32 29
32 28
32 27
32 27
31 27
31 27
30 28
30 28
29 29
29 30
28 31
28 31
28 32
27 33
27 34
27 35
27 35
27 36
27 37
26 38
26 39
26 40
26 40
26 41
25 42
25 43
25 44
25 44
25 45
25 46
25 47
25 48
25 48
25 49
25 50
26 51
26 52
26 53
26 53
26 54
27 55
27 56
27 57
27 57
28 58
28 59
28 59
29 60
29 61
29 61
30 60
31 60
31 60
32 59
32 58
33 57
33 56
33 56
34 55
34 54
35 53
35 52
35 52
36 51
37 50
37 49
38 48
39 47
40 46
41 45
41 44
42 43
43 42
43 42
43 43
43 44
44 45
44 46
44 47
44 48
44 48
43 48
43 48
43 49
43 49
44 49
44 49
45 48
45 48
45 47
45 47
45 46
45 45
45 45
45 44
46 43
46 42
46 41
46 41
46 40
47 39
47 38
47 37
47 37
47 36
47 35
48 34
48 33
48 32
48 32
48 31
48 30
48 29
48 28
48 27
48 27
49 26
49 25
49 25
49 25
48 25
48 25
48 26
48 27
48 27
48 28
47 29
47 30
47 30
47 31
46 32
46 33
46 33
46 34
45 35
45 36
45 36
45 37
44 38
44 39
44 39
44 40
44 41
44 42
44 42
44 43
44 44
44 45
44 46
44 46
44 47
43 48
43 49
43 50
43 50
43 51
43 52
43 53
43 53
44 54
44 55
44 55
45 56
45 56
46 55
47 54
47 54
48 53
49 52
49 51
50 50
50 50
50 49
51 48
51 47
52 46
52 45
52 45
52 44
53 43
53 42
54 41
54 40
54 40
54 39
55 38
55 37
56 36
56 35
56 35
56 34
57 33
57 32
57 31
57 31
57 30
58 29
58 28
58 28
58 27
58 27
58 27
58 27
58 27
58 28
58 28
58 29
58 29
58 30
57 31
57 32
57 32
57 33
57 34
57 35
57 36
57 37
57 38
57 38
57 39
57 40
57 41
56 42
56 43
56 44
56 45
56 45
56 46
56 47
56 48
56 49
55 50
55 51
55 52
55 53
55 54
55 55
55 55
55 56
55 57
55 58
55 59
55 60
55 61
55 62
55 63
55 64
55 65
55 66
55 67
55 67
55 68
55 69
55 70
55 71
55 72
55 73
55 74
55 75
55 76
55 77
55 78
55 79
55 80
55 80
55 81
55 82
55 83
55 84
55 85
55 86
55 87
55 88
55 89
55 90
55 90
55 91
55 92
56 93
56 94
56 95
56 96
56 96
56 97
56 98
56 99
56 99
56 100
56 100
56 100
56 99
56 99
56 98
55 97
55 96
55 96
55 95
55 94
55 93
55 92
55 92
55 91
55 90
54 89
54 88
54 87
54 87
54 86
54 85
53 84
53 83
53 82
53 82
53 81
53 80
54 79
54 78
54 77
54 76
54 75
55 74
55 73
55 72
55 71
56 70
56 69
56 68
56 67
56 66
57 65
57 64
57 63
57 62
57 61
58 60
58 59
58 58
58 57
58 56
59 55
59 54
59 53
59 52
59 51
60 50
60 49
60 48
60 47
61 46
61 45
61 44
61 43
61 42
62 41
62 40
62 39
62 38
62 37
63 36
63 35
63 34
63 34
63 35
64 36
64 37
64 37
64 38
64 38
64 38
64 39
64 39
64 39
63 40
63 40
63 40
63 41
63 42
63 42
63 43
63 43
64 44
64 44
64 45
64 45
65 44
65 44
66 43
67 42
67 42
67 41
68 40
68 39
68 38
68 38
68 37
68 36
69 35
69 34
69 33
69 32
70 31
70 30
70 29
70 28
71 27
71 26
71 25
71 25
71 24
71 23
71 22
71 21
71 21
71 20
71 20
70 21
70 21
70 22
70 23
70 23
70 24
69 25
69 26
69 26
69 27
68 28
68 29
68 30
68 30
68 31
67 32
67 33
67 34
67 34
67 35
66 36
66 37
66 37
66 38
66 39
66 40
66 40
67 41
67 41
68 42
68 42
69 42
69 42
70 41
71 41
71 41
71 40
72 39
72 38
72 38
73 37
73 36
74 35
74 34
74 34
75 33
75 32
76 31
76 30
76 30
76 29
76 28
76 27
76 27
76 26
77 25
77 24
77 23
77 23
77 22
77 21
77 21
77 20
77 20
76 21
76 21
76 22
76 22
76 23
76 24
76 24
76 25
75 26
75 27
75 27
75 28
75 29
75 30
75 31
75 31
75 32
74 33
74 34
74 35
74 35
74 36
74 37
74 38
74 38
75 39
75 40
75 40
75 39
75 39
76 38
77 38
77 38
77 37
78 36
78 35
78 34
78 34
79 33
79 32
80 31
80 30
80 30
80 29
81 28
81 27
82 26
82 25
82 25
82 24
83 23
83 22
83 21
83 21
84 20
84 19
85 18
85 17
85 17
85 16
86 15
86 14
86 13
86 13
87 12
87 12
87 13
87 13
87 14
87 14
87 15
87 16
86 17
86 18
86 19
86 19
86 20
86 21
85 22
85 23
85 24
85 24
85 25
84 26
84 27
83 28
83 29
83 29
83 30
82 31
82 32
82 32
82 33
82 34
82 35
82 35
83 35
83 35
84 34
84 34
85 33
86 32
86 32
86 31
87 30
87 29
87 28
87 28
88 27
89 26
89 26
90 25
90 24
91 23
91 23
92 22
92 21
92 21
93 20
93 20
94 19
94 19
94 18
94 18
94 18
94 17
94 17
94 17
94 17
94 17
94 18
94 18
94 19
94 20
94 21
94 21
94 22
94 23
94 24
94 25
94 25
94 26
94 27
94 28
94 29
94 30
94 30
94 31
94 32
94 33
95 34
95 35
95 36
95 37
95 37
95 38
95 39
95 40
95 41
95 42
95 43
95 44
95 45
95 45
95 46
95 47
95 48
95 49
95 50
95 51
95 52
95 53
95 54
95 54
95 55
95 56
95 57
95 58
95 59
95 60
95 61
95 61
95 62
95 63
95 64
95 65
95 66
95 67
95 67
95 68
95 69
95 70
95 70
95 71
95 71
95 71
95 70
95 70
95 69
95 68
95 68
95 67
94 66
94 65
94 65
94 64
94 63
94 62
94 62
94 61
93 60
93 59
93 58
93 58
93 57
93 56
92 55
92 54
92 53
92 53
92 52
91 51
91 50
91 49
91 49
91 48
92 47
92 46
92 45
92 45
92 44
93 43
93 42
93 42
94 41
94 40
95 39
95 38
95 38
96 37
96 36
97 35
97 34
97 34
98 33
99 32
100 31
