0 10
0 9
0 8
0 7
0 6
0 6
0 5
0 4
0 3
0 3
0 2
0 1
0 1
0 0
0 0
0 0
1 0
1 0
1 1
1 2
1 3
1 3
1 4
2 5
2 6
2 6
2 7
2 8
2 9
2 10
2 11
2 12
2 13
2 13
2 14
2 15
2 16
2 17
2 18
2 19
2 20
2 21
2 21
2 22
2 23
2 24
2 25
1 26
1 27
1 28
1 29
1 30
1 30
1 31
1 32
1 33
1 34
1 35
1 36
1 37
1 38
1 39
1 40
1 41
1 41
1 42
1 43
1 44
1 45
1 46
1 47
1 48
1 49
1 50
1 51
1 52
1 52
1 53
1 54
1 55
1 56
1 57
2 58
2 59
2 60
2 61
2 62
2 63
2 63
2 64
2 65
2 66
3 67
3 68
3 69
3 70
3 71
3 71
4 72
4 73
5 74
5 75
5 75
6 76
6 76
7 75
8 75
8 75
9 74
10 73
10 73
10 72
11 71
11 70
11 69
11 69
11 68
11 67
12 66
12 65
12 64
12 63
12 63
12 62
12 61
13 60
13 59
13 58
13 57
13 57
13 56
13 55
14 54
14 53
14 52
14 51
14 51
14 50
14 49
14 48
14 47
14 46
14 45
14 45
14 44
14 43
13 42
13 41
13 40
13 40
13 39
13 38
13 37
13 37
12 37
11 37
11 37
10 38
10 39
10 39
10 40
9 41
9 42
9 42
8 43
8 44
7 45
7 46
7 46
7 47
7 48
6 49
6 50
6 51
6 52
6 52
6 53
6 54
5 55
5 56
5 57
5 58
5 58
5 59
5 60
5 61
5 62
5 63
5 64
5 65
5 65
5 66
5 67
6 68
6 69
6 70
6 70
6 71
6 72
6 73
6 74
6 75
6 76
6 76
6 77
7 78
7 79
7 79
8 80
8 81
8 81
9 80
10 80
10 80
11 79
12 78
12 78
12 77
13 76
13 75
14 74
14 73
14 73
14 72
15 71
15 70
16 69
16 68
17 67
17 66
17 66
18 65
19 64
19 63
20 62
21 61
21 61
21 60
21 59
21 58
21 57
21 56
21 55
21 54
21 53
21 52
21 51
21 50
21 49
21 48
21 47
21 46
21 45
21 44
21 43
21 42
21 41
21 40
21 39
21 38
21 37
21 36
21 35
21 34
21 33
21 32
21 31
21 30
21 29
21 28
21 27
21 26
21 25
21 24
21 23
21 22
21 21
21 20
21 19
21 18
21 17
21 16
21 15
21 14
21 14
21 13
21 12
22 11
22 10
22 9
22 9
22 8
21 7
21 6
21 6
21 5
21 5
21 5
21 5
21 6
21 6
21 7
22 8
22 9
22 10
22 10
22 11
22 12
22 13
22 14
22 15
22 16
22 16
22 17
22 18
22 19
22 20
22 21
22 22
22 23
22 24
22 24
22 25
22 26
22 27
22 28
21 29
21 30
21 31
21 32
21 33
21 33
21 34
21 35
21 36
21 37
21 38
21 39
21 40
21 41
21 42
21 43
21 43
21 44
21 45
21 46
21 47
21 48
20 49
20 50
20 51
20 52
20 53
20 54
20 55
20 55
20 56
20 57
20 58
20 59
20 60
20 61
20 62
20 63
20 64
20 65
20 66
20 66
20 67
20 68
20 69
20 70
20 71
20 72
20 73
20 74
20 74
20 75
20 76
20 77
20 78
20 79
20 79
21 80
21 80
22 79
23 79
23 79
24 78
24 77
25 76
25 76
25 75
25 74
26 73
26 72
26 71
26 71
27 70
28 69
28 68
29 67
29 67
29 66
30 65
30 64
31 63
31 62
31 62
31 61
32 60
32 59
32 58
32 58
33 57
33 56
34 55
34 54
34 54
34 53
34 52
34 51
34 50
34 49
34 49
34 48
34 47
34 46
34 45
34 45
34 44
33 43
33 42
33 41
33 41
33 40
33 39
32 38
32 37
32 36
32 36
31 35
31 34
31 34
30 33
30 33
29 34
29 34
29 35
28 36
28 37
28 37
28 38
28 39
27 40
27 41
27 42
27 42
27 43
27 44
27 45
26 46
26 47
26 48
26 49
26 49
26 50
26 51
26 52
25 53
25 54
25 55
25 56
25 56
25 57
25 58
25 59
24 60
24 61
24 62
24 63
24 63
24 64
24 65
23 66
23 67
23 68
23 69
23 69
23 70
24 71
24 72
24 72
25 73
26 73
26 73
27 73
28 72
29 72
29 72
30 71
31 70
32 69
32 69
33 68
33 67
34 66
34 66
35 65
35 64
36 63
36 62
37 61
37 61
38 60
38 59
39 58
39 57
40 56
40 56
41 55
41 54
42 53
42 52
42 52
42 51
42 50
42 49
42 48
42 47
42 47
42 48
42 49
42 50
42 51
42 52
42 53
42 54
42 54
42 55
42 56
42 56
43 57
43 57
44 57
44 57
45 56
45 56
46 55
47 54
47 54
47 53
48 52
48 51
48 50
48 50
48 49
48 48
49 47
49 46
49 45
49 45
49 44
49 43
50 42
50 41
50 40
50 40
50 39
50 38
50 37
51 36
51 35
51 34
51 33
51 33
51 32
51 31
51 30
51 29
51 28
51 27
51 26
51 26
51 25
52 24
52 23
52 22
52 22
52 21
52 20
52 19
52 18
52 18
53 18
53 18
53 18
53 18
52 19
52 20
52 20
52 21
52 22
52 22
51 23
51 24
51 24
51 25
51 26
51 26
50 27
50 28
50 28
50 28
50 28
50 28
50 28
50 28
50 28
50 28
51 28
51 28
51 28
51 28
51 28
51 28
51 28
51 28
51 28
51 28
51 28
51 28
51 29
50 30
50 31
50 31
50 32
50 33
50 34
50 35
50 36
50 37
50 37
50 38
50 39
50 40
49 41
49 42
49 43
49 44
49 45
49 45
49 46
49 47
49 48
49 49
49 50
49 51
49 52
49 53
49 54
49 55
49 55
49 56
49 57
49 58
49 59
48 60
48 61
48 62
48 63
48 64
48 65
48 65
48 66
48 67
48 68
48 69
48 70
48 71
48 72
48 73
48 74
48 75
48 76
48 77
48 77
48 78
48 79
48 80
48 81
48 82
48 83
48 84
48 85
48 86
48 86
48 87
48 88
48 89
47 90
47 91
47 92
47 93
47 93
47 94
47 95
47 96
47 97
47 98
47 98
46 99
46 100
46 100
46 100
46 99
46 99
46 98
46 97
46 97
46 96
46 95
46 95
46 94
47 93
47 92
47 92
47 91
48 90
48 89
48 88
48 88
48 87
48 86
49 85
49 84
49 83
49 82
49 81
50 80
50 79
50 78
50 77
50 76
51 75
51 74
51 73
51 72
51 71
52 70
52 69
52 68
52 67
52 66
53 65
53 64
53 63
53 62
53 61
54 60
54 59
54 58
54 57
54 56
55 55
55 54
55 53
55 52
55 51
56 50
56 49
56 48
56 48
56 49
56 50
57 51
57 52
57 53
57 53
56 54
55 54
55 54
56 53
56 53
56 52
57 51
57 50
57 50
57 49
57 48
58 47
58 46
58 45
58 45
58 44
58 43
59 42
59 41
59 40
59 40
59 39
59 38
60 37
60 36
60 35
60 34
60 34
60 33
60 32
61 31
61 30
61 29
61 29
61 28
62 27
62 26
62 25
62 25
62 24
61 23
61 22
61 22
61 23
61 23
60 24
60 25
60 25
59 26
59 27
58 28
58 28
58 29
58 30
57 31
57 32
57 33
57 33
57 34
57 35
56 36
56 37
56 38
56 39
56 39
56 40
56 41
55 42
55 43
55 44
55 44
55 45
55 46
55 47
55 47
55 48
55 48
56 48
57 48
57 48
58 47
59 47
60 46
60 46
60 45
61 44
61 43
62 42
62 41
62 41
63 40
63 39
64 38
64 37
65 36
65 36
65 35
66 34
66 33
67 32
67 31
67 31
67 30
68 29
68 28
69 27
69 26
69 26
69 25
70 24
70 23
70 22
70 22
70 21
71 20
71 19
71 19
71 18
71 18
71 19
71 19
70 20
70 20
69 21
69 22
69 22
68 23
68 24
67 25
67 25
67 26
66 27
66 28
66 28
66 29
66 30
66 30
66 31
66 32
66 32
67 33
67 33
68 34
68 35
68 35
69 36
69 36
70 37
70 38
70 38
71 37
72 37
72 37
73 36
73 35
73 35
74 34
74 33
75 32
75 31
75 31
76 30
76 29
77 28
77 27
77 27
78 26
78 25
79 24
79 23
79 23
79 22
80 21
80 20
80 19
80 19
80 18
81 17
81 16
81 16
81 15
81 15
81 15
80 16
80 17
80 17
80 18
79 19
79 20
79 21
79 21
79 22
78 23
78 24
78 25
78 25
78 26
78 27
77 28
77 29
77 30
77 30
77 31
77 32
77 33
77 34
77 34
77 35
76 36
76 37
76 37
77 37
77 37
78 36
79 35
79 35
80 34
80 33
81 32
81 32
81 31
82 30
82 29
83 28
83 27
83 27
84 26
84 25
85 24
85 23
86 22
86 21
86 21
86 20
87 19
87 18
88 17
88 16
88 16
88 15
88 14
89 13
89 12
89 11
89 11
90 10
91 9
91 9
92 8
92 8
93 8
94 8
94 8
94 9
94 10
94 10
94 11
94 12
94 12
94 13
94 14
94 14
94 15
94 16
94 16
93 17
93 18
93 18
93 18
93 18
93 17
93 17
93 16
93 16
93 15
93 14
93 14
94 13
94 13
94 12
94 11
94 11
95 10
95 10
95 11
95 11
95 12
95 12
95 13
96 14
96 15
96 15
96 16
96 17
96 18
96 19
96 19
96 20
97 21
97 22
97 23
97 23
97 24
97 25
97 26
97 27
97 28
97 29
97 29
97 30
97 31
98 32
98 33
98 34
98 35
98 35
98 36
98 37
98 38
98 39
98 40
98 41
98 42
98 43
98 43
98 44
98 45
98 46
98 47
99 48
99 49
99 50
99 51
99 52
99 52
99 53
99 54
99 55
99 56
99 57
99 58
99 59
99 60
99 61
99 62
99 62
99 63
99 64
99 65
99 66
99 67
99 68
99 69
99 70
99 71
99 71
99 72
99 73
98 74
98 75
98 76
98 77
98 77
98 78
98 79
98 80
98 81
98 82
98 82
98 83
97 84
97 85
97 86
97 86
96 87
96 88
96 88
95 89
94 89
94 89
93 88
93 88
93 87
92 86
92 85
92 84
92 84
92 83
91 82
91 81
90 80
90 79
90 79
90 78
90 77
90 76
90 75
91 74
91 73
91 72
91 71
91 70
91 70
91 69
91 68
92 67
92 66
92 65
92 64
93 63
93 62
93 61
93 61
93 60
94 59
94 58
95 57
95 56
96 55
96 54
96 54
96 53
97 52
97 51
97 50
98 49
98 48
98 48
99 47
99 46
100 45
100 44
