0 36
0 35
0 34
0 33
0 32
1 31
1 30
1 29
1 28
1 27
1 27
1 26
1 25
1 24
1 23
1 22
1 22
1 21
0 20
0 19
0 18
0 18
0 17
0 16
0 15
0 14
0 14
0 13
0 12
0 11
0 10
0 10
0 9
0 8
0 8
0 8
0 8
1 8
1 8
1 9
1 10
1 10
1 11
1 12
1 13
1 14
1 15
1 15
1 16
1 17
1 18
1 19
1 20
1 21
1 22
1 22
1 23
1 24
1 25
1 26
1 27
1 28
1 29
1 30
1 31
1 32
1 32
1 33
1 34
1 35
1 36
1 37
0 38
0 39
0 40
0 41
0 42
0 43
0 43
0 44
0 45
0 46
0 47
0 48
0 49
0 50
0 51
0 52
0 53
0 54
0 55
0 55
0 56
0 57
0 58
0 59
0 60
0 61
0 62
0 63
0 64
0 65
0 66
0 67
0 68
0 68
0 69
0 70
0 71
1 72
1 73
1 74
1 75
1 76
1 76
1 77
2 78
2 79
2 80
3 81
3 82
3 82
4 82
5 83
6 83
6 83
7 82
8 82
8 82
9 81
10 81
11 80
12 80
12 80
13 79
13 78
14 77
14 76
14 76
14 75
15 74
15 73
15 72
15 72
15 71
16 70
16 69
16 68
16 68
16 67
16 66
17 65
17 64
17 63
17 63
17 62
17 61
17 60
17 59
17 58
17 57
17 57
17 56
17 55
16 54
16 53
16 52
16 51
16 51
16 50
16 49
15 48
15 47
15 46
15 46
15 45
14 44
14 43
14 43
13 42
13 41
13 41
12 42
12 42
12 43
11 44
11 45
11 45
11 46
10 47
10 48
10 49
10 49
10 50
10 51
10 52
9 53
9 54
9 55
9 56
9 56
9 57
9 58
9 59
9 60
9 61
9 62
9 63
9 63
9 64
9 65
9 66
9 67
9 68
9 69
9 69
10 70
10 71
11 72
11 72
12 73
13 73
13 73
14 73
15 72
16 72
16 72
17 71
17 70
18 69
18 68
18 68
19 67
20 66
20 65
21 64
21 64
21 63
21 62
21 61
21 60
22 59
22 58
22 57
22 56
22 55
22 54
22 53
22 52
22 51
23 50
23 49
23 48
23 47
23 46
23 45
23 44
23 43
23 42
24 41
24 40
24 39
24 38
24 37
24 36
24 35
24 34
24 33
25 32
25 31
25 30
25 29
25 28
25 27
25 26
25 25
25 24
26 23
26 22
26 21
26 20
26 19
26 18
26 17
26 16
26 15
27 14
27 13
27 12
27 11
27 10
27 10
27 10
26 9
25 9
25 9
26 9
26 9
26 10
26 10
26 11
27 12
27 13
27 13
27 14
27 15
27 16
27 17
27 18
27 18
27 19
27 20
27 21
26 22
26 23
26 24
26 25
26 26
26 26
26 27
26 28
26 29
26 30
26 31
26 32
26 33
26 34
26 35
26 36
26 36
26 37
26 38
26 39
26 40
25 41
25 42
25 43
25 44
25 45
25 46
25 46
25 47
25 48
25 49
25 50
25 51
25 52
25 53
25 54
25 55
25 56
25 57
25 57
25 58
25 59
25 60
25 61
25 62
25 63
25 64
25 65
25 65
25 66
25 67
26 68
26 69
26 70
26 70
27 70
28 70
28 70
29 69
30 69
30 69
31 68
31 67
32 66
32 66
32 65
33 64
33 63
33 62
34 61
34 60
34 60
34 59
35 58
35 57
36 56
36 55
36 55
36 54
36 53
37 52
37 51
37 50
37 50
37 49
37 48
38 47
38 46
38 45
38 45
38 44
38 43
38 42
38 41
38 40
38 39
38 39
38 38
38 37
38 36
38 35
38 34
38 33
38 33
38 32
38 31
38 30
38 29
38 28
38 27
38 27
38 26
37 25
37 24
37 23
37 23
37 22
37 22
36 23
36 23
36 24
36 24
36 25
35 26
35 27
35 27
35 28
34 29
34 30
34 31
34 31
34 32
34 33
33 34
33 35
33 36
33 37
33 37
33 38
32 39
32 40
32 41
32 42
31 43
31 44
31 44
31 45
31 46
31 47
31 48
31 49
31 50
31 51
31 52
31 52
31 53
31 54
31 55
31 56
31 57
31 58
31 58
31 59
32 60
32 61
32 62
32 62
33 63
33 64
34 65
34 65
35 65
36 65
36 65
37 64
37 64
38 63
39 62
39 62
39 61
40 60
40 59
40 59
40 58
41 57
41 56
41 55
42 54
42 53
42 52
43 51
43 50
43 49
44 48
44 47
44 46
45 45
45 44
45 43
46 42
46 41
46 40
46 39
47 38
47 37
47 36
48 35
48 34
48 33
49 32
49 31
49 30
50 29
50 28
50 27
51 26
51 25
51 24
52 23
52 22
52 22
53 21
53 20
53 20
52 20
52 20
52 20
52 20
52 20
52 20
52 20
52 20
52 20
52 20
52 20
52 20
52 20
52 20
52 20
52 20
52 20
52 20
52 20
53 19
53 19
53 18
53 18
54 17
54 17
54 16
54 15
54 15
55 14
55 14
55 14
55 14
55 14
54 15
54 16
54 16
54 17
53 18
53 19
53 20
53 20
53 21
53 22
52 23
52 24
52 25
52 25
52 26
52 27
52 28
51 29
51 30
51 31
51 32
51 32
51 33
51 34
51 35
50 36
50 37
50 38
50 39
50 39
50 40
50 41
50 42
49 43
49 44
49 45
49 46
49 46
49 47
49 48
48 49
48 50
48 51
48 52
48 52
48 53
48 54
48 55
48 56
48 56
48 57
48 58
48 59
48 59
48 60
48 61
48 61
48 62
48 62
48 62
48 62
49 62
49 62
49 62
50 61
50 61
51 60
51 60
51 59
51 59
51 59
51 58
51 58
51 58
52 57
52 57
52 56
52 56
52 55
52 55
53 54
53 53
53 53
53 52
53 51
53 51
54 50
54 50
55 49
55 48
55 48
56 47
56 46
56 46
57 45
57 44
57 44
57 43
58 42
58 41
58 40
58 40
58 39
59 38
59 37
59 37
59 36
59 35
59 34
59 33
59 33
59 32
59 31
60 30
60 29
60 28
60 28
61 27
61 26
61 26
61 25
61 25
61 25
61 25
61 26
61 26
61 27
61 28
61 28
60 29
60 29
60 30
60 31
60 31
60 32
60 32
59 33
59 34
59 34
59 35
59 36
59 37
59 38
59 38
59 39
59 40
58 41
58 42
58 43
58 44
58 44
58 45
58 46
58 47
58 48
58 49
58 50
58 51
58 52
58 52
58 53
58 54
58 55
58 56
57 57
57 58
57 59
57 60
57 61
57 62
57 62
57 63
57 64
57 65
57 66
57 67
56 68
56 69
56 70
56 71
56 72
56 73
56 73
56 74
56 75
56 76
56 77
56 78
56 79
56 80
56 81
56 82
56 83
56 83
56 84
56 85
56 86
56 87
56 88
56 89
56 90
56 90
56 91
56 92
55 93
55 94
55 95
55 95
55 96
55 97
55 97
55 98
55 99
55 99
55 100
55 100
55 100
55 100
56 100
56 100
56 99
56 99
57 98
57 97
57 97
57 96
58 95
58 94
58 94
58 93
58 92
58 91
58 90
59 89
59 88
59 87
59 86
59 85
59 84
59 83
59 82
59 81
59 80
60 79
60 78
60 77
60 76
60 75
60 74
60 73
60 72
60 71
61 70
61 69
61 68
61 67
61 66
61 65
61 64
61 63
61 62
61 61
62 60
62 59
62 58
62 57
62 56
62 55
62 54
62 53
62 52
63 51
63 50
63 49
63 48
63 47
63 46
63 45
63 44
63 43
63 42
64 41
64 40
64 39
64 38
64 37
64 37
64 38
64 39
64 40
64 41
64 42
64 43
64 44
64 45
64 45
63 46
63 47
62 48
62 48
61 49
61 50
61 50
61 51
61 52
61 52
62 51
62 51
63 51
63 51
63 50
64 49
64 48
64 48
64 47
64 46
65 45
65 44
65 43
65 43
65 42
66 41
66 40
66 39
67 38
67 37
67 37
67 36
67 35
67 34
68 33
68 32
68 31
68 30
68 30
68 29
68 28
68 27
69 26
69 25
69 24
69 23
69 23
69 22
69 21
70 20
70 19
70 18
70 17
70 17
71 16
71 15
71 15
71 14
71 14
71 15
71 15
70 16
70 17
70 17
70 18
69 19
69 20
69 21
69 21
69 22
69 23
69 24
69 25
69 26
69 26
69 27
69 28
68 29
68 30
68 31
68 31
68 32
67 33
67 34
67 35
67 35
67 36
67 37
67 38
67 38
68 39
68 40
68 40
69 40
69 40
70 39
70 39
71 38
71 37
72 36
72 36
73 35
73 34
74 33
74 32
74 32
74 31
75 30
75 29
75 28
76 27
76 26
76 26
77 25
77 24
78 23
78 22
78 22
78 21
79 20
79 19
79 19
79 18
80 17
80 16
80 16
80 16
80 17
80 17
80 18
80 19
80 19
80 20
79 21
79 22
79 23
79 23
79 24
78 25
78 26
78 27
78 27
78 28
77 29
77 30
77 31
77 31
77 32
77 33
77 33
78 33
78 33
79 32
79 32
79 31
80 30
80 29
80 29
80 28
81 27
81 26
82 25
82 24
82 24
83 23
83 22
84 21
84 21
84 20
85 19
85 18
85 18
86 17
86 16
86 16
86 17
86 17
86 18
86 19
86 19
86 20
85 21
85 22
85 22
85 23
85 24
85 24
85 25
84 26
84 27
84 28
84 28
84 29
83 30
83 31
83 31
83 32
82 33
82 34
82 34
82 35
82 35
82 34
82 34
83 34
83 34
84 33
84 33
85 32
86 31
86 31
87 30
87 29
88 28
88 27
88 27
89 26
89 25
90 24
90 23
90 23
91 22
91 21
92 20
92 19
92 19
93 18
93 17
94 16
94 15
95 14
95 14
95 13
96 12
96 11
96 10
97 9
97 8
97 8
97 7
98 6
98 5
98 4
98 4
98 3
99 2
99 1
99 1
100 0
100 0
99 1
99 1
99 2
99 3
99 3
99 4
98 5
98 6
98 6
98 7
98 8
97 9
97 10
97 11
97 11
97 12
97 13
97 14
97 15
97 15
97 16
97 17
96 18
96 19
96 20
96 21
96 21
96 22
96 23
96 24
96 25
96 26
96 27
96 28
96 28
96 29
96 30
96 31
96 32
96 33
96 34
96 35
96 36
96 36
96 37
96 38
96 39
96 40
96 41
96 42
96 43
96 44
96 45
96 46
96 46
96 47
96 48
96 49
96 50
96 51
96 52
96 53
96 54
96 55
96 56
96 57
96 58
96 58
96 59
96 60
96 61
96 62
96 63
96 64
96 65
96 66
96 67
96 68
96 69
96 70
96 71
96 71
96 72
96 73
96 74
96 75
96 76
96 77
96 78
96 79
96 80
96 81
96 82
96 82
96 83
96 84
96 85
96 86
96 87
96 88
96 89
96 90
96 90
96 91
96 92
96 93
96 94
96 95
96 95
96 96
96 96
96 95
96 94
96 94
96 93
96 92
96 91
96 91
96 90
96 89
95 88
95 87
95 86
95 86
95 85
95 84
95 83
95 82
95 81
95 80
95 79
95 79
95 78
95 77
95 76
94 75
94 74
94 73
94 72
94 72
94 71
94 70
94 69
93 68
93 67
93 66
93 65
93 64
93 64
93 63
93 62
93 61
93 60
93 59
93 58
93 57
93 57
93 56
93 55
93 54
93 53
93 52
93 52
93 51
94 50
94 49
94 49
95 48
95 47
