0 24
0 23
1 22
1 21
1 20
1 20
1 19
1 18
1 17
1 17
1 16
1 16
1 15
1 14
1 14
1 13
1 12
1 12
1 11
1 10
1 10
1 9
1 8
1 8
1 7
1 7
1 6
1 6
1 5
1 5
1 5
1 5
1 6
1 7
1 7
1 8
1 9
1 10
1 11
1 12
1 12
1 13
1 14
1 15
1 16
1 17
1 18
1 19
1 20
1 20
1 21
1 22
1 23
1 24
0 25
0 26
0 27
0 28
0 29
0 30
0 30
0 31
0 32
0 33
0 34
0 35
0 36
0 37
0 38
0 39
0 40
0 41
0 41
0 42
0 43
0 44
0 45
0 46
0 47
0 48
0 49
0 50
0 51
0 52
0 52
0 53
0 54
0 55
0 56
0 57
0 58
0 59
0 60
0 61
0 62
0 63
0 63
0 64
0 65
0 66
0 67
0 68
0 69
0 70
0 70
0 71
1 72
1 73
1 74
1 74
2 75
3 75
3 75
4 75
4 75
5 74
5 74
6 73
6 72
6 72
7 71
7 70
7 70
7 69
7 68
7 67
7 67
7 66
7 65
7 64
7 63
7 63
7 62
7 61
8 60
8 59
8 58
8 58
8 57
8 56
8 55
8 54
8 53
8 52
8 51
8 51
8 50
8 49
8 48
8 47
8 46
8 45
8 44
8 43
8 43
8 42
7 41
7 40
7 39
7 39
7 38
7 37
7 36
7 36
7 36
7 37
6 38
6 39
6 40
6 40
6 41
6 42
5 43
5 44
5 45
5 45
5 46
4 47
4 48
4 49
4 50
3 51
3 52
3 52
3 53
3 54
3 55
2 56
2 57
2 58
2 59
2 59
2 60
2 61
1 62
1 63
1 64
1 65
1 65
1 66
1 67
1 68
1 69
1 69
2 70
2 71
2 71
3 72
4 72
4 72
5 71
6 71
6 71
7 70
8 69
8 69
9 68
9 67
10 66
10 66
11 65
11 64
12 63
12 63
12 63
13 62
13 61
14 60
14 60
14 59
15 58
15 57
15 56
16 55
16 54
16 54
17 53
17 52
17 52
17 51
17 50
17 49
17 48
17 47
17 46
17 45
17 44
17 43
17 42
17 41
17 40
17 39
17 38
17 37
17 36
17 35
18 34
18 33
18 32
18 31
18 30
18 29
18 28
18 27
18 26
18 25
18 24
18 23
18 22
18 21
18 20
18 19
18 18
18 17
18 17
18 16
18 15
18 15
19 14
19 14
19 13
19 13
20 12
20 12
21 11
21 11
21 11
21 12
21 12
21 13
21 14
21 15
21 16
21 16
21 17
21 18
21 19
21 20
21 21
21 22
21 22
21 23
21 24
21 25
20 26
20 27
20 28
20 29
20 29
20 30
20 31
20 32
20 33
19 34
19 35
19 36
19 37
19 38
19 38
19 39
19 40
19 41
19 42
19 43
19 44
19 45
19 46
19 47
19 48
19 48
19 49
19 50
19 51
18 52
18 53
18 54
18 55
18 56
18 56
18 57
18 58
18 59
18 60
18 61
18 61
18 62
19 63
19 64
19 64
20 65
20 65
21 65
21 65
22 64
22 64
23 63
23 63
23 62
24 61
24 60
24 60
25 59
25 58
25 58
25 57
26 56
26 55
26 54
26 54
26 53
27 52
27 51
27 50
27 50
27 49
27 48
27 47
27 46
27 45
27 45
27 44
27 43
28 42
28 41
28 40
28 39
28 39
28 38
28 37
28 36
28 36
28 35
28 34
28 34
28 34
27 35
27 36
27 36
27 37
26 38
26 39
26 39
25 40
25 41
24 42
24 43
24 43
24 44
23 45
23 46
23 47
23 47
23 48
22 49
22 50
22 51
22 51
22 52
22 53
22 54
22 54
23 55
23 56
23 56
23 57
23 58
23 58
24 59
24 59
24 60
24 60
25 60
25 60
26 60
26 60
26 60
27 60
27 60
27 59
28 58
28 57
28 57
29 56
29 55
30 54
31 53
32 52
32 51
33 50
34 49
34 48
35 47
35 47
35 47
35 47
35 48
34 49
34 50
34 50
34 51
34 51
34 51
35 51
35 51
35 51
36 50
36 49
36 49
36 48
37 47
37 46
37 46
37 45
37 44
38 43
38 42
38 41
38 41
38 40
38 39
38 38
38 37
38 37
38 36
38 35
39 34
39 33
39 32
39 32
39 31
39 30
39 29
39 28
39 27
39 26
39 26
39 25
39 24
39 23
39 22
39 21
39 21
39 20
40 19
40 18
40 18
40 17
40 17
40 17
40 18
39 19
39 20
39 20
39 21
38 22
38 23
38 24
38 24
38 25
37 26
37 27
37 28
37 28
36 29
36 30
35 31
35 32
35 32
35 33
35 34
35 35
35 36
35 36
35 37
34 38
34 39
34 40
34 40
34 41
34 42
34 43
34 43
35 44
35 45
35 45
35 46
36 47
36 48
36 48
37 49
37 49
38 49
39 49
39 49
40 48
41 47
41 47
42 46
42 45
43 44
43 43
43 43
43 42
44 41
44 40
45 39
45 38
45 38
45 37
46 36
46 35
46 34
47 33
47 32
47 32
47 31
47 30
48 29
48 28
48 27
48 27
49 26
49 25
50 24
50 23
50 23
50 22
51 21
51 20
51 19
51 19
51 18
51 17
51 17
51 16
51 16
51 16
51 16
50 16
50 16
49 17
49 18
49 18
49 19
48 20
48 21
48 22
48 22
48 23
47 24
47 25
47 26
47 26
47 27
47 28
46 29
46 30
46 31
46 32
46 32
46 33
46 34
46 35
45 36
45 37
45 38
45 39
45 40
45 40
45 41
45 42
45 43
45 44
45 45
45 46
45 47
45 48
45 49
45 49
45 50
45 51
45 52
45 53
45 54
44 55
44 56
44 57
44 58
44 59
44 60
44 60
44 61
44 62
44 63
44 64
44 65
44 66
44 67
44 68
44 69
44 70
44 71
44 71
44 72
44 73
44 74
44 75
44 76
45 77
45 78
45 79
45 80
45 81
45 82
45 82
45 83
45 84
45 85
45 86
45 87
45 88
45 89
45 89
45 90
45 91
44 92
44 93
44 94
44 94
44 95
44 96
44 97
44 98
44 98
44 99
44 100
44 100
43 100
43 100
43 99
43 99
42 98
42 97
42 97
42 96
41 95
41 94
41 94
41 93
41 92
41 91
41 90
41 90
41 89
42 88
42 87
42 86
43 85
43 84
43 83
43 82
44 81
44 80
44 79
45 78
45 77
45 76
46 75
46 74
46 73
47 72
47 71
47 70
47 69
48 68
48 67
48 66
49 65
49 64
49 63
50 62
50 61
50 60
51 59
51 58
51 57
51 56
52 55
52 54
52 53
53 52
53 51
53 50
54 49
54 48
54 47
55 46
55 45
55 44
55 43
56 42
56 41
56 40
57 39
57 38
57 38
56 39
56 40
56 40
56 41
55 42
55 43
55 43
55 44
55 45
55 46
55 46
55 47
54 48
54 49
54 49
54 50
53 51
53 52
53 53
53 53
52 54
52 55
52 55
52 56
52 56
52 56
52 55
53 54
53 53
53 53
53 52
54 51
54 50
55 49
55 48
55 48
55 47
56 46
56 45
56 44
56 43
57 42
57 41
57 41
57 40
57 39
57 38
58 37
58 36
58 35
58 34
58 34
58 33
58 32
59 31
59 30
59 29
59 29
59 28
59 27
59 26
59 25
59 24
59 24
59 23
59 23
59 23
59 23
58 24
58 25
58 25
58 26
57 27
57 28
57 29
57 29
57 30
56 31
56 32
56 32
55 33
55 34
55 34
55 35
55 35
56 36
56 36
57 36
57 36
58 36
58 36
59 35
60 35
60 35
61 34
61 33
61 33
62 32
62 32
63 31
63 31
64 30
64 29
64 29
64 28
65 27
65 26
65 26
66 25
66 24
66 24
67 23
67 22
67 22
67 21
67 20
67 20
67 19
67 19
67 19
67 19
67 19
66 19
66 19
66 20
66 21
66 22
66 22
66 23
66 24
66 25
66 26
66 27
66 28
66 28
66 29
66 30
65 31
65 32
65 33
65 33
65 34
65 35
65 36
65 37
65 38
65 38
66 39
66 39
67 38
68 38
68 38
69 37
69 36
70 35
70 34
70 34
71 33
71 32
72 31
72 30
73 29
73 29
74 28
74 27
75 26
75 25
76 24
76 23
76 23
77 22
77 21
78 20
78 19
79 18
79 17
79 17
79 16
80 15
80 14
80 13
81 12
81 11
81 11
81 10
82 9
82 8
83 7
83 6
83 6
84 5
84 4
85 3
85 3
86 3
86 3
87 4
87 4
87 5
87 6
87 6
87 7
86 8
86 9
86 10
86 10
86 11
86 12
86 13
86 14
86 15
86 15
86 16
86 17
85 18
85 19
85 20
85 20
85 21
85 22
85 23
85 23
85 24
85 25
85 25
86 25
86 25
87 24
87 23
88 22
88 22
89 21
90 20
90 19
91 18
91 18
91 17
92 16
92 15
93 14
93 13
93 13
93 12
94 11
94 10
95 9
95 8
95 8
96 7
97 6
97 5
98 4
98 4
99 3
99 2
99 2
100 1
100 1
100 0
100 0
99 1
99 1
98 2
98 2
97 3
97 4
97 4
97 5
96 6
96 7
96 7
96 8
95 9
95 10
95 11
95 11
95 12
94 13
94 14
94 15
94 15
94 16
94 17
94 18
94 19
94 20
94 20
94 21
94 22
94 23
94 24
94 25
94 26
94 27
94 27
94 28
94 29
94 30
95 31
95 32
95 33
95 34
95 35
95 35
95 36
95 37
96 38
96 39
96 40
96 41
96 42
97 43
97 44
97 45
97 45
97 46
97 47
97 48
98 49
98 50
98 51
98 52
98 53
98 53
98 54
98 55
99 56
99 57
99 58
99 59
99 59
99 60
99 61
99 62
99 63
99 64
99 64
99 65
98 66
98 67
98 68
98 68
97 69
97 70
96 71
96 72
96 72
95 73
95 74
94 75
94 75
93 76
93 76
92 75
92 74
92 74
92 73
91 72
91 71
91 70
91 70
91 69
91 68
91 67
91 66
91 65
91 64
91 63
91 62
91 61
91 60
91 60
91 59
91 58
91 57
92 56
92 55
92 54
92 53
92 52
92 51
92 50
92 49
93 48
93 47
93 46
93 45
93 44
