4 28
3 27
2 27
2 27
2 26
2 25
2 25
1 24
1 24
1 23
0 22
0 21
0 20
0 20
0 19
0 18
0 17
0 17
0 16
0 15
0 14
0 13
0 13
0 12
0 11
0 10
0 9
0 9
0 8
0 7
0 6
0 5
0 5
0 4
0 3
0 2
0 2
0 1
0 1
0 0
0 0
0 1
0 1
1 2
1 2
1 3
1 4
1 5
1 5
1 6
1 7
2 8
2 9
2 10
2 10
2 11
2 12
3 13
3 14
3 15
3 16
3 16
3 17
3 18
3 19
4 20
4 21
4 22
4 23
4 24
4 24
4 25
4 26
5 27
5 28
5 29
5 30
5 31
6 32
6 33
6 34
6 34
6 35
6 36
7 37
7 38
7 39
7 40
7 41
7 42
8 43
8 44
8 45
8 45
8 46
9 47
9 48
9 49
9 50
10 51
10 52
10 53
10 54
11 55
11 56
11 56
11 57
12 58
12 59
12 60
12 61
13 62
13 63
13 64
13 65
14 66
14 67
14 67
15 68
15 69
16 70
16 71
17 72
17 73
17 73
17 74
18 75
18 76
18 77
18 77
18 77
18 76
19 75
19 74
19 74
19 73
19 72
19 71
19 71
19 70
19 69
19 68
19 67
19 66
19 66
19 65
19 64
19 63
19 62
19 61
19 61
19 60
19 59
19 58
19 57
19 56
19 56
19 55
19 54
19 53
19 52
19 51
19 51
19 50
19 49
18 48
18 47
18 46
18 46
18 45
18 44
17 43
17 42
17 41
17 41
16 40
16 39
16 39
15 38
15 38
14 39
14 39
13 40
13 41
13 41
13 42
12 43
12 44
12 45
12 45
12 46
12 47
11 48
11 49
11 50
11 50
11 51
11 52
11 53
11 54
11 55
11 55
11 56
11 57
11 58
11 59
11 60
11 61
11 61
11 62
11 63
11 64
11 65
11 66
11 66
11 67
11 68
12 69
12 70
12 71
12 72
12 72
13 73
13 74
14 75
14 75
15 76
16 76
17 77
17 77
18 76
19 76
19 76
20 75
20 74
21 73
21 73
22 72
22 71
23 70
23 69
24 68
24 68
25 67
25 66
26 65
26 64
26 64
26 63
27 62
27 61
27 60
27 60
27 59
28 58
28 57
28 56
28 56
28 55
28 54
27 53
27 52
27 51
27 50
27 49
26 48
26 47
26 46
26 45
26 44
25 43
25 42
25 41
25 40
25 39
24 38
24 37
24 36
24 36
24 36
24 36
23 35
23 35
23 34
24 33
24 32
24 31
24 31
24 30
24 29
24 28
24 27
24 26
24 26
24 25
24 24
24 23
24 22
24 21
24 20
24 20
24 19
24 18
24 17
24 16
24 15
24 14
24 14
24 13
24 12
24 11
24 10
24 9
24 8
24 7
24 7
24 6
24 5
24 4
24 3
24 3
24 2
24 1
24 1
24 1
24 2
24 2
24 3
23 4
23 5
23 5
23 6
23 7
23 8
23 9
23 10
23 11
23 11
23 12
23 13
23 14
24 15
24 16
24 17
24 18
24 18
24 19
24 20
24 21
24 22
24 23
24 24
24 25
24 26
24 26
24 27
24 28
25 29
25 30
25 31
25 32
26 33
26 34
26 35
26 35
26 36
26 37
26 38
26 39
27 40
27 41
27 42
27 43
27 44
27 45
27 45
27 46
28 47
28 48
28 49
29 50
29 51
29 52
29 53
30 54
30 55
30 55
30 56
30 57
30 58
30 59
31 60
31 61
31 62
31 63
31 64
31 64
31 65
32 66
32 67
32 68
33 69
33 70
33 70
33 71
34 72
34 73
34 74
34 74
34 75
34 75
35 74
35 73
35 73
35 72
35 71
35 70
35 70
35 69
35 68
35 67
35 66
35 65
35 65
35 64
35 63
35 62
35 61
35 60
35 59
35 58
35 58
35 57
35 56
35 55
35 54
35 53
35 52
35 51
35 50
35 50
35 49
35 48
35 47
35 46
35 45
35 44
35 43
35 42
35 42
35 41
35 40
35 39
35 38
35 37
35 36
35 36
35 35
35 34
35 33
35 32
35 31
35 31
35 30
35 29
35 29
35 29
34 30
34 30
34 31
34 31
34 32
33 33
33 34
33 34
33 35
32 36
32 37
32 37
32 38
31 39
31 40
31 41
31 41
31 42
31 43
31 44
31 45
31 46
31 47
31 47
31 48
31 49
31 50
31 51
31 52
31 53
31 53
31 54
31 55
31 56
32 57
32 58
32 59
32 60
32 60
32 61
32 62
33 63
33 64
33 65
33 66
33 66
33 67
33 68
34 69
34 70
34 71
34 71
35 72
36 73
36 73
37 74
38 74
38 74
39 73
39 72
39 72
40 71
40 70
40 70
40 69
41 68
41 67
41 66
41 66
41 65
42 64
42 63
42 62
42 62
43 61
43 60
44 59
44 58
44 58
44 57
44 56
45 55
45 54
45 53
45 53
45 52
46 51
46 50
46 49
46 49
46 48
46 47
46 46
46 45
46 45
46 44
47 43
47 42
47 41
47 41
48 40
48 39
48 39
48 38
48 37
48 37
48 36
48 36
48 36
48 37
48 37
48 38
48 39
48 40
48 40
48 41
48 42
48 43
48 44
48 45
48 45
48 46
48 47
48 48
49 49
49 50
49 51
49 52
49 52
49 53
49 54
49 55
49 56
49 57
49 58
49 58
49 59
49 60
49 61
49 62
49 63
49 64
49 64
50 64
50 64
50 63
50 62
50 62
50 61
51 60
51 59
51 58
51 58
51 57
51 56
52 55
52 54
52 53
52 52
52 52
52 51
52 50
52 49
52 48
52 47
52 46
52 46
52 45
52 44
52 43
52 42
52 41
52 41
52 40
52 39
52 38
52 37
52 36
52 35
52 35
52 34
52 33
52 32
52 31
52 30
52 30
52 29
52 28
51 27
51 26
51 25
51 25
51 24
51 23
51 22
51 22
51 21
51 21
51 20
51 20
51 21
51 21
52 21
52 21
52 22
52 23
52 23
53 24
53 25
53 25
53 26
53 26
53 27
53 27
53 28
53 28
53 28
53 28
53 29
53 29
53 29
53 29
53 29
53 29
53 29
53 29
53 29
53 29
53 30
53 30
53 31
54 32
54 33
54 33
54 34
54 35
54 36
54 37
54 38
54 39
54 39
54 40
54 41
55 42
55 43
55 44
55 45
55 45
55 46
55 47
55 48
55 49
56 50
56 51
56 52
56 53
56 54
56 54
56 55
56 56
56 57
56 58
57 59
57 60
57 61
57 62
57 63
57 64
57 64
57 65
57 66
58 67
58 68
58 69
58 70
58 71
58 72
59 73
59 74
59 75
59 76
59 76
59 77
59 78
60 79
60 80
60 81
60 82
61 83
61 84
61 85
61 85
61 86
62 87
62 88
62 89
62 90
63 91
63 92
63 92
63 93
63 94
64 95
64 96
64 97
64 97
65 98
65 99
65 99
65 100
65 100
64 100
64 100
64 100
63 100
63 100
63 100
63 99
63 98
63 98
63 97
63 96
63 95
63 94
63 93
62 92
62 91
62 90
62 89
62 88
62 87
62 86
62 85
62 84
62 83
62 82
62 81
61 80
61 79
61 78
61 77
61 76
61 75
61 74
61 73
61 72
61 71
61 70
61 69
60 68
60 67
60 66
60 65
60 64
60 63
60 62
60 61
60 60
60 59
60 58
60 57
59 56
59 55
59 54
59 53
59 52
59 51
59 51
59 50
59 49
59 48
59 47
58 46
58 45
58 44
58 43
58 42
58 42
58 41
58 41
58 42
58 42
58 42
58 43
58 43
59 44
59 45
59 45
60 46
60 47
60 47
61 47
61 47
61 47
62 46
62 46
62 45
62 44
62 44
62 43
62 42
62 41
62 41
62 40
62 39
62 38
62 38
62 37
61 36
61 35
61 34
61 34
61 33
60 32
60 31
60 30
60 30
60 29
59 28
59 27
59 26
59 26
59 25
59 25
59 24
59 24
59 24
59 25
59 26
59 26
60 27
60 28
60 28
60 29
60 30
61 31
61 32
61 33
61 33
61 34
61 35
61 36
61 37
61 38
61 38
61 39
61 40
62 41
62 42
62 43
62 43
62 44
63 45
63 46
63 46
64 47
64 48
64 48
64 47
64 47
65 46
65 46
65 45
66 44
66 43
66 43
66 42
66 41
66 40
66 39
66 39
66 38
67 37
67 36
67 36
67 35
67 34
67 33
67 32
67 32
67 31
67 30
67 29
67 28
67 28
67 27
67 26
67 26
67 25
67 24
67 24
68 24
68 24
68 25
68 25
69 26
69 26
69 27
70 28
70 29
70 30
70 30
70 31
70 32
71 33
71 34
71 35
71 35
71 36
71 37
71 38
71 39
71 40
71 41
71 41
71 42
71 43
71 44
71 45
71 45
71 46
71 47
71 47
72 47
72 47
72 46
72 45
72 44
72 44
72 43
73 42
73 41
73 40
73 40
73 39
73 38
74 37
74 36
74 35
74 35
74 34
74 33
75 32
75 31
75 30
75 30
75 29
75 28
76 27
76 26
76 25
76 24
76 24
76 23
76 22
76 21
76 20
76 19
76 19
76 18
76 17
76 16
76 15
76 15
76 14
76 13
76 13
77 13
77 13
77 14
77 15
77 15
77 16
77 17
77 18
77 18
77 19
77 20
77 21
77 22
77 22
77 23
77 24
77 25
77 26
77 27
77 27
77 28
77 29
77 30
77 31
77 31
77 32
77 33
77 34
77 34
78 35
78 35
78 34
78 34
79 33
79 32
79 32
79 31
79 30
79 29
79 28
79 28
79 27
80 26
80 25
80 24
80 24
80 23
81 22
81 21
81 20
81 20
81 19
81 18
81 17
81 17
81 16
82 15
82 14
82 14
82 13
82 13
82 14
82 14
82 15
82 15
82 16
82 17
82 18
82 19
82 19
82 20
83 21
83 22
83 23
83 23
83 24
83 25
83 26
83 27
83 28
83 28
83 29
83 30
83 31
83 32
83 33
83 33
83 34
83 35
83 36
83 37
83 37
84 38
84 38
85 37
85 37
85 36
86 35
86 34
86 33
86 33
86 32
86 31
87 30
87 29
87 28
87 28
87 27
87 26
88 25
88 24
88 23
88 23
88 22
88 21
88 20
88 19
88 18
88 18
88 17
88 16
88 15
88 14
88 14
88 13
89 12
89 11
89 11
89 10
89 9
89 9
89 10
89 10
89 10
89 11
89 12
89 13
89 13
89 14
90 15
90 16
90 16
90 17
90 18
90 19
90 20
90 20
90 21
90 22
91 23
91 24
91 25
91 26
91 26
91 27
92 28
92 29
92 30
93 31
93 32
93 32
93 33
93 34
93 35
94 36
94 37
94 38
94 39
94 39
94 40
94 41
94 42
95 43
95 44
95 45
95 46
95 47
95 47
95 48
96 49
96 50
96 51
96 52
97 53
97 54
97 54
97 55
98 56
98 57
98 58
98 59
99 60
99 61
99 61
99 62
99 63
100 64
100 65
100 66
100 67
100 67
100 68
100 69
100 70
100 71
100 72
100 73
100 73
100 74
99 75
99 76
99 77
99 77
98 78
98 79
98 79
97 79
97 79
96 78
95 77
95 77
95 76
94 75
94 74
93 73
93 72
93 72
92 71
92 70
91 69
91 68
90 67
90 66
90 66
90 65
89 64
89 63
88 62
88 61
88 60
87 59
87 58
87 58
87 57
87 56
87 55
87 54
87 53
87 52
87 51
87 51
87 50
87 49
87 48
88 47
88 46
88 45
88 44
88 43
88 43
88 42
89 41
89 40
90 39
90 38
90 38
91 37
91 36
92 35
92 34
93 33
