8 23
8 23
8 24
8 24
8 25
8 25
8 26
8 26
7 26
7 26
6 27
6 27
5 27
5 27
4 26
4 26
3 25
3 25
2 24
2 24
1 23
1 22
1 22
1 21
1 20
1 20
1 19
0 18
0 17
0 17
0 16
0 15
0 14
0 14
0 13
0 12
0 11
0 11
0 10
0 9
0 8
0 8
0 7
1 6
1 5
1 5
1 4
2 3
2 2
2 2
3 1
3 0
3 0
4 1
4 1
5 2
5 2
5 3
5 4
5 5
5 5
5 6
5 7
6 8
6 9
6 10
6 10
6 11
6 12
7 13
7 14
7 15
7 16
7 16
7 17
7 18
7 19
8 20
8 21
8 22
8 23
8 23
8 24
8 25
9 26
9 27
9 28
9 29
9 29
9 30
9 31
9 32
10 33
10 34
10 35
10 36
10 36
10 37
10 38
10 39
11 40
11 41
11 42
11 43
11 44
11 44
11 45
11 46
11 47
11 48
11 49
11 50
11 51
11 52
11 52
11 53
11 54
11 55
12 56
12 57
12 58
12 59
12 60
12 60
12 61
12 62
12 63
12 64
12 65
12 65
12 66
13 67
13 68
13 69
13 69
13 70
13 71
13 72
13 72
13 73
13 73
13 74
13 74
13 74
13 74
13 73
13 73
13 72
13 72
12 71
12 70
12 70
12 69
12 68
12 67
12 67
12 66
11 65
11 64
11 63
11 63
11 62
11 61
11 60
11 59
11 58
11 58
11 57
11 56
11 55
11 54
11 53
11 53
11 52
11 51
11 50
11 49
11 48
11 48
11 47
11 46
11 45
11 44
11 43
11 43
11 42
11 41
11 40
11 39
11 39
11 38
11 37
11 36
11 36
10 35
10 34
10 34
11 33
11 32
11 32
11 31
11 30
11 30
12 29
13 28
13 28
14 27
14 26
15 25
15 25
16 24
17 23
17 23
18 22
19 22
19 22
20 23
20 23
21 24
21 25
22 26
22 26
22 27
22 28
23 29
23 30
23 31
23 32
23 32
23 33
23 34
23 35
23 36
23 37
23 38
23 39
23 40
23 40
23 41
23 42
23 43
23 44
23 45
23 46
23 47
23 48
23 49
23 49
23 50
23 51
23 52
22 53
22 54
22 55
22 56
22 56
22 57
21 58
21 59
20 60
20 61
20 61
20 62
19 63
19 64
18 65
18 66
18 66
17 67
17 68
16 69
16 70
16 70
15 71
15 72
15 72
14 73
14 73
14 73
15 72
15 71
15 71
15 70
16 69
16 68
16 68
16 67
17 66
17 65
17 64
17 64
17 63
18 62
18 61
18 60
18 59
19 58
19 57
19 56
19 55
20 54
20 53
20 52
20 51
21 50
21 49
21 48
21 47
22 46
22 45
22 44
23 43
23 42
23 41
23 40
24 39
24 38
24 37
24 36
25 35
25 34
25 33
25 32
26 31
26 30
26 29
26 28
27 27
27 26
27 26
28 27
28 28
28 28
27 28
27 28
26 28
26 28
26 28
26 28
25 27
25 27
25 26
25 26
24 25
24 25
23 24
23 23
23 23
22 22
22 21
22 21
21 20
21 19
21 19
21 18
21 17
21 16
21 15
21 15
21 14
21 13
21 12
21 12
21 11
21 10
21 9
21 9
21 8
21 7
21 6
21 6
21 5
21 4
21 4
22 3
22 3
23 2
23 2
24 2
24 2
25 2
25 2
26 2
26 2
27 3
27 4
27 4
27 5
27 6
27 6
27 7
27 8
27 9
27 9
27 10
27 11
27 12
27 12
27 13
26 14
26 15
26 16
26 16
26 17
25 18
25 19
25 19
25 20
24 21
24 22
24 22
23 23
23 24
23 24
23 24
23 24
23 23
23 23
23 22
23 22
23 21
24 20
24 19
24 19
25 18
25 17
25 17
25 16
25 15
25 14
25 14
25 13
25 12
25 12
26 11
26 11
26 10
26 9
26 9
26 9
26 9
26 9
26 10
26 11
26 12
26 12
26 13
26 14
27 15
27 16
27 17
27 17
27 18
27 19
27 20
27 21
27 22
27 23
27 24
27 25
27 25
27 26
27 27
27 28
27 29
27 30
28 31
28 32
28 33
28 34
28 35
28 36
28 36
28 37
28 38
28 39
28 40
28 41
29 42
29 43
29 44
29 45
29 46
29 47
29 48
29 48
29 49
29 50
29 51
29 52
29 53
29 54
29 55
29 56
29 57
29 58
29 58
29 59
29 60
29 61
30 62
30 63
30 64
30 65
30 66
30 66
30 67
30 68
30 69
31 70
31 71
31 72
31 73
31 74
31 74
31 75
31 76
31 77
31 78
31 79
31 79
31 80
31 81
31 82
31 82
31 83
32 84
32 85
32 85
32 85
33 85
33 85
33 84
33 83
33 83
33 82
33 81
33 81
33 80
33 79
33 78
33 77
33 77
33 76
33 75
32 74
32 73
32 72
32 72
32 71
32 70
32 69
31 68
31 67
31 66
31 65
31 65
31 64
31 63
31 62
31 61
31 60
31 59
31 59
31 58
31 57
31 56
31 55
31 54
31 53
31 53
31 52
31 51
31 50
31 49
31 48
31 48
31 47
32 46
32 45
32 45
32 44
33 43
33 42
33 42
34 41
34 40
34 40
35 40
35 40
36 41
36 41
36 42
36 43
36 44
36 44
36 45
36 46
36 47
36 48
36 49
36 50
36 50
36 51
36 52
36 53
37 54
37 55
37 56
37 57
37 58
37 58
37 59
37 60
37 61
36 62
36 63
36 64
36 65
36 65
36 66
36 67
35 68
35 69
35 70
35 71
35 71
35 72
35 73
34 74
34 75
34 76
34 76
34 77
33 78
33 79
33 79
32 80
32 81
32 81
31 82
31 82
31 81
31 81
32 80
32 79
32 79
32 78
32 77
32 76
32 75
32 75
32 74
33 73
33 72
33 71
33 71
34 70
34 69
35 68
36 67
37 66
37 65
38 64
39 63
39 62
40 61
41 60
42 59
42 58
43 57
43 57
43 58
42 59
42 60
42 60
41 61
41 62
41 62
40 63
40 63
40 64
40 65
40 65
41 65
41 65
42 65
42 65
43 64
43 64
43 63
44 62
44 61
44 61
44 60
45 59
45 58
45 57
45 57
45 56
45 55
46 54
46 53
46 52
46 52
46 51
47 50
47 49
48 48
48 47
48 47
48 46
48 45
49 44
49 43
49 42
49 42
49 41
49 40
49 39
49 38
49 37
49 37
49 36
49 36
48 36
48 36
48 37
48 37
47 38
47 39
47 39
47 40
47 41
46 42
46 43
46 44
46 44
46 45
46 46
46 47
46 48
46 49
46 50
46 50
46 51
46 52
46 53
46 54
46 55
46 56
46 57
46 57
46 58
46 59
46 60
46 61
46 62
46 63
46 63
46 64
46 65
46 66
46 66
46 67
46 68
46 69
46 69
46 69
47 68
47 68
48 67
48 67
48 66
48 65
48 64
48 63
48 63
48 62
49 61
49 60
49 59
49 59
49 58
49 57
50 56
50 55
50 54
50 54
50 53
50 52
51 51
51 50
51 49
51 49
51 48
51 47
52 46
52 45
52 44
52 43
52 43
52 42
53 41
53 40
53 40
53 39
53 38
53 38
53 37
53 37
53 37
53 37
53 37
53 38
53 39
53 39
53 40
53 41
53 41
53 42
54 43
54 44
54 45
54 45
54 46
54 47
54 48
54 49
54 50
54 50
54 51
54 52
54 53
54 54
54 55
54 56
54 57
54 57
54 58
54 59
55 60
55 61
55 62
55 63
55 63
55 64
55 65
55 66
55 67
55 68
55 69
55 70
55 70
55 71
55 72
54 73
54 74
54 75
54 75
54 76
54 77
54 78
54 79
54 80
54 80
54 81
54 82
54 83
54 84
54 84
54 85
55 86
55 87
55 87
56 88
56 89
56 89
56 90
57 91
57 92
57 92
57 93
57 94
57 95
57 96
57 96
57 97
58 98
58 99
58 99
58 100
58 100
57 100
57 100
57 100
57 99
57 98
57 97
57 96
57 96
57 95
57 94
57 93
57 92
57 91
57 90
57 89
57 88
57 87
57 86
57 85
57 84
57 83
57 82
57 81
57 80
57 79
57 78
57 77
57 76
57 75
57 74
57 73
58 72
58 71
58 70
58 69
58 68
58 67
58 66
58 65
58 64
58 63
58 62
58 61
58 60
58 59
58 58
58 57
58 56
58 55
58 54
58 53
58 52
58 51
58 50
58 49
58 48
58 48
58 47
58 46
58 46
58 46
58 47
58 47
58 48
58 48
58 49
58 50
58 50
58 51
58 51
58 52
58 53
58 53
58 53
59 53
59 53
60 52
60 52
61 51
61 50
61 50
62 49
62 48
62 48
62 47
63 46
63 45
63 45
64 44
64 43
65 42
65 42
65 41
65 40
65 40
66 39
66 39
65 38
65 38
64 38
64 38
64 39
64 39
63 40
63 40
62 41
62 42
62 42
61 43
61 44
61 44
61 45
61 46
60 47
60 48
60 49
60 49
60 50
60 51
59 52
59 53
59 54
59 54
59 55
59 56
59 57
59 58
59 59
59 59
59 60
59 61
59 62
59 63
59 63
59 64
59 65
59 66
59 66
60 67
60 67
60 67
61 66
61 66
62 65
62 64
63 63
63 63
63 62
64 61
64 60
64 60
64 59
65 58
65 57
65 56
65 56
65 55
66 54
66 53
66 52
66 52
67 51
67 50
68 49
68 48
68 48
68 47
69 46
69 45
69 44
69 44
69 43
69 42
69 42
70 41
70 41
70 41
70 41
70 42
70 42
70 43
70 44
70 45
70 45
70 46
70 47
70 48
70 49
70 50
70 50
70 51
70 52
69 53
69 54
69 55
69 55
69 56
69 57
69 58
69 58
69 59
69 60
69 61
69 61
69 61
69 61
69 61
69 60
69 59
69 59
69 58
70 57
70 56
70 56
70 55
70 54
70 53
70 53
70 52
71 51
71 50
71 50
71 49
72 48
72 47
72 46
72 46
73 45
73 44
73 44
73 43
73 43
74 43
74 43
75 44
75 45
75 45
75 46
75 47
75 48
75 48
75 49
75 50
75 51
75 52
75 52
75 53
76 54
76 55
76 55
76 56
76 57
76 57
76 58
76 58
77 58
77 58
78 58
78 58
79 57
79 56
79 56
79 55
80 54
80 53
80 53
81 52
82 51
82 51
83 50
83 49
83 49
83 48
83 47
83 46
83 46
84 45
84 45
84 45
84 45
84 46
84 46
83 47
83 48
83 48
83 49
83 50
83 50
82 51
82 51
82 52
82 52
82 52
83 52
83 52
83 51
83 51
84 50
84 49
84 49
84 48
85 47
85 46
85 46
86 45
86 44
86 44
86 43
87 42
87 41
87 41
88 40
88 39
88 39
88 38
89 37
89 36
89 36
89 35
90 34
90 33
90 33
90 32
90 32
90 31
90 30
90 30
90 30
90 30
90 30
90 30
90 31
90 31
90 32
90 33
90 33
90 34
90 35
90 36
90 37
90 37
90 38
90 39
89 40
89 41
89 42
89 42
89 43
89 44
89 45
89 46
89 47
89 48
89 48
89 49
89 50
89 51
89 52
89 52
89 53
89 53
89 54
89 54
90 53
90 53
91 52
91 51
91 51
91 50
92 49
92 48
92 47
92 47
92 46
93 45
93 44
93 43
93 43
93 42
94 41
94 40
95 39
95 38
95 38
95 37
95 36
96 35
96 34
96 33
96 32
96 32
97 31
97 30
98 29
98 28
98 28
98 27
98 27
98 27
98 28
98 28
98 29
97 30
97 31
97 32
97 32
97 33
97 34
97 35
97 36
97 37
97 37
97 38
97 39
97 40
96 41
96 42
96 43
96 44
96 45
96 45
96 46
96 47
96 48
95 49
95 50
95 51
95 52
95 53
95 53
95 54
95 55
95 56
95 57
95 58
95 59
95 60
95 61
95 62
95 63
95 63
95 64
95 65
95 66
95 67
95 68
95 69
95 70
95 70
95 71
95 72
95 73
94 74
94 75
94 76
94 77
94 77
94 78
94 79
94 80
94 81
94 82
94 83
94 83
94 84
93 85
93 86
93 86
93 87
92 88
92 89
92 89
92 90
92 90
92 91
91 92
91 93
91 93
90 94
89 94
89 94
88 94
88 94
87 94
86 94
86 94
86 93
85 92
85 91
85 90
85 90
85 89
85 88
84 87
84 86
84 85
84 85
84 84
84 83
84 82
84 81
84 80
84 79
84 78
84 78
84 77
84 76
84 75
85 74
85 73
85 72
85 71
85 71
85 70
86 69
86 68
86 67
86 66
87 65
87 64
87 64
88 63
88 62
89 61
89 60
90 59
90 59
91 58
92 57
92 56
93 55
93 55
94 54
95 54
96 53
96 53
97 53
98 52
99 52
100 52
