3 5
3 4
3 3
3 3
2 2
1 2
1 2
0 1
0 1
0 1
0 2
0 3
0 3
0 4
0 5
0 6
0 7
0 7
0 8
0 9
0 10
0 11
0 12
0 13
0 14
0 14
0 15
0 16
0 17
0 18
0 19
0 20
0 21
0 22
0 22
0 23
0 24
0 25
0 26
0 27
0 28
0 29
0 30
0 31
0 32
0 32
0 33
0 34
0 35
0 36
0 37
0 38
0 39
0 40
0 41
0 42
0 42
0 43
0 44
0 45
0 46
0 47
0 48
0 49
0 50
0 51
0 52
0 53
0 53
0 54
0 55
0 56
0 57
0 58
1 59
1 60
1 61
1 62
1 63
1 64
1 64
1 65
1 66
1 67
1 68
2 69
2 70
2 71
2 72
2 73
2 74
2 74
2 75
2 76
2 77
3 78
3 79
3 80
3 81
3 82
3 82
3 83
3 84
4 85
4 86
4 87
4 87
5 88
6 89
6 89
7 89
7 89
8 88
9 87
9 87
9 86
10 85
10 84
10 83
10 83
10 82
10 81
11 80
11 79
11 78
11 77
11 77
11 76
11 75
11 74
12 73
12 72
12 71
12 70
12 70
12 69
13 68
13 67
13 66
13 65
14 64
14 63
14 63
14 62
14 61
15 60
15 59
15 58
15 57
15 57
15 56
15 55
15 54
16 53
16 52
16 51
16 50
16 50
16 49
16 48
17 47
17 46
17 45
17 45
17 44
18 43
18 42
18 41
18 41
18 40
18 39
18 38
18 38
18 37
18 36
18 36
18 35
18 35
17 35
17 35
16 35
16 35
15 35
14 35
14 35
13 36
12 37
12 37
11 38
11 39
10 40
10 40
9 41
9 42
8 43
8 43
7 44
7 45
6 46
6 46
5 47
5 48
4 49
4 50
4 50
4 51
3 52
3 53
3 53
3 54
2 55
2 56
2 57
2 57
2 58
2 59
2 60
2 61
2 61
2 62
3 63
3 64
3 65
3 65
3 66
4 67
4 68
4 69
4 69
5 70
6 71
6 71
6 72
7 73
7 74
7 74
8 74
9 75
10 75
10 75
11 75
12 75
12 75
13 75
14 74
15 74
16 74
16 74
17 74
18 73
19 73
19 73
20 72
21 71
22 70
22 70
23 69
24 68
25 67
25 67
26 66
26 65
27 64
27 64
28 63
29 62
29 62
30 61
30 60
30 60
30 59
30 58
30 58
30 57
30 57
30 56
30 55
30 54
29 53
29 52
29 51
29 50
29 49
29 48
29 47
29 46
28 45
28 44
28 43
28 42
28 41
28 40
28 39
28 38
27 37
27 36
27 35
27 34
27 33
27 32
27 31
26 30
26 29
26 28
26 27
26 26
26 25
26 24
26 23
25 22
25 21
25 20
25 19
25 18
25 17
25 16
25 15
24 14
24 13
24 12
24 11
24 11
24 10
25 9
25 8
25 7
25 6
26 5
26 4
26 3
26 3
26 2
26 1
26 1
25 0
25 0
25 0
25 0
25 1
25 1
24 2
24 3
24 3
24 4
24 5
24 6
24 7
24 8
24 8
24 9
24 10
24 11
24 12
24 13
24 14
24 15
24 15
24 16
24 17
24 18
23 19
23 20
23 21
23 22
23 22
23 23
23 24
23 25
23 26
24 27
24 28
24 29
24 30
24 31
24 31
24 32
24 33
24 34
24 35
24 36
24 37
24 38
24 39
24 40
24 40
24 41
24 42
24 43
24 44
25 45
25 46
25 47
25 48
25 49
25 50
25 50
25 51
25 52
25 53
25 54
26 55
26 56
26 57
26 58
26 59
26 59
26 60
26 61
26 62
27 63
27 64
27 65
27 66
27 66
27 67
27 68
28 69
28 70
28 71
28 72
28 72
28 73
29 74
29 75
29 75
30 76
31 76
31 76
31 76
31 75
31 74
31 73
31 72
31 71
31 70
31 69
32 68
32 67
32 66
32 65
32 64
32 63
32 62
32 61
32 60
32 59
32 58
32 57
32 56
32 55
32 54
33 53
33 52
33 51
33 50
33 49
33 48
33 47
33 46
33 46
33 45
34 44
34 43
35 42
35 41
35 40
36 39
36 38
36 38
36 37
36 37
36 36
36 36
36 35
36 35
36 35
35 34
35 34
34 33
34 33
33 33
33 33
32 33
32 33
31 34
30 34
30 34
29 35
29 35
28 36
27 37
27 37
26 38
26 39
25 40
25 40
25 41
24 42
24 43
24 44
24 44
24 45
24 46
23 47
23 48
23 49
23 49
23 50
23 51
23 52
23 53
23 54
23 54
23 55
23 56
24 57
24 58
24 59
24 59
24 60
25 61
25 62
25 63
25 63
26 64
27 64
27 64
28 64
29 65
30 65
30 65
31 65
32 64
33 64
33 64
34 63
35 62
35 62
36 61
37 61
38 60
38 60
39 59
39 58
40 57
40 56
40 56
41 55
41 54
42 53
42 53
43 52
43 51
44 50
44 50
44 50
44 49
44 48
45 47
45 46
45 45
45 44
45 44
45 43
46 42
46 41
46 41
46 40
46 39
46 38
46 38
46 38
46 37
46 36
46 35
46 35
45 34
45 34
44 34
44 34
43 34
43 34
42 34
41 34
41 34
40 34
40 34
39 33
39 33
39 32
39 32
38 31
38 31
38 30
38 30
38 31
38 31
38 31
38 32
38 33
38 33
38 34
38 34
37 35
37 35
37 36
37 36
37 36
37 36
37 36
37 35
37 35
37 34
37 34
37 34
37 33
38 32
38 31
38 31
38 30
38 30
38 30
38 30
38 31
38 32
38 32
38 33
38 34
38 35
38 35
38 36
38 37
38 38
39 39
39 40
39 41
39 42
39 42
39 43
39 44
39 45
39 46
39 47
39 48
39 48
39 49
39 50
39 51
39 52
39 53
39 53
39 54
39 55
39 56
39 57
39 57
40 58
40 59
40 59
40 60
40 60
41 59
41 58
41 58
41 57
42 56
42 55
42 55
42 54
42 53
43 52
43 51
43 50
43 50
44 49
44 48
45 47
45 46
45 46
45 45
45 44
45 43
45 42
45 41
45 41
45 40
46 39
46 38
46 37
46 37
46 36
46 35
46 34
46 33
46 33
46 32
47 31
47 30
47 30
47 29
47 29
47 30
47 31
47 31
47 31
47 32
48 33
48 34
48 35
48 35
48 36
49 37
49 38
49 39
49 39
49 40
49 41
50 42
50 43
50 44
50 45
50 45
50 46
50 47
50 48
51 49
51 50
51 51
51 52
51 53
51 53
51 54
51 55
51 56
51 57
52 58
52 59
52 60
52 61
52 62
52 62
52 63
52 64
52 65
52 66
53 67
53 68
53 69
53 70
53 71
53 71
53 72
53 73
53 74
54 75
54 76
54 77
54 78
54 78
54 79
54 80
54 81
54 82
54 83
54 84
54 85
54 85
54 86
54 87
54 88
54 89
54 89
54 90
54 91
54 91
54 92
54 92
53 93
53 93
52 93
51 93
51 93
50 93
49 93
48 93
48 93
47 93
46 93
46 93
45 92
44 92
43 91
43 91
42 91
41 90
40 90
40 90
39 89
38 88
37 87
37 87
36 86
36 85
35 84
35 83
35 83
35 83
35 82
35 81
35 80
35 79
35 78
34 77
34 76
34 75
34 74
34 73
34 72
34 72
34 71
34 70
35 69
35 68
35 67
35 67
35 66
35 65
36 64
36 63
36 62
36 62
37 61
37 60
38 59
38 58
38 58
39 57
39 56
40 55
40 54
41 53
41 53
42 52
43 51
44 51
45 50
45 50
46 50
47 49
48 49
49 49
49 49
49 49
50 49
51 49
52 49
53 49
54 49
55 49
56 49
56 49
56 50
56 50
57 51
57 51
58 51
58 51
59 51
59 51
60 51
60 51
61 50
61 49
61 49
62 48
62 47
62 47
62 46
62 45
62 44
62 43
62 43
62 42
62 41
63 40
63 39
63 38
63 38
63 37
63 36
64 35
64 34
64 33
64 33
64 32
64 31
64 30
64 29
64 28
64 28
64 27
64 26
64 25
64 24
64 23
64 22
64 22
64 21
64 20
64 19
64 18
64 18
64 17
63 16
63 15
63 15
62 14
62 14
61 15
61 16
61 16
60 17
60 18
59 19
59 19
59 20
59 21
58 22
58 23
58 24
58 24
58 25
58 26
57 27
57 28
57 29
57 29
57 30
57 31
57 32
57 33
57 33
57 34
57 35
57 36
57 37
57 37
58 38
59 39
59 39
60 40
60 40
61 40
62 40
62 40
63 39
64 39
64 39
65 38
65 38
66 37
66 36
67 35
67 35
68 34
68 33
69 32
69 32
69 31
70 30
70 29
70 29
70 28
71 27
71 26
71 26
71 25
72 24
72 23
72 22
72 22
72 21
72 20
72 19
72 19
73 19
73 19
73 20
73 20
73 21
73 21
73 22
73 23
73 24
73 25
73 26
73 26
73 27
73 28
73 28
74 29
74 30
74 30
74 31
74 31
75 31
75 31
76 31
76 31
76 30
76 30
77 29
78 28
78 28
79 27
79 26
79 26
80 25
80 24
80 24
80 23
80 22
80 22
81 21
81 21
82 20
82 20
82 21
82 21
83 22
83 23
83 23
83 24
83 25
83 25
84 26
84 27
84 27
85 27
85 27
85 27
86 26
86 26
87 25
87 24
87 24
87 23
87 22
87 21
87 21
87 20
88 19
88 18
88 18
88 17
89 16
89 15
89 15
89 14
89 13
89 12
89 12
90 11
90 10
90 10
90 9
90 9
90 9
90 10
90 10
90 11
90 12
90 12
90 13
90 13
91 14
91 14
92 15
92 15
93 16
93 16
93 17
93 17
94 18
94 19
94 19
94 20
95 21
95 22
95 22
95 23
95 24
96 25
96 26
96 27
96 28
96 28
96 29
96 30
97 31
97 32
97 33
97 34
97 34
97 35
97 36
97 37
98 38
98 39
98 40
98 41
98 41
98 42
98 43
98 44
98 45
98 46
98 47
98 48
98 48
98 49
98 50
99 51
99 52
99 53
99 54
99 54
99 55
99 56
100 57
100 58
100 59
100 59
100 60
100 61
99 62
99 63
99 64
99 64
99 65
99 66
99 67
99 68
99 69
99 69
99 70
99 71
98 72
98 73
98 74
98 74
98 75
97 76
97 77
96 78
96 79
96 79
96 80
96 81
95 82
95 83
95 84
95 85
95 85
94 86
94 87
93 88
93 89
93 89
92 90
92 91
91 92
91 92
90 93
89 94
89 95
88 96
88 96
87 97
86 98
86 98
85 99
84 99
83 100
83 100
82 100
81 100
80 100
80 100
79 100
78 100
77 100
77 100
76 99
75 99
75 99
74 98
73 98
73 98
72 97
72 97
71 96
70 96
70 96
69 95
69 95
69 95
69 94
69 94
69 94
70 94
70 94
70 93
70 93
70 93
71 92
71 92
71 91
71 91
70 90
69 90
69 90
68 89
68 88
68 88
68 87
68 86
68 85
68 85
68 84
67 83
67 82
67 82
67 81
67 80
67 79
67 78
67 78
67 77
67 76
67 75
67 75
67 74
67 73
67 72
67 72
67 71
67 70
67 70
67 69
67 68
67 68
68 67
68 66
68 66
68 66
68 67
68 67
68 68
67 69
67 70
67 71
67 71
66 72
66 73
