8 23
9 22
9 21
9 21
9 20
9 20
9 19
9 18
9 18
8 17
8 16
8 16
8 15
8 14
8 14
8 13
8 13
7 12
7 11
7 11
7 10
7 10
7 10
7 10
6 11
6 11
5 12
5 12
5 13
5 14
5 15
5 15
5 16
5 17
4 18
4 19
4 20
4 20
4 21
4 22
4 23
3 24
3 25
3 26
3 27
3 27
3 28
3 29
2 30
2 31
2 32
2 33
1 34
1 35
1 36
1 36
1 37
1 38
1 39
1 40
0 41
0 42
0 43
0 44
0 45
0 46
0 46
0 47
0 48
0 49
0 50
0 51
0 52
0 53
0 54
0 55
0 55
0 56
0 57
0 58
0 59
0 60
0 61
0 62
0 63
0 64
0 65
0 65
0 66
0 67
1 68
1 69
1 70
1 70
2 70
3 70
4 70
4 70
5 69
6 68
6 68
7 67
8 66
9 65
9 65
10 64
10 63
11 62
11 61
11 61
12 60
12 59
13 58
13 58
14 57
14 56
15 55
15 54
15 54
16 53
16 52
17 51
17 50
17 50
17 49
18 48
18 47
18 46
18 46
18 45
18 44
18 43
18 42
18 42
18 41
18 40
18 39
18 38
18 38
18 37
18 36
18 35
18 34
18 33
18 33
17 32
17 31
16 30
16 30
15 29
15 28
15 28
14 29
14 29
13 30
12 31
12 31
12 32
12 33
11 34
11 35
11 36
11 36
11 37
10 38
10 39
10 40
9 41
9 42
9 42
9 43
9 44
9 45
9 46
9 47
9 48
9 48
9 49
9 50
9 51
9 52
9 53
9 54
9 55
9 56
9 56
9 57
9 58
9 59
9 60
9 60
10 61
11 62
11 62
12 61
13 61
13 61
14 61
15 60
16 60
16 60
17 59
18 58
18 58
19 57
20 56
20 56
21 55
21 54
21 54
22 53
22 52
22 52
23 51
23 51
23 50
23 49
23 48
23 47
23 46
23 45
23 44
23 43
23 42
23 41
23 40
23 39
23 38
23 37
23 36
23 35
23 34
23 33
23 32
23 31
23 30
23 29
23 28
23 27
23 26
23 26
23 26
23 26
23 26
23 25
23 25
23 25
23 25
23 25
23 26
23 27
23 27
23 28
23 29
23 30
23 31
23 31
23 32
23 33
23 34
23 35
23 36
23 37
23 37
23 38
23 39
22 40
22 41
22 42
22 43
22 43
22 44
22 45
22 46
22 47
22 48
22 49
22 50
22 50
22 51
22 52
22 53
22 54
22 55
22 56
22 56
22 57
22 58
22 59
22 60
22 60
23 61
23 62
23 62
24 62
24 62
25 61
26 60
26 60
27 59
28 58
28 58
29 57
29 56
30 55
30 54
30 54
31 53
31 52
32 51
32 50
32 50
32 49
32 48
33 47
33 46
33 45
33 45
34 44
34 43
35 42
35 42
35 41
36 40
36 39
36 38
36 38
36 37
37 36
37 35
37 34
37 34
37 33
38 32
38 31
38 30
38 30
38 29
38 28
38 27
38 26
38 25
38 24
38 24
38 23
38 22
37 21
37 20
37 19
37 19
37 18
36 17
36 16
36 15
36 15
35 14
35 14
34 15
33 15
33 15
33 16
32 17
32 18
32 18
32 19
31 20
31 21
30 22
30 23
30 23
30 24
30 25
30 26
29 27
29 28
29 29
29 30
29 31
29 31
29 32
29 33
29 34
29 35
28 36
28 37
28 38
28 39
28 40
28 40
28 41
28 42
28 43
27 44
27 45
27 46
27 47
27 47
27 48
27 49
28 50
28 51
28 52
28 52
28 53
29 54
29 55
29 55
30 56
30 57
30 57
31 56
32 56
32 56
33 55
34 55
35 54
35 54
36 53
36 52
37 51
37 50
38 49
38 49
39 48
39 47
40 46
40 45
41 44
41 43
41 43
41 42
42 41
42 40
43 39
43 38
43 38
44 37
44 36
45 35
45 34
46 33
46 32
46 32
46 31
47 30
47 29
47 28
48 27
48 26
48 26
48 25
48 24
49 23
49 22
49 21
49 20
49 20
49 19
49 18
50 17
50 16
50 15
50 14
50 14
50 13
50 12
50 11
51 10
51 9
51 8
51 7
51 7
51 6
52 5
52 4
52 4
52 3
52 3
52 3
52 4
52 5
52 6
52 6
52 7
52 8
52 9
52 10
52 10
52 11
52 12
52 13
52 14
52 15
52 15
52 16
52 17
51 18
51 19
51 20
51 20
51 21
51 22
50 23
50 24
50 25
50 26
50 26
50 27
50 28
49 29
49 30
49 31
49 32
49 32
49 33
49 34
49 35
49 36
49 37
49 38
49 39
49 39
49 40
49 41
49 42
49 43
49 44
49 45
49 46
49 47
49 47
49 48
49 49
49 50
49 51
49 52
49 53
49 54
49 55
49 56
49 57
49 58
49 58
49 59
49 60
49 61
49 62
49 63
50 64
50 65
50 66
50 67
50 68
50 69
50 70
50 70
50 71
50 72
50 73
50 74
50 75
50 76
51 77
51 78
51 79
51 80
51 81
51 82
51 83
51 83
51 84
51 85
52 86
52 87
52 88
52 89
53 90
53 91
53 92
53 92
53 93
53 94
54 95
54 96
54 97
54 98
54 98
54 99
54 100
54 100
54 100
53 99
53 99
53 98
52 97
52 96
52 96
52 95
51 94
51 93
51 92
51 92
51 91
51 90
51 89
51 88
51 88
51 87
51 86
51 85
51 85
51 84
51 83
51 82
51 81
51 80
51 79
51 78
51 77
51 76
51 75
51 74
52 73
52 72
52 71
52 70
52 69
52 68
52 67
52 66
52 65
52 64
52 63
52 62
52 61
52 60
52 59
52 58
52 57
52 56
52 55
52 54
52 53
52 52
52 51
52 50
53 49
53 48
53 47
53 46
53 45
53 44
53 43
53 42
53 41
53 40
53 39
53 38
53 38
53 39
53 40
53 41
53 41
53 42
52 43
52 44
52 45
52 45
52 46
52 46
53 46
53 46
54 45
54 45
54 44
55 43
55 42
55 42
55 41
56 40
56 39
56 38
56 38
56 37
57 36
57 35
57 34
57 34
57 33
58 32
58 31
58 30
58 30
59 29
59 28
60 27
60 26
60 26
61 25
61 24
61 24
62 23
62 23
63 23
63 23
64 24
64 24
64 25
65 26
65 27
65 27
65 28
65 29
65 30
65 31
65 31
65 32
65 33
65 34
65 34
65 35
65 36
65 36
66 37
66 37
66 36
66 36
67 35
67 34
67 34
67 33
68 32
68 31
68 30
68 30
68 29
69 28
69 27
69 26
69 26
69 25
70 24
70 23
70 22
70 22
70 21
71 20
71 19
72 18
72 17
72 17
73 16
73 15
73 15
74 14
75 14
75 14
76 15
77 15
77 15
78 16
78 17
79 18
79 18
79 19
80 20
80 21
80 21
81 22
81 23
82 24
82 24
83 25
83 26
83 26
84 26
84 26
85 25
86 25
86 25
86 24
87 23
87 22
87 22
87 21
88 20
88 19
88 18
88 18
88 17
89 16
89 15
89 14
89 14
89 13
89 12
89 11
89 10
89 10
89 9
89 8
90 7
90 6
90 5
90 5
90 4
91 3
91 2
91 2
91 1
91 0
91 0
92 1
92 1
92 2
92 3
92 3
92 4
92 5
92 6
92 6
92 7
92 8
92 9
92 10
92 11
92 11
92 12
92 13
92 14
92 15
92 16
92 17
92 18
92 18
92 19
92 20
92 21
93 22
93 23
93 24
93 25
93 26
93 26
93 27
93 28
94 29
94 30
94 31
94 32
95 33
95 34
95 35
95 35
95 36
95 37
95 38
95 39
96 40
96 41
96 42
96 43
96 44
96 45
96 45
96 46
96 47
96 48
96 49
96 50
97 51
97 52
97 53
97 54
97 55
97 56
97 56
97 57
97 58
97 59
97 60
97 61
97 62
97 62
97 63
97 64
97 65
97 66
97 66
97 67
98 68
98 69
98 70
98 70
99 71
99 71
99 70
99 70
100 69
100 68
100 68
100 67
99 66
99 65
99 64
