6 38
5 39
5 40
4 41
4 41
3 41
2 41
1 41
1 41
0 41
0 41
0 41
0 41
1 40
1 39
2 38
2 38
3 37
4 36
5 35
5 35
6 34
7 33
8 32
9 31
9 31
10 30
11 29
12 28
13 27
14 26
14 26
15 25
16 25
17 24
18 23
19 23
20 22
20 22
21 21
22 21
23 20
24 20
25 19
25 19
26 19
27 18
28 18
29 17
30 17
30 17
31 17
32 16
33 16
33 16
34 15
35 15
35 15
36 16
36 16
35 17
35 18
35 18
34 19
34 20
33 21
33 22
33 22
33 23
32 24
32 25
32 26
31 27
31 28
31 28
31 29
30 30
30 31
29 32
29 33
29 34
28 35
28 36
28 36
28 37
27 38
27 39
26 40
26 41
25 42
25 43
24 44
24 45
24 45
24 46
23 47
23 48
23 49
22 50
22 51
22 52
22 53
21 54
21 55
21 55
20 56
20 57
19 58
19 59
18 60
18 61
17 62
17 63
17 63
17 64
16 65
16 66
15 67
15 68
14 69
14 70
14 70
13 71
13 72
12 73
12 74
12 74
11 75
11 75
11 75
11 74
11 73
11 72
11 72
11 71
12 70
12 69
12 69
12 68
13 67
13 66
14 65
14 64
14 64
14 63
14 62
15 61
15 60
15 59
15 59
15 58
16 57
16 56
16 55
16 54
17 53
17 52
17 52
17 51
17 50
17 49
18 48
18 47
18 46
18 45
18 44
18 43
18 42
18 41
19 40
19 39
19 38
19 37
19 36
19 35
19 34
19 33
20 32
20 31
20 30
20 29
20 28
20 27
20 26
20 25
21 24
21 23
21 22
21 21
21 20
21 19
21 18
21 17
22 16
22 15
22 14
22 13
22 12
22 12
22 11
22 10
22 9
22 8
22 7
22 6
22 5
22 4
22 3
22 2
22 2
21 1
21 0
21 0
20 1
20 1
19 2
19 3
19 3
19 4
18 5
18 6
18 6
18 7
18 8
18 9
18 10
18 11
18 11
18 12
18 13
18 14
18 15
18 16
18 17
18 17
18 18
18 19
18 20
18 21
18 22
18 23
18 24
18 25
18 25
18 26
18 27
18 28
18 29
19 30
19 31
19 32
19 33
19 34
19 35
19 35
19 36
19 37
20 38
20 39
20 40
20 41
20 42
20 43
21 44
21 45
21 46
21 46
21 47
21 48
22 49
22 50
22 51
22 52
23 53
23 54
23 55
23 56
23 57
24 58
24 59
24 60
24 60
24 61
25 62
25 63
25 64
26 65
26 66
27 67
27 68
27 69
28 70
28 71
28 71
28 72
29 73
29 74
29 75
30 76
30 77
30 78
30 79
31 80
31 81
31 81
31 82
32 83
32 84
33 85
33 86
33 86
34 87
34 88
35 89
35 89
36 90
37 90
37 90
38 89
38 89
39 88
39 87
39 87
39 86
39 85
39 84
39 83
39 82
39 81
39 80
39 79
39 78
38 77
38 76
38 75
38 74
38 73
38 72
38 71
38 70
38 69
38 68
38 67
38 66
38 65
38 64
38 63
38 62
38 61
38 60
38 59
38 58
37 57
37 56
37 55
37 54
37 53
37 52
37 51
37 50
37 49
37 48
37 47
37 46
37 45
37 44
37 43
37 42
37 41
37 40
37 39
37 38
36 37
36 36
36 35
36 34
36 33
36 32
36 31
36 30
36 29
36 28
36 27
36 26
36 25
36 24
36 23
36 22
36 21
36 20
36 19
36 18
35 17
35 16
35 15
35 14
35 13
35 12
35 11
35 10
35 9
35 8
35 8
36 7
36 6
37 5
37 4
38 3
38 3
38 2
38 2
38 2
38 3
38 4
38 5
38 5
38 6
38 7
38 8
38 8
38 9
38 10
38 11
38 12
38 13
38 13
38 14
38 15
38 16
37 17
37 18
37 19
37 20
37 20
37 21
37 22
37 23
37 24
36 25
36 26
36 27
36 28
36 29
36 29
36 30
36 31
35 32
35 33
35 34
35 35
34 36
34 37
34 38
34 38
34 39
34 40
34 41
34 42
34 43
34 44
34 44
34 45
34 46
34 47
34 48
34 49
34 49
35 50
35 50
36 49
36 48
36 48
37 47
38 46
38 45
39 44
39 44
40 43
40 42
41 41
41 40
42 39
42 38
42 38
43 37
43 36
44 35
45 34
45 33
46 32
46 32
47 31
47 30
48 29
48 28
49 27
49 26
49 26
50 25
50 24
51 23
51 22
52 21
52 20
52 20
53 19
53 18
54 17
54 16
54 16
55 15
55 14
55 14
56 14
56 14
55 15
55 16
55 16
55 17
54 18
54 19
54 19
54 20
54 21
53 22
53 23
53 24
53 24
52 25
52 26
51 27
51 28
50 29
50 30
50 30
49 31
49 32
48 33
48 34
47 35
47 36
47 36
46 37
46 38
45 39
45 40
44 41
44 41
43 42
43 43
43 43
43 44
43 44
44 43
44 43
45 42
46 41
47 40
47 40
48 39
49 38
49 37
50 36
50 36
51 35
52 34
52 33
53 32
53 32
54 31
55 30
56 29
56 29
57 28
57 27
58 26
58 26
59 25
60 25
60 25
60 24
60 24
60 25
60 25
60 26
60 26
59 27
59 28
59 28
58 29
58 30
57 31
57 32
57 32
57 33
56 34
56 35
55 36
55 37
55 37
55 38
54 39
54 40
53 41
53 42
52 43
52 44
52 44
52 45
51 46
51 47
50 48
50 49
49 50
49 51
49 51
49 52
48 53
48 54
47 55
47 56
46 57
46 58
46 58
45 59
45 60
44 61
44 62
44 62
44 63
43 64
43 65
43 66
43 66
43 67
43 67
44 66
44 66
45 65
46 65
47 64
47 64
48 63
48 62
49 61
49 60
50 59
50 58
50 58
51 57
51 56
52 55
53 54
53 53
54 52
54 52
55 51
55 50
56 49
56 48
57 47
57 46
58 45
58 45
59 44
60 43
60 42
61 41
62 40
63 39
63 38
64 37
64 37
65 36
66 35
66 34
67 33
68 32
68 32
69 31
70 30
71 29
72 28
73 27
73 27
74 26
75 26
76 25
77 25
77 25
78 25
79 26
80 26
81 26
81 26
82 27
83 27
84 28
85 28
85 28
86 29
87 30
87 31
88 32
88 32
89 33
90 34
90 35
91 36
92 37
92 37
93 38
93 39
94 40
94 41
95 42
95 42
96 43
96 44
97 45
97 46
98 47
98 48
98 48
98 49
98 50
99 51
99 52
99 53
99 53
99 54
99 55
100 56
100 57
100 58
100 58
100 59
99 60
99 61
99 62
98 63
98 64
98 64
98 65
97 66
97 67
96 68
96 69
96 69
96 70
95 71
95 72
95 73
94 74
94 75
94 75
93 76
93 77
92 78
91 79
91 80
90 81
90 81
89 82
89 83
88 84
88 85
87 86
87 87
86 88
86 88
85 89
84 90
83 91
83 92
82 93
81 94
81 94
80 95
79 96
79 97
78 98
77 99
77 99
76 99
75 100
74 100
73 100
73 100
72 100
71 100
71 100
71 99
70 98
70 97
70 96
70 96
70 95
69 94
69 93
68 92
68 91
68 91
68 90
68 89
68 88
68 87
68 86
68 85
68 84
68 83
67 82
67 81
67 80
67 79
67 78
67 77
67 76
67 75
67 74
67 73
67 72
67 71
67 70
67 69
67 68
67 67
67 66
67 65
66 64
66 63
66 62
66 61
66 60
66 59
66 58
66 57
66 56
66 55
66 54
66 53
66 52
66 51
66 50
66 49
66 48
66 47
65 46
65 45
65 44
65 43
65 42
65 41
65 40
65 39
65 38
65 38
66 37
67 37
68 36
68 36
68 37
68 37
68 37
67 38
67 38
66 39
66 40
66 40
66 41
65 42
65 43
65 44
65 44
65 45
64 46
64 47
64 48
64 48
64 49
63 50
63 51
63 52
63 52
63 53
63 54
62 55
62 56
62 57
62 57
62 58
61 59
61 60
61 60
61 61
60 62
60 63
60 63
60 63
61 62
61 62
62 61
62 61
63 60
63 59
64 58
64 57
64 57
65 56
66 55
67 54
67 54
68 53
69 52
70 51
70 51
71 50
71 49
72 48
72 48
73 47
73 46
73 46
73 46
73 46
73 47
73 48
73 49
73 49
72 50
72 51
71 52
71 53
71 53
71 54
71 55
70 56
70 57
70 58
70 59
70 59
70 60
69 61
69 62
69 63
68 64
68 65
68 65
68 66
68 67
67 68
67 69
67 70
67 71
67 71
67 72
66 73
66 74
65 75
65 76
