2 41
1 42
1 43
0 44
0 44
0 44
0 44
0 44
1 43
1 43
2 42
3 42
4 41
4 41
5 40
6 39
7 39
8 38
8 38
9 37
10 36
10 35
11 34
12 33
12 33
13 32
14 31
15 30
16 29
17 28
17 28
18 27
19 26
20 26
21 25
22 24
22 24
23 23
24 22
25 22
26 21
26 21
27 20
28 20
28 20
29 20
29 20
29 21
29 21
28 22
28 23
28 23
28 24
27 25
27 26
27 26
27 27
26 28
26 29
25 30
25 31
25 31
24 32
24 33
23 34
23 35
22 36
22 36
22 37
21 38
21 39
20 40
20 41
19 42
19 43
19 43
19 44
18 45
18 46
17 47
17 48
16 49
16 50
16 50
15 51
15 52
14 53
14 54
13 55
13 56
12 57
12 57
12 58
11 59
11 60
11 61
10 62
10 63
10 63
9 64
9 65
8 66
8 66
8 67
8 67
8 66
8 66
9 65
9 64
10 63
10 63
10 62
11 61
11 60
11 60
11 59
12 58
12 57
12 56
12 55
13 54
13 53
13 52
14 51
14 50
14 49
14 48
15 47
15 46
15 45
16 44
16 43
16 42
16 41
17 40
17 39
17 38
18 37
18 36
18 35
18 34
19 33
19 32
19 31
19 30
20 29
20 28
20 27
21 26
21 25
21 24
21 23
22 22
22 21
22 20
23 19
23 18
23 17
23 16
24 15
24 14
24 14
24 13
25 12
25 11
26 10
26 9
26 9
26 8
26 8
26 8
26 7
26 7
27 7
27 7
27 8
27 8
28 9
28 10
28 10
28 11
28 12
28 13
28 14
28 15
28 16
28 16
28 17
28 18
28 19
28 20
28 21
28 22
28 23
28 24
28 25
28 26
28 26
28 27
28 28
28 29
28 30
28 31
28 32
28 33
28 34
28 35
28 36
28 37
28 38
28 38
28 39
28 40
28 41
28 42
28 43
28 44
27 45
27 46
27 47
27 48
27 49
27 50
27 51
27 51
27 52
27 53
27 54
27 55
27 56
27 57
27 58
27 59
27 60
27 61
27 61
27 62
26 63
26 64
26 65
26 66
25 67
25 68
25 69
25 69
25 70
25 71
25 72
24 73
24 74
24 75
24 76
24 77
24 77
24 78
24 79
23 80
23 81
23 82
23 83
23 83
23 84
23 85
23 86
23 87
23 87
23 88
23 89
23 90
23 90
24 91
24 91
24 91
24 90
24 89
25 88
25 87
25 86
25 85
25 84
26 83
26 82
26 81
26 80
26 79
27 78
27 77
27 76
27 75
27 74
28 73
28 72
28 71
28 70
28 69
29 68
29 67
29 66
29 65
29 64
30 63
30 62
30 61
30 60
30 59
31 58
31 57
31 56
31 55
31 54
32 53
32 52
32 51
32 50
32 49
33 48
33 47
33 46
33 45
34 44
34 43
34 42
34 41
34 40
35 39
35 38
35 37
35 36
35 35
36 34
36 33
36 32
36 31
36 30
37 29
37 28
37 27
37 26
37 25
38 24
38 23
38 22
38 21
38 20
39 19
39 18
39 17
39 16
39 15
40 14
40 13
40 12
40 11
40 10
41 9
41 8
41 7
41 6
41 5
42 4
42 3
42 2
42 2
41 2
41 2
40 3
40 3
40 4
40 4
40 4
40 4
41 4
41 4
42 4
42 4
43 3
44 3
44 3
45 2
46 2
46 2
47 2
48 1
49 1
49 1
50 1
51 1
51 1
52 1
53 1
53 1
54 2
54 2
54 3
54 4
54 4
54 5
54 6
54 7
54 8
54 8
53 9
53 10
52 11
52 11
51 12
51 13
50 14
50 15
50 15
49 16
49 17
48 18
48 19
48 19
47 20
46 21
46 22
45 23
45 23
44 24
43 25
42 26
42 26
41 27
41 28
40 29
40 29
39 30
39 31
39 31
39 31
40 31
40 31
41 30
42 30
42 30
43 29
44 29
45 28
45 28
46 27
47 27
48 26
49 26
49 26
50 25
51 25
52 24
53 24
53 24
54 24
55 23
56 23
56 23
57 23
57 23
58 23
59 23
59 23
59 23
58 24
58 25
58 25
57 26
56 27
56 27
55 28
55 29
54 30
54 30
53 31
52 32
52 32
51 33
51 34
50 35
50 35
49 36
48 37
48 37
47 38
47 38
46 39
46 39
47 39
47 39
48 39
48 39
49 38
50 38
50 38
51 37
52 37
52 37
53 37
54 37
55 37
55 37
56 37
57 36
58 36
58 36
59 36
59 36
60 37
60 37
60 37
60 38
59 39
59 40
59 40
58 41
58 42
57 43
57 44
56 45
56 45
55 46
54 47
54 48
53 49
53 49
52 50
52 51
51 52
51 53
50 54
50 55
50 55
49 56
49 57
48 58
48 59
47 60
47 60
46 61
46 62
45 63
45 64
44 65
44 65
43 66
43 67
42 68
42 69
42 69
41 70
41 70
40 70
40 70
40 70
41 69
41 68
41 68
41 67
42 66
42 65
42 65
43 64
44 63
44 63
45 62
46 61
47 60
47 60
48 59
49 58
49 57
50 56
50 56
51 55
52 54
53 54
54 53
55 52
55 52
56 51
57 50
58 49
59 49
60 48
61 47
61 47
62 46
63 45
64 44
65 44
66 43
67 42
67 42
68 41
69 41
70 40
71 40
72 39
73 39
74 38
74 38
75 38
76 37
77 37
78 37
79 36
80 36
80 36
81 36
82 36
83 35
84 35
85 35
85 35
86 35
87 36
88 36
89 37
90 37
90 37
91 37
92 38
93 38
93 38
94 39
95 40
96 41
96 41
97 42
98 43
99 44
99 44
99 45
100 46
100 47
100 48
100 48
100 49
100 50
99 51
99 52
99 53
99 53
99 54
98 55
98 56
98 57
97 58
97 59
97 59
96 60
96 61
95 62
94 63
94 64
93 65
93 65
92 66
91 67
90 68
90 69
89 70
88 71
87 72
87 72
86 73
85 74
84 75
84 76
83 77
82 78
81 79
81 79
80 80
79 81
78 82
78 83
77 84
76 85
76 85
75 86
74 87
73 87
72 88
71 89
71 89
70 90
69 90
68 91
67 91
67 91
66 92
65 92
65 92
64 91
64 91
63 90
63 90
62 89
62 88
62 88
62 87
62 86
62 86
61 85
61 84
61 84
61 83
61 82
61 81
61 80
61 79
61 78
61 77
61 76
61 75
61 74
61 73
61 72
61 71
61 70
61 69
61 68
62 67
62 66
62 65
62 64
62 63
62 62
62 61
62 60
62 59
62 58
62 57
62 56
62 55
62 54
62 53
62 52
62 51
62 51
61 52
61 52
60 52
60 52
59 52
59 52
59 52
59 53
59 53
59 54
59 55
59 56
59 56
59 57
58 58
58 59
58 60
58 60
58 61
57 62
57 63
57 64
56 65
56 66
56 66
55 67
55 68
54 69
54 70
53 71
53 71
52 72
52 73
51 74
51 75
51 75
50 76
49 77
48 78
48 78
47 79
47 80
47 80
46 80
46 80
47 79
47 78
47 78
48 77
49 76
50 75
50 75
51 74
51 73
52 72
52 71
53 70
53 70
54 69
55 68
56 68
57 67
58 66
58 66
59 65
60 64
61 63
62 62
63 61
63 61
64 61
65 60
66 60
67 59
68 59
68 59
69 58
70 57
71 57
72 56
72 56
73 56
74 56
74 56
75 56
75 56
75 57
75 58
75 58
75 59
74 60
74 61
74 61
73 62
72 63
71 64
71 64
70 65
69 66
69 67
68 68
68 68
67 69
66 70
66 71
65 72
65 72
64 73
63 74
62 75
62 75
61 76
60 77
60 77
60 78
60 79
60 79
60 79
61 80
61 80
62 80
63 80
63 80
64 81
64 81
64 82
64 82
63 83
62 84
61 85
61 85
60 86
59 87
58 88
57 89
57 89
56 90
55 91
54 92
53 92
52 93
51 94
51 94
50 95
49 95
48 96
47 97
46 97
45 98
45 98
44 99
43 99
42 100
41 100
41 100
40 100
39 100
39 100
39 99
