7 22
7 22
7 23
6 24
6 25
5 26
5 27
5 27
4 28
4 29
3 30
3 31
3 31
3 32
2 33
2 34
2 35
2 35
1 36
1 37
0 38
0 39
0 39
0 40
0 41
0 41
0 42
0 42
1 41
2 41
2 41
3 40
4 39
5 38
5 38
6 37
7 36
8 35
9 34
9 34
10 33
10 32
11 31
11 30
12 29
12 29
13 28
14 27
15 27
16 26
16 26
17 25
18 25
19 24
19 24
20 23
21 22
21 22
22 21
23 21
23 21
24 21
24 21
24 22
24 22
24 23
23 24
23 25
23 25
23 26
22 27
22 28
22 29
21 30
21 31
21 31
21 32
20 33
20 34
19 35
19 36
18 37
18 38
18 38
18 39
17 40
17 41
17 42
16 43
16 44
16 45
16 46
15 47
15 48
15 48
15 49
14 50
14 51
14 52
13 53
13 54
13 55
13 56
12 57
12 58
12 58
12 59
11 60
11 61
11 62
11 63
10 64
10 65
10 66
10 67
9 68
9 69
9 69
9 70
8 71
8 72
8 73
7 74
7 75
7 75
7 76
7 77
7 78
7 78
7 77
7 77
8 76
8 75
8 75
8 74
8 73
8 72
8 71
8 70
8 70
8 69
8 68
9 67
9 66
9 65
9 65
9 64
9 63
10 62
10 61
10 60
10 59
11 58
11 57
11 56
11 55
11 54
12 53
12 52
12 51
12 50
13 49
13 48
13 47
13 46
13 45
14 44
14 43
14 42
14 41
14 40
15 39
15 38
15 37
15 36
16 35
16 34
16 33
16 33
16 32
16 31
16 30
17 29
17 28
17 27
17 26
17 25
17 24
17 23
17 22
18 21
18 20
18 19
18 18
18 18
18 17
18 16
19 15
19 14
19 13
19 13
20 12
20 12
20 12
20 13
20 13
21 14
21 14
21 15
21 15
21 16
21 16
21 17
22 18
22 19
22 19
22 20
22 21
22 22
22 23
22 23
22 24
22 25
22 26
22 27
22 28
22 28
22 29
22 30
22 31
21 32
21 33
21 34
21 35
21 36
21 36
21 37
21 38
21 39
21 40
21 41
21 42
21 43
21 44
21 45
21 46
21 46
21 47
21 48
21 49
21 50
21 51
21 52
21 53
21 54
21 55
21 56
21 57
21 57
21 58
21 59
21 60
21 61
21 62
21 63
21 64
21 65
21 66
21 67
21 68
21 69
21 70
21 70
21 71
21 72
21 73
21 74
21 75
22 76
22 77
22 78
22 79
22 80
22 81
22 81
22 82
22 83
22 84
22 85
22 86
22 87
22 88
22 89
22 90
22 90
22 91
22 92
23 93
23 94
23 95
23 96
23 96
23 97
23 98
23 98
23 97
23 97
23 96
23 95
23 94
23 94
23 93
23 92
24 91
24 90
24 89
24 89
24 88
24 87
24 86
24 85
24 84
24 83
24 82
25 81
25 80
25 79
25 78
25 77
25 76
25 75
25 74
25 73
25 72
25 71
25 70
25 69
25 68
26 67
26 66
26 65
26 64
26 63
26 62
26 61
26 60
26 59
26 58
26 57
26 56
26 55
26 54
27 53
27 52
27 51
27 50
27 49
27 48
27 47
27 46
27 46
27 45
27 44
28 43
28 42
28 41
28 40
28 39
28 38
29 37
29 36
29 35
29 34
29 33
30 32
30 31
30 30
30 29
30 28
30 27
31 26
31 25
31 24
31 24
31 23
31 22
32 21
32 20
32 19
32 18
33 17
33 16
33 15
33 15
33 14
34 13
34 12
34 11
35 10
35 9
35 9
35 8
35 7
36 6
36 5
36 4
36 4
37 3
37 2
37 2
38 1
38 1
39 0
39 0
39 1
39 1
38 2
38 3
38 3
38 4
38 5
37 6
37 7
37 8
37 9
37 9
37 10
36 11
36 12
36 13
36 14
35 15
35 16
35 17
35 17
35 18
34 19
34 20
34 21
34 22
33 23
33 24
33 25
33 25
33 26
32 27
32 28
32 29
31 30
31 31
31 31
31 32
31 33
31 34
31 34
31 35
31 36
31 36
32 35
33 34
33 34
34 33
35 32
36 31
36 31
37 30
38 29
38 28
39 27
39 27
40 26
40 25
41 24
41 23
42 22
42 22
43 21
44 20
45 19
45 19
46 18
46 17
46 17
46 17
45 18
45 19
45 19
44 20
44 21
43 22
43 22
42 23
42 24
41 25
41 26
41 26
40 27
40 28
39 29
39 30
38 31
38 31
37 32
37 33
36 34
36 35
35 36
35 36
34 37
34 38
33 39
33 40
33 40
33 41
33 41
33 41
34 40
34 40
35 39
36 38
36 38
36 37
37 36
37 35
37 35
38 34
39 33
40 32
40 32
41 31
42 30
43 29
43 29
44 28
45 28
45 28
46 27
47 27
47 27
48 27
48 27
48 28
48 29
48 30
48 30
48 31
47 32
47 33
47 33
46 34
46 35
45 36
45 36
45 37
44 38
44 39
44 40
44 40
43 41
42 42
42 42
41 43
40 44
40 44
39 44
39 44
39 44
39 44
40 43
40 43
41 42
41 41
41 41
42 40
43 39
43 39
44 38
44 37
44 37
45 36
46 36
46 36
47 35
47 35
48 34
48 34
48 34
48 34
48 34
47 35
47 35
46 35
46 35
45 36
45 37
45 37
44 38
44 39
44 39
43 40
42 41
42 42
41 43
41 43
41 44
40 45
40 46
40 47
39 48
39 49
39 49
38 50
38 51
37 52
37 53
36 54
36 55
36 55
35 56
35 57
34 58
34 59
33 60
33 61
33 61
32 62
32 63
31 64
31 65
31 65
31 66
30 67
30 68
30 68
30 68
31 67
31 66
31 66
32 65
33 64
33 63
34 62
34 62
35 61
35 60
36 59
37 58
37 57
38 56
38 56
39 55
40 54
41 53
42 52
43 51
43 51
44 50
45 49
46 48
46 47
47 46
48 45
48 45
49 44
50 43
51 42
52 41
53 40
54 39
55 38
55 38
56 37
57 37
58 36
59 35
60 35
61 34
62 34
63 33
63 33
64 32
65 32
66 31
67 31
68 30
69 30
70 29
70 29
71 29
72 28
73 28
74 27
75 27
76 26
77 26
77 26
78 26
79 25
80 25
81 25
82 25
83 24
84 24
84 24
85 24
86 24
87 24
88 24
89 24
90 24
90 24
91 24
92 25
93 25
94 26
95 26
95 26
96 27
97 28
97 29
98 30
98 30
98 31
98 32
99 33
99 34
99 35
99 35
99 36
99 37
99 38
99 39
99 40
99 41
99 42
99 42
99 43
98 44
98 45
98 46
98 47
97 48
97 49
97 50
97 50
96 51
96 52
95 53
95 54
94 55
94 56
93 57
93 58
93 58
92 59
92 60
91 61
90 62
90 63
89 64
89 65
88 66
88 66
87 67
86 68
85 69
85 70
84 71
83 72
83 72
82 73
81 74
80 74
79 75
78 76
78 76
77 77
76 77
75 78
74 78
73 79
73 79
72 79
71 78
70 78
69 78
69 78
69 77
69 76
68 75
68 74
68 73
68 72
67 71
67 70
67 69
67 68
66 67
66 66
66 65
66 64
65 63
65 62
65 61
65 60
64 59
64 58
64 57
64 56
63 55
63 54
63 53
63 52
62 51
62 50
62 49
62 48
61 47
61 46
61 45
61 44
60 43
60 42
60 41
60 41
60 41
60 42
60 43
59 44
59 45
59 46
59 46
59 47
58 48
58 49
58 50
58 50
58 51
57 52
57 53
57 54
56 55
56 56
56 56
56 57
55 58
55 59
54 60
54 61
54 61
54 62
53 63
53 64
52 65
52 66
52 66
52 67
51 68
51 69
51 70
51 70
51 71
50 72
50 73
50 73
50 73
51 72
51 72
52 71
53 70
53 70
54 69
54 68
55 67
55 67
56 66
57 65
57 64
58 63
58 63
59 62
59 61
60 60
60 59
60 59
61 58
62 57
63 56
63 56
64 55
64 54
65 53
65 53
66 52
67 52
67 52
68 51
69 51
69 51
70 52
70 52
70 53
70 54
70 54
70 55
70 56
70 57
70 58
70 58
70 59
70 60
69 61
69 62
69 63
69 64
69 64
69 65
69 66
69 67
68 68
68 69
68 70
68 71
68 71
68 72
67 73
67 74
67 75
67 76
66 77
66 78
66 78
66 79
65 80
65 81
65 82
64 83
64 84
64 85
63 86
63 87
63 87
62 88
62 89
61 90
61 91
60 92
60 93
59 94
59 95
59 95
58 96
57 97
56 98
55 99
55 99
54 99
53 100
52 100
51 100
51 100
51 99
50 98
50 97
50 97
50 96
50 95
50 94
50 93
50 92
50 91
51 90
51 89
51 88
51 87
51 86
51 85
51 84
51 84
51 83
52 82
52 81
52 80
53 79
53 78
53 77
54 76
54 75
54 74
55 73
55 72
55 71
56 70
56 69
56 68
57 67
57 66
