4 46
3 47
3 48
2 49
2 50
2 50
1 49
1 49
0 49
0 49
0 48
0 48
1 47
2 47
3 46
3 46
4 45
5 44
5 43
6 42
6 42
7 41
8 40
9 39
10 38
11 37
11 37
12 36
13 35
14 35
15 34
16 33
16 33
17 32
18 32
19 31
20 31
21 30
22 30
22 30
23 30
24 29
25 29
26 28
27 28
27 28
28 28
29 27
30 27
31 27
31 27
32 27
33 28
34 28
34 28
35 29
35 29
36 30
36 31
36 31
36 32
35 33
35 34
35 34
35 35
35 36
34 37
34 38
34 39
34 39
34 40
33 41
33 42
33 43
33 44
32 45
32 46
32 46
32 47
31 48
31 49
30 50
30 51
29 52
29 53
29 53
29 54
28 55
28 56
27 57
27 58
27 59
26 60
26 61
26 61
26 62
25 63
25 64
24 65
24 66
24 67
23 68
23 69
23 69
23 70
22 71
22 72
21 73
21 74
21 74
20 75
19 76
19 76
18 76
18 76
18 75
18 75
18 74
19 73
19 72
19 71
19 71
19 70
19 69
20 68
20 67
20 66
20 65
20 65
20 64
20 63
21 62
21 61
21 60
21 59
21 59
21 58
21 57
22 56
22 55
22 54
22 53
22 53
22 52
22 51
22 50
23 49
23 48
23 47
23 46
23 46
23 45
23 44
23 43
23 42
24 41
24 40
24 39
24 38
24 37
24 37
24 36
24 35
24 34
24 33
25 32
25 31
25 30
25 29
25 28
25 28
25 27
25 26
25 25
25 24
26 23
26 22
26 21
26 20
26 19
26 18
26 18
26 17
26 16
26 15
26 14
27 13
27 12
27 11
27 10
27 9
27 9
27 9
27 8
27 7
27 6
27 5
27 4
27 3
27 2
27 1
27 1
26 0
26 0
26 1
26 1
25 2
25 3
25 3
25 4
25 5
25 6
25 6
25 7
24 8
24 9
24 10
24 10
24 11
24 12
24 13
24 14
24 15
24 15
24 15
24 16
24 17
24 18
24 19
24 20
24 21
24 22
24 23
25 24
25 25
25 26
25 27
25 28
25 29
25 30
25 31
25 32
25 32
25 33
25 34
25 35
25 36
25 37
26 38
26 39
26 40
26 41
26 42
26 43
26 44
26 44
26 45
26 46
26 47
27 48
27 49
27 50
27 51
27 52
27 53
27 54
27 55
28 56
28 57
28 58
28 59
28 59
28 60
29 61
29 62
29 63
30 64
30 65
30 66
30 67
31 68
31 69
31 70
32 71
32 72
32 72
32 73
32 74
33 75
33 76
33 77
33 78
34 79
34 80
34 81
34 82
34 83
35 84
35 85
35 86
35 86
35 87
36 88
36 89
36 90
36 91
37 92
37 93
37 94
37 94
38 95
38 96
39 97
39 98
39 98
40 99
40 100
40 100
41 100
41 100
42 99
42 99
42 98
43 97
43 96
43 96
43 95
43 94
43 93
43 92
43 91
43 90
43 89
43 88
43 87
43 86
43 85
43 84
43 83
43 82
43 81
43 80
43 79
43 78
43 77
43 76
43 75
43 74
43 73
43 72
43 71
43 70
43 69
43 68
43 67
43 66
43 65
43 64
43 63
43 62
43 61
43 60
43 59
43 58
43 57
43 56
43 55
43 54
43 53
43 52
43 51
43 50
43 49
43 48
43 47
43 46
43 45
43 44
43 43
43 42
43 41
43 40
43 39
43 38
43 37
43 36
43 35
43 34
43 33
43 32
43 31
43 30
43 29
43 28
43 27
43 26
43 25
43 24
43 23
43 22
43 21
43 20
43 19
43 18
43 17
43 16
43 15
43 14
43 14
44 13
45 13
46 12
47 12
47 12
47 12
46 12
45 12
45 12
46 12
46 12
46 12
46 12
46 13
46 14
46 14
46 15
45 16
45 17
45 17
45 18
45 19
44 20
44 21
44 22
44 22
44 23
44 24
44 25
43 26
43 27
43 28
43 29
43 29
43 30
43 31
43 32
42 33
42 34
42 35
42 36
42 36
42 37
42 38
42 39
41 40
41 41
41 42
41 43
41 43
41 44
40 45
40 46
40 47
40 47
41 48
41 48
42 47
43 47
43 47
44 46
45 45
45 44
46 43
46 43
47 42
47 41
48 40
48 39
49 38
49 38
50 37
50 36
51 35
52 34
52 33
53 32
53 32
54 31
54 30
55 29
55 28
56 27
56 27
56 26
57 25
57 24
58 23
58 22
58 22
59 21
59 20
59 20
60 19
60 19
59 20
59 20
59 21
59 22
59 22
59 23
58 24
58 25
57 26
57 27
57 27
57 28
57 29
56 30
56 31
56 32
56 32
56 33
55 34
55 35
54 36
54 37
54 37
54 38
53 39
53 40
53 41
53 41
53 42
52 43
52 44
52 44
51 45
51 45
51 45
52 45
52 45
53 44
54 43
54 43
55 42
56 41
56 41
57 40
57 39
58 38
58 38
59 37
60 36
61 35
61 35
62 34
62 33
62 33
63 32
64 32
64 32
64 31
64 31
64 32
64 32
64 33
64 33
64 34
63 35
63 36
63 36
62 37
62 38
61 39
61 40
61 40
61 41
60 42
60 43
59 44
59 45
59 45
59 46
58 47
58 48
58 49
58 50
57 51
57 52
57 52
57 53
56 54
56 55
55 56
55 57
55 57
55 58
54 59
54 60
53 61
53 62
53 62
53 63
52 64
52 65
52 65
52 66
51 67
51 68
51 68
51 69
51 70
51 70
51 71
51 72
51 72
52 73
52 73
53 73
53 73
54 72
54 71
55 70
55 70
56 69
57 68
57 67
58 66
58 66
59 65
59 64
60 63
60 62
61 61
61 60
61 60
62 59
62 58
63 57
64 56
65 55
65 54
66 53
66 53
67 52
67 51
68 50
69 49
69 48
70 47
70 47
71 46
72 45
73 44
73 43
74 42
75 41
75 41
76 40
77 39
77 38
78 37
79 36
79 36
80 35
81 35
82 34
83 34
83 34
84 34
85 33
86 33
86 33
87 33
88 34
89 34
89 34
90 35
91 36
91 36
92 37
93 38
93 39
94 40
94 40
94 41
95 42
95 43
96 44
96 45
96 45
96 46
97 47
97 48
97 49
98 50
98 51
98 51
98 52
99 53
99 54
99 55
100 56
100 57
100 57
100 58
100 59
99 60
99 61
99 62
99 63
99 63
99 64
99 65
98 66
98 67
98 68
98 69
98 69
98 70
97 71
97 72
97 73
96 74
96 75
96 75
95 76
95 77
94 78
94 79
93 80
93 81
93 81
92 82
92 83
91 84
90 85
90 86
89 87
89 87
88 88
87 89
87 90
86 91
85 92
85 92
84 93
83 94
82 95
82 95
81 96
80 96
79 97
79 97
78 96
77 96
77 96
77 95
77 94
77 93
77 92
76 91
76 90
76 89
76 88
76 87
76 86
76 85
76 84
75 83
75 82
75 81
75 80
75 79
75 78
75 77
75 76
75 75
74 74
74 73
74 72
74 71
74 70
74 69
74 68
74 67
73 66
73 65
73 64
73 63
73 62
73 61
73 60
73 59
73 58
72 57
72 56
72 55
72 54
72 53
72 52
72 51
72 50
71 49
71 48
71 47
71 46
71 45
71 45
72 46
73 47
73 47
72 47
71 48
70 48
69 48
69 48
68 49
68 50
68 50
67 51
67 52
66 53
66 53
66 54
65 55
65 56
65 56
65 57
64 58
64 59
63 60
63 61
63 61
63 62
62 63
62 64
61 65
61 66
61 66
61 67
61 68
60 69
60 70
60 71
60 71
60 72
59 73
59 74
59 75
59 75
60 76
60 76
61 76
61 76
62 75
63 75
63 75
64 74
64 73
65 72
65 71
65 71
66 70
66 69
67 68
67 67
68 66
68 66
69 65
69 64
70 63
70 62
71 61
71 61
72 60
72 59
73 58
73 57
74 56
74 56
75 55
75 54
76 53
76 53
77 52
77 51
77 51
77 51
77 52
77 53
77 53
76 54
76 55
76 55
76 56
76 57
75 58
75 59
75 60
75 60
74 61
74 62
73 63
73 64
73 64
73 65
72 66
72 67
71 68
71 69
71 69
71 70
70 71
70 72
69 73
69 74
69 74
69 75
68 76
68 77
68 78
68 78
67 79
67 80
67 80
67 81
67 81
67 81
