0 60
0 60
0 60
0 59
0 58
0 58
0 57
0 56
0 56
0 55
1 54
1 53
1 53
1 52
2 51
2 50
2 49
2 49
2 48
3 47
3 46
3 46
4 45
4 44
5 43
5 42
5 42
5 41
6 40
6 39
6 38
6 38
7 37
7 36
8 35
8 34
8 34
9 33
10 32
11 31
11 31
12 30
13 29
14 28
14 28
15 27
16 26
16 26
17 26
18 26
18 26
19 25
20 25
20 25
21 26
21 26
22 27
22 28
22 28
22 29
23 30
23 31
23 31
23 32
23 33
23 34
23 35
23 36
23 37
23 38
23 39
23 39
23 40
23 41
23 42
23 43
23 44
23 45
23 46
23 47
23 47
23 48
23 49
23 50
23 51
23 52
23 53
23 54
23 55
23 56
23 56
23 57
23 58
23 59
23 60
23 61
23 62
23 63
23 64
23 64
23 65
23 66
23 67
23 68
23 69
23 70
23 71
23 71
23 72
23 73
23 74
23 75
23 76
23 77
23 78
23 78
23 79
22 80
22 81
22 82
22 82
22 83
21 84
21 85
21 85
20 86
20 87
20 87
20 88
20 89
20 89
19 90
19 90
18 89
18 89
18 88
18 88
18 87
17 86
17 85
17 84
17 84
17 83
17 82
16 81
16 80
16 79
16 79
16 78
16 77
16 76
16 75
15 74
15 73
15 72
15 71
15 70
15 69
15 68
15 67
15 66
14 65
14 64
14 63
14 62
14 61
14 60
14 59
14 58
13 57
13 56
13 55
13 54
13 53
13 52
13 51
13 50
13 49
12 48
12 47
12 46
12 45
12 44
12 43
12 42
12 41
12 40
11 39
11 38
11 37
11 36
11 35
11 34
11 33
11 32
10 31
10 30
10 29
10 28
10 27
10 26
10 25
10 24
10 23
9 22
9 21
9 20
9 19
9 18
9 18
9 17
9 16
9 15
9 14
9 13
9 12
9 11
9 10
9 9
9 8
9 7
9 7
9 6
9 5
9 4
9 4
9 3
9 2
9 2
9 1
9 1
9 1
10 2
11 2
11 2
12 3
12 4
12 4
12 5
13 6
13 7
13 8
14 9
14 10
14 10
14 11
15 12
15 13
15 14
15 15
16 16
16 17
16 17
16 18
17 19
17 20
17 21
18 22
18 23
18 24
18 25
19 26
19 27
19 27
19 28
20 29
20 30
20 31
21 32
21 33
21 34
22 35
22 36
22 36
22 37
23 38
23 39
23 40
24 41
24 42
24 43
25 44
25 45
25 46
26 47
26 48
26 48
26 49
26 50
27 51
27 52
27 53
27 54
28 55
28 56
28 57
28 58
29 59
29 60
29 61
29 61
29 62
30 63
30 64
30 65
31 66
31 67
31 68
31 69
32 70
32 71
32 72
33 73
33 74
33 74
33 75
34 76
34 77
35 78
35 79
35 80
36 81
36 82
37 83
37 84
37 84
37 85
38 86
38 87
39 88
39 89
39 90
40 91
40 92
40 92
40 93
41 94
41 95
42 96
42 97
42 97
42 98
43 99
43 100
43 100
43 99
43 98
43 97
43 96
42 95
42 94
42 93
42 92
42 91
42 90
42 89
42 88
42 87
41 86
41 85
41 84
41 83
41 82
41 81
41 80
41 79
41 78
40 77
40 76
40 75
40 74
40 73
40 72
40 71
40 70
39 69
39 68
39 67
39 66
39 65
39 64
39 63
39 62
39 61
38 60
38 59
38 58
38 57
38 56
38 55
38 54
38 53
38 52
37 51
37 50
37 49
37 48
37 47
37 46
37 45
37 44
37 43
36 42
36 41
36 40
36 39
36 38
36 37
36 36
36 35
36 34
35 33
35 32
35 31
35 30
35 29
35 28
35 27
35 26
34 25
34 24
34 23
34 22
34 21
34 20
34 19
34 18
34 17
33 16
33 15
33 14
33 13
33 12
33 11
33 10
33 9
33 8
32 7
32 6
32 5
32 4
32 3
32 3
32 3
32 3
32 3
32 3
32 3
32 3
32 3
32 3
32 3
32 4
32 5
32 6
32 6
32 7
32 8
31 9
31 10
31 11
31 11
31 12
31 13
31 14
31 15
31 16
31 17
31 18
31 18
31 19
31 20
31 21
31 22
31 23
31 24
31 25
31 25
31 26
31 27
31 28
31 29
31 30
31 31
31 31
31 32
31 33
31 34
31 35
31 36
31 36
31 37
31 38
31 39
31 40
31 40
31 41
31 42
31 42
31 43
31 43
31 43
32 43
32 43
32 43
32 42
32 42
33 41
33 40
33 40
33 39
34 38
34 37
34 37
35 36
35 35
35 35
35 34
36 33
36 32
36 32
36 31
37 30
37 29
37 29
38 28
38 27
39 26
39 25
39 25
40 24
40 23
41 22
41 21
41 21
42 20
42 19
43 18
43 17
43 17
44 16
44 15
45 14
45 13
45 13
46 12
46 11
47 10
47 10
48 9
48 8
49 7
49 7
50 7
50 7
51 8
51 8
50 9
50 10
50 10
50 11
50 12
50 13
50 14
50 15
50 15
50 16
49 17
49 18
49 19
49 20
48 21
48 22
48 22
48 23
47 24
47 25
47 26
47 27
46 28
46 29
46 29
46 30
45 31
45 32
45 33
44 34
44 35
44 35
44 36
43 37
43 38
43 39
43 40
42 41
42 42
42 42
41 43
41 44
40 45
40 46
40 46
40 47
39 48
39 49
39 50
39 50
39 50
39 50
40 49
40 49
40 48
40 47
40 47
41 46
41 45
41 45
41 44
42 43
42 42
42 42
42 41
42 40
42 40
43 39
43 38
43 38
44 37
44 36
45 35
45 35
45 34
46 33
46 32
46 31
46 31
47 30
47 29
48 28
48 27
48 27
49 26
49 25
50 24
50 23
50 23
51 22
51 21
52 20
52 20
53 19
53 18
54 17
54 17
54 16
54 16
55 17
55 17
55 18
55 18
55 19
55 20
55 21
55 21
55 22
55 23
55 24
55 25
55 25
55 26
54 27
54 28
54 28
54 29
54 30
54 31
54 31
54 32
54 33
54 34
54 35
54 35
54 36
54 37
54 38
54 39
54 40
54 40
54 41
54 42
54 43
54 44
54 44
54 45
54 46
55 47
55 48
55 49
55 49
55 50
55 51
55 52
55 53
55 54
55 54
55 55
55 56
55 57
55 58
55 59
55 59
55 60
55 61
55 62
55 62
55 63
54 64
54 65
54 65
53 66
53 67
52 68
51 69
51 70
50 71
49 72
49 73
48 74
48 75
47 76
46 77
46 78
45 79
45 79
44 80
43 81
42 81
41 82
40 83
40 83
39 84
38 85
38 85
37 85
36 85
36 85
35 84
34 84
34 84
33 83
33 82
33 82
33 81
33 80
33 79
33 79
33 78
32 77
32 76
32 76
32 75
32 74
32 73
32 72
32 72
32 71
32 70
33 69
33 68
33 67
33 67
33 66
34 65
34 64
35 63
35 62
35 62
35 61
36 60
36 59
36 58
37 57
37 56
37 56
37 55
38 54
38 53
39 52
39 51
40 50
40 49
41 48
41 47
41 47
41 46
42 45
42 44
43 43
43 42
44 41
44 40
45 39
45 38
45 38
46 37
46 36
47 35
47 34
48 33
49 32
49 31
50 30
50 29
51 28
51 28
52 27
52 26
53 25
53 24
54 23
54 22
55 21
55 20
55 20
56 19
56 18
57 17
57 16
58 15
58 14
59 13
59 13
60 12
61 11
62 11
63 10
64 9
64 9
65 8
66 7
67 6
68 5
68 5
69 4
70 4
71 3
72 3
72 3
73 2
74 2
75 1
76 1
76 1
77 1
78 0
79 0
80 0
80 0
81 1
82 1
82 1
83 1
84 2
85 2
86 2
86 2
87 3
88 4
88 4
89 5
90 6
91 7
91 7
91 8
92 9
92 10
93 11
93 12
93 12
93 13
94 14
94 15
94 16
94 17
95 18
95 19
95 19
95 20
95 21
96 22
96 23
96 24
96 25
96 25
96 26
97 27
97 28
98 29
98 30
98 30
98 31
99 32
99 33
99 34
99 34
99 35
100 36
100 37
100 38
100 38
100 39
100 40
100 41
100 42
100 43
100 43
100 44
99 45
99 46
99 47
99 47
99 48
99 49
99 50
98 51
98 52
98 53
98 54
98 54
98 55
97 56
97 57
97 58
97 59
96 60
96 61
96 61
96 62
95 63
95 64
95 65
94 66
94 67
94 67
94 68
93 69
93 70
93 71
92 72
92 73
92 73
92 74
91 75
91 76
90 77
90 78
90 78
90 79
89 80
89 81
88 82
88 83
88 83
87 84
86 85
86 86
85 87
85 87
84 88
83 88
82 89
82 89
81 90
80 90
79 91
79 91
78 92
77 92
76 93
75 93
75 93
74 93
73 93
72 93
71 93
71 93
70 93
69 92
68 92
67 92
67 92
66 92
65 92
64 92
63 92
63 92
62 91
61 91
60 90
59 90
59 90
58 89
57 89
56 88
55 88
55 88
54 87
53 86
52 85
52 85
52 84
51 83
51 82
50 81
50 80
50 80
50 79
49 78
49 77
49 76
48 75
48 74
48 74
48 73
48 72
48 71
47 70
47 69
47 68
47 67
47 66
47 66
47 65
47 64
47 63
47 62
47 61
47 60
47 59
47 58
47 57
47 57
47 56
47 55
48 54
48 53
48 52
48 51
48 50
49 49
49 48
49 47
49 47
49 46
49 45
50 44
50 43
50 42
50 42
51 41
51 40
52 39
52 38
52 38
53 37
54 36
54 36
55 35
56 34
56 34
57 34
58 34
58 34
59 35
59 36
60 37
60 38
60 38
60 39
60 40
60 41
60 42
61 43
61 44
61 45
61 46
61 47
61 47
61 48
61 49
61 50
61 51
61 52
62 53
62 54
62 55
62 56
62 57
62 58
62 58
62 59
62 60
62 61
62 62
62 63
61 64
61 65
61 66
61 67
61 68
61 69
61 70
61 70
61 71
61 72
61 73
60 74
60 75
60 76
60 77
60 78
60 78
60 79
60 80
59 81
59 82
59 83
59 84
59 84
58 85
58 86
57 87
57 87
56 88
56 89
56 89
56 88
56 87
57 86
57 85
57 84
57 83
58 82
58 81
58 80
58 79
59 78
59 77
59 76
59 75
59 74
60 73
60 72
60 71
60 70
61 69
61 68
61 67
61 66
62 65
62 64
62 63
62 63
62 62
63 61
63 60
64 59
64 58
65 57
65 56
65 55
66 54
66 53
67 52
67 51
68 50
68 49
68 49
69 48
70 47
70 47
71 47
71 47
72 48
72 48
72 49
72 50
72 51
72 52
72 53
72 54
72 55
72 55
72 56
72 57
72 58
72 59
72 60
72 61
72 62
72 63
72 64
72 65
72 65
72 66
72 67
72 68
72 69
72 70
72 71
72 72
72 73
72 74
72 75
72 76
72 77
72 78
72 79
72 80
72 81
72 82
72 83
