15 36
15 37
14 38
14 39
13 40
13 41
12 42
12 43
11 44
11 45
10 46
10 47
10 47
9 48
9 49
8 50
8 51
7 52
7 53
7 53
6 54
5 55
5 56
4 57
3 58
3 58
3 59
2 60
2 61
2 62
1 63
1 64
1 64
1 65
0 66
0 67
0 67
0 67
1 66
1 66
1 65
2 64
2 63
3 62
3 61
3 61
4 60
4 59
5 58
6 57
6 56
7 55
7 55
8 54
8 53
9 52
9 51
10 50
10 49
11 48
11 47
11 47
12 46
12 45
13 44
14 43
14 42
15 41
15 41
16 40
17 39
18 38
19 37
20 36
20 36
21 35
22 34
23 33
23 33
24 32
25 32
25 32
26 32
26 32
26 33
26 34
26 34
26 35
25 36
25 37
25 38
25 38
25 39
25 40
24 41
24 42
24 43
24 44
24 44
24 45
23 46
23 47
22 48
22 49
22 50
21 51
21 52
21 52
21 53
21 54
20 55
20 56
20 57
20 58
19 59
19 60
19 61
19 61
19 62
18 63
18 64
18 65
17 66
17 67
17 68
16 69
16 70
16 70
16 71
16 72
15 73
15 74
15 75
15 76
14 77
14 78
14 79
14 79
14 80
13 81
13 82
13 83
13 84
12 85
12 86
12 87
12 87
12 88
11 89
11 90
11 91
11 91
11 92
11 93
11 93
10 93
10 93
10 92
10 91
10 90
10 89
10 89
10 88
10 87
10 86
10 85
10 84
10 84
10 83
10 82
10 81
11 80
11 79
11 78
11 77
11 76
11 75
11 74
11 73
12 72
12 71
12 70
12 69
12 68
12 67
12 66
12 65
13 64
13 63
13 62
13 61
13 60
13 59
13 58
13 57
14 56
14 55
14 54
14 53
14 52
14 51
14 50
15 49
15 48
15 47
15 46
15 45
15 44
15 43
15 42
16 41
16 40
16 39
16 38
16 37
16 36
16 35
16 34
17 33
17 32
17 31
17 30
17 29
17 28
17 27
17 26
18 25
18 24
18 23
18 22
18 22
19 21
19 20
20 19
21 18
21 17
22 16
22 15
23 14
23 14
23 14
23 15
23 15
23 16
23 17
23 18
23 18
23 19
23 20
23 21
23 21
23 22
24 23
24 24
24 24
24 25
24 26
24 27
24 28
24 28
24 29
24 30
24 31
24 32
24 33
24 33
24 34
24 35
24 36
25 37
25 38
25 39
25 40
25 40
25 41
25 42
25 43
25 44
25 45
25 46
25 47
25 48
25 49
25 49
25 50
25 51
25 52
25 53
25 54
25 55
25 56
25 57
25 58
25 59
25 59
25 60
25 61
25 62
25 63
26 64
26 65
26 66
26 67
26 68
26 69
26 69
26 70
26 71
26 72
26 73
26 74
27 75
27 76
27 77
27 78
27 79
27 80
27 80
27 81
27 82
27 83
27 84
28 85
28 86
28 87
28 88
28 89
28 90
28 90
28 91
28 92
29 93
29 94
29 95
29 96
29 96
29 97
30 98
30 99
30 100
30 100
31 100
31 100
31 99
31 99
31 98
31 97
31 96
31 95
31 94
31 93
32 92
32 91
32 90
32 89
32 88
32 87
32 86
32 85
32 84
32 83
32 82
32 81
33 80
33 79
33 78
33 77
33 76
33 75
33 74
33 73
33 72
33 71
33 70
33 69
34 68
34 67
34 66
34 65
34 64
34 63
34 62
34 61
34 60
34 59
34 58
34 57
35 56
35 55
35 54
35 53
35 52
35 51
35 50
35 49
35 48
35 47
35 46
35 45
36 44
36 43
36 42
36 41
36 40
36 39
36 38
36 37
36 36
36 35
36 34
36 33
37 32
37 31
37 30
37 29
37 28
37 27
37 26
37 25
37 24
37 23
37 22
37 21
38 20
38 19
38 18
38 17
38 16
38 15
38 14
38 13
38 12
38 11
38 10
38 9
39 8
39 7
39 6
39 5
39 4
39 3
39 2
39 2
40 1
41 1
42 0
42 0
41 1
41 1
40 1
40 1
40 2
40 2
40 3
40 3
40 4
39 5
39 6
39 6
39 7
39 8
38 9
38 10
38 11
38 11
38 12
37 13
37 14
37 15
37 16
36 17
36 18
36 18
36 19
36 20
35 21
35 22
35 23
35 24
34 25
34 26
34 27
34 27
34 28
34 29
33 30
33 31
33 32
33 33
32 34
32 35
32 36
32 36
32 37
32 38
31 39
31 40
31 41
31 42
31 42
31 43
31 44
31 45
31 45
32 44
32 44
33 43
33 42
34 41
34 41
35 40
36 39
36 38
37 37
37 37
38 36
38 35
39 34
39 33
40 32
40 32
41 31
42 30
42 29
43 28
44 27
44 27
45 26
45 25
46 24
46 23
46 23
47 22
48 21
49 20
49 20
50 19
51 19
51 19
52 19
52 19
52 20
52 20
51 21
51 22
50 23
50 23
49 24
49 25
48 26
48 27
48 27
48 28
47 29
47 30
47 31
46 32
46 33
46 33
45 34
45 35
44 36
43 37
43 38
42 39
42 39
42 40
41 41
41 42
40 43
40 44
40 44
39 45
39 46
38 47
38 47
38 48
38 48
38 48
39 47
39 47
40 46
40 45
40 45
40 44
41 43
41 42
41 42
42 41
42 40
43 39
43 38
43 38
44 37
44 36
45 35
45 35
46 34
47 34
48 33
48 33
49 32
49 31
49 31
50 31
51 31
51 31
51 31
51 32
51 32
51 33
50 34
50 35
50 35
49 36
49 37
48 38
48 39
48 39
48 40
47 41
47 42
46 43
46 44
46 44
45 45
44 46
44 47
43 48
43 48
42 49
42 50
41 51
41 52
41 52
41 53
40 54
40 55
40 55
39 56
39 56
39 56
40 55
40 55
40 54
41 53
41 52
41 51
41 51
42 50
42 49
43 48
43 47
43 47
44 46
44 45
45 44
45 43
46 42
46 42
47 41
48 40
48 39
49 38
49 38
50 37
51 36
52 35
52 35
53 34
54 33
54 33
55 33
55 33
55 34
55 35
55 35
54 36
54 37
54 37
53 38
53 39
52 40
52 41
52 41
51 42
51 43
50 44
50 45
49 46
49 46
48 47
48 48
47 49
47 50
46 51
46 51
45 52
45 53
44 54
43 55
43 56
42 57
42 57
41 58
41 59
40 60
40 61
39 62
39 63
38 64
38 64
37 65
37 66
36 67
36 68
36 68
35 69
34 70
34 71
33 72
33 72
33 72
33 71
33 71
33 70
34 69
34 68
34 68
35 67
35 66
36 65
36 64
37 63
37 63
38 62
38 61
39 60
40 59
40 58
41 57
41 57
42 56
42 55
43 54
44 53
44 52
45 51
45 50
46 49
46 49
47 48
48 47
49 46
49 45
50 44
51 43
52 42
52 42
53 41
54 40
55 39
56 39
57 38
58 37
59 36
59 36
60 35
61 34
62 33
63 32
64 32
65 31
66 30
67 29
67 29
68 28
69 28
70 27
71 27
72 26
73 26
74 25
75 25
75 25
76 25
77 24
78 24
79 23
80 23
81 22
82 22
82 22
83 22
84 21
85 21
86 21
87 21
88 20
89 20
89 20
90 20
91 21
92 21
93 22
94 22
94 22
95 23
96 24
97 25
98 26
98 26
98 27
99 28
99 29
99 30
99 31
100 32
100 33
100 33
100 34
100 35
100 36
100 37
99 38
99 39
99 40
99 41
99 42
99 42
99 43
98 44
98 45
98 46
97 47
97 48
97 49
97 50
96 51
96 52
96 52
96 53
95 54
95 55
95 56
94 57
94 58
94 59
93 60
93 61
93 62
92 63
92 64
92 64
91 65
91 66
90 67
90 68
89 69
89 70
88 71
88 72
87 73
87 74
86 75
86 75
85 76
85 77
84 78
83 79
83 80
82 81
81 82
81 83
80 84
80 84
79 85
78 86
77 87
77 88
76 89
75 90
75 90
74 90
73 91
72 91
72 91
71 90
71 89
70 88
70 87
70 87
70 86
69 85
69 84
68 83
68 82
68 82
68 81
67 80
67 79
66 78
66 77
65 76
65 75
65 75
65 74
65 73
64 72
64 71
64 70
64 69
63 68
63 67
63 66
63 66
63 65
62 64
62 63
62 62
61 61
61 60
61 59
60 58
60 57
60 57
60 56
60 55
60 54
59 53
59 52
59 51
59 50
59 49
59 49
58 48
58 47
58 47
58 48
58 48
58 49
58 49
58 50
58 51
57 52
57 53
57 54
57 54
57 55
57 56
57 57
57 58
57 59
57 60
57 60
57 61
56 62
56 63
56 64
56 65
55 66
55 67
55 68
55 68
55 69
55 70
55 71
54 72
54 73
54 74
54 75
54 75
54 76
53 77
53 78
53 78
54 79
54 79
54 78
54 78
55 77
55 76
56 75
56 75
56 74
57 73
57 72
57 71
58 70
58 69
58 69
58 68
59 67
59 66
59 65
60 64
60 63
60 63
60 62
61 61
61 60
62 59
62 58
63 57
63 56
63 56
64 55
64 54
65 53
65 52
65 52
66 51
67 50
68 49
68 49
69 50
69 50
69 51
69 52
69 53
69 54
69 54
69 55
69 56
68 57
68 58
68 59
68 59
68 60
68 61
68 62
67 63
67 64
67 65
67 66
67 66
67 67
66 68
66 69
66 70
66 71
65 72
65 73
65 73
65 74
65 75
64 76
64 77
64 78
64 79
63 80
63 81
63 82
63 82
63 83
62 84
62 85
62 86
62 87
61 88
61 89
