14 22
13 22
12 23
11 23
10 23
9 24
8 24
8 24
7 24
7 24
6 24
6 24
5 24
5 24
5 24
6 24
6 24
7 24
8 23
9 23
9 23
10 22
11 22
12 21
12 21
13 20
14 19
15 18
16 17
16 17
17 16
18 16
19 15
20 15
21 14
22 14
22 14
23 13
24 12
25 12
26 11
26 11
27 11
28 10
29 10
29 10
30 11
30 11
30 12
30 13
30 14
30 14
29 15
29 16
28 17
28 18
27 19
27 20
27 20
27 21
26 22
26 23
25 24
25 25
24 26
24 27
23 28
23 29
23 29
22 30
22 31
21 32
21 33
20 34
20 35
19 36
19 37
18 38
18 38
17 39
17 40
16 41
16 42
15 43
15 44
14 45
14 46
13 47
13 47
12 48
12 49
11 50
10 51
9 52
9 53
8 54
8 54
7 55
7 56
6 57
6 58
5 59
5 60
4 61
4 61
3 62
2 63
2 64
1 65
1 65
0 66
0 67
0 67
0 68
0 68
0 68
1 67
1 66
1 66
2 65
2 64
3 63
3 63
4 62
4 61
5 60
5 59
6 58
6 57
7 56
7 55
8 54
8 53
9 52
9 51
10 50
10 49
11 48
11 47
12 46
12 45
13 44
13 43
14 42
14 41
15 40
15 39
16 38
16 37
17 36
17 35
18 34
18 33
19 32
19 31
20 30
20 29
21 28
21 27
22 26
22 25
23 24
23 23
24 22
24 21
25 20
25 19
26 18
26 17
27 16
27 15
28 14
28 13
29 12
29 11
30 10
30 10
30 10
30 10
30 10
30 10
30 10
30 10
30 10
30 11
30 12
30 13
30 14
30 14
30 15
30 16
30 17
29 18
29 19
29 20
29 21
29 21
29 22
28 23
28 24
28 25
28 26
27 27
27 28
27 29
27 29
27 30
27 31
26 32
26 33
26 34
26 35
25 36
25 37
25 38
25 38
25 39
25 40
25 41
25 42
25 43
24 44
24 45
24 46
24 47
24 48
24 49
24 49
24 50
24 51
23 52
23 53
23 54
23 55
23 56
22 57
22 58
22 59
22 59
22 60
22 61
22 62
22 63
21 64
21 65
21 66
21 67
21 68
21 68
21 69
21 70
21 71
20 72
20 73
20 74
20 75
20 76
20 76
20 77
20 78
20 79
20 80
20 81
20 81
20 82
21 83
21 84
21 84
21 85
21 85
21 85
22 84
22 84
22 83
22 82
23 81
23 80
23 79
23 78
24 77
24 76
24 75
24 74
25 73
25 72
25 71
25 70
25 69
26 68
26 67
26 66
26 65
27 64
27 63
27 62
27 61
27 60
28 59
28 58
28 57
28 56
29 55
29 54
29 53
29 52
30 51
30 50
30 49
30 48
30 47
31 46
31 45
31 44
31 43
32 42
32 41
32 40
32 39
32 38
33 37
33 36
33 35
33 34
34 33
34 32
34 31
34 30
35 29
35 28
35 27
35 26
35 25
36 24
36 23
36 22
36 21
37 20
37 19
37 18
37 18
38 17
39 16
39 15
40 14
41 13
42 12
42 11
43 10
44 9
45 8
45 7
46 6
47 5
47 5
48 4
49 3
50 2
50 2
51 1
52 0
52 0
52 1
52 1
51 2
51 3
51 3
51 4
50 5
50 6
50 6
49 7
49 8
48 9
48 10
47 11
47 11
46 12
46 13
45 14
45 15
44 16
44 17
44 17
43 18
42 19
41 20
41 21
40 22
39 23
39 23
38 24
38 25
37 26
37 27
36 28
36 28
36 29
35 30
35 31
35 31
35 32
35 33
35 33
36 33
37 33
37 33
38 32
39 31
39 31
40 30
41 30
42 29
43 29
43 29
44 28
45 28
46 27
47 27
47 27
48 26
49 26
50 25
50 25
51 24
52 24
52 24
53 24
53 24
54 24
54 24
53 25
53 25
52 26
52 27
52 27
51 28
50 29
50 29
49 30
49 31
48 32
48 32
47 33
46 33
45 34
45 34
44 35
43 36
42 37
42 37
41 38
41 39
40 40
40 40
39 41
38 41
37 42
37 42
36 43
36 44
36 44
36 44
37 43
38 43
38 43
39 42
40 42
41 41
41 41
42 40
43 39
44 39
45 38
45 38
46 37
47 37
48 36
49 36
50 35
50 35
51 34
52 34
53 33
54 33
54 33
55 33
56 32
57 32
57 32
58 32
59 32
59 32
59 33
59 33
58 34
58 34
57 35
57 36
56 37
56 37
55 38
54 38
53 39
53 39
52 40
51 41
51 41
50 42
49 42
48 43
48 43
47 43
46 44
45 44
45 44
44 45
44 45
44 45
45 45
45 45
45 45
46 44
47 44
47 44
48 44
48 44
49 44
49 44
50 44
50 44
51 44
51 44
51 44
50 44
50 44
49 45
49 46
49 46
48 47
47 47
46 48
46 48
45 49
44 50
43 51
43 51
42 52
41 53
40 54
40 54
39 55
38 56
38 56
38 57
38 58
38 58
38 58
39 59
39 59
40 58
41 58
41 58
42 58
43 57
44 57
44 57
45 56
46 56
47 55
48 55
48 55
49 55
50 54
51 54
52 53
53 53
53 53
54 52
55 52
56 51
57 51
58 50
59 50
59 50
60 50
61 49
62 49
63 49
64 49
65 48
66 48
66 48
67 48
68 48
69 48
70 47
71 47
72 47
73 47
73 47
74 47
75 47
76 46
77 46
78 46
79 46
79 46
80 46
81 46
82 46
83 46
84 46
85 46
85 46
86 46
87 47
88 47
89 48
90 48
90 48
91 48
92 49
93 49
94 49
94 49
95 50
96 51
97 52
97 52
98 53
99 54
99 54
99 55
100 56
100 57
100 58
100 58
100 59
99 60
99 61
98 62
98 63
98 63
98 64
97 65
97 66
96 67
96 68
96 68
95 69
94 70
94 71
93 72
92 73
92 73
91 74
90 75
89 76
89 77
88 78
87 79
87 79
86 80
85 81
84 82
83 83
83 83
82 84
81 85
80 85
79 86
79 86
78 87
77 87
76 88
75 88
75 88
74 87
74 86
73 85
72 84
71 83
71 82
70 81
69 80
68 79
68 78
67 77
66 76
65 75
65 74
64 73
63 72
62 71
62 70
61 69
60 68
59 67
59 66
58 65
57 64
56 63
56 62
55 61
55 61
56 61
57 61
57 61
56 60
55 60
55 60
54 59
54 59
55 59
55 59
56 58
57 58
57 58
58 57
58 57
58 57
58 58
58 58
57 59
57 60
57 60
56 61
56 62
55 63
55 63
55 64
54 65
54 66
54 66
53 67
53 68
52 69
52 70
52 70
51 71
51 72
51 72
51 72
52 71
53 70
53 70
54 69
55 68
55 68
56 67
57 66
58 65
58 65
59 64
60 63
61 62
61 62
62 62
63 61
64 61
65 61
65 61
66 61
67 61
67 61
68 62
68 62
69 63
69 63
68 64
68 65
68 65
68 66
67 67
67 68
67 68
66 69
66 70
66 70
65 71
65 72
65 72
64 73
64 73
64 74
64 74
64 73
64 73
64 72
64 72
65 71
65 70
65 70
66 69
67 68
67 68
68 67
68 67
69 67
69 67
69 67
70 68
70 69
70 69
70 70
70 71
70 72
70 72
70 73
69 74
69 75
69 76
69 76
68 77
68 78
67 79
67 80
67 80
66 81
65 82
65 83
64 84
64 84
63 85
63 86
62 87
62 88
61 89
61 89
60 90
59 91
58 92
57 93
57 93
56 94
55 95
55 96
54 97
54 97
53 97
52 98
51 98
50 99
49 99
49 99
48 99
47 100
46 100
45 100
45 100
44 100
43 100
42 100
41 100
