1 39
1 39
1 40
0 41
0 42
0 42
0 42
0 42
0 41
0 41
1 40
2 40
3 39
3 39
4 38
5 38
6 37
6 37
7 36
8 35
8 34
9 33
9 33
10 32
11 31
12 30
13 29
13 29
14 28
15 28
16 27
17 27
18 26
18 26
19 25
20 25
21 24
22 24
22 24
23 24
24 23
25 23
25 23
26 22
27 22
27 22
28 23
29 23
29 23
28 24
28 24
28 25
27 26
27 27
27 27
26 28
26 29
25 30
25 31
25 31
24 32
23 33
23 34
22 35
21 36
21 36
20 37
20 38
19 39
19 40
18 41
18 42
18 42
17 43
17 44
16 45
16 46
15 47
15 48
14 49
14 49
13 50
13 51
12 52
12 53
11 54
11 55
10 56
10 57
10 57
9 58
9 59
8 60
8 61
7 62
7 63
7 63
7 64
6 65
6 66
6 67
6 67
5 68
5 69
5 69
6 69
6 69
7 68
7 67
7 67
8 66
9 65
9 65
9 64
10 63
10 62
10 61
10 60
11 59
11 58
11 57
11 56
12 55
12 54
12 53
12 52
13 51
13 50
13 49
13 48
14 47
14 46
14 45
14 44
15 43
15 42
15 41
15 40
16 39
16 38
16 37
17 36
17 35
17 34
17 33
18 32
18 31
18 30
18 29
19 28
19 27
19 26
19 25
20 24
20 23
20 22
20 21
21 20
21 19
21 18
21 17
22 16
22 15
22 14
22 13
23 12
23 11
23 10
23 9
24 8
24 7
24 7
23 8
23 8
22 8
22 8
22 9
22 9
22 10
22 11
22 11
22 12
22 13
22 14
22 15
22 15
22 16
22 17
22 18
22 19
22 20
22 20
22 21
22 22
22 23
22 24
22 25
22 26
22 26
22 27
22 28
22 29
22 30
22 31
22 32
22 33
22 34
22 35
22 35
22 36
22 37
22 38
22 39
22 40
23 41
23 42
23 43
23 44
23 45
23 46
23 46
23 47
23 48
23 49
23 50
23 51
23 52
23 53
23 54
23 55
23 56
23 57
23 58
23 58
23 59
23 60
23 61
23 62
23 63
23 64
23 65
23 66
23 67
23 67
23 68
23 69
23 70
23 71
23 72
23 73
23 74
23 75
23 75
23 76
23 77
22 78
22 79
22 80
22 81
22 81
22 82
22 83
21 84
21 85
21 86
21 86
21 87
21 88
21 89
21 89
21 90
21 91
21 92
21 92
21 93
21 93
21 92
21 92
21 91
21 91
22 90
22 89
22 89
22 88
22 87
22 86
23 85
23 84
23 83
23 82
23 81
23 80
23 79
23 78
24 77
24 76
24 75
24 74
24 73
24 72
24 71
24 70
25 69
25 68
25 67
25 66
25 65
25 64
25 63
25 62
26 61
26 60
26 59
26 58
26 57
26 56
26 55
26 54
27 53
27 52
27 51
27 50
27 49
27 48
27 47
28 46
28 45
28 44
28 43
28 42
28 41
28 40
28 39
29 38
29 37
29 36
29 35
29 34
29 33
29 32
29 31
30 30
30 29
30 28
30 27
30 26
30 25
30 24
30 23
31 22
31 21
31 20
31 19
31 18
31 17
31 16
31 15
32 14
32 13
32 12
32 11
32 11
33 11
33 11
32 10
32 9
32 9
32 8
32 8
33 7
33 7
34 6
34 6
35 6
36 5
37 5
37 5
38 4
39 4
39 4
40 3
41 3
42 2
43 2
43 2
44 2
45 1
46 1
47 1
47 1
48 1
49 0
50 0
51 0
51 0
52 0
53 1
54 1
54 1
55 2
55 2
55 3
55 4
55 5
55 5
55 6
54 7
54 8
54 8
54 9
53 10
53 11
52 12
52 13
52 13
51 14
50 15
49 16
48 17
48 17
47 18
47 19
46 20
46 21
45 22
45 22
44 23
44 24
43 25
43 26
42 27
42 27
41 28
40 29
39 30
39 30
38 31
37 32
37 32
36 33
36 34
36 34
36 34
37 34
37 34
38 34
39 33
40 33
40 33
41 32
42 32
43 31
43 31
44 30
45 30
46 29
46 29
47 28
48 28
49 27
50 27
50 27
51 26
52 25
52 25
53 25
54 25
54 25
54 26
54 26
53 27
53 27
52 28
52 29
52 29
51 30
51 31
50 32
50 32
49 33
48 33
47 34
47 34
46 35
46 36
45 37
45 37
44 38
43 39
43 39
42 40
42 40
42 41
42 41
42 42
42 42
43 42
43 42
44 43
45 43
45 43
46 43
47 43
47 43
48 44
49 44
49 44
50 44
50 44
51 45
51 45
52 46
52 47
52 47
51 48
51 49
51 49
50 50
50 51
49 52
49 52
48 53
48 54
47 55
47 55
46 56
46 57
45 58
45 58
44 59
43 60
42 61
42 61
41 62
40 63
40 63
39 64
38 65
38 65
38 65
38 64
38 64
39 64
40 63
41 63
41 63
42 62
43 61
44 60
44 60
45 59
46 58
47 58
48 57
49 56
49 56
50 55
51 55
52 54
53 54
54 53
55 53
56 52
56 52
57 52
58 51
59 51
60 50
61 50
62 50
63 49
64 49
64 49
65 49
66 48
67 48
68 48
69 48
70 47
71 47
72 47
72 47
73 47
74 47
75 47
76 46
77 46
78 46
79 46
80 46
80 46
81 46
82 46
83 47
84 47
85 47
86 47
86 47
87 47
88 48
89 48
90 49
91 49
91 49
92 50
93 51
94 51
95 52
95 52
96 53
97 54
98 55
98 55
98 56
99 57
99 58
100 59
100 60
100 60
100 61
100 62
99 63
99 64
99 65
99 65
99 66
99 67
98 68
98 69
98 70
98 71
98 71
97 72
97 73
96 74
96 75
95 76
95 77
95 77
94 78
94 79
93 80
92 81
91 82
91 83
90 84
90 84
89 85
88 86
87 87
86 88
85 89
84 90
84 90
83 91
82 91
81 92
80 93
79 94
78 94
77 95
77 95
76 96
75 97
74 97
73 98
72 99
72 99
71 99
70 100
69 100
68 100
68 100
67 100
66 100
66 100
65 99
65 99
65 98
66 97
66 96
66 96
66 95
66 94
66 93
65 92
65 91
65 90
65 89
65 88
65 87
65 86
64 85
64 84
64 83
64 82
64 81
64 80
63 79
63 78
63 77
63 76
63 75
63 74
63 73
62 72
62 71
62 70
62 69
62 68
62 67
62 66
61 65
61 64
61 63
61 62
61 62
60 61
59 60
59 60
58 59
58 58
58 58
57 57
57 56
57 56
56 56
56 56
56 57
55 58
55 59
55 59
54 60
53 61
52 62
52 62
51 63
51 64
50 65
50 66
49 67
49 67
48 68
48 69
47 70
47 71
46 72
46 72
45 73
44 74
44 75
43 76
42 77
42 77
41 78
40 79
39 80
39 80
38 81
37 81
36 82
36 82
35 83
35 83
35 83
36 82
36 81
36 81
37 80
38 79
39 78
39 78
40 77
41 76
42 75
43 74
43 74
44 73
45 72
46 72
47 71
48 70
48 70
49 69
50 68
51 68
52 67
52 67
53 66
54 66
55 65
56 65
57 64
57 64
58 63
59 63
60 62
61 62
61 62
62 61
63 61
64 60
64 60
65 59
66 59
66 59
66 59
65 60
65 60
64 61
64 62
64 62
63 63
62 64
62 65
61 66
61 66
60 67
59 68
58 69
58 69
57 70
56 71
56 72
55 73
55 73
54 74
53 75
52 76
52 76
51 77
50 78
50 78
49 79
48 80
48 80
48 80
49 80
49 80
50 79
50 79
51 78
52 78
52 78
53 78
54 77
55 77
55 77
56 77
57 76
58 76
58 76
59 76
60 75
61 75
62 75
62 75
63 74
64 74
64 74
65 74
66 74
66 74
66 74
65 74
65 74
64 75
64 76
64 76
63 77
62 78
61 79
61 79
60 80
59 81
58 82
58 82
57 83
56 84
55 85
54 86
54 86
53 87
52 88
51 89
50 90
50 90
49 91
48 92
47 93
47 93
46 94
45 94
44 95
44 95
43 96
42 96
41 97
41 97
40 97
39 97
38 97
38 97
37 97
36 96
35 96
