8 28
8 28
8 28
8 28
7 28
6 28
6 28
5 29
5 29
5 30
5 30
4 31
4 31
3 32
2 32
2 32
2 33
1 34
1 35
1 35
1 36
1 37
1 38
1 38
0 39
0 40
0 40
0 41
0 41
1 41
1 41
2 40
3 40
3 40
4 39
5 38
5 38
6 37
7 36
8 35
9 34
9 34
10 33
11 32
12 31
12 31
13 30
14 30
15 29
15 29
16 28
17 27
18 26
18 26
19 26
20 25
21 25
21 25
22 24
23 24
23 24
24 25
24 25
24 26
24 27
24 27
24 28
24 29
24 29
24 30
23 31
23 32
23 33
23 33
23 34
22 35
22 36
21 37
21 38
21 38
21 39
20 40
20 41
20 42
19 43
19 44
19 44
19 45
18 46
18 47
18 48
17 49
17 50
17 50
17 51
16 52
16 53
15 54
15 55
15 55
15 56
14 57
14 58
14 59
14 59
13 60
13 61
13 61
14 62
14 62
15 62
15 62
15 61
15 60
16 59
16 58
16 57
16 56
16 55
17 54
17 53
17 52
17 51
17 50
18 49
18 48
18 47
18 46
18 45
19 44
19 43
19 42
19 41
19 40
20 39
20 38
20 37
20 36
20 35
21 34
21 33
21 32
21 31
21 30
22 29
22 28
22 27
22 26
22 25
23 24
23 23
23 22
23 21
23 20
24 19
24 18
24 17
24 16
24 15
25 14
25 13
25 12
25 11
25 10
26 9
26 8
26 7
26 7
25 6
25 5
25 5
24 4
23 3
23 3
22 2
22 2
22 2
21 3
21 3
21 4
21 4
20 5
20 6
20 6
20 7
20 8
20 9
20 10
20 10
20 11
20 12
20 13
20 14
20 15
20 16
20 17
20 18
20 19
20 20
20 20
20 21
20 22
20 23
20 24
20 25
19 26
19 27
19 28
19 29
19 30
19 31
19 32
19 32
19 33
19 34
19 35
19 36
19 37
19 38
19 39
19 40
20 41
20 42
20 43
20 44
20 45
20 46
20 47
20 48
20 49
20 49
20 50
20 51
20 52
20 53
20 54
20 55
20 56
20 57
21 58
21 59
21 60
21 61
21 62
21 63
21 64
21 65
21 66
21 66
21 67
21 68
21 69
22 70
22 71
22 72
22 73
22 74
22 75
22 76
22 77
23 78
23 79
23 80
23 81
23 82
23 82
23 83
24 84
24 85
24 86
24 87
25 88
25 89
25 90
25 90
25 91
26 92
26 93
27 94
27 95
27 95
28 96
28 97
28 97
29 98
30 99
30 99
31 100
32 100
32 100
33 100
33 100
33 100
33 99
33 99
33 98
33 97
33 96
33 96
33 95
33 94
33 93
33 92
33 91
32 90
32 89
32 88
32 87
32 86
32 85
32 84
32 83
32 82
32 81
32 80
31 79
31 78
31 77
31 76
31 75
31 74
31 73
31 72
31 71
31 70
30 69
30 68
30 67
30 66
30 65
30 64
30 63
30 62
30 61
30 60
30 59
29 58
29 57
29 56
29 55
29 54
29 53
29 52
29 51
29 50
29 49
29 48
28 47
28 46
28 45
28 44
28 43
28 42
28 41
28 40
28 39
28 38
27 37
27 36
27 35
27 34
27 33
27 32
27 31
27 30
27 29
27 28
27 27
26 26
26 25
26 24
26 23
26 22
26 21
26 21
26 22
25 23
25 24
25 24
24 24
24 24
24 24
24 25
24 25
24 26
24 27
24 27
24 27
25 27
25 27
26 26
26 26
27 25
27 24
27 24
28 23
28 22
29 21
29 20
29 20
30 19
31 18
31 17
32 16
32 16
33 15
33 14
34 13
34 12
35 11
35 11
36 10
37 9
37 8
38 7
39 6
39 6
40 5
40 4
41 3
41 3
42 2
43 1
43 1
44 0
44 0
45 1
45 1
45 2
45 3
45 4
45 4
45 5
45 6
44 7
44 8
44 9
44 9
44 10
43 11
43 12
43 13
42 14
42 15
42 15
42 16
41 17
41 18
41 19
41 20
40 21
40 22
40 22
40 23
39 24
39 25
39 26
39 27
38 28
38 29
38 29
37 30
36 31
36 32
35 33
35 33
34 34
34 35
33 36
33 36
32 37
32 38
31 39
31 39
31 40
31 40
31 39
31 39
32 38
33 37
33 37
34 36
34 35
35 34
35 34
36 33
37 32
37 31
38 30
38 30
39 29
40 29
41 28
41 28
42 28
43 27
44 27
44 27
45 27
45 27
45 28
45 29
45 29
45 30
44 31
44 32
44 32
43 33
43 34
42 35
42 36
42 36
41 37
41 38
40 39
40 40
40 40
39 41
38 42
38 42
37 43
37 44
37 44
37 44
38 43
38 43
39 42
40 41
40 41
41 40
42 39
43 38
43 38
44 37
44 36
45 35
45 35
46 34
47 33
47 33
48 33
49 33
49 33
50 34
50 34
50 35
50 36
50 36
49 37
49 38
49 38
49 39
49 40
49 41
49 41
48 42
47 43
47 43
47 44
46 45
46 46
46 46
45 47
44 47
44 47
44 48
44 48
44 48
44 47
44 47
44 46
44 46
45 45
45 44
45 44
46 44
47 43
48 43
49 42
50 42
50 42
50 43
50 44
50 44
49 45
49 45
48 46
47 46
47 46
46 47
46 47
46 47
46 47
46 47
46 47
46 47
46 47
46 48
46 48
45 49
45 49
45 50
45 50
45 50
44 51
44 51
44 51
45 51
45 51
45 50
45 50
45 50
45 49
45 49
45 49
45 48
45 48
46 47
46 46
46 46
47 45
48 44
48 44
49 43
50 42
50 41
51 40
52 39
52 39
53 38
54 37
55 36
56 36
57 35
58 34
58 34
59 33
60 33
61 32
62 31
63 30
64 30
65 29
65 29
66 29
67 28
68 28
69 27
70 27
71 27
72 26
73 26
73 26
74 26
75 26
76 26
77 25
78 25
79 25
80 25
80 25
81 26
82 26
83 27
84 27
85 28
86 28
86 28
87 29
88 30
88 31
89 32
90 33
90 33
91 34
91 35
92 36
92 37
93 38
93 39
94 40
94 40
94 41
95 42
95 43
96 44
96 45
97 46
97 47
97 47
97 48
98 49
98 50
98 51
98 52
99 53
99 54
99 54
99 55
99 56
100 57
100 58
100 59
100 59
100 60
99 61
99 62
99 63
99 63
98 64
98 65
97 66
97 67
96 68
96 68
95 69
94 70
93 71
92 72
91 73
90 74
90 74
89 75
88 75
87 76
86 77
85 77
84 78
83 78
82 79
82 79
81 80
80 80
79 81
78 81
77 82
76 82
75 83
74 83
74 83
73 83
72 84
71 84
70 85
69 85
68 85
67 86
66 86
66 86
65 86
64 86
63 85
62 85
61 85
61 85
60 84
59 83
58 82
58 82
58 81
58 80
58 79
58 78
59 77
59 76
59 75
59 74
59 73
59 72
59 71
59 70
60 69
60 68
60 67
60 66
60 65
60 64
60 63
60 62
61 61
61 60
61 59
61 58
61 57
61 56
61 55
61 54
62 53
62 52
62 51
62 50
62 49
62 48
62 47
62 46
63 45
63 44
63 43
63 42
63 41
63 41
62 41
61 41
60 41
59 41
58 41
58 41
58 41
58 41
59 42
59 42
60 41
60 41
61 41
61 41
62 41
62 41
63 41
63 41
63 41
63 41
62 41
62 41
62 42
62 42
61 43
61 43
60 44
60 44
59 45
59 45
58 46
58 47
58 47
57 48
56 49
56 50
55 51
55 51
54 52
54 53
53 54
53 55
53 55
52 56
52 57
51 58
51 59
50 60
50 61
50 61
49 62
49 63
48 64
48 65
48 65
48 66
47 67
47 68
47 68
47 69
47 69
47 69
48 68
49 68
49 68
50 67
51 66
52 65
52 65
53 64
54 63
54 62
55 61
55 61
56 60
57 59
58 58
59 57
59 57
60 56
61 55
62 54
62 54
63 53
64 52
65 51
65 51
66 51
67 50
68 50
68 50
69 50
69 50
69 51
69 51
69 52
68 53
68 54
68 54
68 55
67 56
67 57
66 58
66 59
66 59
66 60
65 61
65 62
64 63
64 64
64 64
63 65
62 66
62 67
61 68
61 68
60 69
59 70
59 70
58 71
58 71
58 71
58 70
58 69
58 69
59 68
59 67
60 66
60 66
61 65
61 64
62 63
62 62
62 62
63 61
64 60
65 59
65 59
66 58
67 58
67 58
68 57
69 57
69 57
70 58
70 58
70 59
70 60
70 60
70 61
69 62
69 63
69 63
68 64
68 65
68 65
67 66
67 67
67 67
67 68
67 68
67 68
67 67
67 67
68 66
68 66
69 65
69 65
70 64
71 63
71 63
72 62
73 61
73 61
74 60
74 60
75 61
76 61
76 61
76 62
76 63
76 63
75 64
75 65
74 66
74 66
73 67
73 68
72 69
72 70
72 70
71 71
70 72
70 73
69 74
68 75
68 75
67 76
66 77
65 78
64 79
64 79
63 80
62 81
62 82
61 83
60 84
