4 34
3 35
2 36
2 36
1 36
1 36
0 36
0 36
0 37
0 37
0 38
0 38
0 38
0 37
0 37
1 37
2 36
3 36
3 36
4 35
5 35
6 34
6 34
7 33
8 32
9 32
10 31
11 30
11 30
12 29
13 28
14 28
15 27
16 26
16 26
17 25
18 25
19 24
20 23
21 23
22 22
22 22
23 21
24 21
25 20
26 20
27 19
27 19
28 19
29 18
30 18
31 18
31 18
32 18
33 17
34 17
34 17
35 18
36 19
36 19
37 20
37 21
37 21
37 22
36 23
36 24
36 25
36 25
35 26
35 27
34 28
34 29
34 29
33 30
33 31
32 32
32 33
31 34
31 35
31 35
30 36
30 37
29 38
29 39
28 40
28 41
27 42
27 42
26 43
26 44
25 45
24 46
23 47
23 48
22 49
22 49
21 50
21 51
20 52
19 53
19 54
18 55
18 55
17 56
16 57
15 58
14 59
13 60
13 60
12 61
12 62
11 63
11 64
11 64
10 65
9 66
9 66
9 67
9 67
10 66
10 66
11 65
11 64
11 64
11 63
12 62
12 61
12 60
13 59
13 58
14 57
14 56
14 55
15 54
15 53
15 52
16 51
16 50
17 49
17 48
17 47
18 46
18 45
18 44
19 43
19 42
20 41
20 40
20 39
21 38
21 37
21 36
22 35
22 34
23 33
23 32
23 31
24 30
24 29
24 28
25 27
25 26
26 25
26 24
26 23
27 22
27 21
27 21
28 20
28 19
29 18
30 17
30 16
31 15
31 14
32 13
32 13
32 12
33 11
33 10
33 9
33 9
33 8
33 7
33 7
33 6
33 6
32 6
32 6
32 6
32 7
32 7
32 8
32 9
32 10
32 10
32 11
32 12
32 13
32 14
32 15
32 16
32 16
32 17
32 18
32 19
31 20
31 21
31 22
31 23
31 24
31 24
31 25
31 26
31 27
31 28
31 29
32 30
32 31
32 32
32 33
32 34
32 35
32 35
32 36
32 37
32 38
32 39
32 40
32 41
32 42
32 43
32 44
32 45
32 45
32 46
32 47
32 48
32 49
32 50
32 51
32 52
32 53
32 54
32 55
32 56
32 56
32 57
32 58
32 59
31 60
31 61
31 62
31 63
31 64
31 64
31 65
30 66
30 67
30 68
30 69
29 70
29 71
29 72
29 72
29 73
29 74
28 75
28 76
28 77
28 78
28 78
28 79
28 80
27 81
27 82
27 83
27 84
27 84
27 85
27 86
27 87
27 87
27 88
27 89
27 89
27 90
27 90
27 89
27 89
27 88
27 87
27 87
27 86
27 85
28 84
28 83
28 82
28 81
29 80
29 79
29 78
29 77
30 76
30 75
30 74
30 73
31 72
31 71
31 70
31 69
32 68
32 67
32 66
32 65
32 64
33 63
33 62
33 61
33 60
34 59
34 58
34 57
34 56
35 55
35 54
35 53
35 52
36 51
36 50
36 49
36 48
37 47
37 46
37 45
37 44
37 43
38 42
38 41
38 40
38 39
39 38
39 37
39 36
39 35
40 34
40 33
40 32
40 31
41 30
41 29
41 28
41 27
41 26
42 25
42 24
42 23
42 22
43 21
43 20
43 19
43 18
44 17
44 16
44 15
44 14
45 13
45 12
45 11
45 10
46 9
46 8
46 7
46 7
45 8
45 8
44 7
44 7
43 6
43 6
43 6
44 6
44 6
45 6
45 6
46 6
46 6
47 6
48 5
49 5
49 5
50 5
51 4
52 4
52 4
53 4
54 3
55 3
55 3
56 2
57 2
58 1
58 1
59 1
60 0
61 0
62 0
62 0
63 1
64 1
64 1
65 2
65 2
65 3
65 4
65 5
65 6
65 6
65 7
64 8
64 9
63 10
63 11
63 11
62 12
62 13
61 14
61 15
60 16
60 16
59 17
58 18
57 19
57 20
56 21
55 22
55 22
54 23
54 24
53 25
52 26
52 27
51 28
51 28
50 29
49 30
48 30
47 31
46 32
46 32
45 33
44 34
43 34
42 35
42 35
41 36
40 37
40 37
39 38
39 38
40 37
40 37
41 36
41 36
42 35
43 34
43 34
44 33
45 33
46 32
46 32
47 31
48 31
49 30
50 30
50 30
51 30
52 29
53 29
53 29
54 29
55 29
55 29
56 29
57 29
57 29
58 29
58 29
58 30
58 30
57 31
57 31
56 32
56 33
56 33
55 34
55 35
54 36
54 36
53 37
52 38
52 38
51 39
50 40
50 40
49 41
49 42
49 42
48 43
48 43
48 43
48 43
49 44
49 44
50 45
50 45
51 46
52 46
52 46
53 47
53 47
54 48
54 49
54 49
55 50
55 50
55 51
55 52
55 52
55 53
55 54
55 54
54 55
53 56
53 56
52 57
52 58
51 59
51 59
50 60
50 61
49 62
49 62
48 63
47 63
46 64
46 64
45 65
45 66
44 67
44 67
43 68
42 68
42 68
42 69
42 69
43 68
43 68
44 67
44 66
44 66
45 65
46 64
47 63
47 63
48 62
49 61
50 60
51 59
51 59
52 58
53 57
54 57
55 56
56 55
56 55
57 54
58 54
59 53
60 52
61 52
62 51
62 51
63 51
64 50
65 50
66 50
67 50
68 49
69 49
69 49
70 49
71 48
72 48
73 47
74 47
75 46
76 46
76 46
77 46
78 46
79 46
80 45
81 45
82 45
83 45
84 45
84 45
85 45
86 45
87 45
88 45
89 45
90 45
90 45
91 45
92 45
93 46
94 46
95 46
95 46
96 47
97 48
98 49
98 49
98 50
99 51
99 52
99 53
99 53
99 54
99 55
100 56
100 57
100 58
100 59
100 59
100 60
99 61
99 62
99 63
99 64
98 65
98 66
98 66
98 67
97 68
97 69
97 70
96 71
96 72
96 72
95 73
95 74
94 75
94 76
93 77
93 78
93 78
92 79
91 80
90 81
90 82
89 83
88 84
88 84
87 85
87 86
86 87
85 88
85 89
84 90
84 90
83 91
82 92
81 92
80 93
79 94
79 94
78 95
77 96
76 96
75 97
75 97
74 97
73 98
72 98
71 99
70 99
70 99
69 99
68 100
67 100
66 100
66 100
65 100
64 100
63 100
63 100
62 100
61 100
61 100
61 99
61 99
61 98
61 97
61 96
61 95
61 94
61 93
61 92
61 91
61 90
61 89
61 88
61 87
61 86
61 85
61 84
61 83
61 82
61 81
60 80
60 79
60 78
60 77
60 76
60 75
60 74
60 73
60 72
60 71
60 70
60 69
60 68
60 67
60 66
60 65
60 64
60 63
60 62
60 62
59 63
58 63
58 63
58 62
58 62
57 61
57 61
57 60
57 59
57 59
57 58
57 58
58 58
58 58
58 58
58 58
57 59
57 60
57 60
57 61
56 62
56 63
56 63
55 64
54 65
54 66
53 67
53 67
52 68
52 69
51 70
51 71
50 72
50 72
49 73
48 74
47 74
46 75
45 76
45 76
44 77
43 78
42 79
42 79
41 80
40 81
40 81
39 82
39 82
39 81
39 81
40 80
40 79
41 78
41 78
42 77
43 76
44 75
44 75
45 74
46 73
47 73
48 72
48 72
49 71
50 71
51 70
52 70
53 69
53 69
54 68
55 67
56 67
57 66
57 66
58 65
59 65
60 64
61 64
62 63
62 63
63 63
64 62
65 62
65 62
66 61
67 61
67 61
67 61
66 62
66 63
66 63
65 64
64 65
64 65
63 66
62 67
62 68
61 69
61 69
60 70
59 71
59 72
58 73
58 73
57 74
56 75
55 76
55 76
54 77
54 78
53 79
53 79
52 80
52 80
52 81
52 81
52 80
52 80
53 79
54 79
54 79
55 78
56 78
56 78
57 77
58 77
58 77
59 76
60 76
61 75
61 75
62 75
63 74
64 74
65 74
65 74
66 74
67 74
68 74
68 74
69 73
70 73
70 73
71 73
71 73
71 73
70 74
70 75
70 75
69 76
69 77
68 78
68 78
67 79
66 80
65 81
65 81
64 82
63 83
63 84
62 85
62 85
61 86
60 87
59 88
58 89
57 90
57 90
56 91
55 92
54 93
53 94
53 94
52 95
51 95
50 96
49 96
49 96
48 96
47 96
46 96
46 96
45 96
44 96
44 96
45 95
45 95
45 94
46 93
46 92
