4 47
3 48
2 48
1 49
0 49
0 49
0 49
0 49
0 49
0 49
0 48
0 48
0 48
1 47
1 46
1 46
2 45
2 44
2 44
3 43
3 42
3 42
4 41
4 40
4 40
4 39
5 38
5 37
5 37
6 36
7 35
7 35
7 34
8 33
8 32
8 32
9 31
9 30
10 29
10 29
11 28
12 27
12 27
13 26
14 25
14 25
15 24
16 24
16 24
17 23
17 23
18 22
18 22
19 22
19 22
20 22
21 22
21 22
22 22
22 22
23 23
23 23
24 23
24 23
25 24
25 24
25 25
25 26
25 26
26 27
26 28
26 28
26 29
26 30
26 31
26 32
26 32
26 33
26 34
26 35
26 36
26 36
26 37
26 38
25 39
25 40
25 41
25 41
25 42
25 43
25 44
25 45
25 46
25 47
25 47
25 48
25 49
25 50
25 51
25 52
25 53
25 53
25 54
25 55
25 56
25 57
25 58
25 58
25 59
25 60
25 61
25 62
25 63
25 63
25 64
24 65
24 66
24 67
24 67
24 68
24 69
24 70
24 70
24 71
24 72
24 72
23 73
23 74
23 74
22 75
22 76
22 76
22 77
22 77
21 78
21 78
21 79
21 79
20 79
20 79
20 79
19 78
19 78
19 77
19 76
19 76
19 75
18 74
18 73
18 73
18 72
17 71
17 70
17 69
17 69
17 68
17 67
17 66
17 65
17 65
17 64
16 63
16 62
16 61
16 61
16 60
16 59
16 58
16 57
16 56
16 56
16 55
16 54
15 53
15 52
15 51
15 50
15 50
15 49
15 48
15 47
15 46
15 45
15 44
15 43
15 43
15 42
15 41
15 40
15 39
15 38
15 37
15 37
15 36
15 35
15 34
15 33
15 32
15 31
15 31
15 30
15 29
15 28
15 27
15 26
15 25
15 24
15 23
15 22
15 21
15 20
15 19
15 18
15 17
15 16
15 15
15 14
15 13
15 12
15 11
15 10
15 9
15 8
15 7
15 6
15 6
15 5
16 4
16 3
16 2
16 2
16 1
16 1
16 1
16 0
16 0
16 0
16 0
17 1
17 1
17 2
17 2
18 3
18 3
18 4
19 5
19 6
19 7
19 7
19 8
19 9
20 10
20 11
20 12
20 12
20 13
20 14
21 15
21 16
21 17
21 18
21 18
21 19
22 20
22 21
22 22
23 23
23 24
23 24
23 25
23 26
24 27
24 28
24 29
24 30
24 30
24 31
25 32
25 33
25 34
26 35
26 36
26 36
26 37
27 38
27 39
28 40
28 41
28 41
28 42
29 43
29 44
29 45
30 46
30 47
30 47
30 48
31 49
31 50
31 51
32 52
32 53
32 53
32 54
33 55
33 56
34 57
34 58
34 58
34 59
35 60
35 61
35 62
36 63
36 64
36 64
36 65
37 66
37 67
38 68
38 69
39 70
39 71
39 71
39 72
39 73
39 74
40 75
40 76
40 77
40 78
40 78
40 79
41 80
41 81
42 82
42 83
42 83
42 84
43 85
43 86
43 86
44 87
44 88
44 88
44 89
45 90
45 91
45 92
45 92
46 93
46 94
47 95
47 95
48 96
48 97
48 97
48 98
48 98
49 99
49 99
49 100
49 100
49 99
49 98
49 97
49 96
48 95
48 94
48 93
48 92
48 91
48 90
48 89
48 88
48 87
47 86
47 85
47 84
47 83
47 82
47 81
47 80
47 79
47 78
46 77
46 76
46 75
46 74
46 73
46 72
46 71
46 70
46 69
45 68
45 67
45 66
45 65
45 64
45 63
45 62
45 61
45 60
44 59
44 58
44 57
44 56
44 55
44 54
44 53
44 52
44 51
43 50
43 49
43 48
43 47
43 46
43 45
43 44
43 43
43 42
42 41
42 40
42 39
42 38
42 37
42 36
42 35
42 34
42 33
41 32
41 31
41 30
41 29
41 28
41 27
41 26
41 25
41 24
40 23
40 22
40 21
40 20
40 19
40 18
40 17
40 16
40 15
39 14
39 13
39 12
39 11
39 10
39 9
39 8
39 7
39 6
38 5
38 4
38 3
38 2
38 1
38 1
38 1
38 1
38 1
38 1
38 1
38 1
38 1
38 1
38 1
38 2
38 3
38 4
38 4
38 5
38 6
38 7
38 7
38 8
37 9
37 10
37 10
37 11
37 12
37 13
37 13
37 14
37 15
37 16
37 16
37 17
37 18
37 19
37 20
37 20
37 21
36 22
36 23
36 23
36 24
36 25
36 26
36 26
36 27
36 28
36 28
37 29
37 29
37 30
37 31
37 31
37 32
37 32
37 33
37 33
37 33
37 33
37 33
37 33
37 32
37 32
38 31
38 31
38 30
38 29
38 29
39 28
39 27
39 27
39 26
40 25
40 24
40 24
41 23
41 22
41 22
42 21
42 20
42 20
43 19
43 18
43 18
44 17
45 16
45 16
46 15
46 15
47 14
48 13
48 13
49 12
50 12
50 12
51 12
51 12
52 12
52 12
53 12
53 12
53 12
53 12
53 13
53 13
53 14
53 14
53 15
53 16
53 16
52 17
52 18
52 18
51 19
51 20
51 20
50 21
50 22
50 22
50 23
50 24
50 24
49 25
48 26
48 26
47 27
47 28
47 28
46 29
46 30
46 30
45 31
45 32
45 32
44 33
44 34
44 34
44 35
44 35
44 35
43 36
43 36
43 36
43 36
43 36
43 35
43 35
44 35
44 35
44 34
44 33
44 33
45 32
45 31
45 31
46 30
46 29
47 28
47 28
48 27
48 26
48 26
49 25
50 24
50 24
51 23
51 22
52 21
52 21
53 20
53 19
53 19
54 18
55 18
55 18
56 17
56 17
57 17
57 17
57 16
57 16
58 16
58 16
58 16
58 17
58 17
59 17
59 17
59 18
59 18
59 18
59 19
59 19
58 20
58 20
58 21
58 21
57 22
57 23
57 23
57 24
57 24
56 25
56 26
56 26
55 27
55 28
55 28
55 29
55 30
55 30
54 31
54 32
54 32
53 33
53 34
53 34
53 35
53 36
53 36
52 37
52 38
52 38
51 39
51 40
51 40
51 41
51 42
51 42
50 43
50 44
50 44
49 45
49 46
49 46
49 47
49 48
49 48
48 49
48 49
48 50
48 50
48 51
48 51
48 51
47 52
47 52
47 52
47 52
47 52
47 52
47 52
47 51
47 51
47 50
47 50
47 49
47 49
47 48
48 47
48 46
48 46
48 45
49 44
49 43
49 43
49 42
49 41
49 41
49 40
50 39
50 38
50 38
51 37
51 37
51 36
51 35
51 35
52 34
52 34
52 33
52 33
53 32
53 31
53 31
54 30
54 30
54 29
54 29
55 28
55 28
56 27
56 27
56 27
56 26
56 26
57 26
57 26
58 25
58 25
59 24
59 24
60 23
60 23
61 22
61 22
62 21
62 20
62 20
63 19
63 19
64 18
64 17
64 17
65 16
66 16
66 16
67 15
67 15
68 14
69 14
69 14
70 13
71 13
71 13
72 12
72 12
73 11
74 11
74 11
75 10
76 10
76 10
77 10
77 10
78 10
79 10
79 10
80 9
81 9
81 9
82 9
82 9
83 9
84 9
85 9
85 9
86 9
87 9
87 9
88 9
88 9
89 9
90 9
90 9
91 10
91 10
92 11
92 11
93 12
93 12
94 13
94 14
94 14
95 15
95 15
96 16
96 17
96 17
97 18
97 19
97 19
98 20
98 21
98 21
99 22
99 23
99 23
100 24
100 25
100 25
100 26
100 27
100 28
100 28
100 29
100 30
100 31
100 32
100 32
100 33
99 34
99 35
99 36
99 36
99 37
98 38
98 39
98 40
98 40
98 41
97 42
97 43
97 44
97 44
97 45
96 46
96 47
96 48
96 48
96 49
95 50
95 51
95 51
94 52
94 53
93 54
93 55
93 55
92 56
92 57
91 58
91 59
91 59
90 60
90 61
89 62
89 63
89 63
88 64
88 65
87 66
87 66
86 67
86 68
85 69
85 70
85 70
84 71
84 72
83 73
83 73
82 74
82 75
81 76
81 76
80 77
79 78
78 79
78 79
77 80
77 81
76 82
76 82
75 83
74 84
74 84
73 85
73 86
72 87
72 87
71 88
70 88
70 88
69 88
68 88
68 88
67 88
66 88
66 88
65 87
65 86
65 86
64 85
64 84
64 84
63 83
63 82
62 81
62 81
62 80
61 79
61 78
61 78
61 77
61 76
61 75
61 74
61 73
61 72
61 71
61 70
61 69
61 68
61 67
61 66
61 65
61 64
61 63
61 62
61 61
61 60
61 59
61 58
61 57
61 56
61 55
61 54
61 53
61 52
61 51
61 50
61 49
61 48
61 47
61 46
61 45
61 45
61 44
62 43
62 42
63 41
63 40
63 40
64 39
64 38
64 38
65 37
65 36
65 36
66 35
66 35
67 34
67 33
67 33
68 32
68 32
69 32
69 32
69 32
70 33
70 34
70 34
70 35
70 36
70 36
70 37
69 38
69 39
69 39
69 40
69 41
69 42
69 42
69 43
69 44
69 45
69 45
69 46
68 47
68 48
68 48
68 49
67 50
67 51
67 51
67 52
66 53
66 54
66 54
66 55
65 56
65 57
65 57
64 58
64 59
63 60
63 60
63 61
63 62
63 62
62 63
62 63
62 63
62 62
62 62
62 61
62 61
63 60
63 59
63 59
63 58
64 57
64 56
64 56
64 55
65 54
65 53
65 53
66 52
66 51
66 51
67 50
68 49
68 49
69 48
69 47
69 47
70 47
71 47
71 47
72 46
73 46
73 46
74 46
74 46
75 47
76 47
76 47
76 48
76 48
76 49
76 50
76 51
76 51
76 52
76 53
76 54
76 55
76 55
76 56
76 57
75 58
75 59
75 60
75 60
75 61
74 62
74 63
73 64
73 65
73 65
73 66
72 67
72 68
71 69
71 70
71 70
71 71
70 72
70 73
70 74
69 75
69 76
