4 38
3 39
2 40
2 40
1 39
0 39
0 39
0 38
0 37
0 37
1 36
1 36
2 35
3 34
4 33
4 33
5 32
6 31
7 31
8 30
8 30
9 29
10 28
11 28
12 27
12 27
13 27
14 26
15 26
16 25
17 25
17 25
18 25
19 24
20 24
21 23
22 23
22 23
23 23
24 22
25 22
26 22
26 22
27 22
28 21
29 21
30 21
30 21
31 21
32 20
33 20
33 20
34 20
35 20
36 20
36 20
37 20
37 20
38 21
38 21
38 22
37 23
37 24
37 25
37 25
37 26
37 27
36 28
36 29
36 30
36 30
36 31
35 32
35 33
34 34
34 35
33 36
33 37
33 37
33 38
32 39
32 40
32 41
31 42
31 43
31 44
30 45
30 46
30 46
29 47
29 48
28 49
28 50
27 51
27 52
26 53
26 54
26 54
25 55
25 56
24 57
23 58
23 59
22 60
22 61
21 62
21 62
21 63
20 64
20 65
19 66
19 67
18 68
18 69
18 69
17 70
16 71
15 72
15 72
14 73
13 73
13 73
14 72
14 72
14 71
15 70
15 69
15 68
15 68
15 67
16 66
16 65
17 64
17 63
17 63
17 62
17 61
18 60
18 59
18 58
18 57
18 57
18 56
19 55
19 54
20 53
20 52
20 52
20 51
20 50
20 49
20 48
20 47
20 46
20 45
20 45
20 44
20 43
20 42
21 41
21 40
21 39
21 38
21 38
21 37
21 36
21 35
22 34
22 33
22 32
22 31
22 30
22 30
22 29
22 28
22 27
22 26
23 25
23 24
23 23
23 22
23 21
23 21
23 20
23 19
23 18
23 17
23 16
23 15
23 14
23 13
23 13
23 12
23 11
24 10
24 9
24 8
24 8
24 7
23 6
23 5
23 4
23 4
23 3
23 3
22 4
22 4
21 5
21 6
21 6
21 7
20 8
20 9
20 10
20 10
20 11
20 12
19 13
19 14
19 15
19 16
19 16
19 17
19 18
19 19
19 20
19 21
19 22
19 23
19 23
19 24
19 25
19 26
19 27
18 28
18 29
18 30
18 31
18 32
18 32
18 33
18 34
18 35
18 36
18 37
19 38
19 39
19 40
19 41
19 42
19 43
19 43
19 44
19 45
19 46
19 47
19 48
19 49
20 50
20 51
20 52
20 53
20 54
20 55
20 56
20 57
20 57
20 58
20 59
20 60
20 61
20 62
20 63
20 64
21 65
21 66
21 67
21 68
21 69
21 70
21 71
21 72
21 72
21 73
22 74
22 75
22 76
22 77
23 78
23 79
23 80
23 81
24 82
24 83
24 83
24 84
25 85
25 86
25 87
26 88
26 89
26 90
27 91
27 92
27 92
28 93
28 94
29 95
29 96
29 96
30 97
31 97
31 97
32 97
32 97
33 96
33 95
33 95
33 94
33 93
34 92
34 91
34 90
34 90
34 89
34 88
34 87
34 86
34 85
34 84
34 83
34 82
34 81
35 80
35 79
35 78
35 77
35 76
35 75
35 74
35 73
35 72
35 71
35 70
35 69
35 68
35 67
35 66
35 65
35 64
35 63
35 62
36 61
36 60
36 59
36 58
36 57
36 56
36 55
36 54
36 53
36 52
36 51
36 50
36 49
36 48
36 47
36 46
36 45
36 44
36 43
36 42
37 41
37 40
37 39
37 38
37 37
37 36
37 35
37 34
37 33
37 32
37 31
37 30
37 29
37 28
37 27
37 26
37 25
37 24
37 23
38 22
38 21
38 20
38 19
38 18
38 17
38 16
38 15
38 14
38 13
38 13
38 12
39 11
39 10
39 9
40 8
40 7
41 6
41 5
41 4
42 3
42 2
42 2
42 1
42 1
42 0
42 0
42 1
42 1
41 2
41 3
41 3
40 4
40 5
40 5
40 6
39 7
39 8
39 9
39 9
39 10
38 11
38 12
38 13
38 13
38 14
37 15
37 16
37 17
36 18
36 19
36 19
36 20
36 21
36 22
35 23
35 24
35 25
35 26
35 26
35 27
34 28
34 29
34 30
34 31
33 32
33 33
33 33
33 34
33 35
33 36
33 37
33 38
33 39
33 39
33 40
33 41
33 42
33 43
33 44
33 44
34 45
34 46
34 46
35 46
36 46
37 46
37 46
38 45
39 45
40 44
40 44
41 43
42 42
43 42
44 41
44 41
45 40
45 39
46 38
46 37
47 36
47 36
48 35
49 34
50 33
51 32
51 32
52 31
53 30
53 29
54 28
54 28
55 27
56 26
56 26
57 25
57 24
57 24
57 24
56 25
56 26
56 26
56 27
55 28
55 29
55 29
55 30
55 31
54 32
54 33
54 34
54 34
54 35
53 36
53 37
52 38
52 39
52 39
52 40
51 41
51 42
50 43
50 44
50 44
50 45
49 46
49 47
48 48
48 49
48 49
48 50
47 51
47 52
47 52
46 53
46 53
46 53
47 52
48 51
48 51
49 50
49 49
50 48
50 48
51 47
51 46
52 45
52 44
53 43
53 43
54 42
54 41
55 40
55 39
56 38
56 38
57 37
57 36
58 35
58 35
59 34
59 33
60 32
60 32
61 31
61 30
61 30
61 30
61 31
61 31
60 32
60 33
59 34
59 34
59 35
59 36
58 37
58 38
58 39
58 39
58 40
57 41
57 42
56 43
56 44
56 44
55 45
55 46
54 47
54 48
53 49
53 50
53 50
53 51
52 52
52 53
51 54
51 55
50 56
50 57
50 57
50 58
49 59
49 60
48 61
48 62
47 63
47 64
47 64
46 65
46 66
45 67
45 68
44 69
44 70
44 70
44 71
43 72
43 73
42 74
42 75
42 75
42 76
41 77
41 78
41 78
42 78
42 78
43 77
43 77
44 76
45 75
45 74
46 73
46 73
47 72
48 71
48 70
49 69
50 68
50 68
51 67
51 66
52 65
52 64
53 63
53 62
54 61
54 61
55 60
56 59
57 58
57 57
58 56
59 55
59 55
60 54
61 53
62 52
63 52
64 51
65 50
65 50
66 49
67 48
68 47
69 46
70 45
70 45
71 44
72 43
73 43
74 42
74 42
75 42
76 41
77 41
78 41
78 41
79 41
80 42
81 42
82 42
82 42
83 43
84 43
85 44
86 44
86 44
87 45
88 46
89 47
89 47
90 48
91 49
92 50
93 51
93 51
94 52
94 53
95 54
95 55
96 56
96 56
96 57
97 58
97 59
98 60
98 61
98 61
98 62
99 63
99 64
100 65
100 66
100 66
100 67
100 68
100 69
100 70
100 71
100 72
100 72
100 73
99 74
99 75
99 76
99 76
99 77
98 78
98 79
97 80
97 81
97 81
96 82
96 83
95 84
94 85
94 86
93 87
93 87
92 88
91 89
91 90
90 91
89 92
89 92
88 93
87 94
86 95
85 96
85 96
84 97
83 97
82 98
81 98
80 99
80 99
79 99
78 100
77 100
76 100
76 100
75 100
74 100
73 100
73 100
72 99
71 99
70 98
69 98
69 98
68 97
67 96
66 95
66 95
65 94
64 93
63 92
62 91
62 91
62 90
62 89
62 88
62 87
62 86
62 85
62 84
62 83
62 82
62 81
62 80
62 79
62 78
62 77
62 76
62 75
62 74
62 73
62 72
63 71
63 70
63 69
63 68
63 67
63 66
63 65
63 64
63 63
63 62
63 61
63 60
63 59
63 58
63 57
63 56
63 55
63 54
63 53
63 52
63 51
63 51
64 50
65 50
66 49
67 49
67 49
67 48
67 48
67 48
67 49
67 49
67 50
67 51
67 51
67 52
66 53
66 54
66 54
66 55
66 56
65 57
65 58
65 59
65 59
65 60
64 61
64 62
64 63
64 63
64 64
63 65
63 66
62 67
62 68
62 68
62 69
62 70
62 71
62 71
62 72
62 73
62 73
63 73
63 73
64 72
64 72
65 71
66 70
67 69
67 69
68 68
69 67
69 67
70 66
71 65
71 64
72 63
72 63
73 62
74 61
74 61
75 60
75 59
75 59
76 58
76 58
76 58
76 59
76 60
76 60
76 61
75 62
75 63
75 63
75 64
75 65
75 66
75 67
75 67
75 68
74 69
74 70
74 71
74 71
74 72
73 73
73 74
73 75
73 75
72 76
72 77
71 78
71 78
71 79
70 80
70 81
70 82
70 82
70 83
69 84
69 85
