1 65
0 66
0 67
0 67
0 67
0 68
0 68
0 68
0 67
0 67
0 67
1 66
1 66
1 65
1 65
2 64
2 63
2 63
3 62
3 61
3 61
3 60
4 59
4 58
4 58
5 57
5 56
6 55
6 55
7 54
7 53
8 52
8 51
8 51
9 50
9 49
10 48
10 48
11 47
11 46
12 45
12 45
13 44
13 43
14 42
14 42
15 41
15 40
15 40
16 39
17 39
17 39
18 38
19 38
19 38
20 37
21 37
21 37
22 37
22 37
23 38
24 38
24 38
25 39
26 39
26 39
27 40
28 41
28 41
28 42
29 43
29 44
29 44
29 45
30 46
30 47
30 48
30 48
30 49
30 50
30 51
30 52
30 53
30 53
30 54
30 55
30 56
30 57
30 58
30 59
30 59
30 60
30 61
30 62
30 63
30 64
30 64
30 65
30 66
30 67
30 68
30 68
30 69
30 70
30 71
30 72
30 72
30 73
29 74
29 75
29 76
29 76
29 77
28 78
28 79
28 79
27 80
27 80
26 81
26 81
25 82
24 82
24 82
23 81
23 81
22 80
22 80
21 79
21 79
21 78
21 77
21 76
21 76
21 75
20 74
20 73
20 73
20 72
20 71
20 70
20 69
20 69
20 68
20 67
20 66
20 65
20 65
20 64
20 63
19 62
19 61
19 60
19 60
19 59
19 58
19 57
19 56
19 55
19 55
19 54
19 53
19 52
19 51
19 50
19 49
19 49
19 48
19 47
19 46
19 45
19 44
19 44
19 43
19 42
19 41
19 40
19 39
19 39
19 38
19 37
19 36
19 35
19 34
19 34
19 33
19 32
19 31
19 30
19 30
19 29
18 28
18 27
18 26
18 26
18 25
18 24
18 23
18 23
18 22
19 21
19 20
19 20
19 19
19 18
19 18
20 17
20 16
20 16
20 16
21 16
21 16
21 17
21 17
22 18
22 19
22 19
22 20
23 21
23 22
23 22
23 23
23 24
24 25
24 26
24 27
24 27
24 28
25 29
25 30
25 31
26 32
26 33
26 33
26 34
27 35
27 36
28 37
28 38
28 38
28 39
29 40
29 41
30 42
30 43
31 44
31 45
31 45
31 46
32 47
32 48
32 49
32 50
33 51
33 52
33 52
33 53
34 54
34 55
34 56
35 57
35 58
35 59
36 60
36 61
36 61
36 62
36 63
37 64
37 65
37 66
37 67
37 68
38 69
38 70
38 71
38 71
38 72
38 73
39 74
39 75
39 76
39 77
39 78
40 79
40 80
40 81
40 81
40 82
41 83
41 84
41 85
41 86
42 87
42 88
42 89
42 89
42 90
43 91
43 92
44 93
44 94
44 94
44 95
45 96
45 97
45 98
45 98
46 99
46 100
46 100
46 99
46 98
46 97
46 96
46 95
46 94
46 93
46 92
46 91
45 90
45 89
45 88
45 87
45 86
45 85
45 84
45 83
45 82
45 81
45 80
45 79
45 78
45 77
45 76
45 75
45 74
45 73
45 72
45 71
44 70
44 69
44 68
44 67
44 66
44 65
44 64
44 63
44 62
44 61
44 60
44 59
44 58
44 57
44 56
44 55
44 54
44 53
44 52
43 51
43 50
43 49
43 48
43 47
43 46
43 45
43 44
43 43
43 42
43 41
43 40
43 39
43 38
43 37
43 36
43 35
43 34
43 33
43 32
42 31
42 30
42 29
42 28
42 27
42 26
42 25
42 24
42 23
42 22
42 21
42 20
42 19
42 18
42 17
42 16
42 15
42 14
42 13
42 12
41 11
41 10
41 9
41 8
41 7
41 6
41 5
41 4
41 3
41 2
41 2
41 2
41 2
40 1
40 1
40 0
40 0
40 0
40 0
40 1
40 1
40 2
40 2
40 3
39 4
39 5
39 5
39 6
39 7
39 8
39 9
39 9
39 10
39 11
39 12
39 13
39 13
39 14
39 15
38 16
38 17
38 18
38 18
38 19
38 20
38 21
38 22
38 23
38 24
38 24
38 25
38 26
38 27
38 28
38 29
38 29
38 30
38 31
37 32
37 33
37 34
37 35
37 35
37 36
37 37
37 38
37 39
37 39
37 40
37 41
37 42
37 42
37 43
37 43
38 44
38 44
38 45
38 45
38 45
39 45
39 45
39 44
39 44
40 43
40 42
40 42
41 41
41 40
42 39
42 39
42 38
42 37
43 36
43 35
43 34
43 34
44 33
45 32
45 31
46 30
46 30
47 29
47 28
48 27
48 26
49 25
49 25
49 24
50 23
50 22
51 21
51 20
51 20
52 19
52 18
53 17
53 16
53 16
54 15
54 14
55 13
55 13
56 12
57 11
57 11
58 10
58 9
58 9
59 9
59 9
59 10
59 10
59 11
59 11
59 12
58 13
58 14
58 14
57 15
57 16
56 17
56 18
56 18
56 19
55 20
55 21
54 22
54 23
54 23
53 24
53 25
52 26
52 27
51 28
51 28
51 29
50 30
50 31
49 32
49 33
49 33
48 34
48 35
47 36
47 37
46 38
46 39
46 39
45 40
45 41
44 42
44 43
44 43
43 44
43 45
43 45
42 46
42 46
42 46
43 46
43 46
44 45
44 45
45 44
45 44
46 43
46 42
46 42
47 41
47 40
47 40
48 39
49 38
49 38
50 37
51 36
51 36
52 35
52 34
53 33
53 33
54 32
54 31
55 30
55 30
56 29
56 28
57 27
57 27
58 26
59 25
59 25
60 24
61 23
61 23
62 22
62 22
63 22
63 22
63 23
63 23
62 24
62 25
62 25
61 26
61 27
61 27
60 28
60 29
60 29
60 30
60 31
60 31
59 32
59 33
59 33
59 34
59 35
59 35
59 36
58 37
58 38
58 38
58 39
57 40
57 41
57 41
57 42
57 42
57 43
57 43
57 43
58 42
58 42
59 41
59 40
59 40
59 39
59 39
60 38
60 38
61 38
61 38
61 38
61 38
60 39
60 39
60 40
60 41
60 41
59 42
59 43
59 43
58 44
57 45
57 45
56 46
56 47
56 47
56 48
55 49
55 50
55 50
55 51
55 52
55 53
55 53
54 54
54 54
53 55
53 56
53 56
53 56
53 55
53 55
54 54
54 54
54 53
54 52
54 52
54 51
55 50
55 49
55 49
55 48
55 47
55 46
55 46
55 45
56 44
56 43
56 43
56 42
57 41
57 40
57 40
57 39
57 38
57 37
57 37
58 36
58 35
59 34
59 33
59 33
60 32
60 31
61 30
61 29
62 28
62 28
63 27
63 26
64 25
64 24
65 23
65 23
66 22
67 21
68 20
69 19
70 18
70 18
71 17
72 16
73 15
74 14
74 14
75 13
76 13
77 12
78 12
79 11
80 11
80 11
81 10
82 10
83 9
84 9
84 9
85 9
86 8
87 8
87 8
88 8
89 8
90 8
90 8
91 9
92 10
92 10
93 11
94 12
94 12
95 13
95 14
96 15
96 16
96 16
96 17
96 18
97 19
97 20
97 21
97 21
97 22
97 23
98 24
98 25
98 26
98 27
98 27
98 28
98 29
99 30
99 31
99 32
99 33
99 33
99 34
99 35
99 36
100 37
100 38
100 39
100 40
100 40
100 41
100 42
100 43
99 44
99 45
99 46
99 47
99 47
99 48
99 49
99 50
99 51
99 52
99 53
99 54
99 54
99 55
98 56
98 57
98 58
97 59
97 60
97 60
97 61
96 62
96 63
95 64
95 65
95 65
94 66
93 66
92 67
91 68
90 68
89 69
88 70
87 70
86 71
85 72
84 72
83 73
82 74
81 74
80 75
79 76
78 76
77 77
76 78
75 78
74 79
73 80
72 80
71 81
71 81
70 80
69 79
68 78
67 78
66 77
65 76
65 76
64 75
63 74
62 73
62 73
62 72
61 71
61 70
60 69
60 68
60 68
60 67
60 66
59 65
59 64
59 63
59 62
59 62
59 61
59 60
59 59
58 58
58 57
58 56
58 55
58 54
58 54
58 53
58 52
58 51
59 50
59 49
59 48
59 47
59 47
59 46
59 45
59 44
60 43
60 42
60 41
60 40
60 39
60 39
60 38
61 37
61 36
61 35
61 35
62 34
63 33
63 33
64 33
65 33
65 33
66 34
66 34
66 35
66 36
66 37
66 38
66 38
66 39
66 40
66 41
66 42
66 43
66 44
66 45
66 45
66 46
66 47
66 48
66 49
66 50
66 51
66 52
66 52
66 53
66 54
65 55
65 56
65 57
65 57
65 58
64 59
64 60
64 61
64 61
63 62
63 63
63 63
62 63
62 63
62 62
63 61
63 60
63 59
64 58
64 57
64 56
65 55
65 54
65 53
66 52
66 51
66 51
66 50
67 49
67 48
68 47
68 46
69 45
69 44
70 43
70 42
71 41
71 40
71 40
72 39
73 38
73 37
74 36
75 35
75 35
75 34
76 33
76 32
77 31
77 30
77 30
78 30
79 30
79 30
79 31
80 32
80 33
80 33
80 34
81 35
81 36
81 37
81 37
81 38
81 39
81 40
81 41
81 42
81 43
81 44
81 45
81 46
81 47
81 47
81 48
81 49
81 50
81 51
81 52
81 53
81 54
81 55
81 56
81 57
81 58
81 59
