18 27
17 27
16 28
15 28
14 29
13 29
12 29
11 30
10 30
10 30
9 30
8 31
7 31
7 31
6 32
5 32
4 33
4 33
3 34
2 34
1 35
1 35
0 36
0 37
0 37
0 38
0 38
1 38
1 38
2 37
3 36
3 36
4 36
5 35
6 35
7 34
8 34
8 34
9 33
10 33
11 32
12 32
13 31
13 31
14 30
15 30
16 29
17 29
18 28
19 28
19 28
20 27
21 27
22 26
23 26
24 25
24 25
25 25
26 24
27 24
28 24
28 24
29 24
30 24
30 24
31 25
31 25
30 26
30 27
29 28
29 28
28 29
28 30
27 31
27 32
26 33
26 33
26 34
25 35
25 36
24 37
24 38
23 39
23 40
23 40
22 41
21 42
20 43
20 44
19 45
18 46
18 46
17 47
17 48
16 49
15 50
14 51
14 52
13 53
13 53
12 54
12 55
11 56
10 57
9 58
9 59
8 60
8 60
7 61
7 62
6 63
6 64
5 65
5 65
4 66
3 67
2 68
2 68
2 68
3 68
4 68
4 68
5 67
5 66
6 65
6 65
7 64
8 63
8 62
9 61
10 60
10 60
11 59
11 58
12 57
12 56
13 55
13 55
14 54
14 53
15 52
16 51
16 50
17 49
17 49
18 48
18 47
19 46
20 45
20 44
21 43
21 43
21 42
22 41
22 40
23 39
23 38
23 38
23 37
24 36
24 35
24 34
25 33
25 32
25 32
25 31
26 30
26 29
27 28
27 27
27 27
27 26
28 25
28 24
28 24
28 23
29 22
29 21
29 21
29 21
29 21
29 21
29 21
29 21
29 22
29 22
29 23
29 23
29 24
28 25
28 26
28 27
28 27
28 28
28 29
28 30
28 31
28 31
28 32
28 33
27 34
27 35
27 36
27 36
27 37
26 38
26 39
26 40
25 41
25 42
25 42
25 43
25 44
25 45
24 46
24 47
24 48
24 49
24 49
24 50
23 51
23 52
23 53
23 54
22 55
22 56
22 57
22 57
22 58
22 59
22 60
21 61
21 62
21 63
21 64
21 64
21 65
21 66
20 67
20 68
20 69
20 70
20 70
20 71
20 72
20 73
20 74
20 75
20 75
20 76
20 77
20 78
20 78
21 79
21 80
21 80
22 81
22 81
23 80
23 80
23 79
23 79
24 78
24 77
24 77
24 76
24 75
24 74
25 73
25 72
25 71
25 70
25 69
25 68
25 67
26 66
26 65
26 64
26 63
26 62
26 61
26 60
27 59
27 58
27 57
27 56
27 55
27 54
27 53
28 52
28 51
28 50
28 49
28 48
28 47
28 46
29 45
29 44
29 43
29 42
29 41
29 40
29 39
30 38
30 37
30 36
30 35
30 34
30 33
30 32
31 31
31 30
31 29
31 28
31 28
31 27
32 26
32 25
33 24
33 23
34 22
34 21
35 20
35 19
36 18
36 17
37 16
37 15
38 14
38 13
39 12
39 11
39 11
40 10
40 9
41 8
42 7
42 6
43 5
43 5
44 4
45 3
46 3
47 2
47 2
48 2
49 1
50 1
50 1
51 0
52 0
52 0
53 1
53 1
53 2
53 3
53 3
52 4
52 5
52 5
52 6
51 7
51 8
50 9
50 10
49 11
49 12
49 12
48 13
48 14
47 15
46 16
45 17
45 18
44 19
44 19
43 20
42 21
41 22
41 23
40 24
39 25
38 26
38 26
37 27
36 28
35 29
35 30
34 31
33 32
33 32
32 33
32 34
31 35
31 36
30 37
30 37
29 38
29 39
28 40
28 40
28 41
28 41
29 40
30 40
31 39
32 39
32 39
33 38
34 37
35 37
36 36
36 36
37 35
38 35
39 34
40 34
41 33
41 33
42 32
43 32
44 31
45 31
46 30
47 30
47 30
48 29
49 28
50 28
51 27
51 27
52 26
53 26
54 25
54 25
55 25
56 25
56 25
56 26
56 26
55 27
54 28
54 28
53 29
52 30
51 31
51 31
50 32
49 33
49 34
48 35
48 35
47 36
46 37
45 38
44 39
44 39
43 40
42 41
41 41
40 42
40 42
39 43
38 43
37 44
37 44
36 45
36 46
36 46
36 46
37 45
38 45
38 45
39 44
40 43
41 42
41 42
42 41
43 41
44 40
45 40
45 40
46 39
47 38
48 38
49 37
50 36
50 36
51 36
52 35
53 35
54 34
55 34
55 34
56 34
57 33
58 33
58 33
59 32
60 32
60 32
61 32
61 32
60 33
59 33
59 33
58 34
57 35
57 35
56 36
55 37
54 38
54 38
53 39
52 39
51 40
50 40
50 40
49 41
48 42
47 43
47 43
46 44
45 44
44 45
43 45
42 46
42 46
41 47
40 48
40 49
39 50
39 50
38 51
37 52
36 53
35 54
35 54
34 55
33 56
32 57
31 58
31 58
30 59
29 60
28 61
28 61
27 62
27 62
28 62
28 62
29 62
29 62
30 61
31 60
32 60
33 59
33 59
34 58
35 58
36 57
37 57
38 56
38 56
39 55
40 54
41 54
42 53
43 52
43 52
44 51
45 51
46 50
47 49
48 48
49 48
50 47
50 47
51 46
52 46
53 45
54 45
55 44
56 44
56 44
57 44
58 43
59 43
60 42
61 42
61 42
62 42
63 41
64 41
65 41
65 41
66 40
67 40
67 40
67 40
66 41
66 42
66 42
65 43
64 44
63 45
63 45
62 46
61 46
60 47
59 47
58 48
58 48
57 49
56 50
55 51
54 51
53 52
52 53
52 53
51 54
50 55
49 56
48 57
47 58
47 58
46 59
45 59
44 60
43 61
42 61
41 62
41 62
40 63
39 64
38 64
37 65
37 65
36 66
36 67
36 67
36 67
37 67
38 66
39 66
39 66
40 66
41 65
42 65
43 65
44 64
45 64
45 64
46 63
47 63
48 62
49 62
50 61
51 61
51 61
52 61
53 60
54 60
55 59
56 59
57 59
58 58
59 58
59 58
60 58
61 58
62 57
63 57
64 57
65 57
66 56
67 56
68 56
68 56
69 56
70 56
71 56
72 56
73 55
74 55
75 55
76 55
77 55
77 55
78 55
79 55
80 55
81 55
82 55
83 55
84 55
84 55
85 55
86 56
87 56
88 56
89 56
90 57
91 57
92 57
92 57
93 58
94 59
95 59
96 60
96 60
97 61
98 62
99 63
99 63
99 64
100 65
100 66
100 67
100 67
99 68
99 69
98 70
98 71
97 72
97 72
96 73
96 74
95 75
95 76
94 77
94 78
94 78
93 79
92 80
91 81
90 82
89 83
88 84
88 84
87 85
86 86
85 87
84 88
83 89
83 89
82 90
81 91
80 92
79 93
78 94
77 95
77 95
76 96
75 97
74 98
73 99
73 99
72 99
71 100
70 100
69 100
69 100
68 100
67 100
66 100
66 100
65 99
64 98
64 98
64 97
64 96
63 95
63 94
63 93
63 92
63 91
62 90
62 89
62 88
62 87
61 86
61 85
61 84
61 83
61 82
60 81
60 80
60 79
60 79
60 78
60 77
60 76
60 75
60 74
60 73
60 72
60 71
60 70
60 69
60 68
60 67
60 66
60 65
60 65
59 64
59 63
59 63
58 63
58 63
57 63
57 63
56 64
55 65
55 65
54 66
53 67
52 68
52 68
51 69
50 70
50 71
49 72
49 72
48 73
47 74
46 75
46 75
45 76
45 77
45 77
46 77
46 77
47 77
47 77
48 77
49 77
50 77
50 77
51 76
52 76
53 75
53 75
54 74
55 73
56 73
57 72
57 72
58 72
59 71
60 71
61 70
62 70
62 70
63 69
64 69
65 68
66 68
66 68
67 68
68 68
69 68
69 68
69 69
69 69
68 70
67 71
67 71
66 72
66 73
65 74
65 75
64 76
64 76
63 77
62 78
62 79
61 80
60 81
60 81
59 82
58 83
57 84
57 85
56 86
55 87
55 87
54 88
53 89
53 90
52 91
51 92
51 92
50 93
49 94
48 95
47 96
47 96
46 97
45 98
44 98
43 99
42 100
42 100
41 100
40 100
39 100
39 100
38 100
37 100
