4 48
3 49
2 50
2 50
1 50
0 50
0 50
0 49
0 49
0 49
1 48
2 47
2 47
3 46
4 45
4 45
5 44
6 43
7 43
8 42
8 42
9 41
10 40
11 40
12 39
13 38
13 38
14 37
15 37
16 36
17 36
18 35
18 35
19 35
20 34
21 34
22 33
23 33
23 33
24 33
25 32
26 32
27 32
27 32
28 32
29 32
30 32
31 32
31 32
32 32
33 32
33 32
34 33
34 33
34 34
34 35
34 35
34 36
33 37
33 38
33 39
33 39
32 40
32 41
31 42
31 43
30 44
30 45
30 45
29 46
29 47
28 48
28 49
27 50
27 51
27 51
26 52
26 53
25 54
25 55
24 56
24 57
23 58
23 58
23 59
22 60
22 61
21 62
21 63
20 64
20 65
20 65
19 66
19 67
18 68
18 69
17 70
17 71
17 71
16 72
16 73
15 74
15 75
14 76
14 76
13 77
13 77
13 77
13 76
14 75
14 74
14 73
14 73
14 72
15 71
15 70
16 69
16 68
16 68
16 67
17 66
17 65
17 64
17 63
18 62
18 61
18 61
18 60
19 59
19 58
19 57
19 56
20 55
20 54
20 54
20 53
21 52
21 51
21 50
21 49
22 48
22 47
22 46
22 46
22 45
22 44
22 43
22 42
23 41
23 40
23 39
23 38
23 37
23 37
23 36
23 35
24 34
24 33
24 32
24 31
25 30
25 29
25 28
25 28
25 27
25 26
25 25
25 24
26 23
26 22
26 21
26 20
26 19
26 19
26 18
26 17
26 16
26 15
27 14
27 13
27 12
27 11
27 10
27 10
27 9
27 8
27 7
27 6
27 5
27 5
27 5
27 4
28 3
28 2
28 1
28 1
28 1
28 2
27 3
27 4
27 5
27 5
27 6
27 7
26 8
26 9
26 10
26 11
26 11
26 12
26 13
26 14
26 15
26 16
26 17
26 18
26 19
26 20
26 20
26 20
26 21
26 22
26 23
26 24
26 25
26 26
26 27
26 28
26 29
26 30
26 31
26 32
26 33
26 34
26 35
26 36
26 37
26 38
26 39
26 40
26 41
26 42
26 42
26 43
26 44
26 45
26 46
26 47
26 48
26 49
26 50
26 51
26 52
26 53
26 54
26 55
26 56
26 57
26 57
26 58
26 59
26 60
27 61
27 62
27 63
27 64
27 65
27 66
28 67
28 68
28 69
28 70
28 70
28 71
28 72
29 73
29 74
29 75
29 76
30 77
30 78
30 79
30 80
31 81
31 82
31 83
31 83
31 84
32 85
32 86
33 87
33 88
33 89
34 90
34 91
34 91
35 92
35 93
36 94
36 95
36 95
37 96
37 97
38 98
38 98
39 98
39 98
40 97
41 96
41 96
41 95
42 94
42 93
42 92
42 92
42 91
42 90
42 89
42 88
42 87
42 86
42 85
42 84
42 83
42 82
42 81
42 80
42 79
42 78
42 77
42 76
41 75
41 74
41 73
41 72
41 71
41 70
41 69
41 68
41 67
41 66
41 65
41 64
41 63
41 62
41 61
41 60
41 59
41 58
41 57
41 56
41 55
41 54
41 53
41 52
41 51
41 50
41 49
41 48
41 47
41 46
41 45
41 44
41 43
41 42
40 41
40 40
40 39
40 38
40 37
40 36
40 35
40 34
40 33
40 32
40 31
40 30
40 29
40 28
40 27
40 26
40 25
40 25
40 24
41 23
41 22
41 21
41 20
42 19
42 18
42 18
42 17
42 16
42 16
41 16
41 16
41 16
41 17
41 17
40 18
40 18
40 19
39 20
39 21
39 21
39 22
38 23
38 24
38 24
38 25
37 26
37 27
37 28
37 28
37 29
36 30
36 31
36 32
36 32
36 33
36 34
36 35
36 36
36 37
36 37
36 38
36 39
36 40
36 40
37 41
38 42
38 42
39 42
40 41
41 41
41 41
42 40
43 40
44 39
44 39
45 38
46 37
47 36
48 35
48 35
49 34
50 33
51 32
52 31
52 31
53 30
54 29
54 28
55 27
55 27
56 26
56 25
57 24
57 24
58 23
58 22
59 21
59 21
60 21
60 21
59 22
59 22
59 23
59 24
59 24
59 25
58 26
58 27
57 28
57 29
57 29
57 30
56 31
56 32
55 33
55 34
55 34
55 35
54 36
54 37
54 38
53 39
53 40
53 40
52 41
52 42
51 43
51 44
50 45
50 46
50 46
49 47
49 48
48 49
48 49
48 50
48 50
48 50
49 49
49 48
50 47
50 47
51 46
51 45
52 44
52 44
52 43
53 42
53 41
54 40
54 39
54 39
55 38
55 37
56 36
56 35
56 35
57 34
58 33
59 32
59 32
59 31
60 30
60 29
60 29
61 28
61 28
62 29
62 29
62 30
62 30
62 31
61 32
61 33
61 34
61 34
61 35
60 36
60 37
60 38
60 38
60 39
59 40
59 41
59 42
59 42
58 43
58 44
57 45
57 46
57 46
56 47
56 48
55 49
55 49
54 50
54 51
53 52
53 53
53 53
52 54
51 54
51 54
50 55
50 55
50 55
51 55
51 55
52 54
52 54
53 53
53 53
54 52
55 51
55 51
56 50
57 50
57 50
58 49
58 48
58 48
58 48
58 48
58 49
58 49
57 50
57 51
57 51
56 52
56 53
56 53
55 54
55 54
54 55
54 55
54 55
55 54
55 54
56 53
57 53
57 53
58 52
59 51
60 50
60 50
61 49
62 48
63 47
64 46
64 46
65 45
66 44
67 43
68 42
68 42
69 41
70 41
71 40
72 40
73 39
73 39
74 38
75 38
76 37
77 37
77 37
78 37
79 37
80 36
81 36
82 36
82 36
83 36
84 37
85 37
86 37
86 37
87 38
88 38
89 39
90 39
90 39
91 40
91 41
92 42
92 43
93 44
93 44
94 45
94 46
95 47
95 48
96 49
96 50
96 50
96 51
97 52
97 53
98 54
98 55
99 56
99 57
99 57
99 58
99 59
99 60
100 61
100 62
100 63
100 64
100 64
100 65
100 66
100 67
99 68
99 69
99 70
99 71
99 71
99 72
98 73
98 74
98 75
97 76
97 77
97 77
96 78
96 79
95 80
95 81
94 82
94 83
94 83
93 84
93 85
92 86
92 87
91 88
91 89
91 89
90 90
90 91
89 92
88 93
88 94
87 95
87 95
86 96
85 97
84 97
83 98
82 99
82 99
81 99
80 100
79 100
79 100
78 100
77 100
77 100
76 99
75 99
75 99
74 98
74 97
73 96
73 96
72 95
72 94
71 93
71 92
71 92
71 91
71 90
71 89
71 88
71 87
71 86
71 85
71 84
70 83
70 82
70 81
70 80
70 79
70 78
70 77
70 76
70 75
70 74
70 73
70 72
70 71
70 70
70 69
70 68
69 67
69 66
69 65
69 64
69 63
69 62
69 61
69 60
69 59
69 58
69 57
69 56
69 55
69 54
69 53
69 52
68 51
68 50
68 49
68 48
68 47
68 46
68 45
68 44
68 43
68 43
69 42
70 42
70 42
69 42
69 42
68 43
67 43
67 43
66 44
66 44
65 45
64 46
64 46
63 47
63 48
62 49
62 49
62 50
62 51
61 52
61 53
61 54
61 54
61 55
60 56
60 57
60 58
59 59
59 60
59 60
59 61
59 62
58 63
58 64
58 65
58 66
58 66
58 67
57 68
57 69
57 70
57 70
57 71
57 72
57 73
57 73
58 74
58 74
59 73
59 72
59 72
60 71
61 71
62 70
62 70
63 69
63 68
64 67
64 66
65 65
65 65
66 64
66 63
67 62
67 61
68 60
68 60
69 59
70 58
70 57
71 56
72 55
72 55
73 54
73 53
74 52
74 51
74 51
75 50
76 49
76 49
77 49
78 49
78 49
79 50
79 51
79 51
79 52
79 53
79 54
79 54
79 55
79 56
79 57
79 58
79 58
79 59
79 60
79 61
79 62
79 63
79 63
79 64
79 65
79 66
79 66
78 67
78 68
77 69
77 70
77 70
76 71
76 72
76 72
75 73
75 73
74 74
73 74
73 74
72 75
72 75
72 75
72 75
73 74
73 74
74 74
