0 29
0 29
0 29
0 29
0 29
0 29
0 29
1 29
2 29
2 29
3 29
4 28
5 28
6 28
6 28
7 28
8 27
9 27
10 26
11 26
11 26
12 25
13 25
14 24
15 24
16 23
16 23
17 22
18 22
19 21
20 21
21 20
22 20
22 20
23 20
24 19
25 19
26 19
26 19
27 19
28 19
29 19
30 19
30 19
31 19
32 19
32 19
32 20
31 21
31 22
31 22
31 23
30 24
30 25
30 26
30 26
29 27
29 28
28 29
28 30
27 31
27 31
26 32
25 33
24 34
23 35
22 36
22 36
21 37
20 38
19 39
19 40
18 41
17 42
17 42
16 43
16 44
15 45
14 46
14 47
13 48
13 48
12 49
11 50
10 51
10 52
9 53
8 54
8 54
7 55
6 56
6 57
5 58
5 58
4 59
4 60
3 61
3 61
3 61
3 61
4 60
4 60
5 59
5 58
6 57
6 57
7 56
8 55
8 54
9 53
9 53
9 52
10 51
10 50
11 49
11 48
12 47
12 46
13 45
13 44
14 43
14 42
15 41
15 40
15 39
16 38
16 37
17 36
17 35
18 34
18 33
19 32
19 31
20 30
20 29
21 28
21 27
21 27
21 26
22 25
22 24
23 23
23 22
23 21
24 20
24 19
25 18
25 17
25 17
26 16
26 15
26 15
26 14
26 14
26 14
26 14
27 14
27 14
27 15
27 15
27 16
27 17
27 17
27 18
27 19
27 19
27 20
27 21
26 22
26 23
26 24
26 24
26 25
26 26
25 27
25 28
25 29
25 30
25 30
25 31
24 32
24 33
24 34
23 35
23 36
23 36
23 37
22 38
22 39
22 40
22 41
21 42
21 43
21 43
21 44
20 45
20 46
20 47
20 48
19 49
19 50
19 50
19 51
19 52
19 53
18 54
18 55
18 56
18 57
18 57
18 58
18 59
17 60
17 61
17 62
17 62
17 63
17 64
17 65
17 66
17 66
17 67
17 68
17 69
17 69
17 70
17 70
18 70
18 70
18 69
18 69
18 68
18 67
18 66
18 66
18 65
19 64
19 63
19 62
19 62
19 61
19 60
20 59
20 58
20 57
20 56
20 55
20 54
21 53
21 52
21 51
21 50
21 49
22 48
22 47
22 46
22 45
22 44
22 43
23 42
23 41
23 40
23 39
23 38
24 37
24 36
24 35
24 34
24 33
24 32
25 31
25 30
25 29
25 29
26 28
26 27
27 26
27 25
28 24
28 23
29 22
29 21
30 20
30 19
31 18
31 17
32 16
32 15
33 14
33 13
34 12
34 12
35 11
36 10
36 9
37 8
38 7
38 7
39 6
40 6
41 5
42 5
43 4
43 4
44 3
45 3
46 2
46 2
47 2
48 1
49 1
49 1
50 0
51 0
51 0
52 0
52 0
53 1
53 1
52 2
52 2
51 3
50 4
50 5
49 6
49 6
48 7
48 8
47 9
46 10
45 11
45 12
44 13
44 13
43 14
42 15
41 16
41 17
40 18
39 19
39 19
38 20
37 21
37 22
36 23
35 24
35 24
34 25
34 26
33 27
33 28
32 29
32 29
32 30
32 31
32 31
33 32
33 32
34 32
35 32
36 32
36 32
37 31
38 31
39 30
40 30
41 29
41 29
42 29
43 28
44 28
45 27
46 27
46 27
47 26
48 26
49 25
50 25
51 24
52 24
52 24
53 23
54 23
55 22
56 22
56 22
57 21
58 21
59 20
59 20
60 20
61 20
61 20
60 21
60 21
59 22
58 23
58 23
57 24
56 25
55 26
55 26
54 27
53 28
52 28
51 29
51 29
50 30
49 31
48 31
47 32
46 33
46 33
45 34
44 35
43 35
42 36
41 37
41 37
40 38
39 38
38 39
37 39
37 39
36 40
35 41
35 41
34 41
34 41
35 41
35 41
36 40
36 40
37 40
38 39
39 39
39 39
40 38
41 38
42 37
43 37
43 37
44 36
45 36
46 35
47 35
47 35
48 35
49 34
50 34
51 33
52 33
52 33
53 33
54 32
55 32
56 32
56 32
57 32
58 31
59 31
59 31
60 31
61 31
61 31
62 31
62 31
61 31
61 31
60 32
59 33
59 33
58 33
57 34
56 34
56 34
55 35
54 36
53 37
53 37
52 38
51 39
50 39
49 40
49 40
48 41
47 41
46 42
45 42
44 43
44 43
43 44
42 45
41 46
40 46
39 47
38 48
38 48
37 49
36 50
35 51
34 51
33 52
32 53
32 53
31 54
30 55
29 56
28 57
27 58
27 58
26 59
25 59
24 60
23 60
22 61
22 61
22 62
22 63
22 63
23 63
24 63
24 63
25 63
26 62
27 62
28 61
29 61
29 61
30 61
31 60
32 60
33 60
34 59
35 59
35 59
36 59
37 58
38 58
39 58
40 58
41 57
42 57
43 57
43 57
44 57
45 56
46 56
47 56
48 55
49 55
50 55
51 54
52 54
52 54
53 54
54 54
55 54
56 54
57 54
58 53
59 53
60 53
61 53
62 53
63 53
63 53
64 53
65 53
66 53
67 52
68 52
69 52
70 52
71 52
71 52
72 52
73 52
74 52
75 52
76 52
77 52
78 52
79 52
79 52
80 52
81 52
82 52
83 52
84 52
85 52
86 52
86 52
87 52
88 53
89 53
90 54
91 54
91 54
92 54
93 55
94 55
95 56
96 56
96 56
97 57
97 58
98 59
98 59
99 60
99 61
100 62
100 62
100 63
100 64
100 65
100 66
100 67
100 67
100 68
99 69
99 70
98 71
98 72
98 72
97 73
97 74
96 75
96 76
95 77
95 78
95 78
94 79
94 80
93 81
93 82
92 83
92 83
91 84
90 85
89 86
88 87
87 88
87 88
86 89
85 89
84 90
83 91
82 91
81 92
81 92
80 93
79 93
78 94
77 94
76 95
76 95
75 94
74 93
73 93
72 92
71 91
70 90
69 90
68 89
67 88
66 87
65 87
64 86
63 85
62 84
61 84
60 83
59 82
58 81
57 81
56 80
55 79
54 78
53 78
52 77
52 77
52 76
51 75
51 74
51 73
50 72
50 71
50 70
49 69
49 68
49 67
48 66
48 65
48 65
48 64
48 63
48 62
48 62
48 62
48 62
47 63
47 63
46 64
45 65
45 65
44 66
44 67
43 68
43 68
42 69
41 69
40 70
40 70
39 71
39 72
39 72
40 73
40 73
41 74
41 74
42 74
43 73
44 73
44 73
45 72
46 72
47 71
48 71
48 71
49 71
50 70
51 70
52 69
53 69
53 69
54 69
55 68
56 68
57 67
58 67
58 67
59 66
60 66
61 65
62 65
63 64
63 64
64 64
65 63
66 63
66 63
67 63
67 63
68 63
68 63
67 64
67 64
67 65
67 66
67 66
66 67
66 68
66 68
65 69
65 70
64 71
64 71
64 72
63 73
63 74
63 74
62 75
61 76
60 77
60 77
59 78
58 79
58 80
57 81
56 82
56 82
55 83
54 84
53 85
52 86
51 87
51 87
50 88
49 89
48 90
47 91
46 92
45 93
45 93
44 94
43 95
42 96
41 97
40 98
39 99
39 99
38 99
37 99
36 100
35 100
34 100
33 100
