2 17
1 18
1 18
1 17
1 17
0 17
0 17
0 17
0 17
0 17
0 17
0 17
0 17
0 17
1 16
1 16
2 15
2 14
2 14
3 13
3 12
3 12
4 11
5 10
5 10
6 9
7 8
7 8
8 7
9 7
9 7
10 6
11 6
11 6
12 7
12 7
13 8
13 8
14 9
14 10
14 10
14 11
15 12
15 13
15 14
15 14
15 15
15 16
15 17
15 18
15 19
15 20
15 21
15 21
15 22
15 23
15 24
15 25
15 26
15 27
15 28
15 29
15 29
15 30
15 31
15 32
15 33
15 34
15 35
15 36
15 37
15 38
15 39
15 39
15 40
15 41
15 42
15 43
15 44
15 45
15 46
15 47
15 47
15 48
15 49
15 50
15 51
15 52
15 53
15 54
15 55
15 55
15 56
15 57
15 58
15 59
15 60
15 61
15 61
15 62
15 63
15 64
15 65
15 66
15 66
15 67
14 68
14 69
14 69
14 70
14 71
14 71
14 71
14 70
14 70
15 69
15 68
15 68
15 67
16 66
16 65
16 64
16 64
16 63
16 62
17 61
17 60
17 59
17 59
17 58
17 57
17 56
18 55
18 54
18 53
18 52
18 51
18 50
18 49
19 48
19 47
19 46
19 45
19 44
19 43
20 42
20 41
20 40
20 39
20 38
20 37
20 36
21 35
21 34
21 33
21 32
21 31
21 30
21 29
22 28
22 27
22 26
22 25
22 24
22 23
23 22
23 21
23 20
23 19
23 18
23 17
23 16
24 15
24 14
24 13
24 12
24 12
24 11
25 10
25 9
25 8
26 7
26 6
26 5
26 4
27 3
27 2
27 2
28 1
28 0
28 0
28 1
28 1
28 2
28 3
28 3
28 4
28 5
28 6
28 7
28 7
28 8
28 9
28 10
28 11
28 11
28 12
28 13
29 14
29 15
29 16
29 17
29 17
29 18
29 19
29 20
29 21
29 22
29 23
29 23
29 24
29 25
29 26
28 27
28 28
28 29
28 30
28 31
28 31
28 32
28 33
28 34
28 35
28 36
28 37
28 38
28 39
28 39
28 40
28 41
28 42
28 43
28 44
28 45
28 46
28 47
28 48
28 48
28 49
28 50
28 51
28 52
28 53
28 54
28 55
28 56
28 56
28 57
28 58
28 59
28 60
28 61
28 62
28 63
28 63
28 64
28 65
28 66
28 67
28 68
28 69
28 69
28 70
28 71
28 71
28 72
28 72
29 72
29 72
30 71
30 71
30 70
31 69
31 68
31 68
31 67
32 66
32 65
32 64
32 64
32 63
32 62
32 61
32 60
32 59
32 59
32 58
32 57
33 56
33 55
33 54
33 54
33 53
33 52
33 51
33 50
33 49
33 48
33 48
33 47
33 46
33 45
33 44
33 43
33 42
33 42
33 41
33 40
32 39
32 38
32 37
32 36
32 36
32 35
32 34
31 33
31 32
31 31
31 31
31 30
30 29
30 28
30 28
29 27
28 26
28 26
27 26
26 26
25 26
25 26
24 27
23 28
23 28
22 29
22 30
21 31
21 31
20 32
19 33
19 34
18 35
18 35
17 36
16 37
16 38
15 39
15 39
14 40
14 41
13 42
13 43
13 43
12 44
12 45
11 46
11 47
11 47
11 48
10 49
10 50
10 50
10 51
9 52
9 53
9 53
9 54
9 55
9 56
9 56
9 57
9 58
9 59
9 59
10 60
10 61
11 62
11 63
11 63
12 64
12 65
13 66
13 67
13 67
14 68
14 69
15 70
15 71
15 71
16 72
17 72
18 73
19 73
19 73
20 73
21 74
22 74
23 74
23 74
24 74
25 73
26 73
27 73
27 73
28 72
29 71
30 71
31 70
31 70
32 69
33 68
34 67
35 66
35 66
36 65
37 65
38 64
39 64
40 63
40 63
41 62
42 61
43 61
44 60
44 60
45 59
46 59
47 58
47 58
48 57
49 56
49 55
50 54
50 54
51 53
51 52
52 51
52 51
53 50
53 49
54 48
54 48
55 47
55 46
56 45
56 45
56 44
57 43
57 42
57 41
57 41
57 40
58 39
58 38
58 38
58 37
57 36
57 35
57 35
57 34
57 33
57 32
57 31
57 31
56 30
55 29
55 29
54 29
53 29
53 29
52 30
51 31
51 31
50 32
49 33
49 34
48 35
48 35
48 36
47 37
47 38
46 39
46 40
46 40
45 41
45 42
44 43
44 44
44 44
44 45
44 46
43 47
43 48
43 49
43 49
43 50
43 51
43 52
43 53
43 53
43 54
43 55
43 56
43 56
43 57
43 58
43 59
43 59
44 60
44 61
44 61
45 62
46 62
46 62
47 61
48 61
48 61
49 60
49 59
50 58
50 58
51 57
51 56
52 55
52 54
52 54
53 53
53 52
54 51
54 50
54 50
54 49
54 48
55 47
55 46
55 45
55 45
55 44
56 43
56 42
56 42
56 41
57 40
57 39
57 39
57 38
57 37
57 36
57 36
57 35
57 35
57 35
57 36
57 37
57 38
57 38
57 39
57 40
57 41
57 42
57 42
57 43
57 44
57 45
57 46
57 47
57 48
57 49
57 49
57 50
57 51
57 52
57 53
57 54
57 54
57 55
57 56
58 57
58 58
58 59
58 59
58 60
59 61
59 62
59 63
59 63
60 64
60 64
61 63
62 63
62 63
63 62
64 61
64 61
65 60
65 59
66 58
66 57
66 57
67 56
67 55
68 54
68 53
68 53
68 52
69 51
69 50
69 49
69 49
69 48
70 47
70 46
70 46
70 45
70 44
70 43
70 43
70 42
70 42
70 42
70 43
70 43
70 44
70 45
70 45
70 46
70 47
70 48
70 48
71 49
71 50
71 50
71 51
71 52
71 52
71 53
71 53
71 54
71 54
72 53
72 53
72 53
72 52
72 51
72 51
72 50
73 49
73 48
73 48
73 47
73 46
73 45
73 45
73 44
74 43
74 42
74 42
74 41
74 40
74 39
74 39
75 38
75 38
75 37
75 37
75 38
75 38
75 39
75 39
75 40
75 41
75 41
75 42
75 43
75 44
75 44
75 45
76 46
76 47
76 47
77 48
77 49
77 49
78 49
78 49
79 49
79 49
80 48
81 47
81 47
82 46
82 45
82 45
82 44
83 43
83 42
83 42
84 41
84 40
84 40
85 39
85 38
85 38
85 37
85 37
85 37
84 37
84 37
84 37
84 38
84 39
84 39
84 40
84 41
84 42
84 42
84 43
84 44
84 45
84 45
84 46
84 47
84 48
84 49
84 49
84 50
84 51
84 52
84 53
84 53
84 54
84 55
84 56
84 57
84 58
84 58
84 59
84 60
84 61
84 62
84 63
84 63
84 64
84 65
84 66
84 67
84 68
84 68
84 69
84 70
84 71
84 72
84 73
84 73
84 74
84 75
84 76
84 77
84 77
84 78
84 79
84 80
84 80
84 81
83 82
83 83
83 83
83 84
83 85
83 86
83 86
82 87
82 88
81 89
81 89
81 90
80 91
80 92
80 92
79 93
78 94
78 94
77 95
76 96
76 96
75 97
74 97
73 98
73 98
72 98
71 99
70 99
70 99
69 99
68 100
67 100
67 100
66 100
65 100
64 100
64 100
63 100
62 100
61 100
60 100
60 100
59 100
58 100
57 100
56 100
56 100
55 100
54 99
53 99
52 99
52 99
51 99
50 99
49 98
48 98
47 98
47 98
46 98
45 98
44 98
43 98
43 98
42 98
41 98
40 97
39 97
38 97
38 97
37 97
36 97
35 96
34 96
33 96
33 96
32 96
31 96
30 96
29 96
29 96
28 96
27 95
26 95
25 95
25 95
24 94
23 94
23 94
22 93
21 92
21 92
21 91
20 90
20 89
20 89
20 88
19 87
19 86
19 85
19 85
19 84
20 83
20 82
20 82
20 81
20 80
21 79
21 78
21 77
21 77
22 76
22 75
23 74
23 73
23 73
24 72
24 71
25 70
25 69
26 68
26 68
27 67
28 66
28 65
29 64
29 64
30 63
31 62
32 62
33 61
33 61
34 60
35 60
36 59
37 59
37 59
38 59
39 59
40 59
41 59
41 59
42 59
43 59
44 60
45 60
46 60
46 60
47 61
48 61
49 62
50 62
50 62
51 63
52 63
53 64
54 64
55 65
55 65
56 66
57 67
58 67
59 68
59 68
60 69
61 69
62 70
63 70
64 71
64 71
65 71
66 72
67 72
68 73
69 73
69 73
70 73
71 74
72 74
73 74
73 74
74 74
75 74
76 75
77 75
78 75
78 75
79 76
80 76
81 77
82 77
82 77
83 77
84 78
85 78
86 78
86 78
87 78
88 79
89 79
89 79
90 80
91 80
92 81
92 81
93 81
94 81
94 81
95 82
96 82
96 82
97 82
98 82
98 82
99 82
99 82
100 82
100 82
99 82
99 82
99 81
99 81
98 80
98 80
97 80
97 80
96 79
96 79
95 79
