7 17
7 17
7 17
7 17
7 16
7 15
7 15
8 14
8 14
8 13
8 13
8 12
8 12
8 12
8 11
8 11
9 10
9 9
9 9
9 8
9 8
9 7
9 7
10 6
10 5
10 5
10 4
10 4
10 3
10 3
11 3
11 3
11 2
11 2
11 2
12 1
12 1
12 1
12 1
13 0
13 0
13 0
13 1
13 1
14 1
14 1
14 2
14 2
15 3
15 3
15 4
15 5
15 5
16 6
16 7
16 7
16 8
16 9
16 9
16 10
16 11
16 12
16 12
16 13
17 14
17 15
17 15
17 16
17 17
17 18
17 18
17 19
17 20
17 21
17 21
17 22
18 23
18 24
18 25
18 25
18 26
18 27
18 28
18 28
18 29
18 30
18 31
18 31
18 32
18 33
18 34
18 34
18 35
19 36
19 37
19 38
19 38
19 39
19 40
19 41
19 42
19 42
19 43
19 44
19 45
19 46
19 46
19 47
19 48
19 49
19 49
19 50
19 51
19 51
19 52
19 53
19 53
20 54
20 55
20 55
20 56
20 56
20 56
20 57
20 57
20 57
20 58
20 58
20 58
20 58
20 57
20 56
20 55
21 54
21 53
21 52
21 51
21 50
21 49
21 48
22 47
22 46
22 45
22 44
22 43
22 42
23 41
23 40
23 39
23 38
23 37
23 36
23 35
24 34
24 33
24 32
24 31
24 30
24 29
24 28
25 27
25 26
25 25
25 24
25 23
25 22
26 21
26 20
26 19
26 18
26 17
26 16
26 15
27 14
27 13
27 12
27 11
27 11
27 12
27 13
28 14
28 15
28 16
28 16
28 17
28 18
28 18
28 19
28 20
28 21
28 21
28 22
28 23
28 24
28 24
29 25
29 26
29 26
29 27
29 28
29 29
29 29
30 30
30 31
30 31
30 32
30 33
30 33
30 34
30 35
30 36
30 36
30 37
30 38
30 39
30 40
30 40
31 41
31 42
31 42
31 43
31 44
31 45
31 45
31 46
31 47
31 48
31 48
32 49
32 50
32 50
32 51
32 52
32 52
32 52
32 52
32 53
32 53
32 53
32 53
32 53
32 53
32 53
32 53
32 52
32 52
32 52
32 51
32 50
32 50
32 49
32 49
31 48
31 48
31 47
31 47
31 46
31 45
31 45
31 44
31 43
31 43
30 42
30 41
30 41
30 40
30 39
30 39
29 38
29 37
29 37
29 36
29 35
29 34
29 34
28 33
28 32
28 32
28 31
28 30
28 30
27 29
27 29
27 29
26 28
26 28
26 28
25 27
25 27
25 27
24 26
24 26
23 26
23 26
23 25
23 25
22 25
22 25
21 25
21 25
21 25
20 25
20 25
19 26
19 26
19 26
18 26
18 26
17 26
17 26
17 26
16 27
16 27
16 27
15 28
15 28
15 29
15 29
14 30
14 30
14 31
14 31
13 32
13 32
13 33
13 33
13 34
13 34
12 35
12 35
12 36
12 37
12 37
12 38
12 38
12 39
12 40
12 40
12 41
12 41
12 42
12 42
12 43
12 44
12 44
12 45
12 45
12 46
12 46
12 47
12 47
12 48
12 48
12 49
12 50
12 50
13 51
13 51
13 52
13 52
13 53
13 53
14 53
14 53
14 53
15 53
15 53
15 53
16 52
16 52
16 52
17 52
17 52
17 51
17 51
18 51
18 51
18 51
19 51
19 51
19 50
19 50
20 50
20 50
20 50
21 49
21 49
22 49
22 49
22 49
23 49
23 49
24 48
24 48
24 48
25 48
25 48
26 47
26 47
27 47
27 47
28 46
28 46
29 45
29 45
29 45
30 44
30 44
31 43
31 42
31 42
32 41
32 41
32 40
32 39
32 39
33 38
33 38
34 37
34 37
35 36
35 36
35 35
35 34
35 34
36 33
36 32
36 32
37 31
37 30
37 30
37 29
37 29
38 28
38 27
38 27
38 26
38 26
38 25
38 25
39 24
39 24
39 23
39 23
39 22
39 22
39 21
39 21
39 20
39 19
39 19
39 18
39 18
38 17
38 17
38 16
38 16
38 15
38 14
38 14
38 14
37 13
37 13
37 13
37 14
37 14
36 14
36 14
36 15
36 15
35 16
35 16
35 17
35 17
34 17
34 17
34 18
34 18
34 19
34 19
34 20
34 21
34 21
34 22
34 23
34 23
33 24
33 25
33 25
33 26
33 27
33 27
33 28
33 29
33 29
33 30
33 31
33 31
33 32
33 32
34 33
34 34
34 34
34 35
34 35
34 36
34 36
35 36
35 36
35 36
36 37
36 37
36 37
37 36
37 36
37 36
38 36
38 36
38 35
38 35
39 34
39 34
39 33
39 33
40 32
40 32
40 31
40 31
41 30
41 30
41 29
41 29
42 28
42 28
42 27
42 27
43 26
43 26
43 25
43 25
44 24
44 24
44 23
44 23
45 22
45 21
45 21
45 20
45 19
45 19
46 18
46 17
46 17
46 16
46 16
47 15
47 15
47 15
48 14
48 14
48 13
48 13
49 12
49 12
49 11
49 10
49 10
50 9
50 9
51 8
51 8
52 7
52 7
52 6
52 6
53 5
53 5
54 5
54 5
54 5
55 4
55 4
56 4
56 4
57 4
57 4
57 4
58 4
58 4
58 5
58 5
59 6
59 6
59 7
59 8
59 8
59 9
59 10
59 10
60 11
60 11
60 12
60 13
60 13
60 14
60 15
60 15
61 16
61 17
61 17
61 18
61 19
61 19
61 20
61 20
62 21
62 22
62 22
62 22
63 23
63 23
63 23
63 24
63 24
64 24
64 24
65 24
65 24
65 23
65 23
66 23
66 23
66 22
66 22
67 21
67 21
67 20
67 20
67 19
67 18
67 18
68 17
68 17
68 16
68 15
68 15
69 14
69 14
69 13
69 12
69 12
70 11
70 11
70 10
70 10
71 9
71 9
71 8
71 8
72 7
72 7
72 6
72 6
73 6
73 6
73 6
73 6
74 6
74 6
74 6
74 6
74 6
74 7
74 7
74 8
74 8
74 9
74 9
74 10
74 10
74 11
74 11
74 12
74 12
74 13
74 13
75 14
75 14
75 15
75 15
75 16
75 16
76 16
76 16
76 17
76 17
77 17
77 17
78 16
78 16
78 15
78 15
79 15
79 15
80 14
80 14
81 14
81 14
81 13
81 13
82 13
82 13
83 12
83 12
84 12
84 12
84 11
84 11
85 10
85 10
86 9
86 8
86 8
87 7
87 7
88 6
88 6
89 5
89 5
90 5
90 5
90 4
90 4
91 4
91 4
91 5
91 5
92 5
92 5
92 6
92 6
93 7
93 7
93 8
93 8
94 9
94 9
94 10
94 11
94 11
94 12
94 12
94 13
94 14
94 14
95 15
95 16
95 16
95 17
95 18
95 18
95 19
95 20
95 21
95 21
95 22
95 23
95 24
95 24
94 25
94 26
94 26
94 27
94 28
94 29
94 29
94 30
94 31
94 31
94 32
94 33
94 34
94 34
94 35
94 36
94 37
94 37
94 38
93 39
93 40
93 41
93 41
93 42
93 43
93 44
93 44
93 45
92 46
92 47
92 48
92 48
92 49
91 50
91 51
91 51
91 52
91 53
91 53
91 54
90 55
90 56
90 56
90 57
90 58
90 58
89 59
89 60
89 60
88 61
88 62
88 62
87 63
87 64
87 64
86 65
85 66
85 66
84 67
84 68
84 68
83 69
83 70
83 70
82 71
81 72
81 72
80 73
80 74
80 74
79 75
78 76
78 76
77 77
77 77
76 78
76 79
76 79
75 80
74 80
74 80
73 81
72 81
72 81
71 82
70 83
70 83
69 84
69 84
68 85
67 85
67 85
66 86
65 87
65 87
64 88
63 88
63 88
62 89
61 89
61 89
60 89
59 90
58 90
58 90
57 91
56 91
56 91
55 92
54 92
54 92
53 93
52 93
52 93
51 93
50 94
49 94
49 94
48 95
47 95
47 95
46 95
45 96
44 96
44 96
43 97
42 97
42 97
41 97
40 98
39 98
39 98
38 99
37 99
37 99
36 99
35 99
34 99
34 99
33 99
32 100
31 100
31 100
30 100
29 100
29 100
28 100
27 100
26 100
26 100
25 100
24 100
24 100
23 100
22 100
21 100
21 100
20 100
19 100
19 100
18 100
17 100
16 100
16 100
15 100
14 100
14 100
13 100
12 100
12 100
11 100
10 100
10 100
9 100
8 100
8 100
7 99
7 99
6 98
5 98
5 98
4 97
4 97
3 97
3 97
2 96
2 96
1 95
1 95
0 95
0 95
0 94
0 94
0 93
0 93
0 92
0 92
0 92
0 91
0 90
0 90
1 89
1 89
1 88
1 88
2 87
2 86
2 86
3 85
3 85
4 84
4 84
5 83
6 83
6 83
7 82
7 82
8 81
9 81
9 81
10 80
11 80
11 80
12 79
13 79
13 79
14 78
15 78
15 78
16 77
17 76
17 76
18 76
19 75
20 75
20 75
21 74
22 74
22 74
23 73
24 73
25 72
25 72
26 71
27 71
27 71
28 71
29 70
30 70
30 70
31 69
32 69
33 68
33 68
34 68
35 67
36 67
36 67
37 66
38 66
39 65
40 65
40 65
41 64
42 64
43 63
43 63
44 63
45 62
46 62
46 62
47 61
48 61
48 61
49 61
50 61
51 61
51 61
52 61
53 60
54 60
54 60
55 60
56 60
57 60
57 60
58 60
59 59
60 59
60 59
61 58
62 58
62 58
63 58
64 58
65 58
65 58
66 58
67 57
68 57
68 57
69 57
70 57
70 57
71 57
72 57
73 57
73 57
74 57
75 56
76 56
76 56
77 56
78 56
78 56
79 56
80 56
81 56
81 56
82 56
83 56
84 56
84 56
85 56
86 55
87 55
87 55
88 55
89 55
90 55
90 55
91 55
92 55
93 55
93 55
94 55
95 55
95 55
96 55
97 55
98 55
98 55
99 55
99 55
100 55
100 55
100 56
100 56
100 56
100 56
100 57
100 57
100 57
100 57
100 58
100 58
