1 8
1 9
1 10
1 10
0 10
0 10
0 11
0 11
0 11
0 11
0 11
0 10
0 10
1 9
1 8
1 8
2 7
2 6
2 6
3 5
3 4
3 4
4 3
4 2
4 2
5 1
5 1
6 0
6 0
7 1
7 1
7 2
7 3
7 3
7 4
7 5
8 6
8 7
8 8
8 8
8 9
8 10
8 11
8 12
8 13
8 14
8 14
8 15
8 16
8 17
8 18
8 19
8 20
8 21
8 21
8 22
8 23
8 24
8 25
8 26
8 27
8 28
8 28
8 29
8 30
8 31
8 32
8 33
8 34
8 35
8 36
8 36
8 37
8 38
8 39
7 40
7 41
7 42
7 43
7 43
7 44
7 45
7 46
7 47
7 48
7 48
7 49
6 50
6 51
6 52
6 52
6 53
5 54
5 55
5 56
5 56
5 57
5 57
5 58
5 58
6 57
6 57
6 56
7 55
7 54
7 53
8 52
8 51
8 50
8 49
9 48
9 47
9 46
10 45
10 44
10 43
11 42
11 41
11 40
11 39
12 38
12 37
12 36
13 35
13 34
13 33
14 32
14 31
14 30
14 29
15 28
15 27
15 26
16 25
16 24
16 23
17 22
17 21
17 20
17 19
18 18
18 17
18 16
19 15
19 14
19 14
20 13
21 12
21 11
22 10
23 9
23 9
23 8
24 7
24 6
24 6
24 6
24 7
24 7
25 8
25 9
25 9
25 10
25 11
25 12
25 13
25 13
25 14
25 15
25 16
25 17
25 17
25 18
25 19
25 20
25 21
25 22
25 23
25 24
25 24
25 25
25 26
25 27
25 28
25 29
25 30
25 31
25 31
25 32
25 33
25 34
25 35
25 36
25 37
25 38
25 39
25 39
25 40
25 41
25 42
25 43
25 44
25 45
25 46
25 47
25 47
25 48
25 49
25 50
25 51
25 52
25 52
25 53
25 54
25 55
25 56
25 56
25 57
25 58
25 59
25 59
25 60
25 60
25 61
25 61
25 60
25 60
24 59
24 59
23 58
23 57
23 57
23 56
22 55
22 54
22 54
22 53
21 52
21 51
21 50
21 50
21 49
20 48
20 47
20 47
19 46
19 45
18 44
18 44
17 43
17 42
16 41
16 41
15 40
15 39
14 38
14 38
13 37
12 36
11 35
11 35
10 34
9 33
9 33
8 33
7 33
7 33
6 34
5 34
4 35
4 35
3 36
2 37
2 37
2 38
1 39
1 40
1 40
1 41
1 42
1 42
1 43
1 44
1 44
2 45
2 45
3 46
4 47
4 47
5 48
6 49
6 49
7 49
8 50
9 50
10 50
10 50
11 51
12 51
13 52
14 52
14 52
15 52
16 53
17 53
18 53
18 53
19 53
20 53
21 53
22 53
22 53
23 52
24 52
25 51
26 51
26 51
27 50
28 50
29 49
29 49
30 48
31 48
32 47
33 47
33 47
34 46
35 45
36 44
36 44
37 43
38 42
38 42
39 41
40 41
41 40
41 40
42 39
42 38
42 38
43 37
43 36
43 36
44 35
44 35
44 35
43 36
43 36
42 37
42 38
42 38
42 39
41 40
41 41
41 42
41 42
41 43
40 44
40 45
40 46
40 46
40 47
39 48
39 49
39 49
39 50
38 51
38 52
38 52
38 53
38 53
39 54
39 54
40 54
40 54
41 54
42 54
42 54
43 53
43 53
44 52
45 52
45 52
46 51
47 51
47 51
48 50
49 49
49 49
50 48
50 48
51 47
52 46
52 46
53 45
53 45
54 45
55 45
55 45
56 46
56 46
57 47
58 47
58 47
59 48
59 49
59 49
60 50
61 50
61 50
62 51
62 51
63 51
64 51
64 51
65 50
65 50
66 49
67 48
67 48
68 47
68 47
69 46
70 46
70 46
71 46
71 46
72 46
72 46
73 46
74 46
74 46
75 47
75 47
76 47
77 47
77 47
78 47
78 47
79 48
80 48
80 48
81 48
82 48
82 48
83 48
84 48
84 48
85 48
86 48
86 48
87 48
87 48
88 48
88 48
89 48
90 48
90 48
91 48
91 48
92 48
93 47
94 47
94 47
95 48
96 48
96 48
97 49
97 49
98 50
99 51
99 51
99 52
100 53
100 54
100 54
100 55
99 56
99 57
99 58
99 58
99 59
99 60
99 61
99 62
99 62
99 63
99 64
98 65
98 66
98 67
98 67
98 68
97 69
97 70
96 71
96 72
96 72
96 73
95 74
95 75
94 76
94 77
94 77
93 78
93 79
92 80
92 81
91 82
91 82
90 83
89 84
88 85
87 86
87 86
86 87
86 88
85 89
85 90
84 91
84 91
83 92
82 93
81 93
80 94
80 94
79 95
78 96
77 96
76 97
76 97
75 97
74 98
73 98
72 99
71 99
71 99
70 99
69 100
68 100
67 100
67 100
66 100
65 100
64 100
63 100
62 100
61 100
61 100
60 100
59 100
58 100
57 100
56 100
56 100
55 100
54 100
53 100
52 100
51 100
51 100
50 100
49 100
48 100
47 100
46 100
45 100
45 100
44 100
43 100
42 99
41 99
40 99
40 99
39 99
38 98
37 98
36 97
35 97
35 97
34 97
33 96
32 96
31 96
30 95
29 95
29 95
28 95
27 94
26 94
25 93
24 93
24 93
23 93
22 92
21 92
20 92
19 91
18 91
18 91
17 90
16 90
15 89
14 89
13 88
13 88
12 87
11 86
10 86
9 85
9 85
8 84
7 84
6 83
6 83
6 83
6 82
6 82
7 82
8 81
9 81
9 81
10 80
11 80
12 79
13 79
13 79
14 79
15 79
16 78
17 78
18 78
18 78
19 78
20 77
21 77
22 77
23 77
24 76
25 76
25 76
26 76
27 76
28 76
29 75
30 75
31 75
32 75
33 75
33 75
34 75
35 75
36 75
37 74
38 74
39 74
40 74
41 74
41 74
42 74
43 74
44 74
45 74
46 74
47 74
48 74
49 74
49 74
50 74
51 74
52 74
53 74
54 73
55 73
56 73
57 73
58 73
58 73
59 73
60 73
61 73
62 72
63 72
64 72
65 72
66 72
66 72
67 72
68 72
69 72
70 72
71 72
72 72
73 72
74 72
74 72
75 72
76 72
77 72
78 73
79 73
80 73
81 73
81 73
82 73
83 73
84 74
85 74
86 74
86 74
87 74
88 75
89 75
90 76
91 76
91 76
92 76
93 77
94 77
95 77
95 77
96 77
97 77
98 77
99 77
