5 7
5 7
5 7
5 7
5 7
4 8
4 8
4 8
4 7
4 7
4 7
4 7
4 6
4 6
5 5
5 5
5 4
5 4
6 3
6 3
7 2
7 2
8 2
8 2
9 3
9 3
9 4
9 5
9 6
9 6
9 7
9 8
9 9
9 10
9 11
9 11
9 12
9 13
9 14
9 15
9 16
9 17
9 17
9 18
9 19
9 20
8 21
8 22
8 23
8 24
8 24
8 25
8 26
8 27
8 28
8 29
8 30
8 30
8 31
8 32
7 33
7 34
7 35
7 35
7 36
7 37
6 38
6 39
6 40
6 40
5 41
5 42
4 43
4 44
4 44
4 45
3 46
3 47
3 48
3 48
3 49
3 50
3 51
3 51
2 52
2 52
2 52
2 51
2 50
2 50
3 49
3 48
3 48
3 47
4 46
4 45
4 44
5 43
5 42
6 41
6 40
6 39
7 38
7 37
7 36
8 35
8 34
9 33
9 32
9 31
10 30
10 29
10 28
11 27
11 26
12 25
12 24
12 23
13 22
13 21
13 20
14 19
14 18
14 17
15 16
15 15
16 14
16 13
16 12
17 11
17 10
17 9
18 8
18 7
19 6
19 5
19 4
20 3
20 2
20 2
21 2
21 2
20 2
19 2
19 2
19 1
19 0
19 0
19 0
19 1
19 1
19 2
19 2
19 3
19 3
19 4
19 5
19 6
19 7
19 7
19 8
19 9
18 10
18 11
18 12
18 12
18 13
18 14
18 15
18 16
18 17
18 17
18 18
18 19
18 20
18 21
18 22
18 23
18 24
18 24
18 25
18 26
18 27
18 28
18 29
18 30
18 31
18 32
18 32
18 33
18 34
18 35
18 36
18 37
18 38
18 39
18 40
18 40
18 41
18 42
18 43
18 44
18 45
18 46
18 47
18 47
18 48
18 49
18 50
18 51
18 52
18 52
18 53
18 54
18 55
18 56
18 56
18 57
18 58
18 58
18 58
18 58
18 58
18 57
18 57
18 56
18 55
18 55
18 54
18 53
18 52
18 51
18 51
18 50
18 49
18 48
18 47
18 46
18 46
18 45
18 44
18 43
18 42
18 41
18 41
18 40
18 39
17 38
17 37
17 36
17 35
17 35
17 34
17 33
16 32
16 31
16 30
16 30
15 29
15 28
14 27
14 26
14 26
14 25
13 24
13 23
13 23
12 22
11 21
11 21
10 21
9 20
8 20
8 20
7 20
6 20
6 20
5 21
5 21
4 22
3 23
3 23
2 24
1 24
1 24
0 25
0 26
0 26
0 27
0 27
0 28
0 28
1 29
1 30
1 30
1 31
2 32
2 33
2 33
3 34
3 35
4 36
4 37
4 37
5 38
6 39
7 40
7 40
8 41
9 42
10 43
10 43
11 44
12 45
13 46
13 46
14 47
15 47
16 48
16 48
17 48
18 49
19 49
19 49
20 49
21 50
22 50
22 50
23 50
24 51
25 51
25 51
26 51
27 51
28 51
28 51
29 50
30 50
30 50
31 49
32 49
33 48
33 48
34 47
35 47
35 47
36 46
37 45
37 45
38 44
38 43
38 43
39 42
39 41
39 41
39 40
40 39
40 38
40 38
40 37
40 36
40 36
40 35
40 34
40 34
40 33
40 32
40 32
39 31
39 31
38 32
38 32
37 33
36 33
36 33
35 34
35 34
34 35
33 36
33 36
32 37
31 38
31 38
30 39
30 40
30 40
30 41
29 42
29 43
29 43
29 44
28 45
28 46
28 46
28 47
28 48
28 49
28 50
28 50
28 51
28 52
28 53
28 54
28 54
28 55
29 56
29 57
29 57
29 58
29 59
29 59
30 60
31 60
31 60
32 60
32 60
33 59
34 59
34 59
35 58
36 57
36 57
37 56
38 55
38 54
39 53
39 53
40 52
40 51
41 50
41 50
42 49
43 48
44 47
44 47
45 46
46 46
47 45
47 45
48 44
49 44
49 44
50 43
51 43
51 43
52 43
53 43
53 43
54 43
54 43
55 43
55 43
56 44
56 44
57 45
57 45
57 46
57 46
57 47
57 47
57 48
57 49
57 49
57 50
57 51
57 51
58 52
58 52
59 52
59 52
60 51
60 51
61 50
62 50
62 50
63 49
63 48
63 48
64 47
65 47
65 47
66 47
66 47
67 46
68 46
68 46
69 46
69 46
70 46
70 46
71 46
71 46
71 46
72 45
72 45
73 45
73 45
74 44
74 44
75 44
75 44
75 44
76 44
76 44
77 44
77 44
77 44
78 44
78 44
79 44
79 44
80 43
80 43
81 43
81 43
81 43
81 43
81 43
81 43
80 44
80 44
80 44
80 45
80 45
80 45
80 45
80 45
80 45
80 45
79 46
79 46
79 46
79 47
79 47
79 48
79 48
79 48
79 49
79 49
79 50
79 50
78 51
78 52
78 52
78 53
77 54
77 55
77 55
77 56
77 57
76 58
76 59
76 60
76 60
76 61
75 62
75 63
74 64
74 65
74 65
74 66
74 67
73 68
73 69
73 70
73 71
73 71
73 72
72 73
72 74
71 75
71 76
71 76
71 77
70 78
70 79
69 80
69 81
69 81
68 82
68 83
67 84
67 85
67 85
66 86
65 87
65 88
64 89
64 89
63 90
62 91
61 92
61 92
60 93
59 94
58 95
58 95
57 96
56 97
55 97
54 98
54 98
53 98
52 99
51 99
50 99
50 99
49 99
48 100
47 100
46 100
46 100
45 100
44 100
43 100
43 100
42 100
41 100
40 99
39 99
38 99
38 99
37 98
36 98
35 97
34 97
34 97
33 96
32 96
31 95
30 95
30 95
29 94
28 93
27 92
27 92
26 91
25 91
24 90
23 90
23 90
22 89
21 89
21 89
20 88
19 88
19 88
19 87
19 87
20 86
20 86
21 85
22 84
23 83
23 83
24 82
25 81
26 81
27 80
28 79
28 79
29 78
30 78
31 77
32 77
33 76
34 76
35 75
35 75
36 75
37 74
38 74
39 73
40 73
41 73
42 72
43 72
43 72
44 72
45 72
46 72
47 71
48 71
49 71
50 71
51 71
51 71
52 71
53 71
54 71
55 71
56 71
57 71
58 71
59 71
60 71
60 71
61 71
62 72
63 72
64 72
65 72
66 73
67 73
67 73
68 73
69 74
70 74
71 74
72 74
73 75
74 75
74 75
75 75
76 75
77 76
78 76
79 76
80 76
80 76
81 76
82 76
83 76
84 77
85 77
86 77
87 77
87 77
88 77
89 77
90 77
91 77
92 77
93 77
93 77
94 77
95 77
96 77
97 77
98 77
99 77
100 77
