1 14
1 14
1 14
0 14
0 14
0 14
0 14
0 14
0 14
0 13
0 13
1 12
1 11
1 11
1 10
1 9
1 9
2 8
2 7
2 7
3 6
4 5
4 5
5 4
5 3
5 3
6 2
6 1
6 1
7 0
8 0
8 0
9 1
9 1
9 2
9 3
9 4
9 4
9 4
9 5
9 6
9 7
9 8
9 9
9 10
9 11
9 12
9 13
9 14
9 15
9 15
9 16
9 17
9 18
9 19
9 20
9 21
9 22
9 23
9 24
9 24
9 25
9 26
9 27
9 28
9 29
9 30
9 31
9 32
9 33
9 33
9 34
9 35
9 36
9 37
9 38
9 39
9 40
9 41
9 42
9 42
9 43
9 44
9 45
9 46
9 47
9 48
9 49
9 50
9 50
9 51
9 52
9 53
9 54
9 55
9 56
9 56
9 57
9 58
9 59
9 60
9 61
9 61
9 62
9 63
9 64
9 64
10 65
10 66
10 66
10 66
11 66
11 66
11 65
11 64
11 64
11 63
12 62
12 61
12 61
12 61
12 60
12 59
13 58
13 57
13 56
13 55
14 54
14 53
14 52
14 52
14 51
14 50
14 49
15 48
15 47
15 46
15 45
15 44
15 43
15 42
15 41
16 40
16 39
16 38
16 37
16 36
16 35
16 34
17 33
17 32
17 31
17 30
17 29
17 28
17 27
18 26
18 25
18 24
18 23
18 22
18 21
18 20
18 19
19 18
19 17
19 16
19 15
19 15
19 14
20 13
20 12
20 11
21 10
21 9
21 8
22 7
22 6
22 6
23 5
23 5
23 4
23 4
23 5
23 5
23 5
23 6
23 7
24 8
24 9
24 10
24 11
24 11
24 12
24 13
24 14
24 15
24 16
24 16
24 17
24 18
24 19
24 20
24 21
24 22
24 23
24 23
24 24
24 25
24 26
23 27
23 28
23 29
23 30
23 30
23 31
23 32
23 33
23 34
23 35
23 36
23 37
23 38
23 39
23 40
23 40
23 41
23 42
23 43
23 44
24 45
24 46
24 47
24 48
24 49
24 49
24 50
24 51
24 52
24 53
24 54
24 55
24 56
24 57
24 58
24 58
24 59
24 60
24 61
24 62
24 63
24 64
24 65
24 66
24 66
24 67
24 68
24 69
24 70
24 71
24 71
24 72
24 73
24 74
24 75
24 75
24 76
24 77
24 77
25 77
25 77
25 76
25 76
25 75
26 74
26 73
26 73
26 72
26 71
26 70
26 70
26 69
26 68
27 67
27 66
27 65
27 65
27 64
27 63
27 62
27 61
27 60
27 59
27 59
27 58
27 57
27 56
27 55
27 54
27 53
27 53
27 53
27 52
27 51
27 50
27 49
27 48
27 47
26 46
26 45
26 44
26 43
26 42
26 41
26 40
26 39
26 39
26 38
26 37
26 36
25 35
25 34
25 33
25 32
25 32
25 31
24 30
24 29
24 28
24 28
23 27
23 26
22 25
22 25
21 25
20 25
20 25
19 26
19 27
19 27
18 28
17 29
16 30
16 30
15 31
15 32
14 33
14 33
13 34
13 35
12 36
12 37
12 37
12 38
11 39
11 40
11 41
11 41
10 42
10 43
9 44
9 45
9 45
9 46
8 47
8 48
8 49
8 49
8 49
8 50
8 51
8 52
9 53
9 54
9 55
9 56
9 56
9 57
10 58
10 59
10 60
10 60
11 61
11 62
12 63
12 63
13 64
14 65
15 66
15 66
16 67
17 67
18 68
18 68
19 68
20 68
21 68
21 68
22 68
23 67
24 67
24 67
25 66
26 66
27 65
28 65
28 65
29 64
30 63
31 63
32 62
32 62
33 61
34 60
35 59
35 59
36 58
37 57
38 56
38 56
39 55
40 54
41 53
41 53
42 52
42 51
43 50
43 49
43 49
44 48
44 47
45 46
45 46
45 45
46 44
46 43
46 43
46 42
47 41
47 40
47 40
47 39
47 38
47 37
47 37
47 36
47 35
47 34
47 34
47 33
47 32
47 31
47 31
46 30
45 30
45 30
44 30
44 30
43 31
42 31
42 31
41 32
41 33
40 34
40 34
40 35
39 36
39 37
38 38
38 39
38 39
38 40
37 41
37 42
37 43
37 43
37 44
37 45
37 46
37 47
37 47
37 48
36 49
36 50
36 51
36 51
36 52
37 53
37 54
37 55
37 55
37 56
37 57
37 57
38 58
38 59
38 59
39 59
40 59
40 59
41 58
41 58
42 57
43 57
43 57
44 56
44 55
45 54
45 54
46 53
46 52
47 51
47 50
47 50
48 49
48 48
49 47
49 46
49 46
50 45
50 44
51 43
51 43
51 42
52 41
52 40
52 39
52 39
52 38
53 37
53 36
53 36
53 35
53 34
53 34
53 34
53 34
53 35
53 35
53 36
53 37
53 38
53 38
53 39
53 40
53 41
53 42
53 42
53 43
53 44
53 45
53 46
53 46
53 47
54 48
54 49
54 49
55 50
55 51
55 51
55 52
55 53
55 53
56 53
56 53
57 52
58 52
58 52
59 51
59 50
59 50
59 49
60 48
60 47
60 47
61 46
61 45
61 45
61 44
62 43
62 42
62 42
63 41
63 40
63 40
63 39
63 39
63 38
63 38
63 39
63 39
64 40
64 40
64 41
64 42
64 43
64 43
64 44
64 45
64 45
64 46
64 46
65 47
65 47
65 47
65 47
66 47
66 47
66 46
66 46
66 45
66 44
66 44
67 43
67 43
67 42
67 41
67 40
67 40
68 39
68 38
68 38
68 37
68 37
68 36
68 36
68 36
68 37
68 38
68 38
69 39
69 40
69 40
69 41
69 42
69 42
69 43
69 44
69 44
69 45
70 46
70 47
70 47
71 48
71 49
71 49
71 50
71 51
71 52
71 53
71 53
71 54
72 55
72 56
72 56
72 57
73 58
73 59
73 59
73 60
74 61
74 62
74 63
74 63
74 64
74 65
74 66
74 66
74 67
75 68
75 69
75 70
75 70
75 71
75 72
75 72
75 73
75 74
75 75
75 75
74 76
74 77
74 77
74 78
74 79
74 79
74 80
73 81
73 82
73 82
72 83
72 84
71 85
71 86
71 86
71 87
70 88
70 89
70 89
69 90
68 91
67 92
67 92
66 93
66 94
65 95
65 96
65 96
64 97
63 98
62 99
62 99
61 99
60 100
59 100
59 100
58 100
57 100
56 100
56 100
55 100
54 100
53 100
53 100
52 99
51 99
50 98
50 98
49 98
48 97
47 97
46 97
46 97
45 96
44 96
43 95
42 95
42 95
42 95
41 95
40 94
39 94
38 94
37 94
36 93
35 93
34 93
34 93
33 93
32 92
31 92
30 92
30 92
29 92
28 91
27 91
26 91
26 91
25 91
24 91
23 91
22 91
22 91
21 91
20 90
19 90
18 90
18 90
17 90
16 90
16 90
15 90
14 90
14 90
13 90
13 90
12 89
12 89
12 89
13 88
13 87
13 87
14 86
14 85
14 85
15 84
16 83
16 83
17 82
18 81
19 80
19 80
20 79
21 78
22 77
22 77
23 76
24 75
25 74
25 74
25 74
26 74
27 73
28 73
29 72
30 72
31 71
32 71
33 70
34 70
34 70
35 70
36 70
37 70
38 70
39 70
39 70
40 70
41 70
42 69
43 69
44 69
44 69
45 69
46 69
47 69
48 69
49 69
50 69
50 69
51 69
52 69
53 69
54 69
55 69
55 69
56 69
57 69
58 70
59 70
60 70
61 70
61 70
62 70
63 70
64 70
65 70
66 70
67 70
67 70
68 70
69 70
70 70
71 70
72 70
72 70
73 70
74 70
75 71
76 71
77 71
77 71
78 71
79 72
80 72
81 72
81 72
82 72
83 72
84 72
85 72
85 72
86 72
87 73
88 73
89 73
89 73
90 74
91 74
91 74
92 75
93 75
93 75
94 75
95 74
96 74
96 74
97 73
97 73
98 72
98 72
99 72
99 72
99 71
99 71
100 71
100 71
99 70
99 70
99 70
99 70
98 69
98 69
98 69
97 68
96 68
