1 11
1 11
0 12
0 12
0 12
0 12
0 13
0 13
0 13
0 13
0 12
0 12
1 11
1 11
2 10
2 9
2 9
3 8
4 7
4 7
5 6
5 5
5 5
6 4
6 3
6 3
7 2
7 1
7 1
8 0
8 0
9 0
9 0
9 1
9 2
9 2
9 3
10 4
10 5
10 5
10 6
10 7
10 8
10 9
10 10
10 10
10 11
10 12
10 13
10 14
10 15
10 16
10 17
10 17
10 18
10 19
10 20
10 21
10 22
10 23
10 24
10 25
10 25
10 26
10 27
10 28
10 29
10 30
10 31
10 32
10 33
10 33
10 34
10 35
9 36
9 37
9 38
9 39
9 39
9 40
9 41
9 42
9 43
9 44
9 44
8 45
8 46
7 47
7 47
7 48
7 49
7 50
7 50
6 51
6 52
6 52
6 53
6 53
6 53
7 53
7 53
7 52
8 51
8 50
8 49
9 48
9 47
10 46
10 45
10 44
11 43
11 42
11 41
12 40
12 39
12 38
13 37
13 36
14 35
14 34
14 33
15 32
15 31
15 30
16 29
16 28
16 27
17 26
17 25
18 24
18 23
18 22
19 21
19 20
19 19
20 18
20 17
20 16
21 15
21 14
22 13
22 12
22 11
23 10
23 9
23 9
24 9
25 8
26 8
26 8
26 8
26 8
27 9
27 10
27 10
27 11
28 12
28 13
28 13
28 14
28 15
28 16
28 17
28 18
28 18
28 19
28 20
29 21
29 22
29 23
29 24
29 24
29 25
29 26
29 27
30 28
30 29
30 30
30 31
30 32
30 32
30 33
30 34
30 35
30 36
30 37
30 38
30 39
30 39
30 40
30 41
30 42
31 43
31 44
31 45
31 46
31 47
31 47
31 48
31 49
31 50
31 51
31 52
31 52
31 53
31 54
31 55
31 56
31 56
31 57
31 58
31 59
31 59
30 60
30 61
30 61
30 62
30 62
30 62
29 62
29 62
29 61
29 60
29 60
29 59
28 58
28 57
28 56
28 56
28 55
27 54
27 53
27 53
27 52
26 51
26 50
26 49
26 49
25 48
24 47
23 46
23 46
22 45
22 44
21 43
21 42
21 42
20 41
19 40
18 39
18 39
17 38
16 38
15 37
14 37
14 37
13 36
12 36
11 35
10 35
10 35
9 35
8 34
7 34
7 34
6 34
5 33
4 33
4 33
3 33
2 33
2 33
1 33
0 33
0 33
0 34
0 34
0 35
0 36
0 36
1 37
1 38
1 38
2 39
2 40
3 41
3 41
4 42
5 43
6 44
6 44
7 45
8 46
9 47
9 47
10 48
11 48
12 49
13 49
13 49
14 49
15 49
16 49
17 49
18 49
18 49
19 49
20 49
21 48
22 48
23 48
23 48
24 47
25 47
26 46
27 46
27 46
28 46
29 45
30 45
31 44
32 44
32 44
33 43
34 42
35 41
35 41
36 40
37 40
38 39
38 39
39 39
40 38
41 38
41 38
42 37
43 36
43 36
44 35
45 35
45 35
46 34
46 34
46 33
46 32
46 32
45 31
45 30
45 30
44 30
44 30
43 30
43 30
42 31
42 32
41 33
41 33
40 34
40 35
39 36
39 36
39 37
38 38
38 39
38 40
38 40
38 41
37 42
37 43
37 43
37 44
37 45
37 45
37 46
37 47
37 48
37 48
38 49
38 50
38 50
39 51
39 51
40 52
40 52
41 53
42 53
42 53
43 53
43 53
44 52
45 52
45 52
46 51
47 50
47 50
48 49
49 48
49 48
49 47
50 46
50 45
50 45
51 44
51 43
52 42
52 42
53 41
53 40
53 40
54 39
54 39
55 39
55 39
56 39
56 39
57 40
57 41
57 41
58 42
58 42
58 43
58 43
59 44
59 44
60 44
61 44
61 44
62 44
62 44
63 44
63 44
64 44
64 44
65 43
66 43
66 43
67 44
67 44
68 44
68 44
69 44
69 44
70 45
71 45
71 45
72 44
72 44
73 44
74 44
74 44
75 43
75 43
76 43
77 43
77 43
78 44
78 44
79 45
79 46
79 46
80 47
80 48
80 48
80 49
81 50
81 51
81 51
82 52
83 53
83 53
84 53
84 53
85 53
85 53
86 52
87 52
87 52
88 51
88 50
88 50
89 49
89 48
89 48
90 47
90 46
90 46
90 45
90 45
90 44
90 44
91 44
91 44
91 44
92 45
92 45
92 46
92 47
92 47
92 48
93 49
93 50
93 50
93 51
93 52
93 53
93 53
93 54
93 55
93 56
93 57
93 57
93 58
92 59
92 60
92 61
92 61
92 62
92 63
92 64
91 65
91 66
91 67
91 68
91 68
91 69
90 70
90 71
90 72
89 73
89 74
89 74
88 75
88 76
87 77
87 78
86 79
86 80
86 80
85 81
85 82
84 83
84 84
83 85
83 85
82 86
81 87
81 88
80 89
79 90
79 90
78 91
77 92
76 93
75 94
75 94
74 95
73 96
72 96
71 97
71 97
70 97
69 98
68 98
67 99
66 99
66 99
65 99
64 99
63 100
62 100
61 100
60 100
60 100
59 100
58 100
57 100
56 100
55 100
54 100
54 100
53 100
52 100
51 100
50 100
49 100
48 100
48 100
47 100
46 100
45 100
44 100
43 100
42 100
41 100
41 100
40 100
39 100
38 99
37 99
36 99
35 99
35 99
34 99
33 98
32 98
31 98
30 98
29 97
28 97
28 97
27 96
26 96
25 95
24 95
23 94
22 94
22 94
21 94
20 93
19 93
18 92
17 92
17 92
16 91
15 91
14 90
13 90
13 90
12 90
11 89
10 89
9 89
9 89
8 88
7 87
7 87
6 87
6 87
6 86
6 86
7 85
7 84
7 84
8 83
9 83
10 82
10 82
11 81
12 80
13 80
14 79
14 79
15 78
16 78
17 77
18 77
19 76
20 76
20 76
21 76
22 75
23 75
24 75
25 75
26 74
27 74
27 74
28 74
29 73
30 73
31 73
32 73
33 72
34 72
35 72
35 72
36 72
37 72
38 71
39 71
40 71
41 71
42 70
43 70
44 70
44 70
45 70
46 70
47 69
48 69
49 69
50 69
51 68
52 68
53 68
53 68
54 68
55 68
56 68
57 67
58 67
59 67
60 67
61 67
61 67
62 67
63 67
64 67
65 67
66 67
67 67
68 67
69 67
69 67
70 67
71 67
72 67
73 67
74 67
75 67
76 67
77 67
77 67
78 67
79 67
80 67
81 67
82 67
83 67
84 67
84 67
85 67
86 67
87 68
88 68
89 68
90 68
90 68
91 68
92 68
93 68
94 68
95 68
95 68
96 68
97 68
98 68
99 68
100 68
