1 15
1 15
0 16
0 16
0 15
0 15
0 15
0 14
0 13
0 13
0 12
1 11
1 10
1 10
2 9
2 8
2 8
3 7
3 6
4 5
4 5
5 4
6 3
6 3
7 2
8 1
8 1
9 1
9 1
10 1
11 1
11 1
12 2
12 2
12 3
13 4
13 5
13 5
13 6
13 7
14 8
14 9
14 10
14 11
14 11
14 12
14 13
14 14
15 15
15 16
15 17
15 18
15 19
15 19
15 20
15 21
15 22
15 23
15 24
15 25
15 26
15 27
15 28
15 29
15 29
15 30
15 31
15 32
15 33
16 34
16 35
16 36
16 37
16 38
16 38
16 39
16 40
16 41
16 42
16 43
16 44
16 45
16 46
16 47
16 47
16 48
16 49
16 50
16 51
16 52
16 53
16 54
16 54
16 55
16 56
16 57
16 58
16 59
16 60
16 61
16 61
16 62
16 63
16 64
16 65
16 66
16 67
16 67
16 68
16 69
15 70
15 71
15 72
15 72
15 73
14 74
14 75
14 76
14 76
14 77
14 78
14 78
14 79
14 79
14 78
14 78
15 77
15 77
15 76
15 75
15 74
15 74
15 73
15 72
15 71
16 70
16 69
16 68
16 67
16 66
16 65
16 64
17 63
17 62
17 61
17 60
17 59
17 58
18 57
18 56
18 55
18 54
18 53
18 52
18 51
19 50
19 49
19 48
19 47
19 46
19 45
19 44
20 43
20 42
20 41
20 40
20 39
20 38
21 37
21 36
21 35
21 34
21 33
21 32
21 31
22 30
22 29
22 28
22 27
22 26
22 25
22 24
23 23
23 22
23 21
23 20
23 19
23 18
24 17
24 16
24 15
24 14
24 13
24 12
24 11
25 10
25 9
25 8
25 7
25 7
26 6
26 5
27 4
27 3
28 2
28 2
28 1
28 1
28 0
28 0
28 1
28 1
28 2
28 2
28 3
28 4
28 5
28 5
28 6
28 7
28 8
28 9
28 10
28 11
28 11
28 12
28 13
28 14
28 15
28 16
28 17
28 18
28 19
28 19
28 20
28 21
28 22
28 23
28 24
28 25
28 26
28 27
28 28
28 28
28 29
28 30
28 31
28 32
28 33
28 34
28 35
28 36
28 37
28 38
28 38
28 39
28 40
28 41
28 42
28 43
28 44
28 45
28 46
28 47
28 48
28 48
28 49
28 50
28 51
28 52
28 53
28 54
28 55
28 56
28 56
28 57
28 58
28 59
28 60
28 61
28 62
28 63
28 63
28 64
28 65
28 66
28 67
28 68
28 68
28 69
28 70
28 70
29 71
29 71
29 72
29 72
30 71
30 71
30 70
30 69
30 69
30 68
30 67
30 66
30 66
30 65
31 64
31 63
31 62
31 62
31 61
31 60
31 59
31 58
31 58
31 57
31 56
32 55
32 54
32 53
32 52
32 52
32 51
32 50
32 49
32 48
32 47
32 47
32 46
32 45
32 44
32 43
32 42
32 41
32 40
32 40
32 39
32 38
32 37
32 36
32 35
32 35
32 34
31 33
31 32
31 32
31 31
30 30
30 29
30 29
29 28
28 28
28 28
27 28
27 28
26 29
25 29
25 29
24 30
23 30
22 31
22 31
21 32
21 33
20 34
20 34
19 35
19 36
18 37
18 37
17 38
17 39
16 40
16 41
16 41
16 42
15 43
15 44
15 44
15 45
14 46
14 47
14 47
14 48
14 49
14 50
14 50
14 51
14 52
14 53
14 54
14 54
15 55
15 56
16 57
16 57
17 58
17 59
18 60
18 60
19 61
20 61
21 62
21 62
22 61
23 61
23 61
24 60
25 60
26 59
27 59
27 59
28 58
29 57
30 56
30 56
31 55
32 54
33 53
33 53
34 52
35 51
35 50
36 49
36 49
37 48
37 47
38 46
38 46
39 45
40 44
41 43
41 43
42 42
42 41
42 41
43 40
44 39
44 39
44 38
44 37
44 36
44 36
45 35
45 34
45 34
44 33
44 32
44 32
43 31
43 31
42 30
42 30
41 29
40 29
40 29
39 30
38 31
38 31
37 32
37 33
36 34
36 34
36 35
35 36
35 37
35 38
35 38
35 39
34 40
34 41
34 42
34 42
34 43
33 44
33 45
33 46
33 46
33 47
33 48
33 49
33 50
33 51
33 51
33 52
34 53
34 54
34 55
34 55
34 56
34 57
34 58
34 58
34 59
35 60
35 61
35 61
36 62
37 62
37 62
38 61
39 61
39 61
40 60
40 59
40 59
41 58
41 57
42 56
42 56
43 55
43 54
44 53
44 52
44 52
45 51
45 50
46 49
46 49
46 48
47 47
47 46
47 45
47 45
48 44
48 43
49 42
49 42
49 41
50 40
50 39
50 39
50 38
50 37
50 37
51 37
51 37
51 38
51 38
51 39
51 40
51 41
51 41
51 42
51 43
51 44
51 45
51 45
51 46
51 47
51 48
51 49
51 50
51 50
51 51
51 52
51 53
51 53
51 54
51 55
51 55
51 56
51 56
52 56
52 56
53 55
53 55
53 54
54 53
54 52
54 52
54 51
55 50
55 49
55 49
55 48
56 47
56 46
56 46
57 45
57 44
57 44
57 43
57 42
57 42
57 41
57 41
57 41
57 41
58 42
58 42
58 43
58 44
58 44
58 45
58 45
59 46
59 46
60 46
60 46
60 47
60 47
61 47
61 47
62 46
62 46
63 45
63 44
63 44
64 43
64 42
64 42
65 41
65 40
65 40
66 39
66 38
66 38
67 37
67 36
67 36
67 35
67 35
68 35
68 35
69 35
69 35
69 36
69 36
70 37
70 37
71 38
71 38
72 39
73 39
73 39
74 40
74 40
75 41
76 42
76 42
77 43
77 44
77 44
78 45
79 46
79 46
79 47
79 48
79 49
79 50
79 50
79 51
80 52
80 53
80 54
80 54
80 55
80 56
80 57
80 58
80 59
80 59
80 60
80 61
80 62
80 63
80 63
80 64
80 65
80 66
80 66
80 67
80 68
80 69
80 70
80 70
80 71
80 72
80 73
80 73
80 74
80 75
80 75
80 76
79 77
79 78
79 78
79 79
78 80
78 81
78 81
77 82
77 83
77 83
76 84
76 85
75 86
75 86
74 87
73 87
72 88
72 88
71 89
70 90
69 91
69 91
68 92
67 92
66 93
66 93
65 94
64 94
63 95
62 95
62 95
61 96
60 96
59 97
58 97
58 97
57 98
56 98
55 99
54 99
54 99
53 99
52 99
51 100
50 100
49 100
49 100
48 100
47 100
46 100
45 100
45 100
44 100
43 99
42 99
41 99
41 99
40 98
39 97
38 97
37 96
37 96
36 95
35 94
34 93
33 92
33 92
32 91
32 90
31 89
31 88
30 87
30 87
29 86
28 85
27 84
26 83
26 83
25 82
24 81
23 80
23 80
22 79
21 78
21 78
20 78
19 78
18 78
18 78
17 79
16 79
16 79
15 80
15 80
14 80
14 80
14 79
14 79
15 78
15 77
15 77
16 76
16 75
16 75
17 74
17 73
18 72
18 71
18 71
19 70
20 69
21 68
21 68
22 67
23 67
24 66
24 66
25 65
26 65
27 64
28 64
28 64
29 64
30 63
31 63
32 63
32 63
33 63
34 63
35 63
36 63
37 63
37 63
38 63
39 64
40 64
41 64
41 64
42 64
43 64
44 64
45 64
46 64
46 64
47 64
48 64
49 65
50 65
51 65
51 65
52 65
53 65
54 66
55 66
56 66
56 66
57 66
58 66
59 67
60 67
61 67
61 67
62 67
63 67
64 68
65 68
66 68
66 68
67 69
68 69
69 70
70 70
70 70
71 70
72 71
73 71
74 71
74 71
75 71
76 72
77 72
78 72
78 72
79 72
80 73
81 73
82 73
82 73
83 73
84 74
85 74
85 74
86 74
87 75
88 75
88 75
89 75
90 75
91 75
91 75
92 75
93 74
94 74
94 74
95 73
96 73
96 73
97 72
97 72
98 72
98 72
99 71
99 71
100 71
100 71
99 71
99 71
