18 24
18 24
17 25
17 25
17 26
17 26
16 27
16 27
16 27
17 26
17 26
17 26
18 26
18 26
19 25
19 24
19 24
20 23
20 22
21 21
21 21
21 20
22 19
22 18
22 18
22 17
23 16
23 15
23 15
24 14
25 13
25 13
25 12
25 11
25 11
26 10
26 10
26 10
27 10
27 10
27 10
27 11
27 11
27 12
27 13
27 13
27 14
26 15
26 16
26 16
26 17
26 18
26 19
26 20
26 20
26 21
26 22
26 23
26 24
26 25
26 26
26 26
26 27
26 28
26 29
25 30
25 31
25 32
25 33
25 33
25 34
25 35
25 36
24 37
24 38
24 39
24 40
24 41
24 41
24 42
24 43
24 44
24 45
23 46
23 47
23 48
23 49
23 50
23 50
23 51
23 52
23 53
22 54
22 55
22 56
22 57
22 58
22 58
22 59
22 60
22 61
21 62
21 63
21 64
21 65
21 65
21 66
21 67
20 68
20 69
20 70
20 70
20 71
19 72
19 73
19 74
19 74
18 75
18 76
17 77
17 77
16 78
16 79
16 79
15 80
14 80
14 80
13 80
12 80
12 80
11 79
11 79
10 78
10 77
10 77
9 76
9 75
8 74
8 74
8 73
7 72
7 71
7 70
7 70
7 69
7 68
7 67
7 67
7 66
7 65
7 65
7 64
7 63
7 62
7 62
8 61
8 60
9 59
9 58
10 57
11 56
11 55
12 54
13 53
13 52
14 51
14 50
15 49
16 48
16 47
17 46
17 45
18 44
19 43
19 42
20 41
20 40
21 39
22 38
22 37
23 36
24 35
24 34
25 33
25 32
26 31
27 30
27 29
28 28
28 27
29 26
30 25
30 24
31 23
32 22
32 21
33 20
33 19
34 18
35 17
35 16
36 15
36 14
37 13
38 12
38 11
39 10
39 9
40 8
41 7
41 6
42 5
43 4
43 3
44 2
44 1
45 0
45 0
45 0
45 0
45 0
44 1
44 1
44 2
44 2
43 3
43 4
43 4
43 5
43 6
43 7
43 8
43 8
43 9
43 10
42 11
42 12
42 13
42 13
42 14
42 15
42 16
42 17
42 18
42 19
42 19
42 20
42 21
42 22
41 23
41 24
41 25
41 26
41 26
41 27
41 28
41 29
40 30
40 31
40 32
40 33
40 33
40 34
40 35
40 36
40 37
40 38
40 39
40 40
40 41
40 42
40 42
40 43
40 44
40 45
39 46
39 47
39 48
39 49
39 50
39 50
39 51
39 52
39 53
38 54
38 55
38 56
38 57
38 58
38 58
38 59
38 60
38 61
38 62
38 63
38 64
38 65
38 65
38 66
38 67
38 68
38 69
38 70
38 70
38 71
37 72
37 73
37 74
37 74
37 75
37 76
37 77
37 78
37 78
37 79
37 80
37 80
37 81
37 82
37 82
36 83
36 83
36 83
36 82
36 82
36 82
36 81
36 81
36 81
36 80
36 80
36 80
36 80
36 79
36 79
36 79
36 78
36 78
36 78
36 77
36 77
36 77
36 76
36 76
36 75
36 75
36 75
36 74
36 74
36 74
36 73
36 73
36 73
36 73
36 73
36 73
36 73
36 73
36 73
36 73
36 73
36 73
36 73
36 73
36 73
36 73
36 73
36 73
36 73
36 73
36 73
36 73
36 73
36 73
36 73
36 73
36 73
36 73
36 73
36 73
36 73
36 72
36 72
36 72
36 72
36 72
36 72
36 72
36 72
36 72
36 72
36 72
36 72
36 72
36 72
36 72
36 72
36 72
36 72
36 72
36 72
36 72
36 72
36 72
36 72
36 72
36 72
36 72
36 72
36 72
36 72
36 72
36 71
36 71
36 71
35 71
35 71
35 70
35 70
35 69
35 69
35 69
35 68
35 68
35 67
35 66
35 66
34 65
34 65
34 64
34 63
34 63
33 62
33 62
33 61
33 60
33 60
32 59
32 59
31 58
31 57
31 57
30 56
30 56
29 55
28 54
28 54
27 53
27 53
26 52
25 52
25 52
24 51
23 51
23 51
22 50
21 50
21 50
20 50
19 50
19 50
18 49
17 49
17 49
16 48
15 48
15 48
14 48
13 48
12 48
12 48
11 47
10 47
10 47
9 47
9 47
8 47
7 47
7 47
6 48
5 48
5 48
4 49
3 49
3 49
2 50
2 50
1 51
1 52
1 52
0 53
0 54
0 54
0 55
0 56
0 56
0 57
0 57
0 58
0 59
0 59
0 60
0 60
1 61
1 61
2 62
3 62
3 62
4 62
4 62
5 62
6 62
6 62
7 61
8 61
8 61
9 61
10 60
11 60
11 60
12 60
13 60
13 60
14 59
15 59
15 59
16 59
17 59
18 59
18 59
19 59
20 59
20 59
21 58
22 58
22 58
23 58
24 57
25 57
25 57
26 56
27 56
27 56
28 56
29 55
30 55
30 55
31 54
32 53
33 52
33 52
34 51
35 50
35 50
36 49
37 49
38 48
38 48
39 47
40 47
41 46
41 46
42 45
43 44
43 44
44 43
45 43
45 43
46 42
47 42
47 42
48 41
48 41
49 41
49 41
49 40
49 40
49 40
49 40
49 40
49 39
49 39
48 39
48 39
48 38
48 38
47 38
47 38
47 37
47 37
46 37
46 37
46 37
46 37
46 37
46 37
46 37
46 37
46 37
46 37
46 37
46 37
46 38
46 38
45 39
45 39
45 40
45 41
45 41
45 42
44 43
44 44
44 44
44 45
44 46
44 47
44 47
44 48
43 49
43 50
43 50
43 51
43 52
43 53
43 53
43 54
43 55
43 56
43 56
43 57
43 58
43 58
44 59
44 59
44 60
44 60
45 60
46 60
46 60
47 59
47 59
48 58
49 58
49 58
50 57
51 56
51 56
51 55
52 54
52 53
52 53
53 52
53 51
54 50
54 50
54 49
55 48
55 47
55 47
56 46
56 45
56 45
56 44
56 43
56 43
56 42
56 41
56 41
56 41
56 41
56 41
55 42
55 42
55 43
55 43
55 44
55 44
55 45
55 46
55 46
54 47
54 48
54 48
54 49
54 50
54 50
54 51
54 52
54 52
55 53
55 53
55 54
55 54
56 53
56 53
57 52
58 52
58 52
59 51
59 50
59 50
60 49
60 48
61 47
61 47
62 46
62 45
62 45
63 44
64 43
64 43
65 42
65 42
65 41
65 41
66 41
66 41
66 42
66 42
66 43
66 43
66 44
66 44
66 45
66 46
66 46
66 47
66 47
67 48
67 48
67 48
68 48
68 48
69 47
70 46
70 46
71 45
71 44
71 44
72 43
72 42
73 41
73 41
74 40
74 40
75 39
76 39
76 39
77 38
77 38
77 38
78 39
78 39
79 39
79 39
79 39
80 39
80 39
80 39
81 38
81 38
81 37
81 37
82 36
82 36
83 35
83 35
83 34
83 34
83 33
83 33
83 34
83 34
82 35
82 36
82 36
82 37
81 38
81 39
81 40
81 40
81 41
80 42
80 43
80 44
80 44
80 45
79 46
79 47
79 48
79 49
78 50
78 51
78 51
78 52
78 53
78 54
77 55
77 56
77 57
77 58
77 58
77 59
76 60
76 61
76 62
76 63
75 64
75 65
75 66
75 66
75 67
75 68
75 69
74 70
74 71
74 72
74 73
74 74
74 74
74 75
74 76
73 77
73 78
73 79
73 80
73 80
73 81
73 82
72 83
72 84
72 85
72 86
72 86
72 87
71 88
71 89
71 90
71 90
71 91
70 92
70 93
70 93
70 94
69 95
69 96
69 96
68 97
68 98
68 98
67 99
66 99
66 99
65 99
64 99
64 99
63 99
62 99
62 99
61 99
60 100
59 100
59 100
58 100
57 100
57 100
56 100
55 100
54 100
54 100
53 100
52 100
51 100
51 100
50 100
49 100
48 100
48 100
47 100
46 100
46 100
45 99
44 99
43 98
43 98
42 97
42 96
41 95
41 95
40 94
39 93
38 92
38 92
37 91
36 90
36 90
35 89
34 88
34 88
33 87
32 87
32 87
31 86
30 86
30 86
29 86
28 86
28 86
27 86
26 86
26 86
25 86
25 86
24 86
24 86
25 86
25 86
26 85
26 85
27 84
27 83
28 82
28 82
29 82
30 81
31 81
31 81
32 80
33 80
34 79
34 79
35 78
36 78
37 77
38 77
38 77
39 77
40 76
41 76
42 75
43 75
43 75
44 74
45 74
46 73
47 73
47 73
48 72
49 72
50 71
51 71
52 70
52 70
53 70
54 69
55 69
56 69
57 68
58 68
58 68
59 68
60 67
61 67
62 66
63 66
63 66
64 66
65 65
66 65
67 64
68 64
68 64
69 64
70 63
71 63
72 62
73 62
73 62
74 62
75 61
76 61
77 60
78 60
78 60
79 60
80 59
81 59
82 59
82 59
83 59
84 58
85 58
86 58
86 58
87 58
88 57
89 57
89 57
90 57
91 56
92 56
92 56
93 56
94 55
95 55
95 55
96 54
97 54
97 54
98 53
98 53
99 52
99 52
99 52
100 52
100 52
99 52
99 52
