0 7
0 7
0 7
0 7
0 7
0 7
0 7
0 7
0 6
0 5
0 5
1 4
1 3
1 3
2 2
2 1
2 1
3 0
4 0
4 0
4 0
5 1
5 2
5 2
5 3
6 4
6 5
6 5
6 6
6 7
6 8
6 9
6 10
6 10
6 11
6 12
6 13
6 14
6 15
6 16
6 17
6 17
6 18
6 19
5 20
5 21
5 22
5 23
5 23
5 24
5 25
5 26
5 27
5 28
5 29
5 29
5 30
5 31
5 32
5 33
5 34
5 34
5 35
5 36
5 37
5 38
5 39
5 39
5 40
4 41
4 42
4 43
4 43
4 44
4 45
4 46
4 47
4 47
4 48
4 49
4 50
4 50
4 51
4 52
4 52
4 53
4 53
4 53
5 53
5 53
5 53
5 52
6 51
6 50
6 49
7 48
7 47
7 46
8 45
8 44
8 43
9 42
9 41
9 40
9 39
10 38
10 37
10 36
11 35
11 34
11 33
12 32
12 31
12 30
13 29
13 28
13 27
14 26
14 25
14 24
15 23
15 22
15 21
16 20
16 19
16 18
16 17
17 16
17 15
17 14
18 13
18 12
18 11
19 10
19 9
19 8
20 7
20 6
20 6
21 5
22 4
22 4
22 3
22 2
22 2
22 2
21 3
21 4
21 4
21 5
21 6
21 6
21 7
21 8
21 9
21 10
21 10
21 11
21 12
21 13
21 14
21 15
21 15
21 16
21 17
21 18
21 19
21 20
21 21
21 21
21 22
21 23
21 24
21 25
21 26
21 27
21 28
21 28
21 29
21 30
21 31
22 32
22 33
22 34
22 35
22 35
22 36
22 37
22 38
22 39
22 40
22 41
22 42
22 42
22 43
22 44
22 45
22 46
22 47
22 47
22 48
22 49
22 50
22 51
22 52
22 52
22 53
23 54
23 55
23 55
23 56
23 57
23 57
23 58
23 59
23 59
23 59
23 59
23 58
23 58
23 57
23 57
22 56
22 55
22 55
21 54
21 53
21 53
20 52
20 51
20 51
20 50
19 49
19 48
19 48
19 47
18 46
18 45
18 45
17 44
17 43
16 42
16 42
15 41
15 40
14 39
14 38
14 38
13 37
13 36
12 35
12 35
11 34
10 33
10 33
9 32
8 32
7 31
7 31
6 31
5 31
5 31
4 32
3 32
3 32
2 33
2 34
2 34
2 35
1 36
1 37
1 37
1 38
1 39
1 40
1 40
1 41
1 41
1 42
1 43
1 43
2 44
3 44
3 44
4 45
4 46
4 46
5 47
6 47
6 47
7 48
8 49
8 49
9 50
10 50
11 51
11 51
12 52
12 53
13 54
13 54
14 54
15 55
16 55
16 55
17 55
18 55
19 55
19 55
20 55
21 54
22 54
22 54
23 53
24 52
24 52
25 51
26 50
27 49
27 49
28 48
28 47
29 46
29 46
30 45
30 44
30 44
31 43
32 42
32 42
33 41
33 41
34 40
34 39
34 39
34 38
34 38
34 37
34 37
34 37
33 38
33 38
32 39
32 39
32 40
31 41
31 42
31 42
30 43
30 44
30 44
30 45
29 46
29 47
29 47
28 48
28 49
28 49
28 50
28 51
28 51
28 52
28 53
28 53
29 54
29 54
30 55
30 56
30 56
31 56
32 56
32 56
33 55
34 55
34 55
35 54
36 54
36 54
37 53
38 52
38 52
39 51
40 51
40 51
41 50
41 49
41 49
42 48
43 48
43 48
44 48
44 48
45 48
45 48
46 48
47 48
47 48
48 47
48 47
49 47
50 47
50 47
51 46
51 46
52 46
53 46
53 46
54 45
54 45
55 45
56 45
56 45
57 46
57 46
57 46
58 47
58 47
59 47
59 47
60 47
61 47
61 47
62 47
62 47
63 46
64 46
64 46
65 45
66 44
66 44
67 43
68 42
68 42
69 41
69 41
70 40
71 40
71 40
72 39
73 39
73 39
74 38
74 38
75 38
76 38
76 38
77 37
77 37
78 37
79 37
79 37
80 37
80 37
81 37
82 37
82 37
83 37
83 37
84 38
84 39
84 39
84 40
84 41
84 41
84 42
84 43
84 43
84 44
84 45
84 46
84 47
84 47
84 48
84 49
84 50
84 51
84 52
84 52
84 53
84 54
84 55
84 56
84 57
84 58
84 58
84 59
84 60
83 61
83 62
83 63
83 63
83 64
83 65
83 66
83 67
83 68
83 69
83 69
83 70
82 71
82 72
82 73
82 73
82 74
82 75
81 76
81 77
81 78
81 78
80 79
80 80
79 81
79 82
79 82
78 83
78 84
77 85
77 85
76 86
75 87
75 87
74 88
73 88
72 89
72 89
71 90
70 91
69 92
69 92
68 93
67 93
66 94
66 94
65 95
64 96
63 96
62 97
62 97
61 98
60 98
59 99
58 99
58 99
57 99
56 99
55 100
54 100
53 100
53 100
52 100
51 100
50 100
49 100
48 100
48 100
47 100
46 100
45 100
44 100
43 100
43 100
42 100
41 99
40 99
39 98
38 98
38 98
37 98
36 97
35 97
34 97
33 96
32 96
32 96
31 96
30 95
29 95
28 94
27 94
27 94
26 93
25 93
24 92
23 92
22 91
21 91
21 91
20 90
19 90
18 89
17 89
16 88
16 88
15 87
14 87
13 86
12 86
12 86
11 85
10 84
9 84
8 83
8 83
7 82
6 81
5 80
5 80
5 79
4 78
4 77
4 77
3 76
3 75
3 75
3 74
3 73
3 73
4 72
4 72
5 71
6 71
6 71
7 71
8 70
9 70
9 70
10 70
11 69
12 69
13 69
13 69
14 69
15 68
16 68
17 68
17 68
18 68
19 68
20 67
21 67
22 67
22 67
23 67
24 66
25 66
26 66
27 65
28 65
28 65
29 65
30 65
31 65
32 64
33 64
34 64
35 64
35 64
36 64
37 63
38 63
39 63
40 63
41 62
42 62
42 62
43 62
44 61
45 61
46 61
47 61
48 60
49 60
50 60
50 60
51 60
52 59
53 59
54 59
55 59
56 58
57 58
58 58
58 58
59 58
60 58
61 58
62 57
63 57
64 57
65 57
66 57
66 57
67 57
68 57
69 57
70 56
71 56
72 56
73 56
73 56
74 56
75 56
76 56
77 56
78 56
79 56
79 56
80 56
81 56
82 56
83 56
84 56
85 56
85 56
86 56
87 56
88 57
89 57
90 57
90 57
91 57
92 57
93 57
93 57
94 57
95 57
96 57
97 57
97 57
98 56
98 56
99 56
99 56
100 56
