0 9
0 9
0 9
0 9
0 8
0 8
0 8
0 8
0 7
0 7
1 6
1 6
2 5
2 4
2 4
3 3
3 3
4 2
4 2
5 1
5 1
6 1
6 1
6 0
6 0
7 1
7 1
7 1
8 2
8 2
8 3
8 4
8 5
8 5
8 6
8 7
8 8
8 9
8 9
8 10
8 11
8 12
8 13
8 14
8 15
8 16
8 16
8 17
8 18
8 19
8 20
8 21
8 22
8 23
8 24
8 25
8 25
8 26
8 27
8 28
8 29
8 30
8 31
8 32
8 33
8 34
8 35
8 35
8 36
8 37
8 38
8 39
8 40
8 41
8 42
8 43
8 43
8 44
8 45
7 46
7 47
7 48
7 49
7 49
7 50
7 51
7 52
7 53
7 53
7 54
7 55
7 56
7 56
7 57
6 58
6 59
6 59
6 60
6 60
6 61
6 61
6 61
6 60
6 60
7 59
7 59
7 58
7 57
8 56
8 55
8 54
8 53
9 52
9 51
9 50
9 49
10 48
10 47
10 46
10 45
11 44
11 43
11 42
11 41
12 40
12 39
12 38
12 37
13 36
13 35
13 34
13 33
14 32
14 31
14 30
14 29
15 28
15 27
15 26
15 25
16 24
16 23
16 22
16 21
17 20
17 19
17 18
17 17
18 16
18 15
18 14
18 14
19 13
20 12
20 11
21 10
22 9
22 9
22 8
22 8
22 8
23 8
23 8
23 9
23 9
23 10
22 11
22 12
22 12
22 13
22 14
22 15
22 16
22 17
22 18
22 18
22 19
22 20
22 21
22 22
22 23
22 24
22 25
22 25
22 26
22 27
22 28
22 29
22 30
22 31
22 32
22 33
22 33
22 34
22 35
22 36
22 37
22 38
22 39
22 40
22 41
22 41
22 42
22 43
22 44
21 45
21 46
21 47
21 48
21 48
21 49
21 50
21 51
21 52
21 52
21 53
22 54
22 55
22 56
22 56
22 57
22 58
22 58
22 59
22 59
22 59
23 58
23 58
23 58
23 57
23 57
22 56
22 55
22 55
21 54
21 53
21 53
21 52
20 51
20 50
20 49
20 49
19 48
19 47
18 46
18 46
18 45
17 44
17 43
17 42
17 42
16 41
16 40
15 39
15 38
15 38
14 37
14 36
13 35
13 35
12 34
12 33
11 32
11 32
10 31
9 31
9 31
8 31
7 31
6 31
6 31
5 31
4 31
4 31
3 32
2 32
2 32
1 33
1 33
1 34
1 34
1 35
1 35
1 36
1 37
1 37
1 38
2 39
2 40
2 40
3 41
4 42
4 42
5 43
6 44
6 44
7 45
8 45
9 46
9 46
10 47
11 47
12 48
12 48
13 49
14 49
15 50
15 50
16 50
17 51
18 51
18 51
19 51
20 51
21 51
21 51
22 51
23 51
24 51
24 51
25 51
26 50
27 50
27 50
28 50
29 49
30 49
30 49
31 48
32 48
32 48
33 47
34 46
34 46
35 45
36 45
36 45
37 44
37 43
37 43
38 42
38 41
38 41
38 40
38 40
38 39
38 39
38 38
38 38
37 37
37 37
36 37
36 37
35 38
34 38
34 38
33 39
33 40
33 40
32 41
31 41
31 41
30 42
30 43
30 43
30 44
29 45
29 46
29 46
29 47
29 47
29 48
29 49
29 49
29 50
30 51
30 52
30 52
30 53
31 54
31 55
31 55
32 56
33 56
33 56
34 57
35 57
35 57
36 58
37 58
37 58
38 58
39 57
40 57
40 57
41 56
42 56
42 56
43 55
43 54
44 53
44 53
45 52
46 51
46 51
47 50
48 49
48 49
49 48
50 48
50 48
51 47
51 46
51 46
52 45
53 44
53 44
54 43
54 42
54 42
55 41
55 41
56 41
56 41
56 42
56 42
57 43
57 44
57 44
57 45
57 46
57 47
57 47
57 48
56 49
56 50
56 50
56 51
56 52
56 53
56 53
57 54
57 54
57 55
57 55
58 54
58 54
59 54
59 54
60 53
60 52
60 52
61 51
62 50
62 50
63 49
63 48
63 48
64 47
65 47
65 47
66 47
66 47
67 46
67 46
68 46
68 46
69 47
69 47
70 48
70 48
70 49
70 49
71 50
71 50
72 51
72 52
72 52
73 53
73 53
73 53
74 53
74 53
75 53
75 53
76 52
76 52
77 51
77 50
77 50
78 49
79 49
79 49
80 48
80 47
80 47
81 46
81 45
82 44
82 44
83 43
84 42
84 42
85 41
85 40
85 40
86 39
86 39
86 38
86 38
87 38
87 38
87 38
87 38
88 39
88 39
88 40
88 41
88 41
88 42
88 43
88 44
88 44
88 45
87 46
87 47
87 48
87 48
87 49
87 50
86 51
86 52
86 53
86 54
86 54
86 55
86 56
86 57
85 58
85 59
85 60
85 61
85 61
85 62
84 63
84 64
84 65
84 66
83 67
83 68
83 69
83 69
83 70
83 71
83 72
82 73
82 74
82 75
82 76
82 77
82 77
82 78
82 79
82 80
81 81
81 82
81 83
81 84
81 84
81 85
81 86
80 87
80 88
80 89
80 90
80 90
80 91
79 92
79 93
79 94
79 94
79 95
78 96
78 97
78 97
77 98
77 99
77 99
76 100
75 100
75 100
74 100
73 100
73 100
72 100
71 100
71 100
70 100
69 100
68 100
68 100
67 99
66 99
65 98
64 98
64 98
63 97
62 97
61 96
61 96
60 96
59 95
58 95
57 94
56 94
56 94
55 93
54 92
53 92
52 91
52 91
51 91
50 90
49 90
48 90
47 89
46 89
46 89
45 89
44 88
43 88
42 88
41 87
40 87
40 87
39 87
38 86
37 86
36 86
35 86
34 85
33 85
33 85
32 85
31 85
30 85
29 84
28 84
27 84
26 84
26 84
25 84
24 83
23 83
22 83
21 82
20 82
20 82
19 82
18 81
17 81
16 80
15 80
15 80
14 79
13 79
12 78
11 78
11 78
10 77
9 77
8 76
7 76
7 76
6 75
5 74
5 74
4 73
4 73
4 72
4 72
5 72
5 72
6 71
7 71
7 71
8 71
9 71
10 71
10 71
11 71
12 70
13 70
14 70
14 70
15 70
16 70
17 69
18 69
19 69
20 69
20 69
21 69
22 69
23 68
24 68
25 68
26 68
26 68
27 68
28 68
29 68
30 67
31 67
32 67
33 67
34 67
34 67
35 67
36 66
37 66
38 66
39 66
40 65
41 65
42 65
42 65
43 65
44 65
45 64
46 64
47 64
48 64
49 63
50 63
51 63
51 63
52 63
53 62
54 62
55 62
56 62
57 61
58 61
59 61
59 61
60 61
61 60
62 60
63 60
64 60
65 59
66 59
67 59
67 59
68 59
69 59
70 59
71 58
72 58
73 58
74 58
75 58
75 58
76 58
77 58
78 58
79 58
80 58
81 58
82 58
82 58
83 58
84 58
85 58
86 58
87 58
88 58
88 58
89 58
90 58
91 58
92 58
93 58
94 58
94 58
95 58
96 59
97 59
97 59
98 59
99 59
99 59
100 60
100 60
99 60
98 60
98 60
97 60
96 60
