3 9
3 10
3 10
2 10
2 10
2 10
1 10
1 10
1 10
1 10
1 9
1 9
2 8
2 8
3 7
4 6
4 6
5 5
5 4
5 4
6 3
7 2
7 2
8 1
8 1
9 1
9 1
10 1
10 1
10 2
10 2
10 3
11 4
11 5
11 5
11 6
11 7
10 8
10 9
10 10
10 10
10 11
10 12
10 13
10 14
10 15
10 16
10 17
10 17
10 18
10 19
10 20
9 21
9 22
9 23
9 24
9 25
9 25
9 26
9 27
9 28
9 29
9 30
9 31
9 32
9 33
9 34
9 34
9 35
9 36
9 37
9 38
9 39
9 40
9 41
9 41
9 42
9 43
8 44
8 45
8 46
8 47
8 47
8 48
8 49
8 50
8 51
8 51
8 52
8 53
8 54
8 54
8 55
8 56
8 57
8 57
8 58
8 58
8 59
8 59
9 60
9 60
9 60
10 59
10 58
11 57
11 56
12 55
12 54
13 53
13 52
14 51
15 50
15 49
16 48
16 47
17 46
17 45
18 44
18 43
19 42
20 41
20 40
21 39
21 38
22 37
22 36
23 35
23 34
24 33
25 32
25 31
26 30
26 29
27 28
27 27
28 26
28 25
29 24
29 24
30 23
30 22
31 21
32 20
32 19
33 18
33 18
33 17
33 16
33 16
34 15
34 14
34 14
34 14
35 15
35 15
35 16
35 16
35 17
35 18
35 19
35 19
35 20
35 21
35 22
35 23
35 24
35 24
35 25
35 26
35 27
35 28
35 29
35 29
35 30
35 31
35 32
35 33
35 34
35 35
35 36
35 36
35 37
35 38
35 39
35 40
35 41
35 41
35 42
35 43
34 44
34 45
34 46
34 46
34 47
34 48
34 49
34 50
34 50
34 51
35 52
35 53
35 53
35 54
35 55
35 55
35 56
35 57
35 58
35 58
36 59
36 59
36 60
36 60
36 61
36 61
36 60
36 60
35 59
35 59
34 58
34 57
34 57
34 56
33 55
33 54
33 53
33 53
33 52
32 51
32 50
32 50
31 49
31 48
30 47
30 47
29 46
29 45
28 44
28 44
27 43
26 42
25 41
25 41
24 40
23 40
22 39
22 39
21 38
20 38
19 37
18 37
18 37
17 37
16 36
15 36
14 36
14 36
13 36
12 35
11 35
10 35
10 35
9 35
8 35
7 35
6 35
6 35
5 36
4 36
4 36
3 37
2 38
2 38
1 39
0 40
0 40
0 41
0 42
0 42
0 43
0 43
1 44
1 45
1 45
2 46
3 46
3 46
4 46
5 46
6 46
6 46
7 46
8 47
9 47
10 47
10 47
11 47
12 47
13 47
14 47
15 47
15 47
16 47
17 47
18 47
19 47
20 47
20 47
21 47
22 48
23 48
24 48
24 48
25 48
26 48
27 48
28 48
29 48
29 48
30 48
31 48
32 48
33 48
33 48
34 48
35 47
36 47
37 47
37 47
38 47
39 47
40 47
40 47
41 47
42 46
43 46
43 46
44 46
45 45
46 45
46 45
47 44
48 44
48 44
49 43
49 42
49 42
50 41
51 40
51 40
51 39
51 39
51 38
51 38
50 38
50 38
49 39
49 39
48 39
47 39
47 39
46 40
45 41
45 41
44 42
43 43
43 43
42 44
41 45
41 45
41 46
40 47
40 48
40 48
39 49
39 50
39 50
39 51
40 52
40 53
40 53
41 54
41 55
41 55
42 56
42 56
43 56
44 57
45 57
45 57
46 57
47 57
47 57
48 57
49 57
50 57
50 57
51 56
52 56
52 56
53 55
54 55
54 55
55 54
56 53
56 53
57 52
57 51
57 51
58 50
59 49
59 49
60 48
60 48
60 47
60 47
61 47
61 47
62 48
62 48
62 49
62 49
63 50
63 51
63 51
64 52
64 53
64 53
64 54
64 54
65 55
65 55
66 55
66 55
67 55
67 55
68 54
68 54
69 53
69 52
69 52
70 51
70 50
70 50
71 49
72 49
72 49
73 48
74 48
74 48
75 48
75 48
76 48
77 48
77 48
78 48
79 48
79 48
80 49
80 49
81 50
82 50
82 50
83 51
83 52
83 52
84 53
84 53
85 53
86 53
86 53
87 54
87 54
88 53
89 53
89 53
90 53
91 53
91 53
92 53
92 53
93 52
94 52
94 52
95 52
95 52
96 51
97 51
97 51
98 51
98 51
99 50
99 50
99 50
100 51
100 51
99 52
99 52
99 53
99 54
99 55
99 55
99 56
98 57
98 58
98 58
98 59
98 60
97 61
97 62
97 63
97 63
97 64
97 65
96 66
96 67
96 68
96 68
96 69
95 70
95 71
94 72
94 73
94 73
94 74
93 75
93 76
92 77
92 78
92 78
92 79
91 80
91 81
90 82
90 83
90 83
89 84
88 85
88 86
87 87
87 87
86 88
86 89
85 90
85 91
85 91
84 92
83 93
82 93
81 94
81 94
80 95
79 96
78 97
78 97
77 98
76 98
75 99
74 99
74 99
73 99
72 99
71 100
70 100
69 100
69 100
68 100
67 100
66 100
65 100
64 100
63 100
63 100
62 100
61 100
60 100
59 100
58 100
57 100
57 100
56 100
55 100
54 100
53 100
52 100
51 100
50 100
50 100
49 100
48 100
47 99
46 99
45 99
44 99
44 99
43 99
42 99
41 99
40 98
39 98
38 98
37 98
37 98
36 98
35 98
34 98
33 97
32 97
31 97
30 97
30 97
29 97
28 97
27 96
26 96
25 96
24 96
24 96
23 96
22 96
21 95
20 95
19 95
19 95
18 95
17 95
16 94
15 94
14 94
14 94
13 94
12 93
11 93
10 93
10 93
9 93
8 93
7 93
7 93
6 92
5 92
5 92
5 91
5 91
6 90
6 90
7 89
8 88
8 88
9 87
10 87
11 86
12 86
12 86
13 86
14 85
15 85
16 85
17 84
18 84
18 84
19 84
20 84
21 84
22 83
23 83
24 83
25 83
25 83
26 83
27 83
28 83
29 82
30 82
31 82
32 82
32 82
33 82
34 82
35 82
36 82
37 81
38 81
39 81
40 81
41 81
41 81
42 81
43 81
44 80
45 80
46 80
47 80
48 79
49 79
50 79
50 79
51 79
52 79
53 79
54 79
55 78
56 78
57 78
58 78
59 78
59 78
60 78
61 78
62 78
63 78
64 78
65 78
66 78
67 78
68 78
68 78
69 78
70 78
71 78
72 79
73 79
74 79
75 79
76 79
76 79
77 79
78 79
79 79
80 79
81 79
82 79
83 79
83 79
84 79
85 79
86 80
87 80
88 80
88 80
89 80
90 81
91 81
92 81
92 81
93 81
94 82
95 82
96 82
