0 8
0 8
0 8
0 8
0 8
0 7
0 6
0 6
0 5
0 4
0 4
1 3
1 3
2 2
2 1
2 1
3 0
3 0
4 1
4 1
5 2
5 2
5 3
6 4
6 5
6 5
6 6
6 7
6 8
6 9
6 10
6 11
6 11
6 12
6 13
6 14
6 15
6 16
6 17
6 18
6 18
6 19
6 20
6 21
6 22
6 23
6 24
6 25
6 26
6 26
6 27
6 28
6 29
6 30
6 31
6 32
6 33
6 34
6 34
6 35
6 36
6 37
6 38
6 39
6 40
6 41
6 42
6 42
6 43
6 44
5 45
5 46
5 47
5 47
5 48
5 49
4 50
4 51
4 52
4 53
4 53
4 54
4 55
4 56
4 57
4 57
4 58
4 59
4 60
4 61
4 61
4 62
4 63
4 63
3 64
3 64
4 64
4 64
4 63
5 62
5 61
5 60
6 59
6 58
6 57
7 56
7 55
7 54
8 53
8 52
9 51
9 50
9 49
10 48
10 47
10 46
11 45
11 44
11 43
12 42
12 41
12 40
13 39
13 38
13 37
14 36
14 35
14 34
15 33
15 32
15 31
16 30
16 29
16 28
17 27
17 26
18 25
18 24
18 23
19 22
19 21
19 20
20 19
20 18
20 17
21 16
21 15
21 14
22 13
22 12
22 12
23 11
24 11
25 10
25 10
25 9
25 9
24 9
24 9
24 10
24 10
24 11
24 11
24 12
24 13
24 13
24 14
24 15
24 16
24 16
24 17
24 18
24 19
24 20
24 20
24 21
24 22
25 23
25 24
25 25
25 26
25 26
25 27
25 28
25 29
25 30
25 31
25 32
25 32
25 33
25 34
25 35
26 36
26 37
26 38
26 39
26 40
26 40
26 41
26 42
26 43
26 44
26 45
26 46
26 46
26 47
26 48
27 49
27 50
27 51
27 51
27 52
27 53
27 54
27 54
27 55
26 56
26 57
26 57
26 57
26 58
26 58
26 57
26 57
26 56
26 55
26 55
26 54
26 53
26 53
26 52
25 51
25 50
25 50
25 49
24 48
24 47
24 47
23 46
23 45
22 44
22 43
22 43
21 42
21 41
20 40
20 40
19 39
19 38
18 37
18 37
17 36
16 35
15 34
15 34
14 33
13 32
13 32
12 31
11 31
10 30
10 30
9 30
8 30
8 30
7 30
6 31
5 31
5 31
4 32
3 32
3 32
2 33
2 34
2 34
1 35
1 35
0 36
0 37
0 37
0 38
0 38
1 39
1 40
1 40
1 41
2 42
2 43
2 43
3 44
4 45
5 46
5 46
6 47
7 48
8 49
8 49
9 50
10 50
11 51
12 51
12 51
13 51
14 50
15 50
16 50
16 50
17 50
18 49
19 49
20 49
20 49
21 49
22 49
23 48
24 48
25 48
25 48
26 47
27 47
28 46
29 46
29 46
30 45
31 45
32 44
33 44
33 44
34 43
35 43
36 42
36 42
37 42
38 41
39 41
39 41
40 40
41 39
41 39
42 38
43 37
43 37
43 36
43 35
43 35
43 34
43 33
43 33
43 32
43 31
43 31
42 30
42 30
41 30
41 30
40 30
40 30
39 31
38 32
38 32
37 33
37 34
37 34
37 35
36 36
36 37
36 37
36 38
35 39
35 40
35 40
34 41
34 42
34 42
34 43
34 44
34 44
34 45
34 46
34 46
35 47
35 48
36 49
36 49
37 50
37 50
38 51
39 52
39 52
40 52
41 52
41 52
42 51
43 51
43 51
44 50
45 50
45 50
46 49
46 48
47 47
47 47
48 46
48 45
49 44
49 44
50 43
50 42
51 41
51 41
52 40
53 40
53 40
54 39
54 38
54 38
55 38
55 38
56 38
56 38
57 39
57 40
57 40
58 41
58 42
58 42
58 43
58 44
58 44
58 45
58 45
59 46
59 46
59 47
59 47
60 47
60 47
61 46
61 46
62 46
62 46
63 45
63 45
64 44
64 44
65 43
66 42
66 42
67 41
67 41
68 40
69 40
69 40
70 40
71 40
71 40
72 39
73 39
73 39
74 40
75 40
75 40
76 40
77 40
77 40
78 41
78 41
79 42
80 42
80 42
81 42
81 42
82 42
83 42
83 42
84 41
85 41
85 41
86 40
87 40
87 40
88 39
88 39
89 38
89 38
90 37
90 36
90 36
91 36
91 36
91 35
91 35
91 36
91 36
92 37
92 37
92 38
92 38
93 39
93 39
93 40
94 41
94 42
94 42
94 43
94 44
94 45
94 45
94 46
94 47
93 48
93 49
93 50
93 50
93 51
93 52
92 53
92 54
92 55
92 56
92 56
92 57
91 58
91 59
91 60
91 61
90 62
90 63
90 63
89 64
89 65
88 66
88 67
87 68
87 69
87 69
87 70
86 71
86 72
86 73
86 74
85 75
85 76
85 76
84 77
84 78
83 79
83 80
82 81
82 82
82 82
81 83
81 84
80 85
80 86
79 87
79 88
79 88
78 89
78 90
77 91
77 92
76 93
76 93
75 94
75 95
74 96
74 97
74 97
73 98
72 99
71 100
71 100
70 100
69 100
68 100
68 100
67 100
66 100
65 100
64 100
64 100
63 100
62 99
61 99
60 99
60 99
59 99
58 99
57 98
56 98
55 98
55 98
54 98
53 98
52 97
51 97
50 97
50 97
49 97
48 96
47 96
46 96
45 95
44 95
44 95
43 95
42 94
41 94
40 94
39 93
38 93
38 93
37 93
36 92
35 92
34 92
33 91
32 91
32 91
31 91
30 90
29 90
28 90
27 89
26 89
26 89
25 88
24 88
23 87
22 87
21 86
21 86
20 85
19 84
18 84
17 83
16 82
16 82
15 81
14 80
13 79
12 78
11 77
11 77
10 76
9 75
9 74
8 73
7 72
7 72
6 71
6 70
5 69
5 69
4 68
3 67
3 67
2 67
2 67
3 67
3 67
4 67
4 67
5 67
6 66
7 66
7 66
8 66
9 65
10 65
11 65
11 65
12 65
13 64
14 64
15 63
16 63
16 63
17 63
18 62
19 62
20 61
21 61
22 60
23 60
23 60
24 60
25 59
26 59
27 59
28 58
29 58
29 58
30 58
31 57
32 57
33 57
34 57
35 56
36 56
37 56
37 56
38 56
39 55
40 55
41 55
42 55
43 54
44 54
45 54
45 54
46 54
47 54
48 54
49 53
50 53
51 53
52 53
53 53
53 53
54 53
55 53
56 53
57 52
58 52
59 52
60 52
61 52
61 52
62 52
63 52
64 52
65 52
66 52
67 52
68 52
69 52
69 52
70 52
71 52
72 52
73 52
74 52
75 52
76 52
77 52
77 52
78 52
79 52
80 53
81 53
82 53
83 53
83 53
84 53
85 53
86 54
87 54
88 54
89 54
89 54
90 54
91 54
92 55
93 55
94 55
94 55
95 55
96 56
97 56
97 56
98 57
99 57
99 57
99 57
100 57
