6 8
6 8
6 7
6 7
5 6
5 6
5 6
5 6
5 6
5 6
4 7
4 7
4 7
4 8
4 8
4 8
4 8
4 7
4 7
4 6
4 6
5 5
5 5
6 4
6 3
6 3
7 2
8 1
8 1
9 1
9 1
10 0
10 0
11 1
11 1
12 1
12 1
13 2
13 2
13 2
14 3
14 4
14 4
14 5
14 6
14 6
14 7
14 8
14 9
14 10
14 10
14 11
14 12
14 13
13 14
13 15
13 16
13 17
13 17
13 18
13 19
13 20
13 21
13 22
13 23
13 24
13 25
13 25
13 26
13 27
13 28
12 29
12 30
12 31
12 32
12 33
12 33
12 34
12 35
12 36
11 37
11 38
11 39
11 40
11 40
11 41
11 42
11 43
10 44
10 45
10 46
10 47
10 47
10 48
10 49
10 50
10 51
10 51
10 52
10 53
10 54
10 54
10 55
10 56
10 56
10 57
10 57
11 57
11 57
11 58
11 58
11 57
11 56
12 55
12 54
12 53
12 52
13 51
13 50
13 49
13 48
14 47
14 46
14 45
14 44
15 43
15 42
15 41
15 40
16 39
16 38
16 37
16 36
17 35
17 34
17 33
17 32
17 31
18 30
18 29
18 28
18 27
19 26
19 25
19 24
19 23
20 22
20 21
20 20
20 19
21 18
21 17
21 16
21 15
22 14
22 13
22 12
22 12
23 11
23 10
24 9
24 8
25 7
25 6
26 5
26 5
27 4
27 4
27 4
27 5
27 5
27 6
27 7
27 8
27 9
27 10
27 10
27 11
27 12
27 13
27 14
27 15
27 16
27 16
27 17
27 18
27 19
27 20
27 21
27 22
27 23
27 24
27 24
27 25
27 26
28 27
28 28
28 29
28 30
28 30
28 31
28 32
28 33
28 34
28 35
28 36
28 37
28 37
28 38
28 39
28 40
28 41
28 42
28 43
28 43
28 44
28 45
29 46
29 47
29 48
29 49
29 49
29 50
29 51
29 52
29 53
29 53
29 54
30 55
30 56
30 57
30 57
30 58
30 59
30 59
30 60
30 60
30 60
30 60
30 59
30 59
29 58
29 57
29 57
28 56
28 55
27 54
27 54
27 53
26 52
26 51
26 51
25 50
25 49
24 48
24 47
24 47
23 46
22 45
21 44
21 44
20 43
20 42
19 41
19 40
19 40
18 39
17 38
16 37
16 37
15 36
14 36
13 35
13 35
12 34
11 34
11 34
10 34
9 33
8 33
8 33
7 34
6 34
6 34
5 35
5 35
4 36
4 37
4 37
4 38
4 38
5 39
5 39
6 40
7 41
7 41
8 42
9 43
10 44
10 44
11 45
12 46
13 47
13 47
14 48
15 48
16 49
17 49
17 49
18 49
19 50
20 50
21 51
22 51
22 51
23 51
24 52
25 52
26 53
27 53
27 53
28 53
29 53
30 53
31 53
31 53
32 53
33 52
34 52
35 52
35 52
36 51
37 50
38 49
38 49
39 48
40 48
41 47
42 47
42 47
43 46
44 45
44 45
45 44
46 43
47 42
47 42
48 41
48 40
48 40
49 39
49 38
49 38
49 37
49 36
49 36
49 35
49 35
48 35
48 35
47 36
47 36
46 37
45 38
45 38
44 39
44 40
44 40
43 41
43 42
42 43
42 43
42 44
42 45
42 46
42 46
42 47
41 48
41 49
41 50
41 50
41 51
41 52
41 53
41 53
42 54
42 55
42 55
43 56
43 57
43 57
44 58
45 58
45 58
46 58
46 58
47 58
48 58
48 58
49 57
50 56
50 56
51 55
52 54
52 54
53 53
54 52
54 52
55 51
55 50
55 50
56 49
57 48
57 48
58 47
58 47
59 46
60 46
60 46
61 46
61 46
62 46
62 46
63 47
63 47
63 48
64 49
64 50
64 50
65 51
65 52
65 52
65 53
65 53
66 54
66 54
66 54
67 53
67 53
68 53
68 53
68 52
68 52
69 51
70 51
70 51
71 50
71 50
72 50
72 50
73 50
74 50
74 50
75 50
75 50
76 51
77 51
77 51
78 52
78 52
79 53
79 53
80 53
81 53
81 53
82 54
82 54
83 54
83 54
84 53
85 53
85 53
86 53
86 53
87 53
88 53
88 53
89 53
89 53
90 52
91 52
91 52
92 52
93 52
93 52
94 51
94 51
95 51
95 51
96 50
96 50
97 49
97 49
97 49
97 50
97 50
97 51
96 52
96 53
96 53
96 54
96 55
96 56
96 56
96 57
95 58
95 59
95 59
95 60
94 61
94 62
94 63
94 63
94 64
93 65
93 66
93 67
93 67
93 68
92 69
92 70
91 71
91 72
91 72
90 73
90 74
89 75
89 76
88 77
88 78
88 78
87 79
87 80
86 81
86 82
85 83
85 83
84 84
83 85
83 86
82 87
81 88
81 88
80 89
79 90
78 91
77 92
77 92
76 93
75 94
74 94
73 95
72 96
72 96
71 97
70 97
69 98
68 98
67 99
67 99
66 99
65 99
64 100
63 100
62 100
62 100
61 100
60 100
59 100
58 100
57 100
56 100
56 100
55 100
54 100
53 100
52 100
51 100
50 100
50 100
49 100
48 100
47 99
46 99
45 99
44 99
44 99
43 99
42 99
41 98
40 98
39 98
38 98
38 98
37 98
36 97
35 97
34 97
33 96
32 96
32 96
31 96
30 95
29 95
28 95
27 94
26 94
26 94
25 94
24 93
23 93
22 93
21 93
20 92
19 92
19 92
18 92
17 91
16 91
15 91
14 90
13 90
13 90
12 90
11 90
10 89
9 89
8 89
8 89
7 89
6 89
5 88
4 88
3 88
3 88
2 88
1 87
0 87
0 87
0 86
0 85
0 85
0 84
0 84
1 83
2 82
2 82
3 82
4 81
5 81
6 80
7 80
7 80
8 80
9 79
10 79
11 79
12 78
13 78
13 78
14 78
15 77
16 77
17 76
18 76
19 75
20 75
20 75
21 75
22 75
23 75
24 74
25 74
26 74
27 74
28 74
28 74
29 74
30 73
31 73
32 73
33 73
34 72
35 72
36 72
36 72
37 72
38 72
39 72
40 72
41 71
42 71
43 71
44 71
45 71
45 71
46 71
47 71
48 71
49 71
50 70
51 70
52 70
53 70
54 70
54 70
55 70
56 70
57 70
58 70
59 70
60 70
61 70
62 70
62 70
63 70
64 70
65 70
66 70
67 70
68 70
69 70
70 70
71 70
71 70
72 70
73 70
74 70
75 70
76 70
77 70
78 70
78 70
79 70
80 70
81 70
82 71
83 71
84 71
85 71
85 71
86 71
87 71
88 72
89 72
90 72
91 72
91 72
92 72
93 72
94 73
95 73
96 73
96 73
97 73
98 73
99 73
