0 11
0 11
0 11
0 11
0 11
0 11
0 10
0 10
0 9
0 9
1 8
1 7
1 7
2 6
2 6
3 5
4 4
4 4
5 3
5 3
6 2
6 2
7 1
7 1
8 0
8 0
9 1
9 1
9 2
9 2
9 3
9 4
9 5
9 5
9 6
9 7
9 8
9 9
9 10
9 10
9 11
9 12
9 13
9 14
9 15
9 16
9 17
9 18
9 18
9 19
9 20
9 21
9 22
9 23
9 24
9 25
9 26
9 27
9 27
9 28
9 29
9 30
9 31
9 32
9 33
9 34
9 35
9 36
9 36
9 37
9 38
9 39
8 40
8 41
8 42
8 43
8 44
8 44
8 45
8 46
8 47
8 48
8 49
8 50
8 50
8 51
7 52
7 53
7 54
7 54
7 55
7 56
7 57
7 57
6 58
6 59
6 59
6 60
6 60
6 60
7 59
7 59
7 58
7 58
7 57
8 56
8 55
8 54
9 53
9 52
9 51
10 50
10 49
10 48
11 47
11 46
11 45
12 44
12 43
12 42
13 41
13 40
13 39
14 38
14 37
15 36
15 35
15 34
16 33
16 32
16 31
17 30
17 29
17 28
18 27
18 26
18 25
19 24
19 23
19 22
20 21
20 20
20 19
21 18
21 17
21 16
22 15
22 14
22 14
23 13
24 12
25 11
26 10
26 10
26 9
26 8
26 8
27 7
27 7
27 7
27 8
27 8
28 9
28 10
28 10
28 11
28 12
28 13
28 14
28 15
28 15
28 16
28 17
28 18
28 19
28 20
28 21
28 21
28 22
28 23
28 24
28 25
28 26
28 27
28 28
28 29
28 30
28 30
28 31
28 32
28 33
28 34
28 35
28 36
28 37
28 38
28 38
28 39
28 40
28 41
28 42
28 43
28 44
28 45
28 46
28 47
28 47
28 48
28 49
28 50
28 51
28 52
28 53
28 54
28 54
28 55
28 56
28 57
28 58
28 59
28 59
28 60
28 61
28 62
28 62
28 63
28 63
28 64
28 64
28 64
28 64
28 63
28 63
27 62
27 62
27 61
26 60
26 59
26 59
26 58
25 57
25 56
25 56
24 55
23 54
22 53
22 53
21 52
21 51
20 50
20 50
19 49
18 48
17 47
17 47
16 46
16 45
15 44
15 44
14 43
13 43
12 42
12 42
11 41
10 40
10 40
9 40
8 39
7 39
7 39
6 38
5 38
5 38
4 38
3 38
3 38
2 39
2 39
1 39
1 39
1 40
1 41
1 41
1 42
1 42
1 43
2 44
2 45
2 45
3 46
4 47
4 47
5 48
6 49
7 50
7 50
8 51
9 51
10 52
10 52
11 52
12 53
13 53
14 53
14 53
15 53
16 54
17 54
18 54
18 54
19 54
20 53
21 53
22 53
22 53
23 53
24 52
25 52
26 52
26 52
27 52
28 51
29 51
30 51
30 51
31 50
32 50
33 49
33 49
34 49
35 48
36 48
36 48
37 48
38 47
39 47
39 47
40 47
40 47
41 46
42 46
42 46
42 45
42 45
42 44
42 44
42 43
42 43
41 42
41 42
40 41
40 41
39 41
39 41
38 42
38 43
38 43
37 44
36 45
36 45
36 46
35 47
35 48
35 48
35 49
35 50
35 50
35 51
35 52
35 53
35 53
35 54
35 55
35 55
36 56
36 57
36 57
37 58
37 59
37 59
38 60
39 60
39 60
40 61
41 61
41 61
42 61
43 61
43 61
44 60
45 59
45 59
46 58
47 57
47 57
48 56
49 55
49 55
49 54
50 53
50 52
50 52
51 51
52 50
52 50
53 49
54 48
54 48
55 47
55 47
56 47
56 47
57 48
57 48
58 49
58 50
58 50
59 51
59 52
59 52
59 53
59 54
59 55
59 55
60 56
60 57
60 57
60 58
60 58
60 59
60 59
60 60
60 60
61 60
61 60
62 59
62 59
63 58
63 58
64 57
65 57
65 57
66 56
66 55
66 55
67 54
68 54
68 54
69 53
70 53
70 53
71 52
71 52
72 51
73 51
73 51
74 52
74 53
74 53
75 54
75 54
76 55
76 56
76 56
77 57
77 58
77 58
78 59
78 59
78 60
78 60
79 60
80 60
80 60
81 60
81 60
82 59
82 59
83 58
83 58
84 57
85 57
85 57
86 56
86 56
86 55
86 55
87 55
87 55
88 55
88 55
89 55
89 55
90 55
90 55
91 56
91 56
92 56
92 56
92 57
92 57
92 58
92 58
92 59
92 60
92 61
92 61
92 62
92 63
91 64
91 65
91 66
91 66
91 67
90 68
90 69
90 70
89 71
89 72
89 72
89 73
88 74
88 75
87 76
87 77
86 78
86 79
86 79
86 80
85 81
85 82
84 83
84 84
84 84
83 85
82 86
82 87
81 88
80 89
80 89
79 90
78 91
77 92
76 93
76 93
75 94
74 95
73 95
72 96
72 96
71 97
70 97
69 98
68 98
68 98
67 98
66 99
65 99
64 100
63 100
63 100
62 100
61 100
60 100
59 100
58 100
58 100
57 100
56 100
55 100
54 100
53 100
52 100
52 100
51 100
50 100
49 100
48 100
47 100
47 100
46 100
45 100
44 99
43 99
42 99
41 99
41 99
40 99
39 99
38 99
37 99
36 99
35 99
34 99
34 99
33 99
32 98
31 98
30 97
29 97
29 97
28 97
27 96
26 96
25 96
24 95
23 95
23 95
22 95
21 94
20 94
19 93
18 93
18 93
17 92
16 91
15 91
14 90
14 90
13 89
12 88
11 87
11 87
10 86
9 85
8 84
8 84
7 83
7 82
7 82
7 81
7 81
8 80
8 80
9 79
10 79
10 79
11 79
12 78
13 78
14 78
14 78
15 78
16 77
17 77
18 76
19 76
19 76
20 76
21 76
22 75
23 75
24 75
25 75
25 75
26 75
27 74
28 74
29 74
30 74
31 73
32 73
32 73
33 73
34 73
35 73
36 72
37 72
38 72
39 72
40 72
40 72
41 72
42 72
43 72
44 72
45 72
46 72
47 72
47 72
48 72
49 72
50 72
51 72
52 72
53 72
54 72
55 72
55 72
56 72
57 73
58 73
59 73
60 73
61 74
62 74
63 74
63 74
64 74
65 74
66 74
67 75
68 75
69 75
70 75
70 75
71 75
72 76
73 76
74 76
75 76
76 77
77 77
77 77
78 77
79 77
80 77
81 78
82 78
83 78
84 78
84 78
85 78
86 78
87 78
88 78
89 78
90 78
90 78
91 78
92 78
93 78
94 78
95 78
95 78
96 78
97 78
98 78
99 78
100 78
