0 5
0 5
0 5
0 4
0 4
0 4
0 3
0 3
1 2
1 2
2 1
2 1
3 1
4 1
4 1
5 0
5 0
6 1
7 1
7 1
7 2
7 2
8 3
8 4
8 4
8 5
8 6
8 7
8 8
8 8
8 9
8 10
7 11
7 12
7 13
7 14
7 14
7 15
7 16
7 17
7 18
7 19
7 20
7 21
7 21
7 22
7 23
7 24
7 25
7 26
7 27
7 28
7 29
7 29
7 30
7 31
7 32
7 33
7 34
7 35
7 35
7 36
7 37
6 38
6 39
6 40
6 41
6 41
6 42
6 43
6 44
6 45
6 46
6 46
6 47
6 48
6 49
6 49
6 50
6 51
6 52
6 53
6 53
6 54
6 55
6 55
7 56
7 57
7 57
7 58
7 58
7 57
8 56
8 55
8 54
9 53
9 52
9 51
9 50
10 49
10 48
10 47
11 46
11 45
11 44
12 43
12 42
12 41
12 40
13 39
13 38
13 37
14 36
14 35
14 34
15 33
15 32
15 31
15 30
16 29
16 28
16 27
17 26
17 25
17 24
18 23
18 22
18 21
18 20
19 19
19 18
19 17
20 16
20 15
20 14
21 13
21 12
21 11
21 10
22 9
22 8
22 8
23 9
23 10
24 11
24 11
24 11
24 11
24 12
24 13
24 14
24 14
24 15
25 16
25 17
25 18
25 18
25 19
25 20
25 21
25 22
25 23
25 23
25 24
25 25
26 26
26 27
26 28
26 29
26 29
26 30
26 31
26 32
26 33
26 34
26 35
26 35
26 36
26 37
27 38
27 39
27 40
27 41
27 41
27 42
27 43
27 44
27 45
27 46
27 46
27 47
27 48
27 49
27 50
27 50
27 51
27 52
27 52
26 53
26 54
26 54
26 54
26 54
26 53
26 53
26 52
26 52
25 51
25 50
25 50
25 49
25 48
25 48
24 47
23 46
23 46
22 45
22 44
21 43
21 43
20 42
20 41
19 40
19 40
18 39
17 38
16 37
16 37
15 36
14 35
13 34
13 34
12 33
11 32
10 31
10 31
9 30
8 30
7 29
7 29
6 29
5 29
5 29
4 30
3 30
3 30
2 31
2 32
2 32
1 33
1 34
1 34
1 35
1 36
1 37
1 37
1 38
1 38
2 39
2 39
3 40
4 40
4 40
5 41
6 41
6 41
7 42
8 42
9 43
10 43
10 43
11 43
12 44
13 44
13 44
14 45
15 45
16 46
17 46
17 46
18 46
19 47
20 47
21 47
21 47
22 47
23 47
24 47
25 47
25 47
26 47
27 46
28 46
28 46
29 45
30 45
31 44
31 44
32 43
33 43
34 42
34 42
35 41
36 40
37 39
37 39
38 38
38 37
39 36
39 36
40 35
41 34
41 34
42 33
42 32
42 32
42 31
42 30
42 30
42 29
42 29
41 29
41 29
40 29
39 29
39 29
38 30
37 31
37 31
37 32
36 33
36 34
36 35
36 35
35 36
35 37
34 38
34 38
34 39
33 40
33 41
33 42
33 42
33 43
33 44
33 44
33 45
33 45
33 46
33 47
33 47
34 48
35 48
35 48
36 49
36 49
37 49
38 50
39 50
39 50
40 50
41 50
41 50
42 50
43 49
44 49
44 49
45 48
46 48
46 48
47 47
48 46
48 46
49 45
49 44
49 44
50 43
51 42
51 42
52 41
53 40
53 40
54 39
55 39
55 39
56 38
57 38
57 38
58 38
59 38
59 38
60 39
60 39
61 40
62 40
62 40
62 41
62 42
62 42
63 43
63 43
63 44
63 45
63 45
64 45
64 45
64 44
64 44
65 43
65 43
66 42
66 42
67 41
68 41
68 41
69 40
69 40
70 40
71 40
71 40
72 39
72 39
73 39
74 39
74 39
75 39
76 39
76 39
77 39
78 39
78 39
79 39
80 39
80 39
81 39
82 39
82 39
83 40
84 40
84 40
85 40
85 40
86 41
86 41
87 42
87 42
88 42
88 42
89 42
89 42
90 41
90 41
91 40
92 40
92 40
93 39
93 38
93 38
94 38
94 38
94 38
94 39
94 40
94 40
94 41
93 42
93 43
93 43
93 44
92 45
92 46
92 47
92 47
92 48
91 49
91 50
91 51
91 51
91 52
90 53
90 54
90 55
90 55
90 56
90 57
89 58
89 59
89 60
89 61
89 61
89 62
89 63
88 64
88 65
88 66
88 67
88 67
88 68
88 69
88 70
87 71
87 72
87 73
87 74
87 74
87 75
87 76
87 77
86 78
86 79
86 80
86 81
86 81
86 82
85 83
85 84
85 85
84 86
84 87
84 87
84 88
83 89
83 90
82 91
82 92
82 92
81 93
80 94
80 95
79 96
79 96
78 97
77 98
76 98
75 99
75 99
74 99
73 99
72 100
71 100
70 100
70 100
69 100
68 100
67 100
66 100
65 100
65 100
64 100
63 100
62 100
61 100
60 100
60 100
59 100
58 100
57 99
56 99
55 99
54 99
54 99
53 99
52 98
51 98
50 98
49 97
48 97
48 97
47 97
46 97
45 97
44 96
43 96
42 96
41 96
41 96
40 96
39 96
38 96
37 95
36 95
35 95
34 95
34 95
33 95
32 94
31 94
30 94
29 94
28 93
27 93
27 93
26 93
25 92
24 92
23 91
22 91
21 90
20 90
20 90
19 90
18 89
17 89
16 88
15 88
14 87
13 87
13 87
12 86
11 85
10 85
9 84
8 83
8 83
7 82
6 81
5 81
4 80
4 80
3 79
2 79
1 78
1 78
0 77
0 77
0 76
0 75
0 75
1 74
1 73
1 73
2 72
3 71
3 71
4 70
5 70
6 69
7 69
7 69
8 69
9 68
10 68
11 67
12 67
12 67
13 67
14 66
15 66
16 66
17 65
18 65
18 65
19 65
20 65
21 65
22 64
23 64
24 64
25 64
25 64
26 64
27 64
28 63
29 63
30 63
31 63
31 63
32 63
33 63
34 63
35 62
36 62
37 62
38 62
39 62
39 62
40 62
41 62
42 62
43 61
44 61
45 61
46 61
47 61
47 61
48 61
49 61
50 61
51 60
52 60
53 60
54 60
55 60
55 60
56 60
57 60
58 59
59 59
60 59
61 59
62 58
63 58
64 58
64 58
65 58
66 58
67 57
68 57
69 57
70 57
71 56
72 56
73 56
73 56
74 56
75 56
76 56
77 55
78 55
79 55
80 55
81 55
81 55
82 55
83 55
84 55
85 54
86 54
87 54
88 54
88 54
89 54
90 54
91 54
92 54
93 54
94 54
94 54
95 54
96 55
97 55
98 55
98 55
99 56
100 57
