0 43
0 43
0 42
0 41
0 40
0 40
0 39
0 38
0 38
1 37
1 36
1 36
1 35
1 34
1 33
1 33
1 32
2 31
2 30
2 30
2 29
2 28
2 27
2 27
2 26
3 25
3 24
3 24
3 23
3 22
3 22
4 21
4 21
5 20
5 20
5 20
6 21
6 21
7 22
7 23
7 23
7 24
7 25
8 26
8 27
8 28
8 29
8 29
8 30
8 31
8 32
8 33
8 34
8 35
8 35
8 36
8 37
8 38
8 39
8 40
8 41
8 42
8 43
8 44
8 44
8 45
8 46
8 47
9 48
9 49
9 50
9 51
9 51
9 52
9 53
9 54
9 55
9 56
9 57
9 58
9 58
9 59
9 60
9 61
9 62
9 63
9 63
9 64
9 65
9 66
9 67
9 68
9 68
9 69
10 70
10 71
10 72
10 72
10 73
10 74
10 75
10 75
10 76
10 77
10 78
10 78
10 79
10 80
10 81
10 81
10 81
10 80
10 79
10 78
10 77
11 76
11 75
11 74
11 73
11 72
11 71
11 70
11 69
12 68
12 67
12 66
12 65
12 64
12 63
12 62
12 61
13 60
13 59
13 58
13 57
13 56
13 55
13 54
13 53
14 52
14 51
14 50
14 49
14 48
14 47
14 46
14 45
14 44
15 43
15 42
15 41
15 40
15 39
15 38
15 37
15 36
16 35
16 34
16 33
16 32
16 31
16 30
16 29
16 28
17 27
17 26
17 25
17 24
17 23
17 22
17 21
17 20
18 19
18 18
18 17
18 16
18 15
18 15
18 16
18 17
18 18
18 18
18 19
18 20
18 21
18 21
18 22
18 23
18 24
18 25
18 25
18 26
18 27
18 28
18 29
18 29
18 30
18 31
19 32
19 33
19 34
19 34
19 35
19 36
19 37
19 38
19 38
19 39
19 40
19 41
19 42
19 43
19 43
19 44
19 45
19 46
19 47
19 47
19 48
20 49
20 50
20 50
20 51
20 52
20 53
20 53
20 54
20 55
20 56
20 56
20 57
20 58
20 59
20 59
20 60
20 61
20 62
20 62
20 63
20 64
20 64
20 65
20 66
20 67
20 67
20 68
20 69
20 70
20 70
20 71
20 72
20 72
19 73
19 73
19 74
19 75
19 75
19 76
19 76
18 77
18 77
17 78
17 78
16 78
16 78
15 79
15 79
14 80
14 80
13 80
13 80
12 81
12 81
11 81
11 81
10 82
10 82
9 82
9 82
8 82
8 82
7 82
7 82
6 81
6 81
5 81
4 81
4 81
3 80
3 80
2 79
2 79
1 78
1 78
1 77
1 77
0 76
0 76
0 75
0 75
0 74
0 74
0 73
0 73
0 72
0 71
0 70
0 70
0 69
0 68
0 68
0 67
1 66
1 65
1 65
1 64
2 63
2 62
2 62
2 61
3 60
3 59
3 59
3 58
4 57
4 56
4 56
4 55
5 54
5 53
5 53
6 52
6 51
7 50
7 50
7 49
8 48
8 47
8 47
9 46
9 45
10 44
10 44
11 43
11 42
11 42
12 41
13 40
13 40
14 39
14 39
15 38
16 38
16 38
17 37
17 37
18 36
18 36
19 35
19 35
20 35
21 35
21 35
22 35
22 35
23 34
23 34
24 34
24 34
25 34
25 34
25 34
26 34
26 34
27 33
27 33
28 33
28 33
29 32
29 32
30 31
30 31
30 30
30 30
31 29
31 29
32 28
32 28
33 28
33 28
33 27
33 27
34 27
34 27
34 26
34 26
34 26
35 25
35 25
35 25
35 24
35 24
36 23
36 23
36 23
36 22
36 22
37 22
37 22
37 21
37 21
37 20
37 20
37 20
37 19
37 19
37 18
37 18
37 17
37 17
37 16
37 15
37 15
36 15
36 15
36 14
36 14
36 13
36 13
35 13
35 13
35 13
34 14
34 14
34 15
34 16
34 16
33 17
33 18
33 18
33 19
33 20
33 21
33 21
33 22
33 23
33 24
33 24
33 25
32 26
32 27
32 27
32 28
32 29
32 29
32 30
32 31
32 32
32 32
32 33
32 34
32 35
32 35
32 36
32 37
32 38
32 38
32 39
32 40
32 41
32 41
32 42
32 43
32 43
33 44
33 45
33 45
33 46
33 46
34 47
34 47
34 47
35 46
35 46
35 45
35 44
35 44
36 43
36 43
36 42
36 41
36 41
36 40
37 39
37 38
37 38
37 37
38 36
38 35
38 35
39 34
39 33
39 33
39 32
40 31
40 30
40 30
40 29
40 28
40 27
40 27
40 26
41 25
41 24
41 23
41 23
41 22
42 21
42 20
42 19
42 19
42 18
43 17
43 16
43 15
43 15
43 14
44 13
44 12
44 12
44 11
44 10
44 9
44 9
45 8
45 7
45 7
46 6
46 5
46 5
46 4
46 4
47 3
47 3
48 2
48 2
48 2
49 2
49 2
49 2
50 2
50 2
50 2
51 3
51 3
51 4
51 4
51 5
51 5
52 6
52 7
52 7
52 8
52 8
52 9
52 10
52 10
52 11
52 12
52 12
52 13
52 14
52 14
52 15
52 16
52 17
52 18
52 18
52 19
51 20
51 21
51 22
51 22
51 23
51 24
51 25
51 26
51 27
51 27
51 28
50 29
50 30
50 30
50 31
50 32
50 33
50 33
50 34
50 35
50 35
50 36
50 37
50 37
50 38
50 38
50 39
50 39
51 39
51 39
51 39
52 38
52 38
53 37
53 36
53 36
53 35
53 34
53 33
53 33
53 32
54 31
54 30
54 30
54 29
55 28
55 27
55 27
55 26
56 25
56 24
56 24
56 23
57 22
57 21
57 20
57 20
57 19
57 18
57 17
57 17
57 16
58 15
58 14
58 14
59 13
59 12
59 12
59 11
59 10
59 10
59 9
59 8
59 8
60 7
60 7
60 6
60 6
60 5
60 5
60 5
61 5
61 5
61 5
61 5
61 6
61 6
61 7
61 7
61 8
61 9
61 9
61 10
61 11
61 11
61 12
60 13
60 14
60 14
60 15
60 16
60 16
61 17
61 18
61 18
61 19
61 20
61 20
62 21
62 21
62 22
62 22
63 22
63 22
64 22
64 22
65 22
65 22
66 22
66 22
67 21
67 21
67 20
68 19
68 18
68 18
69 17
69 16
69 16
70 15
70 14
70 14
70 13
71 12
71 11
71 10
71 10
71 9
72 8
72 7
72 7
72 6
73 5
73 4
73 4
74 3
74 2
74 2
75 1
75 1
75 0
75 0
76 0
76 0
76 1
76 1
77 1
77 1
77 2
77 3
77 3
78 4
78 5
78 5
78 6
78 7
78 8
78 8
78 9
77 10
77 11
77 12
77 12
77 13
77 14
77 15
77 16
77 16
77 17
77 18
76 19
76 20
76 21
76 21
76 22
76 23
76 24
76 25
76 26
76 26
76 27
75 28
75 29
75 30
75 30
75 31
75 32
75 33
75 34
75 34
75 35
75 36
74 37
74 38
74 39
74 39
74 40
74 41
73 42
73 43
73 44
73 44
73 45
73 46
72 47
72 48
72 49
72 49
72 50
72 51
71 52
71 53
71 54
71 54
71 55
71 56
70 57
70 58
70 59
70 59
70 60
70 61
70 62
70 63
70 63
70 64
69 65
69 66
69 67
69 67
69 68
69 69
69 70
69 71
69 71
68 72
68 73
68 73
68 74
67 75
67 76
67 77
67 77
67 78
66 79
66 80
66 80
65 81
65 82
65 82
64 83
64 84
64 84
63 85
63 85
62 86
61 87
61 87
60 88
60 88
59 89
58 90
58 90
57 91
56 91
56 91
55 92
54 92
54 92
53 92
52 92
52 92
51 93
50 93
50 93
49 93
48 93
48 93
47 94
46 94
46 94
45 94
44 94
44 94
43 95
42 95
42 95
41 96
40 96
40 96
39 97
38 97
38 97
37 97
36 97
36 97
35 98
34 98
34 98
33 99
32 99
32 99
31 100
30 100
30 100
29 100
28 100
28 100
27 100
26 100
26 100
25 100
24 100
24 100
23 100
23 100
22 100
22 100
21 100
20 100
20 100
20 100
19 99
19 99
18 99
18 99
18 98
18 98
17 97
17 97
16 96
16 96
15 95
15 95
15 94
15 94
14 94
14 94
14 93
14 93
14 93
13 92
13 92
13 91
13 91
14 90
14 90
14 89
14 88
14 88
15 87
15 87
16 86
17 85
17 85
18 84
18 83
18 83
19 82
19 81
20 80
20 80
21 79
21 78
22 77
22 77
23 76
24 75
25 74
25 74
26 73
26 72
27 71
27 71
28 70
29 69
30 68
30 68
31 67
32 66
33 65
33 65
34 64
35 63
36 62
36 62
37 61
38 61
39 60
39 60
40 59
41 58
42 57
42 57
43 56
44 55
45 55
46 54
46 54
47 53
48 52
49 51
50 50
50 50
51 49
52 48
53 47
53 47
54 46
55 45
56 45
57 44
57 44
58 43
59 42
60 41
60 41
61 40
62 39
63 39
64 38
64 38
65 37
66 37
67 36
68 36
68 36
69 35
70 34
71 33
71 33
72 32
73 32
74 31
75 31
75 31
76 30
77 30
78 29
79 29
79 29
80 28
81 28
82 27
82 27
83 26
84 26
85 25
86 25
86 25
87 25
88 24
89 24
89 24
90 24
91 23
92 23
92 23
93 23
94 22
95 22
95 22
96 22
97 22
97 22
98 22
99 22
100 22
