1 11
1 11
1 11
1 11
1 11
1 11
1 11
1 11
1 11
1 10
1 9
1 9
2 8
2 8
3 7
3 6
3 6
4 5
4 4
5 3
5 3
6 2
7 1
7 1
8 0
8 0
9 0
9 0
10 1
10 2
10 2
10 3
10 4
10 5
10 6
10 7
10 7
10 8
10 9
10 10
10 11
10 12
10 13
10 13
10 14
10 15
10 16
10 17
10 18
10 19
10 20
10 21
10 22
10 22
10 23
10 24
10 25
10 26
10 27
10 28
10 29
10 30
10 31
10 32
10 32
10 33
10 34
10 35
10 36
9 37
9 38
9 39
9 40
9 41
9 41
9 42
9 43
9 44
8 45
8 46
8 47
8 48
8 49
8 49
8 50
8 51
7 52
7 53
7 54
7 54
7 55
7 56
6 57
6 58
6 59
6 59
6 60
5 61
5 62
5 63
5 63
4 64
4 65
4 65
4 66
4 67
4 67
4 67
4 66
4 66
4 66
5 65
5 64
5 64
5 63
6 62
6 61
6 60
7 59
7 58
7 57
8 56
8 55
8 54
9 53
9 52
9 51
10 50
10 49
10 48
10 47
11 46
11 45
11 44
12 43
12 42
12 41
13 40
13 39
13 38
14 37
14 36
14 35
15 34
15 33
15 32
16 31
16 30
16 29
17 28
17 27
17 26
18 25
18 24
18 23
19 22
19 21
19 20
19 19
20 18
20 17
20 16
21 15
21 14
21 13
22 12
22 11
22 10
23 9
23 8
23 7
24 6
24 5
24 5
24 5
23 4
23 4
23 3
23 3
23 4
23 4
23 4
23 5
23 5
23 5
23 6
23 6
23 7
23 8
23 8
23 9
23 10
23 11
23 12
23 12
23 13
23 14
23 15
23 16
23 17
23 18
23 19
23 19
23 20
23 21
23 22
23 23
23 24
23 25
23 26
23 27
23 27
23 28
23 29
23 30
23 31
22 32
22 33
22 34
22 35
22 36
22 37
22 37
22 38
22 39
22 40
22 41
22 42
22 43
22 44
22 44
22 45
22 46
22 47
23 48
23 49
23 50
23 51
23 51
23 52
23 53
23 54
23 55
23 55
23 56
23 57
23 57
23 58
23 59
23 59
24 60
24 60
24 60
24 60
24 60
24 59
24 59
24 58
24 58
24 57
23 56
23 55
23 55
23 54
23 53
23 52
23 51
23 51
23 50
23 49
22 48
22 47
22 46
22 46
22 45
21 44
21 43
21 42
21 42
21 41
20 40
20 39
19 38
19 37
19 37
18 36
18 35
17 34
17 33
17 33
16 32
15 32
14 31
14 31
13 30
12 29
12 29
11 29
10 29
9 29
9 29
8 29
7 29
6 29
6 29
5 29
4 29
3 29
3 29
2 30
1 30
1 30
0 31
0 31
0 32
0 32
0 33
0 34
0 34
0 35
0 36
0 36
1 37
1 38
2 39
2 40
2 40
3 41
3 42
4 43
4 43
5 44
5 45
6 46
6 46
7 47
8 47
9 48
9 48
10 48
11 49
12 49
13 49
13 49
14 49
15 49
16 49
16 49
17 49
18 48
19 48
20 48
20 48
21 48
22 48
23 48
24 48
24 48
25 48
26 49
27 49
28 49
28 49
29 49
30 50
31 50
31 50
32 50
33 49
34 49
34 49
35 49
36 48
37 48
37 48
38 48
39 47
40 47
40 47
41 46
42 45
42 45
43 44
44 43
44 43
45 42
45 41
45 41
46 40
46 39
46 39
46 38
46 38
46 37
46 36
46 36
46 35
46 35
45 34
45 34
44 34
43 34
43 34
42 35
42 35
41 36
40 36
40 36
39 37
38 37
38 37
38 38
37 39
37 40
37 40
36 41
35 42
35 42
35 43
34 44
34 45
34 45
34 46
33 47
33 48
33 48
33 49
32 50
32 51
32 52
32 52
32 53
32 54
32 55
32 55
33 56
33 57
33 57
34 58
34 58
35 59
35 59
36 59
37 59
37 59
38 58
39 58
39 58
40 57
41 57
42 56
42 56
43 55
44 55
45 54
45 54
46 53
47 52
47 52
48 51
49 51
50 50
50 50
51 49
52 48
52 48
53 47
54 47
54 47
55 46
56 45
56 45
57 44
57 43
57 43
58 42
58 42
59 42
59 42
59 42
59 42
59 43
59 43
58 44
58 45
58 45
58 46
58 46
58 47
58 48
58 48
59 49
59 50
59 50
60 51
60 51
61 51
61 51
62 51
62 51
63 51
64 51
64 51
65 50
66 50
66 50
67 49
67 49
68 49
69 48
70 48
70 48
71 47
72 47
72 47
73 46
74 45
74 45
75 44
75 44
76 44
76 44
77 44
77 44
77 44
77 45
77 45
76 46
76 47
76 47
76 48
76 48
76 49
76 49
76 50
76 50
77 51
77 51
77 51
78 51
78 51
79 50
79 50
80 49
80 49
81 49
81 49
82 48
82 48
83 48
83 48
84 47
84 47
85 47
86 47
86 47
87 46
87 46
88 45
88 45
88 45
89 45
89 45
90 45
90 45
90 45
91 45
91 45
91 45
91 45
92 45
92 45
92 45
92 45
92 45
92 45
92 45
92 45
92 45
92 45
92 45
92 45
92 45
92 45
92 45
92 45
91 46
91 46
90 47
90 48
90 48
89 49
89 50
89 50
89 51
88 52
88 53
88 54
88 54
87 55
87 56
86 57
86 58
86 58
86 59
85 60
85 61
85 62
85 63
84 64
84 65
84 65
83 66
83 67
82 68
82 69
81 70
81 71
81 71
81 72
80 73
80 74
79 75
79 76
78 77
78 78
78 78
77 79
77 80
76 81
76 82
75 83
75 84
75 84
74 85
74 86
73 87
72 88
72 89
71 90
71 90
70 91
69 92
69 93
68 94
68 94
67 95
66 96
65 96
64 97
64 97
63 98
62 98
61 99
60 99
60 99
59 99
58 100
57 100
56 100
56 100
55 100
54 100
53 100
52 100
52 100
51 100
50 100
49 100
48 100
47 100
47 100
46 100
45 100
44 99
43 99
42 99
42 99
41 99
40 99
39 98
38 98
37 98
37 98
36 97
35 97
34 96
33 96
33 96
32 96
31 96
30 95
29 95
28 95
28 95
27 94
26 94
25 93
25 93
24 93
23 92
22 92
22 92
21 91
20 90
20 90
19 89
19 88
19 88
19 87
19 87
20 86
21 85
21 85
22 84
23 83
24 83
25 82
25 82
26 81
27 81
28 80
29 80
30 79
30 79
31 78
32 78
33 77
34 77
35 76
36 76
36 76
37 76
38 75
39 75
40 74
41 74
42 74
43 73
44 73
44 73
45 73
46 72
47 72
48 72
49 71
50 71
51 71
52 70
53 70
53 70
54 70
55 70
56 70
57 70
58 69
59 69
60 69
61 69
62 69
63 69
63 69
64 69
65 69
66 69
67 68
68 68
69 68
70 68
71 68
71 68
72 68
73 68
74 69
75 69
76 69
77 69
78 70
79 70
80 70
80 70
81 70
82 71
83 71
84 71
85 72
86 72
86 72
87 73
88 73
89 74
90 74
91 75
91 75
92 76
93 77
94 78
94 78
95 79
96 79
97 80
97 80
98 81
99 82
99 82
100 83
