1 14
1 15
1 15
1 14
1 13
1 13
0 12
0 12
1 12
1 12
1 11
1 11
1 10
1 10
2 9
2 8
2 8
3 7
4 6
4 6
5 5
5 4
5 4
6 3
6 2
7 1
7 1
8 0
8 0
9 1
9 1
10 2
10 3
10 3
10 4
10 5
10 6
10 7
10 7
10 8
10 9
10 10
10 11
10 12
10 13
10 14
10 14
10 15
10 16
10 17
10 18
10 19
10 20
10 21
10 22
10 22
10 23
10 24
10 25
10 26
9 27
9 28
9 29
9 30
9 31
9 31
9 32
9 33
9 34
9 35
9 36
9 37
9 38
9 39
9 39
9 40
9 41
9 42
9 43
8 44
8 45
8 46
8 47
8 48
8 48
8 49
8 50
8 51
8 52
8 53
8 53
8 54
7 55
7 56
7 56
7 57
7 58
7 58
7 59
7 59
8 59
8 59
8 59
8 58
8 57
9 56
9 55
9 54
9 53
10 52
10 51
10 50
10 49
11 48
11 47
11 46
11 45
12 44
12 43
12 42
12 41
13 40
13 39
13 38
13 37
13 36
14 35
14 34
14 33
14 32
15 31
15 30
15 29
15 28
16 27
16 26
16 25
16 24
17 23
17 22
17 21
17 20
18 19
18 18
18 17
18 17
19 16
20 15
21 14
22 13
23 12
24 11
24 11
25 10
25 9
25 9
25 8
25 7
25 7
25 7
25 8
25 9
25 10
25 10
25 11
25 12
26 13
26 14
26 15
26 15
26 16
26 17
26 18
26 19
26 20
26 21
26 22
26 23
26 23
26 24
26 25
26 26
26 27
26 28
26 29
26 30
26 31
26 31
26 32
26 33
26 34
26 35
26 36
26 37
26 38
26 39
26 40
26 40
26 41
26 42
26 43
26 44
26 45
26 46
26 47
26 48
26 49
26 49
26 50
26 51
26 52
26 53
26 54
26 55
26 55
26 56
26 57
27 58
27 59
27 60
27 60
27 61
27 62
27 63
27 63
27 64
27 65
27 65
27 66
27 67
27 67
27 68
27 68
27 67
27 67
27 66
27 66
27 65
27 64
27 63
27 63
27 62
27 61
27 60
27 59
27 59
27 58
26 57
26 56
26 55
26 55
26 54
26 53
25 52
25 51
25 50
25 50
24 49
24 48
23 47
23 47
22 46
22 45
21 44
21 44
20 43
19 42
19 42
18 42
17 41
16 41
16 41
15 41
14 40
13 40
13 40
12 39
11 39
11 39
10 39
9 38
8 38
8 38
7 38
6 38
6 38
5 38
5 38
4 39
4 40
4 40
4 41
4 42
4 42
4 43
5 44
5 45
5 46
5 46
6 47
6 48
7 49
7 49
8 50
8 51
9 52
9 52
10 53
11 53
12 54
12 54
13 54
14 54
15 54
15 54
16 54
17 53
18 53
19 53
19 53
20 53
21 53
22 52
23 52
24 52
24 52
25 52
26 51
27 51
28 51
28 51
29 50
30 50
31 49
32 49
32 49
33 49
34 48
35 48
35 48
36 47
37 47
38 46
38 46
39 45
40 45
40 45
41 44
42 43
42 43
43 42
43 41
43 41
43 40
43 39
43 39
42 38
42 37
42 37
41 36
41 36
40 37
40 37
39 38
38 39
38 39
37 40
37 41
37 41
36 42
36 43
35 44
35 44
35 45
35 46
35 47
35 47
34 48
34 49
34 49
34 50
34 51
34 51
35 52
35 53
35 53
36 54
36 54
37 55
37 55
38 55
39 55
39 55
40 55
40 55
41 55
42 55
42 55
43 55
44 55
44 55
45 54
46 53
46 53
47 52
48 51
48 51
49 50
49 49
50 48
50 47
50 47
51 46
52 45
53 44
53 44
53 43
54 42
54 41
54 40
54 40
55 39
56 38
56 38
57 37
57 37
57 38
57 38
57 39
57 40
57 40
57 41
57 42
57 42
57 43
57 44
57 44
58 45
58 46
58 46
58 47
58 48
58 48
59 49
59 50
59 50
60 51
60 51
61 51
61 51
62 50
62 50
63 49
63 49
64 48
64 48
65 48
66 48
66 48
67 47
67 47
68 46
68 46
69 46
69 46
70 46
70 46
71 47
72 47
72 47
73 47
73 47
73 48
73 48
74 49
74 50
74 50
75 51
76 51
76 51
77 52
77 52
78 53
78 53
79 53
80 53
80 53
81 53
81 53
82 53
83 53
83 53
84 53
84 53
85 52
86 52
86 52
87 51
87 51
88 51
88 51
88 50
88 50
89 50
89 50
89 49
89 49
90 48
90 48
90 47
90 47
90 47
90 48
90 49
90 49
90 50
90 51
89 52
89 53
89 54
89 54
89 55
89 56
88 57
88 58
88 59
88 59
88 60
88 61
87 62
87 63
87 64
87 65
87 65
87 66
86 67
86 68
86 69
86 70
85 71
85 72
85 72
85 73
84 74
84 75
84 76
83 77
83 78
83 78
83 79
82 80
82 81
81 82
81 83
81 83
80 84
80 85
79 86
79 87
79 87
78 88
78 89
77 90
77 91
76 92
76 92
75 93
74 94
73 95
73 95
72 96
71 97
70 97
69 98
69 98
68 98
67 99
66 99
65 99
65 99
64 99
63 99
62 100
61 100
60 100
60 100
59 100
58 100
57 100
56 100
55 100
55 100
54 100
53 100
52 100
51 100
50 100
49 100
49 100
48 100
47 100
46 100
45 100
44 100
43 100
42 100
42 100
41 100
40 100
39 100
38 100
37 100
36 100
35 100
35 100
34 100
33 100
32 100
31 100
30 100
29 100
28 100
28 100
27 100
26 100
25 99
24 99
23 99
22 99
22 99
21 99
20 99
19 98
18 98
17 98
17 98
16 98
15 97
14 97
13 97
12 96
11 96
11 96
10 95
9 95
8 94
7 94
7 94
6 93
5 92
4 91
4 91
3 90
2 89
1 88
1 88
0 87
0 86
0 86
0 85
0 85
0 84
0 84
1 83
2 83
3 82
3 82
4 81
5 81
6 80
7 80
8 79
8 79
9 79
10 78
11 78
12 77
13 77
13 77
14 77
15 76
16 76
17 76
18 76
19 75
20 75
20 75
21 75
22 74
23 74
24 74
25 74
26 73
27 73
27 73
28 73
29 73
30 73
31 73
32 72
33 72
34 72
35 72
36 72
36 72
37 72
38 72
39 72
40 72
41 72
42 72
43 72
44 72
44 72
45 72
46 72
47 72
48 72
49 72
50 72
51 72
52 72
52 72
53 72
54 72
55 72
56 73
57 73
58 73
59 73
60 73
60 73
61 73
62 73
63 73
64 74
65 74
66 74
67 74
68 74
68 74
69 74
70 74
71 74
72 75
73 75
74 75
75 75
76 75
76 75
77 75
78 75
79 75
80 76
81 76
82 76
83 76
83 76
84 76
85 76
86 77
87 77
88 77
89 77
89 77
90 77
91 78
92 78
93 78
93 78
94 78
95 78
96 78
97 78
97 78
98 78
99 79
100 79
