5 3
6 2
6 2
6 1
6 1
5 1
5 1
5 1
5 2
5 2
5 3
5 4
5 5
5 5
5 6
5 7
5 8
5 9
5 10
5 11
5 11
5 12
5 13
5 14
5 15
5 16
5 17
5 18
5 19
5 20
5 21
5 22
5 22
5 23
5 24
5 25
5 26
5 27
5 28
5 29
5 30
5 31
5 32
5 33
5 34
5 35
5 36
5 36
5 37
5 38
5 39
5 40
5 41
5 42
5 43
5 44
5 45
5 46
5 47
5 48
5 49
5 50
5 51
5 52
5 53
5 53
5 54
5 55
5 56
5 57
5 58
5 59
5 60
5 61
6 62
6 63
6 64
6 65
6 66
6 67
6 68
6 69
6 70
6 70
6 71
6 72
6 73
6 74
6 75
6 76
6 77
6 78
6 79
6 80
6 81
6 81
6 82
6 83
6 84
5 85
5 86
5 87
5 88
5 88
5 89
5 90
5 91
5 92
5 93
5 93
5 94
5 95
5 95
5 96
5 97
5 97
5 96
5 96
5 96
5 95
5 94
5 94
5 93
5 92
5 91
6 90
6 89
6 88
6 87
6 86
6 85
6 84
7 83
7 82
7 81
7 80
7 79
7 78
7 77
8 76
8 75
8 74
8 73
8 72
8 71
9 70
9 69
9 68
9 67
9 66
9 65
9 64
10 63
10 62
10 61
10 60
10 59
10 58
10 57
11 56
11 55
11 54
11 53
11 52
11 51
11 50
12 49
12 48
12 47
12 46
12 45
12 44
12 43
13 42
13 41
13 40
13 39
13 38
13 37
14 36
14 35
14 34
14 33
14 32
14 31
14 30
15 29
15 28
15 27
15 26
15 25
15 24
15 23
16 22
16 21
16 20
16 19
16 19
16 18
16 17
17 16
17 15
17 14
17 13
17 13
17 12
17 11
17 10
17 9
17 9
17 8
17 7
16 6
16 5
16 4
16 4
16 3
16 3
17 3
17 3
17 3
18 4
18 5
18 5
18 6
19 7
19 8
19 9
19 9
19 10
19 11
19 12
19 13
19 14
19 14
19 15
19 16
20 17
20 18
20 19
20 20
20 20
20 21
20 22
21 23
21 24
21 25
21 25
21 26
21 27
21 28
21 29
21 30
21 31
21 31
21 32
21 33
22 34
22 35
22 36
22 36
22 37
22 38
22 39
22 40
22 41
22 42
22 43
22 43
22 44
22 45
22 46
21 47
21 48
21 49
21 50
21 51
21 51
21 52
21 53
20 54
20 55
20 56
20 57
20 57
20 58
19 59
19 60
19 61
19 62
18 63
18 64
18 64
17 65
17 66
16 67
16 68
16 68
15 69
14 70
14 71
13 72
13 72
12 73
11 74
10 74
9 75
9 75
8 75
7 75
7 75
6 75
5 75
4 75
4 75
3 74
2 73
2 73
1 72
1 71
1 71
0 70
0 69
0 69
0 68
0 67
0 67
0 66
0 66
0 65
0 64
0 63
0 63
1 62
2 61
2 61
3 60
3 59
3 59
4 59
5 59
6 59
6 59
7 60
8 61
8 61
9 62
9 63
10 64
10 65
10 65
11 66
11 67
12 68
12 69
13 70
13 70
13 71
14 72
14 73
14 74
14 75
15 76
15 77
15 77
15 78
16 79
16 80
16 81
16 82
17 83
17 84
17 84
17 85
18 86
18 87
19 88
19 89
19 89
20 90
20 91
21 92
21 93
22 94
22 94
23 95
23 96
24 97
24 98
24 98
25 99
26 99
27 100
27 100
28 100
29 100
30 100
30 100
31 99
32 99
32 99
33 98
34 98
35 97
35 97
36 96
36 95
37 94
37 93
37 93
37 92
38 91
38 90
38 89
38 89
38 88
38 87
39 86
39 85
39 84
39 84
39 83
40 82
40 81
40 80
40 80
40 79
40 78
40 77
40 76
40 75
40 75
40 74
40 73
40 72
40 71
40 70
40 70
40 69
40 68
40 67
40 66
40 66
40 65
39 64
39 63
39 63
38 63
38 63
37 64
37 65
37 65
37 66
36 67
36 68
36 68
36 69
36 70
35 71
35 72
35 73
35 73
35 74
35 75
35 76
35 77
35 78
35 78
35 79
35 80
35 81
35 82
35 83
35 83
35 84
35 85
35 86
35 86
35 87
36 88
36 89
36 89
37 90
38 91
38 91
39 92
40 93
40 93
41 94
42 95
42 95
43 96
44 97
44 97
45 98
46 99
46 99
47 99
48 99
48 99
49 98
49 97
50 96
50 96
50 95
50 94
51 93
51 92
51 91
51 91
52 90
52 89
53 88
53 87
53 87
54 86
54 85
55 84
55 83
55 83
56 82
56 81
56 81
57 80
58 80
58 80
59 81
60 81
60 81
61 82
61 83
61 83
62 84
62 85
62 85
63 86
63 87
63 87
64 88
64 88
65 89
66 90
66 90
67 91
67 91
68 91
68 91
69 91
70 91
70 91
71 90
71 90
72 89
73 89
73 89
74 89
74 89
75 90
76 90
76 90
77 91
77 91
78 92
78 93
78 93
79 94
79 95
79 95
80 96
80 96
81 97
82 97
82 97
83 96
83 96
84 95
84 95
85 94
85 94
86 93
86 92
86 92
87 91
87 90
87 90
88 89
89 88
89 88
90 87
90 86
91 85
91 85
91 84
92 83
92 82
93 81
93 80
93 80
94 79
94 78
95 77
95 76
96 75
96 74
96 74
97 73
98 72
98 71
99 70
100 69
