19 18
18 17
18 16
17 15
17 14
16 13
15 12
15 11
14 10
13 9
13 8
12 7
12 6
11 5
10 4
10 3
9 2
9 1
8 0
8 0
8 0
7 1
7 1
6 1
6 1
6 1
7 1
7 1
7 2
7 2
7 3
7 3
7 3
7 4
7 5
7 6
7 7
7 8
7 9
6 10
6 11
6 12
6 13
6 14
6 15
6 16
6 17
6 17
6 18
6 19
6 20
5 21
5 22
5 23
5 24
5 25
5 25
5 26
5 27
5 28
5 29
5 30
4 31
4 32
4 33
4 34
4 35
4 36
4 37
4 37
4 38
4 39
4 40
4 41
4 42
4 43
3 44
3 45
3 46
3 47
3 48
3 49
3 50
3 50
3 51
3 52
3 53
3 54
3 55
3 56
2 57
2 58
2 59
2 60
2 61
2 62
2 63
2 64
2 64
2 65
2 66
2 67
2 68
2 69
2 70
1 71
1 72
1 73
1 74
1 75
1 76
1 77
1 77
1 78
1 79
1 80
1 81
0 82
0 83
0 84
0 85
0 86
0 86
0 87
0 88
0 89
0 90
0 91
0 92
0 92
0 93
0 94
0 95
0 96
0 96
0 97
0 98
0 99
0 99
0 100
0 100
0 100
1 100
1 100
1 100
1 99
1 98
2 97
2 96
2 95
2 94
3 93
3 92
3 91
3 90
4 89
4 88
4 87
4 86
5 85
5 84
5 83
5 82
6 81
6 80
6 79
6 78
7 77
7 76
7 75
7 74
8 73
8 72
8 71
8 70
9 69
9 68
9 67
9 66
10 65
10 64
10 63
10 62
11 61
11 60
11 59
11 58
12 57
12 56
12 55
12 54
13 53
13 52
13 51
13 50
14 49
14 48
14 47
14 46
15 45
15 44
15 43
15 42
16 41
16 40
16 39
16 38
17 37
17 36
17 35
17 34
18 33
18 32
18 31
18 30
19 29
19 28
19 27
19 26
20 25
20 24
20 23
20 22
21 21
21 20
21 19
21 19
22 18
23 18
24 17
24 17
23 17
23 17
23 17
23 18
23 19
23 19
23 20
23 21
23 22
23 22
23 23
23 24
23 25
23 26
23 27
23 27
23 28
23 29
22 30
22 31
22 32
22 33
22 33
22 33
22 34
22 35
21 36
21 37
21 38
21 39
21 40
20 41
20 42
20 43
20 44
20 45
20 46
19 47
19 48
19 49
19 49
19 50
18 51
18 52
18 53
18 54
17 55
17 56
17 57
17 57
17 58
16 59
16 60
16 61
16 62
15 63
15 64
15 65
15 65
15 66
14 67
14 68
14 69
14 70
13 71
13 72
13 72
13 73
12 74
12 75
12 76
11 77
11 78
11 78
11 79
10 80
10 81
9 82
9 83
9 83
8 84
8 85
7 86
7 86
6 87
6 88
5 89
5 89
4 90
4 90
3 90
3 90
2 89
2 89
2 89
2 88
2 87
1 86
1 85
1 84
1 83
1 83
1 82
2 81
2 80
2 79
2 79
2 78
2 77
2 76
2 75
2 74
2 74
2 73
2 72
3 71
3 70
3 69
3 69
4 68
4 67
5 66
5 65
5 65
6 64
6 63
7 62
7 61
7 61
8 60
8 59
8 59
9 58
10 58
10 58
11 59
12 59
12 59
12 59
13 60
14 61
15 62
16 63
16 63
17 64
17 65
18 66
18 67
18 67
19 68
19 69
20 70
20 71
20 71
20 72
20 73
21 74
21 75
21 76
21 76
21 77
21 78
22 79
22 80
22 81
22 81
22 82
23 83
23 84
23 85
23 85
24 86
24 87
25 88
25 88
26 89
26 90
26 90
27 91
28 91
28 91
29 90
30 90
30 90
31 89
32 88
32 88
33 87
33 86
34 85
34 84
34 84
34 83
35 82
35 81
36 80
36 79
36 79
37 78
37 77
38 76
38 75
38 75
38 74
39 73
39 72
40 71
40 70
40 70
40 69
40 68
41 67
41 66
41 65
41 65
41 64
41 63
42 62
42 61
42 60
42 60
42 59
42 58
42 57
42 56
42 56
42 55
42 54
42 53
42 52
42 52
42 51
42 51
41 51
41 51
40 51
40 51
40 52
39 53
39 54
39 54
39 55
38 56
38 57
38 58
38 58
38 59
37 60
37 61
36 62
36 63
36 63
36 64
35 65
35 66
35 67
35 67
35 68
35 69
35 70
35 71
35 72
35 73
35 73
35 74
35 75
35 76
35 77
35 78
35 78
35 79
35 80
35 81
35 82
35 82
35 83
35 84
35 84
36 85
37 86
37 86
38 85
38 85
39 84
40 84
41 83
41 83
42 82
42 81
43 80
43 79
43 79
43 78
44 77
44 76
45 75
45 74
45 74
45 73
46 72
46 71
46 70
47 69
47 68
47 68
47 67
48 66
48 65
49 64
49 63
49 63
49 62
50 61
50 60
51 59
51 58
51 58
51 57
52 56
52 55
52 55
52 54
52 54
53 54
53 54
53 55
53 56
53 56
54 57
54 58
54 58
54 59
55 60
55 61
55 61
56 62
56 63
56 63
56 64
57 65
57 66
57 66
57 67
57 68
57 69
57 69
58 70
58 71
58 71
59 72
59 73
59 73
60 74
60 75
60 75
61 76
61 76
62 77
62 77
62 76
62 76
63 75
63 74
63 74
63 73
64 72
64 71
64 71
65 70
65 69
65 69
65 68
66 67
66 66
66 66
67 65
67 65
67 65
68 66
68 66
69 67
69 68
69 68
69 69
69 70
69 70
70 71
70 72
70 72
71 73
72 74
72 74
72 75
72 75
73 75
73 75
74 74
74 74
75 73
76 73
76 73
77 72
77 71
77 71
78 70
78 70
79 69
80 69
80 69
81 69
81 69
82 69
82 69
83 69
83 69
84 69
84 69
85 68
85 67
85 67
86 66
87 66
87 66
88 65
88 64
89 63
89 63
90 62
90 61
90 61
91 60
92 60
92 60
93 59
94 59
94 59
95 58
95 58
96 58
96 58
96 59
96 59
97 59
97 59
97 59
98 58
98 57
98 57
99 56
99 55
99 55
100 54
100 53
100 53
99 52
99 52
98 51
98 50
98 50
97 49
96 49
96 49
95 48
95 47
95 47
94 46
94 45
93 44
93 44
