11 3
11 3
11 2
12 1
12 0
12 0
11 1
11 2
11 2
11 3
11 3
11 4
11 5
11 6
11 7
11 8
11 9
11 9
11 10
11 11
11 12
10 13
10 14
10 15
10 16
10 17
10 17
10 18
10 19
10 20
10 21
10 22
10 23
10 24
10 25
10 26
10 27
10 27
10 28
10 29
10 30
10 31
9 32
9 33
9 34
9 35
9 36
9 37
9 37
9 38
9 39
9 40
9 41
9 42
9 43
9 44
9 45
9 46
9 47
9 48
9 48
9 49
9 50
9 51
9 52
9 53
9 54
9 55
9 56
9 57
9 58
9 58
9 59
9 60
9 61
8 62
8 63
8 64
8 65
8 66
8 66
8 67
8 68
8 69
7 70
7 71
7 72
7 73
7 73
7 74
7 75
7 76
7 77
7 78
7 79
7 79
7 80
7 81
6 82
6 83
6 84
6 85
6 85
6 86
6 87
6 88
6 89
6 89
6 88
7 87
7 86
7 85
7 84
8 83
8 82
8 81
8 80
9 79
9 78
9 77
10 76
10 75
10 74
10 73
11 72
11 71
11 70
11 69
12 68
12 67
12 66
13 65
13 64
13 63
13 62
14 61
14 60
14 59
14 58
15 57
15 56
15 55
16 54
16 53
16 52
16 51
17 50
17 49
17 48
17 47
18 46
18 45
18 44
19 43
19 42
19 41
19 40
20 39
20 38
20 37
20 36
21 35
21 34
21 34
22 33
23 32
24 31
25 30
26 29
27 28
27 28
28 27
28 26
28 26
28 25
28 25
28 26
28 26
28 27
28 28
28 29
28 29
28 30
27 31
27 32
27 32
27 33
27 34
26 35
26 36
26 37
26 37
26 38
26 39
25 40
25 41
25 42
25 42
25 43
24 44
24 45
24 46
23 47
23 48
23 48
23 49
22 50
22 51
21 52
21 53
20 54
20 55
20 55
20 56
19 57
19 58
18 59
18 60
18 60
17 61
17 62
16 63
16 64
15 65
15 66
15 66
14 67
13 68
12 68
11 69
11 69
10 70
9 70
8 71
8 71
7 71
6 72
5 72
5 72
4 71
3 70
3 70
2 69
1 68
1 68
0 67
0 66
0 66
0 65
0 65
0 65
1 65
1 65
2 65
3 65
3 65
4 66
5 66
5 66
6 67
7 67
8 68
8 68
9 69
10 69
11 70
11 70
12 71
13 72
14 73
14 73
15 74
16 75
17 76
17 76
18 77
19 78
19 79
20 80
20 80
21 81
22 82
22 83
23 84
23 84
24 85
25 85
26 86
26 86
27 86
28 87
29 87
29 87
30 87
31 86
32 86
32 86
33 85
34 85
35 84
35 84
36 83
36 82
37 81
37 81
38 80
38 79
39 78
39 78
40 77
40 76
40 76
40 75
41 74
41 73
41 73
42 72
42 71
42 71
42 70
43 69
43 68
43 68
43 67
44 66
44 65
44 65
44 64
44 63
44 63
43 62
43 62
43 62
42 63
42 63
41 64
41 65
40 66
40 67
40 67
40 68
39 69
39 70
39 71
39 71
38 72
38 73
37 74
37 75
37 75
37 76
36 77
36 78
36 79
36 79
36 80
36 81
36 82
36 83
36 84
36 84
36 85
36 86
36 87
36 88
36 88
36 89
36 90
36 91
36 91
36 92
37 93
37 94
37 94
38 95
39 96
39 96
40 96
41 97
42 97
42 97
43 97
44 97
45 97
45 97
46 97
47 96
48 96
48 96
49 95
49 94
50 93
50 93
51 92
52 92
53 91
53 91
54 90
54 89
55 88
55 88
56 87
56 86
57 85
57 85
58 84
58 83
59 82
59 81
59 81
59 80
60 79
60 78
60 78
61 77
61 77
62 77
62 77
63 78
63 78
64 79
64 80
64 80
64 81
65 82
65 83
65 84
65 84
65 85
65 86
65 87
65 88
65 89
65 90
65 90
65 91
65 92
65 93
65 94
65 95
65 95
65 96
66 97
66 98
66 98
66 99
66 100
66 100
66 100
66 100
67 99
67 98
67 98
68 97
68 96
68 96
68 95
69 94
69 93
69 93
69 92
70 91
70 90
70 90
71 89
71 88
72 87
72 87
73 86
74 85
74 85
75 84
76 84
76 84
77 85
77 85
78 86
79 87
79 87
79 88
80 89
80 90
80 90
81 91
82 92
82 92
83 93
83 94
83 94
84 95
84 96
84 96
85 96
85 96
86 96
86 96
86 95
86 95
87 94
87 94
87 93
87 93
88 92
88 92
89 92
89 92
90 91
91 91
91 91
92 90
92 89
93 88
93 88
94 87
94 86
95 85
95 84
95 84
95 83
96 82
96 81
97 80
97 79
97 79
98 78
98 77
99 76
99 75
100 74
100 73
