0 0
0 0
0 0
0 0
0 0
0 0
0 0
0 1
0 2
0 3
0 4
0 5
0 5
0 6
0 7
0 8
0 9
0 10
0 11
0 12
0 13
0 14
0 15
0 15
0 16
0 17
0 18
0 19
0 20
0 21
0 22
0 23
0 24
0 25
0 26
0 27
0 28
0 28
0 29
0 30
0 31
0 32
0 33
0 34
0 35
0 36
0 37
0 38
0 39
0 40
0 41
0 42
0 43
0 44
0 45
0 45
0 46
0 47
0 48
0 49
0 50
0 51
0 52
0 53
0 54
0 55
0 56
0 57
0 58
0 59
0 59
0 60
0 61
0 62
0 63
0 64
0 65
0 66
0 67
0 68
0 69
0 70
0 71
0 72
0 73
0 73
0 74
0 75
0 76
0 77
0 78
0 79
0 80
0 81
0 82
0 83
0 83
0 84
0 85
0 86
0 87
0 88
0 89
0 90
0 91
0 91
0 92
0 93
0 94
0 95
0 96
0 96
0 97
0 98
0 99
0 99
0 100
0 100
0 100
0 99
0 98
0 98
0 97
0 96
0 95
1 94
1 93
1 92
1 91
1 90
1 89
2 88
2 87
2 86
2 85
2 84
2 83
3 82
3 81
3 80
3 79
3 78
3 77
3 76
4 75
4 74
4 73
4 72
4 71
4 70
5 69
5 68
5 67
5 66
5 65
5 64
6 63
6 62
6 61
6 60
6 59
6 58
7 57
7 56
7 55
7 54
7 53
7 52
7 51
8 50
8 49
8 48
8 47
8 46
8 45
9 44
9 43
9 42
9 41
9 40
9 39
10 38
10 37
10 36
10 35
10 34
10 33
10 32
11 31
11 30
11 29
11 28
11 27
11 26
12 25
12 24
12 23
12 22
12 21
12 20
13 19
13 18
13 17
13 16
13 16
14 15
14 14
15 13
15 13
15 12
15 11
15 11
15 10
15 10
16 10
16 10
17 11
17 12
17 12
17 13
18 14
18 15
18 15
19 16
19 17
20 18
20 18
20 19
20 20
20 21
20 22
20 22
20 23
21 24
21 25
21 26
21 26
21 27
21 28
21 29
21 30
21 31
21 31
21 32
21 33
20 34
20 35
20 36
20 36
20 37
19 38
19 39
19 40
18 41
18 42
18 42
18 43
17 44
17 45
17 46
16 47
16 48
16 48
16 49
15 50
15 51
14 52
14 53
13 54
13 55
13 55
12 56
11 57
11 58
10 59
10 59
9 60
9 61
8 62
8 63
8 63
7 64
6 64
6 64
5 65
4 65
4 65
3 64
2 64
2 64
1 64
1 64
0 63
0 63
0 62
0 62
0 61
0 61
1 60
1 59
1 59
2 58
2 58
3 57
3 57
4 57
4 57
5 58
6 58
6 58
7 59
8 60
8 60
9 61
9 62
10 63
10 64
10 64
10 65
11 66
11 67
12 68
12 69
12 69
13 70
13 71
14 72
14 73
14 73
14 74
14 75
15 76
15 77
15 78
15 78
16 79
16 80
17 81
17 81
18 82
18 83
19 84
19 84
20 84
21 85
22 85
22 85
23 85
24 84
25 84
25 84
26 83
27 83
28 82
28 82
29 81
29 80
30 79
30 79
31 78
32 78
33 77
33 77
34 76
34 75
35 74
35 74
36 73
36 72
36 72
37 71
37 70
37 70
37 69
37 68
37 68
37 67
37 66
37 65
37 65
37 64
36 63
36 62
36 62
36 61
36 60
36 60
35 59
35 59
34 60
34 61
34 61
34 62
33 63
33 64
33 64
33 65
32 66
32 67
32 68
32 68
32 69
32 70
32 71
32 72
32 73
32 73
32 74
31 75
31 76
31 77
31 77
31 78
32 79
32 80
32 81
32 81
32 82
32 83
32 83
33 84
33 85
33 85
34 85
35 85
35 85
36 85
37 85
37 85
38 84
39 83
39 83
40 82
41 82
42 81
42 81
43 80
44 80
44 80
45 79
46 78
46 78
47 77
48 76
48 76
49 75
50 74
50 74
51 73
52 72
52 72
53 71
53 70
54 69
54 69
55 68
56 68
56 68
57 68
58 68
58 68
59 69
60 69
60 69
60 70
61 71
61 72
61 72
61 73
62 74
62 75
62 76
62 76
62 77
63 78
63 79
63 80
63 80
63 81
64 82
64 83
64 84
64 84
65 85
65 85
66 85
66 85
67 84
67 84
68 83
69 82
69 82
70 81
70 80
71 79
71 78
71 78
72 77
73 76
73 76
74 75
75 74
75 74
76 73
77 72
77 72
78 72
79 72
79 72
80 73
81 74
81 74
82 75
83 76
83 76
84 77
85 78
85 78
86 79
87 80
87 80
87 81
88 82
88 83
88 83
89 84
89 84
90 84
90 84
90 83
90 83
91 82
91 81
91 81
91 80
92 79
92 78
92 78
92 77
93 76
93 75
93 74
93 74
94 73
94 72
95 71
95 70
95 70
95 69
96 68
96 67
96 66
97 65
97 64
97 64
98 63
98 62
99 61
99 60
100 59
100 58
