10 1
11 2
11 2
10 3
9 3
9 3
9 4
9 5
9 6
8 7
8 8
8 9
8 10
8 10
8 11
8 12
8 13
8 14
8 15
8 16
8 17
8 18
8 18
8 19
8 20
8 21
8 22
7 23
7 24
7 25
7 26
7 27
7 27
7 28
7 29
7 30
7 31
7 32
6 33
6 34
6 35
6 36
6 37
6 38
6 38
6 39
6 40
6 41
6 42
6 43
5 44
5 45
5 46
5 47
5 48
5 49
5 50
5 50
5 51
5 52
5 53
5 54
5 55
5 56
5 57
5 58
5 59
5 60
5 61
5 62
5 63
5 63
5 64
5 65
4 66
4 67
4 68
4 69
4 70
3 71
3 72
3 73
3 73
3 74
3 75
3 76
2 77
2 78
2 79
2 80
2 80
2 81
2 82
1 83
1 84
1 85
1 86
1 86
1 87
0 88
0 89
0 90
0 90
0 91
0 92
0 92
0 92
0 91
1 90
1 89
1 88
1 87
2 86
2 85
2 84
3 83
3 82
3 81
3 80
4 79
4 78
4 77
4 76
5 75
5 74
5 73
6 72
6 71
6 70
6 69
7 68
7 67
7 66
8 65
8 64
8 63
8 62
9 61
9 60
9 59
9 58
10 57
10 56
10 55
11 54
11 53
11 52
11 51
12 50
12 49
12 48
13 47
13 46
13 45
13 44
14 43
14 42
14 41
14 40
15 39
15 38
15 37
16 36
16 35
16 34
16 33
17 32
17 31
17 31
18 30
19 29
19 28
20 27
21 26
22 25
22 24
23 23
23 23
24 22
25 21
25 21
26 22
26 22
26 23
27 24
27 25
27 26
27 26
27 27
28 28
28 29
28 30
28 30
28 31
28 32
28 33
28 34
28 35
28 35
28 36
28 37
28 38
27 39
27 40
27 41
27 42
27 42
27 43
26 44
26 45
26 46
26 47
25 48
25 49
25 49
25 50
24 51
24 52
24 53
24 54
23 55
23 56
23 56
23 57
22 58
22 59
21 60
21 61
20 62
20 63
20 63
19 64
19 65
18 66
18 67
17 68
17 69
17 69
16 70
15 71
14 72
13 73
13 73
12 73
11 74
10 74
10 74
9 74
8 73
7 73
7 73
6 72
5 71
5 70
4 69
4 69
3 68
3 67
2 66
2 66
2 65
1 64
1 63
1 62
1 62
1 61
1 60
1 59
1 59
1 58
1 57
1 57
1 57
2 57
2 57
3 58
4 58
4 58
5 59
6 59
7 60
7 60
7 61
8 62
8 63
9 64
9 65
9 65
10 66
11 67
11 68
12 69
13 70
13 70
13 71
14 72
14 73
15 74
15 75
16 76
16 77
16 77
17 78
18 79
18 80
19 81
20 82
20 82
21 83
22 84
22 85
23 86
23 86
24 87
25 88
26 89
27 90
27 90
28 90
29 91
30 91
30 91
31 91
32 91
33 91
33 91
34 91
35 90
36 90
37 90
37 90
38 89
39 88
39 88
40 87
41 86
42 85
42 85
43 84
43 83
44 82
44 81
44 81
44 80
45 79
45 78
45 77
45 77
45 76
45 75
45 74
45 73
45 73
45 72
46 71
46 70
46 69
46 69
46 68
45 67
45 66
45 65
45 65
45 64
45 64
44 64
44 64
43 65
43 66
43 66
43 67
42 68
42 69
42 70
42 70
42 71
41 72
41 73
40 74
40 75
40 75
40 76
40 77
39 78
39 79
39 80
39 81
39 81
39 82
38 83
38 84
38 85
38 85
38 86
38 87
38 88
38 89
38 90
38 90
38 91
38 92
38 93
38 94
38 94
38 95
39 96
39 97
39 97
40 98
40 99
41 100
41 100
42 100
43 100
43 100
44 99
45 99
45 99
46 98
47 98
48 97
48 97
49 96
49 95
50 94
50 93
50 93
51 92
51 91
52 90
52 89
52 89
52 88
53 87
53 86
54 85
54 84
54 84
55 83
55 82
56 81
56 81
57 81
57 81
58 82
58 82
58 83
59 84
59 85
59 86
59 86
59 87
59 88
59 89
59 90
59 90
59 91
59 92
60 93
60 94
60 95
60 95
60 96
61 97
61 98
61 98
61 99
61 100
61 100
62 100
62 100
63 99
63 99
64 98
64 97
64 97
64 96
65 95
65 94
65 93
65 93
66 92
66 91
66 91
67 90
67 89
67 89
68 88
69 87
69 87
70 86
71 86
71 86
72 86
72 86
73 86
74 86
74 86
75 86
76 86
77 86
77 86
78 87
78 87
79 88
80 88
80 88
81 89
81 89
82 90
82 90
83 90
83 90
83 89
83 89
84 88
84 87
84 87
85 86
86 86
86 86
87 85
87 84
87 84
88 83
89 83
89 83
90 82
91 82
91 82
92 81
92 80
92 80
93 79
94 78
94 77
95 76
95 76
95 75
96 74
96 73
97 72
97 71
97 71
97 70
98 69
98 68
99 67
99 66
100 65
100 64
