10 6
10 6
10 5
10 4
10 3
10 2
10 2
10 1
10 0
10 0
10 1
10 1
10 2
10 3
10 4
10 5
10 6
10 6
10 7
10 8
9 9
9 10
9 11
9 12
9 12
9 13
9 14
9 15
9 16
9 17
9 18
9 19
9 20
9 21
9 22
9 22
9 23
9 24
9 25
9 26
9 27
8 28
8 29
8 30
8 31
8 32
8 33
8 34
8 34
8 35
8 36
8 37
8 38
8 39
8 40
8 41
8 42
8 43
8 44
8 45
8 46
8 47
8 47
8 48
8 49
8 50
8 51
8 52
7 53
7 54
7 55
7 56
7 57
7 58
7 59
7 59
7 60
7 61
7 62
7 63
7 64
6 65
6 66
6 67
6 68
6 69
6 70
6 70
6 71
6 72
6 73
6 74
5 75
5 76
5 77
5 78
5 79
5 80
5 80
5 81
5 82
5 83
4 84
4 85
4 86
4 87
4 87
4 88
4 89
3 90
3 91
3 92
3 92
3 93
3 94
3 95
3 96
3 97
3 97
3 98
3 99
3 100
3 100
3 99
4 98
4 97
4 96
5 95
5 94
5 93
5 92
6 91
6 90
6 89
7 88
7 87
7 86
8 85
8 84
8 83
8 82
9 81
9 80
9 79
10 78
10 77
10 76
11 75
11 74
11 73
11 72
12 71
12 70
12 69
13 68
13 67
13 66
14 65
14 64
14 63
14 62
15 61
15 60
15 59
16 58
16 57
16 56
17 55
17 54
17 53
17 52
18 51
18 50
18 49
19 48
19 47
19 46
20 45
20 44
20 43
20 42
21 41
21 40
21 40
22 39
22 38
23 37
24 36
25 35
25 34
26 33
27 32
27 31
28 30
28 30
29 29
29 28
30 27
30 26
30 26
31 26
31 26
32 27
32 27
32 28
32 29
32 29
32 30
32 31
32 31
32 32
31 33
31 34
31 35
31 35
31 36
30 37
30 38
29 39
29 40
29 40
29 41
28 42
28 43
28 44
28 45
27 46
27 47
27 47
27 48
26 49
26 50
25 51
25 52
24 53
24 54
24 54
23 55
23 56
22 57
22 58
21 59
21 60
20 61
20 61
19 62
19 63
18 64
18 65
17 66
17 67
17 67
16 68
15 69
14 70
13 71
13 71
12 72
11 73
11 74
10 75
10 75
9 75
8 76
7 76
7 76
6 75
5 75
5 75
4 74
3 73
3 73
2 72
2 71
1 70
1 70
1 69
0 68
0 67
0 66
0 66
0 65
0 64
0 63
0 63
0 62
0 62
1 61
1 61
2 62
2 62
3 62
4 63
5 63
5 63
6 64
7 64
8 65
8 65
9 66
10 67
10 68
11 69
11 69
12 70
13 71
13 72
14 73
14 73
15 74
16 75
17 75
18 76
18 76
19 77
20 78
21 79
22 80
22 80
23 81
24 82
25 83
25 83
26 84
27 85
28 85
29 86
29 86
30 87
31 88
31 88
32 89
33 89
34 90
34 90
35 90
36 90
36 90
37 90
38 89
39 89
39 89
40 88
41 87
41 87
42 86
43 86
44 85
44 85
45 84
46 83
46 83
47 82
47 81
48 80
48 80
48 79
49 78
49 77
49 76
49 76
49 75
49 74
49 73
49 73
49 72
50 71
50 70
50 69
50 69
50 68
49 67
49 66
49 66
48 65
48 64
48 64
47 65
46 65
46 65
45 66
44 67
44 67
43 68
43 69
42 70
42 71
42 71
42 72
41 73
41 74
40 75
40 76
40 76
40 77
40 78
39 79
39 80
39 81
39 81
39 82
38 83
38 84
38 85
38 85
38 86
38 87
38 88
38 89
38 89
38 90
38 91
38 92
38 93
38 93
38 94
39 95
39 96
39 96
39 97
40 98
40 99
40 99
41 100
42 100
42 100
43 100
44 100
45 100
45 100
46 100
47 100
47 100
48 99
49 98
50 97
50 97
51 96
51 95
52 94
52 93
52 93
52 92
53 91
53 90
54 89
54 88
54 88
55 87
55 86
56 85
56 84
56 84
57 83
57 82
58 81
58 81
58 80
59 79
59 78
59 78
60 77
60 77
61 77
61 77
62 77
62 77
63 78
63 79
63 79
63 80
63 81
63 82
63 82
63 83
64 84
64 85
64 86
64 86
64 87
64 88
64 89
64 90
64 90
64 91
64 92
64 93
64 93
64 94
64 95
64 96
64 96
65 97
65 98
65 98
65 97
65 97
66 96
67 96
67 96
68 95
68 94
68 94
69 93
69 92
69 92
70 91
71 90
71 90
72 89
72 89
73 88
74 88
74 88
75 88
75 88
76 88
77 88
77 88
78 89
78 89
79 89
80 89
80 89
81 90
81 91
81 91
82 92
83 92
83 92
84 93
84 94
84 94
85 95
85 96
85 96
86 97
86 97
86 98
86 98
87 97
87 97
87 97
88 96
88 95
88 95
89 94
89 93
90 92
90 92
90 91
91 90
91 89
91 88
91 88
92 87
92 86
93 85
93 84
93 84
93 83
94 82
94 81
95 80
95 79
95 79
95 78
96 77
96 76
96 75
96 74
97 73
97 72
97 72
98 71
99 70
99 69
100 68
