8 1
8 1
8 1
8 1
8 2
8 3
8 4
8 4
8 5
8 6
7 7
7 8
7 9
7 9
7 10
7 11
7 12
7 13
7 14
7 15
7 16
7 17
7 18
7 19
7 19
7 20
7 21
7 22
7 23
7 24
7 25
6 26
6 27
6 28
6 29
6 30
6 31
6 32
6 32
6 33
6 34
6 35
6 36
6 37
6 38
5 39
5 40
5 41
5 42
5 43
5 44
5 45
5 46
5 46
5 47
5 48
5 49
5 50
5 51
4 52
4 53
4 54
4 55
4 56
4 57
4 58
4 58
4 59
4 60
4 61
4 62
3 63
3 64
3 65
3 66
3 67
3 68
3 68
3 69
3 70
3 71
3 72
2 73
2 74
2 75
2 76
2 77
2 77
2 78
2 79
2 80
2 81
2 82
2 83
2 83
2 84
1 85
1 86
1 87
1 87
1 88
1 89
1 89
1 89
1 88
1 87
2 86
2 85
2 84
2 83
3 82
3 81
3 80
3 79
4 78
4 77
4 76
4 75
5 74
5 73
5 72
5 71
6 70
6 69
6 68
6 67
7 66
7 65
7 64
7 63
8 62
8 61
8 60
8 59
8 58
9 57
9 56
9 55
9 54
10 53
10 52
10 51
10 50
11 49
11 48
11 47
11 46
12 45
12 44
12 43
12 42
13 41
13 40
13 39
13 38
14 37
14 36
14 35
14 34
15 33
15 32
15 31
15 31
16 30
17 29
17 28
18 27
19 26
20 25
20 24
21 23
22 22
22 22
22 21
23 20
23 19
23 19
23 18
24 17
24 16
24 16
25 16
25 16
25 17
25 17
25 18
25 19
25 19
25 20
25 21
25 22
25 23
25 23
25 24
25 25
24 26
24 27
24 28
24 29
24 29
24 30
23 31
23 32
23 33
23 34
22 35
22 36
22 37
22 37
22 38
22 39
21 40
21 41
21 42
21 43
20 44
20 45
20 46
20 46
20 47
19 48
19 49
18 50
18 51
17 52
17 53
17 53
16 54
16 55
15 56
15 57
14 58
14 59
13 60
13 61
13 61
12 62
12 63
11 64
11 65
10 66
10 66
9 67
8 67
7 68
7 68
6 68
5 68
5 68
4 67
3 67
2 66
2 66
2 65
1 64
1 63
1 62
1 62
1 61
1 60
0 59
0 58
0 57
0 57
0 56
0 55
0 55
0 54
0 54
0 54
0 55
0 55
1 56
2 57
2 57
3 58
3 59
4 60
4 60
5 61
6 62
6 63
7 64
7 64
8 65
9 66
9 67
10 68
10 68
11 69
12 70
12 71
13 72
14 73
14 73
15 74
15 75
16 76
16 77
17 78
17 79
17 79
18 80
19 81
20 82
21 83
21 83
22 84
23 85
23 86
24 87
24 87
25 87
26 88
27 88
28 88
28 88
29 88
30 87
31 87
31 87
32 86
33 85
34 84
34 84
34 83
35 82
35 81
36 80
36 79
36 79
37 78
37 77
38 76
38 75
39 74
39 73
39 73
39 72
40 71
40 70
40 69
41 68
41 67
41 67
41 66
42 65
42 64
42 63
42 63
42 62
43 61
43 60
43 60
43 59
43 58
43 57
43 57
43 56
43 56
43 56
42 56
42 56
42 57
41 58
41 59
41 59
41 60
40 61
40 62
39 63
39 64
39 64
39 65
39 66
38 67
38 68
38 69
38 70
38 70
38 71
38 72
37 73
37 74
37 75
37 76
37 76
37 77
37 78
37 79
36 80
36 81
36 82
36 83
36 83
36 84
36 85
36 86
36 87
36 88
36 89
36 90
36 90
36 91
36 92
36 93
36 94
36 95
36 95
36 96
37 97
37 98
37 98
38 99
38 100
38 100
39 100
40 100
40 100
41 100
42 99
43 99
43 99
44 98
45 97
46 96
46 96
47 95
48 94
49 93
49 93
50 92
50 91
51 90
51 90
52 89
52 88
53 87
53 87
54 86
54 85
55 84
55 83
55 83
56 82
56 81
57 80
57 79
57 79
58 78
58 77
59 76
59 75
59 75
60 74
60 73
60 73
61 74
61 74
62 75
62 75
62 76
62 77
62 78
62 79
62 79
62 80
62 81
63 82
63 83
63 84
63 85
63 85
63 86
63 87
64 88
64 89
64 90
64 91
64 91
64 92
64 93
64 94
64 95
64 95
65 96
65 97
65 97
66 98
66 98
67 97
67 97
68 96
68 95
68 95
68 94
69 93
69 92
69 92
70 91
70 90
70 90
70 89
71 88
71 87
71 87
72 86
73 85
73 85
74 85
74 85
75 85
76 85
76 85
77 86
78 87
78 87
79 88
80 89
80 89
81 90
82 90
82 90
83 91
84 91
84 91
85 91
85 91
86 90
87 90
87 90
88 89
88 88
88 88
89 87
89 86
89 86
90 85
91 84
91 84
92 83
92 83
93 83
94 83
94 83
95 83
96 83
96 83
97 82
98 82
98 82
99 81
100 80
