0 10
1 9
1 8
1 8
1 8
1 8
1 8
1 9
1 10
1 11
1 11
1 12
1 13
0 14
0 15
0 16
0 16
0 17
0 18
0 19
0 20
0 21
0 22
0 23
0 24
0 25
0 25
0 26
0 27
0 28
0 29
0 30
0 31
0 32
0 33
0 34
0 35
0 35
0 36
0 37
0 38
0 39
0 40
0 41
0 42
0 43
0 44
0 45
0 45
0 46
0 47
0 48
0 49
1 50
1 51
1 52
1 53
1 54
1 55
1 55
1 56
1 57
1 58
1 59
1 60
1 61
1 62
1 63
1 64
1 64
1 65
1 66
1 67
0 68
0 69
0 70
0 71
0 71
0 72
0 73
0 74
0 75
0 76
0 77
0 78
0 78
0 79
0 80
0 81
0 82
0 83
0 84
0 84
0 85
0 86
0 87
0 88
0 89
0 89
0 90
0 91
0 92
0 93
0 93
0 94
0 94
0 93
0 93
0 92
0 91
1 90
1 89
1 88
1 87
1 86
1 85
2 84
2 83
2 82
2 81
2 80
3 79
3 78
3 77
3 76
3 75
3 74
4 73
4 72
4 71
4 70
4 69
5 68
5 67
5 66
5 65
5 64
5 63
6 62
6 61
6 60
6 59
6 58
7 57
7 56
7 55
7 54
7 53
7 52
8 51
8 50
8 49
8 48
8 47
9 46
9 45
9 44
9 43
9 42
10 41
10 40
10 39
10 38
10 37
10 36
11 35
11 34
11 33
11 32
11 31
12 30
12 29
12 28
12 27
12 26
12 25
13 24
13 23
13 22
13 21
13 20
14 19
14 18
14 17
14 16
14 15
14 14
15 13
15 12
15 11
15 10
15 9
16 8
16 7
16 6
16 5
16 4
16 3
17 2
17 1
17 0
17 0
18 1
18 2
19 3
19 4
20 5
20 6
20 6
20 7
19 8
19 9
19 9
19 10
19 11
19 11
19 12
19 13
19 14
19 15
19 15
19 16
20 17
20 18
20 19
21 20
21 21
21 21
21 22
22 23
22 24
22 25
22 25
23 26
23 27
24 28
24 28
25 29
25 30
26 31
26 31
26 32
27 33
27 34
27 34
28 35
28 36
28 36
28 37
28 38
28 39
28 39
27 40
27 41
26 42
26 43
26 43
26 44
25 45
25 46
24 47
24 48
24 48
24 49
23 50
23 51
23 52
22 53
22 54
22 54
21 55
21 56
20 57
20 58
19 59
19 60
19 60
18 61
18 62
17 63
17 64
16 65
16 66
16 66
15 67
15 68
14 69
14 70
13 71
13 71
12 72
12 73
11 74
11 75
10 76
10 76
9 77
8 77
7 78
7 78
6 79
5 79
5 79
4 78
4 78
4 77
3 76
3 75
3 75
3 74
3 73
3 72
3 72
3 71
3 70
3 69
3 69
3 68
4 67
4 66
4 66
5 65
6 65
6 65
7 64
8 64
8 64
9 65
10 65
10 65
11 66
12 66
12 66
13 67
13 68
14 69
14 69
15 70
16 71
16 71
17 72
17 73
17 73
18 74
19 75
19 75
19 76
20 77
20 78
20 78
20 79
21 80
21 81
21 82
21 82
22 83
22 84
23 85
23 86
23 86
24 87
24 88
25 89
25 89
26 90
27 91
27 91
28 92
29 93
29 93
30 93
31 93
32 93
32 93
33 92
34 92
34 92
35 91
35 90
36 89
36 89
37 88
37 87
38 86
38 86
38 85
39 84
39 83
39 82
39 82
39 81
40 80
40 79
40 78
40 78
40 77
40 76
40 75
40 75
40 74
40 73
40 72
40 72
40 71
39 70
39 69
39 69
38 68
38 68
37 69
37 69
37 70
37 71
37 71
37 72
36 73
36 74
36 75
36 75
36 76
36 77
35 78
35 79
35 80
35 80
35 81
35 82
34 83
34 84
34 85
34 86
34 86
34 87
34 88
34 89
34 90
34 90
34 91
34 92
34 93
34 94
34 94
34 95
35 96
35 97
35 97
36 98
37 98
37 98
38 98
38 98
39 97
40 97
40 97
41 97
42 96
43 96
43 96
44 95
44 94
45 93
45 93
46 92
46 91
47 90
47 90
48 89
49 89
50 88
50 88
51 87
51 86
52 85
52 85
53 84
54 84
54 84
55 83
55 83
56 83
57 83
57 83
58 84
58 85
58 85
59 86
59 87
59 87
59 88
60 89
60 90
60 90
61 91
61 92
61 92
62 93
62 94
62 94
63 95
63 96
63 96
64 96
64 96
65 96
65 96
66 95
66 94
66 94
67 93
67 92
67 92
68 91
69 91
69 91
70 90
70 90
71 91
72 91
72 91
73 92
73 93
73 93
74 94
75 95
75 95
75 96
76 97
76 98
76 98
77 99
78 100
78 100
79 100
79 100
80 100
80 100
81 99
81 99
82 99
82 99
82 98
82 97
82 97
82 96
83 95
83 94
83 94
83 93
84 92
84 91
84 90
84 90
85 89
85 88
86 87
86 86
87 85
87 85
87 84
88 83
88 82
88 81
88 80
89 79
89 78
89 78
90 77
90 76
91 75
92 74
92 73
93 72
93 72
94 71
94 70
95 69
96 68
96 67
97 66
97 66
98 65
99 64
100 63
