10 4
10 4
10 3
10 2
10 1
10 1
10 0
10 0
10 1
10 2
10 3
10 4
10 5
10 5
10 6
10 7
10 8
9 9
9 10
9 11
9 12
9 13
9 13
9 14
9 15
9 16
9 17
9 18
8 19
8 20
8 21
8 22
8 23
8 24
8 24
8 25
8 26
8 27
8 28
8 29
8 30
8 31
8 32
8 33
8 34
8 35
8 36
8 36
8 37
8 38
8 39
8 40
8 41
7 42
7 43
7 44
7 45
7 46
7 47
7 48
7 48
7 49
7 50
7 51
7 52
7 53
6 54
6 55
6 56
6 57
6 58
6 59
6 59
6 60
6 61
6 62
6 63
5 64
5 65
5 66
5 67
5 68
5 68
5 69
5 70
4 71
4 72
4 73
4 74
4 74
4 75
4 76
3 77
3 78
3 79
3 79
3 78
4 77
4 76
4 75
5 74
5 73
5 72
6 71
6 70
6 69
7 68
7 67
7 66
8 65
8 64
9 63
9 62
9 61
10 60
10 59
10 58
11 57
11 56
11 55
12 54
12 53
12 52
13 51
13 50
13 49
14 48
14 47
14 46
15 45
15 44
15 43
16 42
16 41
16 40
17 39
17 38
17 37
18 36
18 35
18 34
19 33
19 32
20 31
20 30
20 29
21 28
21 27
21 26
22 25
22 24
22 23
23 22
23 21
23 20
24 19
24 18
24 17
25 16
25 15
25 15
26 14
27 13
28 12
29 12
30 11
31 10
31 10
32 10
32 10
31 10
31 10
31 11
31 12
31 13
31 13
31 14
30 15
30 16
30 16
30 17
30 18
29 19
29 20
29 21
29 21
29 22
28 23
28 24
28 25
28 26
27 27
27 28
27 28
27 29
26 30
26 31
26 32
26 33
25 34
25 35
25 36
25 36
25 37
24 38
24 39
23 40
23 41
23 42
22 43
22 44
22 44
22 45
21 46
21 47
21 48
20 49
20 50
20 51
19 52
19 53
19 53
19 54
18 55
18 56
17 57
17 58
16 59
16 60
16 60
15 61
15 62
14 63
14 64
13 65
13 65
12 66
11 67
11 68
10 69
10 69
9 69
8 70
7 70
7 70
6 70
5 69
4 69
4 69
3 68
3 67
3 67
2 66
2 65
1 64
1 64
1 63
0 62
0 61
0 60
0 60
0 59
0 58
0 58
0 57
0 56
0 56
1 55
1 55
2 54
2 54
3 55
4 55
4 55
5 56
6 57
7 58
7 58
8 59
9 60
10 61
10 61
11 62
12 63
12 64
13 65
13 65
14 66
15 67
15 68
16 69
16 69
17 70
18 71
18 72
19 73
19 73
20 74
20 75
21 76
21 77
22 78
22 78
23 79
24 80
24 81
25 82
25 82
26 83
26 84
27 85
27 86
27 86
28 87
28 88
29 89
29 89
30 89
31 89
31 89
32 89
33 88
34 88
34 88
35 87
36 87
37 86
37 86
38 85
38 84
39 83
39 82
39 82
40 81
40 80
41 79
41 78
42 77
42 77
42 76
43 75
43 74
43 73
44 72
44 71
44 71
44 70
45 69
45 68
46 67
46 66
46 66
46 65
46 64
47 63
47 62
47 61
47 60
47 60
47 59
48 58
48 57
48 56
48 56
48 55
47 54
47 53
47 53
47 53
46 54
45 55
45 55
44 56
44 57
43 58
43 59
43 59
43 60
42 61
42 62
41 63
41 64
41 64
41 65
40 66
40 67
40 68
40 69
39 70
39 71
39 71
39 72
39 73
38 74
38 75
38 76
38 77
38 77
38 78
38 79
37 80
37 81
37 82
37 83
37 83
37 84
37 85
36 86
36 87
36 88
36 89
36 89
36 90
36 91
36 92
36 93
36 94
36 94
36 95
37 96
37 97
37 98
37 98
38 99
39 100
39 100
40 100
41 100
41 100
42 100
43 99
44 99
44 99
45 98
45 97
46 96
46 96
47 95
48 94
48 93
49 92
49 92
50 91
50 90
51 89
51 88
51 88
52 87
52 86
53 85
53 84
53 84
54 83
54 82
55 81
55 81
55 80
56 79
56 78
56 77
56 77
57 76
58 75
58 75
59 74
59 73
59 73
60 72
60 72
61 73
62 73
62 73
63 74
63 75
63 75
63 76
64 77
64 78
64 78
64 79
64 80
64 81
64 82
64 82
64 83
65 84
65 85
65 85
65 86
65 87
65 87
66 88
66 88
67 87
67 87
68 86
68 86
68 85
69 84
69 83
69 83
70 82
71 82
71 82
72 82
73 82
73 82
74 83
74 83
75 84
76 84
76 84
77 85
77 86
77 86
78 87
79 87
79 87
80 87
81 87
81 87
82 86
82 86
83 85
84 84
84 84
85 83
85 83
86 82
86 82
87 81
87 81
88 80
88 80
89 79
90 79
90 79
91 78
92 77
92 77
93 76
93 75
94 74
94 74
95 73
96 72
96 71
97 70
97 70
98 69
98 68
99 67
99 66
100 65
100 64
