15 0
15 0
15 0
15 0
15 0
15 0
15 0
15 1
15 2
15 3
15 3
15 4
15 5
15 6
15 6
15 7
15 8
15 9
15 10
15 10
15 11
15 12
15 13
15 14
15 14
15 15
15 16
15 17
15 18
15 19
15 20
15 21
15 21
15 22
15 23
15 24
15 25
15 26
15 27
15 28
15 28
15 29
15 30
15 31
16 32
16 33
16 34
16 35
16 36
16 36
16 37
16 38
16 39
16 40
16 41
16 42
16 43
16 44
16 45
16 45
16 46
16 47
16 48
16 49
16 50
16 51
16 52
16 53
16 54
16 54
16 55
16 56
16 57
16 58
17 59
17 60
17 61
17 62
17 63
17 63
17 64
17 65
17 66
17 67
17 68
17 69
17 70
17 71
17 71
17 72
17 73
17 74
17 75
17 76
17 77
17 78
17 78
17 79
17 80
18 81
18 82
18 83
18 83
18 84
18 85
18 86
18 87
18 87
18 88
18 89
18 90
18 90
18 91
18 92
18 93
18 93
18 94
18 94
18 95
18 95
18 96
18 96
19 95
19 95
19 94
19 93
19 92
19 91
19 90
19 89
19 88
19 87
19 86
19 85
19 84
19 83
19 82
19 81
19 80
19 79
19 78
19 77
19 76
19 75
19 74
19 73
19 72
19 71
19 70
19 69
19 68
19 67
19 66
19 65
19 64
19 63
19 62
19 61
19 60
19 59
19 58
19 57
19 56
19 55
19 54
19 53
19 52
19 51
19 50
19 49
19 48
19 47
19 46
19 45
19 44
19 44
20 43
21 42
21 42
22 41
22 40
22 40
22 39
22 39
23 38
23 37
23 37
23 36
24 35
24 34
24 34
25 33
25 32
25 32
26 31
26 30
26 30
27 29
28 28
28 28
29 27
29 26
29 26
30 25
30 25
31 24
31 24
31 25
31 25
32 25
32 25
33 26
33 27
33 27
33 28
33 28
33 29
33 30
33 30
33 31
33 31
33 32
33 33
33 33
33 34
33 35
33 35
32 36
32 37
32 37
32 38
32 39
32 40
32 40
31 41
31 42
31 42
31 43
30 44
30 45
30 45
30 46
30 47
30 48
30 48
30 49
29 50
29 51
29 51
29 52
28 53
28 54
28 54
28 55
27 56
27 57
27 57
27 58
27 59
27 60
27 60
27 61
26 62
26 63
26 63
25 64
25 65
24 66
24 66
24 67
23 68
23 69
23 69
23 70
22 71
22 72
22 72
21 73
21 74
20 75
20 76
20 76
20 77
19 78
19 79
19 79
18 80
18 81
17 82
17 82
16 83
16 84
15 85
15 85
14 86
14 87
13 88
13 88
13 89
12 90
12 91
12 91
11 92
11 93
10 94
10 94
9 95
9 96
9 96
8 97
7 98
7 98
6 99
6 99
5 100
4 100
4 100
3 100
3 100
2 100
2 100
1 100
1 100
0 99
0 99
0 98
0 97
0 97
0 96
0 95
0 95
0 94
0 93
0 92
0 92
0 91
0 90
0 89
0 89
0 88
0 87
0 86
0 86
0 85
1 84
1 83
1 83
1 82
2 81
2 80
2 80
2 79
3 78
3 77
3 77
4 76
4 75
5 74
5 74
6 73
6 72
6 72
7 71
8 70
8 70
9 69
9 69
10 68
11 67
11 67
12 66
13 66
13 66
14 65
15 65
15 65
16 64
17 64
17 64
18 64
19 64
19 64
20 65
21 65
21 65
22 66
23 66
23 66
24 66
25 66
25 66
26 66
27 66
27 66
28 66
29 66
30 66
30 66
31 66
32 66
32 66
33 65
34 65
34 65
35 64
36 64
36 64
37 63
38 63
38 63
39 62
40 62
40 62
41 61
41 61
42 60
43 59
43 59
43 58
44 57
44 56
44 56
45 55
45 54
45 54
45 53
46 52
46 51
46 51
46 50
47 49
47 48
47 48
47 47
47 46
47 45
47 44
47 44
47 43
47 42
47 42
47 41
47 40
47 39
47 39
46 38
46 37
46 37
46 36
46 35
46 35
45 34
45 34
44 33
44 33
44 33
43 33
43 33
42 34
42 34
42 35
42 36
42 36
41 37
41 38
41 38
41 39
40 40
40 41
40 41
40 42
39 43
39 44
39 45
39 45
39 46
38 47
38 48
38 48
38 49
38 50
38 51
38 52
38 52
38 53
38 54
38 55
38 55
38 56
38 57
38 58
38 59
38 59
38 60
38 61
38 62
38 62
38 63
39 64
39 65
39 65
39 66
39 66
40 67
40 68
40 68
41 68
41 68
42 68
42 68
43 68
43 68
44 67
45 67
45 67
46 66
46 66
46 65
47 64
47 63
47 63
48 62
48 61
49 60
49 60
49 59
50 58
50 57
50 57
51 56
51 55
52 54
52 54
52 53
53 52
53 51
53 51
54 50
55 49
55 49
56 48
56 47
56 47
57 46
57 45
57 45
58 44
58 43
58 43
59 42
60 42
60 42
61 42
61 42
62 42
62 42
63 42
63 42
64 43
64 44
64 44
64 45
64 46
64 47
64 47
64 48
64 49
64 50
64 50
64 51
65 52
65 53
65 54
65 54
65 55
65 56
65 57
65 57
65 58
65 59
65 59
65 60
65 61
65 61
65 62
65 62
65 63
65 63
66 63
66 63
66 63
66 62
66 61
66 61
67 60
67 59
67 59
67 58
68 57
68 56
68 56
68 55
69 54
69 53
69 52
69 52
69 51
69 50
70 49
70 48
70 47
70 47
70 46
71 45
71 44
71 44
71 43
71 42
71 42
72 41
72 40
72 40
73 40
73 40
73 40
73 40
74 41
74 42
74 42
74 43
74 44
74 44
74 45
75 46
75 47
75 47
76 48
76 49
76 49
77 50
77 50
78 51
78 51
79 51
79 51
80 51
81 51
81 51
82 51
82 51
83 51
84 51
84 51
85 51
86 51
86 51
87 50
88 50
89 49
89 49
90 48
91 47
92 46
92 46
93 45
94 44
95 43
95 43
96 42
97 41
98 40
98 39
99 38
100 37
