12 0
12 0
12 0
12 0
12 0
12 0
12 0
12 0
12 0
12 0
12 0
12 0
12 0
12 0
12 1
13 2
13 3
13 3
13 4
13 5
12 6
12 7
12 8
12 8
12 9
12 10
12 11
12 12
12 13
11 14
11 15
11 16
11 17
11 18
11 19
11 19
11 20
11 21
11 22
10 23
10 24
10 25
10 26
10 27
10 28
10 29
10 30
9 31
9 32
9 33
9 34
9 34
9 35
9 36
9 37
9 38
8 39
8 40
8 41
8 42
8 43
8 44
8 45
8 46
8 47
7 48
7 49
7 50
7 51
7 52
7 52
7 53
7 54
7 55
7 56
7 57
7 58
7 59
6 60
6 61
6 62
6 63
6 64
6 65
6 66
6 67
6 67
6 68
6 69
5 70
5 71
5 72
5 73
5 74
5 75
4 76
4 77
4 78
4 78
4 79
4 80
4 81
4 82
3 83
3 84
3 85
3 86
3 87
3 87
3 88
2 89
2 90
2 91
1 92
1 93
1 93
1 94
0 95
0 96
0 97
0 97
0 98
0 99
0 100
0 100
0 100
0 99
0 98
0 97
0 97
0 96
1 95
1 94
1 93
2 92
2 91
2 90
2 89
3 88
3 87
3 86
4 85
4 84
4 83
5 82
5 81
5 80
5 79
6 78
6 77
6 76
7 75
7 74
7 73
8 72
8 71
8 70
9 69
9 68
9 67
9 66
10 65
10 64
10 63
11 62
11 61
11 60
12 59
12 58
12 57
12 56
13 55
13 54
13 53
14 52
14 51
14 50
15 49
15 48
15 47
15 46
16 45
16 44
16 43
17 42
17 41
17 40
18 39
18 38
18 37
19 36
19 35
19 34
19 33
20 32
20 31
20 30
21 29
21 28
21 27
22 26
22 25
22 24
22 23
23 22
23 21
23 20
24 19
24 18
24 18
24 18
23 18
23 18
23 17
23 17
23 16
23 16
24 15
24 15
25 14
25 13
25 13
26 12
27 11
27 11
28 11
28 11
29 12
29 12
30 13
30 14
30 14
30 15
30 16
30 17
30 18
30 19
30 19
30 20
30 21
29 22
29 23
29 24
29 24
29 25
29 26
29 27
28 28
28 29
28 30
28 31
28 32
28 32
28 33
27 34
27 35
27 36
26 37
26 38
26 38
26 39
25 40
25 41
24 42
24 43
23 44
23 45
23 45
22 46
22 47
21 48
21 49
20 50
20 50
19 51
19 52
18 53
18 54
17 55
17 56
17 56
16 57
15 58
15 59
14 60
13 61
13 61
12 62
11 63
10 64
10 64
9 65
8 65
7 66
7 66
6 67
5 67
5 67
4 66
3 66
3 66
2 65
2 65
1 64
1 63
1 63
1 62
0 61
0 60
0 60
1 59
1 58
1 58
1 57
1 56
1 55
1 55
2 54
2 53
3 52
3 52
4 51
4 50
5 49
5 49
6 48
7 47
7 47
8 46
9 45
9 45
10 45
11 44
12 44
12 44
13 45
14 45
14 45
15 46
16 47
16 47
16 48
17 49
17 50
17 50
18 51
18 52
19 53
19 54
19 54
20 55
20 56
21 57
21 58
21 58
22 59
22 60
23 61
23 62
23 62
23 63
24 64
24 65
24 66
24 66
25 67
25 68
26 69
26 69
27 70
28 71
28 71
29 72
29 72
30 73
31 74
31 74
32 75
33 75
33 75
34 75
34 75
35 75
36 75
36 75
37 75
38 75
38 75
39 74
40 74
40 74
41 73
42 72
42 72
43 71
43 70
44 69
44 69
44 68
45 67
45 66
45 65
45 65
46 64
46 63
47 62
47 61
47 61
48 60
48 59
49 58
49 57
49 57
50 56
50 55
50 55
50 54
50 54
50 54
49 54
49 54
48 54
48 54
47 55
47 55
46 56
45 56
45 56
44 57
44 57
43 57
42 57
42 57
41 58
41 59
41 59
41 60
41 60
41 61
40 62
40 63
40 63
40 64
39 65
39 66
39 66
39 67
39 68
39 69
39 70
39 70
39 71
39 72
39 73
39 74
39 74
39 75
39 76
39 76
40 77
40 77
41 77
41 77
42 76
42 76
43 75
44 74
44 74
45 73
46 72
47 71
47 71
48 70
48 69
49 68
49 68
50 67
50 66
51 65
51 65
52 64
53 63
53 63
54 62
55 62
55 62
56 61
56 61
57 60
57 60
57 60
58 59
58 59
59 59
59 59
59 58
59 58
60 58
60 58
60 58
60 58
60 59
60 59
60 59
59 60
59 60
60 60
60 60
60 61
60 61
60 61
61 61
61 61
61 61
62 61
62 61
62 61
62 61
62 61
62 61
62 62
62 62
62 62
61 63
61 63
61 64
61 65
61 65
60 66
60 67
60 67
60 68
59 69
59 70
59 70
59 71
59 72
59 73
59 73
59 74
58 75
58 76
58 76
58 77
58 78
58 78
57 79
57 79
58 79
58 79
58 79
58 78
58 78
59 77
60 76
60 76
61 75
61 74
61 74
62 73
62 72
63 71
63 71
63 70
64 69
64 68
64 68
65 67
66 66
66 66
67 65
68 65
68 65
69 64
70 64
70 64
71 63
71 63
72 63
73 63
73 63
73 63
74 64
74 64
74 65
74 65
74 66
74 66
74 67
74 68
74 68
74 69
74 69
74 70
74 71
74 71
74 72
74 72
74 72
75 73
75 73
75 73
76 72
76 72
77 72
77 72
78 71
79 71
79 71
80 71
80 71
81 70
81 70
82 69
83 69
83 69
84 68
84 68
85 67
86 67
86 67
87 67
87 67
88 66
88 66
88 66
89 66
89 66
89 66
89 67
89 67
89 68
89 68
90 69
90 69
91 70
91 70
92 70
92 70
93 70
94 70
94 70
95 69
96 69
96 69
97 68
98 67
98 67
99 66
100 66
