10 3
11 2
11 2
11 1
11 0
11 0
11 1
11 1
11 2
10 3
10 4
10 5
10 5
10 6
10 7
10 8
10 9
10 10
10 11
10 11
10 12
10 13
10 14
9 15
9 16
9 17
9 18
9 18
9 19
9 20
9 21
9 22
9 23
9 24
9 25
9 26
9 27
9 28
9 29
9 29
9 30
9 31
9 32
9 33
9 34
9 35
9 36
9 37
9 38
9 39
9 40
9 41
9 41
9 42
9 43
9 44
9 45
9 46
9 47
9 48
9 49
9 50
9 51
9 52
9 53
9 54
9 54
9 55
9 56
9 57
9 58
9 59
8 60
8 61
8 62
8 63
8 64
8 65
8 65
8 66
8 67
8 68
8 69
7 70
7 71
7 72
7 73
7 74
7 75
7 75
7 76
7 77
7 78
6 79
6 80
6 81
6 82
6 82
6 83
6 84
5 85
5 86
5 87
5 88
5 88
5 89
5 90
5 91
5 92
5 93
5 94
5 94
5 95
4 96
4 97
4 97
4 98
4 99
4 99
4 98
4 97
5 96
5 95
5 94
5 93
6 92
6 91
6 90
6 89
6 88
7 87
7 86
7 85
7 84
7 83
8 82
8 81
8 80
8 79
9 78
9 77
9 76
9 75
9 74
10 73
10 72
10 71
10 70
10 69
11 68
11 67
11 66
11 65
12 64
12 63
12 62
12 61
12 60
13 59
13 58
13 57
13 56
13 55
14 54
14 53
14 52
14 51
15 50
15 49
15 48
15 47
15 46
16 45
16 44
16 43
16 42
16 41
17 40
17 39
17 38
17 37
18 36
18 35
18 34
18 34
19 33
20 32
21 31
22 31
23 30
24 29
24 29
25 28
25 27
25 27
26 26
26 25
26 25
27 25
28 25
28 25
28 26
28 26
28 27
28 27
28 28
28 29
28 30
28 31
28 31
28 32
28 33
27 34
27 35
27 36
27 36
27 37
27 38
27 39
26 40
26 41
26 42
26 43
26 44
26 44
26 45
25 46
25 47
24 48
24 49
23 50
23 51
23 51
23 52
22 53
22 54
21 55
21 56
20 57
20 58
20 58
19 59
19 60
18 61
18 62
17 63
17 63
16 64
15 65
15 66
14 67
14 67
13 68
12 68
11 69
10 69
10 69
9 69
8 70
7 70
7 70
6 70
5 69
4 69
4 69
3 68
2 68
1 67
1 67
1 66
0 65
0 64
0 64
0 63
0 62
0 62
0 61
0 61
1 61
1 61
2 60
3 60
3 60
4 60
5 61
6 61
6 61
7 62
8 62
9 63
10 63
10 63
11 64
12 65
13 65
14 66
14 66
15 67
16 67
17 68
18 68
19 69
19 69
20 70
21 71
22 72
23 73
23 73
24 74
24 75
25 76
25 77
26 78
26 78
27 79
28 80
29 81
30 82
30 82
31 83
32 84
32 85
33 86
33 86
34 87
34 88
35 89
35 89
36 89
37 89
37 89
38 88
39 88
39 88
40 87
41 86
41 86
42 85
43 84
43 83
44 82
44 82
45 81
45 80
46 79
46 78
46 78
47 77
47 76
48 75
48 74
48 74
48 73
49 72
49 71
49 70
49 70
49 69
50 68
50 67
50 67
50 66
50 65
50 64
50 64
50 63
50 62
50 62
49 62
49 62
48 63
47 63
47 63
46 64
45 65
45 65
44 66
44 67
43 68
43 69
43 69
43 70
42 71
42 72
41 73
41 74
41 74
41 75
40 76
40 77
39 78
39 79
39 79
39 80
39 81
38 82
38 83
38 84
38 84
38 85
38 86
38 87
38 88
38 88
38 89
38 90
39 91
39 92
39 93
39 93
39 94
40 95
40 96
40 96
41 97
41 98
42 99
42 99
43 100
44 100
44 100
45 100
46 100
47 100
47 100
48 99
49 99
50 98
50 98
51 97
51 96
52 95
52 95
53 94
54 93
54 92
55 91
55 91
56 90
56 89
57 88
57 88
57 87
58 86
58 85
58 85
59 84
60 84
60 84
61 83
62 83
62 83
63 83
63 83
64 84
65 84
65 84
66 85
66 85
67 86
67 86
68 87
68 88
68 88
68 89
68 89
68 90
68 91
68 91
68 92
68 92
68 93
68 93
69 94
69 94
70 93
70 92
70 92
70 91
71 90
71 89
71 89
72 88
72 87
73 86
73 86
74 85
74 84
74 84
75 84
75 84
76 85
76 85
77 86
77 87
78 88
78 89
78 89
78 90
79 91
79 92
79 93
79 93
79 94
80 95
80 96
80 97
80 97
81 98
82 98
82 98
83 98
84 98
84 98
85 97
85 96
86 95
86 95
87 94
87 93
88 92
88 91
88 91
88 90
89 89
89 88
89 87
90 86
90 85
90 85
90 84
91 83
91 82
92 81
92 80
92 80
92 79
92 78
93 77
93 76
93 75
93 75
93 74
94 73
94 72
95 71
95 70
95 70
96 69
96 68
97 67
97 67
98 66
99 65
100 64
