10 1
11 1
11 1
11 0
11 0
11 1
10 2
10 3
10 4
10 4
10 5
10 6
10 7
10 8
10 9
10 10
10 11
10 11
10 12
10 13
10 14
10 15
9 16
9 17
9 18
9 19
9 20
9 20
9 21
9 22
9 23
9 24
9 25
9 26
9 27
9 28
9 29
9 30
9 31
9 31
9 32
9 33
9 34
9 35
9 36
8 37
8 38
8 39
8 40
8 41
8 42
8 43
8 43
8 44
8 45
8 46
8 47
7 48
7 49
7 50
7 51
7 52
7 53
7 53
7 54
7 55
7 56
7 57
6 58
6 59
6 60
6 61
6 62
6 62
6 63
6 64
6 65
5 66
5 67
5 68
5 69
5 70
5 70
5 71
5 72
5 73
4 74
4 75
4 76
4 77
4 78
4 78
4 79
4 80
4 81
3 82
3 83
3 84
3 85
3 85
3 86
3 87
3 88
3 89
3 90
3 91
3 92
3 92
3 93
3 94
2 95
2 96
2 97
2 97
2 98
2 99
2 100
2 100
2 99
3 98
3 97
3 96
3 95
4 94
4 93
4 92
4 91
5 90
5 89
5 88
5 87
6 86
6 85
6 84
6 83
7 82
7 81
7 80
8 79
8 78
8 77
8 76
9 75
9 74
9 73
9 72
10 71
10 70
10 69
10 68
11 67
11 66
11 65
12 64
12 63
12 62
12 61
13 60
13 59
13 58
13 57
14 56
14 55
14 54
14 53
15 52
15 51
15 50
15 49
16 48
16 47
16 46
17 45
17 44
17 43
17 42
18 41
18 40
18 39
18 38
19 37
19 36
19 35
19 34
20 33
20 32
20 31
20 30
21 29
21 28
21 28
22 27
22 26
23 25
24 24
24 23
25 22
25 22
25 21
25 21
26 21
26 21
26 22
25 23
25 24
25 24
25 25
25 26
25 27
25 28
25 28
25 29
25 30
24 31
24 32
24 33
24 34
24 34
24 35
24 36
23 37
23 38
23 39
23 40
23 40
23 41
22 42
22 43
22 44
22 45
21 46
21 47
21 47
21 48
20 49
20 50
20 51
20 52
19 53
19 54
19 54
19 55
18 56
18 57
17 58
17 59
16 60
16 61
16 61
15 62
15 63
14 64
14 65
13 66
13 66
12 67
11 68
11 69
10 70
10 70
9 71
8 71
7 72
7 72
6 72
5 72
4 72
4 72
3 71
2 71
2 71
2 70
1 69
1 68
1 68
0 67
0 66
0 66
0 65
0 64
0 63
0 63
0 62
0 61
0 61
1 61
1 61
2 62
3 62
3 62
4 63
5 64
5 64
6 65
7 66
7 67
8 68
8 68
9 69
9 70
10 71
10 72
11 73
11 74
11 74
12 75
12 76
13 77
13 78
14 79
14 79
15 80
15 81
16 82
16 83
17 84
17 84
18 85
19 86
19 87
20 88
20 88
21 89
22 90
23 91
23 91
24 91
25 92
26 92
27 92
27 92
28 92
29 92
29 92
30 91
31 91
32 90
32 90
33 89
34 89
35 88
35 88
36 87
36 86
37 85
37 85
38 84
38 83
39 82
39 81
39 81
39 80
40 79
40 78
40 77
40 77
40 76
41 75
41 74
41 73
41 73
41 72
41 71
42 70
42 69
42 68
42 68
42 67
41 66
41 65
41 64
41 64
41 63
41 62
41 62
40 62
40 62
39 63
38 64
38 64
38 65
37 66
37 67
37 68
37 68
37 69
36 70
36 71
35 72
35 73
35 73
35 74
34 75
34 76
33 77
33 78
33 78
33 79
33 80
33 81
33 82
33 83
33 83
33 84
32 85
32 86
32 87
32 87
32 88
33 89
33 90
33 91
33 91
34 92
34 93
34 93
35 94
35 95
35 95
36 96
37 97
37 97
38 97
39 97
39 97
40 96
41 96
41 96
42 95
43 94
43 94
44 93
45 93
46 92
46 92
46 91
47 90
47 89
47 89
48 88
49 87
49 87
49 86
50 85
50 84
50 84
51 83
51 82
52 81
52 81
52 80
53 79
53 78
53 78
54 77
54 77
55 78
55 79
55 79
55 80
56 81
56 82
56 82
56 83
57 84
57 85
57 86
57 86
57 87
58 88
58 89
58 90
58 90
58 91
58 92
58 93
58 94
58 95
58 95
58 96
59 97
59 98
59 98
59 98
59 98
59 97
60 96
60 95
60 95
60 94
61 93
61 92
61 92
61 91
62 90
62 89
62 88
62 88
63 87
64 86
64 86
65 85
65 84
65 84
66 84
67 84
67 84
68 84
69 84
69 84
70 84
71 84
71 84
72 85
73 85
73 85
74 85
74 85
75 85
75 85
76 84
77 84
77 84
78 84
78 84
79 84
79 84
80 84
81 84
81 84
82 85
82 85
83 86
84 86
84 86
85 86
86 86
86 86
87 85
88 85
88 85
89 84
90 83
91 82
91 82
91 81
92 80
92 79
93 78
93 77
93 77
93 76
94 75
94 74
95 73
95 72
96 71
96 70
96 70
97 69
98 68
98 67
99 66
100 65
