13 3
14 2
14 2
13 1
13 1
13 0
13 0
13 1
12 2
12 3
12 4
12 4
12 5
12 6
12 7
12 8
12 9
12 9
12 10
12 11
11 12
11 13
11 14
11 15
11 15
11 16
11 17
11 18
11 19
11 20
11 21
11 22
11 23
11 24
11 24
11 25
11 26
11 27
11 28
11 29
10 30
10 31
10 32
10 33
10 34
10 35
10 35
10 36
10 37
10 38
10 39
10 40
10 41
10 42
10 43
10 44
10 45
10 46
10 47
10 47
10 48
10 49
10 50
10 51
10 52
10 53
9 54
9 55
9 56
9 57
9 58
9 59
9 60
9 61
9 61
9 62
9 63
9 64
9 65
9 66
8 67
8 68
8 69
8 70
8 71
8 72
8 72
8 73
8 74
7 75
7 76
7 77
7 78
7 79
6 80
6 81
6 82
6 82
6 83
6 84
6 85
5 86
5 87
5 88
5 89
5 90
5 90
5 91
5 92
4 93
4 94
4 95
4 95
4 96
4 97
4 98
4 99
4 99
3 100
3 100
3 99
3 98
4 97
4 96
4 95
4 94
5 93
5 92
5 91
5 90
6 89
6 88
6 87
6 86
7 85
7 84
7 83
7 82
8 81
8 80
8 79
8 78
9 77
9 76
9 75
9 74
10 73
10 72
10 71
10 70
11 69
11 68
11 67
11 66
12 65
12 64
12 63
12 62
13 61
13 60
13 59
13 58
14 57
14 56
14 55
14 54
15 53
15 52
15 51
15 50
16 49
16 48
16 47
16 46
17 45
17 44
17 43
17 43
17 42
18 41
18 40
19 39
19 38
20 37
20 36
21 35
21 34
22 33
22 32
23 31
23 30
24 29
24 28
24 28
25 27
25 26
26 25
26 25
26 24
26 23
26 22
26 22
27 21
27 21
28 22
28 22
29 23
29 23
29 24
29 25
29 26
29 26
29 27
28 28
28 29
28 30
28 30
28 31
28 32
28 33
27 34
27 35
27 36
27 37
27 37
27 38
26 39
26 40
26 41
25 42
25 43
25 43
25 44
24 45
24 46
24 47
23 48
23 49
23 49
22 50
22 51
21 52
21 53
20 54
20 55
20 55
19 56
19 57
18 58
18 59
17 60
17 61
17 61
16 62
15 63
14 64
13 65
13 65
12 66
11 67
10 68
10 68
9 68
8 69
7 69
7 69
6 69
5 69
4 69
4 69
3 68
2 68
2 68
1 67
1 66
0 65
0 65
0 64
0 64
0 63
0 63
0 62
0 62
1 62
1 62
2 62
3 62
3 62
4 62
5 63
6 63
6 63
7 64
8 65
8 66
9 67
9 67
10 68
11 69
12 70
12 70
13 71
14 72
15 73
16 74
16 74
17 75
18 76
18 77
19 78
19 78
20 79
21 80
21 81
22 82
22 82
22 83
23 84
23 85
24 86
24 87
24 87
25 88
26 89
27 90
27 90
28 91
28 92
29 93
29 93
30 93
31 94
32 94
32 94
33 93
34 92
34 92
35 91
36 90
37 89
37 89
38 88
39 87
39 86
40 85
40 85
40 84
41 83
41 82
42 81
42 80
42 80
42 79
43 78
43 77
43 76
44 75
44 74
44 74
44 73
45 72
45 71
45 70
45 70
45 69
46 68
46 67
46 67
46 66
46 65
46 65
45 64
45 63
45 63
44 63
44 63
43 64
43 64
42 65
41 66
41 66
41 67
40 68
40 69
40 70
40 70
40 71
39 72
39 73
39 74
39 74
39 75
39 76
38 77
38 78
38 79
38 80
38 80
38 81
38 82
38 83
38 84
38 84
38 85
38 86
38 87
38 88
38 88
38 89
39 90
39 91
39 91
40 92
40 92
41 92
42 92
42 92
43 91
44 91
44 91
45 91
46 90
47 90
47 90
48 89
49 88
49 88
50 87
51 87
51 87
52 87
53 86
54 86
54 86
55 85
56 85
56 85
57 84
58 84
58 84
59 83
60 82
60 82
60 81
61 80
61 79
61 79
62 78
63 78
63 78
64 77
64 77
65 78
65 79
65 79
65 80
66 81
66 82
66 82
66 83
66 84
66 85
66 86
66 87
66 87
66 88
66 89
67 90
67 91
67 92
67 92
67 93
67 94
67 94
68 95
68 95
69 94
69 94
70 93
70 93
70 92
71 91
71 90
71 90
72 89
72 88
72 88
73 87
73 86
73 86
74 85
75 84
75 84
76 83
77 83
77 83
78 82
79 82
79 82
80 82
81 82
81 82
82 81
83 81
83 81
84 81
85 81
85 81
86 81
87 81
87 81
88 81
89 81
89 81
90 81
90 81
91 80
91 80
92 79
92 78
93 77
93 77
94 76
94 75
95 74
95 73
95 73
96 72
96 71
97 70
97 69
97 69
98 68
99 67
99 66
100 65
