11 28
11 27
10 26
10 25
10 24
9 23
9 22
9 21
8 20
8 19
8 18
7 17
7 16
7 15
6 14
6 13
6 12
6 11
5 10
5 9
5 8
4 7
4 6
4 5
3 4
3 3
3 2
2 1
2 0
2 0
2 0
2 1
2 2
2 3
2 3
2 4
2 4
2 5
2 6
2 7
2 8
2 8
2 9
2 10
2 11
2 12
2 12
2 12
2 13
2 14
2 15
2 16
2 17
2 18
2 19
2 20
2 21
2 22
2 22
2 23
2 24
2 25
2 26
2 27
2 28
2 29
2 30
2 31
2 32
2 32
2 33
2 34
2 35
2 36
2 37
1 38
1 39
1 40
1 41
1 42
1 43
1 44
1 44
1 45
1 46
1 47
1 48
1 49
1 50
1 51
1 52
1 53
1 54
1 55
1 56
1 57
1 58
1 58
1 59
1 60
1 61
1 62
1 63
1 64
0 65
0 66
0 67
0 68
0 69
0 70
0 71
0 72
0 72
0 73
0 74
0 75
0 76
0 77
0 78
0 79
0 80
0 81
0 82
0 83
0 84
0 84
0 85
0 86
0 87
0 88
0 89
0 90
0 91
0 92
0 93
0 93
0 94
0 95
0 96
0 97
0 98
0 98
0 99
0 100
0 100
0 100
1 99
1 99
1 98
1 97
1 97
1 96
1 95
2 94
2 93
2 92
2 91
3 90
3 89
3 88
3 87
4 86
4 85
4 84
4 83
5 82
5 81
5 80
5 79
6 78
6 77
6 76
6 75
7 74
7 73
7 72
7 71
8 70
8 69
8 68
8 67
9 66
9 65
9 64
9 63
10 62
10 61
10 60
10 59
11 58
11 57
11 56
11 55
12 54
12 53
12 52
12 51
13 50
13 49
13 48
13 47
14 46
14 45
14 44
14 43
15 42
15 41
15 40
15 39
16 38
16 37
16 36
16 35
17 34
17 33
17 32
17 31
18 30
18 29
18 28
18 27
19 26
19 25
19 24
19 24
20 23
21 22
21 21
22 20
23 19
23 19
23 18
23 17
23 16
23 16
22 17
22 17
22 18
22 19
22 20
22 20
22 20
22 21
22 22
22 23
22 24
21 25
21 26
21 27
21 28
21 29
21 30
21 30
21 31
21 32
20 33
20 34
20 35
20 36
20 36
20 37
19 38
19 39
19 40
19 41
18 42
18 43
18 43
18 44
18 45
18 46
17 47
17 48
17 49
17 50
17 51
17 51
17 52
16 53
16 54
16 55
16 56
15 57
15 58
15 58
15 59
14 60
14 61
14 62
13 63
13 64
13 64
13 65
12 66
12 67
12 68
12 69
11 70
11 71
11 71
10 72
10 73
9 74
9 75
8 76
8 76
8 77
7 78
7 79
6 80
6 81
6 81
5 82
5 83
4 84
4 84
3 85
3 85
2 85
2 85
1 85
1 85
1 85
1 84
1 83
1 82
1 81
1 80
1 80
1 79
1 78
1 77
1 76
1 75
1 75
1 74
2 73
2 72
2 71
2 71
2 70
2 69
3 68
3 67
3 66
3 66
3 65
4 64
4 63
4 62
4 62
5 61
5 60
6 59
6 59
7 58
8 58
8 58
8 58
9 59
10 59
11 60
12 60
12 60
13 61
14 61
14 61
15 62
15 63
16 64
16 64
17 65
17 66
18 67
18 67
19 68
19 69
20 70
20 70
21 71
21 72
22 73
22 74
22 74
22 75
23 76
23 77
23 78
23 78
24 79
24 80
25 81
25 82
25 82
26 83
26 84
27 85
27 86
27 86
28 87
28 88
29 89
29 89
30 90
30 91
30 91
31 92
32 92
32 92
33 91
34 91
35 90
35 90
36 89
37 88
37 88
38 87
38 86
39 85
39 84
39 84
40 83
40 82
41 81
41 80
41 80
41 79
42 78
42 77
43 76
43 75
43 75
44 74
44 73
45 72
45 71
45 71
46 70
46 69
47 68
47 67
47 67
47 66
48 65
48 64
48 63
48 63
48 62
49 61
49 60
49 59
49 59
49 58
49 57
49 56
49 56
49 55
49 54
49 54
49 53
49 52
49 52
48 52
48 52
47 52
47 52
46 53
46 54
46 54
45 55
45 56
44 57
44 57
44 58
43 59
43 60
43 60
43 61
43 62
42 63
42 64
42 65
42 65
42 66
42 67
42 68
42 69
42 69
42 70
41 71
41 72
41 72
41 73
41 74
41 75
41 75
41 76
41 77
41 78
41 78
42 79
42 80
42 80
43 81
43 82
43 82
44 83
44 83
45 84
45 84
46 83
47 83
47 83
48 82
48 82
49 81
50 80
50 80
51 79
51 78
51 78
52 77
52 76
53 75
53 74
53 74
53 73
54 72
54 71
54 71
54 70
55 69
55 68
55 68
55 67
56 66
56 65
56 64
56 64
57 63
57 62
57 62
58 61
58 61
59 62
59 62
59 63
59 64
59 65
59 65
59 66
60 67
60 68
60 69
60 69
60 70
60 71
60 72
60 73
60 74
60 74
60 75
61 76
61 77
61 78
61 78
61 79
61 80
61 81
61 82
61 82
62 83
62 84
62 84
63 85
63 85
63 85
64 84
64 83
64 83
64 82
65 81
65 80
65 80
65 79
66 78
66 77
66 76
66 76
66 75
67 74
67 73
67 73
68 72
68 71
68 71
68 70
68 69
68 69
68 69
68 69
69 70
69 70
70 71
70 72
70 72
70 73
70 73
71 73
71 73
72 74
72 74
73 74
74 74
74 74
75 73
75 73
76 72
76 71
76 71
77 70
78 70
78 70
79 69
79 68
79 68
80 67
80 67
81 67
81 67
81 68
81 68
82 69
82 69
82 70
82 70
83 71
83 71
84 72
84 72
85 72
85 72
86 71
87 71
87 71
88 70
88 70
89 69
90 69
90 69
91 68
92 68
92 68
93 67
93 67
94 66
94 66
95 66
95 66
96 66
96 66
96 66
97 65
97 65
97 65
98 64
98 63
99 62
99 62
99 61
100 60
100 59
100 59
100 58
99 57
99 56
99 56
99 55
99 54
99 54
99 53
98 52
98 51
98 50
98 50
98 49
98 48
98 47
98 46
98 46
98 45
97 44
97 43
97 42
97 42
97 41
97 40
97 39
97 38
97 37
97 37
