23 39
23 39
23 39
23 39
23 38
23 37
23 37
23 36
23 36
23 35
23 35
22 34
22 33
22 33
22 32
22 31
22 31
22 30
22 29
22 28
22 27
22 27
22 26
22 25
22 24
22 24
22 23
22 22
22 21
22 20
22 20
22 19
21 18
21 17
21 17
21 16
20 15
20 14
20 14
19 13
18 12
18 12
17 11
17 10
17 10
16 9
15 9
15 9
14 10
13 10
13 10
12 11
11 11
10 12
10 12
9 13
9 14
8 15
8 16
8 16
7 17
7 18
6 19
6 20
6 20
6 21
5 22
5 23
4 24
4 25
4 25
4 26
3 27
3 28
3 29
2 30
2 31
2 31
2 32
2 33
1 34
1 35
1 36
1 37
1 37
1 38
1 39
0 40
0 41
0 42
0 42
0 43
0 44
0 45
0 46
0 47
0 48
0 49
0 50
0 50
0 51
0 52
0 53
0 54
0 55
0 56
0 57
0 58
0 58
0 59
0 60
0 61
0 62
0 63
0 64
0 65
0 66
0 67
0 68
0 68
0 69
0 70
0 71
1 72
1 73
1 74
1 75
1 76
1 76
1 77
1 78
1 79
1 80
2 81
2 82
2 83
2 84
2 85
2 86
2 86
2 87
3 88
3 89
3 90
4 91
4 92
4 92
4 93
5 94
5 95
6 96
6 97
6 97
7 98
8 99
9 100
9 100
10 100
11 100
12 100
12 100
13 100
14 100
15 100
15 100
16 99
17 99
18 98
18 98
19 97
20 96
21 95
21 95
22 94
23 93
24 92
24 92
25 91
26 90
26 89
27 88
27 88
27 87
28 86
28 85
28 84
28 84
29 83
29 82
30 81
30 80
30 80
30 79
30 78
30 77
30 77
30 76
30 75
30 74
30 74
30 73
30 72
30 71
29 70
29 69
29 68
29 67
29 66
29 65
29 64
29 63
28 62
28 61
28 60
28 59
28 58
28 57
28 56
28 55
27 54
27 53
27 52
27 51
27 50
27 50
28 49
29 48
30 47
30 47
30 46
30 45
30 44
30 44
31 43
31 43
32 42
32 41
32 41
33 40
33 39
33 39
33 38
33 38
34 37
34 37
34 36
34 36
35 36
35 36
35 37
34 38
34 39
33 40
33 41
33 41
33 42
33 43
33 44
33 45
33 45
33 46
33 46
33 47
33 47
33 48
33 49
33 49
34 50
34 51
34 51
34 52
34 53
34 54
34 54
34 55
35 56
35 57
35 58
35 58
35 59
35 60
35 61
35 62
35 62
35 63
36 64
36 65
36 66
36 66
36 67
37 68
37 69
37 69
37 70
37 70
37 69
37 68
37 67
37 66
37 65
38 64
38 63
38 62
38 61
38 60
38 59
38 58
38 57
38 56
38 55
39 54
39 53
39 52
39 51
39 50
39 49
39 49
39 48
40 47
40 46
41 45
41 44
41 44
41 44
41 44
41 45
41 45
41 46
41 47
41 47
41 48
42 49
42 50
42 50
42 51
42 52
42 53
42 53
42 54
42 55
42 56
42 56
43 57
43 58
43 58
43 59
43 60
43 60
43 61
43 61
44 61
44 61
44 60
44 60
44 59
44 58
44 58
44 57
45 56
45 55
45 55
45 54
45 53
45 52
45 52
45 51
46 50
46 49
46 49
46 48
46 47
46 46
46 45
46 45
46 44
46 44
46 44
46 45
46 45
46 46
46 47
46 48
46 48
46 49
46 50
46 51
46 52
46 52
47 53
47 54
47 54
47 55
47 56
47 56
48 56
48 56
49 56
49 56
50 55
50 54
50 54
51 53
51 52
52 51
52 50
53 49
53 48
54 47
54 46
54 46
54 45
55 44
55 43
55 42
55 42
55 41
55 41
55 40
55 40
55 39
55 38
55 38
55 37
55 37
55 36
55 35
55 35
54 34
54 34
54 33
54 33
53 34
53 34
53 35
52 36
52 37
52 37
52 38
52 39
51 40
51 41
51 42
51 42
51 43
50 44
50 45
50 46
50 46
50 47
50 48
50 49
50 50
50 50
50 51
50 52
50 53
50 53
50 54
50 54
50 54
51 53
51 52
51 52
51 51
52 50
52 49
52 49
52 48
52 47
53 46
53 45
53 44
53 44
53 43
53 42
54 41
54 40
54 39
54 39
54 38
54 37
55 36
55 35
55 34
55 34
55 33
55 32
55 31
55 30
55 29
55 29
55 28
55 27
55 26
55 25
55 24
55 23
55 23
55 22
55 21
55 20
55 19
55 18
55 17
55 17
55 16
55 15
55 14
55 13
55 12
55 11
55 11
55 10
55 9
54 8
54 7
54 6
54 6
54 5
54 4
54 3
54 2
54 2
53 1
53 1
53 0
53 0
53 1
53 1
53 1
53 2
53 2
53 3
53 4
53 4
53 5
53 6
53 7
53 7
53 8
53 9
53 10
53 10
53 11
53 12
54 13
54 14
54 15
54 15
54 16
54 17
55 18
55 19
55 20
55 20
55 21
55 22
55 23
55 24
55 25
55 26
55 27
55 27
55 28
55 29
55 30
56 31
56 32
56 33
56 34
56 34
56 35
56 36
57 37
57 38
57 39
57 39
57 40
58 41
58 42
58 43
58 43
58 44
59 45
59 46
59 46
59 45
59 44
60 43
60 42
60 41
60 40
60 39
60 38
61 37
61 36
61 35
61 34
61 33
61 32
62 31
62 30
62 29
62 28
62 27
62 26
63 25
63 24
63 23
63 22
63 21
63 20
64 19
64 18
64 17
64 17
65 16
65 15
65 15
65 15
64 15
64 15
65 16
65 17
65 17
65 18
65 19
65 20
65 20
65 21
66 22
66 23
66 24
66 24
66 25
66 26
66 27
66 27
66 28
67 29
67 30
67 30
67 31
67 32
67 32
68 33
68 33
69 33
69 33
70 32
70 32
70 31
71 30
71 29
71 29
72 28
72 27
72 27
72 26
72 25
72 24
72 24
72 23
73 22
73 21
73 21
73 20
73 19
73 18
73 18
73 17
73 16
73 15
73 15
73 14
73 13
73 12
73 12
73 11
73 11
73 11
73 11
73 12
73 13
73 13
73 14
72 15
72 16
72 16
72 17
72 18
72 19
72 20
72 21
72 21
72 22
72 23
72 24
72 25
72 26
72 26
72 27
72 28
72 29
72 30
72 31
72 31
72 32
72 33
72 34
72 35
72 36
72 37
72 37
72 38
72 39
73 40
73 41
73 42
73 42
73 43
73 44
73 45
73 46
73 47
73 48
73 48
73 49
73 50
73 51
74 52
74 53
74 54
74 55
74 55
74 56
74 57
74 58
74 59
74 60
74 61
74 61
74 62
74 63
74 64
74 65
74 66
74 67
74 68
74 68
74 69
74 70
74 71
74 72
74 73
74 73
74 74
74 75
74 76
74 77
74 78
74 78
74 79
74 80
74 80
73 81
73 82
73 82
72 83
72 84
72 84
71 85
70 85
70 85
69 85
68 85
68 85
67 84
66 84
66 84
65 84
64 84
63 84
63 84
62 84
61 83
60 83
60 83
59 83
58 82
57 82
56 82
56 82
55 82
54 81
53 81
52 81
52 81
51 81
50 81
49 80
48 80
47 80
47 80
46 80
45 80
44 79
43 79
42 79
42 79
41 79
40 78
39 78
38 78
38 78
37 78
36 78
35 78
34 78
34 78
33 78
32 79
31 79
31 79
30 80
29 81
29 81
28 82
28 83
27 84
27 85
27 85
26 86
26 87
25 88
25 89
25 89
24 90
24 91
24 91
23 92
23 93
23 93
23 93
24 93
24 93
24 93
25 92
25 92
26 91
26 90
26 90
27 89
27 88
27 88
28 87
29 86
30 85
30 85
31 84
31 83
32 82
32 81
32 81
33 80
33 79
34 78
34 77
34 77
35 76
36 75
37 74
37 74
38 73
39 72
39 71
40 70
40 70
41 69
42 68
43 68
44 67
44 67
45 66
46 65
46 64
47 63
47 63
48 62
49 61
49 60
50 59
50 59
51 58
52 57
52 56
53 55
54 54
54 54
55 53
56 52
56 51
57 50
58 49
58 49
59 48
60 47
60 46
61 45
62 44
62 44
63 43
63 42
64 41
64 40
65 39
65 39
66 38
67 37
68 36
69 35
69 35
70 34
71 33
72 32
72 32
73 31
74 30
74 29
75 28
75 28
76 27
77 26
78 25
78 25
79 24
80 24
81 23
81 23
82 22
83 21
84 20
84 20
85 20
86 19
87 19
87 19
88 18
89 18
90 17
90 17
91 16
92 15
92 15
93 14
94 14
94 14
95 13
96 12
96 12
97 11
97 11
98 10
98 9
98 9
99 8
99 8
99 8
99 7
99 7
100 7
100 7
100 7
100 7
99 7
99 7
99 7
98 7
