20 50
20 51
20 52
20 52
20 52
20 52
20 51
20 51
20 50
20 50
21 49
21 48
21 48
21 47
21 46
21 46
21 45
22 44
22 43
22 43
22 42
22 41
22 40
22 40
22 39
23 38
23 37
23 37
23 36
23 35
23 34
23 34
23 33
22 32
22 31
22 31
22 30
22 29
22 29
22 28
22 27
22 27
21 26
21 26
21 26
20 27
20 27
19 28
19 29
19 29
19 30
18 31
18 32
18 32
18 33
18 34
18 35
18 35
18 36
17 37
17 38
17 39
17 39
17 40
16 41
16 42
16 43
16 43
16 44
16 45
16 46
16 47
16 48
16 48
16 49
16 50
16 51
16 52
16 53
16 53
16 54
16 55
16 56
16 57
16 58
16 59
16 59
16 60
16 61
16 62
16 63
16 63
16 64
16 65
17 66
17 67
17 68
17 68
17 69
18 70
18 71
18 71
19 72
19 72
20 73
20 73
21 73
21 73
22 72
23 72
23 72
24 71
24 71
25 70
25 69
26 68
26 68
26 67
26 66
27 65
27 64
27 63
27 62
27 61
27 60
28 59
28 58
28 57
28 56
28 55
29 54
29 53
29 52
29 51
29 50
29 49
30 48
30 47
30 46
30 46
30 46
30 46
30 46
30 46
31 45
32 44
32 44
33 44
33 44
33 43
33 43
34 42
34 42
35 41
35 41
35 41
35 41
35 42
35 42
35 43
35 44
35 44
34 45
34 46
34 46
34 47
34 48
34 49
34 49
34 50
33 51
33 52
33 52
33 53
32 54
32 55
32 56
32 56
32 57
32 58
32 59
32 60
32 60
32 61
32 62
32 62
32 63
31 64
31 65
31 65
31 66
31 66
32 66
32 66
32 65
33 64
33 63
34 62
34 61
34 60
35 59
35 58
36 57
36 56
37 55
37 54
37 53
38 52
38 51
39 50
39 49
39 48
40 47
40 46
41 45
41 44
41 44
42 43
42 42
42 42
42 42
42 42
42 43
42 43
41 44
41 45
41 45
41 46
41 47
41 47
41 48
40 49
40 50
40 50
40 51
40 52
40 53
40 53
40 54
40 55
40 56
40 56
40 57
40 58
40 58
40 59
40 59
40 60
40 60
40 60
40 61
40 61
40 61
40 60
40 60
40 60
40 59
40 58
40 58
40 57
40 56
40 55
40 55
40 54
40 53
40 52
40 51
40 51
40 50
41 49
41 48
41 48
41 47
41 46
41 45
41 45
42 44
42 43
42 43
43 42
43 42
43 41
43 41
44 41
44 41
45 41
45 41
45 41
46 42
46 43
46 43
46 44
46 45
46 45
46 46
46 47
46 48
46 48
46 49
46 50
46 50
46 51
46 52
46 53
46 53
46 54
46 55
46 55
46 56
46 56
46 57
46 57
46 56
46 56
47 56
47 56
47 55
48 54
48 53
49 52
49 51
50 50
50 49
51 48
51 47
52 46
52 45
52 44
53 43
53 42
54 41
54 40
55 39
55 38
56 37
56 36
56 36
56 35
56 34
56 33
56 32
56 32
55 32
55 32
54 32
54 32
54 32
53 33
53 33
52 34
52 35
52 35
51 36
50 37
50 37
50 38
50 39
50 39
49 40
49 41
49 41
49 42
49 43
49 43
49 44
49 45
49 45
49 46
50 47
50 48
50 48
50 49
50 50
50 50
51 51
51 51
52 52
52 52
52 52
53 51
53 51
54 50
54 49
54 49
54 48
54 47
54 47
54 46
54 46
54 45
55 44
55 43
55 43
55 42
55 41
55 41
55 40
54 39
54 38
54 37
54 37
54 36
54 35
54 34
54 33
54 33
54 32
54 31
54 30
54 29
54 29
54 28
54 27
53 26
53 25
53 24
53 24
53 23
53 22
52 21
52 20
52 19
52 19
52 18
52 17
51 16
51 15
51 14
51 14
51 13
51 12
50 11
50 10
50 9
50 9
50 8
49 7
49 6
49 5
49 5
49 4
48 3
48 2
48 2
47 1
47 0
47 0
46 0
46 0
46 0
46 1
46 1
46 1
46 2
46 2
47 3
47 4
48 5
49 6
50 7
50 8
51 9
52 10
52 11
53 12
54 13
55 14
55 15
56 16
57 17
57 18
58 19
59 20
59 21
60 22
61 23
62 24
62 25
63 26
63 26
63 26
62 27
61 28
61 28
61 29
61 30
61 30
61 31
61 31
60 32
60 33
60 33
60 34
60 35
60 35
61 36
61 37
61 37
62 38
62 39
62 39
62 40
62 41
62 41
63 42
63 42
64 42
64 42
65 42
65 42
65 42
66 41
66 40
66 40
66 39
66 38
66 38
66 37
66 36
66 35
66 35
66 34
66 33
66 32
66 32
66 31
67 30
67 29
67 29
67 28
67 27
67 26
67 25
67 25
67 24
67 23
67 23
67 22
67 21
67 21
67 21
67 22
67 23
67 23
66 24
66 25
66 25
66 26
66 27
66 28
66 28
66 29
65 30
65 31
65 32
65 32
65 33
65 34
65 35
65 36
65 37
65 37
65 38
65 39
65 40
64 41
64 42
64 43
64 44
64 44
64 45
64 46
64 47
64 48
64 49
64 50
64 51
64 52
64 53
64 53
64 54
64 55
64 56
64 57
64 58
64 59
64 60
64 61
64 62
64 63
64 64
64 64
64 65
64 66
64 67
64 68
64 69
64 70
64 71
64 72
64 73
64 74
64 74
64 75
64 76
64 77
64 78
64 79
64 80
64 81
64 81
64 82
64 83
64 84
64 85
64 86
64 87
64 88
64 88
64 89
64 90
64 91
64 91
64 92
64 93
64 94
64 94
64 95
64 96
64 97
64 97
64 98
64 98
64 99
64 99
63 100
63 100
62 100
61 100
61 100
60 100
60 100
59 100
58 100
57 100
57 100
56 100
55 100
54 100
53 100
53 100
52 100
51 99
50 99
49 99
49 99
48 99
47 98
46 98
45 98
45 98
44 98
43 97
42 97
41 96
40 96
40 96
39 96
38 95
37 95
36 94
35 94
35 94
34 93
33 93
32 92
31 92
30 91
29 91
29 91
28 90
27 90
26 89
25 89
24 88
24 88
23 88
22 87
21 87
20 87
19 86
18 86
18 86
17 86
16 86
15 86
14 86
13 86
13 86
12 86
11 87
10 87
9 87
9 87
8 88
7 88
6 89
5 89
5 89
4 90
3 91
2 92
2 92
1 93
0 94
0 94
0 94
0 93
0 93
1 92
2 91
3 90
3 90
4 89
5 88
5 87
6 86
7 85
7 85
8 84
9 83
10 82
11 81
12 80
13 79
14 78
14 78
15 77
16 76
17 75
18 74
19 73
20 72
21 71
21 71
22 70
23 69
24 69
25 68
26 67
27 66
28 66
29 65
30 64
30 64
31 63
32 62
33 61
34 60
35 59
36 59
37 58
38 57
39 56
40 55
40 55
41 54
42 54
43 53
44 52
45 52
46 51
47 51
48 50
49 49
50 49
51 48
51 48
52 47
53 47
54 46
55 46
56 45
57 44
58 44
59 43
60 43
61 42
62 42
63 41
63 41
64 40
65 40
66 39
67 38
68 37
69 37
70 36
71 35
72 35
73 34
73 34
74 33
75 33
76 32
77 31
78 31
79 30
80 30
81 29
81 29
82 28
83 28
84 27
85 27
86 26
87 26
88 25
89 25
89 25
90 24
91 24
92 23
93 23
94 22
95 22
95 22
96 22
97 21
98 21
99 20
100 20
