14 28
14 28
14 28
14 28
14 28
14 28
14 28
14 28
14 27
14 26
14 26
14 25
14 24
14 24
14 23
14 22
14 22
14 21
14 20
14 19
14 19
14 18
14 17
14 17
14 16
14 16
13 15
13 15
12 15
12 15
11 16
11 16
10 17
10 18
10 18
9 19
8 20
8 20
7 21
7 22
6 23
6 23
6 24
5 25
5 26
5 26
5 27
4 28
4 29
3 30
3 31
3 31
3 32
2 33
2 34
2 35
2 35
2 36
2 37
1 38
1 39
1 40
1 40
1 41
1 42
1 43
1 44
1 45
1 46
1 46
1 47
1 48
1 49
0 50
0 51
0 52
0 53
0 53
0 54
0 55
0 56
0 57
0 58
0 59
0 60
0 61
0 61
0 62
0 63
0 64
0 65
0 66
0 67
0 68
0 69
0 69
0 70
0 71
0 72
0 73
0 74
0 75
0 76
0 76
0 77
0 78
1 79
1 80
1 81
1 82
1 82
1 83
2 84
2 85
2 86
2 86
3 87
3 88
4 89
4 89
5 89
6 90
7 90
7 90
8 90
9 90
10 90
10 90
11 89
12 89
13 88
13 88
14 87
15 86
15 85
16 84
16 84
17 83
18 82
18 81
19 80
20 79
20 79
21 78
21 77
22 76
22 75
23 74
23 74
24 73
24 72
25 71
25 70
26 69
26 69
27 68
27 67
28 66
28 65
28 65
28 64
29 63
29 62
29 61
29 60
30 59
30 58
30 57
31 56
31 55
31 54
31 53
32 52
32 51
32 50
32 49
33 48
33 47
33 47
33 46
33 45
33 45
33 44
33 44
33 44
33 45
33 45
33 46
33 46
33 47
33 47
33 48
33 49
33 50
33 50
33 51
33 52
33 53
33 54
33 54
33 55
33 56
33 57
33 58
33 58
33 59
32 60
32 61
32 61
32 62
32 63
32 64
32 65
32 65
32 66
31 67
31 68
31 68
31 69
31 70
31 71
31 71
31 72
31 72
31 73
31 73
31 72
32 71
32 70
33 69
33 68
33 67
34 66
34 65
35 64
35 63
35 62
36 61
36 60
37 59
37 58
38 57
38 56
38 55
39 54
39 53
40 52
40 51
40 50
41 49
41 48
42 47
42 46
42 46
42 46
41 46
41 46
41 46
41 46
41 47
41 47
41 48
41 49
41 49
41 50
41 51
41 51
41 52
41 53
41 53
41 54
40 55
40 56
40 56
40 57
40 58
40 59
40 59
39 60
39 61
39 61
39 62
39 63
39 64
39 64
38 65
38 65
38 65
38 65
39 64
39 64
39 63
39 62
39 62
39 61
40 60
40 59
40 59
40 58
41 57
41 56
41 55
41 55
41 54
41 53
41 52
41 51
41 51
41 50
42 49
42 48
42 47
42 47
42 46
43 45
43 44
43 44
44 43
44 42
44 42
44 42
44 42
44 42
45 43
45 43
45 44
45 44
45 45
45 46
45 47
45 47
45 48
45 49
45 49
45 50
45 51
45 51
45 52
45 53
45 54
45 54
46 55
46 55
46 56
46 57
46 57
46 58
46 59
46 59
46 60
46 60
46 61
46 61
47 61
47 61
47 60
47 59
47 59
48 58
48 57
48 57
48 56
49 55
49 54
49 53
49 53
49 52
50 51
50 50
50 50
51 49
51 48
52 47
52 47
52 46
52 45
52 45
53 45
53 45
53 46
53 46
53 46
53 47
53 47
53 48
53 48
54 49
54 49
54 50
54 50
54 50
54 51
54 51
55 51
55 51
55 51
55 51
55 51
55 50
55 50
55 50
55 49
55 48
55 48
55 47
55 47
55 46
55 45
55 45
55 44
55 43
55 43
56 42
56 41
56 41
56 40
56 40
56 39
56 39
56 39
56 39
55 40
55 41
55 41
54 42
54 43
54 43
53 44
53 45
52 46
52 46
52 47
51 48
51 49
51 49
50 50
50 51
50 51
50 52
50 53
50 54
50 54
50 55
50 55
51 56
51 56
52 57
52 57
53 56
54 55
54 55
55 54
55 54
56 53
56 52
57 51
57 51
57 50
58 49
58 48
58 48
58 47
59 46
59 45
59 44
59 44
59 43
59 42
60 41
60 40
60 39
60 39
60 38
60 37
60 36
60 35
60 35
60 34
60 33
61 32
61 31
61 30
61 29
61 29
61 28
61 27
61 26
61 25
61 24
61 24
61 23
61 22
62 21
62 20
62 19
62 18
62 18
62 17
62 16
62 15
62 14
62 13
62 12
62 12
62 11
62 10
63 9
63 8
63 7
63 6
63 6
63 5
64 4
64 3
64 2
64 2
64 1
64 0
64 0
64 1
64 1
64 2
64 2
64 3
64 4
64 5
64 5
64 6
64 7
64 8
64 9
64 9
64 10
63 11
63 12
63 13
63 13
63 14
63 15
62 16
62 17
62 18
62 18
62 19
62 20
61 21
61 22
61 23
61 24
61 24
61 25
61 26
61 27
60 28
60 29
60 30
60 31
60 31
60 32
60 33
60 34
60 35
60 36
60 37
60 37
60 38
60 39
60 40
59 41
59 42
59 43
59 44
59 44
59 45
59 46
59 47
59 48
59 49
59 50
59 50
59 51
59 52
58 53
58 54
58 55
58 56
58 56
58 57
59 58
59 59
59 60
59 60
59 61
60 62
60 63
60 63
61 64
61 65
61 65
62 66
62 67
62 67
63 67
63 67
64 67
64 67
64 67
64 67
64 66
64 66
64 65
64 65
64 64
64 64
63 63
63 63
63 62
63 61
63 60
63 59
63 58
64 57
64 56
64 55
64 54
64 53
64 52
64 51
64 50
64 49
64 48
65 47
65 46
65 45
65 44
65 43
65 42
65 41
65 40
65 39
65 38
65 37
66 36
66 35
66 34
66 33
66 32
66 31
66 31
67 30
67 29
67 29
67 28
67 28
67 28
67 28
67 29
67 29
67 30
67 31
67 31
67 32
67 33
67 33
67 34
66 35
66 36
66 37
66 37
66 38
66 39
66 40
66 40
66 41
66 42
66 43
66 43
66 44
66 45
66 45
66 46
66 46
66 47
66 47
67 46
67 46
68 46
68 46
68 45
69 44
69 43
69 43
69 42
70 41
70 40
70 40
70 39
71 38
71 37
71 37
71 36
72 35
72 34
72 34
72 33
73 32
73 31
73 30
73 30
73 29
74 28
74 27
74 27
74 26
75 25
75 24
75 24
75 23
75 23
75 22
75 22
75 22
75 22
75 23
75 23
75 23
75 24
75 25
75 25
75 26
74 27
74 28
74 28
74 29
74 30
74 31
74 32
74 32
74 33
74 34
73 35
73 36
73 37
73 37
73 38
73 39
72 40
72 41
72 42
72 42
72 43
72 44
71 45
71 46
71 47
71 48
71 48
71 49
71 50
71 51
70 52
70 53
70 54
70 55
70 55
70 56
70 57
70 58
69 59
69 60
69 61
69 62
69 62
69 63
69 64
68 65
68 66
68 67
68 68
68 68
68 69
68 70
67 71
67 72
67 73
67 74
67 74
67 75
66 76
66 77
66 78
66 78
66 79
66 80
65 81
65 82
65 83
65 83
65 84
64 85
64 86
64 87
64 87
63 88
63 89
62 90
62 90
62 91
61 92
61 93
61 93
60 94
60 95
59 96
59 96
58 97
57 97
57 97
56 98
55 98
55 98
54 98
53 98
52 98
52 98
51 98
50 98
49 98
49 98
48 98
47 98
46 98
46 98
45 98
44 98
43 98
43 98
42 98
41 99
40 99
39 99
39 99
38 99
37 99
36 100
35 100
34 100
34 100
33 100
32 100
31 100
30 100
30 100
29 100
28 100
27 100
26 100
26 100
25 100
24 100
23 100
22 100
21 100
21 100
20 100
19 100
18 100
17 100
17 100
16 100
15 99
14 99
14 99
13 99
12 99
11 99
10 99
10 99
9 98
8 98
8 98
7 98
6 98
5 98
5 98
4 98
3 98
2 98
2 98
1 98
1 98
0 98
0 98
0 98
0 98
1 97
1 97
2 96
3 96
4 95
4 95
5 94
6 94
7 93
7 93
8 92
9 91
10 91
11 90
11 90
12 89
13 88
14 88
15 87
15 87
16 86
17 86
18 85
19 84
20 84
21 83
21 83
22 82
23 81
24 80
25 80
26 79
27 78
27 78
28 77
29 77
30 76
31 75
32 74
33 74
34 73
34 73
35 72
36 72
37 71
38 70
39 69
40 69
41 68
41 68
42 67
43 67
44 66
45 65
46 64
47 64
48 63
48 63
49 62
50 62
51 61
52 61
53 60
54 60
55 59
56 59
56 59
57 58
58 58
59 57
60 57
61 56
62 56
63 55
63 55
64 54
65 54
66 53
67 52
68 52
69 51
69 51
70 50
71 50
72 49
73 48
74 48
75 47
75 47
76 46
77 46
78 45
79 45
80 44
80 44
81 43
82 42
83 42
84 41
85 40
85 40
86 39
87 38
88 38
89 37
89 37
90 36
91 36
92 35
92 35
93 34
94 34
95 33
95 33
96 32
97 31
97 31
98 30
99 29
99 29
100 28
100 28
100 28
99 28
99 28
99 28
98 29
98 29
97 30
97 30
96 31
95 31
95 31
94 32
94 32
93 32
93 32
93 33
93 33
92 33
92 33
