19 45
19 45
19 44
19 43
19 42
19 42
19 41
19 41
19 40
19 39
19 39
19 38
19 37
19 37
19 36
19 35
19 34
19 33
19 33
19 32
19 31
19 30
19 30
19 29
19 28
19 27
19 27
19 26
19 25
19 25
18 24
18 23
18 23
18 22
18 21
18 21
17 20
17 20
16 19
15 19
15 19
14 19
14 19
13 20
12 20
12 20
11 21
10 21
10 21
9 22
8 23
8 23
7 24
7 25
6 26
6 27
6 27
6 28
5 29
5 30
4 31
4 32
4 32
4 33
3 34
3 35
3 36
2 37
2 38
2 38
2 39
2 40
2 41
1 42
1 43
1 44
1 45
1 45
1 46
1 47
1 48
1 49
0 50
0 51
0 52
0 53
0 54
0 54
0 55
0 56
0 57
0 58
0 59
0 60
0 61
0 62
0 63
0 63
0 64
0 65
0 66
0 67
0 68
0 69
0 70
0 71
0 72
0 73
0 73
0 74
0 75
0 76
0 77
0 78
0 79
0 80
0 81
0 82
0 82
0 83
0 84
1 85
1 86
1 87
1 88
1 88
1 89
2 90
2 91
3 92
3 93
3 93
4 94
5 95
6 96
6 96
7 96
8 97
9 97
9 97
10 97
11 97
12 97
12 97
13 96
14 96
15 95
15 95
16 94
17 93
18 92
18 92
19 91
20 90
21 90
22 89
22 89
22 88
23 87
23 86
24 85
24 84
24 84
24 83
25 82
25 81
26 80
26 79
26 79
26 78
26 77
26 76
26 75
26 74
26 73
26 72
26 71
26 70
26 69
26 68
26 67
26 66
26 65
26 64
26 63
26 62
26 61
26 60
26 59
26 58
26 57
26 56
26 55
26 54
26 53
26 52
26 51
26 50
26 49
26 48
26 47
26 46
26 46
27 47
27 47
26 46
26 46
26 46
27 45
27 44
27 44
28 43
28 42
28 42
29 41
29 40
30 39
30 39
31 38
31 37
31 37
32 36
33 35
33 35
34 34
34 34
35 33
36 33
36 33
36 34
35 35
35 36
34 37
34 38
33 39
33 40
32 41
32 42
32 42
32 43
32 44
32 45
32 46
32 47
32 48
32 48
32 49
31 50
31 51
31 51
31 52
31 53
31 54
31 55
31 56
31 56
31 57
31 58
31 59
31 60
31 60
31 61
32 62
32 63
32 64
32 64
32 65
32 66
32 67
32 68
32 68
32 69
32 70
32 71
32 71
32 72
33 73
33 74
33 74
34 75
34 76
34 76
34 76
35 75
35 75
36 74
36 73
36 73
36 72
36 71
36 70
36 69
37 68
37 67
37 66
37 65
37 64
37 64
37 63
37 62
37 61
37 60
37 59
37 58
37 57
37 57
37 56
37 55
37 54
37 54
37 53
37 52
37 52
37 52
38 52
38 52
38 53
38 53
38 54
38 55
38 56
38 56
38 57
38 58
38 59
38 59
38 60
38 61
38 62
38 62
38 63
38 64
38 65
38 65
39 66
39 67
39 67
39 68
39 69
39 69
39 70
39 70
40 71
40 71
40 71
41 71
41 71
41 70
41 70
41 69
41 68
41 68
41 67
41 66
41 66
41 65
42 64
42 63
42 63
42 62
42 61
42 61
42 60
42 59
42 59
42 58
42 58
42 57
42 57
42 58
42 58
42 58
43 59
43 59
43 60
43 60
44 61
45 61
45 61
46 61
46 61
47 60
47 59
48 58
49 57
50 56
50 55
51 54
51 54
51 53
52 52
52 51
52 50
53 49
53 48
53 48
54 47
54 46
54 46
54 45
54 44
54 44
54 43
54 42
54 42
54 41
54 40
54 39
54 39
54 38
53 37
53 36
53 36
53 35
53 35
53 34
53 34
52 35
52 35
52 36
51 37
51 38
51 38
50 39
50 40
49 41
49 42
49 42
49 43
49 44
48 45
48 46
48 47
48 47
48 48
48 49
47 50
47 51
47 52
47 52
47 53
47 54
47 55
47 56
47 57
47 57
47 58
47 59
47 59
47 59
47 59
48 58
48 57
48 57
48 56
49 55
49 54
49 53
49 53
49 52
50 51
50 50
51 49
51 48
51 48
51 47
51 46
52 45
52 44
52 43
52 42
52 42
52 41
52 40
53 39
53 38
53 37
53 37
53 36
53 35
53 34
54 33
54 32
54 31
54 30
54 30
54 29
54 28
54 27
54 26
54 25
54 24
54 24
54 23
54 22
54 21
54 20
54 19
54 18
54 17
54 16
54 16
54 15
54 14
54 13
54 12
54 11
54 10
54 9
54 9
54 8
54 7
54 6
54 5
54 4
54 3
54 3
54 2
54 1
54 1
54 0
54 0
53 1
53 1
53 2
53 3
53 3
53 4
52 5
52 6
52 7
52 7
52 8
52 9
52 10
52 11
52 12
52 13
52 13
52 14
52 15
51 16
51 17
51 18
51 19
51 19
51 20
51 21
51 22
51 23
51 24
51 25
51 26
51 26
51 27
51 28
51 29
51 30
51 31
51 32
51 33
51 34
51 34
51 35
51 36
52 37
52 38
52 39
52 40
52 40
52 41
52 42
52 43
53 44
53 45
53 46
53 47
53 47
53 48
53 49
54 50
54 51
54 52
54 52
54 53
55 54
55 55
55 55
56 55
56 55
57 54
58 54
58 54
58 53
59 52
59 51
59 51
59 50
59 49
59 48
59 47
59 46
59 45
59 44
59 43
59 42
59 41
60 40
60 39
60 38
60 37
60 36
60 35
60 34
60 33
60 32
60 31
60 30
60 30
60 29
60 28
60 27
60 26
60 25
60 24
60 23
60 22
60 22
60 21
60 21
59 22
59 22
59 23
59 24
59 25
59 25
59 26
59 27
59 28
59 29
59 29
59 30
59 31
59 32
59 33
59 34
59 35
59 35
59 36
59 37
59 38
59 39
59 39
59 40
59 41
59 42
59 43
59 43
59 44
60 45
60 46
60 46
61 47
61 47
62 48
62 48
62 47
62 47
63 46
64 45
64 45
64 44
65 43
65 42
65 42
65 41
66 40
66 39
66 39
66 38
67 37
67 36
67 35
67 35
67 34
68 33
68 32
68 31
68 31
68 30
68 29
68 28
68 28
68 27
68 26
68 25
68 25
68 24
68 24
68 25
68 25
68 26
68 26
68 27
68 28
68 29
68 29
68 30
68 31
68 32
68 33
68 33
68 34
68 35
67 36
67 37
67 38
67 39
67 39
67 40
67 41
67 42
67 43
67 44
67 45
67 45
67 46
67 47
66 48
66 49
66 50
66 51
66 51
66 52
66 53
66 54
66 55
66 56
66 57
66 57
66 58
66 59
66 60
66 61
66 62
66 63
66 64
66 64
66 65
66 66
66 67
66 68
66 69
66 70
66 71
66 72
66 72
66 73
66 74
66 75
66 76
66 77
66 78
66 78
66 79
66 80
66 81
66 82
66 83
66 84
66 84
66 85
66 86
66 87
66 88
66 89
66 89
66 90
66 91
66 92
66 92
66 93
66 94
66 94
66 95
66 95
66 95
66 94
66 94
65 94
65 94
64 93
64 92
64 92
63 91
63 90
63 90
62 89
62 88
62 88
61 87
61 86
60 85
60 85
59 84
58 84
57 83
57 83
56 83
55 82
54 82
54 82
53 82
52 82
51 82
50 82
50 82
49 82
48 82
47 82
47 82
46 82
45 83
44 83
43 83
43 83
42 83
41 84
40 84
39 84
39 84
38 84
37 84
36 84
35 84
35 84
34 84
33 84
32 84
32 84
31 84
30 84
29 84
29 84
28 84
27 84
26 84
26 84
25 84
24 84
24 84
23 85
22 85
22 85
21 86
21 87
20 88
20 88
19 89
18 90
18 90
18 91
17 92
17 93
17 93
17 94
16 95
16 96
16 96
15 97
15 98
15 98
15 99
15 100
15 100
15 100
15 100
15 100
15 100
16 99
16 99
16 98
16 97
16 97
16 96
17 95
17 94
17 94
18 93
18 92
19 91
19 91
20 90
20 89
21 88
21 88
22 87
22 86
23 85
23 84
23 84
24 83
24 82
25 81
25 80
26 79
26 79
27 78
28 77
28 76
29 75
29 75
30 74
31 73
31 72
32 71
33 70
33 70
34 69
34 68
35 67
35 66
36 65
36 65
37 64
38 63
38 62
39 61
40 60
40 60
41 59
42 58
42 57
43 56
43 56
44 55
45 54
45 53
46 52
46 52
47 51
48 50
48 49
49 48
49 48
50 47
51 46
52 45
52 45
53 44
54 43
54 43
55 42
56 42
57 41
57 41
58 40
59 39
59 39
60 38
61 38
61 38
62 38
63 37
64 37
64 37
65 36
66 35
66 35
67 35
68 34
69 34
69 34
70 33
71 33
71 33
72 32
73 32
73 32
74 32
75 32
76 32
76 32
77 31
78 31
78 31
79 31
80 30
81 30
81 30
82 29
83 29
83 29
84 28
85 28
86 27
86 27
87 27
88 26
89 26
89 26
90 25
91 24
91 24
92 23
93 22
93 22
94 21
95 21
95 21
96 20
96 20
97 20
97 20
98 19
98 19
98 19
99 19
99 19
99 19
99 19
100 19
100 19
100 19
100 19
99 19
