30 45
30 46
31 47
31 48
31 48
30 48
30 48
30 49
30 49
30 49
30 49
30 49
30 49
30 48
30 48
31 47
31 47
31 46
31 45
31 45
32 44
32 43
32 43
32 42
32 41
32 40
32 40
32 39
32 38
32 37
32 37
32 36
32 35
32 35
32 34
32 33
32 33
32 32
32 31
32 31
31 30
31 30
31 29
31 29
31 29
30 29
30 29
30 29
29 29
29 29
28 30
28 30
28 31
28 32
28 32
27 33
27 34
27 34
27 35
26 36
26 37
26 37
26 38
26 39
26 40
26 41
26 41
26 42
25 43
25 44
25 44
25 45
25 46
25 47
25 48
25 48
25 49
25 50
25 51
25 52
25 52
25 53
25 54
25 55
25 56
25 56
25 57
25 58
25 59
25 59
25 60
26 61
26 62
26 62
27 63
28 63
28 63
29 64
29 64
30 65
31 65
31 65
32 65
33 65
33 65
34 64
34 64
35 64
35 64
36 63
36 63
37 62
37 62
38 61
38 60
38 60
38 59
38 58
38 57
39 56
39 55
39 54
39 53
39 52
39 51
39 50
40 49
40 48
40 47
40 46
40 45
40 44
40 43
40 42
41 41
41 40
41 39
41 38
41 38
42 39
42 39
42 39
42 38
42 38
43 38
43 38
44 37
44 37
45 36
46 35
46 35
47 34
47 34
48 34
49 34
49 34
49 35
49 36
49 37
49 38
48 39
48 40
48 41
48 42
48 43
48 44
48 44
48 45
47 46
47 47
47 48
47 48
47 49
47 50
47 51
47 51
47 52
46 53
46 54
46 54
46 55
46 56
46 57
46 57
46 58
46 59
46 60
46 60
46 61
46 61
46 61
46 62
46 62
46 61
46 61
47 61
47 61
47 60
48 59
48 58
48 57
48 56
49 55
49 54
49 53
49 52
50 51
50 50
50 49
50 48
51 47
51 46
51 45
51 45
51 44
52 43
52 42
53 41
53 40
53 40
54 39
54 39
54 39
54 39
54 39
54 40
54 41
54 41
54 42
54 43
54 44
54 44
54 45
54 46
54 47
54 47
54 48
54 49
54 49
53 50
53 51
53 51
53 52
53 53
53 53
53 53
53 53
53 53
53 52
53 52
53 51
53 51
53 50
53 49
53 49
54 48
54 47
54 47
54 46
54 45
54 45
54 44
55 43
55 42
55 42
55 41
56 40
56 39
56 39
57 38
57 37
57 37
58 36
58 36
59 35
59 35
60 35
60 35
60 35
61 36
61 36
61 37
61 38
61 38
61 39
61 40
61 41
61 41
61 42
61 43
61 44
61 44
61 45
61 45
62 46
62 47
62 47
62 47
62 47
62 47
62 46
63 45
63 44
64 43
64 42
65 41
65 40
66 39
66 38
66 37
67 36
67 35
68 34
68 33
69 32
69 31
70 30
70 29
70 29
71 28
71 27
71 27
71 27
70 27
70 27
70 28
70 28
70 29
70 30
70 30
70 31
69 32
69 33
69 34
69 34
69 35
69 36
69 37
69 37
69 38
69 39
69 39
70 40
70 41
70 41
71 42
71 42
72 42
72 42
72 41
72 41
73 40
73 40
73 39
73 39
73 38
73 37
73 37
73 36
73 35
73 35
73 34
73 33
73 33
73 32
72 31
72 30
72 30
72 29
71 28
71 27
71 27
71 26
70 25
70 24
70 23
70 23
69 22
69 21
68 20
68 19
68 19
67 18
67 17
66 16
66 15
66 15
66 14
65 13
65 12
65 11
65 11
64 10
64 9
63 8
63 8
62 7
62 6
61 5
61 5
60 4
60 3
60 3
59 2
59 2
58 1
58 1
57 1
57 1
57 0
57 0
57 0
57 1
57 1
58 2
59 3
60 4
61 4
62 5
63 6
64 7
65 8
66 9
67 10
68 10
69 11
70 12
71 13
72 14
73 15
74 16
75 16
76 17
77 18
78 19
78 19
77 20
77 21
77 21
76 22
76 22
75 23
75 23
75 24
75 25
75 25
76 26
76 26
76 27
76 27
77 28
77 28
78 29
78 29
79 29
79 29
80 29
80 29
80 29
81 29
81 29
82 28
82 27
82 27
82 26
82 26
83 25
83 24
83 24
83 23
83 22
83 21
83 21
83 20
83 19
83 18
83 18
83 17
84 16
84 15
84 14
84 14
84 13
84 12
84 12
84 11
84 10
84 9
84 9
84 8
84 8
83 7
83 7
83 8
83 8
83 9
83 9
82 10
82 11
82 11
82 12
82 13
82 13
82 14
82 15
81 16
81 17
81 18
81 19
81 19
81 20
81 21
80 22
80 23
80 24
80 24
80 25
80 26
80 27
80 28
80 29
80 30
80 31
80 31
80 32
80 33
80 34
80 35
80 36
80 37
80 38
80 38
80 39
80 40
80 41
81 42
81 43
81 44
81 45
81 45
81 46
81 47
81 48
81 49
81 50
81 51
81 52
81 53
81 53
81 54
81 55
82 56
82 57
82 58
82 59
82 59
82 60
82 61
83 62
83 63
83 64
83 64
83 65
84 66
84 67
84 68
84 68
84 69
85 70
85 71
85 71
86 72
86 73
86 73
86 74
86 75
86 75
86 76
86 77
86 77
86 78
86 78
86 78
85 78
85 78
84 78
84 78
83 78
82 78
82 78
81 78
80 77
79 77
79 77
78 77
77 76
76 76
75 76
75 76
74 76
73 76
72 76
71 76
70 76
70 76
69 76
68 76
67 75
66 75
65 75
65 75
64 75
63 75
62 75
61 75
60 75
59 75
59 75
58 75
57 75
56 75
55 75
54 75
53 75
52 75
52 75
51 75
50 75
49 75
48 75
47 75
46 75
46 75
45 75
44 75
43 75
42 75
41 75
40 75
40 75
39 75
38 75
37 75
36 76
35 76
34 76
33 76
33 76
32 76
31 77
30 77
29 77
28 78
27 78
27 78
26 79
25 79
24 80
23 81
22 81
21 82
21 82
20 83
19 84
18 85
17 86
16 87
16 87
15 88
14 89
13 90
12 90
11 91
10 92
10 92
9 93
8 94
7 95
6 96
6 96
5 97
4 98
3 98
2 99
2 99
1 100
0 100
0 100
0 100
0 99
0 99
1 99
2 98
3 98
3 98
4 97
5 96
5 95
6 94
7 93
7 93
8 92
9 91
10 90
11 89
12 88
13 87
13 87
14 86
15 85
16 84
17 83
18 83
19 82
20 81
21 80
21 80
22 79
23 78
24 77
25 76
25 75
26 74
27 73
28 72
29 71
29 71
30 70
31 69
32 68
33 67
34 66
35 66
36 65
37 64
38 63
39 62
39 62
40 61
41 60
42 59
43 58
44 57
45 57
46 56
47 55
48 54
49 53
49 53
50 52
51 51
52 51
53 50
54 49
55 48
56 48
57 47
58 46
59 45
60 45
61 44
61 44
62 43
63 42
64 42
65 41
66 40
67 39
68 38
69 38
70 37
71 36
71 36
72 35
73 34
74 34
75 33
76 32
77 31
78 30
79 30
80 29
81 28
81 28
82 27
83 27
84 26
85 25
86 24
87 24
88 23
89 22
90 22
91 21
91 21
92 20
93 20
94 19
95 18
96 18
97 17
98 16
99 16
100 15
