17 17
18 17
18 17
18 17
18 17
18 17
18 17
18 17
18 17
18 16
18 16
18 15
18 15
18 14
18 14
18 13
18 13
18 12
18 12
18 11
18 10
18 10
18 9
18 9
17 8
17 8
16 8
16 8
15 8
15 8
14 9
14 9
13 10
12 11
12 11
11 12
11 13
10 14
10 14
9 15
9 16
8 17
8 18
8 18
7 19
7 20
6 21
6 22
6 22
5 23
5 24
4 25
4 26
4 26
4 27
3 28
3 29
2 30
2 31
2 31
2 32
2 33
1 34
1 35
1 36
1 36
1 37
1 38
0 39
0 40
0 41
0 42
0 42
0 43
0 44
0 45
0 46
0 47
0 48
0 48
0 49
0 50
0 51
0 52
0 53
0 53
0 54
0 55
0 56
0 57
0 58
0 58
0 59
0 60
1 61
1 62
1 63
1 63
1 64
2 65
2 66
2 67
2 67
2 68
3 69
3 70
3 70
3 71
4 72
4 73
4 73
5 74
6 75
6 75
7 76
8 76
8 76
9 76
10 76
10 76
11 75
12 75
13 74
13 74
14 73
14 72
15 71
15 71
16 70
16 69
17 68
17 67
18 66
18 65
18 65
19 64
19 63
20 62
20 61
21 60
21 59
21 59
21 58
22 57
22 56
23 55
23 54
24 53
24 52
24 52
24 51
25 50
25 49
25 48
26 47
26 46
26 46
26 45
27 44
27 43
27 43
27 42
27 42
26 42
26 42
25 43
25 43
24 44
24 44
23 45
23 45
23 46
23 46
24 45
25 44
26 43
27 42
28 41
29 40
29 40
29 39
29 38
29 37
29 37
29 36
29 36
29 36
29 36
30 37
30 37
31 38
31 39
31 39
31 40
31 41
31 41
31 42
30 43
30 44
30 44
30 45
30 46
30 47
30 47
30 48
29 49
29 50
29 50
29 51
29 52
29 53
29 53
28 54
28 54
29 55
29 55
29 55
30 54
30 53
30 53
31 52
31 51
32 50
32 50
32 49
33 48
33 47
33 47
34 46
34 45
35 44
35 43
35 43
36 42
36 41
37 40
37 39
37 39
37 38
38 37
38 36
38 36
39 35
39 35
39 35
39 35
39 36
39 36
38 37
38 38
38 38
37 39
37 40
37 40
37 41
37 42
37 42
36 43
36 44
36 44
36 45
36 46
36 46
36 47
36 47
36 48
36 49
36 49
36 50
36 50
36 50
36 50
37 49
37 49
37 48
37 47
37 47
37 46
38 45
38 44
38 44
38 43
39 42
39 41
39 40
39 40
39 39
40 38
40 37
40 37
40 36
40 35
40 35
40 34
40 34
40 35
40 35
40 35
40 35
40 36
40 37
40 37
40 38
40 38
40 39
40 40
40 40
40 41
40 41
40 42
40 42
40 43
40 44
40 44
40 45
40 46
40 46
41 47
41 47
41 48
41 48
42 48
42 48
43 47
43 47
44 46
44 45
44 45
45 44
45 43
45 43
46 42
46 41
46 41
47 40
47 39
47 39
48 38
48 37
48 37
49 36
49 36
49 36
48 35
48 35
48 34
48 34
47 34
47 34
47 34
46 34
46 34
45 34
45 34
45 34
45 35
45 35
45 36
45 36
45 37
45 38
45 38
45 39
45 40
45 40
45 41
45 42
45 42
44 43
44 44
44 44
45 45
45 45
45 45
45 45
46 44
46 43
46 43
47 42
47 41
47 41
47 40
48 39
48 38
48 37
48 37
49 36
49 35
50 34
50 33
50 33
50 32
50 31
50 30
50 29
50 28
50 28
51 27
51 26
52 25
52 24
52 24
52 23
52 22
52 21
52 20
52 19
52 18
52 17
52 17
52 16
52 15
53 14
53 13
53 12
53 12
53 11
53 10
54 9
54 8
54 7
54 7
54 6
54 5
54 4
54 3
54 3
55 2
55 1
55 1
55 0
55 0
55 1
55 1
55 1
55 2
55 2
55 3
54 4
54 5
54 5
54 6
54 7
54 8
54 9
54 9
54 10
54 11
53 12
53 13
53 14
53 15
53 15
53 16
53 17
52 18
52 19
52 20
52 21
52 21
52 22
52 23
51 24
51 25
51 26
51 26
51 27
51 28
51 29
51 30
51 31
51 31
51 32
51 33
50 34
50 35
50 36
50 36
50 37
50 38
50 39
50 39
50 40
50 41
50 42
50 42
51 43
51 43
51 44
51 44
52 44
52 44
53 43
53 43
54 42
54 41
54 41
54 40
55 39
55 38
55 37
55 36
56 35
56 34
56 33
56 32
57 31
57 30
57 29
57 28
58 27
58 26
58 26
58 25
58 24
58 23
58 22
58 22
57 22
57 22
57 22
56 22
56 22
56 22
56 22
56 22
56 22
56 22
56 22
56 22
56 22
56 22
56 21
56 21
56 21
56 21
56 21
56 21
56 21
56 21
56 21
56 21
56 21
56 21
56 21
56 21
56 21
56 21
56 21
56 21
56 21
56 21
56 21
56 21
56 21
56 21
56 21
56 21
56 21
56 21
56 21
56 21
56 21
56 21
56 21
56 21
56 21
56 21
56 21
56 21
56 21
56 20
56 20
56 20
56 20
56 20
56 20
56 20
56 20
56 20
56 20
56 20
56 20
56 20
56 21
56 21
56 21
56 22
56 23
56 23
56 24
56 25
56 25
56 26
56 27
56 27
56 28
56 29
56 30
56 30
56 31
56 32
56 33
56 33
56 34
56 35
56 35
56 36
56 37
56 37
57 37
57 37
58 37
58 37
59 36
59 36
60 35
61 34
61 34
62 33
62 32
62 32
63 31
64 30
64 30
64 29
64 28
64 27
64 27
64 26
65 25
65 24
65 24
65 23
66 22
66 21
66 21
66 20
66 19
66 18
66 18
66 17
66 16
66 16
65 15
65 15
65 14
65 14
65 14
65 14
65 14
65 14
65 14
65 15
65 15
64 16
64 17
64 17
64 18
64 19
64 20
64 20
64 21
64 22
64 23
64 23
64 24
64 25
64 26
64 27
64 27
64 28
64 29
63 30
63 31
63 32
63 32
63 33
63 34
62 35
62 36
62 37
62 37
62 38
62 39
61 40
61 41
61 42
61 43
61 43
61 44
61 45
60 46
60 47
60 48
60 49
60 49
60 50
60 51
60 52
59 53
59 54
59 55
59 56
59 57
59 57
59 58
59 59
58 60
58 61
58 62
58 63
58 63
58 64
58 65
57 66
57 67
57 68
57 68
57 69
57 70
57 71
57 72
57 72
57 73
56 74
56 75
56 76
56 76
56 77
56 78
56 79
56 80
56 80
56 81
56 82
56 83
56 84
56 84
56 85
55 86
55 87
55 87
55 88
55 89
55 90
55 90
54 91
54 92
54 92
54 93
54 94
54 94
54 95
53 96
53 97
53 97
52 98
52 99
52 99
52 100
52 100
51 100
51 100
51 100
50 100
50 100
50 100
51 100
51 100
51 100
51 100
51 100
51 100
51 100
51 100
50 99
50 99
50 98
50 98
50 98
50 97
50 97
49 97
49 97
49 97
49 96
49 96
49 96
49 96
49 95
49 95
48 95
48 95
48 94
48 94
48 94
48 93
48 93
48 93
48 93
48 93
48 93
48 93
48 93
48 93
48 93
48 93
48 93
48 93
48 93
48 93
48 93
48 93
48 93
48 93
48 93
48 93
48 93
48 93
48 93
48 93
48 93
48 93
48 93
48 93
48 93
48 93
48 93
48 92
48 92
47 92
47 92
47 92
47 92
47 91
47 91
47 91
47 91
46 91
46 91
46 91
46 90
46 90
45 90
45 90
45 90
45 90
44 90
44 90
43 90
43 90
42 90
41 90
41 90
40 90
40 90
39 91
38 91
38 91
37 91
36 92
35 92
35 92
34 92
33 92
33 92
32 92
31 92
31 92
30 92
30 92
29 91
28 91
28 91
27 91
26 91
26 91
25 90
24 90
24 90
23 91
22 91
22 91
21 91
20 91
20 91
19 92
18 92
18 92
17 92
16 93
15 93
15 93
14 94
13 94
13 94
12 95
11 95
11 95
10 96
10 96
9 96
9 96
8 96
8 96
8 96
8 96
8 95
8 95
8 95
8 94
8 94
8 94
9 94
9 94
10 93
10 93
11 92
11 91
11 91
12 90
13 89
13 89
14 88
15 87
15 87
16 86
17 85
18 84
19 83
19 83
20 82
21 81
22 80
23 79
23 79
24 78
25 77
26 76
27 76
28 75
29 74
29 74
30 73
31 72
32 71
33 70
34 69
35 68
35 68
36 67
37 66
38 65
39 65
40 64
41 63
42 62
42 62
43 61
44 60
45 59
46 59
47 58
48 57
49 56
49 56
50 55
51 55
52 54
53 54
54 53
55 53
56 52
56 52
57 51
58 51
59 50
60 49
61 49
62 48
62 48
63 47
64 47
65 46
66 46
67 45
68 45
69 44
69 44
70 44
71 43
72 43
73 42
74 42
74 42
75 42
76 41
77 41
78 40
79 40
79 40
80 39
81 39
82 38
83 38
83 38
84 37
85 36
86 36
87 35
87 35
88 34
89 33
90 33
91 32
91 32
92 31
93 30
94 29
94 29
95 28
96 28
97 27
97 27
98 26
98 25
99 24
99 24
100 23
100 23
99 23
99 23
98 23
98 23
97 23
97 23
96 24
95 24
94 25
94 25
93 26
92 27
92 27
91 28
90 28
89 29
89 29
88 30
87 30
87 30
86 31
85 31
84 32
84 32
83 33
82 33
