35 38
35 38
35 38
35 38
35 38
35 38
35 37
35 36
35 36
36 35
36 34
36 34
36 33
36 32
36 32
36 31
36 30
36 30
37 29
37 28
37 28
37 27
37 27
36 26
36 26
35 26
34 26
34 26
33 27
33 27
32 28
31 29
30 30
30 30
29 31
29 32
28 33
28 34
28 34
27 35
26 36
26 37
25 38
24 39
24 39
24 40
23 41
23 42
23 43
23 44
22 45
22 46
22 46
22 47
21 48
21 49
21 50
21 51
20 52
20 53
20 54
20 54
20 55
19 56
19 57
18 58
18 59
18 59
18 60
18 61
18 62
18 62
19 63
20 63
20 63
21 64
22 64
22 64
23 64
24 64
25 64
25 64
26 64
27 64
28 64
29 64
29 64
30 63
31 63
32 62
33 62
33 62
34 61
35 61
36 60
36 60
37 59
38 59
39 58
39 58
40 57
41 57
42 56
42 56
43 55
43 55
44 55
44 55
44 54
44 53
44 52
44 51
44 50
44 49
44 48
44 47
44 46
44 45
45 44
45 43
45 42
45 41
45 40
45 39
45 38
45 37
45 36
45 35
45 34
45 34
46 33
46 32
46 32
45 31
45 31
45 31
45 31
46 30
46 30
46 29
46 29
46 29
47 30
47 30
47 30
48 31
48 31
48 31
49 31
49 31
50 32
50 32
50 32
50 32
50 33
50 33
49 33
49 33
49 34
49 35
49 35
48 36
47 36
47 36
46 37
46 38
46 38
45 39
45 40
45 40
45 41
45 42
45 42
45 43
44 44
44 45
44 45
44 46
44 47
44 48
44 48
44 49
44 50
44 50
44 51
44 52
44 52
44 53
44 54
44 54
44 55
44 55
44 56
44 56
44 56
44 56
45 56
45 56
46 55
46 54
47 53
47 52
48 51
49 50
49 49
50 48
51 47
51 46
52 45
52 44
53 43
54 42
54 41
55 40
55 39
56 38
56 38
56 38
56 38
55 39
55 39
54 40
54 41
54 41
54 42
54 43
54 43
53 44
53 45
53 45
53 46
53 47
53 47
52 48
52 49
52 49
52 50
52 50
52 50
52 50
52 50
53 49
53 49
54 48
54 47
54 47
55 46
55 45
55 45
56 44
56 43
56 43
56 42
57 41
57 40
57 40
58 39
58 38
58 38
59 37
59 37
60 36
60 36
60 36
60 37
60 37
60 38
60 39
60 39
60 40
60 41
60 41
60 42
59 43
59 44
59 44
59 45
59 46
59 46
59 47
59 47
58 48
58 48
58 48
58 48
58 48
59 47
59 46
60 45
61 44
62 43
62 42
63 41
64 40
64 39
65 38
65 38
66 37
67 36
67 36
67 35
67 35
67 34
67 34
67 33
67 33
68 32
68 32
68 32
68 32
68 32
68 32
68 32
68 32
67 32
67 32
67 32
66 32
66 32
65 33
65 33
65 33
64 33
64 33
63 34
63 34
62 35
62 35
62 35
61 36
61 36
61 37
61 37
61 38
61 39
61 39
61 40
61 41
61 41
61 42
61 43
61 43
62 44
62 44
62 45
62 45
63 45
63 45
63 46
63 46
64 46
64 46
65 46
65 46
65 45
65 45
66 45
66 45
67 44
67 44
67 43
67 43
67 43
67 42
67 42
67 41
67 40
67 40
67 39
67 38
67 38
67 37
67 36
67 36
67 35
67 34
67 33
67 33
67 32
67 31
67 30
67 29
67 29
67 28
67 27
67 26
67 25
67 24
67 24
67 23
67 22
67 21
67 20
67 19
67 18
67 18
67 17
67 16
67 15
67 14
67 13
67 13
67 12
67 11
66 10
66 9
66 8
66 8
66 7
65 6
65 5
65 4
65 4
64 3
64 2
63 1
63 1
62 0
61 0
61 0
60 0
59 0
59 0
58 1
57 1
57 1
56 2
56 2
55 3
55 3
55 4
55 4
56 5
56 6
57 7
58 8
58 9
59 10
60 11
61 12
61 13
62 14
63 15
63 16
64 17
65 18
65 19
66 20
67 21
67 22
68 23
69 24
70 25
70 26
71 27
72 28
72 29
73 30
73 30
72 31
72 32
72 32
72 32
72 32
72 32
72 32
72 32
72 32
72 32
72 32
72 32
72 32
72 33
72 34
72 34
71 35
71 35
70 36
70 37
70 37
70 38
70 39
70 39
70 40
69 41
69 42
69 42
69 43
69 43
69 44
69 44
69 44
70 44
70 44
71 44
71 44
72 43
72 43
73 42
73 41
73 41
74 40
74 40
75 39
75 38
75 38
76 37
76 36
76 36
77 35
78 34
78 34
78 33
78 33
79 32
79 32
79 31
79 31
79 30
79 30
79 30
79 30
79 30
79 30
79 30
79 30
79 30
79 30
79 30
79 30
80 31
80 31
80 31
80 31
80 32
80 32
80 32
80 32
80 32
80 33
80 33
80 34
80 35
80 35
79 36
79 37
79 37
79 38
78 39
78 40
78 41
78 41
78 42
77 43
77 44
77 45
77 45
77 46
76 47
76 48
76 49
75 50
75 51
75 51
75 52
74 53
74 54
74 55
74 56
73 57
73 58
73 58
73 59
72 60
72 61
72 62
72 63
71 64
71 65
71 66
71 66
71 67
70 68
70 69
70 70
70 71
69 72
69 73
69 73
69 74
69 75
68 76
68 77
68 78
68 79
68 79
68 80
67 81
67 82
67 83
66 84
66 85
66 85
66 86
66 87
66 88
66 89
66 89
66 90
65 91
65 92
65 93
65 93
65 94
65 95
65 96
65 96
65 97
65 98
65 98
64 99
64 99
64 100
64 100
64 100
63 100
63 100
62 99
62 99
61 98
61 97
61 97
60 96
59 95
59 95
58 94
58 93
57 92
57 92
56 91
55 90
54 89
54 89
53 88
52 88
51 87
51 87
50 86
49 86
48 85
47 85
47 85
46 85
45 84
44 84
43 83
42 83
42 83
41 83
40 83
39 82
38 82
37 82
37 82
36 82
35 82
34 81
33 81
32 81
32 81
31 81
30 81
29 80
28 80
27 80
26 80
26 80
25 80
24 80
23 80
22 80
21 80
20 80
20 80
19 80
18 80
17 81
16 81
15 81
15 81
14 81
13 81
12 82
11 82
10 82
10 82
9 83
8 83
7 84
6 84
6 84
5 85
4 85
3 86
3 86
2 86
1 87
0 87
0 87
0 88
0 88
0 88
0 87
0 87
1 86
1 86
2 85
3 84
3 84
4 83
4 82
5 81
5 81
6 80
7 79
8 78
8 78
9 77
10 76
11 75
12 74
13 73
13 73
14 72
15 71
16 70
17 69
18 68
18 68
19 67
20 67
21 66
22 65
23 64
24 64
25 63
25 63
26 62
27 62
28 61
29 60
30 60
31 59
32 59
33 58
33 58
34 58
35 57
36 57
37 56
38 56
39 55
40 55
41 54
42 54
42 54
43 53
44 53
45 52
46 52
47 51
48 51
49 50
50 50
51 49
51 49
52 49
53 48
54 48
55 47
56 47
57 46
58 46
59 45
60 45
60 45
61 44
62 44
63 43
64 43
65 42
66 42
67 41
68 41
69 40
69 40
70 40
71 39
72 39
73 38
74 38
75 38
76 37
77 37
77 37
78 37
79 36
80 36
81 36
82 35
83 35
83 35
84 35
85 35
86 34
87 34
88 34
88 34
89 34
90 34
91 34
92 34
92 34
93 34
94 35
95 35
95 35
96 35
97 35
97 35
98 35
98 35
99 34
99 34
100 34
100 34
99 34
99 34
98 34
98 34
97 34
