21 60
21 60
21 60
21 60
21 60
21 60
22 60
22 60
22 59
22 59
22 58
22 58
23 57
23 56
23 56
23 55
23 54
23 53
23 53
23 52
23 51
23 50
23 50
24 49
24 48
24 48
24 47
24 46
24 45
24 45
24 44
24 43
24 43
23 42
23 41
23 41
23 40
23 40
22 39
22 39
22 38
22 38
21 38
21 38
20 38
20 38
20 39
20 39
19 40
19 41
19 41
18 42
18 43
18 43
18 44
18 45
18 45
18 46
17 47
17 48
17 49
17 49
17 50
17 51
17 52
17 52
17 53
17 54
17 55
17 56
17 56
17 57
17 58
17 59
17 60
17 60
17 61
17 62
17 63
17 64
17 65
17 65
17 66
17 67
17 68
17 69
17 69
17 70
17 71
17 72
17 72
17 73
18 74
18 75
18 75
18 76
19 77
19 78
19 78
20 79
20 80
20 80
21 81
21 81
22 82
22 82
23 82
23 82
24 81
25 81
25 81
26 80
26 79
26 79
27 78
27 77
28 76
28 76
28 75
28 74
29 73
29 72
29 71
29 70
29 69
30 68
30 67
30 66
30 65
30 64
31 63
31 62
31 61
31 60
31 59
32 58
32 57
32 56
32 55
32 54
33 53
33 52
33 51
33 51
33 51
33 51
33 51
33 51
33 51
33 50
33 49
33 48
33 48
34 47
34 47
35 46
35 46
35 45
35 45
36 44
36 44
36 43
36 43
37 43
37 43
37 43
37 44
37 44
37 44
37 45
36 46
36 47
36 48
36 48
36 49
36 50
36 50
35 51
35 52
35 52
35 52
35 53
35 54
35 55
35 55
34 55
34 55
34 56
34 56
34 57
34 58
34 58
34 59
34 60
34 60
34 61
35 62
35 63
35 63
35 64
35 65
35 65
35 66
35 67
35 67
35 68
35 68
35 69
35 69
35 70
35 70
35 70
35 70
36 69
36 69
36 69
36 68
37 67
37 66
37 65
37 65
37 64
37 63
37 63
37 62
38 61
38 60
38 60
38 59
39 58
39 57
39 57
39 56
40 55
40 54
40 53
40 53
40 52
41 51
41 50
41 50
41 50
42 49
42 48
43 47
43 47
44 47
44 47
44 47
44 47
44 47
43 48
43 48
43 49
43 50
43 50
43 51
43 52
43 53
43 53
43 54
42 55
42 56
42 56
42 57
42 58
42 59
42 59
42 60
42 61
42 61
42 62
42 63
42 63
42 64
42 65
42 65
42 66
42 66
42 66
42 66
42 65
42 65
42 64
42 64
42 63
42 62
42 62
42 61
42 60
42 60
42 59
42 58
42 57
42 57
42 56
43 55
43 54
43 54
43 53
43 52
43 52
44 51
44 50
44 50
45 49
45 49
45 49
46 48
46 48
47 49
47 49
48 49
48 49
48 50
48 50
49 51
49 51
49 52
49 52
49 53
49 54
49 54
49 55
49 56
49 57
49 57
49 58
49 59
49 59
48 60
48 60
48 61
48 61
48 61
49 61
49 61
49 61
49 60
49 60
50 59
50 58
51 57
51 56
51 56
52 55
52 54
52 54
52 53
53 52
53 51
53 51
53 50
54 49
54 48
54 47
54 47
54 46
55 45
55 44
55 44
56 43
56 42
56 42
57 41
57 40
57 40
57 40
58 39
58 38
58 38
57 38
57 38
57 38
56 39
56 39
56 40
56 40
55 41
55 42
55 42
54 43
54 44
54 44
53 45
53 46
53 46
53 47
53 48
53 48
53 49
53 50
53 50
53 51
53 52
53 52
53 53
53 53
54 54
54 55
54 55
54 56
54 56
55 56
55 56
56 56
56 56
56 56
57 56
57 56
57 55
57 54
57 54
58 53
58 52
58 52
58 51
58 51
58 50
58 49
58 49
58 48
58 47
58 46
58 46
58 45
58 44
58 43
58 43
58 42
57 41
57 40
57 40
57 39
57 38
57 37
57 36
57 36
57 35
56 34
56 33
56 32
56 32
56 31
56 30
55 29
55 28
55 27
55 27
55 26
54 25
54 24
54 23
53 22
53 21
53 21
53 20
53 19
53 18
53 17
53 16
53 15
53 15
53 14
53 13
53 12
52 11
52 10
52 9
52 8
52 7
52 7
52 6
51 5
51 4
51 3
51 3
51 2
50 1
50 0
50 0
49 0
49 0
48 1
48 1
48 1
48 1
48 2
48 2
48 2
48 3
48 3
48 3
49 4
49 4
50 5
50 6
50 6
51 7
51 7
51 8
52 9
52 10
52 10
52 11
53 12
53 13
53 13
54 14
54 15
55 16
55 17
55 17
55 18
56 19
56 20
57 21
57 22
57 22
58 23
58 24
59 25
59 25
60 26
60 27
61 28
61 28
62 29
63 29
63 29
64 30
64 31
64 31
65 32
65 33
65 33
66 34
66 34
66 35
66 35
66 35
66 36
66 36
65 36
65 36
65 35
65 35
65 35
65 35
65 35
65 35
65 35
65 35
64 36
64 37
64 37
64 38
64 39
64 39
64 40
64 41
64 42
64 42
64 43
64 44
64 44
65 45
65 46
65 46
66 47
66 47
66 48
66 48
67 48
67 48
68 47
68 47
69 46
69 46
69 45
69 44
69 44
69 43
70 42
70 41
70 41
70 40
70 39
70 39
70 38
71 37
71 36
71 35
71 35
71 34
71 33
71 32
71 31
71 31
71 30
71 29
71 28
71 27
71 27
71 26
71 25
71 24
71 23
71 22
71 22
71 21
71 20
71 19
71 19
71 19
71 20
71 20
71 21
71 22
71 23
71 23
71 24
70 25
70 26
70 26
70 27
70 28
70 29
70 30
70 30
70 31
70 32
70 33
70 34
70 34
70 35
70 36
69 37
69 38
69 39
69 39
69 40
69 41
69 42
69 43
69 44
69 45
69 45
69 46
69 47
69 48
69 49
69 50
69 51
69 52
69 52
69 53
69 54
69 55
70 56
70 57
70 58
70 59
70 59
70 60
70 61
70 62
70 63
70 64
70 65
70 66
70 67
70 67
70 67
70 68
70 69
70 70
70 71
70 72
70 73
70 74
70 75
70 76
70 77
70 78
70 79
70 80
70 80
70 81
71 82
71 83
71 84
71 84
71 85
71 86
71 87
71 87
71 88
71 89
71 90
71 90
71 91
71 92
71 92
71 93
71 94
71 95
71 95
70 96
70 97
70 97
69 98
69 99
69 99
69 100
69 100
68 100
67 100
67 100
66 100
66 100
65 100
64 100
64 100
63 100
62 100
62 100
61 100
60 100
59 100
59 100
58 100
57 99
56 99
56 99
55 99
54 98
53 98
53 98
52 98
51 98
50 98
49 98
49 98
48 98
47 97
46 97
45 97
45 97
44 97
43 96
42 96
41 96
41 96
40 96
39 95
38 95
37 94
36 94
36 94
35 94
34 93
33 93
32 92
31 92
31 92
31 92
30 92
29 92
28 92
27 92
26 92
25 91
24 91
23 91
22 91
21 91
20 91
20 91
19 91
18 92
17 92
16 92
16 92
15 93
14 93
13 94
12 94
12 94
11 94
10 95
9 95
9 95
8 96
7 96
6 97
5 97
5 97
4 97
3 97
3 97
2 97
1 97
1 97
0 97
0 97
0 97
0 96
0 96
1 95
1 95
2 94
3 93
4 92
4 92
5 91
6 91
7 90
7 90
8 89
9 89
10 88
11 88
12 87
12 87
13 86
14 86
15 85
16 85
17 84
18 84
18 84
19 83
20 83
21 82
22 81
23 80
24 80
25 79
25 79
26 78
27 78
28 77
29 76
30 76
31 75
32 75
33 74
33 74
34 73
35 73
36 72
37 71
38 71
39 70
40 70
41 69
41 69
42 68
43 68
44 67
45 67
46 66
47 66
48 65
49 65
50 64
50 64
51 63
52 63
53 62
54 62
55 61
56 61
57 60
58 60
59 59
59 59
60 58
61 58
62 57
63 57
64 56
65 56
66 55
67 55
68 54
68 54
69 53
70 53
71 52
72 51
73 51
74 50
75 50
76 49
76 49
77 48
78 48
79 47
80 46
81 45
82 45
83 44
83 44
84 43
85 43
86 42
87 41
88 41
89 40
89 40
90 40
91 39
92 39
93 39
93 39
93 39
94 39
95 39
96 38
97 38
98 38
98 38
99 38
99 38
100 38
