11 30
11 30
11 30
11 30
11 30
11 30
11 30
12 29
12 28
12 28
12 27
12 27
12 26
12 26
12 25
12 25
12 24
12 24
12 23
12 23
12 23
11 22
11 22
11 22
10 22
10 22
9 23
9 23
8 24
8 25
8 25
8 26
7 27
7 28
7 28
7 29
6 30
6 31
5 32
5 33
5 33
5 34
5 35
4 36
4 37
4 38
4 39
4 39
4 40
3 41
3 42
3 43
2 44
2 45
2 45
2 46
2 47
1 48
1 49
1 50
1 51
1 51
1 52
1 53
1 54
1 55
1 56
1 56
1 57
1 58
1 59
1 60
1 60
2 61
3 62
3 62
4 63
4 63
5 63
6 64
7 64
7 64
8 63
9 62
9 62
10 61
11 61
11 61
12 60
13 59
13 59
14 58
14 58
14 57
14 57
14 56
14 56
15 55
15 54
16 53
16 52
17 51
18 50
18 49
19 48
20 47
20 46
21 45
21 44
22 43
22 43
22 43
22 43
22 43
22 43
22 43
22 43
23 44
23 45
23 45
23 46
23 47
23 48
23 48
23 49
22 50
22 51
22 51
22 52
22 53
22 53
22 54
22 55
22 55
21 56
21 56
21 56
21 55
21 55
21 54
21 54
21 53
21 53
21 52
21 51
21 50
21 49
21 48
22 47
22 46
22 45
22 44
22 43
22 42
22 41
22 40
22 39
22 38
22 37
22 36
23 35
23 34
23 33
23 32
23 31
23 30
23 29
23 29
23 29
23 29
22 29
21 29
21 29
21 29
21 29
21 29
22 28
22 28
22 28
22 28
23 27
23 27
23 27
24 28
24 29
25 30
26 31
27 32
27 33
28 34
29 35
29 36
30 37
30 37
31 38
31 38
31 39
31 39
30 39
30 39
31 40
31 41
31 41
31 42
31 42
30 43
30 44
30 44
30 45
30 46
30 46
30 47
30 48
30 48
30 49
30 50
30 51
30 51
30 52
30 52
29 53
29 53
29 53
29 52
29 52
29 51
29 51
29 50
29 49
29 49
30 48
30 47
30 47
30 46
31 45
31 44
31 44
32 43
32 42
32 42
32 41
33 40
33 39
33 39
34 38
34 37
34 37
35 36
35 35
35 35
36 34
37 34
37 34
38 33
38 32
38 32
39 32
39 32
40 32
40 32
40 33
40 33
40 34
40 34
40 35
40 35
40 36
40 37
40 38
40 38
40 39
40 40
40 40
39 41
39 42
39 42
39 43
39 43
40 44
40 44
40 45
40 45
41 45
41 45
42 44
42 43
43 42
44 41
45 40
45 39
46 38
47 37
47 36
48 35
49 34
49 33
50 32
51 31
52 30
52 29
53 28
53 28
54 28
54 28
54 27
54 27
54 27
54 26
54 26
54 25
54 25
54 24
54 24
53 24
53 24
53 23
53 23
52 23
52 23
52 24
52 24
51 25
51 25
50 26
50 26
49 27
49 28
49 28
48 29
48 30
48 30
48 31
47 32
47 33
47 33
47 34
47 35
47 36
47 36
47 37
47 37
48 38
48 39
48 39
49 39
50 39
50 39
51 39
52 39
52 39
53 38
54 37
54 37
55 36
55 35
55 35
55 34
56 33
56 32
56 32
56 31
56 30
56 29
56 29
56 28
56 27
56 26
56 26
56 25
56 24
56 23
56 22
56 22
56 21
56 20
56 19
56 18
56 17
56 17
56 16
56 15
56 14
56 13
56 12
56 12
56 11
56 10
57 9
57 8
57 7
57 7
57 6
57 5
57 4
57 3
57 2
57 2
58 1
58 1
58 0
58 0
58 1
58 1
58 2
58 2
58 3
58 3
57 4
57 5
57 5
57 6
57 7
57 7
57 8
57 8
57 9
58 10
58 11
58 12
59 13
59 14
59 15
60 16
60 17
60 18
60 19
61 20
61 21
61 22
62 23
62 24
62 24
63 23
63 23
63 23
63 22
63 22
63 22
63 23
63 23
63 24
63 24
63 25
63 25
63 26
63 27
63 28
63 28
63 29
63 30
63 30
63 31
63 32
63 33
63 33
63 34
63 35
63 36
63 36
63 37
63 37
63 38
63 38
64 38
64 38
64 37
64 37
65 36
66 35
66 35
66 34
67 33
67 32
67 32
68 31
68 30
69 29
69 29
70 28
70 27
70 27
71 26
71 25
71 25
71 24
71 23
71 23
71 22
71 21
71 21
71 20
71 20
71 20
71 20
70 21
70 21
70 22
70 23
70 23
70 24
69 25
69 26
69 26
69 27
69 28
68 29
68 30
68 31
68 31
68 32
68 33
68 34
68 35
68 36
68 37
68 37
68 38
68 39
68 40
68 41
68 42
68 43
68 43
68 44
68 45
68 46
68 47
68 48
68 49
68 50
68 50
68 51
68 52
68 53
67 54
67 55
67 56
67 57
67 57
67 58
67 59
67 60
66 61
66 62
66 63
66 64
66 65
66 65
66 66
66 67
66 68
65 69
65 70
65 71
65 72
65 72
65 73
65 74
65 75
64 76
64 77
64 78
64 79
64 79
64 80
64 81
63 82
63 83
63 84
63 85
63 85
63 86
62 87
62 88
62 89
61 90
61 91
61 91
61 92
60 93
60 94
60 95
60 95
59 96
59 97
58 98
58 98
57 98
56 99
55 99
55 99
54 99
53 100
52 100
52 100
51 100
50 100
49 100
49 100
48 100
47 99
46 99
46 99
45 99
44 98
43 98
42 98
42 98
41 97
40 96
39 96
38 95
38 95
37 95
36 94
35 94
34 93
33 93
33 93
32 92
31 92
30 91
29 91
28 90
27 90
27 90
26 90
25 90
24 89
23 89
22 89
21 89
21 89
20 89
19 89
18 88
17 88
16 88
15 88
15 88
14 88
13 88
12 88
11 88
10 88
10 88
9 88
8 88
7 88
6 88
5 88
4 88
4 88
3 88
2 87
1 87
1 87
0 86
0 85
0 85
0 84
0 83
0 83
1 82
1 81
1 81
2 80
3 79
4 79
5 78
5 78
6 77
7 77
8 76
9 75
10 75
11 74
11 74
12 73
13 73
14 72
15 72
16 71
17 71
18 70
18 70
19 70
20 69
21 69
22 69
23 68
24 68
25 68
26 67
27 67
27 67
28 66
29 66
30 65
31 65
32 64
33 64
34 63
35 63
36 62
37 62
37 62
38 61
39 61
40 60
41 60
42 59
43 59
44 58
45 58
46 57
47 57
47 57
48 56
49 56
50 55
51 55
52 54
53 54
54 53
55 53
56 52
57 52
58 51
58 51
59 50
60 50
61 49
62 48
63 48
64 47
65 47
66 46
67 45
68 45
69 44
69 44
70 43
71 43
72 42
73 42
74 41
75 40
76 40
77 39
78 39
79 38
79 38
80 37
81 36
82 36
83 35
84 34
85 33
86 33
87 32
87 32
88 31
89 31
90 30
91 29
92 28
93 28
94 27
94 27
95 27
96 26
97 26
98 26
99 25
100 25
