27 44
27 43
27 42
27 42
27 42
27 41
27 41
27 40
27 40
27 39
27 38
27 38
27 37
27 37
27 36
27 35
27 35
27 34
27 34
27 34
26 34
26 34
25 34
25 34
24 35
24 35
23 36
23 37
23 37
22 38
21 39
21 39
21 40
20 41
20 42
20 43
20 43
20 44
19 45
19 46
18 47
18 48
18 48
18 49
18 50
17 51
17 52
17 53
17 53
17 54
17 55
16 56
16 57
16 58
16 59
16 59
16 60
16 61
15 62
15 63
15 64
15 64
15 65
16 66
16 67
16 67
17 68
17 69
18 70
18 70
19 71
20 71
20 71
21 71
22 70
23 70
23 70
24 69
25 68
25 68
26 67
27 66
28 65
28 65
28 64
29 63
29 62
29 62
30 61
30 60
30 60
31 59
31 59
31 58
31 58
32 57
32 56
33 55
33 54
34 53
34 52
35 51
35 50
35 50
36 50
37 50
37 50
36 50
36 50
36 50
36 51
36 51
36 52
36 52
36 53
36 53
35 54
35 54
35 55
35 56
35 56
35 57
35 57
35 58
35 59
35 59
35 60
35 60
35 61
35 61
35 62
35 62
35 62
35 61
35 60
35 59
35 58
35 57
35 56
35 55
35 54
35 53
35 52
35 51
35 50
36 49
36 48
36 47
36 46
36 45
36 44
36 43
36 42
36 41
36 40
36 39
36 38
36 37
36 37
36 37
36 37
36 37
36 37
36 37
36 37
36 37
36 37
37 36
37 36
38 37
39 38
40 39
41 40
42 41
43 42
43 42
43 42
43 43
43 43
43 44
43 44
43 45
43 45
43 46
43 46
43 47
43 48
43 48
43 49
43 49
43 50
42 51
42 52
42 52
42 53
42 54
42 54
42 55
42 56
42 56
41 57
41 57
41 57
42 56
42 56
42 55
42 55
42 54
42 53
42 53
43 52
43 52
44 51
44 50
44 50
44 49
44 49
45 48
45 47
45 47
46 46
46 45
46 45
47 44
47 43
47 43
48 42
48 42
49 41
49 41
49 40
49 40
49 40
50 40
50 40
50 41
50 41
50 42
50 42
50 43
50 44
50 44
50 45
50 46
50 46
50 47
50 48
50 48
50 49
50 50
50 50
50 51
50 52
50 52
50 52
50 52
50 52
51 51
52 50
52 49
53 48
54 47
55 46
55 45
56 44
57 43
58 42
58 41
59 40
60 39
60 39
60 39
59 38
59 37
59 37
59 37
59 36
59 36
58 36
58 36
58 36
57 36
57 36
57 37
57 37
56 38
56 39
56 39
55 40
55 41
55 41
54 42
54 42
54 43
54 44
54 44
54 45
54 46
54 46
55 47
55 47
56 48
56 48
57 48
58 48
58 48
59 48
59 48
60 47
61 47
61 47
62 46
62 45
62 45
63 44
63 43
63 43
63 42
63 41
63 41
63 40
63 39
63 39
63 38
63 37
63 36
63 36
63 35
63 34
63 33
63 32
63 31
63 31
63 30
63 29
63 28
63 27
63 26
63 26
63 25
63 24
63 23
63 22
63 21
63 20
63 19
63 19
63 18
63 17
63 16
63 15
63 14
63 13
63 12
63 12
63 11
63 10
63 9
64 8
64 7
64 6
64 5
64 5
64 4
65 3
65 2
65 2
65 1
65 0
65 0
65 0
64 1
64 1
64 2
64 3
64 3
64 4
64 5
64 5
64 6
64 7
64 7
64 8
64 9
65 10
65 11
65 12
65 13
65 14
65 15
66 16
66 17
66 18
66 19
66 20
66 21
67 22
67 23
67 24
67 25
67 26
67 27
68 28
68 29
68 30
68 31
68 31
68 31
68 31
68 32
68 32
68 33
68 33
68 34
68 35
68 35
67 36
67 37
67 37
67 38
67 39
67 40
67 40
67 41
67 42
67 43
67 43
67 44
67 45
67 46
67 46
67 47
67 48
67 49
67 49
67 50
67 50
67 50
68 50
68 50
69 49
69 48
69 48
69 47
70 46
70 45
70 45
70 44
71 43
71 42
71 42
71 41
72 40
72 39
72 39
72 38
73 37
73 36
73 36
73 35
74 34
74 33
74 33
74 32
74 31
74 31
74 30
74 29
74 29
74 28
74 28
74 28
73 28
73 28
73 28
73 29
73 30
73 30
72 31
72 32
72 32
72 33
72 34
72 35
72 36
72 37
72 37
72 38
72 39
72 40
71 41
71 42
71 43
71 44
71 44
71 45
71 46
71 47
70 48
70 49
70 50
70 51
70 51
70 52
70 53
70 54
69 55
69 56
69 57
69 58
69 59
69 59
69 60
69 61
69 62
68 63
68 64
68 65
68 66
68 66
68 67
68 68
68 69
67 70
67 71
67 72
67 73
67 74
67 74
67 75
67 76
67 77
66 78
66 79
66 80
66 81
66 81
66 82
65 83
65 84
64 85
64 86
64 86
64 87
64 88
63 89
63 90
63 91
63 91
63 92
62 93
62 94
62 95
62 95
62 96
61 97
61 98
61 98
60 99
59 100
59 100
58 100
57 100
57 100
56 100
55 100
54 100
54 100
53 100
52 99
51 99
50 99
50 99
49 99
48 98
47 98
46 98
46 98
45 98
44 97
43 97
42 96
41 96
41 96
40 96
39 96
38 95
37 95
36 95
35 95
35 95
34 95
33 95
32 94
31 94
30 94
30 94
29 94
28 94
27 93
26 93
25 93
24 93
24 93
23 93
22 93
21 92
20 92
19 92
18 92
18 92
17 92
16 92
15 91
14 91
13 91
13 91
12 91
11 91
10 90
9 90
8 90
8 90
7 89
6 89
5 88
4 88
4 88
3 88
2 87
1 87
1 87
0 86
0 86
0 85
0 85
1 84
1 83
1 83
2 82
3 82
4 81
4 81
5 80
6 80
7 79
8 79
9 78
9 78
10 78
11 77
12 77
13 76
14 76
15 75
16 75
16 75
17 74
18 74
19 73
20 73
21 72
22 72
23 71
24 71
25 70
25 70
26 70
27 69
28 69
29 68
30 68
31 67
32 67
33 66
34 66
34 66
35 65
36 65
37 64
38 64
39 63
40 63
41 62
42 62
43 61
44 61
44 61
45 60
46 60
47 59
48 59
49 58
50 57
51 57
52 56
53 56
54 55
54 55
55 54
56 54
57 53
58 53
59 52
60 52
61 51
62 51
63 50
64 50
65 49
65 49
66 48
67 48
68 47
69 47
70 46
71 46
72 45
73 45
74 44
75 44
75 44
76 44
77 43
78 43
79 42
80 42
81 41
82 41
83 40
84 40
84 40
85 40
86 40
87 39
88 39
89 39
90 39
91 38
92 38
93 38
93 38
94 38
95 38
96 38
97 37
98 37
99 37
100 37
