36 48
36 48
36 48
36 48
36 48
36 47
37 46
37 45
37 45
38 44
38 43
38 43
38 42
38 41
38 40
38 40
38 39
38 38
38 38
38 37
39 36
39 35
39 35
39 34
39 33
39 33
38 32
38 31
38 31
38 30
38 29
38 29
37 28
37 27
37 27
37 26
36 25
36 24
36 24
36 23
36 22
36 22
35 21
35 21
35 21
34 21
34 21
33 22
33 22
33 23
33 23
32 24
32 25
32 25
31 26
31 27
31 27
31 28
31 29
31 30
31 30
31 31
30 32
30 33
30 33
30 34
30 35
30 36
30 37
30 37
30 38
30 39
30 40
30 41
30 42
30 42
30 43
30 44
30 45
30 46
30 47
30 47
30 48
30 49
30 50
30 51
30 52
30 52
30 53
31 54
31 55
31 56
31 56
31 57
32 58
32 59
32 60
32 60
32 61
33 62
33 63
33 63
34 64
34 64
35 65
36 65
36 65
37 64
38 64
38 64
39 64
40 63
41 63
41 63
42 62
43 62
44 61
44 61
45 60
45 59
46 58
46 58
46 57
46 56
46 55
46 54
46 53
46 52
46 51
46 50
46 49
46 48
46 47
46 46
46 45
46 44
46 43
46 42
46 41
46 40
46 39
46 38
46 37
46 36
46 35
46 35
46 35
47 35
47 35
47 34
47 34
48 34
48 34
49 33
49 33
50 32
50 32
51 32
51 32
52 31
52 31
52 31
52 32
52 33
52 34
52 35
52 36
52 36
52 37
52 38
52 39
52 40
52 41
52 42
52 42
52 43
52 44
52 45
52 46
52 46
52 47
52 48
52 49
52 50
52 50
52 51
52 52
52 53
52 54
52 55
52 55
52 56
52 57
52 58
52 58
52 59
52 60
52 61
52 61
52 62
52 63
52 63
52 64
52 64
52 64
52 64
52 63
52 63
53 62
53 61
53 61
53 60
53 59
53 59
53 58
53 57
53 56
53 55
53 54
54 53
54 52
54 51
54 50
54 49
54 48
54 48
54 47
54 46
54 45
55 44
55 43
55 42
55 41
55 41
55 40
55 39
55 39
56 38
56 38
57 37
57 37
57 36
57 36
58 36
58 36
59 37
59 38
59 38
59 39
59 39
59 40
59 41
59 42
59 43
59 43
59 44
59 45
59 46
59 46
59 47
59 48
59 49
59 49
59 50
59 51
59 52
59 52
59 53
59 54
59 54
59 54
59 54
59 54
59 53
59 53
59 52
59 51
59 50
59 50
59 49
59 48
59 48
59 47
59 46
59 45
59 45
59 44
60 43
60 42
60 42
60 41
61 40
61 39
61 39
61 38
61 37
61 37
62 36
62 35
62 35
63 35
63 35
63 35
64 36
64 36
64 37
64 38
64 39
64 39
65 40
65 41
65 41
65 42
66 43
66 44
66 44
66 45
66 45
67 46
67 46
67 46
68 47
68 47
68 46
68 46
69 45
69 44
70 43
70 42
71 41
71 40
72 39
72 38
73 37
73 36
74 35
74 34
75 33
75 32
75 32
75 31
75 30
76 29
76 28
76 27
76 26
76 26
76 25
76 25
76 25
75 25
75 25
75 26
75 26
75 27
75 28
75 28
75 29
74 30
74 31
74 31
74 32
74 33
74 33
74 34
74 35
74 35
75 36
75 36
76 37
76 37
76 37
77 37
77 37
77 37
78 36
78 36
77 35
77 35
77 34
77 33
77 33
76 32
76 31
76 31
76 30
75 29
75 28
75 28
75 27
74 26
74 25
74 24
74 24
74 23
74 22
73 21
73 20
73 19
73 19
72 18
72 17
71 16
71 15
71 15
71 14
71 13
70 12
70 11
70 10
70 10
69 9
69 8
68 7
68 7
67 6
67 5
66 4
66 4
65 3
64 2
64 2
63 1
63 1
63 1
62 0
62 0
62 0
63 0
63 0
64 1
64 1
65 2
66 2
67 3
68 4
69 5
70 5
71 6
72 7
73 8
74 8
75 9
76 10
77 11
78 11
79 12
80 13
81 14
82 14
83 15
83 15
84 16
84 17
85 18
85 19
85 19
85 20
84 21
84 22
84 22
83 23
83 24
83 24
83 25
83 26
83 26
84 26
84 26
84 27
84 27
84 27
85 27
85 27
86 26
86 26
87 25
87 25
87 24
87 23
87 23
88 22
88 21
88 21
89 20
89 20
89 19
89 18
89 18
89 17
89 16
89 16
88 15
88 14
88 14
88 13
88 12
88 12
88 11
88 10
88 10
87 10
87 10
87 10
87 10
86 11
86 12
86 12
86 13
86 14
86 15
86 15
86 16
86 17
86 18
86 19
86 19
86 20
86 21
86 22
86 23
86 24
86 24
86 25
86 26
86 27
86 28
86 29
86 30
86 30
86 31
86 32
86 33
86 34
86 35
86 36
86 37
86 37
86 38
86 39
86 40
87 41
87 42
87 43
87 44
87 45
87 45
87 46
87 47
87 48
88 49
88 50
88 51
88 52
88 52
88 53
88 54
88 55
89 56
89 57
89 58
89 59
89 60
89 60
89 61
89 62
89 63
90 64
90 65
90 66
90 67
90 68
90 68
90 69
91 70
91 71
92 72
92 73
92 73
92 74
93 75
93 76
93 76
93 77
93 78
93 79
93 80
93 80
94 81
94 82
94 82
94 83
94 83
94 84
94 84
93 85
93 85
92 85
92 85
91 85
91 85
90 85
90 85
89 85
88 84
87 84
87 84
86 84
85 84
84 84
84 84
83 84
82 83
81 83
80 83
80 83
79 83
78 82
77 82
76 82
76 82
75 82
74 82
73 81
72 81
71 81
71 81
70 81
69 81
68 80
67 80
66 80
66 80
65 80
64 80
63 80
62 80
61 80
60 80
59 80
59 80
58 80
57 80
56 80
55 80
54 80
53 80
53 80
52 80
51 81
50 81
49 81
48 82
47 82
47 82
46 82
45 83
44 83
43 83
42 83
41 84
40 84
40 84
39 84
38 85
37 85
36 85
35 85
34 86
33 86
33 86
32 86
31 87
30 87
29 87
28 87
27 88
26 88
26 88
25 89
24 89
23 90
22 90
21 91
20 91
20 91
19 92
18 92
17 93
16 93
15 94
14 94
13 95
13 95
12 95
11 96
10 96
9 97
8 97
8 97
7 98
6 98
5 99
4 99
4 99
3 99
2 100
1 100
1 100
0 100
0 100
0 100
0 99
0 99
1 98
1 97
2 96
2 95
2 95
3 94
3 93
4 92
4 91
5 90
5 90
6 89
7 88
8 87
9 86
10 85
11 84
11 84
12 83
13 82
14 81
15 80
15 79
16 78
17 77
18 76
18 76
19 75
20 74
20 73
21 72
22 71
23 70
24 69
24 68
25 67
26 66
26 66
27 65
28 64
29 63
30 62
31 61
32 61
33 60
34 59
35 58
36 57
36 57
37 56
38 55
39 54
40 53
41 52
42 51
43 50
44 49
45 48
46 47
46 47
47 46
48 46
49 45
50 44
51 44
52 43
53 42
54 42
55 41
56 40
57 40
58 39
58 39
59 38
60 38
61 37
62 36
63 35
64 35
65 34
66 33
67 33
68 32
68 32
69 31
70 31
71 30
72 30
73 29
74 28
75 28
76 27
77 27
78 26
78 26
79 25
80 25
81 24
82 23
83 23
84 22
85 22
86 21
86 21
87 20
88 20
89 19
90 19
91 18
92 18
93 17
94 17
94 17
95 17
96 16
97 16
98 16
99 15
100 15
