23 47
23 47
23 47
23 47
23 47
23 47
23 47
23 47
23 46
23 45
23 44
23 44
23 43
24 42
24 41
24 41
24 40
24 39
24 38
24 38
24 37
25 36
25 35
25 35
25 34
25 33
25 32
25 32
25 31
25 30
25 29
25 29
24 28
24 27
24 27
24 26
24 26
23 25
23 25
23 25
22 24
22 24
21 25
21 25
20 25
20 25
20 26
20 27
20 27
19 28
19 28
19 29
18 30
18 31
18 31
18 32
17 33
17 34
17 34
17 35
16 36
16 37
16 38
16 38
16 39
15 40
15 41
15 42
15 42
15 43
15 44
14 45
14 46
14 47
14 48
14 48
14 49
14 50
14 51
14 52
14 53
14 53
14 54
14 55
14 56
14 57
14 58
14 58
14 59
14 60
14 61
14 62
14 62
15 63
15 64
16 65
16 66
16 66
17 67
17 68
17 68
18 69
19 69
19 69
20 69
21 69
22 69
22 69
23 69
24 69
24 69
25 69
26 68
27 68
27 68
28 67
29 67
29 67
30 66
30 65
31 64
31 64
31 63
31 62
31 61
31 60
31 59
31 58
32 57
32 56
32 55
32 54
32 53
32 52
32 51
32 50
32 49
32 48
32 47
32 46
32 45
33 44
33 43
33 42
33 41
33 40
33 39
33 38
33 38
33 38
33 38
34 38
35 38
35 38
36 37
36 37
37 36
37 35
37 35
38 34
39 34
39 34
40 33
41 33
41 33
41 34
41 35
41 36
41 37
41 38
40 39
40 40
40 41
40 42
40 43
40 44
40 44
40 45
40 46
40 47
40 48
40 49
40 49
40 50
40 51
40 52
40 52
40 53
39 54
39 55
39 55
39 56
39 57
39 57
39 58
39 59
39 60
39 60
39 61
39 62
39 62
39 63
39 64
39 64
39 65
39 65
39 65
40 65
40 65
40 65
41 64
41 64
41 63
41 62
41 62
41 61
42 60
42 59
42 58
42 57
43 56
43 55
43 54
44 53
44 52
44 51
45 50
45 49
45 48
45 47
46 46
46 45
46 45
46 44
47 43
47 42
48 41
48 40
48 40
49 39
49 39
49 39
49 40
49 40
49 40
48 41
48 41
48 42
48 43
48 44
48 44
48 45
47 46
47 47
47 47
47 48
47 49
47 50
47 50
47 51
47 52
47 52
46 53
46 54
46 54
46 55
46 55
46 56
46 56
46 56
46 56
47 55
47 55
47 54
47 53
47 53
47 52
48 51
48 50
48 50
48 49
49 48
49 47
49 47
49 46
49 45
49 44
49 44
49 43
50 42
50 41
50 40
50 40
51 39
51 38
51 38
52 37
52 36
52 36
52 36
53 35
53 35
54 36
54 36
54 36
55 37
55 38
55 38
55 39
55 40
55 40
55 41
55 42
55 43
55 43
55 44
55 45
55 45
55 46
55 47
55 47
55 48
55 49
55 49
55 49
55 50
55 50
55 49
55 49
56 48
56 48
57 47
57 46
57 46
58 45
58 44
58 44
59 43
59 42
60 41
60 40
61 39
61 38
61 38
61 37
61 36
61 35
62 34
62 33
62 32
62 31
62 31
62 30
62 29
62 29
62 29
62 29
62 29
62 30
62 31
62 31
62 32
62 33
62 33
62 34
62 35
62 36
62 36
62 37
62 38
62 39
62 39
62 40
62 40
63 41
63 42
63 42
64 43
64 43
65 43
65 43
66 43
66 43
67 43
67 43
68 42
68 42
68 41
68 41
68 40
68 39
68 39
67 38
67 37
67 37
67 36
66 35
66 34
66 34
66 33
65 32
65 31
65 30
65 30
64 29
64 28
63 27
63 26
63 26
63 25
62 24
62 23
61 22
61 21
61 21
60 20
60 19
59 18
59 17
59 17
58 16
58 15
57 14
57 13
57 13
56 12
56 11
55 10
55 10
54 9
54 8
53 7
53 7
53 6
52 5
52 4
52 4
51 3
51 3
51 2
51 2
51 1
51 1
52 1
52 1
52 0
52 0
53 0
54 0
54 0
55 1
56 2
57 3
58 4
59 5
60 6
61 7
62 8
63 9
64 10
65 11
66 12
67 13
68 14
69 15
69 15
69 16
70 17
70 18
71 19
71 20
71 20
71 21
71 22
71 23
71 23
71 24
71 25
71 25
71 26
71 27
71 27
72 28
72 29
72 29
73 30
73 30
73 31
73 31
74 31
74 31
75 31
75 31
75 30
75 30
76 29
76 29
77 28
77 27
77 27
78 26
78 25
78 25
78 24
78 23
78 22
78 22
78 21
79 20
79 19
79 19
79 18
79 17
79 16
79 15
79 15
79 14
79 13
79 12
79 11
79 11
79 10
79 9
79 9
79 8
79 7
79 7
79 7
78 7
78 7
78 8
78 8
78 9
78 9
78 10
77 11
77 12
77 12
77 13
77 14
77 15
77 15
77 16
77 17
76 18
76 19
76 20
76 20
76 21
76 22
76 23
76 24
76 25
76 26
76 27
76 27
76 28
76 29
76 30
75 31
75 32
75 33
75 34
75 35
75 35
75 36
75 37
75 38
76 39
76 40
76 41
76 42
76 42
76 43
76 44
76 45
76 46
76 47
76 48
76 49
76 49
76 50
77 51
77 52
77 53
78 54
78 55
78 55
78 56
78 57
78 58
79 59
79 60
79 61
79 62
79 62
79 63
80 64
80 65
80 66
81 67
81 68
81 68
81 69
81 70
82 71
82 72
82 73
82 73
82 74
83 75
83 76
83 77
83 77
83 78
84 79
84 80
84 80
84 81
84 82
84 82
84 83
84 83
83 84
83 84
82 84
82 84
81 84
81 84
80 84
79 84
79 84
78 84
77 84
76 84
76 84
75 84
74 84
73 84
72 84
72 84
71 84
70 84
69 84
68 84
67 84
67 84
66 84
65 84
64 84
63 84
62 84
62 84
61 84
60 84
59 84
58 84
57 84
56 84
56 84
55 84
54 84
53 84
52 84
51 84
50 84
50 84
49 84
48 84
47 84
46 84
45 84
44 84
44 84
43 84
42 84
41 84
40 84
39 84
38 84
38 84
37 84
36 84
35 85
34 85
33 85
32 85
32 85
31 85
30 85
29 86
28 86
27 86
26 86
26 86
25 86
24 87
23 87
22 88
21 88
21 88
20 88
19 89
18 89
17 90
16 90
16 90
15 91
14 91
13 92
12 92
11 93
11 93
10 94
9 95
8 95
7 96
7 96
6 97
5 98
4 98
3 99
3 99
2 100
1 100
1 100
0 100
0 100
0 100
0 99
0 99
1 98
2 97
2 97
3 96
4 95
4 94
5 93
5 93
6 92
7 91
8 90
8 89
9 88
10 87
10 87
11 86
12 85
13 84
14 83
15 82
16 81
17 80
18 79
18 79
19 78
20 77
21 76
22 75
22 74
23 73
24 72
25 71
26 70
26 70
27 69
28 68
29 67
30 66
31 65
32 65
33 64
34 63
35 62
36 61
36 61
37 60
38 59
39 58
40 57
41 56
42 55
43 54
44 53
45 52
46 51
46 51
47 50
48 49
49 49
50 48
51 47
52 46
53 45
54 44
55 44
56 43
57 42
57 42
58 41
59 41
60 40
61 39
62 39
63 38
64 38
65 37
66 36
67 36
68 35
68 35
69 34
70 34
71 33
72 33
73 32
74 31
75 31
76 30
77 30
78 29
78 29
79 28
80 28
81 27
82 27
83 26
84 26
85 25
86 25
86 25
87 25
88 24
89 24
90 23
91 23
92 23
93 22
94 22
94 22
95 21
96 21
97 20
98 20
99 19
100 19
