23 39
23 39
23 39
23 39
23 39
23 39
23 39
23 39
23 39
23 39
23 39
23 38
23 37
23 37
23 36
24 35
24 34
24 34
24 33
25 32
25 31
25 31
25 30
25 29
25 28
25 28
25 27
25 27
25 26
25 26
24 27
23 27
23 27
22 28
22 29
21 30
21 30
20 31
19 32
19 33
18 34
18 34
18 35
17 36
17 37
17 38
16 39
16 40
16 40
16 41
15 42
15 43
14 44
14 45
13 46
13 47
13 47
13 48
13 49
13 50
12 51
12 52
12 53
12 54
12 55
12 55
12 56
12 57
11 58
11 59
11 60
11 61
11 61
11 62
11 63
12 64
12 65
12 66
12 66
12 67
13 68
13 69
13 69
14 70
15 71
15 71
16 71
17 71
18 71
18 71
19 71
20 71
21 71
21 71
22 70
23 69
24 69
25 68
25 68
26 67
26 66
27 65
27 65
28 64
29 63
30 62
30 62
31 61
32 60
32 60
33 59
33 59
33 59
33 59
33 58
33 57
33 56
33 55
33 54
33 53
33 52
33 51
33 50
33 49
33 48
33 47
33 46
33 45
33 44
33 43
33 42
33 41
33 40
33 39
33 38
33 37
33 37
33 37
33 37
33 37
33 37
33 37
33 37
34 37
35 37
35 37
36 36
36 36
37 36
38 36
38 36
39 36
39 36
39 36
39 36
39 37
39 37
38 38
37 39
37 40
36 41
35 42
35 42
35 43
35 44
35 44
35 44
35 45
35 45
35 46
35 46
36 47
36 47
36 48
36 49
36 49
36 50
36 51
36 51
36 52
36 53
36 53
36 54
35 55
35 56
35 56
35 57
35 58
35 58
35 59
35 59
35 59
35 59
35 58
36 57
36 56
37 55
37 54
38 53
38 52
39 51
39 50
39 49
40 48
40 47
41 46
41 45
42 44
42 43
42 43
43 42
43 42
43 41
43 41
43 41
43 41
43 41
43 40
43 40
42 41
42 41
42 42
42 43
42 43
42 44
41 45
41 46
41 46
41 47
41 48
41 48
41 49
41 50
41 50
40 51
40 52
40 52
40 53
40 53
40 54
40 54
40 54
40 53
40 53
40 52
40 52
41 51
41 51
41 50
41 49
41 49
42 48
42 47
42 47
43 46
43 45
43 45
44 44
44 43
44 43
45 42
45 41
45 41
46 40
46 40
47 40
47 40
48 40
48 40
48 41
48 42
48 42
48 43
48 44
48 44
48 45
47 46
47 47
47 47
47 48
47 49
47 50
47 50
46 51
46 52
46 52
46 53
46 53
46 54
46 54
46 54
47 53
47 52
48 51
49 50
49 49
50 48
51 47
51 46
52 45
53 44
53 43
54 42
54 42
55 42
55 42
55 42
55 42
55 42
55 41
55 41
56 40
56 40
56 39
56 39
56 39
55 39
55 39
55 39
55 39
55 39
55 39
55 39
55 39
55 39
55 39
55 39
55 39
55 39
55 39
55 39
55 39
55 39
54 39
54 39
54 39
54 40
54 40
53 40
53 40
52 40
52 40
52 41
52 41
51 42
51 42
50 43
50 44
50 44
50 45
50 46
50 46
50 47
50 48
50 48
50 49
50 49
51 49
51 49
52 49
52 49
53 49
53 49
54 48
54 48
55 47
55 47
55 46
55 46
56 45
56 45
56 44
56 44
56 43
56 43
55 42
55 41
55 41
55 40
55 39
55 38
55 37
55 37
55 36
55 35
55 34
55 33
55 32
55 32
55 31
55 30
55 29
54 28
54 27
54 26
54 25
54 25
54 24
54 23
54 22
53 21
53 20
53 19
53 18
53 18
53 17
53 16
52 15
52 14
52 13
52 12
52 12
52 11
51 10
51 9
51 8
50 7
50 6
50 6
50 5
49 4
49 3
49 2
49 2
48 1
48 1
47 0
47 0
47 1
47 1
48 2
48 3
48 3
48 4
48 5
48 6
48 6
48 7
49 8
49 9
49 9
49 10
50 11
50 12
51 13
51 14
52 15
52 16
52 17
53 18
53 19
54 20
54 21
55 22
55 23
55 24
56 25
56 26
57 27
57 28
57 29
58 30
58 31
59 32
59 33
60 34
60 35
60 35
60 35
60 35
60 35
60 35
60 35
59 34
59 34
59 35
59 35
59 35
59 35
59 35
59 35
59 35
59 35
59 35
59 35
59 35
59 35
58 36
58 37
58 37
58 38
58 39
58 39
58 40
57 41
57 42
57 42
57 43
57 44
57 45
57 45
57 46
56 47
56 48
56 48
56 49
56 49
56 49
56 49
57 49
57 49
57 48
57 47
57 47
58 46
59 46
59 46
60 45
60 44
60 44
61 43
61 42
61 42
62 41
63 40
63 40
64 39
64 38
64 38
65 37
65 36
65 36
65 35
66 34
66 33
66 33
66 32
66 32
66 32
66 32
66 32
66 32
65 33
65 33
65 33
65 33
65 33
65 33
65 33
65 33
65 33
65 34
65 34
65 34
65 34
66 35
66 35
66 35
66 35
66 36
66 36
65 36
65 36
65 37
65 38
65 38
65 39
65 40
65 40
65 41
65 42
64 43
64 44
64 45
64 45
64 46
64 47
63 48
63 49
63 50
63 51
63 51
63 52
62 53
62 54
62 55
62 56
61 57
61 58
61 59
61 59
61 60
61 61
61 62
60 63
60 64
60 65
60 66
60 66
60 67
60 68
60 69
59 70
59 71
59 72
59 73
59 73
59 74
59 75
59 76
58 77
58 78
58 79
58 80
58 80
58 81
58 82
57 83
57 84
57 85
57 86
57 86
57 87
57 88
57 89
57 90
57 90
57 91
56 92
56 93
56 94
56 94
56 95
56 96
56 97
56 98
56 98
56 99
56 99
56 100
56 100
56 100
56 100
55 99
55 99
55 98
55 97
55 96
55 96
55 95
55 94
55 93
55 93
55 92
54 91
54 90
54 89
54 89
54 88
53 87
53 86
53 85
53 85
52 84
52 83
51 82
51 82
50 81
50 80
49 79
49 79
48 78
47 78
46 77
46 77
45 77
44 76
43 76
42 76
42 76
41 76
40 76
39 76
38 76
37 76
37 76
36 76
35 77
34 77
33 78
32 78
32 78
31 79
30 79
29 80
28 80
27 81
27 81
26 82
25 82
24 83
23 84
22 84
21 85
21 85
20 86
19 87
18 87
17 88
16 89
16 89
15 90
14 90
13 91
12 91
11 92
11 92
10 93
9 93
8 94
8 94
7 94
6 94
5 94
5 94
4 94
3 95
2 95
2 95
1 95
1 95
0 95
0 95
0 96
0 96
0 96
1 97
1 98
1 98
2 99
3 99
3 99
4 99
5 98
6 98
7 98
7 98
8 97
9 97
10 96
10 96
11 95
12 94
13 93
14 92
14 92
15 91
16 90
17 89
18 88
19 87
20 86
20 86
21 85
22 84
23 83
23 82
24 81
25 80
26 79
26 79
27 78
28 77
29 76
30 76
31 75
32 74
33 73
33 73
34 72
35 71
36 70
37 69
38 68
39 67
40 66
41 65
41 65
42 64
43 64
44 63
45 62
46 62
47 61
48 60
49 60
50 59
50 59
51 58
52 58
53 57
54 57
55 56
56 56
57 55
58 55
59 54
59 54
60 53
61 53
62 52
63 52
64 51
65 51
66 50
67 50
67 50
68 50
69 49
70 49
71 49
72 48
73 48
74 48
75 47
76 47
76 47
77 47
78 46
79 46
80 46
81 46
82 45
83 45
83 45
84 45
85 44
86 44
87 43
88 43
89 42
90 42
90 42
91 42
92 41
93 41
94 40
95 40
95 40
96 40
97 39
98 39
98 39
99 38
100 37
100 37
99 37
