21 48
21 48
21 47
21 46
21 46
21 46
21 45
21 45
21 44
21 43
21 43
22 42
22 41
22 41
22 40
23 39
23 38
23 37
23 37
23 36
23 35
23 34
23 34
23 33
24 32
24 31
24 30
24 30
24 29
24 28
24 27
24 26
24 26
23 25
23 24
23 24
23 23
23 22
23 22
22 21
21 21
21 21
20 22
20 22
19 23
18 24
18 24
17 25
16 26
16 26
15 27
15 28
14 29
14 30
13 31
13 31
13 32
12 33
12 34
11 35
11 36
11 36
11 37
10 38
10 39
10 40
9 41
9 42
9 42
9 43
9 44
8 45
8 46
8 47
8 48
8 48
8 49
8 50
8 51
7 52
7 53
7 54
7 55
7 56
7 56
7 57
7 58
7 59
6 60
6 61
6 62
6 63
6 63
6 64
6 65
6 66
6 67
6 68
6 69
6 69
6 70
6 71
7 72
7 73
7 74
7 74
8 75
8 76
9 77
9 77
10 78
10 79
11 80
11 80
12 80
13 81
14 81
14 81
15 81
16 80
17 80
17 80
18 80
19 79
20 79
20 79
21 78
22 78
23 77
23 77
24 76
25 75
26 74
26 74
27 73
28 72
28 71
29 70
29 70
30 69
30 68
31 67
31 67
32 66
32 65
33 64
33 64
33 63
34 62
34 61
34 61
34 60
34 59
34 59
34 59
34 58
34 58
34 57
35 56
35 55
35 54
35 53
36 52
36 51
36 50
36 50
36 49
36 48
36 48
36 47
36 47
36 46
36 46
37 45
37 44
37 44
37 44
37 43
37 43
37 43
37 44
37 44
37 45
37 45
37 46
37 47
37 47
37 48
36 49
36 50
36 51
36 51
36 52
36 53
36 54
36 55
36 56
36 56
36 57
35 58
35 59
35 60
35 60
35 61
34 62
34 63
34 64
34 64
34 65
34 66
34 66
34 67
34 68
34 68
35 68
35 68
36 67
36 67
37 66
37 66
38 65
38 64
38 64
38 63
39 62
39 61
39 61
40 60
40 59
40 59
40 58
41 57
41 56
41 55
41 55
42 54
42 53
43 52
43 51
43 51
43 50
43 49
43 48
43 48
43 47
44 46
44 45
44 45
45 44
45 43
45 43
44 44
44 44
44 44
44 45
44 46
44 46
44 47
43 48
43 49
43 50
43 50
43 51
42 52
42 53
42 53
42 54
42 55
42 56
42 57
42 57
42 58
41 59
41 60
41 60
41 61
41 62
41 62
41 63
41 64
41 64
41 65
41 65
41 66
41 66
41 66
42 65
42 65
42 64
42 63
42 63
43 62
43 61
43 61
43 60
43 59
43 58
43 58
43 57
44 56
44 55
44 55
44 54
45 53
45 52
45 52
45 51
45 50
45 49
45 49
45 48
45 48
45 48
45 48
45 48
45 49
45 50
45 50
45 51
45 52
45 52
44 53
44 54
44 54
44 55
44 56
44 56
45 57
45 58
45 58
46 59
46 59
47 59
47 59
48 59
49 59
49 59
50 59
50 59
51 58
51 58
52 57
53 56
53 56
54 55
54 54
54 54
54 53
55 52
55 51
55 51
55 50
55 49
55 48
55 48
55 47
55 46
55 45
55 44
55 44
54 43
54 42
54 42
54 41
54 40
54 40
53 39
53 39
53 39
52 40
52 40
52 41
52 41
52 42
51 43
51 44
51 44
51 45
50 46
50 47
50 48
50 48
50 49
50 50
50 51
50 51
49 52
49 53
49 53
49 54
49 55
49 56
49 56
49 57
49 57
50 57
50 57
51 56
51 56
51 55
52 54
52 53
52 53
52 52
53 51
53 50
53 50
53 49
54 48
54 47
54 46
54 46
54 45
54 44
55 43
55 42
55 41
55 40
55 40
55 39
55 38
56 37
56 36
56 35
56 35
56 34
56 33
56 32
57 31
57 30
57 29
57 28
57 28
57 27
57 26
58 25
58 24
58 23
58 22
58 22
58 21
58 20
58 19
58 18
58 17
58 16
58 16
58 15
58 14
59 13
59 12
59 11
59 10
59 10
59 9
59 8
59 7
59 7
59 6
59 5
59 4
59 4
59 3
59 2
59 2
58 1
58 1
58 0
58 0
58 0
58 0
58 1
58 2
58 2
58 3
58 4
58 4
58 5
58 6
58 7
58 8
58 8
58 9
57 10
57 11
57 11
57 12
57 13
57 13
57 14
57 15
57 16
57 17
57 18
57 19
57 20
57 21
57 22
57 23
57 24
57 25
57 26
57 27
57 28
58 29
58 30
58 31
58 32
58 33
58 34
58 35
58 36
58 37
58 38
58 39
58 40
58 41
58 42
58 43
58 44
58 45
58 45
58 44
58 43
59 42
59 41
59 40
59 40
59 39
59 38
59 37
59 37
60 36
60 35
60 35
60 35
60 35
60 36
60 36
60 37
60 37
60 38
60 39
60 39
60 40
59 41
59 42
59 42
59 43
59 44
59 45
59 46
59 46
59 47
59 48
59 49
59 49
59 50
59 51
59 52
59 52
59 53
59 54
59 55
59 55
59 56
59 57
59 58
59 58
59 59
59 59
60 60
60 60
61 59
61 59
62 58
62 57
62 57
62 56
63 55
63 54
63 53
63 53
64 52
64 51
65 50
65 50
65 49
65 48
66 47
66 46
66 45
66 45
66 44
66 43
67 42
67 41
67 40
67 40
67 39
68 38
68 37
69 36
69 35
69 35
69 34
70 33
70 32
70 32
70 31
70 30
70 30
70 29
70 29
70 29
70 29
70 29
70 29
70 29
70 29
70 29
70 29
70 29
70 29
70 28
70 28
70 28
70 28
70 28
70 28
70 28
70 28
70 28
70 28
70 28
70 28
70 28
70 28
70 28
70 28
70 28
70 28
70 28
70 28
70 28
70 28
70 28
70 28
70 28
70 28
70 28
70 28
70 28
70 28
70 28
70 28
70 28
70 28
70 28
70 28
70 28
70 28
70 28
70 28
70 28
70 28
70 28
70 28
70 28
70 28
70 28
70 28
70 28
70 28
70 28
70 28
70 28
70 28
70 28
70 28
70 28
70 28
70 29
70 29
70 30
70 31
70 31
70 32
69 33
69 34
69 35
69 35
69 36
69 37
69 38
69 39
69 39
69 40
68 41
68 42
68 43
68 43
68 44
67 45
67 46
66 47
66 48
66 48
66 49
66 50
65 51
65 52
65 53
65 54
65 54
65 55
65 56
64 57
64 58
64 59
64 60
64 60
64 61
64 62
63 63
63 64
63 65
63 65
63 66
63 67
62 68
62 69
62 70
62 71
62 71
62 72
62 73
61 74
61 75
61 76
61 76
61 77
60 78
60 79
60 80
60 80
60 81
59 82
59 83
58 84
58 85
58 85
58 86
57 87
57 88
57 89
57 89
56 90
56 91
55 92
55 92
55 93
54 94
54 95
54 95
53 96
52 97
52 97
51 98
50 98
50 98
49 99
48 99
48 99
47 99
46 98
45 98
45 98
44 97
43 97
43 97
42 97
41 96
40 96
40 96
39 96
38 95
37 95
37 95
36 95
35 95
34 95
33 95
33 95
32 95
31 96
30 96
30 96
29 96
28 97
27 97
26 97
26 97
25 97
24 98
23 98
23 98
22 98
21 99
20 99
20 99
19 99
18 99
17 99
17 99
16 99
15 99
15 99
14 98
13 98
13 98
12 97
11 97
11 97
10 96
9 96
9 96
8 95
7 94
7 94
6 94
6 94
5 95
4 95
4 95
3 96
2 97
2 97
1 98
0 99
0 99
0 100
0 100
0 100
0 100
0 100
1 100
1 100
2 99
2 99
3 98
3 98
3 97
3 97
4 96
4 96
4 95
4 94
4 94
4 94
4 94
4 94
4 94
4 94
5 94
5 94
6 94
6 94
7 93
8 93
8 93
9 92
10 92
11 91
11 91
12 90
13 90
14 89
14 89
15 88
16 88
17 87
18 87
19 86
19 86
20 85
21 85
22 84
23 84
24 83
24 83
25 82
26 82
27 81
28 81
29 80
29 80
30 80
31 79
32 79
33 78
34 78
34 78
35 77
36 77
37 76
38 76
39 75
40 75
40 75
41 74
42 74
43 73
44 72
45 72
46 71
46 71
47 70
48 69
49 68
50 68
51 67
52 66
52 66
53 65
54 65
55 64
56 63
57 62
58 62
59 61
59 61
60 60
61 60
62 59
63 58
64 57
65 57
66 56
66 56
67 55
68 54
69 53
70 53
71 52
72 51
73 50
73 50
74 49
75 48
76 47
77 47
78 46
79 45
79 45
80 44
81 43
82 42
83 42
84 41
85 40
85 40
86 39
87 39
88 38
89 38
90 37
90 37
91 36
92 35
93 35
94 34
94 34
95 33
96 33
97 32
97 32
98 31
99 31
99 31
100 31
100 31
99 31
99 31
98 31
98 31
97 31
97 31
96 32
96 32
95 33
95 33
94 33
