24 46
24 46
24 46
24 46
24 46
23 47
23 48
23 48
23 48
23 48
23 48
23 48
24 48
24 48
24 48
24 48
24 48
24 47
24 47
24 46
24 46
25 45
25 45
25 44
25 44
25 43
25 42
25 42
25 41
25 41
26 40
26 40
26 39
26 38
26 38
26 37
26 37
25 36
25 36
25 36
25 35
25 35
25 34
25 34
24 34
24 34
24 33
24 33
24 33
23 33
23 33
23 33
23 33
22 33
22 33
22 34
22 34
21 35
21 35
21 36
21 36
20 37
20 38
20 38
20 39
20 39
19 40
19 41
19 41
19 42
19 43
19 43
18 44
18 45
18 45
18 46
18 47
18 48
18 48
18 49
18 50
18 50
18 51
17 52
17 53
17 53
17 54
17 55
17 56
17 56
17 57
17 58
17 59
17 59
17 60
17 61
17 61
17 62
18 63
18 64
18 64
18 65
18 66
18 66
18 67
18 68
18 68
19 69
19 70
19 70
20 71
20 71
21 72
21 72
22 73
22 73
23 73
23 73
24 73
24 73
25 73
25 73
26 73
26 73
27 72
28 72
28 72
29 72
29 72
29 71
29 71
30 70
30 69
30 69
30 68
30 67
30 67
31 66
31 65
31 65
31 64
32 63
32 62
32 61
33 60
33 59
33 58
34 57
34 56
34 55
35 54
35 53
35 52
35 51
36 50
36 49
36 48
37 47
37 46
37 45
38 44
38 43
38 43
38 43
38 43
38 43
38 43
38 43
39 42
39 41
39 41
40 40
40 40
41 39
41 39
42 38
42 38
43 38
43 38
43 38
43 38
43 39
42 40
42 41
42 42
41 43
41 44
41 45
40 46
40 47
40 48
39 49
39 50
39 50
39 51
39 52
39 53
39 53
39 54
39 55
39 55
39 56
39 57
39 57
39 58
39 59
39 59
39 60
39 61
39 61
39 62
39 63
39 63
39 64
39 65
39 65
38 65
38 65
38 66
38 66
38 66
38 65
39 64
39 63
40 62
40 61
41 60
41 59
41 58
42 57
42 56
43 55
43 54
44 53
44 52
45 51
45 50
45 49
46 48
46 47
47 46
47 45
48 44
48 43
48 43
48 43
48 43
48 43
48 44
48 44
48 45
48 46
48 46
48 47
48 48
48 48
48 49
48 50
48 50
49 51
49 52
49 52
49 53
49 54
49 54
49 55
49 55
49 56
49 56
49 57
49 57
49 58
49 58
49 58
49 58
49 58
49 57
49 57
49 56
49 56
49 55
49 54
49 54
49 53
49 52
49 51
49 50
49 50
49 49
49 48
49 47
49 47
49 46
49 45
49 44
49 44
50 43
50 42
50 42
50 41
50 41
51 40
51 40
52 39
52 39
52 39
53 39
53 39
54 39
54 39
55 39
55 39
56 40
56 40
56 41
56 41
57 42
57 43
57 43
57 44
57 45
57 45
57 46
57 47
57 47
57 48
57 49
57 49
57 50
57 50
57 51
57 51
57 50
58 49
58 48
59 47
59 46
60 45
60 44
60 43
61 42
61 41
62 40
62 39
63 38
63 37
64 36
64 35
64 34
65 33
65 32
66 31
66 30
67 29
67 28
67 28
67 28
66 29
65 29
65 29
64 30
64 30
63 31
63 32
63 32
63 33
63 34
63 34
62 35
62 36
62 36
62 37
62 38
62 39
62 39
62 40
62 41
62 41
62 42
62 42
62 43
62 43
63 44
63 44
64 44
64 44
65 44
65 44
66 44
66 44
66 43
66 43
67 42
67 42
67 41
67 41
67 40
67 39
67 39
67 38
67 37
67 37
66 36
66 35
66 35
66 34
66 33
66 32
66 32
66 31
65 30
65 29
65 28
65 28
65 27
65 26
64 25
64 24
64 23
64 23
63 22
63 21
62 20
62 19
62 19
62 18
62 17
61 16
61 15
61 14
61 14
61 13
60 12
60 11
60 11
59 10
59 9
58 8
58 8
57 7
57 7
56 6
56 5
56 5
56 4
56 4
55 3
55 3
55 2
55 2
55 2
55 1
55 1
55 1
56 0
56 0
57 1
57 2
58 3
59 4
59 5
60 6
61 7
61 8
62 9
63 10
63 11
64 12
64 13
65 14
66 15
66 16
67 17
68 18
68 19
69 20
70 21
70 22
71 23
71 23
71 24
72 25
72 26
72 26
71 27
71 27
71 28
71 29
71 29
71 30
71 31
71 31
71 32
71 32
72 32
72 32
72 32
73 32
73 32
74 32
74 32
75 32
75 32
76 31
76 31
76 30
76 30
77 29
77 29
77 28
77 27
77 27
77 26
78 25
78 24
78 24
78 23
78 22
78 21
78 21
78 20
79 19
79 18
79 18
79 17
79 16
79 15
79 14
79 14
79 13
79 12
79 11
79 10
79 10
79 9
79 8
79 8
79 7
79 7
79 7
79 8
79 8
79 9
79 9
79 10
78 11
78 12
78 12
78 13
77 14
77 15
77 16
77 16
77 17
77 18
77 19
77 20
77 20
77 21
77 22
77 23
77 24
77 25
77 26
77 26
77 27
77 28
77 29
77 30
77 31
77 32
77 33
77 33
77 34
77 35
77 36
77 37
77 38
77 39
77 40
77 40
77 41
77 42
77 43
77 44
77 45
77 46
77 47
77 48
77 48
77 49
77 50
77 51
78 52
78 53
78 54
78 55
78 56
78 56
78 57
78 58
78 59
79 60
79 61
79 62
79 63
79 64
79 64
79 65
79 66
80 67
80 68
80 69
80 70
80 70
80 71
80 72
81 73
81 74
81 75
81 75
81 76
81 77
81 78
81 78
81 79
82 80
82 81
82 81
82 82
82 83
82 84
82 84
82 85
83 86
83 87
83 87
83 88
83 88
83 89
83 89
83 90
83 90
82 91
82 91
81 91
81 91
80 91
79 91
79 91
78 91
77 91
77 91
76 91
75 91
74 91
73 91
73 91
72 91
71 90
70 90
69 90
69 90
68 90
67 90
66 90
65 90
65 90
64 90
63 90
62 89
61 89
60 89
60 89
59 89
58 89
57 89
56 89
55 89
55 89
54 89
53 89
52 88
51 88
50 88
50 88
49 88
48 88
47 88
46 88
45 88
44 88
44 88
43 88
42 88
41 89
40 89
39 89
38 89
38 89
37 89
36 89
35 89
34 89
33 89
33 89
32 89
31 90
30 90
29 90
28 91
27 91
27 91
26 92
25 92
24 93
23 93
22 94
21 94
21 94
20 95
19 95
18 96
17 96
16 97
15 97
15 97
14 98
13 98
12 99
11 99
11 99
10 99
9 100
8 100
7 100
7 100
6 100
5 100
4 100
4 100
3 100
2 100
2 100
1 100
0 100
0 100
0 100
0 100
1 99
2 98
2 98
3 97
4 96
5 95
5 95
6 94
7 94
8 93
9 92
10 92
11 91
11 91
12 90
13 89
14 88
15 88
16 87
17 86
17 86
18 85
19 84
20 83
21 83
22 82
23 81
24 80
24 80
25 79
26 78
27 77
28 76
29 76
30 75
31 74
32 73
32 73
33 72
34 71
35 70
36 69
37 68
38 67
39 66
40 65
40 65
41 64
42 63
43 62
44 61
45 60
46 59
47 58
48 57
48 57
49 56
50 55
51 55
52 54
53 53
54 52
55 52
56 51
57 50
57 50
58 49
59 48
60 47
61 46
62 46
63 45
64 44
65 43
66 42
66 42
67 41
68 40
69 39
70 38
71 38
72 37
73 36
74 35
74 35
75 34
76 33
77 33
78 32
79 31
80 30
81 30
82 29
82 29
83 28
84 28
85 27
86 26
87 25
88 25
89 24
89 24
90 23
91 23
92 22
93 22
94 21
95 21
95 21
96 21
97 21
98 20
99 20
100 20
