15 1
16 1
17 1
17 1
17 0
17 0
17 0
18 1
18 1
19 2
20 2
20 2
21 3
21 3
22 4
23 4
23 4
22 5
21 6
20 7
20 8
19 9
18 10
17 11
16 12
15 13
15 14
14 15
13 16
12 17
12 17
13 18
14 18
14 18
15 17
15 17
14 16
14 16
15 15
15 15
16 16
16 16
17 16
18 16
18 16
19 17
19 18
19 18
20 19
20 19
20 20
20 21
20 22
20 22
19 23
19 24
19 24
19 25
18 26
18 27
18 27
17 28
17 29
17 29
16 30
16 31
16 31
15 32
15 33
15 33
14 34
14 35
14 35
14 36
14 36
14 36
14 36
14 36
15 35
16 34
16 33
17 32
17 32
18 31
18 30
19 29
19 28
20 27
20 27
21 26
21 25
22 24
22 24
23 23
24 23
24 23
25 22
25 21
25 21
26 21
26 21
26 21
26 22
26 22
25 23
25 23
25 24
24 25
24 26
24 26
23 27
23 28
22 29
22 29
21 30
21 31
20 32
20 32
19 33
18 34
17 35
17 35
16 36
16 37
15 38
15 38
14 39
14 40
13 41
13 41
12 42
12 43
12 43
11 44
11 44
11 44
11 44
12 44
12 44
13 43
13 43
14 42
15 41
15 41
16 40
17 39
17 39
18 38
19 38
19 38
20 37
21 36
21 36
22 35
23 34
23 34
24 33
25 32
25 32
24 33
23 34
22 35
22 36
21 37
20 38
19 39
18 40
17 41
16 42
16 43
15 44
14 45
13 46
12 47
11 48
11 49
10 50
9 51
8 52
7 53
6 54
5 55
5 56
4 57
3 58
2 59
2 59
1 60
1 61
0 62
0 63
0 63
0 63
1 62
1 62
2 61
3 61
3 61
4 60
5 59
6 58
6 58
7 57
8 57
9 56
9 56
10 55
11 54
12 53
12 53
13 52
14 51
15 51
16 50
16 50
17 49
18 49
19 48
20 48
20 48
21 47
22 47
23 46
23 46
24 45
24 44
25 43
25 43
26 42
27 41
27 41
28 40
29 40
29 40
30 39
30 39
29 39
28 39
27 39
27 39
26 39
25 39
25 39
24 39
24 39
23 39
23 39
23 39
23 40
23 40
23 41
23 42
23 42
23 43
24 44
24 45
24 45
24 46
24 47
24 48
24 48
24 49
24 50
24 51
24 52
24 52
24 53
24 54
24 55
24 56
24 57
24 57
24 58
24 59
24 60
24 61
24 61
24 62
25 63
25 64
25 64
25 65
25 66
25 67
25 67
25 68
25 69
25 70
25 70
25 71
24 72
24 73
24 73
24 74
24 75
24 75
24 76
24 77
24 77
24 78
24 78
23 79
23 79
23 78
23 77
22 76
22 75
22 74
22 73
22 72
21 71
21 70
21 69
21 69
21 68
21 67
21 66
22 65
22 64
22 63
22 62
22 62
22 61
22 60
22 59
22 59
22 58
21 57
21 56
21 56
21 55
21 55
21 54
21 54
21 53
21 53
20 54
20 54
20 54
19 55
19 55
18 56
18 57
18 57
17 58
16 59
16 59
15 60
15 61
15 61
14 62
14 62
13 63
12 64
12 64
11 65
11 65
12 65
13 65
13 65
14 64
15 63
16 62
17 62
18 61
19 60
19 60
20 59
21 59
22 58
22 58
23 57
24 57
24 57
25 56
26 56
26 56
27 56
28 56
28 56
29 55
29 55
30 55
31 55
31 55
32 55
32 55
32 54
32 54
32 54
32 53
32 53
32 52
32 52
32 51
32 50
32 49
32 48
33 47
33 46
33 45
33 44
33 43
33 42
33 41
33 40
33 39
33 38
34 37
34 36
34 35
34 34
34 33
34 33
34 32
35 31
35 30
35 29
35 28
36 27
36 26
36 26
36 25
37 24
37 23
37 23
37 23
37 22
37 22
38 23
38 23
38 23
38 24
39 25
39 26
39 26
39 27
39 28
39 29
39 29
39 30
39 31
39 32
39 33
39 34
39 34
39 35
38 36
38 37
38 38
38 38
38 39
37 40
37 41
37 41
37 42
36 43
36 44
36 44
36 45
35 46
35 47
35 48
35 48
35 49
34 50
34 51
34 51
34 52
34 52
34 53
34 53
34 53
34 53
35 52
35 52
36 51
37 51
37 51
38 50
38 49
39 48
39 48
40 47
41 47
42 46
42 46
43 45
44 45
45 44
45 44
46 43
47 42
47 42
48 41
49 41
50 40
50 40
51 39
52 38
53 37
54 36
54 36
53 37
52 38
51 39
51 39
50 40
50 41
50 41
49 42
49 43
49 43
49 44
48 45
48 46
48 46
48 47
48 48
48 49
48 50
48 50
48 51
48 52
48 53
48 54
48 55
48 55
48 56
48 57
48 58
48 59
48 60
48 60
48 61
48 62
47 63
47 64
47 65
47 66
47 66
47 67
47 68
47 69
47 70
47 71
47 72
47 72
47 73
47 74
47 75
47 76
47 77
47 78
47 78
47 79
47 80
47 81
47 82
47 83
47 83
47 84
47 85
47 86
47 87
47 88
47 88
47 89
47 90
47 91
47 92
47 92
47 93
46 94
46 95
46 96
46 96
46 97
46 98
46 99
46 99
46 98
47 97
47 96
47 95
48 94
48 93
48 92
48 91
49 90
49 89
49 88
50 87
50 86
50 85
51 84
51 83
51 82
52 81
52 80
52 79
53 78
53 77
53 76
53 75
54 74
54 73
54 72
55 71
55 70
55 69
56 68
56 67
56 66
57 65
57 64
57 63
57 62
58 61
58 60
58 59
59 58
59 57
59 56
60 55
60 54
60 53
61 52
61 51
61 50
61 49
62 48
62 47
62 46
63 45
63 44
63 43
64 42
64 41
64 40
65 39
65 38
65 37
66 36
66 35
66 34
66 33
67 32
67 31
67 30
68 29
68 28
68 27
69 26
69 25
69 24
70 23
70 22
70 21
70 20
71 19
71 18
71 17
72 16
72 15
72 15
73 14
74 13
74 13
75 12
75 11
75 11
75 10
75 9
75 9
76 8
76 8
77 8
78 8
78 8
78 9
78 9
79 10
79 11
79 11
79 12
79 13
79 13
79 14
79 15
79 16
79 16
79 17
79 18
79 19
79 19
78 20
78 21
78 21
77 22
77 23
77 23
76 24
76 25
76 25
75 26
75 27
75 27
74 28
74 29
73 30
73 30
72 31
72 32
72 32
71 33
70 34
70 34
69 35
69 36
69 36
68 36
68 36
68 36
69 36
69 36
70 35
71 35
71 35
72 34
73 33
73 33
74 32
75 31
75 31
76 30
77 29
77 29
78 28
79 28
80 27
80 27
81 26
82 25
82 25
83 24
84 23
84 23
85 23
86 22
87 22
87 22
88 21
89 20
89 20
90 20
90 20
89 21
88 22
87 23
86 24
85 25
84 26
83 27
82 28
81 29
80 30
80 31
79 32
78 33
77 34
76 35
75 36
74 37
73 38
72 39
71 40
71 40
72 40
73 40
74 40
74 40
75 39
75 38
75 38
76 37
76 36
76 36
77 35
78 35
78 35
79 34
80 34
80 34
81 34
82 34
82 34
83 33
84 33
84 33
85 33
85 33
86 34
86 34
86 34
86 35
86 35
85 36
85 37
85 37
84 38
83 39
83 39
82 40
82 41
81 42
81 42
80 43
79 44
78 45
78 45
77 46
77 47
76 48
76 48
75 49
74 50
73 51
73 51
72 52
72 53
71 54
71 54
70 55
70 56
70 56
69 57
69 57
68 58
68 58
69 58
69 58
69 57
69 57
70 56
71 56
71 56
72 55
73 54
73 54
74 53
75 53
76 52
76 52
77 51
78 51
79 50
80 50
80 50
81 49
82 48
83 48
84 47
84 47
85 46
86 46
87 45
88 45
88 45
89 44
90 44
91 43
91 43
92 42
93 42
94 41
94 41
95 41
96 41
97 41
97 41
98 40
98 40
99 39
99 39
100 39
100 39
99 39
99 39
99 38
99 38
98 38
98 38
97 37
96 37
96 37
95 36
95 35
95 35
94 34
93 34
93 34
92 33
92 32
92 32
91 31
91 31
90 31
90 31
90 31
90 31
90 32
90 32
90 33
90 34
90 34
90 35
91 36
91 37
91 37
91 38
91 39
91 40
91 41
91 41
91 42
91 43
91 44
91 45
91 45
91 46
91 47
91 48
91 49
91 50
91 51
91 51
91 52
91 53
91 54
91 55
91 56
91 57
91 57
91 58
91 59
91 60
91 61
91 62
91 63
91 64
91 64
91 65
91 66
91 67
91 68
90 69
90 70
90 71
90 72
90 73
90 73
90 74
89 75
89 76
89 77
89 78
88 79
88 80
88 81
88 81
88 82
88 83
88 84
87 85
87 86
87 87
87 88
87 89
87 89
87 90
87 91
87 92
86 93
86 94
86 95
86 96
86 96
86 97
85 98
85 99
85 100
