11 0
12 1
12 2
13 3
13 3
13 2
13 2
14 1
14 1
14 1
15 2
16 2
16 2
17 3
17 3
18 3
18 3
19 4
20 4
20 4
21 5
21 5
21 5
22 6
22 6
21 7
20 8
19 9
18 10
17 11
16 12
15 13
14 14
13 15
12 16
11 17
10 18
9 19
8 20
8 20
9 19
10 19
10 19
10 18
10 18
11 17
11 17
12 16
12 16
13 16
14 16
14 16
15 16
15 16
16 17
16 17
17 18
17 19
17 19
18 20
18 20
17 21
17 22
17 22
17 23
17 24
17 24
16 25
16 25
16 26
16 27
16 27
15 28
15 29
15 29
15 30
15 30
16 29
17 29
18 28
18 28
19 27
19 26
20 25
20 25
21 24
21 24
22 23
22 23
23 22
23 22
23 22
23 23
23 23
22 24
22 24
21 25
21 26
21 26
20 27
20 28
19 29
19 29
18 30
18 31
17 32
17 32
16 33
16 34
15 35
15 35
14 36
13 36
12 37
12 37
11 38
11 39
10 40
10 40
9 41
9 42
9 42
8 42
8 42
8 43
8 43
9 43
9 43
9 42
9 42
10 41
11 41
11 41
12 40
13 40
13 40
14 39
15 38
15 38
16 37
17 36
18 35
18 35
19 34
20 33
20 33
21 32
22 32
23 31
23 31
24 30
25 29
25 29
24 30
23 31
22 32
21 33
20 34
19 35
18 36
17 37
16 38
15 39
14 39
13 40
12 41
11 42
10 43
9 44
8 45
7 46
6 47
5 48
5 48
4 49
4 50
3 51
3 52
2 53
2 54
1 55
1 55
0 55
0 55
0 54
0 54
0 54
1 53
2 53
2 53
3 53
4 52
5 52
5 52
6 51
7 50
8 49
8 49
9 48
10 48
11 47
12 47
12 47
13 46
14 46
15 45
16 45
16 45
17 44
18 43
19 42
19 42
20 41
21 41
22 40
22 40
23 39
24 38
24 38
25 37
26 36
26 36
27 35
27 35
28 35
28 35
28 34
28 34
27 34
27 34
26 34
26 34
25 34
25 34
24 35
24 35
23 36
23 36
22 37
22 37
22 38
22 38
21 39
21 39
21 40
21 41
21 42
21 42
21 43
21 44
21 44
21 45
21 46
21 47
21 47
21 48
21 49
21 50
21 50
21 51
22 52
22 53
22 53
22 54
22 55
22 56
22 56
22 57
22 58
22 58
22 59
23 60
23 61
23 61
23 62
23 63
23 63
23 64
23 65
23 65
23 66
23 67
23 67
23 68
23 68
23 69
23 69
23 69
22 70
22 70
22 69
22 69
22 69
21 68
21 68
21 67
21 66
21 65
21 65
20 64
20 63
20 63
20 62
20 61
20 60
20 60
20 59
20 58
20 58
20 57
20 56
20 56
20 55
20 54
20 54
20 53
20 53
19 53
19 53
19 52
19 52
18 52
18 52
17 53
17 53
16 53
16 53
16 54
16 54
15 55
15 55
14 56
14 56
13 57
13 57
12 58
12 58
12 59
12 59
11 59
11 59
11 60
11 60
11 60
12 59
13 59
14 58
14 58
15 58
16 57
17 57
18 56
19 56
19 56
20 55
21 55
21 55
22 54
23 54
23 54
24 53
25 53
25 53
26 52
27 52
27 52
28 51
28 51
29 50
30 50
30 50
31 50
31 50
32 49
32 49
33 48
34 48
34 48
34 47
35 46
35 45
35 44
35 43
36 42
36 41
36 40
36 39
37 38
37 37
37 36
37 35
38 34
38 33
38 32
38 31
39 30
39 29
39 28
39 27
40 26
40 25
40 24
40 24
40 23
41 22
41 21
41 21
41 20
41 20
41 20
41 21
41 21
41 22
41 22
41 23
41 24
41 25
41 25
41 26
40 27
40 28
40 29
40 29
40 30
40 31
40 32
40 33
40 33
40 34
39 35
39 36
39 37
39 37
39 38
39 39
39 40
39 41
39 41
39 42
38 43
38 44
38 44
38 45
37 46
37 47
37 47
36 48
36 49
36 49
35 50
35 51
35 51
35 52
35 52
35 52
35 51
35 51
36 50
37 49
37 49
38 48
38 47
39 46
39 46
40 45
41 45
42 44
43 44
43 44
44 43
45 42
46 41
46 41
47 40
48 40
49 39
49 39
50 38
51 38
52 37
52 37
53 37
54 36
55 36
55 36
56 35
57 35
57 35
58 34
58 34
59 33
59 33
59 33
59 32
59 32
59 32
58 32
58 32
58 33
58 33
57 33
57 33
56 34
56 35
56 35
55 36
55 36
55 37
54 38
54 39
54 39
54 40
54 41
54 42
54 43
54 43
54 44
54 45
53 46
53 47
53 48
53 48
53 49
53 50
53 51
53 52
53 53
53 53
53 54
53 55
52 56
52 57
52 58
52 59
52 59
52 60
52 61
52 62
52 63
52 64
52 65
52 66
52 67
52 67
52 68
52 69
52 70
52 71
52 72
52 73
52 73
52 74
52 75
52 76
52 77
52 78
52 78
52 79
53 80
53 81
53 82
53 82
53 83
53 84
53 85
53 86
53 87
53 87
53 88
53 89
53 90
53 91
53 91
53 92
53 93
53 94
53 94
53 95
53 96
53 97
53 98
53 98
52 99
52 100
52 100
52 99
53 98
53 97
53 96
53 95
54 94
54 93
54 92
54 91
55 90
55 89
55 88
56 87
56 86
56 85
56 84
57 83
57 82
57 81
57 80
58 79
58 78
58 77
58 76
59 75
59 74
59 73
60 72
60 71
60 70
60 69
61 68
61 67
61 66
61 65
62 64
62 63
62 62
63 61
63 60
63 59
63 58
64 57
64 56
64 55
64 54
65 53
65 52
65 51
65 50
66 49
66 48
66 47
67 46
67 45
67 44
67 43
68 42
68 41
68 40
68 39
69 38
69 37
69 36
70 35
70 34
70 33
70 32
71 31
71 30
71 29
71 28
72 27
72 26
72 25
72 24
73 23
73 22
73 21
74 20
74 19
74 18
74 17
75 16
75 15
75 14
75 13
76 12
76 11
76 11
77 10
77 10
77 9
77 9
77 8
77 7
77 7
77 7
78 7
78 7
79 8
79 8
79 9
79 9
79 10
79 11
79 11
79 12
79 13
79 13
78 14
78 15
78 15
78 16
78 17
78 17
77 18
77 19
77 19
76 20
76 21
76 21
75 22
75 23
75 23
75 24
74 25
74 26
74 26
73 27
73 28
73 28
72 29
72 30
72 30
71 31
71 31
72 30
73 30
74 29
75 28
76 28
77 27
78 27
79 26
79 26
80 25
81 24
82 23
82 23
83 22
84 22
84 22
85 21
85 21
86 20
86 20
87 19
87 19
88 18
88 18
87 19
86 20
86 21
85 22
84 23
83 24
82 25
82 26
81 27
80 28
79 29
79 30
78 31
77 32
77 32
77 33
77 34
77 34
78 34
78 34
78 33
78 33
79 33
79 33
80 32
81 32
81 32
82 32
83 32
83 32
84 31
85 31
85 31
86 31
86 31
86 31
86 32
86 32
85 33
85 33
84 34
84 34
83 35
82 36
82 36
81 37
81 38
80 39
80 39
79 40
78 40
77 41
77 41
76 42
76 43
75 44
75 44
74 45
73 46
72 47
72 47
71 48
70 49
70 49
69 50
69 51
69 51
68 52
68 52
68 52
68 52
69 52
70 52
70 52
71 52
72 51
73 51
73 51
74 50
75 50
76 49
76 49
77 48
78 48
79 47
80 47
80 47
81 47
82 46
83 46
84 46
84 46
85 45
86 45
87 44
88 44
88 44
89 43
90 43
91 42
91 42
92 41
93 41
94 40
94 40
95 39
96 38
96 38
97 37
98 37
98 37
99 36
99 35
99 35
100 34
100 34
99 33
99 33
99 32
99 31
99 31
98 30
97 30
97 30
96 29
96 29
95 28
95 28
94 27
93 27
93 27
92 27
92 27
91 27
91 27
90 28
90 28
90 28
89 29
89 29
89 30
89 30
89 31
89 32
89 32
89 33
89 34
89 35
89 35
89 36
89 37
89 38
89 38
89 39
90 40
90 41
90 42
90 42
90 43
90 44
90 45
90 46
90 47
90 47
90 48
90 49
90 50
90 51
90 52
90 52
90 53
90 54
90 55
90 56
90 57
90 58
90 58
90 59
90 60
90 61
90 62
90 63
90 64
90 65
90 65
90 66
90 67
90 68
90 69
90 69
90 70
89 71
89 72
89 73
89 73
89 74
89 75
89 76
89 77
89 77
89 78
88 79
88 80
