10 6
11 5
11 4
12 3
12 3
12 2
12 1
12 0
12 0
12 1
12 1
12 1
13 2
14 2
14 2
15 3
15 3
16 4
16 5
16 5
17 6
17 7
17 7
18 8
18 8
19 9
19 10
19 10
19 11
19 11
20 11
20 11
20 12
20 12
19 13
18 13
17 14
16 15
15 16
14 16
13 17
12 18
11 18
10 19
10 19
10 20
10 20
9 19
9 19
9 19
10 19
10 19
11 18
11 18
12 18
13 18
13 18
14 18
15 18
15 18
16 18
17 18
17 18
18 18
18 18
19 18
19 18
20 19
20 19
20 20
20 20
20 21
20 22
20 23
20 23
19 24
19 25
19 25
19 26
18 27
18 28
18 28
17 29
17 30
17 30
17 31
16 32
16 33
16 33
15 34
15 35
14 36
14 36
13 37
13 38
13 38
14 37
14 36
14 36
15 35
16 34
16 33
17 32
18 31
18 31
19 30
19 29
19 29
20 28
21 27
21 27
22 26
23 26
23 26
24 25
24 25
25 25
25 25
25 25
25 26
25 26
24 27
24 28
24 28
23 29
23 30
23 30
22 31
21 32
21 33
20 34
20 34
19 35
18 36
17 37
17 37
16 38
15 39
15 40
14 41
14 41
13 42
13 43
12 44
12 44
11 45
10 46
10 46
10 47
10 48
10 48
9 49
9 49
10 49
10 49
11 48
11 48
12 47
12 47
13 46
14 45
14 45
15 44
16 44
17 43
17 43
18 42
18 41
19 40
19 40
20 39
21 38
21 38
22 37
23 37
24 36
24 36
25 35
26 34
26 34
25 35
24 36
23 37
22 38
21 39
20 40
19 41
18 42
17 43
16 44
15 45
14 46
13 47
12 47
11 48
10 49
9 50
8 51
7 52
6 53
5 54
4 55
3 56
2 57
1 58
0 59
0 59
0 60
0 61
0 62
0 63
0 63
0 63
1 62
2 61
2 61
3 60
4 60
5 59
5 59
6 58
7 58
8 57
8 57
9 56
10 56
11 55
11 55
12 54
13 53
14 53
15 52
15 52
16 51
17 50
18 49
18 49
19 48
20 48
21 47
21 47
22 46
23 45
24 44
24 44
25 43
26 42
26 42
27 41
28 41
28 41
29 40
29 39
29 39
28 38
28 37
28 37
27 37
26 37
25 37
25 37
24 38
24 38
23 38
23 38
22 39
22 39
21 40
21 40
21 41
21 42
21 42
21 43
21 44
21 44
21 45
20 46
20 47
20 47
20 48
20 49
20 50
20 51
20 51
20 52
20 53
20 54
20 55
20 55
20 56
20 57
20 58
20 58
20 59
20 60
20 61
20 62
20 62
20 63
20 64
20 64
20 65
20 66
20 67
20 67
20 68
20 69
20 69
20 70
20 70
20 71
20 71
20 72
20 72
20 73
20 73
19 73
19 73
19 73
19 72
19 72
19 71
19 70
19 70
19 69
19 68
19 68
19 67
18 66
18 65
18 65
18 64
18 63
18 62
18 62
18 61
18 60
18 60
17 59
17 58
17 58
17 57
17 57
17 56
17 56
17 56
16 56
16 56
15 57
15 57
14 57
14 57
13 58
13 58
12 59
12 60
12 60
11 61
11 61
10 62
10 63
10 63
9 64
8 64
8 64
7 65
7 66
7 66
6 67
6 68
5 69
5 70
5 70
6 69
6 69
7 68
8 68
8 68
9 67
10 66
10 66
11 65
12 65
13 64
13 64
14 63
15 62
16 61
16 61
17 60
18 59
19 58
20 57
20 56
21 55
22 54
23 53
24 52
25 51
26 50
27 49
28 48
28 47
29 46
30 45
31 44
32 43
33 42
34 41
35 40
35 39
36 38
37 37
38 36
39 35
39 35
39 34
39 33
39 32
40 31
40 30
40 29
40 28
40 28
40 27
40 26
40 25
40 25
40 24
40 24
40 23
40 23
40 23
40 23
40 24
40 24
40 25
40 26
40 26
40 27
39 28
39 29
39 30
39 30
39 31
39 32
39 33
39 33
39 34
38 35
38 36
38 37
38 37
38 38
37 39
37 40
37 41
37 41
37 42
36 43
36 44
36 44
36 45
35 46
35 47
35 48
35 48
35 49
34 50
34 51
34 51
33 52
33 52
33 53
33 53
33 53
33 53
34 52
34 52
35 51
35 51
36 50
37 50
38 49
38 49
39 48
40 47
41 46
41 46
42 45
43 45
44 44
44 44
45 43
46 43
47 42
47 42
48 41
49 41
50 40
50 40
51 40
52 39
53 39
53 39
54 38
55 37
55 37
56 36
57 36
57 36
58 35
58 35
58 35
57 36
56 37
56 37
55 38
54 39
54 39
53 40
53 40
52 41
52 42
52 42
52 43
51 44
51 45
51 45
51 46
50 47
50 48
50 49
50 49
50 50
50 51
50 52
50 53
50 53
50 54
50 55
50 56
50 57
50 58
50 58
50 59
50 60
49 61
49 62
49 63
49 64
49 64
49 65
49 66
49 67
49 68
49 69
49 70
49 71
49 71
49 72
49 73
49 74
48 75
48 76
48 77
48 78
48 79
48 79
48 80
48 81
48 82
48 83
48 84
48 85
48 85
48 86
48 87
48 88
48 89
48 90
48 91
48 91
48 92
48 93
48 94
48 95
48 96
48 96
48 97
47 98
47 99
47 100
47 100
47 99
48 98
48 97
48 96
49 95
49 94
49 93
50 92
50 91
50 90
51 89
51 88
51 87
51 86
52 85
52 84
52 83
53 82
53 81
53 80
54 79
54 78
54 77
55 76
55 75
55 74
56 73
56 72
56 71
57 70
57 69
57 68
58 67
58 66
58 65
58 64
59 63
59 62
59 61
60 60
60 59
60 58
61 57
61 56
61 55
62 54
62 53
62 52
63 51
63 50
63 49
64 48
64 47
64 46
65 45
65 44
65 43
65 42
66 41
66 40
66 39
67 38
67 37
67 36
68 35
68 34
68 33
69 32
69 31
69 30
70 29
70 28
70 27
71 26
71 25
71 24
72 23
72 22
72 21
72 20
73 19
73 18
73 17
74 16
74 15
74 14
75 13
75 12
75 11
76 10
76 9
76 9
77 10
78 10
78 10
78 9
78 8
78 8
78 7
78 6
78 5
78 5
78 4
78 4
79 4
79 4
80 5
80 5
80 6
80 6
80 7
81 8
81 9
81 9
81 10
81 11
81 11
81 12
80 13
80 14
80 14
80 15
80 16
80 16
79 17
79 18
79 18
78 19
78 20
78 20
78 21
77 22
77 23
77 23
76 24
75 25
75 25
74 26
74 27
74 27
73 28
72 29
72 30
71 31
71 31
72 30
73 29
74 29
75 28
75 28
76 27
77 26
77 26
78 25
79 24
79 24
80 23
81 22
81 22
82 21
83 20
83 20
84 19
85 19
85 19
86 18
87 18
87 18
86 19
85 20
84 21
83 22
83 23
82 24
81 25
80 26
79 27
78 28
77 29
76 30
76 31
75 32
74 33
73 34
72 35
72 35
72 36
73 37
73 38
73 38
73 37
73 36
73 35
73 35
74 34
74 34
75 34
76 34
76 34
77 34
78 33
79 33
79 33
80 33
81 33
81 33
82 33
83 33
83 33
84 33
85 33
85 33
86 33
86 33
86 34
86 34
86 35
86 35
85 36
85 37
85 37
84 38
83 39
83 39
82 40
82 41
81 42
81 42
80 43
79 43
78 44
78 44
77 45
76 46
75 47
75 47
74 48
73 49
72 50
72 50
71 51
70 51
69 52
69 52
68 53
67 54
67 54
66 55
66 55
66 56
66 56
66 56
66 56
67 55
68 55
68 55
69 55
70 54
71 54
71 54
72 53
73 53
74 52
75 52
75 52
76 51
77 51
78 50
78 50
79 49
80 48
81 48
82 47
82 47
83 47
84 46
85 46
86 45
87 45
87 45
88 44
89 44
90 43
90 43
91 42
92 42
93 41
94 41
94 41
95 40
96 40
97 39
97 39
98 39
99 38
100 38
100 38
99 37
98 36
97 35
97 34
96 33
95 32
94 31
93 30
92 29
92 28
91 27
90 26
90 26
89 27
89 28
89 28
89 28
89 28
89 29
89 30
89 30
89 31
89 32
89 33
89 33
89 34
90 35
90 36
90 37
90 37
90 38
90 39
91 40
91 41
91 42
91 42
91 43
91 44
91 45
91 46
91 47
91 48
91 48
91 49
91 50
91 51
91 52
91 53
91 54
91 54
91 55
91 56
91 57
92 58
92 59
92 60
92 61
92 61
92 62
92 63
92 64
92 65
92 66
92 67
92 67
92 68
92 69
92 70
92 71
92 71
92 72
92 73
92 74
92 75
92 75
92 76
92 77
91 78
91 79
91 80
91 80
91 81
91 82
91 83
