10 3
11 3
12 2
13 2
13 2
13 1
13 1
13 0
13 0
14 1
15 1
15 1
16 2
16 2
17 3
17 4
17 4
18 5
19 6
19 6
20 7
20 7
21 8
21 8
22 9
22 10
22 10
23 10
23 10
22 11
21 12
20 13
19 14
18 15
17 15
16 16
15 17
14 18
13 19
13 19
12 20
12 20
12 20
12 19
12 19
12 19
13 18
13 18
14 18
14 18
15 18
15 18
16 18
16 18
17 19
17 19
18 20
18 20
19 21
19 21
19 22
19 23
19 23
19 24
19 25
19 25
19 26
18 27
18 28
18 28
18 29
17 30
17 31
17 31
16 32
16 33
15 34
15 34
14 35
14 36
14 36
14 37
14 37
13 38
13 39
13 39
13 39
14 38
14 37
15 36
15 36
16 35
17 34
17 33
18 32
19 31
19 31
20 30
20 29
21 28
21 28
22 27
23 26
24 25
24 25
25 24
25 23
25 23
26 22
27 22
27 22
28 21
28 21
28 22
28 22
28 23
28 23
27 24
27 25
26 26
26 26
25 27
25 28
24 29
24 29
23 30
22 31
22 32
21 33
21 33
20 34
19 35
19 36
18 37
18 37
17 38
16 39
15 40
15 40
14 41
13 42
13 42
12 43
12 44
12 44
11 45
11 46
11 46
10 46
10 46
11 46
11 46
11 46
12 45
12 45
13 44
14 43
14 43
15 42
16 41
16 41
17 40
18 39
18 39
19 38
20 37
20 37
21 36
22 36
23 35
23 35
24 34
24 34
23 35
22 36
21 37
20 38
19 39
18 40
17 41
17 42
16 43
15 44
14 45
13 46
12 47
11 48
10 49
10 49
9 50
8 51
7 52
7 53
6 54
5 55
4 56
4 56
3 57
3 58
2 59
2 59
1 60
0 61
0 61
0 61
0 62
0 62
1 61
1 61
2 60
3 60
3 60
4 59
5 58
6 57
6 57
7 56
8 56
9 55
9 55
10 54
11 53
12 52
12 52
13 51
14 50
15 50
16 49
16 49
17 48
18 48
19 47
19 47
20 46
20 45
21 44
21 44
22 43
23 42
23 42
24 41
25 40
25 40
26 39
26 39
27 38
27 38
27 38
26 37
25 36
25 36
24 36
24 36
23 36
23 36
22 37
22 37
21 37
21 37
21 38
21 39
21 39
21 40
21 41
21 41
21 42
21 43
21 44
21 44
21 45
21 46
21 47
21 47
21 48
21 49
21 50
21 51
21 51
21 52
21 53
21 54
21 55
21 56
21 56
21 57
21 58
21 59
21 60
21 60
21 61
21 62
21 63
21 64
21 64
21 65
21 66
21 67
21 67
21 68
21 69
21 70
21 70
21 71
21 72
21 73
21 73
20 74
20 75
20 75
20 76
20 77
20 77
20 78
20 78
20 79
20 79
19 79
19 79
19 79
19 78
19 78
19 78
19 77
19 76
19 75
19 74
18 73
18 72
18 71
18 70
18 69
18 69
18 68
17 67
17 66
17 66
17 65
17 64
17 63
17 62
17 62
17 61
17 60
17 60
17 59
17 58
17 58
17 57
17 57
17 57
17 57
16 57
16 57
16 57
15 58
15 58
14 59
14 59
13 60
12 61
12 61
11 62
11 62
10 63
10 64
10 64
9 65
9 66
9 66
8 67
8 68
8 68
7 69
6 70
6 71
5 72
5 72
6 71
7 70
8 69
8 69
9 68
10 67
10 67
11 66
12 66
13 65
13 65
14 64
15 64
16 63
17 63
17 63
18 62
19 62
20 61
20 61
21 60
22 60
23 59
23 59
24 58
25 58
26 57
26 57
27 56
27 55
28 54
29 53
30 52
30 51
31 50
32 49
32 48
33 47
34 46
35 45
35 44
36 43
36 43
36 42
36 41
36 40
37 39
37 38
37 37
37 36
37 36
37 35
37 34
37 33
37 33
37 32
37 31
37 31
37 30
37 30
37 29
37 29
37 29
37 29
38 30
38 31
38 31
38 32
38 33
38 33
38 34
37 35
37 36
37 36
37 37
37 38
37 39
37 39
37 40
36 41
36 42
36 42
36 43
35 44
35 45
35 46
35 46
35 47
34 48
34 49
34 49
34 50
34 51
34 51
34 52
33 53
33 54
33 54
33 55
33 55
33 56
33 56
34 56
34 56
35 56
35 56
36 55
36 55
37 54
38 53
38 53
39 52
40 52
41 51
41 51
42 50
43 49
43 49
44 48
45 48
46 47
46 47
47 46
48 45
48 45
49 44
50 44
51 43
51 43
51 42
51 42
50 43
50 44
49 45
49 46
49 46
48 47
48 48
48 48
47 49
47 50
47 50
47 51
46 52
46 53
46 54
46 54
46 55
46 56
46 57
46 58
46 58
46 59
46 60
46 61
46 62
46 63
46 63
46 64
46 65
46 66
46 67
46 68
46 68
46 69
46 70
47 71
47 72
47 73
47 74
47 74
47 75
47 76
47 77
47 78
47 79
47 79
47 80
47 81
47 82
47 83
47 84
47 85
47 85
47 86
46 87
46 88
46 89
46 89
46 90
45 91
45 92
45 93
45 93
45 94
45 95
45 96
45 97
45 97
45 98
44 99
44 100
44 100
44 99
45 98
45 97
45 96
46 95
46 94
46 93
47 92
47 91
47 90
48 89
48 88
49 87
49 86
49 85
50 84
50 83
50 82
51 81
51 80
51 79
52 78
52 77
52 76
53 75
53 74
53 73
54 72
54 71
54 70
55 69
55 68
56 67
56 66
56 65
57 64
57 63
57 62
58 61
58 60
58 59
59 58
59 57
59 56
60 55
60 54
60 53
61 52
61 51
61 50
62 49
62 48
62 47
63 46
63 45
64 44
64 43
64 42
65 41
65 40
65 39
66 38
66 37
66 36
67 35
67 34
67 33
68 32
68 31
68 30
69 29
69 28
69 27
70 26
70 25
71 24
71 23
71 22
72 21
72 20
72 19
73 18
73 17
73 16
74 15
74 14
74 14
75 14
75 14
75 13
75 13
76 12
76 11
76 11
76 10
76 10
76 10
77 11
77 11
78 12
78 12
78 13
78 14
78 14
78 15
77 16
77 17
77 17
77 18
77 19
77 20
77 20
77 21
76 22
76 23
76 23
76 24
75 25
75 26
75 26
75 27
74 28
74 29
74 29
73 30
73 31
72 32
72 32
71 33
71 34
71 34
70 35
69 36
69 36
69 37
68 38
68 39
68 39
69 38
70 37
71 37
72 36
72 36
73 35
74 34
74 34
75 33
76 33
77 32
77 32
78 31
79 30
80 29
80 29
81 28
82 28
83 27
83 27
84 26
85 26
86 25
86 25
87 24
88 24
89 23
89 23
90 22
91 21
91 21
90 22
89 23
88 24
87 25
86 26
85 27
84 28
83 29
83 30
82 31
81 32
80 33
79 34
78 35
77 36
76 37
76 37
75 38
75 39
74 40
74 40
74 40
75 40
75 40
76 39
76 39
77 39
77 39
78 38
79 38
79 38
80 37
81 37
81 37
82 37
83 37
83 37
84 37
85 37
85 37
86 37
86 37
86 38
86 38
86 39
86 39
86 40
86 41
86 41
85 42
84 43
84 43
84 44
83 45
83 46
83 46
82 47
82 48
81 49
81 49
80 50
79 50
78 51
78 51
77 52
77 53
76 54
76 54
75 55
75 56
74 57
74 57
73 58
73 59
73 59
72 60
72 60
71 61
71 61
71 61
72 61
72 61
73 60
74 60
74 60
75 59
76 58
76 58
77 57
78 57
79 56
79 56
80 55
81 55
82 54
82 54
83 53
84 53
85 52
86 52
86 52
87 51
88 51
89 50
89 50
90 49
91 49
92 48
93 48
93 48
94 47
95 47
96 46
96 46
97 45
98 44
98 44
99 43
100 43
100 43
99 42
98 41
98 40
97 39
96 38
95 37
95 36
94 35
94 35
93 35
92 35
91 35
91 35
90 35
90 35
90 35
90 35
90 36
90 36
90 37
90 38
90 39
90 39
90 40
91 41
91 42
91 42
91 43
91 44
91 45
91 46
91 46
91 47
91 48
91 49
91 50
91 51
91 51
91 52
91 53
91 54
91 55
91 56
91 56
91 57
91 58
91 59
91 60
91 61
91 62
91 63
91 63
91 64
91 65
92 66
92 67
92 68
92 68
92 69
92 70
92 71
92 72
92 73
92 74
92 74
92 75
92 76
92 77
92 78
92 79
92 79
92 80
92 81
91 82
91 83
91 84
91 84
91 85
91 86
91 87
91 88
91 89
91 89
91 90
91 91
91 92
91 93
