0 10
1 9
2 8
2 7
3 6
3 6
4 5
4 4
5 3
5 3
6 2
6 1
6 1
7 1
8 1
8 1
9 1
9 1
10 2
11 2
11 2
12 3
13 4
13 4
14 5
14 5
15 6
16 6
16 6
17 6
17 6
17 7
17 7
18 8
18 8
18 8
18 9
18 9
17 10
16 11
15 12
14 12
13 13
12 14
11 15
10 16
9 17
8 18
7 18
6 19
5 20
4 21
4 21
4 22
4 23
4 24
4 24
4 23
4 22
4 22
5 21
5 21
6 21
6 21
7 20
8 20
8 20
9 20
10 20
10 20
11 20
12 20
12 20
13 20
13 20
14 21
14 21
15 22
15 23
15 23
15 24
15 25
15 25
15 26
15 27
15 27
15 28
15 29
15 29
15 30
15 31
15 31
14 32
14 33
14 33
14 34
14 34
14 34
14 35
14 35
14 34
14 34
15 33
15 33
16 32
16 31
16 31
17 30
17 29
18 28
18 28
19 27
20 26
20 26
21 25
21 24
21 24
22 23
23 22
23 22
23 22
24 22
24 22
24 22
23 22
23 22
23 23
23 24
23 24
22 25
22 26
22 26
21 27
21 28
20 29
20 29
19 30
19 31
18 32
18 32
17 33
16 34
16 35
15 36
15 36
14 37
13 38
13 39
12 40
12 40
11 41
11 42
10 43
10 43
9 44
8 45
8 45
7 46
7 46
7 47
7 47
7 47
8 46
8 46
9 45
10 44
10 44
11 43
12 42
12 42
13 41
14 40
14 40
15 39
16 38
17 37
17 37
18 36
19 36
20 35
20 35
19 36
19 37
18 38
17 39
17 40
16 41
15 42
14 43
14 44
13 45
12 46
12 47
11 48
11 48
10 49
10 50
9 51
8 52
7 53
7 54
6 55
6 55
5 56
4 56
4 56
3 56
3 56
4 56
4 56
5 56
5 56
6 55
6 55
7 54
8 54
9 53
9 53
10 52
11 51
11 51
12 50
13 49
14 49
15 48
15 48
16 47
17 47
18 46
18 46
19 45
20 45
21 44
21 44
22 43
23 42
24 41
24 41
25 40
26 39
27 38
28 37
28 37
27 36
27 36
27 36
26 36
26 36
25 37
25 37
25 38
24 39
24 40
24 40
23 41
23 42
23 42
23 43
22 44
22 45
22 46
22 46
22 47
22 48
22 49
22 50
22 50
22 51
22 52
22 53
22 53
22 54
22 55
22 56
22 57
22 57
22 58
22 59
22 60
22 60
22 61
22 62
22 62
22 63
22 64
22 64
22 65
22 65
22 65
22 65
22 65
21 64
21 63
21 63
21 62
21 61
21 61
21 60
20 59
20 58
20 58
20 57
20 56
20 56
20 55
19 54
19 53
19 53
19 53
18 53
18 53
17 53
17 53
16 54
15 55
15 55
14 56
14 57
14 57
13 58
13 58
12 59
12 60
12 60
11 61
11 61
11 62
11 62
12 63
12 63
13 63
13 63
14 62
14 62
15 61
16 60
17 59
17 59
18 58
19 57
20 56
20 56
21 55
22 54
22 53
23 52
23 52
24 51
24 50
25 49
25 48
26 47
26 47
27 46
28 45
28 44
29 43
29 43
30 42
31 41
31 40
32 39
32 39
32 38
33 37
33 36
34 35
34 34
34 34
35 33
35 32
36 31
36 30
36 30
36 29
37 28
37 27
37 27
38 26
38 25
38 25
38 25
38 26
38 26
38 27
38 27
38 28
38 29
38 30
38 30
38 31
37 32
37 33
37 34
37 34
37 35
37 36
36 37
36 38
36 39
36 39
36 40
35 41
35 42
35 42
35 43
34 44
34 45
34 45
34 46
33 47
33 48
33 48
33 49
32 50
32 51
32 51
31 52
31 53
30 54
30 54
30 55
30 55
29 56
29 56
30 55
30 55
31 54
31 54
32 53
33 53
33 53
34 52
34 51
35 50
35 50
36 49
37 48
38 48
39 47
39 47
40 46
41 45
42 44
42 44
43 43
44 42
45 42
46 41
46 41
47 40
48 40
49 39
49 39
50 38
51 38
52 37
52 37
53 36
54 36
54 36
55 35
55 35
55 35
55 36
55 36
54 37
54 38
54 38
54 39
54 40
54 41
54 41
54 42
53 43
53 44
53 45
53 45
53 46
53 47
53 48
53 49
53 49
53 50
53 51
52 52
52 53
52 54
52 55
52 55
52 56
52 57
52 58
52 59
52 60
52 61
52 62
52 62
52 63
52 64
52 65
52 66
52 67
52 68
52 69
52 70
52 70
52 71
52 72
52 73
52 74
52 75
52 76
52 77
52 78
52 78
52 79
52 80
52 81
52 82
52 83
52 84
52 85
52 86
52 86
52 87
52 88
52 89
52 90
52 91
52 92
52 93
52 94
52 94
52 95
52 96
52 97
52 98
52 99
52 100
52 100
52 99
52 98
53 97
53 96
53 95
53 94
53 93
54 92
54 91
54 90
54 89
54 88
55 87
55 86
55 85
55 84
55 83
56 82
56 81
56 80
56 79
56 78
57 77
57 76
57 75
57 74
57 73
58 72
58 71
58 70
58 69
58 68
59 67
59 66
59 65
59 64
59 63
60 62
60 61
60 60
60 59
60 58
61 57
61 56
61 55
61 54
61 53
61 52
62 51
62 50
62 49
62 48
62 47
63 46
63 45
63 44
63 43
63 42
64 41
64 40
64 39
64 38
64 37
65 36
65 35
65 34
65 33
65 32
66 31
66 30
66 29
66 28
66 27
67 26
67 25
67 24
67 23
67 22
68 21
68 20
68 19
68 18
68 17
69 16
69 15
69 14
69 13
69 12
70 11
70 10
70 9
70 9
69 8
69 7
69 7
69 6
69 5
69 5
69 4
69 3
69 3
70 2
70 2
71 1
71 1
72 0
72 0
73 1
73 1
73 2
73 2
74 3
74 4
74 4
74 5
74 6
74 6
74 7
74 8
74 8
73 9
73 10
73 10
72 11
72 12
72 12
72 13
71 14
71 15
71 15
70 16
70 17
70 17
69 18
68 19
68 19
67 20
67 21
66 22
66 22
65 23
65 24
65 24
64 25
64 25
64 26
64 26
64 26
64 26
65 25
65 25
66 24
67 24
68 23
69 23
69 23
70 22
71 21
71 21
72 20
73 19
74 18
74 18
75 17
76 17
77 16
77 16
78 15
79 15
80 14
80 14
81 13
82 12
82 12
83 11
84 10
84 10
85 9
85 9
86 9
86 9
86 9
86 10
86 10
85 11
84 12
83 13
83 14
82 15
81 16
81 16
80 17
79 18
78 19
77 20
76 21
75 22
75 22
74 23
73 24
72 25
72 25
71 26
71 26
70 27
70 27
70 27
70 27
71 27
71 27
72 27
72 27
73 27
73 27
74 27
74 27
74 28
74 28
75 29
75 29
75 30
75 30
74 31
74 32
74 32
73 33
73 34
72 35
72 35
71 36
71 37
70 38
70 38
69 39
68 39
67 40
67 40
66 41
65 42
65 42
64 43
64 43
64 43
65 42
65 42
66 42
67 41
68 41
68 41
69 40
70 40
71 39
72 39
72 39
73 38
74 37
75 37
76 36
76 36
77 35
78 35
79 34
80 34
80 34
81 33
82 33
83 32
84 32
85 31
85 31
86 30
87 29
88 29
89 28
89 28
90 27
91 27
92 26
93 26
93 26
94 25
95 25
96 24
96 24
97 23
98 23
98 23
99 22
99 21
99 21
100 20
100 20
99 19
99 19
98 18
97 17
97 17
96 17
95 17
94 17
94 17
93 17
92 16
91 16
91 16
90 16
89 16
88 16
88 16
87 16
86 17
85 17
85 17
84 18
83 19
83 19
83 20
82 21
82 22
82 23
82 23
82 24
81 25
81 26
81 27
81 27
81 28
81 29
81 30
81 31
81 32
81 32
81 33
81 34
82 35
82 36
82 37
82 37
82 38
82 39
82 40
82 41
82 42
82 43
82 44
82 44
82 45
82 46
82 47
82 48
83 49
83 50
83 51
83 52
83 53
83 53
83 54
83 55
83 56
83 57
83 58
83 59
83 60
83 60
83 61
83 62
83 63
83 64
83 65
83 66
83 67
83 67
83 68
83 69
83 70
83 71
83 72
83 73
83 74
83 74
83 75
82 76
82 77
82 78
82 79
81 80
81 81
