6 1
6 1
6 1
6 1
6 1
6 0
6 0
7 1
7 1
8 1
8 1
9 1
10 1
10 1
11 1
11 1
12 2
12 2
13 2
13 2
14 3
14 3
14 4
14 4
14 5
14 5
14 6
14 7
14 7
14 8
14 8
13 9
13 9
12 10
12 11
12 11
11 12
11 12
10 13
10 13
9 14
8 14
7 15
6 15
5 16
5 16
4 17
3 17
3 17
2 17
2 17
2 17
2 17
3 16
3 16
3 16
4 15
5 15
5 15
6 14
6 14
7 13
8 13
8 13
9 12
9 12
10 12
11 12
11 12
12 11
12 11
13 12
13 12
13 13
13 13
13 14
13 14
13 15
13 15
12 16
12 17
12 17
11 18
10 19
10 19
9 20
9 21
9 21
9 22
8 23
8 24
8 24
7 25
6 26
6 26
5 27
5 27
4 28
4 28
4 29
4 29
4 29
4 29
5 28
5 28
6 27
6 27
7 26
7 25
7 25
8 24
9 24
9 24
10 23
11 22
11 22
12 21
12 21
13 20
14 19
14 19
15 19
15 19
15 18
15 18
15 18
15 18
15 19
15 19
15 20
15 20
14 21
14 21
13 22
13 23
13 23
12 24
11 25
11 25
10 26
10 26
10 27
10 27
10 28
10 28
10 28
10 28
11 27
12 27
12 27
13 26
13 26
14 25
15 24
15 24
16 23
16 23
17 23
17 23
18 22
18 22
18 22
18 22
17 23
17 23
16 24
16 24
15 25
14 26
14 26
13 27
13 28
12 29
12 29
11 30
10 31
10 31
9 32
8 33
8 33
7 34
7 35
6 36
6 36
5 37
4 38
4 38
3 39
2 39
2 39
1 40
1 40
1 41
1 41
1 41
2 41
2 41
3 40
3 40
4 40
4 40
5 39
6 38
6 38
7 37
8 37
8 37
9 36
10 36
10 36
11 35
12 35
13 34
13 34
14 33
14 33
15 33
16 33
16 33
17 32
17 32
17 32
17 33
17 33
17 34
17 34
16 35
16 35
15 36
14 37
14 37
13 38
13 39
12 40
12 40
11 41
10 42
10 42
9 43
8 44
7 45
7 45
6 46
5 47
4 48
4 48
3 49
3 50
2 51
2 51
1 52
0 53
0 53
0 54
0 54
0 55
0 55
0 55
0 55
1 54
2 54
2 54
3 53
4 53
4 53
5 52
6 52
6 52
7 51
8 50
8 50
9 49
10 49
11 48
11 48
12 47
13 47
14 46
14 46
15 45
16 44
16 44
17 43
17 42
17 42
18 41
19 41
19 41
19 40
19 40
19 39
19 39
19 38
19 38
18 37
18 37
17 36
17 36
17 36
17 36
17 36
16 36
16 36
16 37
16 37
16 38
16 38
16 39
16 39
16 40
16 41
16 41
15 42
15 43
15 43
15 44
15 45
15 45
15 46
16 47
16 48
16 48
16 49
16 50
16 51
16 51
16 52
16 53
16 53
16 54
16 55
16 56
16 56
17 57
17 58
17 58
17 59
17 59
17 60
17 60
17 61
17 61
16 61
16 61
15 62
15 62
14 62
14 62
13 62
12 62
12 62
11 61
11 61
10 61
9 61
9 61
8 60
8 60
7 60
7 60
7 60
6 59
6 59
7 59
7 59
8 58
8 58
9 57
9 56
9 56
10 55
11 54
11 54
12 53
13 52
13 52
14 51
15 50
16 49
16 49
17 48
18 47
19 47
20 46
20 46
21 45
22 44
23 43
23 43
24 42
25 41
26 40
27 39
27 39
28 38
29 37
30 36
30 36
31 35
32 34
32 33
33 32
33 32
34 31
35 30
36 29
36 29
37 28
38 28
39 27
39 27
39 26
40 25
40 24
40 24
41 23
42 23
42 23
43 22
43 21
43 21
43 20
43 19
43 19
44 18
44 18
43 17
43 16
43 16
43 15
43 15
42 14
42 14
41 14
41 14
40 14
40 14
39 14
38 14
38 14
37 15
37 16
37 16
36 17
35 18
35 18
34 19
33 20
33 20
33 21
32 22
32 23
32 23
32 24
31 25
31 26
31 26
31 27
31 28
31 28
31 29
30 30
30 31
30 31
30 32
30 33
30 34
30 34
30 35
29 36
29 37
29 37
29 38
29 39
29 39
29 40
28 41
28 42
28 42
28 43
28 44
28 45
28 45
27 46
27 47
27 47
27 48
27 49
27 49
26 50
26 51
26 51
25 52
25 53
25 53
25 54
25 54
25 54
25 54
25 54
25 54
26 53
26 53
27 52
27 51
27 51
28 50
28 49
29 48
29 48
30 47
30 46
31 45
31 45
32 44
33 43
33 43
34 42
35 41
36 40
36 40
37 39
38 38
38 38
39 37
40 37
41 36
41 36
42 35
43 34
43 34
44 33
45 32
45 32
46 31
47 31
47 31
48 30
49 29
49 29
50 28
51 28
51 28
52 27
52 27
52 26
52 26
52 26
52 27
52 27
51 27
51 27
50 28
50 28
49 29
49 29
48 30
48 30
48 31
48 31
47 32
47 33
47 33
46 34
46 35
46 35
46 36
46 37
46 38
46 38
46 39
45 40
45 41
45 41
45 42
44 43
44 44
44 44
44 45
44 46
44 47
44 48
44 48
44 49
43 50
43 51
43 52
43 52
43 53
43 54
43 55
43 56
43 57
43 57
43 58
42 59
42 60
42 61
42 61
42 62
42 63
42 64
42 65
42 66
42 66
42 67
42 68
42 69
42 70
42 71
42 72
42 72
42 73
42 74
42 75
42 76
42 76
42 77
42 78
42 79
42 80
42 80
42 81
42 82
42 83
42 84
42 85
42 86
42 86
42 87
41 88
41 89
41 89
41 90
41 91
41 92
41 92
41 93
41 94
41 94
41 95
41 96
41 96
41 97
41 97
41 96
42 95
42 94
42 93
43 92
43 91
43 90
44 89
44 88
44 87
45 86
45 85
45 84
46 83
46 82
47 81
47 80
47 79
48 78
48 77
48 76
49 75
49 74
49 73
50 72
50 71
50 70
51 69
51 68
51 67
52 66
52 65
52 64
53 63
53 62
53 61
54 60
54 59
54 58
55 57
55 56
56 55
56 54
56 53
57 52
57 51
57 50
58 49
58 48
58 47
59 46
59 45
59 44
60 43
60 42
60 41
61 40
61 39
61 38
62 37
62 36
62 35
63 34
63 33
63 32
64 31
64 30
64 29
65 28
65 27
66 26
66 25
66 24
67 23
67 22
67 21
68 20
68 19
68 18
69 17
69 16
69 15
70 14
70 13
70 13
70 14
70 14
70 13
70 13
70 12
70 12
71 12
71 12
72 11
72 11
73 11
74 11
74 11
75 10
75 10
76 10
77 10
77 10
77 10
78 11
78 11
78 12
78 12
77 13
77 14
77 14
77 15
77 16
77 16
76 17
76 18
75 19
75 19
74 20
73 21
73 21
72 22
71 23
71 23
70 24
69 25
69 25
68 26
67 27
67 27
66 28
66 28
65 29
65 29
65 29
65 29
66 29
66 29
67 29
68 29
68 29
69 28
70 28
70 28
71 27
72 26
72 26
73 26
74 25
75 25
75 25
76 24
77 24
78 23
78 23
79 23
80 22
81 22
81 22
82 21
83 21
84 20
84 20
85 19
86 19
86 19
87 19
87 19
88 19
88 19
88 19
87 20
86 20
85 21
84 22
83 22
82 23
81 24
80 24
79 25
78 26
77 26
76 27
75 28
74 28
73 29
73 29
73 29
73 29
73 28
73 28
73 29
73 29
73 29
72 30
72 31
72 31
71 32
71 33
71 33
70 34
70 34
69 35
69 36
69 36
68 37
68 37
68 38
68 38
68 38
68 38
68 38
69 38
69 38
70 37
71 37
71 37
72 36
73 35
73 35
74 35
75 35
75 35
76 34
76 34
77 34
77 34
77 35
77 35
77 36
77 36
76 37
76 37
75 38
74 39
74 39
73 40
73 41
72 42
72 42
71 43
71 44
70 45
70 45
69 46
69 47
68 48
68 48
67 49
66 50
66 50
65 51
65 52
64 53
64 53
63 54
63 54
62 55
62 55
62 56
62 56
63 56
63 56
64 56
64 56
65 55
66 55
66 55
67 54
68 54
68 54
69 54
70 53
71 53
71 53
72 53
73 53
74 53
75 53
75 53
76 53
77 52
78 52
78 52
79 52
80 51
81 51
82 51
82 51
83 50
84 50
85 49
86 49
86 49
87 49
88 48
89 48
89 48
90 47
91 47
92 46
92 46
93 45
94 45
95 44
95 44
96 43
97 43
97 43
98 42
98 41
98 41
99 40
99 40
100 39
100 38
100 38
99 37
99 37
98 36
98 35
98 35
97 34
97 33
97 33
96 32
95 31
95 31
94 31
93 30
92 30
92 30
91 29
90 28
90 28
89 27
88 27
87 26
87 26
86 25
85 25
85 25
84 24
83 24
83 24
82 24
82 24
81 24
81 24
80 24
80 24
80 24
80 25
80 25
80 26
80 26
80 27
80 28
80 28
80 29
80 30
80 30
80 31
80 32
80 32
80 33
80 34
80 35
80 35
80 36
81 37
81 38
81 39
81 39
81 40
81 41
80 42
80 43
80 44
80 44
80 45
80 46
80 47
80 48
80 48
80 49
80 50
80 51
80 52
80 53
80 53
80 54
80 55
79 56
79 57
79 58
79 58
79 59
79 60
79 61
79 62
79 63
79 64
79 64
79 65
79 66
79 67
79 68
79 69
79 70
79 70
79 71
79 72
78 73
78 74
78 75
78 75
78 76
78 77
78 78
78 79
78 80
78 80
78 81
78 82
78 83
78 84
78 85
78 86
78 86
78 87
78 88
78 89
78 90
78 90
78 91
79 92
79 93
79 94
79 94
79 95
79 96
79 97
79 98
79 98
80 99
80 100
