5 2
5 1
5 1
5 0
5 0
5 0
4 1
4 1
4 1
4 1
5 1
5 1
5 1
5 2
5 2
5 2
5 3
5 3
6 4
6 5
6 5
6 6
6 7
6 7
7 8
7 9
7 9
7 10
7 10
8 11
8 12
8 12
8 12
8 13
8 13
8 13
8 13
9 13
9 13
9 13
9 14
9 14
8 14
8 14
8 14
8 14
8 15
8 15
7 15
7 15
7 15
7 15
7 16
7 16
6 16
6 16
5 17
5 17
4 18
4 18
4 19
4 19
3 20
3 20
3 21
3 21
2 21
2 21
2 21
2 22
2 22
1 22
1 22
1 23
1 23
0 24
0 24
0 24
0 24
0 24
0 24
0 24
0 24
0 24
1 23
1 23
2 22
3 22
3 22
4 21
5 20
5 20
6 19
6 18
7 17
7 17
8 16
9 15
9 15
10 14
11 14
12 13
12 13
13 12
14 12
15 11
15 11
16 10
17 9
17 9
18 8
19 8
19 8
20 7
20 7
21 7
22 7
22 7
22 6
22 6
22 6
22 6
22 6
22 7
22 7
21 8
21 8
21 8
20 9
20 9
19 10
19 10
18 11
18 12
18 12
17 13
17 14
17 14
16 15
15 16
15 16
14 17
14 18
13 19
13 19
13 20
12 21
12 22
12 22
11 23
11 24
10 25
10 25
10 26
10 27
10 27
9 28
9 29
9 29
8 30
8 31
8 31
8 32
8 33
8 33
8 34
8 34
8 35
8 35
9 35
9 35
9 35
10 34
10 34
11 33
11 33
12 32
12 31
12 31
13 30
13 29
13 29
14 28
15 27
15 27
16 26
16 25
16 25
17 24
18 23
18 23
18 22
19 21
19 20
19 20
20 19
21 19
21 19
22 18
22 18
22 18
22 18
22 18
22 18
22 19
22 19
21 20
20 21
20 21
20 22
19 23
19 24
19 24
18 25
18 26
18 26
17 27
17 28
16 29
16 29
15 30
15 31
15 31
14 32
14 33
14 33
14 34
14 34
14 35
14 35
14 35
14 35
15 35
15 35
15 34
15 34
16 33
17 33
17 33
18 32
19 31
19 31
20 30
20 29
20 29
21 28
22 28
22 28
23 28
23 28
23 28
23 28
23 29
23 29
22 30
22 31
22 31
22 32
22 32
22 33
21 34
21 35
21 35
20 36
19 37
19 37
18 38
18 39
18 39
18 40
17 41
17 42
17 42
16 43
16 44
16 44
16 45
16 46
16 46
15 47
15 48
15 48
14 49
14 50
14 50
14 51
14 52
14 52
14 52
14 52
14 51
14 51
15 50
15 50
16 49
16 48
16 48
17 47
17 46
18 45
18 45
19 44
19 43
20 42
20 42
21 41
22 40
23 39
23 39
24 38
24 37
25 36
25 36
26 35
26 34
27 33
27 33
28 32
28 31
28 31
29 30
29 29
29 29
28 29
28 29
27 28
27 28
26 28
26 28
25 28
24 28
24 28
23 28
22 29
21 29
21 29
20 30
20 30
19 31
19 31
18 32
18 32
18 33
18 34
18 34
18 35
18 36
18 36
18 37
18 38
18 39
18 40
18 40
18 41
18 42
18 43
18 43
18 44
18 45
18 46
18 47
18 47
18 48
19 49
19 50
19 51
19 51
19 52
19 53
19 54
19 55
19 56
19 56
19 57
20 58
20 59
20 60
20 60
20 61
20 62
20 63
20 64
20 65
20 65
20 66
20 67
21 68
21 69
21 70
21 70
21 71
21 72
21 73
21 74
21 74
21 75
21 76
21 77
21 78
21 78
21 79
21 80
21 81
21 81
21 82
21 83
21 83
21 84
21 84
20 85
20 85
20 85
19 85
19 85
19 84
19 84
18 83
18 83
17 82
17 81
17 81
16 80
16 79
16 79
16 78
16 77
16 76
16 76
16 75
16 74
16 73
16 72
16 71
16 71
16 70
16 69
17 68
17 67
17 66
17 66
17 65
17 64
18 63
18 62
18 61
18 61
18 60
19 59
19 58
19 57
20 56
20 55
20 55
20 54
21 53
21 52
22 51
22 50
22 50
23 49
23 48
24 47
24 46
25 45
25 45
26 44
26 43
27 42
27 41
28 40
28 40
29 39
29 38
30 37
30 36
30 36
31 35
31 34
32 33
32 32
33 31
33 30
33 30
33 29
34 28
34 27
35 26
35 25
35 25
35 24
36 23
36 22
36 21
37 20
37 19
37 19
37 18
38 17
38 16
38 16
38 15
38 15
37 14
37 14
37 13
37 13
36 13
36 13
35 12
35 12
34 13
34 13
33 13
32 13
32 13
31 14
31 15
31 15
30 16
30 17
30 17
30 18
29 19
29 20
29 20
29 21
29 22
28 23
28 24
28 25
28 25
28 26
27 27
27 28
27 28
27 29
27 30
27 31
27 32
27 32
27 33
27 34
27 35
27 35
27 36
27 37
27 37
27 38
28 39
28 40
28 40
28 41
29 42
29 43
29 44
29 44
29 45
30 46
30 47
30 47
30 48
30 49
30 50
30 50
30 51
30 52
30 53
30 54
30 54
30 55
29 56
29 57
29 57
29 58
29 59
29 60
29 60
28 61
28 62
28 62
28 63
28 64
28 64
27 65
27 66
27 66
26 67
26 68
26 68
25 69
25 70
25 70
25 70
25 70
25 69
25 69
26 68
26 67
26 67
26 66
26 65
27 64
27 63
27 62
27 62
27 61
28 60
28 59
29 58
29 57
29 57
29 56
30 55
30 54
30 53
30 52
31 51
31 50
31 50
31 49
32 48
32 47
32 46
33 45
33 44
33 44
33 43
34 42
34 41
35 40
35 39
35 39
36 38
36 37
37 36
37 35
37 35
37 34
37 33
37 33
38 32
38 32
38 31
38 31
38 31
39 31
39 31
39 31
39 31
39 32
39 32
39 33
39 33
39 34
39 35
39 36
39 36
39 37
39 38
38 39
38 40
38 41
38 41
38 42
38 43
38 44
38 45
38 46
38 47
38 47
38 48
38 49
38 50
38 51
38 52
38 52
38 53
38 54
38 55
38 56
38 57
38 58
38 58
38 59
39 60
39 61
39 62
39 62
39 63
39 64
39 65
39 66
39 66
39 67
39 68
39 69
39 69
39 70
39 71
39 71
40 72
40 73
40 73
40 74
40 74
40 74
40 74
40 74
40 73
40 72
40 72
40 71
40 70
40 70
40 69
39 68
39 67
39 66
39 66
39 65
40 64
40 63
41 62
41 61
41 60
42 59
42 58
42 57
43 56
43 55
44 54
44 53
44 52
45 51
45 50
45 49
46 48
46 47
47 46
47 45
47 44
48 43
48 42
49 41
49 40
49 39
50 38
50 37
50 36
51 35
51 34
52 33
52 32
52 31
53 30
53 29
53 28
54 27
54 26
55 25
55 24
55 23
56 22
56 21
56 20
57 19
57 18
58 17
58 16
58 16
59 15
59 15
60 14
60 14
60 13
60 13
60 13
60 13
60 14
60 14
60 15
60 15
59 16
59 17
59 17
59 18
58 19
58 20
58 21
58 21
58 22
57 23
57 24
57 25
57 25
57 26
56 27
56 28
56 28
56 29
55 30
55 31
55 32
55 32
55 33
55 34
55 35
55 36
55 36
54 37
54 38
54 38
55 39
55 40
55 40
55 41
55 41
55 42
55 42
55 42
56 41
56 41
57 40
57 40
57 39
58 38
58 37
58 37
59 36
59 35
59 35
60 34
61 33
62 32
62 32
63 31
63 30
64 29
64 29
65 28
66 27
66 27
67 26
68 25
68 25
69 24
70 24
70 24
71 23
72 23
72 23
73 22
74 21
74 21
75 21
75 21
76 20
76 20
77 20
77 20
77 19
77 19
77 19
77 19
76 20
76 20
75 21
75 21
74 22
73 23
73 23
72 24
71 24
71 24
70 25
69 26
68 27
68 27
67 28
66 29
66 29
65 30
65 31
64 32
64 32
63 33
63 34
62 35
62 35
62 36
61 37
61 38
61 39
61 39
61 40
60 41
60 42
60 42
59 43
59 44
59 44
59 45
59 45
59 46
59 46
59 46
59 46
60 46
60 46
61 45
61 45
62 44
62 44
63 44
64 44
64 44
65 43
65 43
66 43
67 43
67 43
68 42
69 42
69 42
70 41
71 41
71 41
72 41
72 41
73 40
73 40
73 40
72 40
72 40
72 41
72 41
71 42
70 43
70 43
69 44
69 44
68 45
68 46
68 46
67 47
67 47
66 48
66 48
65 49
65 49
64 50
64 50
64 51
64 51
64 52
64 52
65 52
65 52
66 53
66 53
67 53
68 53
68 53
69 53
69 53
70 53
71 53
71 53
72 53
72 53
72 54
72 54
72 54
71 55
71 56
71 56
70 57
70 57
69 58
69 59
69 59
68 60
68 60
67 61
67 61
67 61
67 61
67 61
68 60
69 60
69 60
70 59
71 58
71 58
72 57
73 56
74 55
74 55
75 54
76 53
77 52
78 51
78 51
79 50
80 49
81 48
82 47
83 46
83 46
84 45
85 44
86 43
87 43
88 42
89 41
89 41
90 40
91 39
92 38
92 37
93 36
94 35
94 35
95 34
96 33
97 32
97 32
98 31
99 30
100 29
100 29
100 28
100 28
99 27
98 27
98 27
97 26
96 26
96 26
95 26
94 26
93 26
92 26
92 26
91 26
90 26
89 26
89 26
88 26
87 26
87 26
86 27
86 27
85 28
85 28
85 29
84 30
84 31
84 31
84 32
83 33
83 34
83 35
83 35
83 36
82 37
82 38
81 39
81 40
81 40
81 41
81 42
81 43
81 44
81 45
81 45
81 46
81 47
81 48
81 49
81 50
81 51
81 51
81 52
82 53
82 54
83 55
83 56
83 56
83 57
84 58
84 59
84 60
84 60
84 61
85 62
85 63
86 64
86 65
86 65
87 66
87 67
88 68
88 69
88 69
88 70
88 71
89 72
89 73
89 74
89 75
89 75
89 76
89 77
89 78
89 79
89 80
89 80
89 81
89 82
89 83
89 84
89 85
89 85
89 86
88 87
88 88
88 89
88 89
88 90
88 91
88 92
88 93
88 93
88 94
88 95
88 96
88 96
89 97
90 98
90 98
91 99
91 100
91 100
92 100
92 100
93 100
93 100
93 100
92 100
92 100
93 99
