8 2
7 1
7 1
8 1
8 1
8 1
9 1
9 1
9 0
9 0
10 1
10 1
11 1
11 1
12 1
13 1
13 1
14 2
14 2
15 2
15 2
16 3
17 3
17 3
17 4
17 4
18 4
18 4
19 5
19 5
19 6
19 6
19 7
19 7
20 7
20 7
20 8
20 8
19 8
19 8
19 9
19 9
18 10
18 10
17 11
17 11
16 12
16 12
15 13
15 14
15 14
14 15
13 15
13 15
12 16
12 17
12 17
11 18
10 19
10 19
9 20
8 21
8 21
7 22
7 22
6 23
6 23
5 24
5 24
5 24
5 24
5 24
5 24
6 23
6 23
7 22
7 22
8 21
8 21
9 20
9 20
10 19
10 19
11 18
11 18
12 17
12 17
13 17
13 17
13 16
13 16
14 16
14 16
14 17
14 17
14 17
14 17
14 18
14 18
14 19
14 19
13 20
13 21
13 21
13 22
13 23
13 23
13 24
13 24
13 25
13 26
13 26
13 27
13 28
13 28
13 29
12 30
12 31
12 31
12 32
12 33
12 33
12 34
12 35
12 36
12 36
12 37
12 38
12 39
12 40
12 40
12 41
12 42
12 42
12 43
12 43
12 43
12 44
12 44
12 44
12 43
12 43
12 42
12 42
12 41
13 40
13 39
13 38
13 37
14 36
14 35
14 34
15 33
15 32
15 31
15 30
16 29
16 28
16 27
16 26
17 25
17 24
17 24
18 23
18 22
19 21
19 21
20 21
20 21
20 20
20 20
20 20
20 21
20 21
20 22
20 22
20 23
20 23
19 24
19 24
19 25
19 26
19 26
18 27
18 28
18 28
18 29
17 30
17 31
17 31
16 32
16 33
15 34
15 34
15 35
14 36
14 37
14 37
13 38
13 39
12 40
12 40
11 41
11 42
10 43
10 44
10 44
9 45
9 46
8 47
8 48
8 48
7 49
7 50
6 51
6 51
5 52
5 53
4 54
4 55
4 55
3 56
3 57
2 58
2 58
1 59
1 60
1 60
0 61
0 61
0 62
0 62
0 62
0 62
0 62
1 61
1 60
1 60
2 59
2 58
2 58
3 57
4 56
4 56
5 55
5 54
6 53
6 52
6 52
7 51
7 50
8 49
8 48
8 48
9 47
9 46
10 45
10 45
11 44
12 43
12 42
13 41
13 41
14 40
15 39
16 38
16 38
17 37
17 36
18 35
18 35
19 34
19 33
19 33
20 32
21 31
21 31
22 30
22 30
23 30
23 30
23 30
23 30
23 31
23 32
23 32
22 33
22 34
22 34
21 35
21 36
20 37
19 38
19 39
18 40
18 40
17 41
17 42
16 43
16 44
15 45
15 46
14 47
14 48
14 48
13 49
13 50
12 51
12 52
11 53
11 53
11 54
10 55
10 56
10 56
9 57
9 58
8 59
8 59
7 60
7 61
7 61
7 62
7 63
7 63
7 63
8 64
8 64
9 63
9 63
10 62
11 61
11 61
12 60
13 59
13 59
14 58
15 57
16 56
16 56
17 55
17 54
18 53
18 53
19 52
19 51
20 50
20 50
21 49
22 48
22 48
23 47
23 46
24 45
24 45
25 44
25 44
25 43
25 42
25 42
26 41
26 40
26 40
26 39
26 39
25 39
25 39
25 38
25 38
24 38
24 38
23 38
23 38
23 39
23 39
22 39
22 39
22 39
22 40
22 40
22 41
22 41
22 41
22 42
22 42
23 43
23 43
23 44
23 45
23 45
23 46
23 46
24 47
24 47
24 48
24 49
24 49
24 50
24 50
25 51
25 52
25 52
25 53
25 54
25 54
25 55
25 56
25 56
25 57
25 58
25 58
25 59
25 60
25 60
25 61
25 62
25 62
25 63
25 63
25 64
25 65
25 65
25 66
25 66
24 67
24 67
24 67
24 68
24 68
23 68
23 68
23 69
23 69
23 69
22 69
22 69
22 68
22 68
21 68
21 68
21 67
21 67
21 67
21 66
21 66
21 65
21 65
21 64
21 63
21 63
22 62
22 61
22 61
22 60
22 60
22 59
23 58
23 57
23 57
24 56
24 55
24 55
25 54
25 53
25 53
26 52
26 51
26 51
26 50
26 49
26 49
27 48
27 47
27 47
28 46
28 45
28 45
28 44
29 43
29 42
29 42
29 41
29 40
29 40
29 39
30 38
30 37
30 37
31 36
31 35
31 35
31 34
32 33
32 32
32 32
32 31
32 30
32 30
32 29
32 29
32 28
32 27
32 27
32 26
32 26
32 25
32 24
32 24
32 23
32 22
32 22
32 21
32 21
32 20
32 19
32 19
32 18
32 18
32 17
32 17
32 17
32 16
32 16
32 16
33 15
33 15
33 15
33 14
33 14
33 14
34 13
34 13
34 12
34 12
35 12
35 12
35 12
35 12
35 12
35 12
35 12
35 12
35 12
35 12
35 12
35 12
35 12
35 12
35 12
35 11
35 11
35 11
35 11
35 11
35 12
35 12
35 12
35 13
35 13
35 13
35 14
35 15
35 15
35 16
35 17
35 17
35 18
35 19
35 20
35 20
35 21
35 22
35 23
35 23
35 24
35 25
35 26
35 27
35 27
35 28
35 29
35 30
35 30
35 31
35 32
35 33
35 34
35 34
35 35
35 36
35 37
35 37
35 38
34 39
34 40
34 40
34 41
34 42
34 42
33 43
33 44
33 44
33 45
33 46
33 46
32 47
32 47
32 48
32 48
32 47
32 47
32 47
32 46
32 45
32 45
32 44
32 43
32 43
32 42
32 41
32 40
32 40
33 39
33 38
33 38
33 37
34 36
34 35
34 35
35 34
35 33
35 33
36 32
36 31
37 30
37 30
38 29
39 28
39 28
40 27
40 26
41 25
41 25
42 24
43 23
44 22
44 22
45 21
45 20
46 19
46 19
47 18
48 17
49 16
49 16
50 15
51 14
51 14
52 13
53 12
53 12
53 11
53 11
54 10
54 10
54 10
54 10
54 10
53 10
53 10
52 11
52 11
51 12
50 13
50 13
49 14
48 14
48 14
47 15
47 16
47 16
46 17
46 18
46 18
45 19
45 20
45 20
45 21
45 21
45 22
45 23
45 23
45 24
45 25
45 25
45 26
45 26
45 27
45 28
45 28
45 29
45 30
45 30
45 31
45 32
45 32
45 33
45 34
45 34
45 35
45 36
45 36
45 37
45 38
45 38
45 39
45 40
45 40
45 41
45 42
45 42
45 43
45 44
45 45
45 45
45 46
45 47
45 48
45 48
45 49
45 50
45 51
45 51
45 52
46 53
46 54
46 54
46 55
46 56
46 57
46 57
46 58
46 59
46 60
46 60
46 61
46 62
46 63
46 63
46 64
47 65
47 66
47 66
47 67
47 68
47 69
47 70
47 70
47 71
47 72
47 73
47 73
47 74
48 75
48 76
48 76
48 77
48 78
48 79
48 80
48 80
48 81
48 82
48 83
48 83
48 84
48 85
48 86
48 86
48 87
48 88
48 89
48 89
48 90
48 91
48 91
48 92
48 93
48 93
48 93
48 92
49 91
49 90
49 89
49 88
50 87
50 86
50 85
50 84
51 83
51 82
51 81
51 80
52 79
52 78
52 77
52 76
53 75
53 74
53 73
53 72
54 71
54 70
54 69
54 68
55 67
55 66
55 65
55 64
56 63
56 62
56 61
56 60
57 59
57 58
57 57
57 56
58 55
58 54
58 53
59 52
59 51
59 50
59 49
60 48
60 47
60 46
60 45
61 44
61 43
61 42
61 41
62 40
62 39
62 38
62 37
63 36
63 35
63 34
63 33
64 32
64 31
64 30
64 29
65 28
65 27
65 26
65 25
66 24
66 23
66 22
66 21
67 20
67 19
67 18
67 17
68 16
68 15
68 14
68 13
69 12
69 11
69 11
69 11
69 10
69 10
69 11
69 11
69 11
69 11
69 12
69 12
69 12
69 13
69 13
69 14
69 14
69 15
69 15
69 16
69 17
69 17
69 18
69 19
69 19
69 20
69 21
69 22
69 22
69 23
69 24
69 24
69 25
68 26
68 27
68 27
68 28
68 29
68 29
67 30
67 31
67 31
67 32
67 33
67 33
66 34
66 35
66 35
66 35
66 36
66 36
66 36
67 35
67 35
68 34
69 34
69 34
70 33
70 32
71 31
71 31
72 30
73 29
74 28
75 27
75 27
76 26
77 26
78 25
78 25
79 24
80 23
81 23
82 22
82 22
83 21
84 20
84 20
85 19
86 18
86 18
87 17
88 17
88 17
88 17
88 17
88 17
88 17
87 18
87 18
86 19
85 20
84 21
84 22
83 23
82 24
81 25
80 26
79 27
79 28
78 29
77 30
76 31
75 32
74 33
74 34
73 35
72 36
71 37
71 37
70 38
70 39
69 40
69 41
69 41
69 41
68 41
68 41
68 42
68 42
68 42
68 42
68 42
68 42
68 41
68 41
69 41
69 41
70 40
71 40
71 40
72 39
72 39
73 38
73 38
74 38
74 38
75 37
75 37
76 37
76 37
76 38
76 38
76 39
76 39
76 40
76 40
75 41
75 42
75 42
74 43
73 44
73 44
73 45
72 46
72 47
72 47
71 48
71 49
71 49
70 50
70 51
69 52
69 52
68 53
68 54
68 54
67 55
67 56
67 56
66 57
66 57
66 58
66 58
66 59
66 59
66 59
66 59
67 59
67 59
68 59
68 59
69 58
70 58
70 58
71 57
72 56
72 56
73 55
74 55
75 54
76 54
76 54
77 53
78 53
79 52
79 52
80 51
81 51
82 50
83 50
84 49
84 49
85 48
86 48
87 47
87 47
88 47
89 46
90 46
91 46
91 46
92 45
93 45
94 44
94 44
95 43
96 43
96 43
97 42
97 42
98 41
99 41
99 41
99 40
99 40
100 39
100 39
99 38
99 38
99 38
98 38
97 37
96 37
95 36
94 36
93 36
92 35
91 35
90 34
89 34
89 34
88 33
88 33
88 33
87 33
87 33
87 32
87 32
87 32
87 32
87 32
86 33
86 33
86 33
86 33
86 34
86 34
86 34
86 35
86 35
85 36
85 36
85 37
85 37
85 38
85 38
85 39
85 39
85 40
85 40
85 41
85 42
85 42
85 43
85 44
85 44
85 45
85 46
85 46
86 47
86 47
86 48
86 49
86 49
86 50
86 51
86 51
86 52
86 53
86 54
86 54
86 55
86 56
86 56
86 57
86 58
86 58
86 59
86 60
86 60
87 61
87 62
87 62
87 63
87 64
87 65
87 65
87 66
87 67
87 68
87 68
87 69
87 70
87 71
87 71
87 72
87 73
87 74
87 74
87 75
87 76
87 77
87 77
87 78
87 79
87 80
87 80
87 81
87 82
87 83
87 83
87 84
87 85
87 86
87 86
87 87
87 88
87 89
87 89
87 90
87 91
87 92
87 92
87 93
87 94
87 95
87 95
87 96
87 97
87 97
87 98
87 99
87 99
87 100
87 100
