5 2
6 2
7 2
8 1
9 1
10 1
11 1
11 1
11 0
11 0
11 1
11 1
12 2
12 2
13 3
13 4
13 4
14 4
15 5
16 5
16 5
17 6
18 6
18 6
19 6
20 6
20 6
21 7
21 7
20 8
19 9
18 9
17 10
16 11
15 12
14 13
13 13
12 14
11 15
10 16
9 16
8 17
7 18
7 18
8 19
8 19
8 19
8 18
8 18
8 18
9 18
9 18
10 18
11 18
11 18
12 18
13 18
13 18
14 19
14 19
15 20
16 20
16 20
16 21
16 22
16 22
15 23
15 24
15 24
15 25
14 26
14 27
14 27
13 28
12 29
12 29
11 30
11 31
11 31
10 32
10 33
9 34
9 34
8 35
8 35
8 36
8 36
9 35
9 34
10 33
11 32
11 31
12 30
12 30
13 29
14 28
14 27
15 26
16 25
16 25
17 24
18 24
18 24
19 23
19 23
20 23
20 23
20 23
20 24
20 24
19 25
19 25
18 26
18 27
18 27
17 28
17 29
16 30
16 30
15 31
15 32
14 33
14 33
13 34
12 35
11 36
11 36
10 37
9 37
8 38
8 38
7 39
6 40
5 41
5 41
4 42
4 42
3 42
3 42
4 42
4 42
5 42
6 42
6 42
7 41
8 40
8 40
9 39
10 38
10 38
11 37
12 36
13 35
13 35
14 34
15 34
16 33
17 33
17 33
18 32
19 32
20 31
20 31
21 30
22 29
22 29
23 28
24 28
24 28
25 28
25 28
26 28
26 28
25 29
24 30
23 31
22 32
21 33
21 33
20 34
19 35
18 36
17 37
16 37
15 38
14 39
13 40
13 40
12 41
11 42
10 43
9 44
9 44
8 45
7 46
6 46
5 47
5 47
4 48
3 49
2 50
2 50
1 51
0 52
0 52
0 52
0 52
1 52
1 52
2 51
3 50
3 50
4 50
5 49
6 49
6 49
7 48
8 47
9 46
9 46
10 45
11 45
12 44
12 44
13 43
14 43
15 42
16 42
16 42
17 41
18 40
18 40
19 39
20 39
21 38
21 38
22 37
23 36
23 36
24 35
24 35
24 35
24 34
24 34
23 34
23 34
22 34
22 34
21 34
20 34
20 34
19 35
19 35
18 36
18 37
18 37
17 38
17 39
17 39
17 40
17 41
17 42
17 42
17 43
16 44
16 45
16 45
16 46
16 47
16 48
16 49
16 49
16 50
16 51
16 52
16 52
16 53
16 54
16 55
16 56
16 56
16 57
16 58
16 59
16 59
16 60
16 61
16 61
16 62
16 63
16 63
16 64
16 65
16 65
16 66
16 66
16 66
15 66
15 66
15 66
14 65
14 64
14 64
13 63
13 62
13 62
13 61
12 60
12 59
12 59
12 58
11 57
11 56
11 56
11 55
11 54
11 54
11 53
11 53
10 53
10 53
10 52
10 52
9 52
9 52
8 52
8 52
7 53
7 53
6 53
6 53
5 54
5 55
5 55
4 56
4 56
3 57
3 58
3 58
2 59
2 59
1 60
1 60
1 61
1 61
2 60
2 60
3 60
4 59
5 59
5 59
6 58
7 58
8 57
8 57
9 56
10 56
11 55
11 55
12 54
13 53
14 53
15 52
15 52
16 51
17 51
18 50
19 50
20 49
20 49
21 48
22 48
23 47
23 47
24 46
25 45
26 44
26 44
27 43
28 43
29 42
29 42
30 41
31 41
32 40
32 40
33 39
33 38
34 37
34 37
34 37
34 36
35 35
35 34
36 33
36 32
37 31
37 30
38 29
38 28
38 28
38 27
38 26
38 26
37 25
37 24
37 24
37 23
37 23
36 23
36 23
35 23
35 23
34 23
34 23
34 24
34 25
34 25
33 26
33 27
33 27
32 28
32 29
32 29
32 30
32 31
32 32
32 32
32 33
31 34
31 35
31 35
31 36
31 37
31 38
31 39
31 39
31 40
31 41
31 42
31 43
31 43
31 44
30 45
30 46
30 46
30 47
29 48
29 49
29 49
29 50
29 51
29 51
28 52
28 52
28 53
28 53
28 53
28 52
28 51
28 51
29 50
29 49
29 49
30 48
31 47
32 46
32 46
33 45
34 44
35 43
35 43
36 42
37 42
38 41
39 41
39 41
40 40
41 40
42 39
42 39
43 39
44 38
45 38
45 38
46 37
47 37
47 37
48 37
49 36
50 36
50 36
51 35
51 35
52 35
53 35
53 35
53 34
53 34
53 34
52 34
52 34
51 35
51 35
50 36
50 36
49 37
48 37
48 37
47 38
47 39
47 39
46 40
46 41
46 41
46 42
46 43
46 44
46 44
46 45
45 46
45 47
45 47
45 48
45 49
45 50
45 50
45 51
45 52
45 53
45 54
45 54
45 55
45 56
46 57
46 58
46 59
46 59
46 60
46 61
46 62
46 63
46 64
46 65
46 65
46 66
46 67
47 68
47 69
47 70
47 71
47 71
47 72
47 73
47 74
48 75
48 76
48 77
48 78
48 78
48 79
48 80
48 81
48 82
48 83
48 84
48 84
48 85
48 86
48 87
48 88
48 89
48 90
48 90
48 91
48 92
48 93
48 94
48 94
48 95
48 96
48 97
48 98
48 98
48 99
48 100
48 100
48 99
48 98
49 97
49 96
49 95
49 94
50 93
50 92
50 91
50 90
50 89
51 88
51 87
51 86
51 85
51 84
52 83
52 82
52 81
52 80
53 79
53 78
53 77
53 76
53 75
54 74
54 73
54 72
54 71
54 70
55 69
55 68
55 67
55 66
56 65
56 64
56 63
56 62
56 61
57 60
57 59
57 58
57 57
57 56
58 55
58 54
58 53
58 52
59 51
59 50
59 49
59 48
59 47
60 46
60 45
60 44
60 43
60 42
61 41
61 40
61 39
61 38
62 37
62 36
62 35
62 34
62 33
63 32
63 31
63 30
63 29
63 28
64 27
64 26
64 25
64 24
65 23
65 22
65 21
65 20
65 19
66 18
66 17
66 16
66 16
67 15
67 14
68 13
68 13
68 12
68 11
68 11
69 10
69 9
69 9
70 8
70 8
71 8
71 8
72 9
73 9
73 9
73 10
73 10
74 11
74 12
74 12
74 13
74 14
74 14
74 15
74 16
74 17
74 17
73 18
73 19
73 19
72 20
72 21
72 21
71 22
71 22
70 23
69 24
69 24
68 25
67 26
67 26
66 27
65 28
65 28
64 29
63 29
62 30
62 30
61 31
61 31
61 31
61 30
61 30
62 29
63 29
63 29
64 28
65 28
66 27
66 27
67 27
68 26
69 26
70 26
70 26
71 25
72 25
73 24
73 24
74 23
75 23
76 22
76 22
77 22
78 21
79 21
79 21
80 20
81 20
81 20
82 19
82 19
83 19
84 19
84 19
83 20
82 21
81 22
80 23
79 23
78 24
77 25
76 26
75 27
75 27
74 28
73 28
72 29
71 29
70 30
70 30
69 30
69 30
69 30
69 30
70 30
70 30
71 30
71 30
72 30
73 30
73 30
74 29
74 29
75 30
75 30
76 31
76 31
76 32
76 32
76 33
76 34
76 34
75 35
75 36
75 36
75 37
74 38
74 39
74 39
73 40
73 41
72 42
72 42
71 43
70 43
69 44
69 44
68 45
68 46
67 47
67 47
66 48
65 48
64 49
64 49
63 50
63 50
62 51
62 51
62 51
63 50
63 50
64 49
65 49
65 49
66 48
67 48
68 47
69 47
69 47
70 46
71 46
72 45
73 45
73 45
74 45
75 44
76 44
77 43
78 43
78 43
79 43
80 42
81 42
82 41
83 41
83 41
84 41
85 41
86 40
87 40
88 40
88 40
89 39
90 39
91 38
92 38
92 38
93 38
94 37
95 37
95 37
96 36
97 36
97 36
98 35
99 35
99 35
99 34
99 34
99 34
98 33
98 33
97 33
96 32
95 32
95 32
94 31
93 31
93 31
92 31
91 30
90 30
90 30
89 30
88 29
87 29
87 29
86 28
85 28
85 28
84 28
83 28
83 28
83 29
83 29
82 30
82 30
82 31
82 31
82 32
83 33
83 34
83 34
83 35
83 36
83 37
83 38
83 38
83 39
84 40
84 41
84 42
84 42
84 43
84 44
85 45
85 46
85 47
85 48
85 48
85 49
85 50
85 51
85 52
85 53
85 54
85 55
85 55
85 56
85 57
85 58
86 59
86 60
86 61
86 62
86 63
86 63
86 64
86 65
86 66
87 67
87 68
87 69
87 70
87 70
87 71
87 72
87 73
87 74
87 75
87 75
87 76
87 77
87 78
87 79
87 79
87 80
87 81
86 82
86 83
86 84
