5 4
6 3
6 3
6 2
6 2
6 2
7 2
7 2
7 2
7 2
8 2
8 2
9 2
9 2
9 1
9 1
10 1
10 1
11 1
11 1
12 1
12 1
13 2
13 2
14 2
14 2
15 2
15 2
16 2
16 2
17 3
17 3
18 3
18 3
19 3
19 3
19 4
19 4
19 4
19 5
19 5
19 6
19 6
18 7
18 7
17 8
17 9
17 9
16 10
16 11
16 11
15 12
14 13
14 13
13 14
12 15
12 15
11 16
11 17
11 17
10 18
10 19
10 19
9 20
9 21
9 21
8 22
8 22
8 22
8 22
8 22
8 22
9 21
9 21
9 20
9 19
9 19
10 18
11 17
11 17
12 16
12 16
13 15
13 14
13 14
14 13
14 13
15 13
15 13
16 13
16 13
16 13
16 14
16 14
16 15
16 15
16 16
16 17
16 17
16 18
16 19
16 19
16 20
15 21
15 22
15 22
15 23
15 24
15 25
15 26
15 26
15 27
14 28
14 29
14 29
14 30
14 31
14 31
14 32
13 33
13 34
13 34
13 35
13 36
13 36
13 37
13 37
13 38
13 38
13 38
13 38
14 37
14 37
14 36
14 35
14 34
14 34
14 33
15 32
15 31
15 30
15 30
15 29
15 28
15 27
15 27
15 26
16 25
16 24
16 24
16 23
17 22
17 21
17 20
17 20
18 19
19 18
19 18
20 17
20 16
20 16
21 15
21 15
22 14
22 14
23 13
23 13
23 14
23 14
23 14
23 15
23 15
23 16
23 16
22 17
22 18
22 18
22 19
21 20
21 21
21 21
20 22
20 23
19 24
19 25
19 25
19 26
18 27
18 28
18 28
17 29
17 30
16 31
16 32
15 33
15 33
14 34
14 35
13 36
13 37
12 38
12 38
12 39
11 40
11 41
11 42
10 43
10 44
10 44
9 45
9 46
8 47
8 48
7 49
7 50
7 50
6 51
5 52
5 53
4 54
4 54
3 55
3 56
2 57
2 58
2 58
2 59
1 60
1 61
1 62
1 62
0 63
0 64
0 64
0 65
0 65
0 65
0 65
0 64
0 64
1 63
1 62
2 61
2 61
2 60
3 59
3 58
3 58
4 57
5 56
5 55
6 54
6 54
6 53
7 52
7 51
7 50
8 49
8 48
8 48
9 47
9 46
10 45
10 44
11 43
11 43
12 42
12 41
13 40
14 39
14 38
15 37
15 37
16 36
16 35
17 34
17 33
18 32
18 32
19 31
20 30
20 29
21 28
21 28
22 27
22 26
23 25
23 25
24 24
25 23
25 23
26 22
26 22
27 21
27 21
27 22
27 22
27 23
27 24
27 24
26 25
26 26
26 26
26 27
25 28
25 29
25 29
24 30
24 31
23 32
23 33
23 33
22 34
22 35
21 36
21 37
20 38
20 38
20 39
19 40
19 41
19 42
18 43
18 44
18 44
17 45
17 46
16 47
16 48
15 49
15 49
14 50
14 51
13 52
13 53
13 53
13 54
12 55
12 56
12 57
12 57
11 58
11 59
11 59
11 60
11 61
11 61
11 62
11 62
12 62
12 62
13 61
14 61
14 61
15 60
16 59
16 59
17 58
17 57
18 56
18 56
19 55
19 54
20 53
20 53
21 52
22 51
23 50
23 50
24 49
24 48
25 47
25 47
26 46
26 45
27 44
27 44
27 43
28 42
28 41
28 41
29 40
29 39
29 39
29 38
29 37
29 36
29 36
29 35
29 34
29 34
29 33
29 33
28 32
28 32
27 32
27 32
26 33
26 33
25 34
25 34
25 35
25 35
24 36
24 36
24 37
24 37
24 38
24 38
24 39
24 39
24 40
24 41
24 41
25 42
25 43
25 43
25 44
25 45
25 45
25 46
25 47
25 47
26 48
26 49
26 49
26 50
26 51
26 51
26 52
26 53
26 54
26 54
27 55
27 56
27 56
27 57
27 58
27 58
27 59
27 60
27 61
27 61
27 62
27 63
27 63
27 64
27 65
27 66
27 66
27 67
27 68
27 68
27 69
27 69
27 70
27 70
27 71
27 71
27 71
26 70
26 70
26 70
26 69
26 69
26 68
26 68
25 67
25 66
25 66
25 65
25 65
26 64
26 63
26 63
26 62
26 61
26 60
26 60
26 59
27 58
27 57
27 57
27 56
28 55
28 54
28 54
28 53
29 52
29 51
29 50
29 50
29 49
30 48
30 47
30 46
30 46
31 45
31 44
32 43
32 42
32 42
32 41
33 40
33 39
33 39
33 38
33 37
34 36
34 35
34 34
34 34
34 33
35 32
35 31
35 31
36 30
36 29
36 29
36 28
36 27
36 26
36 26
36 25
36 24
36 24
37 23
37 22
37 22
37 21
37 21
37 20
37 20
37 19
37 19
37 18
37 18
37 17
37 17
38 16
38 16
38 15
38 15
38 14
38 14
39 13
39 12
39 12
40 11
40 10
40 10
41 9
41 8
41 8
42 7
42 6
42 6
43 5
43 4
43 4
44 3
44 3
45 2
45 2
45 2
46 1
46 1
46 1
46 0
46 0
46 0
46 0
45 0
45 0
45 1
45 1
44 2
44 2
44 3
44 3
43 4
43 4
42 5
42 5
42 6
42 7
42 7
42 8
42 8
41 9
41 9
41 10
41 11
41 11
41 12
41 13
41 13
41 14
41 15
41 16
41 16
41 17
41 18
41 18
41 19
40 20
40 21
40 22
40 22
40 23
40 24
40 25
40 25
40 26
40 27
40 28
40 29
40 29
40 30
39 31
39 32
39 32
39 33
39 34
39 35
39 35
39 36
38 37
38 38
38 39
38 39
38 40
38 41
38 42
38 42
38 43
37 44
37 45
37 45
37 46
37 47
37 48
37 48
36 49
36 50
36 50
36 51
36 51
36 52
36 52
36 52
36 52
36 51
36 51
36 50
36 49
36 49
36 48
37 47
37 46
37 46
37 45
38 44
38 43
38 42
38 42
39 41
39 40
40 39
40 39
40 38
41 37
41 36
41 35
41 35
42 34
42 33
43 32
43 32
44 31
44 30
45 29
45 28
45 28
46 27
46 26
47 25
47 25
48 24
48 23
49 22
49 22
50 21
50 20
51 19
51 19
51 18
52 17
52 16
52 15
52 15
53 14
54 13
54 13
54 12
55 11
55 10
55 10
55 9
55 9
55 9
55 9
55 9
55 9
55 10
55 10
54 11
54 11
53 12
53 12
52 13
52 14
52 14
51 15
51 16
51 16
51 17
51 18
51 18
51 19
51 20
51 20
50 21
50 22
50 22
50 23
50 24
50 25
50 25
50 26
50 27
50 27
50 28
50 29
50 29
50 30
50 31
50 32
50 32
50 33
50 34
50 34
50 35
50 36
50 37
50 37
50 38
50 39
50 39
50 40
50 41
50 42
50 42
50 43
50 44
50 44
50 45
51 46
51 47
51 47
51 48
51 49
51 50
51 50
51 51
51 52
51 53
51 53
51 54
52 55
52 56
52 56
52 57
52 58
52 59
52 59
52 60
53 61
53 62
53 62
53 63
53 64
53 65
53 65
53 66
53 67
54 68
54 69
54 70
54 70
54 71
54 72
54 73
54 74
54 75
54 75
55 76
55 77
55 77
55 78
55 79
55 80
55 81
55 81
55 82
55 83
55 84
55 85
55 85
55 86
55 87
55 88
55 88
55 89
55 90
55 90
55 91
55 91
55 90
55 89
55 88
55 87
56 86
56 85
56 84
56 83
56 82
56 81
56 80
56 79
56 78
56 77
57 76
57 75
57 74
57 73
57 72
57 71
57 70
57 69
57 68
57 67
58 66
58 65
58 64
58 63
58 62
58 61
58 60
58 59
58 58
58 57
59 56
59 55
59 54
59 53
59 52
59 51
59 50
59 49
59 48
60 47
60 46
60 45
60 44
60 43
60 42
60 41
60 40
60 39
60 38
61 37
61 36
61 35
61 34
61 33
61 32
61 31
61 30
61 29
61 28
62 27
62 26
62 25
62 24
62 23
62 22
62 21
62 20
62 19
62 18
63 17
63 16
63 15
63 14
63 13
63 12
63 11
63 10
63 9
63 8
64 7
64 6
64 5
64 4
64 3
64 3
65 2
65 2
65 2
64 2
64 2
64 3
64 3
64 4
64 4
64 5
64 5
64 6
64 7
64 7
64 8
64 9
64 9
64 10
64 11
64 11
64 12
64 13
64 13
65 14
65 15
65 15
65 16
65 16
65 17
65 17
66 17
66 17
67 17
67 17
68 16
69 16
69 16
70 15
71 14
71 14
72 13
73 13
74 12
74 12
75 11
76 10
76 10
77 9
78 9
79 8
79 8
80 7
81 6
81 6
82 5
82 5
83 5
83 5
83 4
83 4
83 4
82 5
82 5
81 6
81 7
80 8
79 9
79 10
78 11
77 12
77 13
76 14
75 15
75 16
74 17
73 18
73 19
72 20
71 21
71 22
70 23
70 23
70 24
69 25
69 26
68 27
68 28
68 28
67 29
67 30
67 30
66 31
66 31
65 32
65 32
65 33
65 33
66 33
66 33
66 33
67 33
67 33
68 32
69 32
69 32
70 31
70 31
71 31
72 31
72 31
73 30
74 30
74 30
75 30
75 30
76 30
76 30
76 30
76 31
76 32
76 32
76 33
76 33
76 34
75 35
75 36
75 36
75 37
74 38
74 39
74 39
74 40
73 41
73 42
73 43
73 43
72 44
72 45
71 46
71 47
71 47
70 48
70 49
69 50
69 50
69 51
68 52
68 53
68 53
67 54
67 55
67 55
67 56
67 57
67 57
67 58
67 58
67 59
67 59
68 59
68 59
69 58
70 58
70 58
71 57
72 57
72 57
73 56
74 56
75 55
75 55
76 54
77 53
78 52
78 52
79 51
80 50
81 49
82 48
82 48
83 47
84 46
85 46
86 45
86 45
87 44
88 43
89 42
89 42
90 41
91 40
92 39
92 39
93 38
93 37
94 36
94 36
95 35
95 34
96 33
96 33
97 32
98 31
98 31
99 30
99 29
99 29
100 28
100 27
100 27
100 26
100 26
99 25
99 25
98 24
98 24
97 23
97 23
96 23
96 23
95 23
94 23
94 23
93 23
93 23
92 23
92 23
91 23
91 23
91 23
90 24
90 24
90 24
90 24
90 25
90 26
90 26
90 27
90 27
90 28
90 28
90 29
90 30
90 30
90 31
90 32
90 32
90 33
90 34
90 34
90 35
90 36
90 36
90 37
89 38
89 39
89 39
89 40
89 41
89 41
89 42
89 43
89 43
89 44
89 45
89 46
89 46
89 47
89 48
89 49
89 49
89 50
89 51
89 51
89 52
89 53
89 54
89 54
89 55
89 56
89 56
89 57
90 58
90 59
90 59
90 60
90 61
90 62
90 62
90 63
90 64
90 64
90 65
91 66
91 67
91 67
91 68
91 69
91 70
91 70
91 71
91 72
91 73
91 73
91 74
91 75
91 76
91 76
91 77
91 78
91 79
91 80
91 80
91 81
91 82
91 83
91 83
91 84
91 85
91 86
91 87
91 87
91 88
91 89
91 90
91 91
91 91
91 92
91 93
91 94
91 94
90 95
90 96
90 96
90 97
90 98
90 99
90 99
89 100
