1 2
1 2
1 1
1 1
1 0
1 0
1 1
1 1
1 1
1 1
1 2
1 2
2 3
2 3
3 4
4 5
4 5
5 6
5 7
5 7
6 8
7 9
7 9
8 10
8 10
9 11
9 12
9 12
10 13
11 13
11 13
12 14
12 15
12 15
12 16
12 16
13 16
13 16
13 17
13 17
13 17
13 17
12 18
11 19
10 20
10 21
9 22
8 23
7 24
6 25
5 26
4 27
4 28
3 29
2 30
1 31
1 31
1 32
1 32
0 32
0 32
0 32
0 31
0 31
0 31
0 31
0 31
0 31
0 31
1 30
1 30
2 29
2 28
2 28
3 27
4 27
4 27
5 26
5 25
5 25
6 24
7 23
7 23
8 22
9 21
9 21
10 20
11 20
11 20
12 19
13 18
13 18
14 17
14 16
14 16
15 15
16 15
16 15
16 14
16 14
16 14
16 14
16 14
16 15
16 15
15 16
15 17
15 17
14 18
14 18
13 19
13 19
12 20
11 21
11 21
11 22
10 23
10 24
10 24
10 25
9 26
9 27
9 27
9 28
8 29
8 30
8 31
8 31
7 32
7 33
7 33
8 34
8 35
8 35
8 36
8 37
8 38
8 38
9 39
9 39
9 40
9 41
9 41
10 41
10 41
10 42
10 42
11 42
11 42
11 42
12 41
12 41
13 40
13 39
13 39
13 38
14 37
14 36
14 36
14 35
15 34
15 33
15 33
16 32
16 31
16 31
16 30
17 29
17 28
17 28
17 27
17 26
17 26
18 25
18 24
18 24
19 24
19 24
19 24
19 24
19 24
19 24
18 25
18 26
18 26
18 27
18 28
18 28
18 29
17 30
17 31
17 31
16 32
16 33
15 34
15 35
15 35
15 36
14 37
14 38
14 39
14 39
14 40
13 41
13 42
13 43
13 43
12 44
12 45
11 46
11 47
11 47
10 48
10 49
9 50
9 51
9 51
9 52
8 53
8 54
8 54
8 55
7 56
7 57
7 57
7 58
7 59
7 59
7 60
7 60
7 61
7 62
7 62
7 62
8 62
8 62
9 62
9 62
9 61
10 60
10 59
10 59
11 58
11 57
12 56
12 56
13 55
13 54
14 53
14 52
14 52
15 51
15 50
16 49
16 48
17 47
17 47
18 46
18 45
19 44
19 44
20 43
21 42
21 42
22 41
23 41
23 41
23 40
23 40
24 40
24 40
24 40
23 40
23 40
23 41
23 41
22 42
22 42
22 43
21 44
21 45
21 45
20 46
20 47
19 48
19 49
19 49
18 50
18 51
17 52
17 53
17 53
17 54
16 55
16 56
16 57
16 57
15 58
15 59
14 60
14 61
14 61
14 62
14 63
14 64
14 64
13 65
13 65
13 66
13 67
13 67
14 67
14 67
14 68
14 68
14 67
14 67
15 66
15 66
16 65
16 64
16 64
16 63
17 62
17 61
17 60
17 60
18 59
18 58
19 57
19 56
19 56
19 55
20 54
20 53
20 52
20 52
21 51
21 50
21 50
22 50
22 50
21 49
21 49
21 49
20 49
20 49
20 50
20 50
19 51
19 51
18 52
18 53
18 53
18 54
18 54
18 55
18 56
18 56
19 57
19 57
20 58
20 59
20 59
20 60
21 61
21 62
21 62
21 63
22 64
22 65
22 66
22 66
22 67
23 68
23 69
23 70
23 70
23 71
24 72
24 73
24 74
24 74
24 75
25 76
25 77
25 78
25 78
25 79
26 80
26 81
26 82
26 82
26 83
26 84
26 85
26 86
26 86
26 87
26 88
26 89
26 89
26 90
26 91
26 92
26 92
25 93
25 94
25 94
25 95
24 96
24 97
24 97
23 98
23 98
22 98
22 98
21 98
21 98
21 97
20 96
20 95
20 95
20 94
20 93
20 92
20 92
20 91
20 90
20 89
20 88
20 88
20 87
20 86
20 85
21 84
21 83
21 82
21 81
21 81
21 80
21 79
21 78
22 77
22 76
22 75
22 74
22 74
22 73
22 72
22 71
22 70
23 69
23 68
23 67
23 66
23 65
23 64
23 64
23 63
23 62
24 61
24 60
24 59
24 58
25 57
25 56
25 55
25 55
25 54
26 53
26 52
26 51
26 50
27 49
27 48
27 47
27 47
27 46
28 45
28 44
28 43
28 42
29 41
29 40
29 39
29 39
29 38
30 37
30 36
30 35
30 35
30 34
31 33
31 32
31 31
31 31
32 30
32 29
32 29
32 28
33 27
33 26
33 26
33 25
33 24
33 23
33 23
34 22
34 21
34 21
34 20
34 19
34 19
34 19
33 19
33 19
32 20
32 20
31 21
30 21
29 22
29 22
28 23
28 24
28 24
28 25
27 26
27 27
27 27
27 28
27 29
27 29
27 30
27 31
27 32
27 33
27 33
27 34
28 35
28 36
28 37
28 37
28 38
28 39
28 40
28 41
28 42
28 42
28 43
29 44
29 45
29 46
29 46
29 47
30 48
30 49
30 50
30 50
31 51
31 52
32 53
32 54
32 54
32 55
33 56
33 57
33 58
33 58
33 59
33 60
34 61
34 62
34 63
34 63
34 64
34 65
34 66
34 67
34 67
34 68
34 69
34 70
34 71
34 71
34 72
34 73
34 74
34 74
34 75
34 76
34 77
34 77
34 78
34 78
34 79
34 79
34 79
34 79
34 78
34 78
33 77
33 76
33 76
33 75
33 74
33 73
33 73
33 72
33 71
34 70
34 69
34 68
34 67
34 67
34 66
34 65
35 64
35 63
35 62
35 61
35 61
35 60
36 59
36 58
36 57
36 56
37 55
37 54
37 53
37 53
37 52
38 51
38 50
38 49
39 48
39 47
39 47
40 46
40 45
41 44
41 43
41 43
41 42
42 41
42 40
42 40
43 39
43 38
43 38
44 37
44 36
44 36
44 35
44 35
44 34
44 34
44 34
44 34
44 34
44 35
44 35
44 36
44 36
44 37
44 38
44 39
44 40
44 40
44 41
44 42
44 43
44 44
44 45
44 45
44 46
44 47
44 48
44 49
44 50
44 51
44 51
44 52
44 53
45 54
45 55
45 56
45 57
45 57
45 58
45 59
45 60
46 61
46 62
46 63
46 64
46 64
46 65
46 66
47 67
47 68
47 69
47 69
47 70
47 71
48 72
48 73
48 74
48 74
48 75
48 76
48 77
48 78
48 78
48 79
48 80
48 81
48 82
48 82
48 83
49 84
49 85
49 85
49 86
49 87
49 87
49 88
49 88
50 88
50 88
50 88
49 87
49 86
49 86
49 85
49 84
49 84
49 83
49 82
50 81
50 80
50 79
50 78
51 77
51 76
51 75
51 74
52 73
52 72
52 71
52 70
53 69
53 68
53 67
53 66
54 65
54 64
54 63
54 62
55 61
55 60
55 59
55 58
56 57
56 56
56 55
56 54
57 53
57 52
57 51
57 50
58 49
58 48
58 47
58 46
59 45
59 44
59 43
59 42
59 41
60 40
60 39
60 38
60 37
61 36
61 35
61 34
61 33
62 32
62 31
62 30
62 29
63 28
63 27
63 26
63 25
64 24
64 23
64 22
64 21
65 20
65 19
65 18
65 17
66 16
66 15
66 14
66 13
67 12
67 11
67 10
67 9
68 8
68 7
68 6
68 6
68 7
68 8
68 8
68 9
68 9
67 9
67 9
67 10
67 11
67 11
67 12
67 13
67 14
67 15
67 15
67 16
67 17
66 18
66 19
66 20
66 20
66 21
65 22
65 23
65 24
65 24
65 25
65 26
64 27
64 28
64 29
64 30
64 30
64 31
64 32
63 33
63 34
63 35
63 35
62 36
62 37
61 38
61 39
61 39
61 40
60 41
60 42
60 42
60 43
60 44
60 44
60 45
60 45
60 46
60 46
60 46
61 46
61 46
62 45
62 44
62 44
63 43
63 42
63 42
64 41
64 40
65 39
65 38
65 38
65 37
66 36
66 35
67 34
67 33
67 33
68 32
69 31
69 30
70 29
70 29
71 28
72 27
73 27
74 26
74 26
75 25
76 24
77 24
78 23
78 23
79 22
80 22
81 21
81 21
82 20
83 20
84 19
85 19
85 19
86 18
87 18
87 18
88 17
89 17
89 17
90 16
91 15
91 15
91 15
91 14
91 14
91 14
91 14
91 14
91 14
91 14
91 15
91 15
91 15
91 15
91 15
91 15
91 15
91 15
91 15
91 15
91 15
91 15
91 15
91 15
91 15
90 15
90 15
90 16
90 16
89 17
88 17
88 17
87 18
87 19
87 19
86 20
85 21
85 21
84 22
83 23
82 24
82 24
81 25
80 26
80 27
79 28
79 28
78 29
77 30
77 31
76 32
76 32
75 33
75 34
74 35
74 35
74 36
73 37
73 38
73 38
72 39
72 40
72 40
71 41
71 42
71 42
70 43
70 43
70 44
69 45
69 46
69 46
68 47
68 47
67 48
67 49
67 49
67 50
67 50
67 50
67 50
67 50
68 50
68 50
68 49
68 49
69 49
69 49
70 48
70 48
70 47
70 47
71 47
72 47
72 47
73 46
73 46
74 45
75 45
75 45
76 45
76 45
77 45
78 45
78 45
79 45
79 45
79 45
79 45
79 45
79 45
79 46
79 46
79 47
79 47
78 48
78 49
78 49
77 50
77 51
77 51
76 52
75 53
75 53
74 54
73 55
73 56
72 57
72 57
71 58
71 59
70 60
70 60
70 61
69 62
69 63
69 63
68 64
68 65
68 65
67 66
67 67
67 67
67 68
67 68
67 69
67 69
67 70
67 70
68 71
68 71
69 70
69 70
70 69
70 69
71 68
72 67
72 67
73 66
74 65
74 65
75 64
76 63
76 62
77 61
77 61
78 60
79 60
80 59
81 59
81 59
82 58
83 58
84 57
84 57
85 56
86 56
87 55
87 55
88 54
89 54
90 53
90 53
91 52
92 52
93 51
93 51
94 50
94 49
95 48
95 48
96 47
96 46
97 45
97 45
98 44
98 43
99 42
99 41
99 41
99 40
100 39
100 38
100 38
100 37
99 36
99 35
99 34
99 34
98 33
98 33
97 32
97 32
96 32
96 32
95 32
95 32
94 32
93 32
93 32
92 33
91 33
91 33
90 34
90 35
90 35
90 36
89 37
89 38
89 38
89 39
88 40
88 41
88 42
88 42
88 43
88 44
88 45
88 46
88 46
88 47
88 48
87 49
87 50
87 51
87 52
87 52
87 53
87 54
87 55
87 56
87 57
87 58
87 59
87 60
87 60
87 61
87 62
87 63
86 64
86 65
86 66
86 67
86 67
86 68
86 69
86 70
85 71
85 72
85 73
85 74
85 74
85 75
85 76
85 77
85 78
85 79
85 80
85 80
85 81
85 82
84 83
84 84
84 85
84 86
84 86
84 87
84 88
84 89
84 90
84 90
84 91
83 92
83 93
83 94
83 94
83 95
83 96
83 97
83 97
83 98
83 99
83 99
84 100
84 100
84 100
83 100
83 100
83 100
83 100
82 99
82 98
82 98
82 97
82 96
