0 3
1 3
2 3
3 3
4 2
5 2
6 2
7 2
7 2
7 1
7 0
7 0
7 0
8 1
8 2
8 2
9 3
10 3
10 3
11 3
12 4
13 4
13 4
14 4
15 5
16 5
17 5
17 5
18 5
19 5
19 5
20 6
21 6
21 6
22 7
22 7
22 8
22 8
21 9
21 9
20 10
19 10
18 11
17 12
16 12
15 13
14 13
13 14
12 15
11 15
10 16
9 17
8 17
7 18
6 18
5 19
4 20
3 20
2 21
2 21
3 21
3 21
4 20
4 20
5 19
5 19
6 18
6 18
7 18
8 18
8 18
9 18
10 18
10 18
11 18
12 18
12 18
13 19
14 19
14 19
15 20
15 21
15 21
15 22
15 23
15 23
14 24
14 25
14 25
13 26
13 27
13 27
12 28
11 29
11 29
10 30
9 31
9 31
8 32
7 33
7 33
6 33
6 33
6 34
6 34
6 33
6 33
7 32
8 31
8 31
9 30
10 29
10 29
11 28
12 28
13 27
13 27
14 26
15 25
15 25
16 24
17 23
17 23
18 22
19 22
19 22
19 22
19 22
18 23
18 23
17 24
17 25
17 25
16 26
16 27
15 28
15 28
14 29
13 30
12 30
11 31
11 31
10 32
9 33
9 34
8 35
8 35
7 36
6 37
5 37
4 38
4 38
3 39
2 39
1 40
1 40
0 41
0 42
0 42
0 42
1 42
1 42
2 41
3 41
3 41
4 40
5 40
6 39
6 39
7 38
8 37
9 37
10 36
10 36
11 35
12 34
13 34
14 33
14 33
15 32
16 31
17 31
18 30
18 30
19 29
20 29
21 28
21 28
22 28
23 27
24 27
24 27
25 26
25 26
24 27
23 28
22 29
21 30
20 31
19 32
18 32
17 33
16 34
15 35
14 36
13 37
13 37
12 38
11 39
10 40
9 40
8 41
7 42
6 43
6 43
5 44
4 44
4 44
3 45
3 45
3 45
4 45
4 45
5 44
6 44
6 44
7 43
8 43
8 43
9 42
10 41
10 41
11 40
12 40
13 39
13 39
14 38
15 37
16 36
16 36
17 35
18 35
19 34
19 34
20 33
20 32
21 31
21 31
22 30
23 30
23 30
23 29
23 29
24 28
24 28
23 28
23 28
23 29
23 29
22 30
22 30
21 31
21 32
21 32
21 33
20 34
20 35
20 35
20 36
19 37
19 38
19 38
19 39
19 40
19 41
19 41
19 42
18 43
18 44
18 45
18 45
18 46
18 47
18 48
18 48
18 49
17 50
17 51
17 51
17 52
17 53
17 54
17 54
16 55
16 55
16 56
16 56
16 57
16 57
16 57
16 57
16 56
16 56
16 55
16 54
16 54
16 53
16 52
16 51
16 51
16 50
15 49
15 48
15 48
15 47
15 46
15 46
15 45
15 45
15 45
14 45
14 45
13 45
13 45
13 45
12 46
11 46
11 46
10 47
10 47
9 48
8 48
8 48
7 49
7 50
7 50
6 51
5 52
5 52
4 53
4 54
3 55
3 55
2 55
2 55
3 55
3 55
4 54
5 54
5 54
6 53
7 53
8 52
8 52
9 51
10 50
11 50
12 49
12 49
13 48
14 48
15 47
16 47
17 46
17 46
18 45
19 45
20 44
21 44
21 44
22 43
23 43
24 42
24 42
25 41
26 41
27 40
28 40
28 40
29 39
30 38
30 38
31 37
32 36
32 36
33 35
34 35
35 34
35 34
36 33
36 32
37 31
37 30
38 29
38 28
39 27
39 27
39 26
39 25
39 24
39 23
39 23
38 22
38 22
38 22
37 21
36 21
36 21
35 21
35 21
34 22
34 22
33 23
33 23
32 24
32 25
32 25
31 26
31 27
31 27
31 28
31 29
31 29
31 30
31 31
31 32
31 32
31 33
31 34
31 35
31 35
31 36
31 37
31 38
31 38
31 39
30 40
30 41
30 41
30 42
30 43
30 43
30 44
29 45
29 46
29 46
29 47
29 48
29 48
28 49
28 49
28 49
28 49
29 48
29 47
29 47
30 46
31 45
31 45
32 44
33 43
34 42
34 42
35 41
36 41
37 40
38 40
38 40
39 39
40 38
41 38
42 37
42 37
43 36
44 36
45 35
45 35
46 35
47 34
48 34
49 34
49 34
50 33
51 33
51 33
52 33
53 32
54 32
54 32
55 31
55 31
56 30
56 30
56 30
56 30
55 31
55 31
54 32
53 32
53 32
52 33
51 33
51 33
50 34
50 34
49 35
48 36
48 36
47 37
47 37
46 38
46 38
46 39
46 40
46 40
46 41
46 42
46 43
46 43
46 44
47 45
47 46
47 47
47 47
47 48
48 49
48 50
48 51
48 51
48 52
48 53
49 54
49 55
49 56
49 57
49 57
49 58
49 59
49 60
49 61
49 62
49 63
49 63
49 64
49 65
49 66
50 67
50 68
50 69
50 70
50 70
50 71
50 72
50 73
50 74
50 75
50 76
50 77
50 77
50 78
50 79
50 80
50 81
50 82
50 83
50 83
50 84
50 85
50 86
50 87
50 88
50 89
50 89
50 90
50 91
49 92
49 93
49 94
49 94
49 95
49 96
49 97
49 98
49 98
48 99
48 100
48 100
48 99
49 98
49 97
50 96
50 95
51 94
51 93
52 92
52 91
53 90
53 89
54 88
54 87
54 86
55 85
55 84
56 83
56 82
57 81
57 80
58 79
58 78
59 77
59 76
59 75
60 74
60 73
61 72
61 71
62 70
62 69
63 68
63 67
64 66
64 65
65 64
65 63
65 62
66 61
66 60
67 59
67 58
68 57
68 56
69 55
69 54
70 53
70 52
70 51
71 50
71 49
72 48
72 47
73 46
73 45
74 44
74 43
75 42
75 41
76 40
76 39
76 38
77 37
77 36
78 35
78 34
79 33
79 32
80 31
80 30
81 29
81 28
81 28
80 27
80 26
79 25
79 24
78 23
78 22
77 21
77 20
76 19
75 18
75 17
74 16
74 15
73 14
73 13
72 12
72 11
71 10
71 9
70 8
70 8
71 7
72 6
73 5
73 5
73 4
73 4
73 3
73 3
74 4
74 4
75 5
75 5
76 6
76 7
76 7
77 8
77 8
77 9
77 10
77 10
77 11
77 12
77 12
77 13
77 14
77 14
76 15
75 16
75 16
75 17
74 18
74 19
74 19
73 20
72 20
71 21
71 21
70 22
69 23
69 23
68 24
68 25
68 25
67 25
67 25
66 25
66 25
67 25
67 25
68 25
68 25
69 24
70 23
70 23
71 22
72 22
72 22
73 21
74 21
75 20
76 20
76 20
77 19
78 19
79 18
79 18
80 17
81 17
82 16
82 16
83 16
84 15
85 15
85 15
86 14
87 14
87 14
88 13
88 13
89 13
89 13
88 14
87 14
86 15
85 16
84 16
83 17
82 18
81 19
80 19
79 20
78 21
77 21
76 22
76 22
75 23
75 24
74 25
74 25
74 25
74 24
74 24
75 24
76 24
76 24
77 24
78 24
78 24
79 23
79 23
80 23
81 23
81 23
82 23
83 23
83 23
83 24
83 24
83 25
83 25
82 26
82 27
82 27
81 28
81 29
81 29
80 30
79 31
79 31
78 32
77 32
77 32
76 33
76 34
76 34
75 35
74 35
74 35
73 36
73 37
73 37
72 38
71 38
71 38
70 39
70 39
70 39
71 39
71 39
72 39
73 39
73 39
74 39
75 38
76 38
76 38
77 38
78 37
79 37
80 36
81 36
81 36
82 35
83 35
84 34
85 34
85 34
86 34
87 33
88 33
89 32
90 32
90 32
91 32
92 31
93 31
94 31
94 31
95 30
96 30
96 30
97 29
98 29
98 29
99 28
99 28
99 28
100 27
100 27
99 26
99 26
99 25
99 24
99 24
98 23
97 23
97 23
96 22
96 21
96 21
95 20
94 20
94 20
93 20
92 20
92 20
91 20
91 20
90 21
89 21
89 21
89 22
89 22
88 23
88 24
88 24
88 25
88 26
88 27
88 27
88 28
88 29
88 30
88 30
88 31
89 32
89 33
89 34
89 34
89 35
89 36
90 37
90 38
90 39
90 39
90 40
90 41
91 42
91 43
91 44
91 45
91 45
91 46
91 47
91 48
91 49
91 50
91 51
91 51
91 52
91 53
91 54
91 55
91 56
91 56
91 57
91 58
90 59
90 60
90 61
90 62
90 62
90 63
90 64
90 65
90 66
90 66
89 67
89 68
88 69
88 69
88 70
87 71
87 72
