7 5
6 4
6 3
6 3
5 2
5 2
5 2
6 1
6 1
7 1
7 1
8 1
8 1
9 1
9 1
10 1
10 1
11 1
12 1
12 1
13 2
13 2
14 3
14 3
15 4
15 4
16 5
16 5
17 6
17 6
17 7
17 7
16 8
16 8
16 9
16 9
15 10
14 10
14 10
13 11
12 11
12 11
11 12
10 13
10 13
9 14
9 14
8 15
7 15
7 15
6 16
6 16
5 16
5 16
5 16
5 16
6 16
6 16
7 15
7 15
8 14
9 13
9 13
10 12
10 12
11 11
12 10
12 10
13 10
14 10
14 10
15 9
15 9
15 9
15 10
15 10
15 11
15 12
15 12
14 13
14 14
14 14
14 15
14 16
14 16
13 17
13 18
13 18
12 19
12 20
12 20
11 21
11 22
11 22
10 23
10 24
10 24
10 25
10 26
10 26
9 26
9 26
9 27
9 27
9 27
10 26
10 26
11 25
11 24
12 23
12 22
13 21
13 20
14 19
14 18
15 17
15 16
16 15
16 14
17 13
17 13
18 12
19 11
19 11
19 11
19 11
20 12
20 12
20 12
19 13
19 13
19 14
19 14
18 15
18 16
18 16
17 17
17 17
16 18
16 19
16 19
15 20
14 20
13 21
13 21
12 22
12 23
11 24
11 24
10 25
9 26
8 27
8 27
7 28
6 29
6 29
5 30
4 31
4 31
3 32
2 33
2 33
1 34
1 34
0 35
0 35
0 36
0 36
0 36
0 35
0 35
0 35
1 34
2 34
2 34
3 33
4 32
4 32
5 31
5 30
6 29
6 29
7 28
8 28
9 27
9 27
10 26
11 25
11 25
12 25
13 24
14 24
14 24
15 23
16 22
16 22
17 21
17 21
18 21
19 21
19 21
20 20
20 20
20 20
20 21
20 21
19 22
19 23
19 23
18 24
18 25
18 25
17 26
17 27
17 27
16 28
15 29
15 29
14 30
14 31
13 32
13 32
12 33
11 34
10 35
10 35
9 36
9 37
9 37
8 38
7 38
7 38
7 39
7 39
6 40
6 40
6 40
7 40
7 40
8 39
8 39
9 38
9 38
10 37
11 36
11 36
12 35
13 35
13 35
14 34
15 33
15 33
16 32
16 32
17 31
17 31
17 31
18 30
18 30
17 30
17 30
17 29
17 29
17 29
17 28
17 28
17 28
16 27
16 27
16 27
16 27
16 27
16 28
16 28
17 29
17 29
17 30
17 30
17 31
17 32
17 32
17 33
17 34
17 35
17 35
17 36
17 37
17 37
17 38
16 39
16 40
16 40
16 41
16 42
16 42
16 43
16 44
16 44
16 45
16 46
16 46
16 47
16 47
16 47
16 47
16 46
16 46
16 45
16 45
16 44
16 43
16 43
16 42
16 41
16 40
16 40
16 39
17 38
17 37
17 37
17 36
17 35
17 35
17 34
17 34
18 34
18 34
18 34
18 34
17 35
17 35
17 36
17 36
16 37
16 38
16 38
15 39
15 40
15 40
15 41
15 41
15 42
15 42
15 42
15 42
16 42
16 42
17 41
17 40
17 40
18 39
18 38
18 38
19 37
20 36
20 36
20 35
21 34
21 33
21 33
22 32
22 31
22 31
22 30
23 29
23 28
23 28
23 27
24 26
24 25
24 25
25 24
25 23
25 23
25 22
25 21
25 21
25 20
25 20
25 19
25 19
25 18
25 18
24 18
24 18
24 17
24 17
24 17
24 16
24 16
25 16
25 16
26 15
26 15
27 14
27 14
28 13
29 13
29 13
30 12
30 12
31 11
32 11
32 11
33 10
33 10
34 10
35 10
35 10
36 10
36 10
36 10
37 11
37 11
37 12
37 12
37 13
37 14
37 14
37 15
36 16
36 17
36 17
36 18
35 19
35 20
35 20
35 21
34 22
34 23
34 23
34 24
33 25
33 26
33 26
33 27
32 28
32 29
32 29
32 30
31 31
31 32
31 32
30 33
30 33
30 34
30 34
30 35
30 35
30 35
30 34
30 34
31 33
31 33
32 32
32 31
32 31
33 30
34 29
34 29
34 28
35 27
35 26
35 26
36 25
37 24
37 24
38 23
39 22
39 22
40 21
40 20
40 20
41 19
42 19
42 19
43 18
43 18
44 17
44 17
45 16
45 16
45 16
45 17
45 17
45 17
45 18
45 18
44 19
44 20
44 20
43 21
43 21
43 22
43 22
42 23
42 24
42 24
42 25
42 26
42 26
42 27
42 28
42 28
42 29
41 30
41 31
41 31
41 32
41 33
41 34
41 34
41 35
41 36
41 37
41 38
41 38
41 39
41 40
41 41
41 42
41 42
41 43
41 44
41 45
41 46
41 46
41 47
41 48
41 49
41 50
41 51
41 51
41 52
41 53
41 54
41 54
41 55
41 56
41 57
41 57
41 58
41 59
41 60
41 60
41 61
41 62
41 62
42 63
42 63
42 63
42 63
42 62
42 62
42 61
43 60
43 59
44 58
44 57
44 56
45 55
45 54
45 53
46 52
46 51
47 50
47 49
47 48
48 47
48 46
48 45
49 44
49 43
50 42
50 41
50 40
51 39
51 38
51 37
52 36
52 35
53 34
53 33
53 32
54 31
54 30
55 29
55 28
55 27
56 26
56 25
56 24
57 23
57 22
58 21
58 20
58 19
59 18
59 17
59 16
60 15
60 14
61 13
61 12
61 11
62 10
62 9
62 8
63 7
63 6
64 5
64 4
64 4
64 3
64 2
64 1
64 1
64 1
64 0
64 0
64 0
64 0
64 0
64 1
64 1
64 2
64 2
64 3
64 4
64 4
64 5
64 5
64 6
64 7
64 7
63 8
63 9
63 9
63 10
63 10
64 11
64 11
65 12
65 12
66 12
66 12
67 12
67 12
68 12
69 11
70 11
70 11
71 10
72 10
72 10
73 9
74 8
74 8
75 7
76 7
76 7
77 6
77 6
78 5
79 5
79 5
79 4
79 4
80 4
80 4
80 4
79 4
79 4
78 5
78 5
77 6
77 6
76 7
76 8
75 9
75 9
74 10
74 11
74 11
73 12
73 13
72 14
72 14
72 15
71 16
71 17
71 17
70 18
70 19
70 19
70 20
69 21
69 22
69 22
68 23
67 24
67 24
66 25
66 26
66 26
65 27
65 27
65 28
65 28
65 28
65 27
65 27
66 27
66 27
67 26
67 26
68 25
68 24
68 24
69 23
70 23
70 23
71 22
72 22
72 22
73 21
73 21
74 20
74 20
75 20
75 20
75 20
75 20
75 20
74 21
74 21
73 22
72 23
72 23
71 24
70 25
70 25
69 26
68 27
68 27
67 28
66 29
65 30
65 30
64 31
64 32
63 33
63 33
62 34
62 35
62 35
61 36
60 36
60 36
60 37
60 37
60 38
60 38
60 39
60 39
61 39
62 39
62 39
63 39
63 39
64 39
65 39
66 39
66 39
67 38
68 38
68 38
69 38
70 37
71 37
71 37
72 37
73 36
74 36
75 36
75 36
76 35
77 35
78 34
79 34
79 34
80 33
81 32
82 32
83 31
83 31
84 30
85 29
86 29
87 28
87 28
88 27
89 27
90 26
90 26
91 25
92 24
93 23
93 23
94 22
95 22
96 21
96 21
97 20
98 19
98 19
99 18
99 17
99 17
100 16
100 16
99 15
99 14
99 14
99 13
99 13
98 13
97 13
97 13
96 12
96 12
95 12
94 12
93 12
93 12
92 12
91 12
91 12
90 12
89 12
89 12
88 13
87 13
87 13
86 13
86 13
85 13
85 13
84 13
84 13
83 14
83 14
82 14
82 14
82 15
82 15
82 16
82 16
82 17
82 17
81 18
81 18
81 19
81 20
81 20
81 21
81 22
81 22
81 23
81 24
81 24
80 25
80 26
80 26
80 27
80 28
80 28
80 29
80 30
80 30
80 31
79 32
79 33
79 33
79 34
79 35
79 35
78 36
78 37
78 37
78 38
78 39
78 39
78 40
78 41
78 42
78 42
78 43
78 44
78 44
78 45
78 46
78 46
78 47
78 48
78 49
78 49
78 50
78 51
78 52
78 52
78 53
78 54
78 54
78 55
78 56
78 57
78 57
78 58
78 59
78 60
78 60
78 61
78 62
78 62
78 63
78 64
78 65
78 65
78 66
79 67
79 68
79 68
79 69
79 70
79 71
79 71
79 72
79 73
79 74
79 74
79 75
79 76
79 77
79 77
79 78
79 79
79 80
79 80
79 81
80 82
80 83
80 83
80 84
80 85
80 86
80 87
80 87
80 88
80 89
80 90
80 90
80 91
80 92
80 93
80 93
79 94
79 95
79 95
79 96
79 97
79 98
79 98
79 99
79 100
