3 8
4 7
5 7
6 6
7 6
7 6
8 5
8 5
8 4
8 4
8 5
8 5
9 5
10 5
10 5
11 6
11 6
12 6
13 6
14 6
14 6
15 6
16 7
17 7
17 7
18 7
18 7
17 8
16 9
15 10
15 11
14 12
13 13
12 14
11 15
10 16
10 17
9 18
8 19
7 20
7 20
8 20
8 20
7 20
7 20
8 19
8 19
9 19
9 19
10 19
11 19
11 19
12 20
13 20
13 20
14 21
14 21
14 22
14 23
14 23
13 24
13 25
13 25
12 26
12 27
12 27
12 28
11 29
11 30
11 30
10 31
9 32
9 32
8 33
8 34
8 34
7 35
7 35
7 36
7 36
8 35
9 34
9 33
10 32
11 31
11 31
12 30
13 29
14 28
14 27
15 26
16 25
16 25
17 24
18 23
18 23
19 22
19 21
19 21
20 20
20 20
20 21
20 21
20 22
20 22
19 23
19 24
19 24
18 25
18 26
17 27
17 27
16 28
16 29
15 30
15 30
14 31
13 32
12 33
11 34
11 34
10 35
9 36
9 37
8 38
8 38
7 39
6 40
5 41
4 42
4 42
3 43
3 44
2 45
2 45
1 46
0 46
0 46
0 47
0 47
0 47
1 46
2 46
2 46
3 45
4 44
4 44
5 43
6 42
7 41
7 41
8 40
9 39
10 38
10 38
11 37
12 36
13 35
14 34
14 34
15 33
16 33
17 32
17 32
18 31
19 31
20 30
20 30
21 29
21 29
20 30
20 31
19 32
18 33
18 34
17 35
17 36
16 37
16 37
15 38
14 39
13 40
12 41
12 42
11 43
10 44
9 45
9 45
8 46
7 47
6 48
5 49
5 49
4 50
3 51
2 52
2 52
1 53
1 54
0 55
0 55
0 56
0 56
0 56
1 56
1 56
2 55
3 54
3 54
4 53
5 52
6 51
6 51
7 50
8 49
9 48
9 48
10 47
11 46
12 46
13 45
13 45
14 44
15 43
16 42
16 42
17 41
18 40
19 39
19 39
20 38
20 37
21 36
21 36
22 35
23 35
23 35
24 34
24 33
24 33
24 33
23 32
23 32
22 32
22 32
21 33
21 33
20 34
20 34
19 35
19 36
19 36
18 37
18 38
18 38
18 39
18 40
18 41
18 41
18 42
17 43
17 44
17 44
17 45
17 46
17 47
17 47
17 48
18 49
18 50
18 51
18 51
18 52
18 53
18 54
18 54
18 55
18 56
18 57
18 57
18 58
18 59
18 60
18 60
18 61
18 62
18 62
18 63
18 64
18 64
18 65
18 65
18 66
18 66
18 66
17 66
17 66
17 65
17 65
17 64
17 63
17 62
17 62
17 61
16 60
16 59
16 59
16 58
16 57
16 57
16 56
16 55
16 55
15 54
15 54
14 53
14 53
14 54
14 54
13 54
12 54
12 54
11 55
11 55
10 56
10 56
9 57
8 58
8 58
7 59
7 59
6 60
6 60
6 61
6 61
7 62
7 62
8 61
9 60
9 60
10 59
11 58
11 58
12 57
13 56
14 56
15 55
15 55
16 54
17 53
18 52
18 52
19 51
19 50
20 49
20 48
20 48
21 47
22 46
22 45
23 44
23 44
24 43
25 42
25 41
26 40
26 40
27 39
28 38
28 37
29 36
29 36
30 35
30 34
31 33
31 32
32 31
32 31
33 30
33 29
34 28
34 27
34 27
34 26
35 25
35 24
35 23
35 23
36 22
36 21
36 21
36 21
36 22
36 22
36 23
36 23
36 24
35 25
35 26
35 26
35 27
35 28
35 29
35 30
35 30
35 31
34 32
34 33
34 33
34 34
33 35
33 36
33 37
33 37
33 38
32 39
32 40
32 40
32 41
31 42
31 43
31 44
31 44
30 45
30 46
29 47
29 47
29 48
28 49
28 50
28 50
27 51
27 52
27 52
26 52
26 52
26 52
26 51
26 51
27 50
27 49
27 49
28 48
29 48
30 47
30 47
31 46
32 45
33 44
33 44
34 43
35 42
36 42
37 41
37 41
38 40
39 40
40 39
40 39
41 38
42 38
43 37
44 37
44 37
45 36
46 36
47 35
47 35
48 35
49 34
50 34
50 34
51 33
52 32
52 32
53 31
54 31
54 31
54 31
54 31
53 31
53 31
52 32
52 32
51 33
51 33
50 34
49 34
49 34
48 35
48 36
48 36
47 37
47 38
47 38
47 39
46 40
46 41
46 41
46 42
46 43
46 44
46 45
46 45
46 46
46 47
46 48
46 49
46 50
46 50
46 51
46 52
46 53
46 54
46 55
46 56
46 56
46 57
46 58
46 59
47 60
47 61
47 62
47 63
47 63
47 64
47 65
47 66
47 67
47 68
47 69
47 70
47 71
47 72
47 72
47 73
47 74
47 75
48 76
48 77
48 78
48 79
48 80
48 80
48 81
48 82
48 83
48 84
48 85
48 86
48 86
48 87
48 88
48 89
48 90
48 91
48 91
48 92
48 93
48 94
48 95
48 95
48 96
48 97
48 98
48 98
48 99
48 100
48 100
48 99
49 98
49 97
49 96
49 95
50 94
50 93
50 92
50 91
51 90
51 89
51 88
51 87
52 86
52 85
52 84
52 83
53 82
53 81
53 80
53 79
54 78
54 77
54 76
54 75
55 74
55 73
55 72
55 71
56 70
56 69
56 68
56 67
57 66
57 65
57 64
57 63
58 62
58 61
58 60
58 59
59 58
59 57
59 56
59 55
60 54
60 53
60 52
60 51
61 50
61 49
61 48
61 47
62 46
62 45
62 44
62 43
63 42
63 41
63 40
63 39
64 38
64 37
64 36
64 35
65 34
65 33
65 32
65 31
66 30
66 29
66 28
66 27
67 26
67 25
67 24
67 23
68 22
68 21
68 20
68 19
69 18
69 17
69 16
69 15
70 14
70 13
70 12
70 11
71 10
71 9
71 8
71 7
72 6
72 5
72 4
72 4
73 3
73 2
73 2
72 1
71 1
71 1
71 0
71 0
72 1
72 1
73 2
73 2
73 3
74 4
74 5
74 5
74 6
74 7
74 7
74 8
74 9
74 9
73 10
73 11
73 11
73 12
72 13
72 14
72 14
71 15
71 16
71 16
71 17
70 18
70 19
70 19
69 20
69 21
68 22
68 22
68 23
67 24
67 25
67 25
67 26
66 27
66 28
66 28
65 28
65 28
66 27
67 27
68 26
69 26
69 26
70 25
71 24
71 24
72 23
73 23
74 22
74 22
75 21
76 20
76 20
77 19
78 19
79 18
79 18
80 17
81 17
82 16
82 16
83 16
84 15
85 15
85 15
86 14
87 14
87 14
88 13
88 13
88 14
88 14
87 15
86 16
85 17
84 18
83 19
82 19
81 20
80 21
79 22
78 23
77 24
77 24
76 25
75 26
74 27
73 28
72 29
72 29
71 30
70 30
70 30
70 31
70 31
70 31
71 31
71 31
72 30
72 30
73 30
74 30
74 30
75 30
76 30
76 30
77 30
77 30
78 30
78 30
78 31
78 31
78 32
78 33
78 33
78 34
78 35
78 35
77 36
76 37
76 37
75 38
74 39
74 39
73 40
72 41
71 42
71 42
70 43
70 44
70 44
69 45
69 46
68 47
68 47
67 48
67 48
67 49
67 49
68 48
68 48
69 48
70 48
70 48
71 47
72 47
73 46
73 46
74 45
75 44
76 44
77 43
77 43
78 42
79 42
80 41
81 41
82 40
82 40
83 39
84 39
85 38
86 38
87 37
87 37
88 36
89 36
90 35
91 35
91 35
92 34
93 34
94 33
95 33
95 33
96 32
97 31
97 31
98 30
99 30
99 30
100 29
100 29
100 28
100 27
100 27
99 26
99 26
98 25
98 24
98 24
97 23
96 22
96 22
95 21
94 21
94 21
93 20
92 20
92 20
91 20
90 20
90 20
89 21
89 21
88 22
88 22
88 23
87 24
87 25
87 25
87 26
87 27
87 28
87 28
87 29
87 30
87 31
87 32
87 32
87 33
87 34
88 35
88 36
88 37
88 37
88 38
88 39
88 40
88 41
88 42
88 43
88 43
88 44
88 45
89 46
89 47
89 48
89 49
89 49
89 50
89 51
89 52
90 53
90 54
90 55
90 56
90 57
90 57
90 58
91 59
91 60
91 61
91 62
92 63
92 64
92 64
92 65
92 66
92 67
93 68
93 69
93 70
93 71
93 72
93 72
93 73
93 74
93 75
93 76
93 77
93 78
93 78
93 79
93 80
93 81
93 82
93 83
