2 1
3 1
4 2
5 2
6 2
6 2
6 1
6 1
7 1
7 1
8 1
9 1
9 1
10 2
11 2
11 2
12 1
13 1
13 1
14 2
15 2
15 2
16 3
17 3
17 3
16 4
15 5
14 6
14 7
13 8
12 9
11 10
10 11
9 12
9 13
8 14
7 15
7 15
8 16
9 17
9 17
9 16
9 16
8 15
8 14
8 14
9 15
9 15
10 16
10 16
11 17
11 18
11 18
11 19
12 20
12 21
12 21
12 22
13 23
13 24
13 24
13 25
13 26
13 27
13 27
13 28
13 29
13 29
13 30
13 31
13 31
12 32
12 32
12 33
12 33
12 34
12 34
12 33
12 33
12 32
13 31
13 30
14 29
14 28
14 28
15 27
15 26
16 25
17 24
17 23
18 22
18 22
19 21
19 21
20 20
20 19
20 19
21 19
21 19
21 19
21 19
21 20
20 21
20 22
20 22
20 23
19 24
19 25
19 25
18 26
18 27
17 28
17 29
16 30
16 30
15 31
14 32
14 33
13 34
13 34
12 35
11 36
10 37
9 38
9 38
8 39
8 40
7 41
7 42
6 43
6 43
5 44
4 45
4 46
3 47
3 47
2 48
1 49
1 49
0 50
0 50
0 50
1 49
1 49
2 48
3 48
3 48
4 47
4 46
5 45
5 45
6 44
7 43
8 42
8 42
9 41
10 40
11 39
12 38
12 38
13 37
14 36
15 35
15 35
16 34
17 34
18 33
18 33
17 34
17 35
16 36
16 37
15 38
15 39
14 40
14 41
13 42
13 43
12 44
12 45
11 46
11 46
10 47
9 48
9 49
8 50
7 51
6 52
6 53
5 54
5 54
4 55
4 56
4 56
3 56
3 56
4 56
4 56
5 56
5 56
6 55
7 54
7 54
8 53
9 52
10 51
10 51
11 50
12 49
13 48
13 48
14 47
14 46
15 45
15 45
16 44
17 43
17 42
18 41
18 41
19 40
20 39
21 38
21 38
22 37
23 36
23 36
24 35
25 34
25 34
26 33
26 32
26 32
26 32
26 31
26 31
25 31
25 31
24 32
24 32
23 33
23 33
22 34
22 35
22 35
22 36
21 37
21 38
21 38
21 39
20 40
20 41
20 41
20 42
20 43
20 44
20 45
20 45
20 46
20 47
20 48
20 49
20 49
20 50
20 51
20 52
20 53
20 53
20 54
20 55
20 56
20 56
20 57
20 58
20 59
20 59
20 60
21 61
21 62
21 62
21 63
21 64
21 64
21 65
21 66
21 66
21 67
21 68
21 68
21 68
21 69
21 69
21 69
20 68
20 68
19 67
19 66
19 66
19 65
19 64
19 63
19 63
19 62
18 61
18 60
18 60
18 59
18 58
18 57
18 57
17 56
17 55
17 55
17 54
17 53
17 53
16 52
16 52
16 52
15 52
15 52
14 52
14 52
13 52
13 52
12 53
12 53
11 54
11 55
11 55
10 56
10 57
10 57
9 58
9 59
8 60
8 60
7 61
7 62
7 62
7 63
7 63
7 64
7 64
8 63
9 63
9 63
10 62
11 62
11 62
12 61
13 60
14 59
14 59
15 58
16 57
17 56
17 56
18 55
19 54
20 54
21 53
21 53
22 52
23 51
23 50
24 49
24 49
25 48
26 47
26 46
27 45
27 45
28 44
29 43
29 42
30 41
30 41
31 40
31 39
32 38
32 37
32 37
33 36
33 35
34 34
34 33
34 33
35 32
35 31
36 30
36 29
36 29
36 28
37 27
37 26
37 25
37 25
37 24
37 23
37 22
37 21
37 21
37 20
37 19
37 19
37 19
36 19
36 19
36 20
35 21
35 22
35 22
35 23
34 24
34 25
34 25
34 26
34 27
33 28
33 29
33 30
33 30
33 31
32 32
32 33
32 34
32 34
32 35
32 36
32 37
32 38
32 38
32 39
31 40
31 41
31 41
31 42
30 43
30 44
30 44
30 45
30 46
30 47
30 48
30 48
30 49
29 50
29 51
29 51
28 52
28 53
27 54
27 55
27 55
26 56
26 56
26 56
26 55
26 55
27 54
28 53
28 53
29 52
29 51
30 50
30 50
31 49
32 48
33 47
33 47
34 46
35 45
36 44
37 43
37 43
38 42
39 41
40 41
41 40
41 40
42 39
43 39
44 38
44 38
45 37
46 37
47 36
47 36
48 36
49 35
50 35
50 35
51 34
52 33
52 33
53 33
53 33
54 32
54 32
54 32
53 32
53 32
52 33
52 33
51 34
50 35
50 35
49 36
49 37
49 37
49 38
48 39
48 40
48 40
48 41
47 42
47 43
47 44
47 44
47 45
47 46
47 47
47 48
47 49
47 49
47 50
47 51
47 52
47 53
47 54
47 55
47 55
47 56
47 57
47 58
47 59
47 60
47 61
47 62
47 62
47 63
47 64
47 65
47 66
47 67
47 68
47 69
47 70
47 70
47 71
47 72
47 73
48 74
48 75
48 76
48 77
48 78
48 78
48 79
48 80
48 81
48 82
48 83
48 84
48 85
48 86
48 87
48 87
48 88
48 89
48 90
48 91
48 92
48 93
48 94
48 95
48 95
48 96
48 97
48 98
48 99
48 100
48 100
48 99
49 98
49 97
49 96
49 95
50 94
50 93
50 92
50 91
51 90
51 89
51 88
51 87
52 86
52 85
52 84
52 83
53 82
53 81
53 80
53 79
54 78
54 77
54 76
54 75
55 74
55 73
55 72
55 71
56 70
56 69
56 68
56 67
57 66
57 65
57 64
57 63
58 62
58 61
58 60
58 59
59 58
59 57
59 56
59 55
60 54
60 53
60 52
60 51
61 50
61 49
61 48
61 47
62 46
62 45
62 44
62 43
63 42
63 41
63 40
63 39
64 38
64 37
64 36
64 35
65 34
65 33
65 32
65 31
66 30
66 29
66 28
66 27
67 26
67 25
67 24
67 23
68 22
68 21
68 20
68 19
69 18
69 17
69 16
69 15
70 14
70 13
70 12
70 11
71 10
71 9
71 8
71 7
72 6
72 5
72 4
72 4
73 3
74 2
75 2
76 1
76 1
76 0
76 0
75 0
75 0
76 0
76 0
76 1
76 2
76 2
76 3
77 4
77 5
77 5
77 6
77 7
77 8
77 8
77 9
76 10
76 11
76 11
76 12
75 13
75 14
75 14
74 15
74 16
73 17
73 18
73 18
72 19
72 20
71 21
71 21
70 22
69 23
69 24
68 25
68 25
68 26
67 27
67 28
67 28
66 29
66 30
66 30
65 30
65 30
66 30
66 30
67 29
67 29
68 28
69 28
69 28
70 27
71 26
71 26
72 25
73 25
74 24
74 24
75 23
76 23
77 22
77 22
78 21
79 21
80 20
80 20
81 19
81 18
82 17
82 17
83 17
84 16
85 16
85 16
84 17
83 18
82 19
81 20
80 21
79 21
78 22
77 23
76 24
75 25
74 26
74 26
73 27
72 28
71 29
70 30
70 30
69 31
69 31
69 31
70 32
71 32
71 32
72 32
72 32
73 31
74 31
74 31
75 32
76 32
76 32
77 32
77 32
78 33
78 34
78 34
78 35
78 35
78 36
78 37
78 37
77 38
77 38
76 39
75 40
75 40
75 41
74 42
74 43
74 43
73 44
72 44
72 44
71 45
71 45
71 46
71 46
72 46
72 46
73 46
74 46
74 46
75 45
76 45
76 45
77 44
78 43
79 43
80 42
80 42
81 41
82 40
83 40
84 39
84 39
85 38
86 37
87 36
88 35
88 35
89 34
90 34
91 33
92 33
93 32
93 32
94 31
95 31
96 30
96 30
97 29
97 28
98 27
98 27
99 26
100 25
100 25
100 24
100 23
100 23
99 22
99 21
99 21
98 20
98 19
98 19
97 18
96 17
96 17
95 16
94 16
94 16
93 16
92 16
92 16
91 17
91 17
91 18
91 19
91 20
91 20
91 21
90 22
90 23
90 24
90 24
90 25
90 26
91 27
91 28
91 29
91 29
91 30
91 31
91 32
91 33
91 34
91 35
91 35
91 36
91 37
92 38
92 39
92 40
92 41
92 41
92 42
92 43
92 44
92 45
92 46
92 47
92 48
92 48
92 49
92 50
92 51
92 52
92 53
92 54
92 55
92 56
92 56
92 57
92 58
92 59
92 60
92 61
92 62
92 63
92 64
92 64
92 65
92 66
92 67
92 68
92 69
92 70
92 71
92 72
92 73
92 73
92 74
92 75
91 76
91 77
91 78
91 79
91 79
91 80
90 81
90 82
90 83
90 83
90 84
90 85
90 86
90 87
90 88
