4 10
4 10
4 10
4 10
4 10
4 9
4 8
4 8
5 7
5 7
6 6
7 6
8 5
8 5
9 4
10 4
10 4
11 3
12 3
12 3
13 3
14 3
14 3
15 3
16 3
16 3
17 4
18 5
18 5
19 6
19 7
19 7
19 8
19 9
19 10
19 10
19 11
19 12
19 13
19 13
19 14
19 15
19 16
19 17
19 17
19 18
18 19
18 20
18 21
18 21
17 22
16 22
15 23
14 23
13 24
12 25
11 25
10 26
9 27
8 27
7 28
6 28
5 29
4 30
3 30
2 31
1 31
0 32
0 32
0 32
0 32
0 32
0 32
0 32
0 32
0 32
0 32
0 32
0 32
0 32
0 32
0 33
0 34
0 34
1 35
1 35
2 36
2 36
3 37
3 37
4 38
5 39
5 39
6 40
7 40
7 40
8 41
9 42
9 42
10 43
10 43
11 43
12 43
12 43
12 43
12 43
12 43
12 43
12 43
12 43
12 42
12 41
12 41
12 40
12 39
12 39
12 38
12 37
12 36
12 36
12 35
13 34
13 33
13 32
13 32
13 31
14 30
14 29
14 29
14 28
14 27
15 26
15 25
15 24
15 24
16 23
16 22
17 21
17 20
17 20
18 19
18 18
19 17
19 16
20 15
20 15
21 14
22 13
22 12
23 11
23 11
24 10
25 9
25 8
26 7
27 6
27 6
28 5
29 4
30 3
30 3
31 2
32 2
33 1
33 1
34 1
34 1
35 0
35 0
35 1
35 1
35 1
35 2
35 2
34 3
34 4
34 4
34 5
33 6
33 7
33 7
33 8
32 9
32 10
32 10
32 11
31 12
31 13
31 14
31 14
30 15
30 16
29 17
29 18
29 18
29 19
29 20
28 21
28 22
28 23
28 23
28 24
27 25
27 26
27 27
27 27
27 28
27 29
27 30
27 31
27 31
26 32
26 33
26 33
26 34
25 35
25 36
25 36
25 37
25 37
25 38
25 38
26 38
26 38
27 37
27 37
28 36
29 35
29 35
30 34
31 33
31 33
31 32
32 31
32 30
32 30
33 29
34 29
34 29
35 28
36 27
36 27
37 27
38 27
38 27
39 26
39 26
40 25
40 25
41 25
42 25
42 25
42 25
43 26
43 26
43 27
43 28
43 28
43 29
43 30
42 31
42 32
42 33
42 33
42 34
41 35
41 36
41 37
40 38
40 39
40 39
40 40
39 41
39 42
39 43
39 44
38 45
38 46
38 46
38 47
37 48
37 49
37 50
37 51
36 52
36 53
36 54
36 54
36 55
36 56
35 57
35 58
35 59
35 60
35 61
34 62
34 63
34 64
34 64
34 65
34 66
33 67
33 68
33 69
33 70
33 71
32 72
32 73
32 74
32 74
32 75
32 76
32 77
31 78
31 79
31 80
31 81
31 82
31 82
31 83
31 84
31 85
30 86
30 87
30 88
30 89
30 90
30 90
30 91
30 92
29 93
29 94
29 95
29 95
29 96
29 97
29 98
29 98
30 99
30 100
30 100
30 99
30 98
30 97
30 96
29 95
29 94
29 93
29 92
29 91
29 90
29 89
29 88
28 87
28 86
28 85
28 84
28 83
28 82
28 81
28 80
27 79
27 78
27 77
27 76
27 75
27 74
27 73
27 72
26 71
26 70
26 69
26 68
26 67
26 67
27 66
27 65
28 64
28 63
29 62
29 61
30 60
30 60
30 59
30 58
30 57
30 57
30 56
31 55
31 54
31 54
32 53
33 52
33 52
34 51
35 50
35 50
36 49
37 48
37 48
38 47
39 46
39 46
40 46
41 45
42 45
42 45
43 45
44 44
45 44
46 44
46 44
47 44
48 43
49 43
49 43
50 43
51 43
52 42
53 42
54 42
54 42
55 42
56 41
57 41
58 41
58 41
59 41
60 40
61 40
62 39
63 39
63 39
64 38
65 38
66 37
67 37
68 36
68 36
69 35
70 35
71 34
72 34
73 33
73 33
74 32
75 32
76 31
77 31
78 30
79 30
79 30
80 29
81 28
82 28
83 27
83 27
84 26
85 25
86 25
87 24
87 24
88 23
89 23
90 22
91 22
91 22
92 21
93 21
94 20
94 20
95 19
96 19
96 19
97 18
98 18
98 18
98 17
98 17
99 17
99 17
99 16
99 16
99 16
99 15
99 15
99 15
98 16
97 16
96 17
95 17
94 18
93 19
92 19
91 20
90 20
89 21
88 22
87 22
86 23
85 23
84 24
83 25
82 25
81 26
80 26
79 27
78 28
77 28
76 29
75 29
74 30
73 31
72 31
71 32
70 32
69 33
68 34
67 34
66 35
65 35
64 36
63 37
62 37
61 38
60 38
59 39
58 39
57 40
56 41
55 41
54 42
53 42
52 43
51 44
50 44
49 45
48 45
47 46
46 47
45 47
44 48
43 48
42 49
41 50
40 50
39 51
38 51
37 52
36 53
35 53
34 54
33 54
32 55
31 56
30 56
29 57
28 57
27 58
27 58
27 58
27 58
27 58
27 58
27 58
27 58
27 58
27 58
27 58
27 58
27 58
28 59
29 59
30 60
30 60
31 61
32 61
33 62
33 62
34 63
35 64
35 65
36 66
36 66
37 67
38 67
39 68
40 69
41 69
42 70
42 70
43 71
44 72
45 72
46 73
47 74
47 74
48 74
49 75
50 75
51 75
51 75
52 75
53 75
54 75
55 75
56 75
56 75
57 75
58 74
59 74
60 74
60 74
61 73
62 73
63 72
63 72
64 71
64 70
64 70
64 69
64 69
63 69
62 70
61 70
60 70
59 71
58 71
57 72
56 72
55 72
54 73
53 73
52 73
51 74
50 74
50 74
49 74
48 74
47 74
46 74
45 74
44 74
43 74
43 74
42 74
41 74
40 74
39 74
39 74
38 74
37 74
36 74
36 74
35 73
34 73
34 73
33 72
33 72
33 71
33 70
33 70
34 69
34 68
34 68
35 67
35 66
36 65
36 64
36 64
37 63
37 62
38 61
38 61
39 60
40 59
41 58
41 58
42 57
43 56
43 55
44 54
44 54
45 53
46 53
47 52
47 52
48 51
49 50
49 50
50 49
51 49
51 49
52 49
52 49
53 49
53 49
53 50
53 51
53 52
53 52
53 53
53 54
53 55
53 56
53 56
53 57
52 58
52 59
52 60
52 60
52 61
52 62
51 63
51 64
51 65
51 65
51 66
51 67
50 68
50 69
50 70
50 70
50 71
49 72
49 73
49 74
49 74
49 75
49 76
49 77
49 78
49 78
49 79
49 80
49 80
49 81
49 81
49 82
49 82
50 82
50 82
51 81
51 81
52 80
52 80
52 79
53 78
53 77
53 77
54 76
54 75
55 74
55 73
55 73
55 72
56 71
56 70
57 69
57 68
57 68
57 67
58 66
58 65
59 64
59 63
59 63
60 62
61 61
62 60
62 60
63 59
64 58
64 58
65 58
66 59
67 59
67 59
68 60
69 61
69 61
70 62
70 63
71 64
71 64
72 65
72 66
73 67
73 68
73 68
74 69
75 70
75 70
76 71
76 72
76 72
77 73
78 73
78 73
79 72
80 72
80 72
81 71
81 71
82 70
82 69
83 68
83 68
83 67
84 66
84 65
84 65
85 64
85 63
85 63
85 62
86 61
86 60
86 60
86 59
86 58
86 58
86 57
87 56
87 55
87 55
87 54
87 53
87 52
