2 8
2 8
2 7
2 6
2 5
2 5
2 5
2 4
2 4
3 3
3 3
4 2
4 2
5 1
5 1
6 1
6 1
7 0
8 0
8 0
9 0
9 0
10 1
11 1
11 1
12 2
12 2
13 3
13 3
14 4
14 4
14 5
14 6
14 7
14 7
14 8
13 9
13 10
13 10
13 11
12 12
12 13
12 13
12 14
11 15
11 16
11 16
10 16
9 17
8 17
7 17
6 18
5 18
4 19
3 19
2 19
1 20
0 20
0 20
0 20
0 20
0 20
0 20
0 20
1 21
2 21
2 21
3 22
3 23
3 23
4 24
5 25
5 25
6 26
7 27
7 27
8 28
8 29
8 29
9 30
9 31
9 31
10 32
10 33
10 33
11 34
11 34
11 35
11 35
11 36
11 36
11 37
11 37
11 37
10 37
10 37
10 36
10 36
10 36
9 35
9 35
9 34
9 34
10 34
10 34
10 33
10 32
10 32
11 31
11 31
11 30
12 29
12 28
12 28
12 27
13 26
13 25
13 25
13 24
14 23
14 22
14 22
15 21
15 20
16 19
16 18
16 18
17 17
17 16
18 15
18 15
19 14
19 13
20 12
20 12
21 11
21 10
22 9
22 9
23 8
23 8
24 7
25 6
25 6
26 6
26 6
27 5
27 5
27 5
28 5
28 5
29 5
29 5
29 5
29 5
29 6
28 7
28 8
28 8
28 9
28 10
27 11
27 12
27 13
27 13
27 14
26 15
26 16
26 17
26 17
26 18
25 19
25 20
25 21
25 21
24 22
24 23
23 24
23 25
22 26
21 27
21 28
20 29
19 30
19 31
18 32
18 33
17 34
17 34
17 34
17 34
17 34
17 35
17 36
17 37
17 38
17 38
17 39
17 40
17 40
16 41
16 42
16 42
16 43
16 43
17 43
17 43
17 43
18 42
18 42
19 42
19 42
20 41
20 40
20 40
21 39
21 39
22 38
22 37
22 37
23 36
23 35
23 35
24 34
24 33
24 33
25 32
25 31
26 30
26 30
27 29
27 28
27 28
28 27
28 27
29 26
29 26
30 25
30 25
30 25
31 25
31 25
31 25
30 26
30 26
30 27
30 28
30 28
30 29
30 30
30 31
30 31
30 32
29 33
29 34
29 35
29 35
29 36
29 37
28 38
28 39
28 40
28 40
28 41
28 42
28 43
27 44
27 45
27 46
27 47
27 47
27 48
27 49
26 50
26 51
26 52
26 53
26 53
26 54
26 55
26 56
25 57
25 58
25 59
25 60
25 60
25 61
25 62
25 63
24 64
24 65
24 66
24 67
24 67
24 68
24 69
24 70
24 71
24 72
24 73
24 74
24 74
24 75
24 76
23 77
23 78
23 79
23 80
23 80
23 81
23 82
22 83
22 84
22 85
22 85
22 86
21 87
21 88
21 89
21 89
21 90
21 91
21 92
21 92
21 93
20 94
20 95
20 95
20 96
20 97
20 97
20 98
20 99
20 99
20 100
20 100
21 100
21 100
21 99
21 98
21 97
22 96
22 95
22 94
22 93
22 92
22 91
23 90
23 89
23 88
23 87
23 86
23 85
24 84
24 83
24 82
24 81
24 80
24 79
25 78
25 77
25 76
25 75
25 74
25 73
26 72
26 71
26 70
26 69
26 68
26 67
27 66
27 65
27 64
27 63
27 62
27 61
28 60
28 59
28 58
28 57
28 56
28 55
29 54
29 53
29 52
29 51
29 50
29 49
30 48
30 47
30 46
30 45
30 45
31 44
32 44
33 43
34 43
35 42
35 42
36 42
37 41
38 41
38 41
39 41
40 41
41 41
41 41
42 41
43 40
44 40
44 40
45 40
46 40
47 40
48 40
49 40
49 40
50 40
51 40
52 41
53 41
54 41
54 41
55 41
56 41
57 42
58 42
59 42
60 42
60 42
61 42
62 42
63 42
64 42
65 42
66 42
67 42
67 42
68 42
69 42
70 42
71 42
72 42
72 42
73 42
74 42
75 42
76 42
77 42
77 42
78 42
79 42
80 42
81 42
82 42
82 42
83 42
84 42
85 42
86 42
86 42
87 42
88 42
89 42
90 42
90 42
91 42
92 41
93 41
93 41
94 40
95 40
95 40
96 40
97 39
98 39
98 39
99 38
100 38
100 38
99 38
98 39
97 39
96 40
95 40
94 40
93 41
92 41
91 42
90 42
89 42
88 43
87 43
86 44
85 44
84 44
83 45
82 45
81 46
80 46
79 46
78 47
77 47
76 48
75 48
74 48
73 49
72 49
71 50
70 50
69 50
68 51
67 51
66 52
65 52
64 52
63 53
62 53
61 54
60 54
59 54
58 55
57 55
56 55
55 56
54 56
53 57
52 57
51 57
50 58
49 58
48 59
47 59
46 59
45 60
44 60
43 61
42 61
41 61
40 62
39 62
38 63
37 63
36 63
35 64
34 64
33 65
32 65
31 65
30 66
29 66
28 67
27 67
26 67
25 68
24 68
23 69
22 69
22 69
22 69
22 69
23 70
24 70
24 70
25 70
26 70
26 70
27 71
28 71
28 71
29 72
29 73
30 74
30 74
31 75
32 76
32 76
33 77
34 78
34 79
35 80
35 80
36 81
37 82
37 82
38 83
39 84
39 84
40 85
41 86
41 86
41 85
41 84
41 83
41 82
41 82
41 81
41 80
41 79
41 78
41 78
41 77
41 76
41 76
41 75
41 74
41 73
41 73
41 72
42 71
42 70
42 70
42 69
43 68
43 67
43 66
43 66
44 65
45 64
45 64
46 63
46 62
46 62
47 61
48 61
48 61
49 60
49 60
50 60
50 60
50 60
50 61
50 61
50 62
50 62
50 63
50 63
50 64
50 65
50 65
50 66
49 67
49 68
49 68
49 69
49 70
49 71
49 71
49 72
48 73
48 74
48 75
48 75
48 76
47 77
47 78
47 78
47 79
47 80
47 81
47 81
47 82
47 83
47 83
47 84
47 84
47 84
47 84
48 83
48 83
49 82
49 81
49 81
50 80
50 79
50 79
51 78
51 77
51 77
52 77
53 77
53 77
54 77
54 77
55 78
56 78
56 78
57 79
58 79
58 79
59 79
60 79
60 79
61 78
61 78
61 77
61 76
