8 4
8 4
8 4
9 3
9 2
9 2
10 1
10 1
11 0
12 0
12 0
13 1
13 1
14 1
15 1
15 1
16 2
17 3
17 3
18 4
19 4
19 4
20 5
21 6
21 6
22 7
22 8
22 8
23 9
23 9
23 10
23 11
23 11
23 12
23 13
23 14
23 14
23 15
22 16
22 17
22 17
21 18
21 19
20 20
20 20
19 20
18 21
17 21
16 22
15 22
14 22
13 23
12 23
11 24
10 24
9 24
8 25
7 25
6 26
5 26
4 26
3 27
2 27
1 28
0 28
0 28
0 28
0 28
1 27
2 27
2 27
3 27
3 27
4 27
4 27
5 28
6 28
6 28
7 29
8 29
8 29
9 30
9 31
9 31
10 32
10 33
10 33
11 34
11 35
11 35
12 36
12 37
12 37
12 38
12 39
12 39
12 40
12 40
13 40
13 40
13 40
13 40
14 40
14 40
14 40
14 39
14 39
14 38
14 38
15 37
15 36
15 36
16 35
16 34
16 34
17 33
17 32
17 32
18 31
18 30
19 29
19 28
19 28
20 27
20 26
21 25
21 25
22 24
23 23
23 22
24 21
24 21
25 20
25 19
26 18
26 17
26 17
27 16
27 15
28 14
28 14
29 13
29 12
29 12
30 12
30 12
31 12
31 12
32 12
32 12
32 12
32 13
32 13
32 14
32 14
32 15
32 16
32 16
32 17
32 18
32 18
31 19
31 20
31 20
30 21
30 22
30 22
29 23
29 24
29 24
29 25
29 25
28 26
28 27
28 27
27 28
27 29
27 29
27 30
27 31
27 31
26 32
26 33
26 33
26 34
25 35
25 36
25 36
25 37
25 38
25 38
24 39
24 39
24 40
24 41
24 41
23 41
23 41
23 42
23 42
24 42
24 42
24 42
24 42
24 41
24 41
25 40
25 40
26 39
26 38
26 38
27 37
27 36
28 35
28 35
28 34
29 33
29 32
29 31
29 31
30 30
30 29
30 29
31 28
31 27
31 27
32 26
32 26
33 25
33 25
33 25
34 25
34 25
34 26
34 26
34 27
34 27
34 28
34 28
34 29
34 30
34 31
34 31
34 32
34 33
34 34
34 34
34 35
34 36
33 37
33 38
33 39
33 39
33 40
33 41
32 42
32 43
32 44
32 45
32 45
32 46
32 47
32 48
31 49
31 50
31 51
31 52
31 53
31 53
31 54
31 55
31 56
31 57
31 58
31 59
31 60
31 61
31 62
31 62
31 63
31 64
31 65
32 66
32 67
32 68
32 69
32 70
32 70
32 71
32 72
32 73
31 74
31 75
31 76
31 77
31 77
31 78
31 79
31 80
31 81
31 82
31 83
31 84
31 84
31 85
31 86
30 87
30 88
30 89
30 89
30 90
29 91
29 92
29 93
29 93
29 94
28 95
28 96
28 96
28 97
27 98
27 99
27 99
27 100
27 100
27 99
27 98
27 97
27 96
27 95
27 94
27 93
27 92
27 91
27 90
27 89
27 88
27 87
27 86
27 85
27 84
27 83
27 82
27 81
27 80
27 79
28 78
28 77
28 76
28 75
28 74
28 73
28 72
28 71
28 70
28 69
28 68
28 67
28 66
28 65
28 64
28 63
28 62
28 61
28 60
28 59
28 58
28 57
28 57
29 56
30 55
31 54
31 53
32 52
33 51
34 50
34 50
35 49
36 49
37 48
37 48
38 47
39 46
39 46
40 46
41 46
42 46
42 46
43 46
44 45
45 45
46 45
46 45
47 45
48 45
49 45
50 45
50 45
51 45
52 45
53 45
54 45
55 45
55 45
56 45
57 45
58 46
59 46
60 46
61 46
61 46
62 46
63 46
64 46
65 46
66 46
66 46
67 46
68 46
69 46
70 47
71 47
72 47
73 47
73 47
74 47
75 47
76 47
77 48
78 48
79 48
80 48
80 48
81 48
82 48
83 48
84 49
85 49
86 49
87 49
87 49
88 49
89 49
90 50
91 50
92 50
92 50
93 50
94 50
95 50
95 50
96 50
97 50
98 50
98 50
99 50
99 50
100 50
100 50
100 50
99 50
99 50
98 49
98 49
97 49
96 50
95 50
94 50
93 50
92 51
91 51
90 51
89 51
88 52
87 52
86 52
85 53
84 53
83 53
82 53
81 54
80 54
79 54
78 55
77 55
76 55
75 55
74 56
73 56
72 56
71 56
70 57
69 57
68 57
67 58
66 58
65 58
64 58
63 59
62 59
61 59
60 60
59 60
58 60
57 60
56 61
55 61
54 61
53 61
52 62
51 62
50 62
49 63
48 63
47 63
46 63
45 64
44 64
43 64
42 65
41 65
40 65
39 65
38 66
37 66
36 66
35 66
34 67
33 67
32 67
31 68
30 68
29 68
28 68
27 69
26 69
25 69
24 70
23 70
22 70
21 70
20 71
19 71
18 71
17 71
16 72
15 72
15 72
15 72
15 72
16 72
17 73
18 73
18 73
19 73
20 74
21 74
21 74
22 74
23 75
24 75
24 75
25 75
26 75
27 75
27 75
28 75
29 76
30 76
30 76
31 77
32 77
32 77
33 78
34 78
34 78
35 79
36 79
36 79
37 80
37 80
37 81
37 81
38 81
38 81
39 81
39 81
40 80
40 80
41 79
41 78
41 78
41 77
42 76
42 75
42 74
42 74
43 73
43 72
44 71
44 70
44 70
44 69
45 68
45 67
46 66
46 65
46 65
46 64
46 63
47 62
47 61
47 60
47 60
48 59
48 58
49 57
49 57
50 56
50 55
50 55
51 54
51 54
52 54
52 54
52 54
52 55
52 56
52 56
52 57
51 58
51 59
51 59
51 60
51 61
50 62
50 63
50 64
50 65
50 65
50 66
50 67
49 68
49 69
49 70
49 71
49 71
49 72
49 73
48 74
48 75
48 76
48 76
48 77
47 78
47 79
47 80
47 80
47 81
47 82
47 82
47 83
47 84
47 84
48 84
48 84
49 83
49 83
49 82
50 81
50 80
50 80
51 79
51 78
52 77
52 76
52 76
52 75
53 74
53 73
54 72
54 71
54 71
55 70
55 69
56 68
56 68
57 67
57 66
58 65
58 65
59 64
59 64
60 63
60 63
61 63
61 63
62 63
62 63
63 64
64 65
64 65
65 66
65 67
66 68
66 68
67 69
68 69
69 70
69 70
70 70
71 71
72 71
72 71
73 71
74 70
75 70
75 70
76 69
76 69
76 68
77 67
77 66
77 66
77 65
78 64
78 63
