4 8
4 8
4 8
4 8
4 8
4 7
5 6
5 5
5 5
6 4
6 3
7 2
7 2
8 1
9 1
9 1
10 1
11 1
11 1
12 0
12 0
13 1
14 1
14 1
15 1
16 1
16 1
17 2
17 2
17 3
17 4
17 4
17 5
17 6
17 7
17 7
16 8
16 9
15 10
14 11
13 12
13 13
12 14
11 15
11 16
10 17
9 18
8 19
8 20
7 21
6 22
6 23
5 24
4 25
4 26
3 27
2 28
1 29
1 30
0 31
0 31
0 30
0 29
0 29
0 28
0 28
0 27
0 27
0 26
0 26
1 25
1 25
1 25
2 25
2 25
3 25
3 25
4 26
4 27
4 27
5 28
5 29
5 29
6 30
6 31
7 32
7 32
7 33
8 34
8 35
8 35
9 36
10 37
10 37
10 38
10 39
10 40
10 40
11 41
11 42
11 42
11 43
11 43
11 44
11 44
11 45
11 45
11 45
11 45
12 44
12 43
12 43
12 42
13 41
13 40
13 39
13 39
14 38
14 37
15 36
15 35
16 34
16 34
16 33
17 32
17 31
17 30
18 29
18 28
18 28
18 27
18 26
19 25
19 24
19 23
19 23
20 22
20 21
21 20
21 20
21 19
22 18
22 17
22 17
23 16
23 16
24 15
24 14
24 14
25 13
25 13
26 13
26 13
27 13
27 13
27 13
27 14
27 14
27 15
27 15
27 16
26 17
26 18
26 18
26 19
25 20
25 21
25 21
25 22
24 23
24 24
24 24
24 25
23 26
23 27
23 28
23 28
23 29
23 30
23 31
23 31
23 32
22 33
22 34
22 34
22 35
22 36
22 37
22 37
22 38
22 39
22 39
22 40
22 40
22 40
22 40
23 39
23 39
23 39
24 38
24 37
25 36
25 36
26 35
27 34
27 34
27 33
28 32
28 31
28 31
29 30
29 29
30 28
30 28
31 27
32 26
32 26
33 25
33 25
34 24
34 24
34 23
34 23
35 23
35 23
35 23
35 23
35 24
35 24
35 25
35 26
35 27
35 27
35 28
35 29
34 30
34 31
34 32
34 32
34 33
34 34
33 35
33 36
33 37
33 38
33 38
33 39
33 40
33 41
32 42
32 43
32 44
32 45
32 45
32 46
31 47
31 48
31 49
31 50
30 51
30 52
30 53
30 53
30 54
30 55
30 56
30 57
29 58
29 59
29 60
29 61
29 62
29 63
29 63
29 64
29 65
29 66
29 67
29 68
29 69
29 70
29 71
29 72
29 73
29 73
29 74
29 75
29 76
29 77
29 78
29 79
29 80
29 81
29 82
29 82
29 83
29 84
29 85
29 86
29 87
29 88
29 89
29 89
29 90
29 91
28 92
28 93
28 94
28 94
28 95
28 96
28 97
28 97
27 98
27 99
27 99
27 100
27 100
27 100
27 99
27 98
27 97
27 96
27 95
27 94
27 93
27 92
27 91
27 90
27 89
27 88
27 87
27 86
27 85
27 84
27 83
27 82
27 81
27 80
27 79
27 78
27 77
27 76
27 75
27 74
27 73
27 72
27 71
27 70
27 69
27 68
27 67
27 66
27 65
27 64
27 63
27 62
27 61
27 60
27 59
27 58
27 58
28 57
29 56
30 55
30 54
31 53
32 52
33 51
33 51
34 50
35 50
36 49
36 49
37 48
38 48
39 47
39 47
40 47
41 46
42 46
43 45
44 45
44 45
45 45
46 44
47 44
48 43
49 43
49 43
50 43
51 43
52 42
53 42
54 42
55 42
55 42
56 42
57 42
58 42
59 42
60 42
61 42
61 42
62 42
63 42
64 42
65 41
66 41
67 41
68 41
68 41
69 41
70 41
71 41
72 41
73 41
74 41
75 41
75 41
76 41
77 41
78 42
79 42
80 42
81 42
81 42
82 42
83 42
84 42
85 42
86 42
86 42
87 42
88 42
89 42
90 42
90 42
91 42
92 42
93 42
94 42
94 42
95 41
96 41
96 41
97 41
98 41
99 41
99 41
100 41
100 41
100 41
99 41
99 41
98 42
97 42
97 42
96 42
95 43
94 43
93 43
92 44
91 44
90 45
89 45
88 45
87 46
86 46
85 46
84 47
83 47
82 48
81 48
80 48
79 49
78 49
77 49
76 50
75 50
74 51
73 51
72 51
71 52
70 52
69 52
68 53
67 53
66 54
65 54
64 54
63 55
62 55
61 55
60 56
59 56
58 57
57 57
56 57
55 58
54 58
53 58
52 59
51 59
50 59
49 60
48 60
47 61
46 61
45 61
44 62
43 62
42 62
41 63
40 63
39 64
38 64
37 64
36 65
35 65
34 65
33 66
32 66
31 67
30 67
29 67
28 68
27 68
26 68
25 69
24 69
23 70
22 70
21 70
20 71
19 71
19 71
20 71
21 71
21 71
21 70
21 70
22 69
22 69
23 70
24 70
24 70
25 71
26 71
26 71
27 72
28 73
28 73
29 74
30 74
31 75
32 75
32 75
33 76
34 77
35 78
35 78
36 79
37 79
38 80
39 80
39 80
40 80
41 81
42 81
42 81
43 81
44 81
44 81
45 82
46 82
46 82
46 82
46 82
46 82
45 81
45 81
45 80
45 79
45 79
45 78
46 77
46 76
46 75
46 75
46 74
46 73
47 72
47 71
47 70
47 70
47 69
48 68
48 67
49 66
49 65
49 65
49 64
50 63
50 62
51 61
51 60
51 60
52 59
52 58
53 57
53 57
54 56
55 55
55 55
56 54
56 54
56 53
56 53
56 54
56 54
55 55
55 55
55 56
55 57
55 58
55 58
55 59
54 60
54 61
54 62
54 62
54 63
54 64
54 65
54 66
54 67
54 67
54 68
54 69
53 70
53 71
53 72
53 72
53 73
53 74
52 75
52 76
52 77
52 78
52 78
52 79
52 80
52 80
52 81
52 81
52 80
52 80
52 79
52 79
52 78
52 77
52 76
52 76
52 75
53 74
53 73
53 72
53 72
54 71
54 70
55 69
55 69
55 68
56 67
56 66
56 66
57 65
58 65
58 65
59 64
59 64
59 64
60 65
60 65
61 66
62 66
62 66
63 67
63 67
64 67
65 67
65 67
66 67
66 67
67 66
68 66
68 66
69 65
69 65
70 64
71 63
