8 23
8 23
8 23
7 22
7 21
7 21
7 20
7 20
7 19
7 18
7 18
7 17
7 17
8 16
8 15
8 15
9 14
9 13
9 13
10 12
10 11
11 10
11 10
12 9
13 8
13 8
14 7
14 6
15 5
15 5
16 4
17 3
17 3
18 2
19 1
19 1
20 1
20 1
21 0
22 0
22 0
22 1
22 1
23 2
23 2
23 3
23 4
23 5
23 5
23 6
23 7
23 8
23 9
23 9
23 10
23 11
23 12
22 13
22 14
22 15
22 16
22 16
22 17
22 18
21 19
21 20
21 21
21 21
20 22
20 23
20 23
19 24
19 25
19 25
18 26
18 26
17 26
17 26
17 27
17 27
16 27
16 27
15 28
15 28
15 29
15 29
14 29
13 30
12 30
11 31
10 31
9 31
8 32
7 32
6 32
5 33
4 33
3 34
2 34
2 34
2 34
1 34
0 34
0 34
0 33
0 33
0 33
0 34
0 34
0 34
1 35
1 35
2 35
2 35
3 36
3 37
3 37
4 38
4 38
5 39
6 40
6 40
7 41
7 42
7 42
8 43
9 44
9 44
10 45
10 45
11 46
12 47
12 47
12 48
12 48
13 48
13 48
14 48
14 48
14 48
14 48
15 48
15 48
15 47
15 47
15 47
14 46
14 46
14 45
14 45
14 44
14 44
15 43
15 43
15 42
16 41
16 40
16 40
17 39
17 38
17 38
18 37
18 36
19 35
19 35
20 34
20 33
21 32
21 32
22 31
22 30
22 30
23 29
24 28
24 28
25 27
26 26
26 26
27 25
28 24
28 24
29 23
30 22
30 22
31 21
32 21
32 21
33 21
33 21
34 20
34 20
35 20
35 20
35 20
35 20
35 20
35 20
35 20
34 21
34 21
33 22
33 22
33 23
33 24
33 24
33 25
32 26
32 27
32 27
31 28
30 29
30 29
30 30
29 31
29 32
29 33
29 33
29 34
28 35
28 36
28 36
27 37
27 38
27 38
27 39
27 40
27 40
26 41
26 42
26 42
26 43
26 44
26 45
26 45
26 46
26 47
26 47
25 48
25 48
25 49
25 49
26 50
26 50
26 50
26 50
27 50
27 50
27 49
27 49
28 49
28 49
29 48
29 47
29 47
30 46
30 46
31 45
31 44
31 44
32 43
33 42
33 42
34 41
34 41
35 40
35 39
35 39
36 38
36 38
37 37
37 37
38 37
38 37
38 36
38 36
39 36
39 36
39 36
39 36
39 36
39 36
39 36
39 36
39 37
39 37
39 37
38 38
38 38
38 39
38 39
38 40
38 40
38 41
38 41
38 42
38 42
38 43
38 43
38 44
38 44
37 45
37 45
37 46
37 47
37 47
37 48
36 49
36 50
36 50
36 51
35 52
35 53
35 53
34 54
34 55
33 56
33 56
33 57
33 58
32 59
32 60
32 61
32 61
32 62
31 63
31 64
31 65
30 66
30 67
30 67
30 68
29 69
29 70
28 71
28 72
27 73
27 74
27 74
27 75
26 76
26 77
26 78
26 79
25 80
25 81
25 81
25 82
24 83
24 84
23 85
23 86
23 87
22 88
22 89
22 89
21 90
21 91
20 92
20 93
19 94
19 94
19 95
18 96
18 97
18 98
18 98
17 99
17 100
17 100
17 100
17 100
17 100
18 100
18 100
19 99
19 99
20 98
20 98
21 97
21 97
22 96
22 95
22 95
23 94
23 93
23 93
23 92
24 91
24 90
24 89
24 89
24 88
25 87
25 86
25 85
25 85
25 84
25 83
26 82
26 81
26 80
26 80
26 79
26 78
26 77
27 76
27 75
27 74
27 73
27 72
27 71
28 70
28 69
28 68
28 67
28 67
28 66
29 65
29 64
30 63
30 62
31 61
31 60
32 59
32 58
32 58
32 57
33 56
33 55
33 55
34 54
34 54
35 53
35 52
35 52
36 51
36 51
37 50
37 50
38 50
38 50
39 49
39 49
40 49
40 49
40 49
40 49
41 50
41 50
42 50
42 50
43 51
44 51
44 51
45 52
46 52
46 52
47 53
48 53
49 54
50 54
50 54
51 54
52 55
53 55
54 55
55 56
56 56
56 56
57 56
58 57
59 57
60 58
61 58
61 58
62 58
63 59
64 59
65 59
66 60
67 60
67 60
68 60
69 60
70 61
71 61
72 61
73 61
73 61
74 61
75 61
76 60
77 60
78 60
78 60
79 60
80 59
81 59
82 59
82 59
83 59
84 58
85 58
86 58
86 58
87 57
88 57
89 56
90 56
90 56
91 55
92 55
93 54
93 54
94 53
95 53
96 52
96 52
97 51
98 51
98 51
99 50
99 50
100 50
100 50
99 50
99 50
98 49
98 49
97 49
97 49
96 48
95 48
95 48
94 48
93 48
92 48
92 48
91 48
90 49
89 49
88 49
87 50
86 50
85 50
84 51
83 51
82 51
81 52
80 52
79 52
78 53
77 53
76 53
75 54
74 54
73 54
72 55
71 55
70 55
69 56
68 56
67 56
66 57
65 57
64 57
63 58
62 58
61 58
60 58
59 59
58 59
57 59
56 60
55 60
54 60
53 61
52 61
51 61
50 62
49 62
48 62
47 63
46 63
45 63
44 64
43 64
42 64
41 65
40 65
39 65
38 66
37 66
36 66
35 67
34 67
33 67
32 68
31 68
31 68
30 68
29 69
28 69
28 69
27 70
27 70
27 70
27 70
27 70
28 69
28 69
29 69
29 69
30 69
31 69
31 69
32 69
33 69
33 69
34 70
35 70
35 70
36 70
37 71
38 71
38 71
39 71
40 72
41 72
41 72
42 73
43 73
44 74
44 74
45 74
46 75
47 75
47 75
48 76
49 77
49 77
50 78
51 78
51 78
52 78
52 78
52 79
52 79
52 79
52 79
52 79
51 79
51 79
50 79
50 79
49 79
48 79
48 79
47 78
47 78
46 77
46 77
45 76
45 76
45 75
44 74
44 73
44 73
44 72
43 71
43 70
43 70
43 69
43 68
43 67
43 67
43 66
43 65
43 65
43 64
43 63
43 63
43 62
43 62
44 61
45 61
45 61
46 60
46 60
47 60
48 60
49 60
49 60
50 60
51 60
51 60
52 60
53 60
53 60
54 60
55 60
55 60
55 61
55 61
56 61
56 61
56 62
56 63
56 63
55 64
55 65
55 65
55 66
55 67
55 68
55 68
54 69
54 70
54 70
54 71
54 72
54 72
54 73
54 74
54 74
54 75
53 76
53 77
53 77
52 78
52 79
52 79
52 80
52 80
52 81
52 81
52 81
52 81
53 81
53 81
54 80
55 80
55 80
56 79
57 78
57 78
58 77
59 76
59 76
60 75
61 75
62 74
62 74
63 73
64 73
64 73
65 73
66 72
67 72
67 72
68 72
69 72
69 72
70 71
70 71
71 71
71 71
72 71
72 71
72 71
72 71
72 71
