13 3
13 3
13 2
13 1
13 1
14 0
14 0
15 1
15 1
16 2
16 2
17 3
18 4
18 4
18 5
19 6
19 7
19 7
20 8
20 9
20 9
21 10
21 10
21 11
21 12
21 12
21 12
20 12
20 12
19 12
18 12
17 13
16 13
15 13
14 13
13 13
12 13
11 14
10 14
9 14
8 14
7 14
6 14
5 15
4 15
3 15
2 15
2 15
2 15
2 15
3 16
3 17
3 17
4 18
5 19
5 19
5 20
6 21
6 22
6 22
7 23
7 24
8 25
8 26
8 26
9 27
9 28
10 29
10 30
10 30
11 31
11 32
12 33
12 33
13 34
14 34
14 34
15 35
15 35
16 35
16 35
16 34
16 34
15 33
14 32
13 31
12 31
11 30
10 29
9 28
9 28
8 27
7 27
6 26
5 26
5 26
4 25
4 25
3 24
3 24
2 23
2 23
3 23
3 23
4 22
4 22
5 21
6 21
7 20
7 20
8 19
9 19
10 18
11 18
11 18
12 17
13 17
14 16
15 16
16 15
17 15
17 15
18 15
19 14
20 14
21 13
22 13
23 12
24 12
24 12
25 12
26 12
27 11
28 11
29 11
30 11
30 11
31 11
32 11
33 11
34 10
35 10
36 10
37 10
37 10
38 10
39 10
40 10
41 10
41 10
42 10
43 10
43 10
44 10
45 10
45 10
45 11
45 11
45 12
45 12
45 13
45 14
45 14
45 15
44 16
44 17
44 17
44 18
43 19
43 20
43 21
43 21
42 22
42 23
41 24
41 25
41 25
40 26
40 27
39 28
39 28
38 29
38 30
37 31
37 31
36 32
35 33
35 33
34 34
34 34
33 34
32 34
32 34
31 34
31 34
30 33
29 32
28 31
27 31
26 30
25 29
24 28
24 28
23 27
22 26
22 26
21 26
21 26
21 26
21 27
21 27
20 28
20 29
20 29
20 30
20 31
20 32
20 32
20 33
19 34
19 35
19 36
19 36
19 37
18 38
18 39
18 40
18 40
18 41
17 42
17 43
17 44
17 44
16 45
16 46
16 46
15 47
15 48
15 48
15 48
15 48
15 47
15 46
15 46
16 45
17 44
17 44
18 43
18 42
19 41
19 40
19 40
20 39
21 38
21 37
22 36
22 36
23 35
24 34
25 33
25 33
26 32
27 31
28 30
28 30
29 30
30 29
31 29
32 29
32 29
33 28
34 28
34 28
35 28
36 29
37 29
37 29
38 30
39 30
39 30
40 31
41 31
41 31
42 31
42 31
43 32
43 32
43 32
43 32
42 32
42 32
41 32
41 32
40 31
39 31
39 31
38 31
38 31
37 31
36 31
36 31
35 32
35 32
34 33
33 33
33 33
32 34
31 35
31 35
30 36
29 37
29 38
28 39
28 39
27 40
27 41
26 42
26 43
26 43
25 44
25 45
24 46
24 47
23 48
23 48
22 49
22 50
21 51
21 52
20 53
20 54
20 54
19 55
19 56
18 57
18 58
17 59
17 60
16 61
16 61
16 62
15 63
15 64
14 65
14 66
13 67
13 68
12 69
12 70
12 70
12 71
11 72
11 73
10 74
10 75
10 76
9 77
9 78
9 78
8 79
8 80
7 81
6 82
6 83
5 84
5 84
4 85
4 86
3 87
3 88
2 89
2 89
2 90
1 91
1 92
1 92
0 93
0 93
0 92
0 92
0 91
0 91
0 90
1 89
1 88
1 88
1 87
2 86
2 85
3 84
3 83
4 82
4 81
5 80
5 79
6 78
6 77
7 76
7 75
8 74
8 73
9 72
9 71
10 70
10 69
10 69
11 68
11 67
12 66
12 65
13 64
14 63
14 62
15 61
15 60
16 59
16 59
17 58
18 57
18 56
19 55
19 55
20 54
21 53
22 52
22 52
23 51
24 50
24 49
25 48
25 48
26 47
27 47
28 46
29 46
29 46
30 46
31 46
32 46
33 46
33 46
34 46
35 46
36 47
37 47
38 47
38 47
39 47
40 48
41 48
42 48
43 49
44 49
44 49
45 49
46 50
47 50
48 50
49 51
50 51
50 51
51 51
52 52
53 52
54 52
55 52
56 53
57 53
57 53
58 53
59 54
60 54
61 54
62 55
63 55
63 55
64 55
65 55
66 55
67 56
68 56
69 56
70 56
70 56
71 56
72 56
73 57
74 57
75 57
76 57
76 57
77 57
78 57
79 58
80 58
81 58
82 58
82 58
83 58
84 58
85 58
86 58
87 58
87 58
88 58
89 58
90 58
91 58
91 58
92 58
93 58
94 58
95 58
95 58
96 58
97 57
98 57
98 57
99 56
99 56
98 56
97 56
96 56
95 56
94 56
93 57
92 57
91 57
90 57
89 57
88 57
87 57
86 57
85 57
84 57
83 57
82 57
81 58
80 58
79 58
78 58
77 58
76 58
75 58
74 58
73 58
72 58
71 58
70 59
69 59
68 59
67 59
66 59
65 59
64 59
63 59
62 59
61 59
60 59
59 59
58 60
57 60
56 60
55 60
54 60
53 60
52 60
51 60
50 60
49 60
48 60
47 61
46 61
45 61
44 61
43 61
42 61
41 61
40 61
39 61
38 61
37 61
36 61
35 62
34 62
33 62
32 62
31 62
30 62
29 62
28 62
27 62
26 62
25 62
24 63
23 63
22 63
21 63
20 63
19 63
18 63
17 63
16 63
15 63
14 63
13 63
12 64
11 64
10 64
9 64
8 64
7 64
7 64
7 63
7 62
7 62
8 62
8 62
7 62
7 62
8 63
9 63
9 63
10 64
11 65
11 66
12 67
12 67
13 68
14 69
14 70
15 71
15 71
16 72
17 73
18 74
19 75
19 75
20 76
21 77
21 78
22 79
23 80
23 80
24 81
24 82
25 83
25 84
25 84
26 85
26 86
27 87
27 88
27 88
27 89
28 90
28 91
28 91
28 92
28 93
28 93
28 94
28 94
28 94
28 93
28 93
28 92
28 91
28 91
28 90
28 89
28 88
28 87
28 87
28 86
28 85
28 84
28 83
28 82
28 82
28 81
28 80
29 79
29 78
29 77
29 77
29 76
30 75
30 74
31 73
31 72
31 72
32 71
32 70
33 69
33 68
34 67
34 67
35 66
36 65
37 64
37 64
38 63
39 62
40 61
40 61
41 61
42 60
43 60
44 60
44 60
45 60
46 60
47 60
47 60
48 60
49 60
50 60
50 60
51 61
51 61
52 62
53 62
53 62
53 63
53 64
53 65
53 65
53 66
52 67
52 68
52 68
52 69
51 70
51 71
51 72
51 72
50 73
50 74
49 75
49 76
48 77
48 78
48 78
47 79
47 80
46 81
46 82
45 83
45 83
44 84
44 85
43 86
43 87
42 88
42 89
42 89
41 90
41 91
40 92
40 93
39 94
39 95
39 95
38 96
37 97
37 98
36 99
36 99
35 100
35 100
36 100
36 100
37 99
37 99
38 98
39 98
40 97
41 97
41 97
42 96
43 95
44 95
45 94
45 94
46 94
47 93
48 93
49 93
50 92
51 92
51 92
52 92
53 91
54 91
55 90
56 90
56 90
57 89
58 89
59 88
60 88
60 88
61 88
62 87
63 87
64 87
64 87
65 86
66 86
