3 7
4 6
4 5
5 4
5 4
6 3
6 3
7 2
7 2
8 1
8 1
9 0
9 0
10 0
10 0
11 1
11 1
12 1
13 1
13 1
14 2
15 2
15 2
16 3
17 3
17 3
18 4
19 4
19 4
20 5
20 6
20 6
19 7
18 7
17 8
16 9
15 9
14 10
13 11
12 11
11 12
10 13
9 13
8 14
7 14
6 15
5 16
4 16
3 17
2 18
1 18
0 19
0 19
1 18
2 18
2 18
3 18
3 18
4 19
4 19
5 20
5 20
6 21
7 22
7 22
8 23
8 24
8 24
9 25
9 26
10 27
10 27
10 28
11 29
11 30
11 30
11 31
12 32
12 33
12 33
13 34
13 35
13 35
13 36
13 37
13 37
13 38
13 38
13 39
13 39
13 39
14 40
14 40
14 40
14 40
14 39
14 39
14 38
14 38
14 37
14 37
15 36
15 35
15 35
15 34
15 33
15 32
15 32
15 31
15 30
15 30
15 29
16 28
16 27
16 27
16 26
16 25
16 25
17 24
17 23
18 22
18 22
18 21
19 20
19 19
19 19
20 18
21 17
21 16
22 15
22 15
23 14
23 13
24 12
24 12
25 11
25 10
26 9
26 9
27 8
27 8
28 7
29 6
29 6
30 6
30 6
31 5
31 5
31 5
32 5
32 5
33 6
33 6
34 7
35 7
35 7
35 8
35 9
35 9
36 10
36 10
36 11
36 12
36 12
35 13
35 14
35 14
34 15
34 16
33 17
32 18
31 19
31 20
30 21
29 22
28 23
28 24
27 25
26 26
25 27
25 28
24 29
24 29
24 29
24 29
24 29
24 29
24 30
23 31
23 32
23 32
23 33
23 34
23 35
23 35
23 36
23 37
23 38
23 38
23 39
23 40
23 40
23 41
23 42
23 42
23 43
23 43
23 44
23 44
24 44
24 44
24 43
24 43
25 42
25 41
25 41
26 40
27 39
27 39
27 38
28 37
28 36
28 36
29 35
29 34
30 33
30 32
30 32
31 31
31 30
32 29
32 29
33 28
33 27
33 27
34 26
34 25
34 25
34 24
34 24
35 24
35 24
35 25
35 25
35 26
35 27
35 27
35 28
35 29
35 30
35 30
35 31
34 32
34 33
34 33
34 34
33 35
33 36
33 37
33 37
33 38
33 39
33 40
33 41
33 41
33 42
33 43
32 44
32 45
32 46
32 47
32 47
32 48
32 49
32 50
31 51
31 52
31 53
31 54
31 54
31 55
31 56
31 57
31 58
31 59
31 60
31 60
31 61
31 62
31 63
30 64
30 65
30 66
30 67
30 68
30 68
30 69
30 70
30 71
30 72
30 73
30 74
30 75
30 75
30 76
30 77
30 78
29 79
29 80
29 81
29 82
29 82
29 83
29 84
29 85
29 86
29 87
29 87
29 88
29 89
28 90
28 91
28 92
28 92
28 93
27 94
27 95
27 95
27 96
27 97
27 98
27 98
27 99
27 100
27 100
27 100
27 99
27 98
27 97
27 96
27 95
27 94
27 93
27 92
27 91
27 90
27 89
27 88
28 87
28 86
28 85
28 84
28 83
28 82
28 81
28 80
28 79
28 78
28 77
28 76
28 75
28 74
28 73
28 72
28 71
28 70
28 69
28 68
28 67
28 66
28 65
28 64
28 63
28 62
29 61
29 60
29 59
29 58
29 57
29 56
29 55
29 54
29 53
29 52
29 51
29 50
29 49
29 48
29 48
30 47
31 46
32 45
33 44
34 43
34 43
35 42
36 41
36 41
37 41
38 40
39 40
39 40
40 40
41 39
42 39
43 39
43 39
44 39
45 39
46 39
47 39
47 39
48 39
49 39
50 39
51 39
52 39
52 39
53 39
54 39
55 40
56 40
57 40
58 40
58 40
59 40
60 41
61 41
62 41
63 41
64 42
65 42
65 42
66 42
67 42
68 42
69 43
70 43
71 43
72 43
73 43
73 43
74 43
75 43
76 43
77 43
78 43
79 43
79 43
80 43
81 43
82 44
83 44
84 44
85 44
85 44
86 44
87 44
88 44
89 44
90 44
90 44
91 44
92 44
93 44
94 44
94 44
95 44
96 44
97 44
97 44
98 45
99 45
99 45
100 45
100 45
99 45
99 45
98 45
98 45
97 45
96 46
95 46
94 46
93 46
92 47
91 47
90 47
89 47
88 48
87 48
86 48
85 48
84 49
83 49
82 49
81 49
80 50
79 50
78 50
77 51
76 51
75 51
74 51
73 52
72 52
71 52
70 52
69 53
68 53
67 53
66 53
65 54
64 54
63 54
62 54
61 55
60 55
59 55
58 56
57 56
56 56
55 56
54 57
53 57
52 57
51 57
50 58
49 58
48 58
47 58
46 59
45 59
44 59
43 59
42 60
41 60
40 60
39 61
38 61
37 61
36 61
35 62
34 62
33 62
32 62
31 63
30 63
29 63
28 63
27 64
26 64
25 64
24 64
23 65
22 65
22 65
23 65
24 65
25 65
25 65
26 64
26 64
27 65
27 65
28 66
29 66
29 66
30 67
31 68
31 68
32 69
33 69
34 70
34 70
35 71
36 72
36 72
37 73
37 74
38 75
38 75
39 76
39 77
40 78
40 78
41 79
41 80
42 81
42 81
43 82
44 83
44 83
45 84
45 84
45 84
46 84
46 84
46 84
47 84
47 84
47 83
47 83
47 82
47 82
47 81
47 80
47 80
47 79
47 78
47 77
47 76
47 76
47 75
47 74
48 73
48 72
48 71
48 71
48 70
48 69
49 68
49 67
49 66
49 66
49 65
50 64
50 63
50 62
50 62
50 61
51 60
51 59
51 59
52 58
53 57
53 57
54 56
54 56
55 55
56 55
56 55
57 55
57 55
57 55
57 56
57 57
57 57
57 58
57 58
57 59
57 60
57 61
57 62
57 62
57 63
56 64
56 65
56 65
56 66
56 67
56 68
56 68
56 69
55 70
55 71
55 71
55 72
55 73
55 74
55 74
54 75
54 76
54 76
53 77
53 78
53 78
53 79
53 80
53 80
52 80
52 80
52 81
52 81
52 80
52 80
52 79
52 78
52 78
52 77
52 76
52 76
53 75
53 74
53 74
54 73
55 72
55 72
56 71
56 71
57 72
57 72
58 73
59 73
59 73
60 74
61 74
61 74
62 75
63 75
63 75
64 75
65 75
65 75
66 76
66 76
67 76
67 76
68 76
68 76
69 76
69 76
70 76
71 76
71 76
72 75
