3 8
3 8
3 8
3 8
3 8
3 8
3 8
3 8
3 8
3 8
3 8
3 8
3 8
3 8
3 8
3 8
3 8
3 8
3 8
3 8
3 8
3 8
3 8
4 7
4 7
4 7
4 7
5 7
5 7
5 7
6 6
6 6
7 5
8 5
8 5
9 5
10 4
11 4
11 4
12 3
13 3
13 3
14 2
15 2
15 2
16 1
16 1
16 0
16 0
17 0
17 0
17 1
17 1
17 2
17 2
17 3
17 4
17 4
18 5
18 5
19 6
19 7
19 7
20 8
20 9
20 9
20 10
20 11
20 11
20 12
19 13
19 14
19 14
19 15
18 16
18 17
18 18
18 18
17 19
17 20
16 21
16 22
16 22
15 23
15 24
14 25
14 25
13 25
12 26
11 26
10 27
9 27
8 28
7 28
6 28
5 29
4 29
3 30
2 30
2 30
2 30
2 30
1 30
0 30
0 30
0 30
0 30
0 30
0 30
0 30
0 30
1 30
1 30
2 31
2 31
3 32
3 32
4 33
5 33
5 33
6 34
6 35
6 35
7 36
8 36
8 36
9 37
10 37
10 37
11 38
11 38
12 39
12 39
13 40
13 40
14 40
14 40
14 41
14 41
15 41
15 41
15 41
15 41
15 41
15 41
14 41
14 41
14 41
14 41
14 41
14 41
14 41
14 40
14 40
14 39
14 39
14 38
14 38
14 37
14 36
14 35
14 35
15 34
15 33
16 32
16 31
16 31
16 30
17 29
17 28
17 27
17 27
17 26
18 25
18 24
19 23
19 22
19 22
20 21
21 20
22 19
22 19
23 18
23 17
24 16
24 16
25 15
26 15
27 14
27 14
28 13
29 13
29 13
30 12
31 12
31 12
32 12
32 12
33 11
33 11
34 11
34 11
35 11
35 11
35 11
35 11
34 12
34 12
33 13
33 14
33 14
32 15
32 16
32 16
31 17
31 18
31 18
30 19
29 20
29 20
28 21
28 22
28 22
27 23
27 24
27 24
27 25
26 26
26 27
26 27
26 28
25 29
25 30
25 30
25 31
24 32
24 33
24 33
24 34
23 35
23 36
23 36
23 37
23 38
23 38
22 39
22 39
22 40
22 40
22 40
22 41
22 41
22 41
23 41
23 41
24 42
24 42
24 42
25 42
25 42
26 41
26 41
27 40
27 40
28 39
28 38
28 38
29 37
29 37
30 36
30 35
30 35
31 34
31 33
31 33
32 32
32 31
32 31
33 30
33 30
34 29
34 29
35 28
35 28
35 28
36 28
36 28
36 28
36 28
36 28
36 28
36 28
36 28
36 28
36 28
36 28
36 28
36 28
36 28
36 28
36 28
36 29
36 29
36 29
35 29
35 29
35 30
35 30
35 31
35 31
34 32
34 32
34 33
34 34
34 34
33 35
33 36
33 36
33 37
33 37
32 38
32 39
32 39
32 40
32 40
32 41
31 42
31 43
31 43
31 44
30 45
30 46
30 46
29 47
29 48
28 49
28 50
28 50
28 51
27 52
27 53
26 54
26 55
26 55
26 56
26 57
25 58
25 59
25 60
25 61
25 61
25 62
25 63
24 64
24 65
24 66
24 67
24 67
24 68
24 69
23 70
23 71
23 72
23 73
23 73
23 74
23 75
23 76
23 77
23 77
23 78
22 79
22 80
22 81
22 81
22 82
21 83
21 84
21 84
21 85
20 86
20 87
20 88
20 88
19 89
19 90
18 91
18 92
18 92
17 93
17 94
16 95
16 96
16 96
15 97
14 98
13 99
13 99
12 100
12 100
11 100
11 100
11 100
11 100
12 99
12 98
12 98
11 97
11 96
11 96
11 95
11 94
11 93
11 93
11 92
12 91
12 90
12 89
13 88
13 87
13 86
14 85
14 84
15 83
15 82
15 81
16 80
16 79
16 78
17 77
17 76
17 75
18 74
18 73
18 72
19 71
19 70
19 69
20 68
20 67
20 66
21 65
21 64
22 63
22 62
22 61
23 60
23 59
23 58
24 57
24 56
24 56
25 57
25 58
25 58
25 58
25 58
25 57
25 57
26 56
26 56
26 55
26 55
26 54
26 54
26 54
26 54
26 54
27 54
27 54
27 53
27 53
28 52
28 52
29 52
29 52
30 51
30 51
31 50
32 49
32 49
33 48
34 48
34 48
35 48
35 48
36 48
37 48
37 48
38 48
39 48
39 48
40 49
41 49
41 49
42 49
43 49
43 49
44 48
45 48
45 48
46 48
47 48
48 48
48 48
49 48
50 47
51 47
51 47
52 47
53 46
54 46
55 46
55 46
56 46
57 46
58 47
59 47
60 47
60 47
61 47
62 47
63 47
64 47
64 47
65 48
66 48
67 49
68 49
68 49
69 49
70 50
71 50
72 50
72 50
73 50
74 51
75 51
76 51
76 51
77 51
78 51
79 51
79 51
80 51
81 50
82 50
82 50
83 49
84 49
85 48
85 48
86 47
87 46
88 46
89 45
89 45
90 44
91 43
91 42
92 41
92 41
93 40
94 39
94 38
95 37
95 37
96 36
97 35
98 34
98 34
99 33
99 32
99 32
100 31
100 31
99 31
99 31
98 32
98 32
97 32
96 33
95 33
94 34
93 34
92 35
91 35
90 35
89 36
88 36
87 37
86 37
85 37
84 38
83 38
82 39
81 39
80 40
79 40
78 40
77 41
76 41
75 42
74 42
73 43
72 43
71 43
70 44
69 44
68 45
67 45
66 45
65 46
64 46
63 47
62 47
61 48
60 48
59 48
58 49
57 49
56 50
55 50
54 51
53 51
52 51
51 52
50 52
49 53
48 53
47 53
46 54
45 54
44 55
43 55
42 56
41 56
40 56
39 57
38 57
37 58
36 58
35 59
34 59
33 59
32 60
31 60
30 61
29 61
28 61
27 62
26 62
25 63
24 63
23 64
22 64
22 64
22 64
22 64
22 64
22 64
22 64
22 64
22 64
22 64
22 64
22 64
21 63
20 63
20 63
19 64
19 64
18 65
18 66
18 66
17 67
17 67
17 68
17 68
17 69
17 70
17 70
17 71
17 71
17 72
17 72
17 73
17 73
17 74
17 74
17 75
17 75
18 76
18 76
19 77
19 78
19 78
20 79
21 80
21 80
22 81
22 81
23 82
24 82
25 83
25 83
26 84
27 84
27 84
28 85
29 85
29 85
30 85
31 85
31 85
32 86
33 86
33 86
34 86
34 86
35 86
36 86
36 86
37 86
37 86
38 85
38 85
38 84
38 84
39 83
39 83
39 82
39 82
38 81
38 80
38 80
38 79
38 79
38 78
38 77
38 77
38 76
38 75
38 75
38 74
38 73
38 73
37 72
37 71
37 71
37 70
37 69
37 68
37 68
37 67
37 66
37 66
37 65
38 64
38 63
38 63
38 62
38 61
38 60
38 60
38 59
39 58
39 57
39 57
40 56
41 56
41 56
42 55
43 54
43 54
44 54
44 54
45 54
45 54
46 54
46 54
47 54
47 54
47 55
47 55
47 56
47 57
47 57
47 58
47 59
47 59
46 60
46 61
46 61
46 62
46 63
46 64
46 64
46 65
45 66
45 67
45 68
45 68
45 69
45 70
45 71
45 71
45 72
44 73
44 74
44 74
43 75
43 76
43 76
42 77
42 78
42 78
42 79
42 79
41 80
41 80
41 81
41 81
41 81
41 81
41 81
42 81
42 81
43 80
44 80
44 80
45 79
45 79
46 78
47 77
47 77
48 76
48 75
49 74
49 74
49 73
50 72
50 71
50 71
51 70
52 69
52 69
52 68
53 67
53 66
53 66
53 65
54 64
54 63
54 63
55 62
55 62
56 61
56 61
57 60
57 60
58 60
59 60
59 60
59 60
60 60
60 60
60 61
60 61
60 62
60 62
60 63
60 63
60 64
60 65
60 65
60 66
60 67
60 67
59 68
59 68
59 69
59 70
59 70
59 71
59 71
59 72
59 73
59 73
59 74
59 75
59 76
59 76
59 77
59 77
59 77
59 77
59 77
59 76
