3 6
3 6
3 6
3 6
3 6
3 6
3 6
3 6
3 5
3 4
3 3
3 3
4 2
5 2
5 2
6 1
7 1
7 1
8 1
9 0
10 0
10 0
11 0
12 0
13 0
14 0
14 0
15 0
16 1
17 1
17 1
18 2
19 2
20 3
20 3
21 4
22 5
22 5
23 6
24 7
24 7
24 8
24 9
24 9
24 10
25 11
25 12
25 12
25 13
25 14
25 15
25 15
25 16
24 17
24 18
24 18
23 18
22 19
21 19
20 20
19 20
18 20
17 21
16 21
15 22
14 22
13 23
12 23
11 23
10 24
9 24
8 25
7 25
6 25
5 26
4 26
3 27
2 27
2 27
2 27
1 27
0 27
0 27
0 27
0 27
0 27
1 28
1 29
1 29
2 30
3 31
3 31
4 32
4 33
5 34
5 34
6 35
7 36
8 37
9 38
9 38
10 39
11 40
12 40
13 41
13 41
14 42
15 42
16 43
17 43
17 43
18 43
19 44
20 44
20 44
21 44
22 44
22 44
22 43
23 42
23 41
23 41
22 40
21 39
21 39
20 38
19 38
19 38
18 37
18 36
18 36
17 35
17 34
17 34
17 33
17 32
17 32
17 31
18 30
18 29
18 28
18 28
18 27
19 26
19 25
19 25
19 24
20 23
20 22
21 21
21 20
21 20
22 19
22 18
23 17
23 16
23 16
24 15
25 14
26 13
26 13
27 12
28 11
28 11
29 11
30 11
30 11
31 12
31 12
32 13
32 14
32 14
32 15
32 16
32 17
32 18
32 19
32 19
32 20
32 21
32 22
32 23
32 24
32 24
32 25
31 26
31 27
31 28
31 29
30 30
30 31
30 31
30 32
30 33
29 34
29 35
29 36
29 37
29 37
29 38
29 39
28 40
28 41
28 42
28 42
28 43
28 44
28 45
28 46
28 47
28 47
28 48
28 49
28 50
28 50
28 51
28 52
28 53
28 53
29 54
29 54
30 54
31 54
31 54
32 53
33 52
33 52
34 51
34 50
35 49
35 49
35 48
36 47
36 46
36 45
36 45
36 44
37 43
37 42
38 41
38 40
38 40
38 39
38 38
38 37
38 36
38 36
38 35
39 34
39 33
39 32
39 32
39 31
39 30
39 29
39 28
39 28
39 27
39 26
39 25
39 25
39 24
39 23
39 23
40 23
40 23
40 23
40 23
39 24
39 25
39 25
39 26
39 27
39 27
39 28
39 29
39 30
39 31
39 31
39 32
39 33
38 34
38 35
38 36
38 36
38 37
38 38
37 39
37 40
37 41
37 41
37 42
37 43
37 44
36 45
36 46
36 47
36 48
36 48
36 49
36 50
36 51
35 52
35 53
35 54
35 55
35 55
35 56
35 57
35 58
34 59
34 60
34 61
34 62
34 63
34 63
34 64
34 65
34 66
33 67
33 68
33 69
33 70
33 71
33 71
33 72
33 73
33 74
33 75
33 76
33 77
33 77
33 78
33 79
33 80
32 81
32 82
32 83
32 84
32 84
32 85
32 86
32 87
32 88
32 89
32 90
32 90
32 91
32 92
32 93
32 94
32 94
32 95
32 96
32 97
32 97
33 98
33 99
33 99
33 100
33 100
33 100
33 100
33 99
33 98
33 97
33 96
33 95
33 94
32 93
32 92
32 91
32 90
32 89
32 88
32 87
32 86
32 85
32 84
32 83
32 82
32 81
31 80
31 79
31 78
31 77
31 76
31 75
31 74
31 73
31 72
31 71
31 70
31 69
31 68
31 67
30 66
30 65
30 64
30 63
30 62
30 61
30 60
30 60
30 60
30 60
30 60
31 59
31 58
32 57
32 57
33 56
34 55
34 55
35 54
36 53
36 53
37 52
38 52
39 51
39 51
40 50
41 50
42 49
42 49
43 48
44 48
45 47
46 47
47 46
47 46
48 45
49 45
50 44
51 43
52 43
53 42
53 42
54 41
55 41
56 40
57 39
58 39
59 38
59 38
60 37
61 36
62 35
63 35
64 34
65 33
66 32
66 32
67 31
68 30
69 29
70 28
71 27
72 26
72 26
73 25
74 24
75 23
76 23
77 22
78 21
78 21
79 20
80 19
81 19
82 18
83 17
83 17
84 16
85 15
86 14
86 14
87 14
88 13
89 13
89 13
90 12
90 12
90 12
90 12
90 12
91 12
91 12
91 11
91 11
91 11
91 10
91 10
91 11
91 11
90 12
89 13
88 14
87 15
86 15
85 16
84 17
83 18
82 19
81 20
80 21
79 22
78 23
77 23
76 24
75 25
74 26
73 27
72 28
71 29
70 30
69 31
68 31
67 32
66 33
65 34
64 35
63 36
62 37
61 38
60 39
59 39
58 40
57 41
56 42
55 43
54 44
53 45
52 46
51 47
50 47
49 48
48 49
47 50
46 51
45 52
44 53
43 54
42 55
41 55
40 56
39 57
38 58
37 59
36 60
35 61
34 62
33 63
32 63
31 64
30 65
29 66
28 67
28 67
28 67
28 67
28 67
28 67
28 67
28 67
28 67
28 67
28 67
29 67
30 67
31 67
32 67
32 67
33 67
34 68
35 68
35 68
36 69
37 69
38 70
38 70
39 71
40 72
41 72
42 73
42 73
43 73
44 74
45 74
46 75
47 75
47 75
48 75
49 75
50 76
51 76
52 76
52 76
53 76
54 77
55 77
56 77
56 77
57 77
58 78
59 78
59 78
60 78
61 78
62 78
62 78
63 79
63 79
64 79
64 79
64 79
63 79
63 79
63 80
63 80
62 80
62 80
61 80
60 80
60 80
59 80
58 80
58 80
57 79
56 79
56 79
55 78
54 78
54 78
53 77
53 76
52 75
52 75
51 74
51 73
50 72
50 72
50 71
49 70
49 69
49 69
49 68
49 67
49 66
49 66
49 65
50 64
50 63
50 63
51 62
51 61
52 60
52 60
52 59
53 58
53 57
53 57
54 56
55 55
55 55
56 54
57 54
57 54
58 54
59 54
59 54
60 54
60 54
61 55
62 56
62 56
62 57
62 58
62 58
62 59
63 60
63 61
63 61
63 62
63 63
63 64
63 64
63 65
62 66
62 67
62 68
62 68
62 69
62 70
62 71
62 72
62 73
62 73
62 74
62 75
62 76
62 76
62 77
62 78
62 79
62 79
62 80
61 81
61 82
61 82
61 82
62 82
62 82
62 82
62 81
63 80
63 79
63 79
64 78
64 77
64 77
64 76
65 75
65 74
65 73
65 73
66 72
66 71
67 70
67 70
67 69
68 68
68 67
68 67
69 66
69 65
70 64
70 64
71 63
72 62
72 62
73 61
74 60
74 60
75 59
76 58
76 58
77 57
78 56
78 56
79 55
80 55
80 55
81 55
82 55
82 55
83 56
84 56
84 56
85 57
85 57
86 58
86 59
86 59
87 60
87 60
88 61
88 61
89 62
90 62
90 62
91 62
91 62
92 62
93 62
93 62
94 61
95 61
95 61
96 60
96 59
96 59
97 58
98 57
98 57
99 56
100 55
