6 5
6 5
7 4
8 3
8 3
8 2
8 2
9 1
9 1
9 0
9 0
10 1
10 1
11 1
12 1
12 1
13 2
14 2
14 2
15 2
16 3
17 3
17 3
18 4
19 4
19 4
20 5
21 5
21 5
21 6
21 7
21 7
21 8
21 9
21 9
20 10
19 11
18 12
17 13
16 14
15 14
14 15
13 16
12 17
11 18
10 19
9 20
8 21
7 22
6 23
5 23
4 24
3 25
2 26
1 27
0 28
0 28
0 28
0 28
0 28
1 27
2 27
2 27
3 28
4 28
4 28
5 29
5 29
6 30
7 31
7 31
8 32
9 33
9 33
10 34
10 34
11 35
11 36
11 36
11 37
11 38
11 38
12 39
12 39
12 40
12 40
12 41
12 41
13 41
13 41
13 40
13 40
14 39
14 38
14 38
14 37
15 36
15 35
15 35
15 34
15 33
16 32
16 31
16 30
16 30
17 29
17 28
18 27
18 26
18 26
19 25
19 24
20 23
20 22
20 22
21 21
21 20
22 19
22 19
22 18
23 17
23 16
23 16
24 15
25 14
25 14
26 13
26 13
26 13
26 13
26 14
26 14
26 15
26 16
26 16
25 17
25 18
25 18
25 19
24 20
24 21
24 21
24 22
24 23
24 24
24 25
24 25
24 26
23 27
23 28
23 29
23 29
23 30
22 31
22 32
22 33
22 33
22 34
21 35
21 36
21 37
21 37
21 38
21 39
21 40
21 40
20 41
20 42
20 42
20 42
21 42
21 42
21 41
21 41
22 40
22 39
23 38
23 38
23 37
24 36
24 35
24 35
24 34
25 33
25 32
25 32
26 31
26 30
27 29
27 29
28 28
28 27
28 27
29 26
30 25
30 25
31 24
31 24
32 23
33 23
33 23
34 23
34 23
35 23
35 23
35 23
36 23
36 23
36 24
36 24
36 25
36 26
36 26
35 27
35 28
35 28
35 29
35 30
34 31
34 32
34 33
34 33
34 34
34 35
33 36
33 37
33 38
33 38
33 39
32 40
32 41
32 42
32 43
31 44
31 45
31 46
31 46
31 47
31 48
31 49
31 50
31 51
31 52
31 53
31 54
31 55
31 56
31 56
31 57
31 58
31 59
31 60
31 61
30 62
30 63
30 64
30 65
30 66
30 67
30 67
30 68
30 69
30 70
30 71
30 72
30 73
30 74
30 75
30 76
30 77
30 77
30 78
30 79
30 80
29 81
29 82
29 83
29 84
29 85
29 85
29 86
29 87
29 88
29 89
29 90
29 91
29 92
29 92
29 93
28 94
28 95
28 96
28 96
28 97
28 98
28 98
27 99
27 100
27 100
27 100
27 99
27 98
27 97
27 96
27 95
27 94
27 93
27 92
27 91
27 90
27 89
27 88
27 87
27 86
27 85
27 84
27 83
27 82
27 81
27 80
27 79
27 78
27 77
27 76
27 75
27 74
28 73
28 72
28 71
28 70
28 69
28 68
28 67
28 66
28 65
28 64
28 63
28 62
28 61
28 60
28 59
28 58
28 57
28 56
28 55
28 54
28 53
28 52
28 51
28 50
28 49
28 48
28 47
28 46
28 46
29 45
30 45
31 44
32 43
33 43
34 42
35 41
36 41
37 40
37 40
38 39
39 39
40 38
41 38
41 38
42 38
43 38
44 37
45 37
46 37
46 37
47 37
48 36
49 36
50 36
51 35
52 35
52 35
53 35
54 35
55 35
56 34
57 34
58 34
59 34
60 34
60 34
61 34
62 34
63 34
64 34
65 34
66 34
67 34
68 34
68 34
69 34
70 34
71 34
72 34
73 34
74 34
75 34
75 34
76 34
77 34
78 34
79 34
80 34
81 34
82 34
82 34
83 34
84 34
85 34
86 34
87 34
87 34
88 34
89 34
90 34
91 34
92 34
92 34
93 34
94 35
95 35
96 35
96 35
97 35
98 35
98 35
99 36
99 36
100 36
100 36
99 36
99 36
98 37
98 37
97 37
96 38
95 38
94 38
93 39
92 39
91 39
90 40
89 40
88 40
87 41
86 41
85 41
84 42
83 42
82 42
81 42
80 43
79 43
78 43
77 44
76 44
75 44
74 45
73 45
72 45
71 46
70 46
69 46
68 47
67 47
66 47
65 48
64 48
63 48
62 49
61 49
60 49
59 50
58 50
57 50
56 51
55 51
54 51
53 51
52 52
51 52
50 52
49 53
48 53
47 53
46 54
45 54
44 54
43 55
42 55
41 55
40 56
39 56
38 56
37 57
36 57
35 57
34 58
33 58
32 58
31 59
30 59
29 59
28 60
27 60
26 60
25 60
24 61
23 61
22 61
21 62
20 62
19 62
18 63
17 63
16 63
15 64
14 64
14 64
14 64
14 64
14 64
15 64
16 64
17 64
17 64
18 65
19 65
20 66
20 66
21 67
22 67
23 68
23 68
24 69
25 69
26 70
27 70
27 70
28 71
29 71
30 72
30 72
31 73
32 73
33 74
34 74
34 74
35 75
36 75
36 75
37 76
38 76
38 76
39 76
39 76
39 77
39 77
39 77
39 77
40 76
40 75
40 75
41 74
41 73
41 73
41 72
42 71
42 70
42 69
43 68
43 67
43 67
43 66
43 65
44 64
44 63
44 62
44 61
44 61
44 60
45 59
45 58
45 57
45 56
46 55
46 54
46 54
46 53
47 52
47 51
47 50
47 49
48 48
48 47
48 47
49 46
49 45
50 44
50 44
51 43
51 43
52 43
52 43
52 43
52 44
52 44
52 45
52 46
52 47
52 47
52 48
52 49
51 50
51 51
51 52
51 52
51 53
51 54
50 55
50 56
50 57
50 57
50 58
50 59
49 60
49 61
49 62
49 62
49 63
48 64
48 65
47 66
47 67
47 67
47 68
46 69
46 70
46 71
46 71
45 72
45 73
45 73
46 72
46 71
47 70
47 69
48 68
48 67
49 66
49 65
50 64
50 63
51 62
51 62
52 61
53 60
54 59
55 58
56 57
56 57
57 56
58 56
58 56
59 56
59 56
60 56
61 56
62 56
62 56
63 57
63 58
64 59
64 59
65 60
66 61
67 62
67 62
68 63
69 64
70 65
71 66
71 66
72 66
73 67
74 67
74 67
75 67
76 67
77 67
77 67
78 67
79 66
80 66
80 66
81 65
82 64
82 63
83 62
83 62
84 61
84 60
85 59
85 58
86 57
86 56
