39 0
38 0
37 1
36 1
35 1
34 2
33 2
32 2
31 3
30 3
29 3
28 4
27 4
26 4
25 5
24 5
23 6
22 6
21 6
20 7
19 7
18 7
17 8
16 8
15 8
14 9
13 9
12 9
11 10
10 10
9 10
8 11
7 11
7 11
8 10
8 9
8 9
9 8
9 8
10 7
10 6
10 6
11 6
11 6
12 5
12 5
13 5
14 5
14 5
15 6
16 6
16 6
17 7
17 7
18 8
19 8
19 8
20 9
20 10
20 10
19 11
19 12
19 12
19 13
18 14
18 15
18 15
18 16
18 17
18 18
18 19
18 19
18 20
17 21
17 22
17 22
16 23
16 24
15 25
15 25
14 25
13 26
12 26
11 26
10 26
9 27
8 27
7 27
6 27
5 28
4 28
3 28
2 28
1 29
0 29
0 29
0 29
0 29
0 29
0 29
0 29
0 29
1 28
2 28
2 28
3 29
4 30
4 30
5 31
6 32
6 32
6 33
7 34
7 35
7 35
7 36
8 37
8 38
8 38
9 39
10 40
10 40
10 41
10 42
10 43
10 43
11 44
11 44
11 45
11 46
11 46
11 46
11 47
11 47
11 47
12 46
12 46
12 45
12 45
13 44
13 43
13 43
13 42
13 41
13 41
14 40
14 39
14 39
14 38
15 37
15 36
15 36
15 35
16 34
16 33
16 33
16 32
17 31
17 30
17 30
18 29
19 28
20 27
20 27
21 26
21 25
22 24
22 23
22 23
23 22
24 22
25 21
25 21
26 20
27 19
27 19
28 18
29 17
29 17
30 17
30 17
30 17
31 17
31 17
31 17
31 18
31 18
31 19
31 19
30 20
30 21
30 21
29 22
29 23
29 23
28 24
28 25
28 25
27 26
27 27
27 27
26 28
25 29
25 29
25 30
24 31
24 32
24 32
24 33
23 34
23 35
23 36
23 36
23 37
22 38
22 39
22 40
22 40
22 41
21 42
21 43
21 44
21 44
21 45
20 46
20 47
20 47
20 48
20 49
20 50
20 50
20 51
20 51
20 50
20 50
21 50
21 50
21 49
21 48
21 48
22 47
22 46
22 46
23 45
23 44
23 44
24 43
24 42
24 42
25 41
25 40
26 39
26 39
27 38
28 37
28 37
29 36
29 35
30 34
30 34
31 33
32 32
32 32
33 31
34 31
34 31
35 30
35 30
35 30
35 30
35 30
35 31
35 32
35 32
35 33
35 33
35 34
35 35
35 36
35 36
35 37
34 38
34 39
34 40
34 40
34 41
33 42
33 43
33 44
33 44
33 45
33 46
32 47
32 48
32 49
32 49
32 50
32 51
31 52
31 53
31 54
31 54
31 55
31 56
30 57
30 58
30 59
30 60
30 60
30 61
30 62
29 63
29 64
29 65
29 66
29 66
29 67
29 68
29 69
28 70
28 71
28 72
28 73
28 73
28 74
28 75
28 76
28 77
28 78
28 79
28 80
28 80
28 81
28 82
27 83
27 84
27 85
27 85
27 86
26 87
26 88
26 89
26 89
26 90
25 91
25 92
25 93
25 93
25 94
24 95
24 96
24 96
24 97
24 98
24 98
23 99
23 100
23 100
23 100
23 99
23 98
24 97
24 96
24 95
24 94
25 93
25 92
25 91
25 90
25 89
26 88
26 87
26 86
26 85
27 84
27 83
27 82
27 81
27 80
28 79
28 78
28 77
28 76
29 75
29 74
29 73
29 72
29 71
30 70
30 69
30 68
30 67
30 66
31 65
31 64
31 63
31 62
32 61
32 60
32 59
32 58
32 57
33 56
33 55
33 54
33 53
34 52
34 51
34 50
34 50
35 49
36 49
37 48
37 48
38 48
39 47
40 47
40 47
41 47
42 47
43 47
44 47
44 47
45 47
46 47
47 46
48 46
49 46
49 46
50 46
51 46
52 45
53 45
54 45
54 45
55 45
56 45
57 45
58 45
59 45
60 45
61 45
61 45
62 45
63 45
64 45
65 46
66 46
67 46
68 46
69 46
69 46
70 46
71 46
72 46
73 47
74 47
75 47
76 47
76 47
77 47
78 48
79 48
80 48
81 49
82 49
82 49
83 49
84 49
85 50
86 50
87 50
87 50
88 50
89 50
90 50
91 50
92 50
92 50
93 50
94 50
95 50
95 50
96 50
97 50
98 50
98 50
99 49
100 49
100 49
100 48
100 48
99 48
98 49
97 49
96 49
95 49
94 50
93 50
92 50
91 51
90 51
89 51
88 52
87 52
86 52
85 52
84 53
83 53
82 53
81 54
80 54
79 54
78 54
77 55
76 55
75 55
74 56
73 56
72 56
71 57
70 57
69 57
68 57
67 58
66 58
65 58
64 59
63 59
62 59
61 60
60 60
59 60
58 60
57 61
56 61
55 61
54 62
53 62
52 62
51 62
50 63
49 63
48 63
47 64
46 64
45 64
44 65
43 65
42 65
41 65
40 66
39 66
38 66
37 67
36 67
35 67
34 67
33 68
32 68
31 68
30 69
29 69
28 69
27 70
26 70
25 70
24 70
23 71
22 71
22 71
22 71
23 71
24 71
24 71
25 70
25 70
26 70
26 70
27 70
27 70
28 71
29 71
29 71
30 72
30 73
31 74
31 74
32 75
32 76
33 77
33 77
34 78
35 79
35 80
36 81
36 81
37 82
37 83
38 84
38 84
39 85
40 85
40 85
41 86
41 86
42 87
42 87
42 87
42 86
42 86
43 85
43 84
43 84
43 83
43 82
43 81
43 81
43 80
43 79
43 78
43 78
43 77
44 76
44 75
44 74
44 74
44 73
45 72
45 71
45 70
45 70
45 69
46 68
46 67
46 66
46 66
46 65
47 64
47 63
47 63
48 62
48 61
49 60
49 59
49 59
49 58
50 57
50 56
50 56
51 55
52 54
52 54
53 53
53 52
53 52
54 52
54 52
54 52
54 53
54 54
54 54
54 55
54 56
54 57
54 57
54 58
53 59
53 60
53 61
53 61
53 62
52 63
52 64
52 65
52 65
52 66
51 67
51 68
51 69
51 69
51 70
51 71
51 72
51 73
51 73
51 74
50 75
50 76
50 77
50 77
50 78
50 79
50 80
50 80
50 81
50 82
50 82
50 83
50 83
50 83
51 82
51 81
51 81
52 80
52 79
52 79
52 78
53 77
53 76
53 76
54 75
54 75
55 74
56 74
56 74
57 74
57 74
58 74
58 74
59 74
60 74
60 74
60 74
61 74
62 73
63 73
64 73
64 73
65 72
66 72
66 72
67 71
67 71
68 70
68 70
69 69
69 69
69 69
69 68
70 67
70 66
70 65
70 65
70 64
70 63
70 63
69 62
69 61
69 61
68 60
67 59
67 59
67 58
66 57
66 56
65 55
65 54
