2 7
2 7
2 7
2 7
2 6
3 5
3 4
3 4
4 3
4 3
5 2
6 2
6 2
7 1
8 1
8 1
9 1
10 1
10 1
11 1
11 1
12 1
13 1
13 1
14 2
14 3
14 3
15 4
15 5
15 5
16 6
16 7
16 7
16 8
16 8
16 9
16 10
16 11
16 11
15 12
15 13
15 13
15 14
14 15
14 16
14 16
13 17
12 18
12 18
11 19
11 20
10 21
10 21
9 21
8 21
7 22
6 22
5 22
4 22
3 22
2 23
1 23
0 23
0 23
0 23
0 23
0 23
0 23
0 23
1 24
2 24
2 24
3 25
3 25
3 26
4 27
4 28
4 28
4 29
4 30
4 30
5 31
5 32
5 32
5 33
5 34
5 34
5 35
5 36
5 36
5 37
5 38
5 38
5 39
5 40
5 40
6 41
6 41
6 42
6 42
6 42
6 42
7 41
7 40
7 40
7 39
8 38
8 37
8 37
8 36
9 35
9 34
9 34
9 33
9 32
9 31
9 31
10 30
10 29
10 29
11 28
11 27
11 27
11 26
12 25
12 24
12 24
13 23
13 22
14 21
14 21
15 20
15 19
16 18
16 17
16 17
17 16
18 15
19 14
19 14
20 13
21 12
21 12
22 11
22 11
23 10
23 10
24 10
24 10
24 11
24 12
24 12
23 13
23 13
23 14
22 15
22 16
22 16
22 17
22 18
22 19
22 19
21 20
21 21
20 22
20 22
20 23
19 24
19 25
19 25
18 26
18 27
17 28
17 28
17 29
16 30
16 31
16 31
16 32
15 33
15 34
15 34
15 35
14 36
14 37
14 38
14 38
14 39
13 40
13 41
13 41
13 42
13 43
13 43
13 43
13 43
13 43
14 42
14 42
15 41
15 40
15 40
16 39
16 38
16 38
17 37
17 36
17 36
18 35
18 34
18 34
19 33
20 32
20 32
21 31
22 30
22 30
23 29
23 28
23 28
24 27
24 27
25 26
25 26
25 26
25 26
25 27
25 27
25 28
25 28
25 29
25 30
25 30
24 31
24 32
24 32
24 33
23 34
23 35
23 35
23 36
22 37
22 38
22 39
22 39
22 40
21 41
21 42
21 43
20 44
20 45
20 45
20 46
20 47
19 48
19 49
19 50
19 51
19 51
19 52
18 53
18 54
18 55
18 56
17 57
17 58
17 59
17 59
17 60
17 61
17 62
17 63
16 64
16 65
16 66
16 67
16 68
16 68
16 69
16 70
16 71
15 72
15 73
15 74
15 75
15 76
15 76
15 77
15 78
15 79
14 80
14 81
14 82
14 83
14 83
14 84
14 85
14 86
13 87
13 88
13 89
13 90
13 90
13 91
13 92
13 93
13 94
13 95
13 95
13 96
12 97
12 98
12 99
12 99
11 100
11 100
11 100
11 99
11 98
12 97
12 96
12 95
12 94
12 93
13 92
13 91
13 90
13 89
13 88
14 87
14 86
14 85
14 84
14 83
15 82
15 81
15 80
15 79
15 78
16 77
16 76
16 75
16 74
16 73
17 72
17 71
17 70
17 69
17 68
18 67
18 66
18 65
18 64
18 63
19 62
19 61
19 60
19 59
19 58
20 57
20 56
20 55
20 54
20 53
21 52
21 51
21 50
21 49
21 48
22 47
22 46
22 45
22 45
23 45
24 44
25 44
26 43
27 43
28 43
29 42
30 42
30 42
31 42
32 42
33 41
34 41
35 41
35 41
36 41
37 41
38 41
39 41
40 41
40 41
41 41
42 41
43 41
44 41
45 41
46 41
47 41
47 41
48 41
49 41
50 41
51 41
52 41
53 41
54 41
54 41
55 41
56 41
57 41
58 41
59 41
60 41
61 41
62 41
63 41
64 41
64 41
65 41
66 41
67 41
68 41
69 41
70 41
71 41
72 41
73 41
73 41
74 41
75 41
76 41
77 41
78 41
79 41
80 41
81 41
81 41
82 41
83 41
84 41
85 41
86 41
87 41
88 41
88 41
89 41
90 41
91 40
92 40
93 40
93 40
94 40
95 40
96 40
96 40
97 40
98 40
98 40
99 40
100 40
100 40
100 40
99 40
99 40
98 40
97 40
97 40
96 40
95 41
94 41
93 41
92 42
91 42
90 42
89 43
88 43
87 43
86 44
85 44
84 44
83 45
82 45
81 45
80 45
79 46
78 46
77 46
76 47
75 47
74 47
73 48
72 48
71 48
70 49
69 49
68 49
67 50
66 50
65 50
64 51
63 51
62 51
61 52
60 52
59 52
58 53
57 53
56 53
55 54
54 54
53 54
52 54
51 55
50 55
49 55
48 56
47 56
46 56
45 57
44 57
43 57
42 58
41 58
40 58
39 59
38 59
37 59
36 60
35 60
34 60
33 61
32 61
31 61
30 62
29 62
28 62
27 63
26 63
25 63
24 63
23 64
22 64
21 64
20 65
19 65
18 65
17 66
16 66
15 66
14 67
13 67
12 67
11 68
10 68
10 68
10 68
10 68
10 68
10 68
10 68
11 68
12 68
12 68
13 69
14 70
14 70
15 71
15 72
16 73
16 73
17 74
18 75
19 76
19 76
20 77
21 78
22 79
22 79
23 80
23 81
24 82
24 82
25 83
26 84
26 84
26 85
26 85
27 86
27 86
28 86
28 86
29 85
29 85
29 84
30 83
30 82
30 82
30 81
31 80
31 79
32 78
32 77
32 77
33 76
33 75
34 74
34 73
34 73
34 72
35 71
35 70
35 69
36 68
36 67
36 67
36 66
37 65
37 64
37 63
38 62
38 61
38 61
39 60
39 59
40 58
40 57
40 57
41 56
42 55
42 55
43 54
43 54
43 54
44 54
44 54
44 55
44 55
44 56
43 57
43 58
43 58
43 59
42 60
42 61
42 62
42 62
42 63
41 64
41 65
41 66
41 66
41 67
41 68
40 69
40 70
40 71
40 71
39 72
39 73
38 74
38 75
38 75
38 76
37 77
37 78
37 79
37 79
37 80
36 81
36 82
36 82
36 83
36 83
36 83
36 83
37 82
37 81
38 80
38 80
39 79
39 78
40 77
40 77
41 76
41 75
42 74
42 74
43 73
44 72
44 72
45 71
46 71
46 71
47 70
47 70
48 70
49 70
49 70
50 71
51 71
51 71
51 71
52 72
53 72
54 73
55 73
56 74
56 74
57 75
58 75
58 75
59 76
59 76
60 75
60 75
61 74
62 74
62 74
62 73
62 72
62 71
62 71
62 71
62 70
62 69
63 68
63 67
63 66
63 65
63 64
63 63
64 62
64 61
64 60
64 60
64 59
64 58
64 57
64 56
64 55
64 54
64 53
64 53
64 52
64 51
64 50
64 49
64 48
64 47
64 46
64 45
64 44
64 44
64 43
64 42
64 41
64 40
63 39
63 38
63 37
63 36
63 35
63 34
63 34
63 33
63 32
63 31
63 30
63 29
63 28
63 27
63 26
63 25
63 24
63 23
63 23
63 22
63 21
63 20
62 19
62 18
62 17
62 16
62 15
62 15
62 14
62 13
62 12
62 11
62 11
61 10
61 9
61 9
