7 5
8 4
8 3
8 3
8 2
8 2
9 1
9 1
10 0
10 0
11 0
11 0
12 1
12 1
13 2
14 2
14 2
15 3
15 3
16 4
17 4
17 4
17 5
17 5
17 6
18 7
18 8
18 8
18 9
17 10
17 11
17 11
17 12
16 13
16 14
16 15
16 15
15 16
14 17
13 18
12 19
11 20
10 21
9 22
8 23
7 24
6 25
5 26
4 27
3 28
2 29
1 30
0 31
0 31
1 30
2 30
3 29
3 29
3 28
3 28
2 28
1 28
1 28
2 27
2 27
3 27
3 27
4 27
5 27
5 27
6 28
6 28
7 29
8 30
8 30
9 31
10 32
10 32
11 33
12 34
12 34
13 35
13 36
13 36
14 37
14 38
14 38
14 39
14 40
14 40
14 41
14 41
14 41
15 42
15 42
15 42
15 41
15 41
16 40
16 40
16 39
16 38
16 38
16 37
17 36
17 35
17 35
17 34
18 33
18 32
18 32
19 31
19 30
20 29
20 28
20 28
20 27
21 26
21 25
21 25
22 24
23 23
23 23
23 22
24 21
24 20
24 20
25 19
25 18
25 18
26 17
26 16
26 16
27 15
27 15
27 15
27 15
27 16
27 16
27 17
27 18
27 18
27 19
26 20
26 21
26 21
26 22
26 23
26 24
26 24
26 25
25 26
25 27
25 27
25 28
24 29
24 30
24 31
24 31
24 32
24 33
24 34
24 35
24 35
24 36
23 37
23 38
23 38
23 39
23 40
23 41
23 41
23 42
23 42
23 43
23 43
23 43
23 43
24 42
24 42
24 41
24 40
24 40
25 39
26 38
26 38
26 37
27 36
27 35
27 35
27 34
28 33
28 32
28 32
29 31
30 30
30 30
30 29
31 28
31 27
31 27
32 26
33 25
33 25
34 24
34 23
34 23
35 22
35 22
35 22
35 23
35 23
35 24
35 25
35 25
35 26
35 27
35 28
35 28
35 29
35 30
34 31
34 32
34 33
34 33
34 34
34 35
34 36
34 37
34 38
34 39
34 39
34 40
34 41
33 42
33 43
33 44
33 45
33 45
33 46
33 47
33 48
33 49
33 50
33 51
33 52
33 53
33 54
33 54
33 55
33 56
33 57
33 58
33 59
33 60
33 61
33 62
33 62
33 63
33 64
33 65
32 66
32 67
32 68
32 69
32 70
32 70
32 71
32 72
32 73
32 74
32 75
32 76
32 77
32 78
32 78
32 79
32 80
32 81
32 82
32 83
32 84
32 85
32 85
32 86
32 87
32 88
32 89
32 90
32 91
32 91
32 92
32 93
32 94
32 95
32 95
32 96
32 97
32 98
32 98
31 99
31 100
31 100
31 99
31 98
31 97
31 96
31 95
31 94
31 93
30 92
30 91
30 90
30 89
30 88
30 87
30 86
30 85
30 84
30 83
30 82
30 81
30 80
30 79
30 78
29 77
29 76
29 75
29 74
29 73
29 72
29 71
29 70
29 69
29 68
29 67
29 66
29 65
29 64
29 63
28 62
28 61
28 60
28 59
28 58
28 57
28 56
28 55
28 55
29 54
30 53
31 52
32 51
33 50
34 49
35 48
35 48
36 47
37 47
38 46
38 46
39 45
40 45
41 44
41 44
42 44
43 43
44 43
45 42
46 42
46 42
47 42
48 41
49 41
50 41
51 40
52 40
52 40
53 40
54 40
55 39
56 39
57 39
58 39
58 39
59 39
60 39
61 39
62 38
63 38
64 38
65 38
65 38
66 38
67 38
68 37
69 37
70 37
71 37
71 37
72 37
73 37
74 37
75 37
76 37
77 37
77 37
78 37
79 37
80 37
81 37
82 37
83 37
83 37
84 37
85 37
86 38
87 38
88 38
88 38
89 38
90 38
91 38
92 38
92 38
93 38
94 38
95 38
95 38
96 38
97 38
97 38
98 38
99 38
99 38
100 38
100 38
100 38
99 38
99 38
98 38
97 39
96 39
95 40
94 40
93 40
92 41
91 41
90 41
89 42
88 42
87 43
86 43
85 43
84 44
83 44
82 45
81 45
80 45
79 46
78 46
77 47
76 47
75 47
74 48
73 48
72 48
71 49
70 49
69 50
68 50
67 50
66 51
65 51
64 52
63 52
62 52
61 53
60 53
59 54
58 54
57 54
56 55
55 55
54 55
53 56
52 56
51 57
50 57
49 57
48 58
47 58
46 59
45 59
44 59
43 60
42 60
41 60
40 61
39 61
38 62
37 62
36 62
35 63
34 63
33 64
32 64
31 64
30 65
29 65
28 66
27 66
26 66
25 67
24 67
23 67
22 68
21 68
20 69
19 69
19 69
20 70
20 71
20 71
21 71
21 71
22 72
22 72
23 73
24 74
24 74
25 74
26 74
26 74
27 74
28 75
29 75
29 75
30 76
31 77
31 77
32 77
33 78
34 78
34 78
35 79
36 79
36 79
37 79
38 79
38 79
38 79
39 79
39 79
40 78
40 77
40 77
40 76
41 75
41 74
41 73
41 73
41 72
41 71
42 70
42 69
42 68
42 67
42 67
42 66
42 65
43 64
43 63
43 62
43 62
43 61
44 60
44 59
44 58
44 58
44 57
45 56
45 55
45 55
45 54
45 53
45 52
45 52
46 51
46 51
47 50
47 49
47 49
48 49
48 49
49 49
49 49
49 50
49 50
49 51
48 52
48 53
48 54
48 54
48 55
48 56
48 57
48 58
48 58
48 59
48 60
47 61
47 62
47 63
47 64
47 64
47 65
47 66
46 67
46 68
46 69
46 69
46 70
45 71
45 72
45 73
45 73
45 74
44 75
44 76
44 77
44 77
44 78
44 78
45 79
45 79
46 79
46 79
46 78
46 78
47 77
47 76
47 76
47 75
48 74
48 73
48 73
49 72
49 71
50 70
50 69
50 69
50 68
51 67
51 66
51 65
51 65
52 64
52 63
52 63
53 62
53 62
54 62
54 62
55 63
55 63
56 64
56 65
57 66
57 66
58 67
58 68
59 69
59 70
59 70
60 71
61 71
62 72
62 72
63 73
64 74
64 74
65 74
66 74
66 74
67 73
68 73
68 73
69 72
69 71
69 71
69 70
70 69
70 68
70 67
