4 5
4 5
4 5
4 5
4 4
4 3
4 3
4 2
4 2
5 2
5 2
6 1
7 1
7 1
8 1
8 1
9 0
10 0
10 0
11 1
11 1
12 1
12 1
13 2
13 2
14 3
14 4
14 4
14 5
14 6
14 7
14 7
14 8
14 9
14 9
13 10
12 11
11 12
10 13
9 14
8 15
7 16
7 17
6 18
5 19
4 20
3 21
2 22
1 23
0 24
0 24
0 23
0 22
0 21
0 20
0 20
1 19
1 18
1 18
1 17
1 17
1 17
2 16
2 16
3 16
3 16
3 17
3 17
4 18
4 18
5 19
5 20
5 20
5 21
6 22
6 23
6 23
7 24
7 25
7 25
7 26
7 27
7 27
7 28
7 29
7 29
8 30
8 30
8 31
8 32
8 32
8 33
8 33
9 33
9 33
9 34
9 34
9 34
10 33
10 32
10 32
11 31
11 30
11 30
11 29
12 28
12 27
12 27
12 26
13 25
13 24
13 24
13 23
14 22
14 21
14 21
15 20
16 19
16 19
17 18
17 17
17 17
18 16
18 15
18 15
19 14
20 13
20 13
21 12
22 12
22 12
23 11
24 10
24 10
25 10
25 10
26 10
26 10
26 10
26 11
26 11
25 12
25 13
25 13
25 14
25 15
25 15
24 16
24 17
24 17
23 18
23 19
23 19
23 20
22 21
22 22
22 22
22 23
21 24
21 25
21 26
21 26
21 27
20 28
20 29
20 29
19 30
19 31
19 31
18 32
18 33
18 33
18 34
18 34
18 35
18 35
19 35
19 35
19 34
19 34
20 33
20 33
21 32
22 31
22 31
23 30
23 29
24 28
24 28
25 27
25 26
26 25
26 25
27 24
27 23
28 22
28 22
29 21
30 20
30 20
31 19
32 19
32 19
33 18
33 18
33 18
33 18
33 19
33 20
33 20
32 21
32 22
32 22
32 23
32 24
32 25
32 25
32 26
31 27
31 28
31 29
31 29
31 30
31 31
30 32
30 33
30 34
30 34
30 35
30 36
30 37
29 38
29 39
29 40
29 41
29 41
29 42
29 43
29 44
28 45
28 46
28 47
28 48
28 49
28 49
28 50
28 51
28 52
27 53
27 54
27 55
27 56
27 57
27 57
27 58
27 59
27 60
27 61
26 62
26 63
26 64
26 65
26 66
26 66
26 67
26 68
26 69
26 70
26 71
26 72
26 73
26 74
26 74
26 75
26 76
26 77
25 78
25 79
25 80
25 81
25 82
25 82
25 83
25 84
25 85
25 86
25 87
25 88
25 88
25 89
24 90
24 91
24 92
24 92
24 93
24 94
24 95
24 95
23 96
23 97
23 97
23 98
23 99
23 99
23 100
23 100
23 100
23 99
23 98
23 97
23 96
23 95
24 94
24 93
24 92
24 91
24 90
24 89
24 88
24 87
24 86
24 85
24 84
24 83
25 82
25 81
25 80
25 79
25 78
25 77
25 76
25 75
25 74
25 73
25 72
25 71
26 70
26 69
26 68
26 67
26 66
26 65
26 64
26 63
26 62
26 61
26 60
26 59
27 58
27 57
27 56
27 55
27 54
27 53
27 52
27 51
27 50
27 49
27 48
27 47
28 46
28 45
28 44
28 43
28 42
28 41
28 41
29 40
30 39
31 39
32 38
32 38
33 38
33 38
34 38
34 38
35 38
36 38
36 38
37 38
38 38
39 38
39 38
40 38
41 38
42 38
43 38
44 38
44 38
45 38
46 38
47 39
48 39
49 39
50 39
50 39
51 39
52 39
53 40
54 40
55 40
56 40
56 40
57 40
58 41
59 41
60 41
61 41
62 42
63 42
64 42
64 42
65 42
66 42
67 43
68 43
69 43
70 43
70 43
71 43
72 44
73 44
74 44
75 45
76 45
76 45
77 45
78 45
79 46
80 46
81 46
81 46
82 46
83 46
84 46
85 46
86 46
86 46
87 46
88 46
89 46
90 46
90 46
91 46
92 46
93 46
94 46
94 46
95 46
96 45
97 45
97 45
98 45
99 45
99 45
100 44
100 44
99 44
99 44
98 44
97 44
96 45
95 45
94 45
93 45
92 46
91 46
90 46
89 46
88 47
87 47
86 47
85 47
84 48
83 48
82 48
81 48
80 49
79 49
78 49
77 49
76 49
75 50
74 50
73 50
72 50
71 51
70 51
69 51
68 51
67 52
66 52
65 52
64 52
63 53
62 53
61 53
60 53
59 54
58 54
57 54
56 54
55 54
54 55
53 55
52 55
51 55
50 56
49 56
48 56
47 56
46 57
45 57
44 57
43 57
42 58
41 58
40 58
39 58
38 58
37 59
36 59
35 59
34 59
33 60
32 60
31 60
30 60
29 61
28 61
27 61
26 61
25 62
24 62
23 62
22 62
21 63
20 63
19 63
19 63
19 63
19 63
19 63
19 63
20 64
21 65
22 66
22 66
23 67
24 68
25 69
25 69
26 70
26 71
27 72
27 72
28 73
29 74
29 75
30 76
30 76
31 77
32 78
33 79
33 79
34 80
35 81
36 82
36 82
37 83
37 84
38 85
38 85
39 86
39 87
39 87
40 88
40 89
40 89
40 90
40 90
40 90
40 90
40 89
40 88
40 88
40 87
40 86
40 85
40 85
40 84
41 83
41 82
41 81
41 81
41 80
41 79
41 78
41 77
41 77
41 76
41 75
42 74
42 73
42 72
42 72
42 71
43 70
43 69
43 68
43 68
43 67
44 66
44 65
44 65
44 64
45 63
45 62
45 62
45 61
46 60
46 59
46 59
47 58
48 57
48 57
49 56
50 56
50 56
51 56
51 56
52 56
52 56
52 56
52 57
52 57
52 58
52 59
52 60
52 60
52 61
52 62
52 63
52 63
52 64
51 65
51 66
51 67
51 67
51 68
51 69
51 70
51 71
51 71
51 72
51 73
51 74
51 74
51 75
51 76
51 77
51 77
51 78
51 79
51 79
50 80
50 81
50 81
50 82
50 82
50 83
50 83
50 83
50 82
50 81
50 81
51 80
51 79
51 79
51 78
51 77
51 77
52 76
53 75
53 75
54 74
54 73
54 73
55 72
55 72
56 73
56 73
57 74
57 74
58 75
59 75
59 75
60 76
61 77
61 77
62 77
63 77
63 77
64 77
65 78
66 78
66 78
67 77
67 77
68 76
68 76
69 75
69 74
