5 65
6 65
7 65
7 65
7 64
7 63
6 62
6 61
6 60
6 60
6 59
6 58
6 57
6 56
6 55
6 54
6 53
6 52
6 51
6 51
6 50
6 49
6 48
6 47
6 46
6 46
6 45
7 44
7 43
7 42
7 42
7 41
7 40
7 39
7 39
7 38
7 37
7 37
6 36
6 35
6 35
5 36
5 37
5 37
5 38
4 39
4 40
4 40
4 41
4 42
4 43
3 44
3 45
3 46
3 47
3 47
3 48
3 49
2 50
2 51
2 52
2 53
1 54
1 55
1 56
1 56
1 57
1 58
1 59
1 60
0 61
0 62
0 63
0 64
0 65
0 66
0 66
0 67
0 68
0 69
0 70
0 71
0 72
0 73
0 74
0 75
0 76
0 76
0 77
0 78
0 79
0 80
0 81
0 82
0 83
0 84
0 84
0 85
0 86
0 87
0 88
0 89
0 90
0 91
0 91
0 92
0 93
0 94
0 95
0 96
0 96
0 97
1 98
1 99
1 99
2 100
2 100
3 99
4 99
4 99
5 98
5 97
6 96
6 95
6 95
6 94
7 93
7 92
8 91
8 90
8 90
8 89
9 88
9 87
10 86
10 85
10 85
10 84
11 83
11 82
12 81
12 80
12 80
12 79
13 78
13 77
13 77
14 76
14 75
14 75
15 74
15 74
15 74
15 74
14 74
14 74
14 74
14 74
13 74
13 74
13 73
13 72
13 72
13 71
13 70
13 69
13 69
13 68
13 67
13 66
13 65
13 65
13 64
13 63
14 62
14 61
14 60
14 59
14 59
14 58
14 57
14 56
14 55
14 54
14 53
14 53
14 52
14 51
15 50
15 49
15 48
15 48
15 47
15 46
16 45
16 44
16 43
16 42
16 42
16 41
17 40
17 39
17 39
17 38
18 37
18 36
18 36
19 36
19 36
20 37
20 38
20 38
20 39
20 40
20 41
20 41
20 42
20 43
20 44
20 45
20 45
20 46
20 47
19 48
19 49
19 50
19 51
19 51
19 52
19 53
19 54
19 55
19 56
19 57
19 57
19 58
19 59
18 60
18 61
18 62
18 63
18 63
18 64
18 65
17 66
17 67
17 68
17 69
17 69
17 70
17 71
16 72
16 73
16 74
16 74
16 75
16 76
15 77
15 78
15 79
15 79
15 80
15 81
15 81
14 82
14 83
14 83
14 83
15 82
15 81
15 81
15 80
15 79
15 78
15 77
15 77
15 76
15 75
15 74
16 73
16 72
16 71
16 70
16 70
16 69
17 68
17 67
17 66
17 65
18 64
18 63
18 62
18 62
18 61
19 60
19 59
19 58
19 57
20 56
20 55
20 54
20 54
20 53
20 52
20 51
21 50
21 49
21 48
21 47
21 46
21 46
21 45
22 44
22 43
23 42
23 41
23 41
23 40
24 39
24 38
24 37
24 37
25 37
25 37
26 38
26 39
26 39
26 40
26 41
26 42
26 42
26 43
26 44
26 45
26 46
26 47
26 48
26 48
26 49
26 50
26 51
25 52
25 53
25 54
25 55
25 55
25 56
25 57
25 58
24 59
24 60
24 61
24 62
24 62
24 63
24 64
24 65
23 66
23 67
23 68
23 69
23 70
23 70
23 71
23 72
23 73
23 74
23 75
23 76
23 76
23 77
23 78
22 79
22 80
22 81
22 81
22 82
22 83
22 84
22 84
21 85
21 85
21 84
21 84
21 83
22 82
22 81
22 80
22 80
22 79
22 78
22 77
22 76
22 75
22 75
22 74
22 73
22 72
23 71
23 70
23 69
23 68
23 67
23 67
23 66
24 65
24 64
24 63
24 62
25 61
25 60
25 60
25 59
25 58
25 57
26 56
26 55
26 54
26 53
26 53
26 52
26 51
27 50
27 49
27 48
27 48
28 47
28 46
28 46
29 46
29 46
29 47
29 47
29 48
30 49
30 50
30 51
30 51
30 52
30 53
30 54
30 55
30 56
30 56
30 57
30 58
30 59
30 60
30 61
30 61
30 62
30 63
29 64
29 65
29 66
29 66
29 67
29 68
29 69
29 70
29 71
29 71
29 72
29 73
29 74
29 74
29 75
29 75
30 75
30 75
30 74
30 73
30 72
30 72
30 71
30 70
31 69
31 68
31 67
31 67
31 66
32 65
32 64
32 63
32 62
33 61
33 60
33 60
33 59
33 58
33 57
34 56
34 55
34 54
34 53
34 53
34 52
35 51
35 50
35 49
35 48
36 47
36 46
36 45
36 45
36 44
36 43
36 42
37 41
37 40
37 39
37 38
37 38
37 37
37 36
38 35
38 34
38 33
38 33
38 32
39 31
39 30
39 30
40 30
40 30
40 31
41 32
41 33
41 33
41 34
41 35
41 36
41 36
41 37
41 38
41 39
41 40
41 41
41 41
41 42
41 43
42 44
42 45
42 46
42 46
42 47
42 48
42 49
42 50
42 51
42 51
42 52
42 53
41 54
41 55
41 56
41 56
41 57
41 58
41 59
41 60
41 60
41 61
41 62
41 63
41 64
41 65
41 65
41 66
40 67
40 68
40 68
40 69
40 70
40 71
40 71
39 72
39 73
39 73
39 74
39 75
39 75
38 75
38 75
38 76
38 76
38 76
38 75
38 74
38 74
38 73
38 72
38 72
38 71
38 70
38 69
38 68
38 68
38 67
38 66
38 65
39 64
39 63
39 62
39 61
39 60
39 60
39 59
40 58
40 57
40 56
40 55
41 54
41 53
41 52
41 52
41 51
41 50
41 49
42 48
42 47
42 46
42 45
42 44
42 44
42 43
42 42
43 41
43 40
43 39
43 38
44 37
44 36
44 35
44 35
44 34
45 33
45 32
45 31
45 30
46 29
46 28
46 28
46 27
46 26
47 25
47 24
47 23
47 22
47 22
48 21
48 20
49 19
49 19
50 18
50 18
50 19
50 19
50 20
50 21
50 22
50 22
50 23
50 24
50 25
50 26
50 27
50 28
50 28
50 29
50 30
50 31
50 32
49 33
49 34
49 35
49 36
49 37
49 37
49 38
49 39
49 40
49 41
48 42
48 43
48 44
48 45
48 46
48 47
48 47
48 48
48 49
48 50
48 51
47 52
47 53
47 54
47 55
47 56
47 56
47 57
47 58
47 59
47 60
46 61
46 62
46 63
46 64
46 65
46 66
46 66
46 67
46 68
46 69
46 70
45 71
45 72
45 73
45 74
45 75
45 75
45 76
45 77
45 78
44 79
44 80
44 81
44 82
44 82
44 83
44 84
44 85
44 86
44 86
44 87
44 88
44 89
44 89
45 90
45 91
45 91
46 91
46 91
46 90
47 89
47 88
47 88
48 87
48 86
49 85
49 85
49 84
49 83
50 82
50 81
50 80
50 80
50 79
51 78
51 77
51 76
52 75
52 74
52 74
52 73
52 72
53 71
53 70
53 69
53 68
53 68
53 67
54 66
54 65
55 64
55 63
55 63
55 62
55 61
55 60
55 59
55 58
55 58
55 57
55 56
55 55
55 54
55 53
55 53
55 52
54 51
54 50
54 49
53 48
53 47
53 46
52 45
52 44
51 43
51 42
51 41
50 40
50 39
50 38
49 37
49 36
49 35
48 34
48 33
48 33
47 32
46 31
45 30
45 30
44 29
44 28
44 28
44 27
44 26
44 25
44 25
44 24
44 23
44 23
45 23
45 23
46 22
46 22
47 22
47 22
48 22
48 22
49 21
50 21
50 21
51 21
51 21
52 21
53 21
53 21
54 21
55 21
55 21
56 20
56 20
57 20
57 20
57 20
58 21
58 21
58 22
58 22
58 23
58 24
58 24
58 25
57 26
57 27
57 28
57 28
57 29
57 30
57 31
57 32
57 33
57 34
57 35
57 35
57 36
57 37
56 38
56 39
56 40
56 41
56 41
56 42
56 43
56 44
56 45
56 46
56 47
56 48
56 48
56 49
56 50
56 51
55 52
55 53
55 54
55 55
55 55
55 56
55 57
54 58
54 59
54 60
54 60
54 61
54 62
54 63
54 64
54 64
54 65
53 66
53 67
53 67
53 68
53 68
53 68
53 68
53 67
53 66
53 65
53 65
53 64
54 63
54 62
54 61
54 61
54 60
54 59
55 58
55 57
55 56
55 55
55 55
55 54
55 53
55 52
56 51
56 50
56 49
56 48
56 48
56 47
56 46
56 45
57 44
57 43
57 42
57 41
57 40
57 40
57 39
57 38
57 37
58 36
58 35
58 34
58 33
58 33
58 32
58 31
59 30
59 29
59 28
59 28
59 27
60 26
60 25
60 25
61 24
61 23
61 23
62 24
62 24
62 25
62 26
62 26
62 27
62 28
62 29
62 30
62 30
62 31
63 32
63 33
63 33
63 34
63 35
63 36
63 37
63 37
63 38
63 39
63 40
63 41
63 41
63 42
64 43
64 44
64 45
64 45
64 46
64 47
64 48
64 48
65 49
65 50
65 50
65 51
65 51
66 51
66 51
67 50
67 50
68 49
68 48
68 48
68 47
68 46
68 45
68 45
69 44
69 43
69 43
69 42
69 41
69 40
69 40
69 39
69 38
69 37
69 36
69 36
69 35
69 34
69 33
69 33
69 32
69 31
69 31
68 31
68 31
67 32
67 32
67 33
67 34
67 35
67 35
67 36
67 37
66 38
66 39
66 40
66 40
66 41
66 42
65 43
65 44
65 45
65 46
65 46
65 47
65 48
64 49
64 50
64 51
64 52
64 52
64 53
64 54
64 55
64 56
64 56
64 57
63 58
63 59
63 60
63 60
63 61
63 62
63 63
63 63
63 64
63 65
63 66
63 66
64 67
64 67
64 67
64 66
65 65
65 64
65 64
65 63
66 62
66 61
66 60
66 60
66 59
66 58
67 57
67 56
67 55
67 54
67 54
67 53
68 52
68 51
69 50
69 49
69 49
69 48
69 47
70 46
70 45
70 44
70 43
70 43
70 42
70 41
71 40
71 39
71 38
71 38
71 37
72 36
72 35
72 34
72 34
72 33
72 32
72 32
72 32
72 33
72 33
72 34
72 35
72 36
72 36
72 37
72 38
72 39
72 40
72 41
72 41
72 42
72 43
71 44
71 45
71 46
71 46
71 47
71 48
71 49
71 50
71 51
71 51
71 52
70 53
70 54
70 55
70 55
70 56
70 57
70 58
70 58
70 59
70 60
70 60
70 61
70 61
70 61
71 60
71 60
71 59
71 58
71 57
71 57
71 56
72 55
72 54
72 53
72 53
73 52
73 51
74 50
74 49
74 49
74 48
74 47
75 46
75 45
75 44
75 44
76 43
76 42
77 41
77 40
77 40
77 39
78 38
78 37
78 37
78 36
78 36
79 37
79 38
79 38
79 39
79 40
79 40
79 41
79 42
79 43
79 44
79 44
79 45
79 46
79 47
79 47
79 48
79 49
79 50
79 51
79 51
79 52
79 53
79 54
79 54
78 55
78 56
78 56
78 57
78 57
78 58
78 58
78 59
78 59
77 59
77 59
77 58
77 57
77 56
77 55
77 54
77 53
77 52
77 51
78 50
78 49
78 48
78 47
78 46
78 45
78 44
78 43
78 42
78 41
78 40
78 39
78 38
78 37
78 36
78 35
78 34
78 33
79 32
79 31
79 30
79 29
79 28
79 27
79 26
79 25
79 24
79 23
79 22
79 21
79 20
79 19
79 18
79 17
79 16
79 15
80 14
80 13
80 12
80 11
80 10
80 9
80 8
80 7
80 6
80 5
80 5
81 5
81 5
81 4
81 3
81 2
81 1
81 0
81 0
82 0
82 0
82 1
82 2
82 3
82 3
82 4
83 5
83 6
83 6
83 7
84 8
84 9
84 9
84 10
84 11
84 12
84 12
85 13
85 14
85 14
85 15
85 15
85 16
85 17
85 18
85 18
86 19
86 20
86 20
86 21
85 22
85 23
85 24
85 24
85 25
85 26
85 27
85 28
85 29
85 30
85 30
85 31
85 32
85 33
85 34
85 35
85 36
85 36
85 37
85 38
84 39
84 40
84 41
84 42
84 42
84 43
84 44
84 45
84 46
84 47
84 48
84 48
84 49
84 50
83 51
83 52
83 53
83 53
83 54
83 55
83 56
83 57
83 58
83 58
83 59
82 60
82 61
82 61
82 62
82 63
82 63
82 64
82 64
82 64
82 63
82 63
82 62
82 61
82 60
82 60
82 59
83 58
83 57
83 56
83 56
83 55
83 54
84 53
84 52
84 51
84 51
84 50
84 49
85 48
85 47
85 46
85 46
85 45
86 44
86 43
86 43
87 42
87 41
87 41
88 40
88 40
88 41
88 41
88 42
88 43
88 43
88 44
88 45
88 46
88 47
88 47
88 48
88 49
88 50
88 51
88 52
88 52
88 53
88 54
88 55
88 56
88 57
88 57
88 58
88 59
87 60
87 61
87 62
87 62
87 63
87 64
87 65
87 66
87 66
87 67
87 68
87 69
87 70
87 70
86 71
86 72
86 72
86 72
86 72
86 71
87 70
87 69
87 68
87 68
87 67
88 66
88 65
88 64
88 64
88 63
88 62
89 61
89 60
89 59
89 58
89 58
89 57
90 56
90 55
90 54
90 53
91 52
91 51
91 51
91 50
91 49
91 48
91 47
92 46
92 45
92 44
92 43
92 42
92 42
92 41
92 40
93 39
93 38
93 37
93 36
94 35
94 34
94 33
94 33
94 32
94 31
95 30
95 29
95 28
95 27
95 26
96 25
96 24
96 23
96 23
96 22
96 21
97 20
97 19
97 18
97 17
97 17
97 16
98 15
98 14
98 13
98 13
98 13
99 14
99 15
99 15
99 16
99 17
98 18
98 19
98 20
98 20
98 21
98 22
98 23
98 24
98 25
98 26
98 27
98 28
98 29
98 29
98 30
98 31
98 32
98 33
97 34
97 35
97 36
97 37
97 38
97 38
97 39
97 40
96 41
96 42
96 43
96 44
96 45
96 46
95 47
95 48
95 49
95 49
95 50
95 51
95 52
95 53
94 54
94 55
94 56
94 57
94 58
94 59
94 59
94 60
94 61
94 62
94 63
93 64
93 65
93 66
93 67
93 68
93 69
93 69
93 70
93 71
93 72
92 73
92 74
92 75
92 76
92 77
92 77
92 78
92 79
92 80
92 81
92 82
92 83
92 84
92 84
92 85
92 86
92 87
92 88
92 88
92 89
92 90
92 90
92 91
92 92
92 92
93 92
93 92
94 91
94 91
95 90
96 89
96 89
96 88
97 87
97 86
97 86
97 85
98 84
98 83
98 82
98 82
98 81
98 80
99 79
99 78
99 77
99 77
99 76
99 75
99 74
99 73
98 72
98 71
98 70
98 69
98 68
98 67
98 66
98 65
97 64
97 63
97 62
97 61
97 60
97 59
97 58
97 57
97 56
96 55
96 54
96 53
96 52
96 51
96 50
96 49
96 48
96 47
95 46
95 45
95 44
95 43
95 42
95 41
95 40
95 39
94 38
94 37
94 36
94 35
94 34
94 33
94 32
94 31
94 30
93 29
93 28
93 27
93 26
93 25
93 24
93 23
93 22
93 21
92 20
92 19
92 18
92 17
92 16
92 15
92 14
92 13
91 12
91 11
91 10
91 9
91 8
91 8
91 9
91 10
91 10
91 9
91 8
91 8
92 9
92 10
92 10
92 11
93 12
93 13
93 13
94 14
94 15
95 16
95 16
96 17
96 18
97 19
97 19
98 20
99 20
100 21
