4 41
4 40
4 39
4 38
4 37
4 36
5 35
5 34
5 33
5 32
5 31
5 30
5 30
5 29
5 28
6 27
6 26
6 25
6 25
6 24
6 23
6 22
6 21
6 20
6 20
6 19
6 18
6 17
6 17
6 16
6 15
6 14
6 14
6 13
6 12
6 12
5 12
5 12
4 13
4 13
4 14
3 15
3 16
3 16
3 17
2 18
2 19
2 20
2 20
2 21
2 22
1 23
1 24
1 25
1 26
1 26
1 27
1 28
1 29
0 30
0 31
0 32
0 33
0 34
0 34
0 35
0 36
0 37
0 38
0 39
0 40
0 41
0 42
0 43
0 44
0 44
0 45
0 46
0 47
0 48
0 49
0 50
0 51
0 52
0 53
0 53
0 54
0 55
0 56
0 57
0 58
0 59
0 60
0 61
0 61
0 62
0 63
0 64
0 65
0 66
0 67
0 67
0 68
0 69
1 70
1 71
1 72
1 72
1 73
2 74
2 75
2 75
3 75
3 75
4 74
4 74
5 73
5 72
6 71
6 71
6 70
7 69
7 68
8 67
8 66
8 66
8 65
9 64
9 63
9 63
10 62
10 61
11 60
11 60
12 59
12 58
12 58
12 57
12 57
12 57
12 57
12 57
11 58
11 58
11 59
11 59
10 60
10 60
9 60
9 60
9 59
9 59
9 58
9 57
9 57
9 56
9 55
9 54
9 54
9 53
10 52
10 51
10 50
10 50
10 49
10 48
11 47
11 46
11 45
11 44
11 44
11 43
11 42
11 41
12 40
12 39
12 38
12 37
12 36
12 36
12 35
12 34
13 33
13 32
13 31
13 31
13 30
14 29
14 28
14 27
14 27
14 26
15 25
15 24
15 24
16 23
16 23
16 24
16 24
17 25
17 26
17 26
17 27
17 28
17 29
17 29
17 30
17 31
17 32
17 33
17 34
17 35
17 35
17 36
17 37
17 38
16 39
16 40
16 41
16 42
16 42
16 43
16 44
16 45
15 46
15 47
15 48
15 49
15 49
15 50
15 51
14 52
14 53
14 54
14 55
14 55
14 56
14 57
13 58
13 59
13 60
13 60
13 61
12 62
12 63
12 64
12 64
12 65
12 66
12 67
12 67
11 68
11 69
11 69
11 69
11 69
11 68
11 67
12 66
12 65
12 64
12 63
13 62
13 61
13 60
13 59
13 58
14 57
14 56
14 55
14 54
15 53
15 52
15 51
15 50
16 49
16 48
16 47
16 46
16 45
17 44
17 43
17 42
17 41
18 40
18 39
18 38
18 38
18 37
18 36
19 35
19 34
19 33
19 32
19 32
20 32
20 32
20 33
20 33
20 34
20 35
20 36
20 37
20 37
20 38
20 39
19 40
19 41
19 42
19 43
19 43
19 44
19 45
19 46
18 47
18 48
18 49
18 50
18 50
18 51
18 52
18 53
18 54
18 55
18 56
18 57
18 57
18 58
18 59
17 60
17 61
17 62
17 63
17 63
17 64
16 65
16 66
16 67
16 67
16 68
15 69
15 70
15 71
15 71
15 72
15 73
15 74
15 74
15 74
15 74
15 73
15 72
15 71
15 70
15 70
15 69
16 68
16 67
16 66
16 66
16 65
16 64
17 63
17 62
17 61
17 60
17 60
17 59
18 58
18 57
18 56
19 55
19 54
19 54
19 53
19 52
19 51
20 50
20 49
20 48
20 47
20 47
20 46
20 45
21 44
21 43
21 42
21 41
21 41
21 40
22 39
22 38
22 38
22 37
23 36
23 35
23 35
23 35
23 36
24 37
24 38
24 38
24 39
24 40
24 41
24 41
24 42
24 43
24 44
23 45
23 46
23 47
23 48
23 48
23 49
23 50
23 51
23 52
23 53
23 54
23 54
23 55
23 56
22 57
22 58
22 59
22 60
22 60
22 61
22 62
22 63
22 64
22 65
22 65
22 66
21 67
21 68
21 69
21 69
21 70
21 71
21 72
21 72
21 72
21 71
21 71
22 70
22 69
22 69
22 68
22 67
23 66
23 65
23 64
23 63
23 63
23 62
24 61
24 60
24 59
25 58
25 57
25 57
25 56
25 55
25 54
26 53
26 52
26 51
26 50
26 49
26 49
26 48
26 47
27 46
27 45
27 44
27 43
27 42
28 41
28 40
28 39
28 39
28 38
29 37
29 36
29 35
29 34
30 33
30 32
30 32
30 31
30 30
31 29
31 28
31 27
31 26
31 26
31 25
32 24
32 23
32 23
33 23
33 23
33 24
33 24
33 25
34 26
34 27
34 27
34 28
34 29
34 30
34 31
34 31
34 32
34 33
34 34
34 35
34 36
34 36
34 37
34 38
34 39
34 40
34 41
34 42
34 42
34 43
34 44
34 45
34 46
34 47
34 48
34 48
34 49
34 50
34 51
34 52
34 53
34 53
34 54
34 55
34 56
34 57
34 57
34 58
34 59
34 60
34 60
34 61
33 62
33 63
33 63
33 64
33 64
33 65
33 65
32 66
32 66
32 67
32 67
31 67
31 67
30 68
30 68
30 68
29 68
29 68
29 67
29 67
29 66
30 65
30 64
30 63
30 62
31 61
31 60
31 59
31 58
32 57
32 56
32 55
32 54
33 53
33 52
33 51
34 50
34 49
34 48
34 47
35 46
35 45
35 44
35 43
36 42
36 41
36 40
36 39
37 38
37 37
37 36
38 35
38 34
38 33
38 32
39 31
39 30
39 29
39 28
40 27
40 26
40 25
40 24
41 23
41 22
41 22
41 21
42 20
42 19
42 18
42 17
43 16
43 15
43 15
44 15
44 15
44 16
44 17
44 17
44 18
44 19
44 20
44 21
44 22
44 22
44 23
44 24
44 25
44 26
44 27
44 28
44 29
44 30
44 30
44 31
44 32
44 33
44 34
43 35
43 36
43 37
43 38
43 39
43 40
43 40
43 41
43 42
43 43
43 44
43 45
42 46
42 47
42 48
42 49
42 50
42 51
42 52
42 52
42 53
42 54
42 55
41 56
41 57
41 58
41 59
41 60
41 60
41 61
41 62
41 63
40 64
40 65
40 66
40 67
40 67
40 68
40 69
40 70
39 71
39 72
39 73
39 74
39 74
39 75
39 76
39 77
39 78
39 78
39 79
39 80
39 81
39 82
39 82
39 83
39 84
39 85
39 85
40 86
40 86
41 85
41 85
42 84
42 83
42 83
43 82
43 81
44 80
44 80
44 79
45 78
45 77
45 76
45 76
45 75
46 74
46 73
46 72
46 72
46 71
46 70
47 69
47 68
47 67
47 67
47 66
47 65
47 64
47 63
46 62
46 61
46 60
46 59
46 58
46 57
46 56
46 55
46 54
46 53
45 52
45 51
45 50
45 49
45 48
45 47
45 46
45 45
45 44
45 43
44 42
44 41
44 40
44 39
44 38
44 37
44 37
43 37
42 36
41 36
41 36
40 35
40 35
39 34
39 33
39 33
39 32
39 31
39 31
39 31
39 32
39 32
40 33
40 33
40 33
41 33
41 33
42 33
43 33
43 33
44 32
44 32
45 31
46 30
46 30
47 29
47 29
48 28
49 28
49 28
50 27
50 27
51 27
51 27
51 27
51 28
51 29
51 30
51 30
51 31
51 32
51 33
51 33
51 34
51 35
51 36
51 37
51 38
51 38
51 39
51 40
51 41
51 42
51 43
51 44
51 44
51 45
51 46
51 47
50 48
50 49
50 50
50 51
50 52
50 52
50 53
50 54
49 55
49 56
49 57
49 58
49 58
49 59
49 60
48 61
48 62
48 63
48 63
48 64
48 65
48 66
48 67
48 68
48 68
48 69
47 70
47 71
47 71
47 72
47 73
47 74
47 74
46 75
46 76
46 76
46 76
46 76
47 76
47 76
47 75
47 74
47 74
47 73
47 72
47 71
47 70
47 69
47 69
47 68
47 67
48 66
48 65
48 64
48 63
48 63
48 62
48 61
48 60
49 59
49 58
49 57
49 56
49 56
49 55
50 54
50 53
50 52
50 51
51 50
51 49
51 48
51 48
51 47
51 46
51 45
51 44
52 43
52 42
52 41
52 40
52 39
52 39
52 38
52 37
53 36
53 35
53 34
53 34
54 33
54 32
54 32
54 32
55 33
55 34
55 34
55 35
55 36
55 36
55 37
55 38
55 39
55 39
55 40
55 41
55 42
55 43
55 43
55 44
56 45
56 46
56 47
56 47
56 48
56 49
56 50
56 51
56 52
56 52
56 53
56 54
56 55
56 55
56 56
56 57
56 58
56 59
56 59
57 60
57 61
57 61
58 61
58 61
59 61
59 61
60 60
60 59
60 59
60 58
61 57
61 56
61 56
61 55
62 54
62 53
62 53
62 52
63 51
63 50
63 49
63 49
63 48
63 47
63 46
63 45
63 44
63 44
63 43
63 42
64 41
64 40
64 39
64 39
64 38
64 37
64 36
64 36
63 35
63 35
63 35
63 36
62 37
62 38
62 39
62 39
62 40
62 41
61 42
61 43
61 44
61 44
61 45
61 46
61 47
60 48
60 49
60 50
60 51
60 51
60 52
60 53
59 54
59 55
59 56
59 56
59 57
59 58
58 59
58 60
58 61
58 61
58 62
58 63
58 64
58 64
58 65
57 66
57 67
57 67
58 68
58 68
58 69
58 69
59 68
59 68
59 67
60 66
60 65
60 65
60 64
61 63
61 62
61 61
61 61
61 60
61 59
62 58
62 57
62 56
62 56
62 55
63 54
63 53
64 52
64 51
64 51
64 50
64 49
65 48
65 47
65 46
65 45
65 45
65 44
66 43
66 42
66 41
66 41
66 40
67 39
67 38
67 38
67 37
67 37
67 37
67 38
67 38
67 39
67 40
67 41
67 42
67 42
67 43
67 44
67 45
67 46
67 47
67 47
67 48
67 49
66 50
66 51
66 52
66 53
66 53
66 54
66 55
65 56
65 57
65 58
65 58
65 59
65 60
65 61
65 62
65 62
65 63
64 64
64 65
64 66
64 66
64 67
64 68
64 68
64 69
64 70
64 70
64 71
64 72
64 72
64 73
64 73
65 73
65 73
65 72
65 72
65 71
66 70
66 69
66 69
66 68
67 67
67 66
67 66
67 65
68 64
68 63
69 62
69 61
69 61
69 60
69 59
70 58
70 57
70 56
70 56
70 55
70 54
71 53
71 52
71 51
71 51
71 50
72 49
72 48
72 48
73 47
73 46
73 46
73 46
73 47
73 48
73 49
73 49
73 50
73 51
73 52
73 52
73 53
73 54
73 55
73 56
73 56
73 57
73 58
73 59
73 60
73 60
73 61
72 62
72 63
72 63
72 64
72 65
72 66
72 66
72 67
72 68
72 68
71 69
71 69
71 70
71 70
71 70
71 69
71 68
71 67
71 66
71 65
71 64
72 63
72 62
72 61
72 60
72 59
72 58
72 57
72 56
72 55
72 54
72 53
72 52
72 51
72 50
73 49
73 48
73 47
73 46
73 45
73 44
73 43
73 42
73 41
73 40
73 39
73 38
73 37
74 36
74 35
74 34
74 33
74 32
74 31
74 30
74 29
74 28
74 27
74 26
74 25
74 24
75 23
75 22
75 21
75 20
75 19
75 18
75 17
75 16
75 15
75 14
75 13
75 12
75 11
75 10
76 9
76 8
76 7
76 6
76 5
76 4
76 3
76 3
77 4
77 5
77 5
77 4
77 3
77 2
77 1
77 0
77 0
77 0
77 1
77 2
77 2
77 3
78 4
78 5
78 5
78 6
79 7
79 8
79 8
80 9
80 10
80 10
80 11
80 11
80 12
80 12
81 13
81 13
81 14
81 15
81 16
81 16
81 17
81 18
81 19
81 20
81 20
81 21
81 22
81 23
81 24
81 25
81 26
81 26
81 27
81 28
81 29
81 30
81 31
81 32
81 33
81 34
81 34
81 35
81 36
81 37
80 38
80 39
80 40
80 41
80 42
80 42
80 43
80 44
80 45
80 46
80 47
80 48
80 49
80 50
80 50
80 51
80 52
79 53
79 54
79 55
79 56
79 56
79 57
79 58
78 59
78 60
78 61
78 61
78 62
78 63
78 64
78 64
78 65
78 66
78 66
77 66
77 66
77 66
78 65
78 64
78 64
78 63
78 62
78 61
78 60
78 60
78 59
79 58
79 57
79 56
79 56
79 55
79 54
80 53
80 52
80 51
80 51
80 50
81 49
81 48
81 47
81 47
82 46
82 45
82 45
83 44
83 44
83 45
83 45
83 46
84 47
84 48
84 48
84 49
84 50
84 51
84 52
84 52
84 53
84 54
84 55
84 56
84 57
84 57
84 58
84 59
83 60
83 61
83 62
83 62
83 63
83 64
83 65
83 65
83 66
83 67
83 68
83 68
83 69
83 70
83 70
83 69
83 69
84 68
84 67
84 67
84 66
85 65
85 64
85 63
85 63
85 62
85 61
86 60
86 59
86 58
86 58
86 57
86 56
87 55
87 54
87 53
87 52
87 52
87 51
87 50
87 49
88 48
88 47
88 46
88 45
88 45
88 44
88 43
89 42
89 41
89 40
89 39
90 38
90 37
90 36
90 36
90 35
90 34
90 33
90 32
91 31
91 30
91 29
91 28
91 27
91 27
91 26
91 25
92 24
92 23
92 22
92 22
93 21
93 20
93 20
94 21
94 21
94 22
94 23
94 24
94 24
94 25
94 26
94 27
94 28
94 29
94 30
94 30
94 31
94 32
94 33
93 34
93 35
93 36
93 37
93 38
93 38
93 39
93 40
93 41
93 42
92 43
92 44
92 45
92 46
92 47
92 48
92 48
92 49
92 50
91 51
91 52
91 53
91 54
91 55
90 56
90 57
90 58
90 58
90 59
90 60
90 61
89 62
89 63
89 64
89 65
89 66
89 66
89 67
89 68
89 69
89 70
88 71
88 72
88 73
88 74
88 75
88 75
88 76
88 77
88 78
88 79
88 80
88 81
88 82
88 83
88 83
88 84
88 85
87 86
87 87
87 88
87 89
87 89
87 90
87 91
87 92
87 93
87 94
87 95
87 95
87 96
87 97
87 98
87 99
87 99
88 100
88 100
89 100
89 100
89 99
90 98
90 97
90 97
91 96
91 95
92 94
92 93
92 93
92 92
93 91
93 90
94 89
94 88
94 88
94 87
94 86
95 85
95 84
95 83
95 83
96 82
96 81
97 80
97 79
97 79
97 78
97 77
98 76
98 75
98 74
98 74
98 73
98 72
98 71
97 70
97 69
97 68
97 67
97 66
97 65
97 64
97 63
96 62
96 61
96 60
96 59
96 58
96 57
96 56
96 55
95 54
95 53
95 52
95 51
95 50
95 49
95 48
95 47
94 46
94 45
94 44
94 43
94 42
94 41
94 40
94 39
93 38
93 37
93 36
93 35
93 34
93 33
93 32
93 31
92 30
92 29
92 28
92 27
92 26
92 25
92 24
92 23
91 22
91 21
91 20
91 19
91 18
91 18
90 17
89 16
88 15
88 15
88 14
88 13
88 13
88 12
87 11
87 10
87 10
88 10
88 10
88 11
88 12
88 12
89 13
90 14
90 14
91 15
92 16
93 17
93 17
94 18
94 19
95 20
95 20
96 21
97 21
98 22
98 22
99 23
99 24
100 25
