10 48
10 47
11 46
11 45
11 45
11 44
11 43
11 42
11 41
11 40
11 40
11 39
11 38
11 37
11 37
11 36
11 35
11 35
11 34
11 33
11 32
11 32
11 31
11 30
11 29
11 29
10 29
10 29
9 30
8 31
8 31
8 32
7 33
7 34
7 35
7 36
6 37
6 38
6 38
6 39
6 40
5 41
5 42
5 43
5 44
5 45
5 46
4 47
4 48
4 49
4 49
4 50
4 51
4 52
3 53
3 54
3 55
3 56
3 57
3 58
2 59
2 60
2 61
2 62
2 62
2 63
2 64
2 65
2 66
2 67
1 68
1 69
1 70
1 71
1 72
1 73
1 74
1 74
1 75
1 76
1 77
1 78
0 79
0 80
0 81
0 82
0 83
0 84
0 84
0 85
0 86
0 87
0 88
0 89
0 90
0 91
0 91
0 92
0 93
0 94
0 95
0 96
0 96
0 97
1 98
1 99
1 99
2 100
2 100
3 100
4 100
4 100
5 99
5 98
6 97
6 96
6 96
7 95
7 94
8 93
8 92
8 92
8 91
9 90
9 89
10 88
10 87
11 86
11 85
11 85
11 84
12 83
12 82
12 81
13 80
13 79
13 79
13 78
14 77
14 76
14 75
14 74
15 73
15 72
15 72
16 71
16 70
17 69
17 69
18 68
18 67
18 67
19 67
19 67
19 67
19 67
19 68
19 68
18 69
18 69
18 69
17 68
17 68
17 67
17 66
17 66
17 65
16 64
16 63
16 63
16 62
16 61
16 60
16 60
16 59
16 58
16 57
16 56
16 55
16 55
16 54
16 53
17 52
17 51
17 50
17 49
17 49
17 48
17 47
18 46
18 45
18 44
18 43
18 43
18 42
18 41
19 40
19 39
19 38
19 37
19 37
19 36
19 35
20 34
20 33
20 32
20 32
20 31
21 30
21 29
21 28
21 28
22 27
22 27
22 27
23 28
23 29
23 29
23 30
23 31
23 32
23 33
23 33
23 34
23 35
23 36
23 37
23 38
23 39
23 39
23 40
23 41
23 42
23 43
23 44
23 45
23 45
23 46
23 47
23 48
22 49
22 50
22 51
22 52
22 53
22 53
22 54
22 55
22 56
22 57
22 58
22 59
22 60
22 60
22 61
22 62
21 63
21 64
21 65
21 66
21 66
21 67
21 68
20 69
20 70
20 71
20 72
20 72
20 73
19 74
19 75
18 76
18 77
18 77
17 78
17 79
17 79
16 80
16 81
16 81
15 81
15 81
15 80
15 79
15 79
15 78
15 77
15 77
15 76
15 75
16 74
16 73
16 72
16 72
16 71
16 70
17 69
17 68
17 67
17 66
17 66
17 65
18 64
18 63
18 62
18 61
19 60
19 59
19 58
20 57
20 56
20 55
20 54
21 53
21 52
21 51
22 50
22 49
22 48
22 47
23 46
23 45
23 45
23 44
24 43
24 42
24 41
25 40
25 39
25 38
26 37
26 36
26 36
27 35
27 35
27 35
27 36
27 37
27 37
27 38
27 39
27 40
27 41
27 41
27 42
27 43
27 44
27 45
27 46
27 47
27 47
27 48
27 49
26 50
26 51
26 52
26 53
26 53
26 54
26 55
26 56
26 57
26 58
26 59
26 59
26 60
26 61
25 62
25 63
25 64
25 64
25 65
25 66
25 67
25 68
25 68
24 69
24 70
24 70
24 71
24 72
24 72
24 72
24 71
24 71
24 70
24 70
24 69
25 68
25 67
25 66
25 66
25 65
25 64
25 63
26 62
26 61
26 60
26 59
26 59
26 58
26 57
26 56
27 55
27 54
27 53
27 52
27 52
27 51
27 50
27 49
28 48
28 47
28 46
28 45
28 44
28 44
28 43
28 42
29 41
29 40
29 39
29 39
30 38
30 37
30 37
31 37
31 37
31 38
31 38
31 39
31 40
31 40
31 41
31 42
31 43
31 44
31 44
31 45
31 46
31 47
31 48
31 49
31 49
31 50
31 51
31 52
31 53
31 53
31 54
31 55
31 56
31 56
31 57
31 58
31 59
31 59
31 60
31 60
31 60
32 59
32 59
32 58
33 57
33 56
33 55
33 55
33 54
33 53
34 52
34 51
34 50
34 49
34 49
34 48
34 47
34 46
35 45
35 44
35 43
35 42
35 42
35 41
36 40
36 39
36 38
36 37
37 36
37 35
37 34
37 34
37 33
37 32
37 31
37 30
37 29
37 29
38 28
38 27
38 27
38 27
38 28
38 28
38 29
38 30
38 31
38 31
38 32
38 33
37 34
37 35
37 36
37 36
37 37
37 38
37 39
37 40
37 41
37 42
37 42
37 43
37 44
37 45
37 46
37 47
37 47
37 48
37 49
38 50
38 51
38 52
38 52
38 53
38 54
38 55
38 56
38 56
38 57
39 58
39 59
39 59
39 60
39 61
39 62
39 62
39 63
39 64
39 64
39 65
39 65
39 66
39 66
39 67
39 68
39 68
38 69
38 70
38 70
37 71
37 72
37 72
37 73
37 73
36 73
36 73
36 73
36 72
36 71
36 70
36 70
36 69
36 68
36 67
36 67
36 66
36 65
37 64
37 63
37 62
37 62
37 61
37 60
37 59
37 58
37 57
37 56
37 56
37 55
38 54
38 53
38 52
38 51
39 50
39 49
39 48
39 48
39 47
39 46
39 45
40 44
40 43
40 42
40 41
40 41
40 40
41 39
41 38
41 37
41 36
42 35
42 34
42 34
42 33
43 32
43 31
43 30
44 29
44 28
44 28
44 27
44 26
45 25
45 24
45 23
45 22
45 22
45 21
46 20
46 19
47 18
47 17
47 17
47 16
48 15
48 14
48 13
48 13
48 13
48 14
48 15
48 15
48 16
48 17
48 18
48 18
48 19
48 20
48 21
47 22
47 23
47 24
47 25
47 26
47 26
47 27
47 28
47 29
46 30
46 31
46 32
46 33
46 34
46 34
46 35
46 36
46 37
46 38
45 39
45 40
45 41
45 42
45 43
45 43
45 44
45 45
45 46
45 47
44 48
44 49
44 50
44 51
44 52
44 52
44 53
44 54
44 55
44 56
44 57
44 58
44 59
44 59
44 60
44 61
44 62
44 63
44 64
44 65
44 65
44 66
44 67
44 68
44 69
44 69
44 70
44 71
44 72
44 72
45 73
45 74
45 74
46 75
46 75
47 74
48 73
48 73
49 72
50 71
50 71
50 70
51 69
51 68
51 67
51 67
52 66
52 65
53 64
53 64
53 63
53 62
53 61
53 60
53 60
53 59
54 58
54 57
54 56
54 56
54 55
54 54
53 53
53 52
53 51
53 50
52 49
52 48
52 47
52 46
52 45
51 44
51 43
51 42
51 41
50 40
50 39
50 38
50 37
49 36
49 35
49 34
49 33
49 32
48 31
48 30
48 29
48 28
47 27
47 26
47 25
47 25
46 24
46 23
45 22
45 21
44 20
44 20
44 19
44 18
44 18
43 17
43 16
43 16
43 15
43 15
44 16
44 16
45 15
46 15
46 15
47 15
47 15
48 15
49 15
49 15
50 16
50 16
51 16
52 16
52 16
53 17
53 17
54 18
54 18
55 19
55 19
56 19
56 19
56 20
56 20
56 21
56 21
55 22
55 23
55 23
55 24
55 25
55 26
55 26
55 27
55 28
54 29
54 30
54 31
54 32
54 32
54 33
54 34
53 35
53 36
53 37
53 38
53 38
53 39
53 40
53 41
52 42
52 43
52 44
52 45
52 45
52 46
52 47
52 48
51 49
51 50
51 51
51 52
51 52
51 53
51 54
51 55
51 56
51 57
51 57
51 58
51 59
51 60
51 61
51 62
51 62
51 63
51 64
51 65
51 65
51 66
51 67
51 67
51 67
51 67
51 66
51 65
51 65
51 64
51 63
51 62
51 62
51 61
51 60
51 59
51 58
51 57
51 56
51 56
51 55
51 54
51 53
52 52
52 51
52 50
52 49
52 48
52 48
52 47
52 46
52 45
52 44
53 43
53 42
53 41
53 40
53 39
53 38
53 38
53 37
54 36
54 35
54 34
55 33
55 32
55 32
55 31
56 30
56 29
56 28
56 28
57 27
57 26
57 26
58 26
58 26
58 27
58 28
58 28
59 29
59 29
59 30
59 31
59 31
59 32
59 33
59 34
59 34
60 35
60 36
60 36
60 37
60 38
60 39
60 39
60 40
60 41
60 41
61 42
61 42
62 42
62 42
63 41
63 41
64 40
64 39
64 39
64 38
64 37
64 36
64 36
65 35
65 34
65 34
65 33
65 32
65 32
65 31
65 30
65 30
64 29
64 29
63 29
63 29
63 30
62 31
62 32
62 32
62 33
61 34
61 35
61 36
61 36
61 37
61 38
60 39
60 40
60 41
60 42
60 42
60 43
60 44
60 45
60 46
60 47
60 47
60 48
59 49
59 50
59 51
59 51
59 52
59 53
59 54
59 54
59 55
59 56
59 56
60 57
60 57
60 58
60 58
61 57
61 57
61 56
62 55
62 54
62 54
62 53
63 52
63 51
63 50
63 50
63 49
63 48
64 47
64 46
64 45
64 45
64 44
64 43
65 42
65 41
65 40
65 40
65 39
65 38
66 37
66 36
66 35
66 35
66 34
66 33
67 32
67 31
67 30
67 30
67 29
67 28
67 28
67 27
67 27
67 28
67 28
67 29
67 30
67 31
67 31
67 32
67 33
66 34
66 35
66 36
66 37
66 37
66 38
66 39
66 40
66 41
66 42
66 42
66 43
66 44
65 45
65 46
65 47
65 47
65 48
65 49
65 50
65 50
65 51
65 52
65 53
65 53
66 54
66 54
66 55
66 55
66 55
67 54
67 53
67 53
67 52
67 51
67 51
67 50
68 49
68 48
68 47
68 46
69 45
69 44
69 43
69 42
70 41
70 40
70 39
70 38
71 37
71 36
71 36
71 35
71 34
72 33
72 32
72 31
72 31
72 31
72 32
72 32
72 33
72 34
72 35
72 36
72 36
72 37
72 38
72 39
72 40
72 41
72 41
72 42
72 43
71 44
71 45
71 46
71 47
71 47
71 48
71 49
71 50
71 51
71 52
71 52
71 53
71 54
71 55
71 55
71 56
71 57
71 57
71 58
71 58
71 57
71 57
71 56
71 56
71 55
71 54
71 53
71 52
71 52
71 51
71 50
71 49
71 48
71 47
71 46
71 45
71 44
71 43
71 42
71 41
71 40
72 39
72 38
72 37
72 36
72 35
72 34
72 33
72 32
72 31
72 30
72 29
72 28
72 27
72 26
72 25
72 24
72 23
72 22
72 21
72 20
72 19
72 18
72 17
72 16
73 15
73 14
73 13
73 12
73 11
73 10
73 9
73 8
73 7
73 6
73 5
73 4
73 3
73 3
74 4
74 5
74 5
74 4
74 4
74 3
74 2
74 1
74 0
74 0
74 1
75 2
75 3
75 3
76 4
76 5
76 5
77 6
77 7
77 7
78 7
78 7
78 8
78 8
79 9
79 9
79 10
79 11
79 12
80 13
80 14
80 15
80 16
80 16
80 17
80 18
80 19
80 20
80 21
80 22
80 23
80 24
80 25
80 25
79 26
79 27
79 27
79 28
78 29
78 30
78 31
78 31
78 32
78 33
78 34
78 35
78 36
78 37
78 37
78 38
78 39
77 40
77 41
77 42
77 42
77 43
77 44
77 45
77 46
77 46
77 47
77 48
77 49
77 50
77 51
77 51
77 52
76 53
76 54
76 54
76 55
76 55
76 56
76 56
76 55
76 55
76 54
77 53
77 52
77 52
77 51
77 50
77 49
77 48
77 47
77 47
77 46
77 45
78 44
78 43
78 42
78 41
78 41
78 40
79 39
79 38
79 37
79 36
80 35
80 34
80 34
80 33
81 32
81 31
81 30
81 30
81 29
82 28
82 27
82 27
83 27
83 27
83 28
83 29
83 30
83 30
83 31
83 32
83 33
83 34
83 34
83 35
83 36
83 37
83 38
83 39
83 39
83 40
83 41
83 42
83 43
83 44
83 45
83 45
83 46
83 47
83 48
83 49
83 49
83 50
83 51
83 52
83 52
83 53
83 53
83 53
84 52
84 51
84 51
84 50
84 49
84 48
84 47
84 47
84 46
85 45
85 44
85 43
86 42
86 41
86 41
86 40
86 39
87 38
87 37
87 36
87 35
87 35
87 34
88 33
88 32
88 31
88 30
89 29
89 28
89 28
89 27
89 26
89 25
90 24
90 23
90 22
90 21
90 21
90 20
90 19
91 18
91 17
91 16
91 15
91 15
92 14
92 14
92 15
92 16
92 16
92 17
92 18
92 19
92 20
92 20
92 21
92 22
92 23
92 24
92 25
92 26
92 26
92 27
91 28
91 29
91 30
91 31
90 32
90 33
90 34
90 34
90 35
90 36
90 37
90 38
89 39
89 40
89 41
89 42
89 43
89 43
89 44
89 45
89 46
89 47
88 48
88 49
88 50
88 51
88 52
88 53
88 53
88 54
88 55
88 56
87 57
87 58
87 59
87 60
87 61
87 61
87 62
87 63
87 64
87 65
87 66
87 67
87 68
87 69
87 69
87 70
87 71
88 72
88 73
88 74
88 75
88 75
88 76
88 77
88 78
88 79
88 79
89 80
89 80
90 79
91 78
91 78
91 77
92 76
92 75
92 74
92 74
93 73
93 72
94 71
94 70
94 70
94 69
95 68
95 67
95 66
95 66
95 65
95 64
96 63
96 62
96 61
96 61
96 60
96 59
97 58
97 57
97 56
97 56
97 55
97 54
97 53
97 52
97 51
97 51
97 50
97 49
97 48
97 47
97 46
97 45
97 45
97 44
97 43
97 42
96 41
96 40
96 39
96 38
96 38
96 37
96 36
95 35
95 34
95 33
95 32
95 32
95 31
94 30
94 29
94 28
94 27
93 26
93 25
93 25
93 24
92 23
92 22
92 21
91 20
91 19
91 19
91 18
90 17
90 16
90 15
89 14
89 13
89 13
89 12
88 11
88 10
88 10
88 9
88 9
89 10
89 10
90 10
90 10
91 11
91 11
92 11
93 11
93 11
94 11
95 12
96 12
96 12
97 13
98 13
98 13
99 14
100 14
