7 34
8 33
8 33
8 32
8 31
8 30
8 29
8 29
8 28
8 27
8 26
8 25
8 24
8 23
8 22
8 22
8 21
8 20
8 19
8 19
8 18
9 17
9 16
9 15
9 15
9 14
9 13
9 12
9 11
9 11
9 10
9 9
9 8
9 7
9 7
9 6
9 5
9 4
9 4
9 3
9 2
9 1
9 1
8 0
8 0
7 1
7 2
7 2
7 3
7 4
6 5
6 6
6 7
6 8
6 8
6 9
6 10
5 11
5 12
5 13
5 14
4 15
4 16
4 17
4 17
4 18
4 19
4 20
4 21
4 22
3 23
3 24
3 25
3 26
3 27
3 28
3 29
3 29
3 30
3 31
3 32
2 33
2 34
2 35
2 36
2 37
2 38
1 39
1 40
1 41
1 42
1 42
1 43
1 44
1 45
1 46
1 47
0 48
0 49
0 50
0 51
0 52
0 53
0 54
0 54
0 55
0 56
0 57
0 58
0 59
0 60
0 61
0 62
0 62
0 63
0 64
0 65
0 66
0 67
0 68
0 69
0 69
0 70
0 71
0 72
0 73
0 74
0 74
0 75
0 76
0 77
0 78
0 78
1 79
1 80
1 80
2 80
3 80
3 80
4 79
4 78
4 78
5 77
5 76
6 75
6 75
7 74
7 73
8 72
8 71
8 71
9 70
9 69
10 68
10 68
11 67
12 66
12 66
13 65
13 64
13 64
14 64
14 64
14 64
14 64
13 64
13 64
13 63
13 63
12 62
12 62
11 61
11 60
11 60
11 59
11 58
11 57
11 56
11 56
11 55
11 54
11 53
11 52
11 52
11 51
11 50
11 49
11 48
11 47
11 46
11 46
11 45
11 44
11 43
12 42
12 41
12 40
12 39
12 39
12 38
12 37
12 36
13 35
13 34
13 33
13 32
13 31
13 31
13 30
13 29
14 28
14 27
14 26
14 25
14 25
14 24
14 23
15 22
15 21
15 20
15 19
15 19
15 18
16 17
16 16
16 16
17 15
17 15
18 16
18 16
18 17
18 18
18 19
18 20
18 20
18 21
18 22
18 23
18 24
18 25
18 25
18 26
18 27
18 28
18 29
18 30
18 31
18 31
18 32
18 33
18 34
18 35
17 36
17 37
17 38
17 39
17 40
17 40
17 41
17 42
17 43
17 44
16 45
16 46
16 47
16 48
16 49
16 49
16 50
16 51
16 52
15 53
15 54
15 55
15 56
15 56
15 57
14 58
14 59
14 60
14 61
13 62
13 63
13 63
13 64
13 65
12 66
12 67
12 68
12 68
12 69
11 70
11 71
11 72
11 72
11 73
11 74
11 74
11 74
11 74
11 73
12 72
12 71
12 70
12 70
12 69
12 68
12 67
13 66
13 65
13 64
13 63
13 63
13 62
14 61
14 60
14 59
14 58
15 57
15 56
15 56
15 55
15 54
16 53
16 52
16 51
16 50
16 49
17 48
17 47
17 46
17 46
17 45
17 44
18 43
18 42
18 41
18 40
18 39
19 38
19 37
19 36
19 36
19 35
20 34
20 33
20 32
20 31
21 30
21 29
21 28
21 28
21 27
22 26
22 25
22 24
22 24
23 23
23 23
24 24
24 24
24 25
24 26
24 27
24 28
24 29
24 29
24 30
24 31
24 32
24 33
24 34
24 35
24 35
24 36
24 37
24 38
23 39
23 40
23 41
23 42
23 43
23 43
23 44
23 45
23 46
23 47
22 48
22 49
22 50
22 51
22 52
22 52
22 53
22 54
22 55
21 56
21 57
21 58
21 59
21 60
21 60
21 61
20 62
20 63
20 64
19 65
19 66
19 66
19 67
19 68
19 69
18 70
18 71
18 72
18 73
18 73
18 74
18 75
18 76
18 76
17 77
17 78
17 78
17 78
17 77
18 76
18 75
18 75
18 74
18 73
18 72
18 71
18 71
18 70
19 69
19 68
19 67
19 66
20 65
20 64
20 64
20 63
20 62
20 61
20 60
21 59
21 58
21 57
21 56
21 55
21 55
21 54
21 53
22 52
22 51
22 50
22 49
22 48
22 47
23 46
23 45
23 44
23 44
23 43
23 42
24 41
24 40
24 39
24 38
25 37
25 36
25 35
25 35
25 34
25 33
26 32
26 31
26 30
26 29
26 29
26 28
27 27
27 26
27 26
28 26
28 26
28 27
28 28
28 29
28 29
28 30
28 31
28 32
28 33
28 33
28 34
28 35
28 36
28 37
28 38
28 39
28 40
28 40
28 41
28 42
28 43
28 44
28 45
28 46
28 47
28 47
28 48
28 49
28 50
27 51
27 52
27 53
27 54
27 54
27 55
27 56
27 57
27 58
27 59
27 59
27 60
27 61
26 62
26 63
26 64
26 64
26 65
26 66
26 66
26 66
27 65
27 65
27 64
27 63
28 62
28 61
28 60
28 60
28 59
28 58
28 57
29 56
29 55
29 54
29 53
29 53
29 52
29 51
29 50
30 49
30 48
30 47
30 46
30 45
30 45
30 44
30 43
31 42
31 41
31 40
31 39
32 38
32 37
32 36
32 36
32 35
33 34
33 33
33 32
33 31
34 30
34 29
34 28
34 28
34 27
35 26
35 25
35 24
35 24
36 23
36 22
36 22
36 23
36 23
36 24
37 25
37 26
37 26
37 27
37 28
37 29
37 30
37 30
37 31
37 32
37 33
37 34
37 35
37 36
37 36
37 37
37 38
37 39
37 40
37 41
37 41
37 42
37 43
37 44
37 45
37 46
37 47
37 47
37 48
37 49
37 50
37 51
37 52
37 52
37 53
37 54
37 55
37 56
37 57
37 57
37 58
37 59
36 60
36 61
36 62
36 62
36 63
35 64
35 65
35 66
35 66
35 67
35 68
35 69
35 70
35 70
35 71
34 72
34 73
34 73
34 74
33 75
33 76
33 76
32 77
32 78
32 78
32 79
32 79
31 79
31 79
31 79
32 78
32 78
32 77
32 76
32 75
32 74
32 73
32 73
32 72
33 71
33 70
33 69
33 68
34 67
34 66
34 66
34 65
34 64
34 63
35 62
35 61
35 60
35 59
35 58
35 58
35 57
35 56
36 55
36 54
36 53
36 52
37 51
37 50
37 49
37 49
37 48
37 47
38 46
38 45
38 44
38 43
39 42
39 41
39 40
39 40
39 39
40 38
40 37
40 36
40 35
41 34
41 33
41 32
41 32
41 31
42 30
42 29
42 28
43 27
43 26
43 26
43 25
43 24
44 23
44 22
44 21
44 21
45 20
45 19
46 18
46 18
46 18
47 19
47 19
47 20
46 21
46 22
46 23
46 23
46 24
46 25
46 26
46 27
46 28
46 29
46 30
46 30
46 31
46 32
46 33
46 34
46 35
45 36
45 37
45 38
45 39
45 40
45 41
45 41
45 42
45 43
44 44
44 45
44 46
44 47
44 48
44 49
43 50
43 51
43 52
43 52
43 53
43 54
43 55
43 56
42 57
42 58
42 59
42 60
42 61
42 61
42 62
42 63
42 64
42 65
41 66
41 67
41 68
41 69
41 70
41 70
41 71
41 72
40 73
40 74
40 75
40 76
40 76
40 77
40 78
40 79
40 80
40 81
40 81
40 82
40 83
40 84
40 85
40 85
40 86
40 87
40 88
40 88
40 89
40 90
40 90
41 90
41 90
42 89
42 89
43 88
43 87
44 86
44 86
44 85
44 84
45 83
45 82
45 81
45 81
45 80
46 79
46 78
46 77
46 77
46 76
47 75
47 74
47 73
47 73
47 72
48 71
48 70
48 69
48 69
48 68
48 67
48 66
48 65
48 64
48 64
48 63
48 62
48 61
48 60
48 59
48 59
48 58
48 57
48 56
48 55
48 54
48 53
48 52
48 52
48 51
48 50
48 49
47 48
47 47
47 46
47 45
47 45
47 44
47 43
47 42
46 41
46 40
46 39
46 38
46 38
46 37
46 36
45 35
45 34
45 33
45 32
45 32
45 31
44 30
44 29
44 28
44 28
44 27
43 26
43 25
43 25
42 24
42 24
41 23
41 23
41 22
41 22
41 22
41 22
42 23
42 23
43 23
43 23
44 23
44 23
45 22
45 22
46 21
47 21
47 21
48 20
49 20
49 20
50 19
50 19
51 19
51 19
52 20
52 20
52 21
52 21
53 22
53 22
53 23
53 24
53 25
53 26
53 26
53 27
52 28
52 29
52 30
52 30
52 31
52 32
52 33
51 34
51 35
51 36
51 37
51 38
51 38
51 39
51 40
51 41
51 42
50 43
50 44
50 45
50 46
50 47
50 47
50 48
50 49
50 50
50 51
49 52
49 53
49 54
49 55
49 56
49 56
49 57
49 58
49 59
48 60
48 61
48 62
48 63
48 63
48 64
48 65
47 66
47 67
47 68
47 69
47 69
47 70
47 71
47 72
47 73
47 74
47 74
47 75
46 76
46 77
46 77
46 78
46 79
46 79
46 80
46 80
46 80
46 79
46 78
46 78
46 77
46 77
46 76
46 75
47 74
47 73
47 72
47 72
47 71
47 70
47 69
48 68
48 67
48 66
48 65
48 65
48 64
49 63
49 62
49 61
49 60
50 59
50 58
50 57
50 57
50 56
50 55
50 54
50 53
51 52
51 51
51 50
51 49
51 48
51 47
51 47
51 46
51 45
52 44
52 43
52 42
52 41
53 40
53 39
53 38
53 38
53 37
53 36
53 35
53 34
54 33
54 32
54 31
54 30
54 29
54 29
54 28
54 27
55 26
55 25
55 24
55 24
56 23
56 23
56 23
57 24
57 24
57 25
57 26
57 26
57 27
57 28
57 29
57 30
57 30
57 31
57 32
57 33
57 34
57 34
57 35
57 36
57 37
57 38
57 39
57 40
57 40
57 41
57 42
57 43
57 44
57 45
57 46
57 46
57 47
57 48
57 49
57 50
57 51
57 52
57 52
57 53
57 54
57 55
57 55
57 56
57 57
57 58
57 59
57 59
58 60
58 60
59 60
59 60
60 59
60 58
60 58
61 57
61 56
61 56
61 55
61 54
61 53
61 52
61 52
61 51
61 50
62 49
62 48
62 47
62 47
62 46
62 45
62 44
62 43
62 42
62 41
62 41
62 40
62 39
63 38
63 37
63 36
63 35
63 35
63 34
63 33
63 32
63 32
63 31
63 31
62 32
62 32
62 33
62 34
62 35
62 36
62 37
62 37
62 38
62 39
61 40
61 41
61 42
61 43
61 43
61 44
61 45
61 46
60 47
60 48
60 49
60 50
60 50
60 51
60 52
59 53
59 54
59 55
59 56
59 56
59 57
59 58
58 59
58 60
58 61
58 61
58 62
57 63
57 64
57 65
57 65
57 66
57 67
57 67
57 68
57 69
57 69
57 69
58 68
58 68
58 67
59 66
59 65
59 65
59 64
60 63
60 62
60 61
60 61
60 60
60 59
61 58
61 57
61 56
61 56
61 55
62 54
62 53
62 52
63 51
63 50
63 50
63 49
63 48
64 47
64 46
64 45
64 44
64 44
64 43
64 42
65 41
65 40
65 39
65 38
65 38
65 37
66 36
66 35
66 34
66 34
67 33
67 32
67 32
67 32
67 33
67 34
67 35
67 35
67 36
67 37
67 38
67 39
67 39
67 40
67 41
67 42
66 43
66 44
66 45
66 46
66 46
66 47
66 48
66 49
66 50
66 51
66 52
66 52
66 53
66 54
65 55
65 56
65 57
65 58
65 58
65 59
65 60
65 61
65 62
65 62
65 63
65 64
65 64
65 65
65 66
65 66
65 66
65 66
65 66
65 65
66 64
66 63
66 63
66 62
67 61
67 60
67 60
67 59
67 58
68 57
68 56
68 55
68 55
68 54
69 53
69 52
69 52
69 51
70 50
70 49
70 49
71 49
71 49
71 49
71 50
72 51
72 52
72 52
72 53
72 54
72 55
72 55
72 56
71 57
71 58
71 59
71 59
71 60
71 61
71 62
71 62
71 63
71 64
71 65
71 66
71 66
71 67
71 68
71 69
71 69
70 70
70 70
70 71
70 71
70 71
70 71
70 70
70 69
70 68
70 67
70 66
70 65
70 64
70 63
70 62
70 61
70 60
70 59
70 58
70 57
70 56
71 55
71 54
71 53
71 52
71 51
71 50
71 49
71 48
71 47
71 46
71 45
71 44
71 43
71 42
71 41
71 40
71 39
71 38
71 37
71 36
71 35
71 34
71 33
71 32
71 31
71 30
71 29
71 28
71 27
71 26
71 25
72 24
72 23
72 22
72 21
72 20
72 19
72 18
72 17
72 16
72 15
72 14
72 13
72 12
72 11
72 10
72 9
72 9
73 10
74 11
74 11
74 10
74 9
74 9
74 8
74 7
74 6
74 5
74 5
75 6
75 6
75 7
76 8
76 9
76 9
76 10
76 11
77 12
77 13
77 14
77 14
78 15
78 16
78 16
78 17
78 18
78 19
78 19
79 20
79 21
79 21
79 22
79 23
79 24
79 25
79 25
79 26
79 27
79 28
79 29
79 30
79 31
79 32
79 32
79 33
79 34
79 35
79 36
78 37
78 38
78 39
78 40
78 41
78 41
78 42
78 43
78 44
78 45
78 46
77 47
77 48
77 49
77 50
77 51
77 52
77 52
77 53
77 54
77 55
77 56
76 57
76 58
76 59
76 60
76 61
76 62
76 62
76 63
76 64
76 65
75 66
75 67
75 68
75 69
75 70
75 70
75 71
75 72
75 73
74 74
74 75
74 76
74 77
74 78
74 78
74 79
74 80
74 81
74 82
74 83
74 83
74 84
73 85
73 86
73 86
73 86
73 85
73 84
73 84
73 83
74 82
74 81
74 81
74 80
74 79
75 78
75 77
75 76
75 75
75 75
75 74
75 73
76 72
76 71
76 70
76 69
76 69
76 68
76 67
76 66
77 65
77 64
77 63
77 62
77 62
78 61
78 60
79 59
79 58
79 58
79 57
80 56
80 55
80 54
80 54
81 53
81 53
82 53
82 53
82 54
82 55
82 56
82 56
82 57
83 58
83 59
83 59
83 60
83 61
83 62
83 63
83 64
83 64
83 65
83 66
83 67
83 68
83 68
83 69
82 70
82 71
82 72
82 72
82 73
82 74
82 75
82 75
82 76
82 76
82 76
82 75
82 75
82 74
83 73
83 72
83 72
83 71
83 70
83 69
83 69
83 68
83 67
84 66
84 65
84 64
84 63
84 63
84 62
85 61
85 60
85 59
85 58
86 57
86 56
86 55
86 55
86 54
86 53
87 52
87 51
87 50
87 49
87 48
88 47
88 46
88 45
88 45
88 44
88 43
88 42
88 41
89 40
89 39
89 38
89 37
89 36
89 35
89 35
89 34
89 33
90 32
90 31
90 30
90 30
91 29
91 28
92 27
92 27
92 28
92 28
92 29
92 30
92 31
92 31
92 32
92 33
92 34
92 35
92 36
92 36
92 37
92 38
92 39
92 40
92 41
92 42
92 43
92 44
92 45
92 45
92 46
92 47
92 48
92 49
91 50
91 51
91 52
91 53
91 54
91 54
91 55
91 56
90 57
90 58
90 59
90 60
89 61
89 62
89 63
89 63
89 64
89 65
89 66
89 67
88 68
88 69
88 70
88 71
88 72
88 72
88 73
88 74
88 75
88 76
87 77
87 78
87 79
87 80
87 81
87 81
87 82
87 83
87 84
87 85
87 86
87 87
87 88
87 89
87 89
87 90
87 91
87 92
87 93
87 94
87 95
87 95
87 96
87 97
87 98
87 99
87 99
87 100
87 100
88 100
88 100
89 99
89 99
89 98
90 97
90 96
90 96
91 95
91 94
92 93
92 92
92 92
92 91
93 90
93 89
94 88
94 87
94 87
94 86
95 85
95 84
95 83
95 83
95 82
96 81
96 80
96 79
96 79
96 78
96 77
97 76
97 75
97 74
97 73
97 73
97 72
97 71
98 70
98 69
98 68
98 67
98 67
98 66
98 65
98 64
98 63
98 62
98 61
98 60
98 60
98 59
98 58
98 57
97 56
97 55
97 54
97 53
97 52
97 52
97 51
97 50
97 49
97 48
97 47
97 46
97 45
97 44
97 43
97 42
97 42
97 41
97 40
97 39
97 38
96 37
96 36
96 35
96 34
96 33
96 33
96 32
96 31
95 30
95 29
95 28
95 27
95 26
94 25
94 24
94 23
94 23
94 22
94 21
94 20
93 19
93 18
93 17
93 16
93 15
93 15
93 14
93 13
92 12
92 11
92 10
92 10
91 9
91 8
90 7
90 7
89 6
89 5
89 5
89 5
89 5
89 6
89 7
89 8
89 8
89 9
90 10
90 11
90 12
90 12
90 13
91 14
91 15
91 16
91 16
92 17
92 18
92 18
93 19
94 20
94 20
95 21
96 22
96 22
97 23
97 23
98 24
98 24
99 25
100 25
