6 57
6 58
7 59
7 60
7 60
7 59
7 58
8 57
8 56
8 55
8 55
8 54
8 53
8 52
8 51
7 50
7 49
7 48
7 47
7 46
7 46
7 45
8 44
8 43
8 43
8 42
8 41
8 40
8 40
8 39
8 38
8 37
8 36
8 36
8 35
8 34
8 33
8 33
8 32
8 31
8 30
8 30
8 29
8 28
8 27
8 27
7 26
7 25
7 25
7 26
7 27
7 27
7 28
6 29
6 30
6 30
6 31
5 32
5 33
5 34
5 35
4 36
4 37
4 37
4 38
4 39
4 40
3 41
3 42
3 43
3 44
3 44
3 45
2 46
2 47
2 48
2 49
1 50
1 51
1 52
1 52
1 53
1 54
1 55
1 56
0 57
0 58
0 59
0 60
0 61
0 61
0 62
0 63
0 64
0 65
0 66
0 67
0 68
0 69
0 70
0 70
0 71
0 72
0 73
0 74
0 75
0 76
0 77
0 78
0 78
0 79
0 80
0 81
0 82
0 83
0 84
0 85
0 86
0 86
0 87
0 88
0 89
0 90
0 91
0 92
0 92
0 93
0 94
0 95
0 96
0 97
0 97
1 98
1 99
1 99
2 100
2 100
3 99
4 99
4 99
5 98
6 97
6 97
7 96
7 95
8 94
8 93
8 93
9 92
9 91
10 90
10 90
10 89
11 88
11 87
11 87
11 86
12 85
12 84
12 84
13 83
13 82
13 82
14 81
14 81
14 80
14 80
14 79
14 78
14 78
14 77
14 77
14 76
14 75
14 75
13 74
13 73
13 73
13 72
13 71
13 70
13 70
13 69
13 68
13 67
13 67
13 66
13 65
13 64
13 63
13 63
13 62
13 61
13 60
13 59
13 58
13 58
13 57
13 56
14 55
14 54
14 53
14 53
14 52
14 51
14 50
15 49
15 48
15 47
15 46
15 46
15 45
15 44
16 43
16 42
16 41
16 41
16 40
16 39
17 38
17 37
17 36
17 35
17 35
17 34
18 33
18 32
18 32
19 31
19 30
19 30
20 30
20 30
20 31
21 32
21 33
21 33
21 34
21 35
21 36
21 37
21 37
21 38
21 39
21 40
21 41
21 42
21 42
21 43
21 44
21 45
21 46
21 47
21 48
21 48
21 49
21 50
21 51
20 52
20 53
20 54
20 55
20 55
20 56
20 57
20 58
19 59
19 60
19 61
19 62
19 63
19 63
19 64
19 65
19 66
18 67
18 68
18 69
18 70
18 70
18 71
18 72
17 73
17 74
17 75
17 76
17 76
17 77
17 78
16 79
16 80
16 81
16 82
16 82
16 83
15 84
15 85
15 86
15 86
14 87
14 87
14 87
14 86
14 86
15 85
15 84
15 84
15 83
15 82
15 81
15 80
15 80
15 79
16 78
16 77
16 76
16 76
16 75
17 74
17 73
17 72
18 71
18 70
18 69
19 68
19 67
19 66
20 65
20 64
20 63
21 62
21 61
22 60
22 59
22 58
23 57
23 56
23 55
24 54
24 53
24 52
25 51
25 50
25 49
26 48
26 47
26 47
27 46
27 45
27 45
27 44
27 44
26 44
26 44
26 44
26 45
26 46
26 47
26 48
26 48
26 49
26 50
26 51
26 52
26 53
26 53
26 54
26 55
26 56
25 57
25 58
25 59
25 60
25 60
25 61
25 62
25 63
24 64
24 65
24 66
24 67
24 67
24 68
24 69
24 70
23 71
23 72
23 73
23 74
23 74
23 75
23 76
23 77
23 78
23 79
23 79
23 80
23 81
23 82
23 83
23 83
23 84
23 85
23 86
23 86
23 86
23 86
23 86
23 85
23 84
23 83
23 82
23 82
23 81
23 80
24 79
24 78
24 77
24 76
24 76
24 75
24 74
24 73
25 72
25 71
25 70
25 69
25 68
25 68
25 67
25 66
25 65
25 64
26 63
26 62
26 61
26 60
26 59
26 59
26 58
27 57
27 56
27 55
27 54
28 53
28 52
28 51
28 51
28 50
28 49
29 48
29 47
29 46
29 45
29 45
29 44
29 43
30 42
30 41
30 40
30 40
31 39
31 38
31 38
31 39
31 40
31 40
31 41
32 42
32 43
32 43
32 44
32 45
32 46
32 47
32 48
32 48
32 49
32 50
31 51
31 52
31 53
31 54
31 54
31 55
31 56
31 57
31 58
31 59
31 60
31 61
31 61
31 62
31 63
31 64
30 65
30 66
30 67
30 68
30 68
30 69
30 70
30 71
30 72
30 73
30 73
30 74
30 75
30 76
30 77
30 77
30 77
31 78
31 79
31 79
31 78
31 77
31 76
31 76
31 75
32 74
32 73
33 72
33 71
33 71
33 70
33 69
33 68
34 67
34 66
34 65
34 64
34 64
34 63
35 62
35 61
35 60
35 59
36 58
36 57
36 57
36 56
36 55
36 54
36 53
37 52
37 51
37 50
37 49
37 48
37 48
37 47
38 46
38 45
38 44
38 43
39 42
39 41
39 41
39 40
39 39
39 38
40 37
40 36
40 35
40 34
40 33
40 33
40 32
41 31
41 30
41 30
41 30
42 31
42 31
42 32
42 33
42 34
42 35
42 35
42 36
42 37
42 38
42 39
42 40
42 41
42 41
42 42
42 43
42 44
42 45
42 46
42 47
42 48
42 48
42 49
42 50
42 51
42 52
42 53
42 54
42 54
42 55
42 56
42 57
42 58
42 59
42 59
42 60
42 61
42 62
42 63
42 64
42 65
42 65
42 66
41 67
41 68
41 69
41 69
41 70
41 71
41 72
41 73
41 73
41 74
41 75
41 76
41 76
41 77
41 78
41 79
41 80
41 80
41 81
40 82
40 83
40 83
40 84
39 85
39 86
39 86
39 87
38 88
38 89
38 89
38 90
38 90
37 91
37 91
37 91
37 90
37 90
37 89
37 88
37 88
37 87
37 86
37 85
37 84
37 83
37 83
37 82
37 81
37 80
38 79
38 78
38 77
38 76
38 75
38 75
38 74
38 73
39 72
39 71
39 70
39 69
40 68
40 67
40 66
40 66
40 65
41 64
41 63
41 62
41 61
42 60
42 59
42 58
42 58
42 57
42 56
43 55
43 54
43 53
43 52
44 51
44 50
44 49
44 49
44 48
45 47
45 46
45 45
45 44
46 43
46 42
46 41
46 41
46 40
47 39
47 38
47 37
47 36
48 35
48 34
48 34
48 33
49 32
49 31
50 30
50 29
50 29
50 28
51 27
51 26
51 26
52 26
52 26
52 27
52 28
52 29
52 29
52 30
52 31
52 32
52 33
52 34
52 34
52 35
52 36
52 37
52 38
52 39
52 40
52 41
52 42
52 42
52 43
52 44
52 45
52 46
51 47
51 48
51 49
51 50
51 51
51 51
51 52
51 53
51 54
51 55
50 56
50 57
50 58
50 59
50 60
50 60
50 61
50 62
49 63
49 64
49 65
49 66
49 67
48 68
48 69
48 70
48 70
48 71
48 72
48 73
48 74
47 75
47 76
47 77
47 78
47 79
47 79
47 80
47 81
47 82
47 83
47 84
47 85
47 86
47 87
47 88
47 88
47 89
47 90
46 91
46 92
46 93
46 94
46 94
46 95
46 96
46 97
46 97
46 98
47 99
47 100
47 100
47 100
48 100
48 100
49 99
49 98
49 98
50 97
50 96
51 95
51 94
51 94
51 93
52 92
52 91
53 90
53 89
53 89
53 88
53 87
54 86
54 85
54 84
54 84
54 83
54 82
55 81
55 80
55 79
55 79
55 78
55 77
56 76
56 75
56 74
56 74
56 73
56 72
57 71
57 70
57 69
57 69
57 68
57 67
57 66
57 65
57 64
57 64
57 63
57 62
56 61
56 60
56 59
56 58
56 58
56 57
55 56
55 55
55 54
55 53
54 52
54 51
54 50
54 49
53 48
53 47
53 46
53 45
52 44
52 43
52 42
52 41
51 40
51 39
51 39
51 38
50 37
50 36
49 35
49 34
48 33
48 32
48 32
48 31
47 30
47 29
47 29
47 28
47 27
47 27
47 26
47 26
47 26
47 26
48 25
48 25
49 24
50 24
50 24
51 23
52 23
52 23
53 22
53 22
54 22
55 22
55 22
56 22
57 22
57 22
58 22
58 22
59 22
59 22
59 23
59 23
59 24
59 24
59 25
59 26
59 26
59 27
59 28
59 29
59 30
59 31
59 31
59 32
59 33
59 34
59 35
59 36
59 37
59 37
59 38
59 39
59 40
58 41
58 42
58 43
58 44
58 44
58 45
58 46
58 47
57 48
57 49
57 50
57 51
57 52
57 52
57 53
57 54
57 55
56 56
56 57
56 58
56 59
56 59
56 60
56 61
55 62
55 63
55 64
55 64
55 65
55 66
55 67
55 68
55 69
55 69
55 70
55 71
55 71
54 72
54 72
54 72
54 72
55 71
55 70
55 70
55 69
55 68
55 67
55 66
55 66
55 65
55 64
56 63
56 62
56 61
56 61
56 60
56 59
57 58
57 57
57 56
57 55
57 55
57 54
57 53
57 52
58 51
58 50
58 49
58 48
58 47
58 47
58 46
58 45
58 44
59 43
59 42
59 41
59 40
59 39
59 39
59 38
59 37
59 36
60 35
60 34
60 33
60 32
60 31
60 31
60 30
60 29
61 28
61 27
61 26
61 26
61 25
62 24
62 23
62 22
62 22
63 22
63 22
63 23
63 24
63 24
63 25
63 26
63 27
63 28
63 28
63 29
63 30
63 31
63 32
63 32
63 33
64 34
64 35
64 36
64 36
64 37
64 38
64 39
64 40
64 41
64 41
64 42
64 43
64 44
64 44
64 45
64 46
64 47
64 48
64 48
64 49
64 50
64 51
64 51
65 52
65 53
65 53
65 53
66 53
66 53
67 52
67 52
67 51
67 50
67 50
67 49
68 48
68 47
68 47
68 46
69 45
69 44
69 44
69 43
69 42
69 41
69 40
69 40
69 39
69 38
69 37
69 36
69 36
69 35
69 34
69 33
69 33
69 32
69 31
69 31
68 31
68 31
68 32
68 32
68 33
68 34
67 35
67 36
67 37
67 37
67 38
67 39
66 40
66 41
66 42
66 43
66 43
66 44
66 45
65 46
65 47
65 48
65 49
65 49
65 50
65 51
64 52
64 53
64 54
64 55
64 55
64 56
64 57
64 58
64 59
64 60
64 60
64 61
64 62
64 63
64 63
64 64
64 65
64 65
64 66
64 66
65 65
65 65
65 64
65 63
65 63
66 62
66 61
67 60
67 59
67 59
67 58
67 57
68 56
68 55
68 54
68 53
68 53
68 52
68 51
69 50
69 49
69 48
69 48
69 47
69 46
70 45
70 44
70 43
70 43
70 42
70 41
71 40
71 39
71 38
71 37
71 37
71 36
72 35
72 34
72 34
73 33
73 33
73 34
73 34
73 35
73 36
73 36
73 37
73 38
72 39
72 40
72 41
72 41
72 42
72 43
72 44
72 45
72 46
72 46
72 47
72 48
72 49
72 50
72 51
72 51
72 52
71 53
71 54
71 55
71 55
71 56
71 57
71 58
71 58
71 59
71 59
71 59
71 59
72 58
72 57
72 57
72 56
72 55
72 54
72 53
72 53
73 52
73 51
74 50
74 50
74 49
75 48
75 47
75 46
75 46
75 45
76 44
76 43
76 43
77 42
77 42
77 42
77 43
77 43
77 44
78 45
78 46
78 46
78 47
77 48
77 49
77 50
77 50
77 51
77 52
77 53
77 54
77 55
77 55
77 56
77 57
77 58
77 59
77 59
77 60
77 61
77 62
77 63
77 63
77 64
77 65
77 65
76 66
76 67
76 67
76 68
76 68
76 68
76 67
76 67
76 66
76 66
76 65
76 64
76 63
76 62
76 61
76 60
76 59
76 58
76 57
77 56
77 55
77 54
77 53
77 52
77 51
77 50
77 49
77 48
77 47
77 46
77 45
77 44
77 43
77 42
77 41
77 40
77 39
77 38
77 37
78 36
78 35
78 34
78 33
78 32
78 31
78 30
78 29
78 28
78 27
78 26
78 25
78 24
78 23
78 22
78 21
78 20
78 19
78 18
78 17
79 16
79 15
79 14
79 13
79 12
79 11
79 10
79 9
79 8
79 7
79 6
79 6
80 6
80 6
80 5
80 4
80 3
80 2
80 1
80 0
80 0
81 0
81 0
81 1
81 2
81 3
81 3
81 4
82 5
82 6
82 7
82 7
82 8
83 9
83 10
83 10
83 11
83 12
83 13
83 13
84 14
84 14
84 15
84 16
84 16
84 17
84 17
84 18
84 19
84 20
84 21
84 21
84 22
84 23
84 24
84 25
84 26
84 26
84 27
84 28
84 29
84 30
84 31
84 32
84 33
84 33
84 34
84 35
84 36
84 37
83 38
83 39
83 40
83 41
83 42
83 42
83 43
83 44
83 45
83 46
83 47
83 48
83 49
83 49
83 50
83 51
83 52
82 53
82 54
82 55
82 56
82 57
82 57
82 58
82 59
81 60
81 61
81 62
81 63
81 63
81 64
80 65
80 66
80 67
80 67
80 68
80 69
80 70
80 71
80 71
80 72
80 72
80 72
80 72
80 71
80 70
80 69
80 69
80 68
80 67
80 66
80 65
80 64
80 64
80 63
81 62
81 61
82 60
82 59
82 59
82 58
82 57
83 56
83 55
83 54
83 54
83 53
84 52
84 51
84 51
85 50
85 49
85 49
85 49
86 50
86 51
86 51
86 52
86 53
86 54
86 54
86 55
86 56
86 57
86 57
86 58
86 59
86 60
86 60
86 61
86 62
86 63
86 63
86 64
86 65
86 65
86 65
87 64
87 63
87 63
87 62
87 61
87 60
87 59
87 59
87 58
87 57
88 56
88 55
88 54
88 54
88 53
88 52
89 51
89 50
89 49
89 48
89 48
89 47
90 46
90 45
91 44
91 43
91 43
91 42
91 41
92 40
92 39
92 38
92 37
92 37
92 36
92 35
92 34
92 33
92 33
93 32
93 31
93 31
93 31
93 32
93 33
93 33
93 34
93 35
93 36
93 37
93 38
93 38
93 39
93 40
93 41
92 42
92 43
92 44
92 45
92 46
92 46
92 47
92 48
92 49
91 50
91 51
91 52
91 53
91 54
91 54
91 55
91 56
91 57
91 58
90 59
90 60
90 61
90 62
90 63
90 63
90 64
90 65
90 66
90 67
90 68
90 69
90 70
90 71
90 71
90 72
90 73
90 74
89 75
89 76
89 77
89 78
89 78
89 79
89 80
89 81
89 82
89 83
89 84
89 84
89 85
89 86
89 87
89 88
89 89
89 89
89 90
89 91
89 92
89 92
90 93
90 93
90 94
90 94
91 93
91 93
91 92
92 91
92 90
92 90
92 89
93 88
93 87
93 86
93 86
93 85
94 84
94 83
95 82
95 81
95 81
95 80
95 79
95 78
96 77
96 76
96 75
96 74
96 74
96 73
96 72
97 71
97 70
97 69
97 68
97 68
97 67
97 66
97 65
98 64
98 63
98 62
98 61
98 60
98 60
98 59
98 58
98 57
99 56
99 55
99 54
99 53
99 52
99 52
99 51
99 50
99 49
99 48
99 47
99 46
99 45
99 45
99 44
99 43
99 42
99 41
99 40
99 39
99 38
99 38
99 37
99 36
99 35
98 34
98 33
98 32
98 31
98 31
98 30
98 29
98 28
97 27
97 26
97 25
97 24
97 24
97 23
97 22
96 21
96 20
96 19
96 18
96 18
96 17
96 16
96 15
95 14
95 13
95 12
95 11
95 11
94 10
94 9
93 8
93 7
93 7
93 6
93 5
93 4
93 4
92 3
92 3
92 3
92 4
92 4
92 5
93 6
93 7
93 7
93 8
94 9
94 10
94 11
94 11
94 12
95 13
95 14
95 15
95 15
96 16
96 17
96 17
97 18
98 18
98 18
99 19
100 19
