10 50
10 49
10 48
10 47
10 46
10 45
10 44
10 44
10 43
9 42
9 41
9 41
9 40
9 39
9 39
8 38
8 37
8 37
7 37
7 37
6 37
6 37
5 38
5 39
5 39
5 40
4 41
4 42
4 43
4 43
4 44
4 45
3 46
3 47
3 48
3 48
3 49
3 50
3 51
2 52
2 53
2 54
2 55
2 55
2 56
2 57
2 58
2 59
1 60
1 61
1 62
1 63
1 64
1 64
1 65
1 66
1 67
1 68
1 69
0 70
0 71
0 72
0 73
0 74
0 75
0 75
0 76
0 77
0 78
0 79
0 80
0 81
0 82
0 83
0 83
0 84
0 85
0 86
0 87
0 88
0 89
0 90
0 91
0 91
0 92
0 93
0 94
0 95
0 96
0 97
0 97
0 98
1 99
1 100
1 100
2 100
2 100
3 99
4 98
5 97
5 97
5 96
6 95
6 94
7 93
7 92
8 91
8 90
8 90
8 89
9 88
9 87
9 86
9 85
10 84
10 83
10 83
10 82
10 81
11 80
11 79
11 78
11 77
12 76
12 75
12 74
12 74
12 73
12 72
13 71
13 70
13 69
13 68
14 67
14 66
14 65
14 65
14 64
14 63
15 62
15 61
15 60
15 59
15 59
15 58
15 57
16 56
16 55
16 54
16 54
16 53
16 52
16 52
16 53
16 53
16 54
16 55
16 56
16 56
16 57
16 58
15 59
15 60
15 61
15 61
15 62
15 63
15 64
14 65
14 66
14 67
14 68
14 68
14 69
14 70
14 71
14 72
13 73
13 74
13 75
13 76
13 77
13 77
13 78
13 79
13 80
12 81
12 82
12 83
12 84
12 85
12 85
12 86
12 87
12 88
12 89
12 90
12 91
12 91
12 92
12 93
12 94
12 95
12 96
12 96
13 97
13 98
13 98
14 97
14 97
14 96
15 95
15 94
15 94
15 93
16 92
16 91
16 90
17 89
17 88
17 88
17 87
17 86
18 85
18 84
18 83
18 82
18 82
18 81
18 80
18 79
19 78
19 77
19 76
19 75
19 75
19 74
19 73
19 72
19 71
19 70
19 69
19 69
19 68
19 67
19 66
19 65
19 65
19 64
19 63
19 62
19 61
19 61
18 60
18 59
18 59
17 59
17 59
17 60
16 61
16 62
16 62
16 63
15 64
15 65
15 66
15 66
15 67
15 68
14 69
14 70
14 71
14 71
14 72
14 73
14 73
14 74
14 75
14 75
14 76
14 77
14 77
15 77
15 77
16 76
16 76
17 75
17 74
18 73
18 73
18 72
19 71
19 70
20 69
20 68
20 68
20 67
21 66
21 65
22 64
22 63
22 63
22 62
22 61
23 60
23 59
23 58
23 58
24 57
24 56
25 55
25 54
25 54
25 53
25 52
25 51
25 51
26 50
26 49
26 49
26 49
26 49
26 50
26 51
26 52
26 52
26 53
26 54
25 55
25 56
25 57
25 57
25 58
25 59
25 60
25 61
25 62
25 63
25 63
25 64
25 65
25 66
24 67
24 68
24 69
24 70
24 70
24 71
24 72
24 73
24 74
24 75
24 76
24 76
24 77
24 78
24 79
24 80
24 81
24 82
24 82
24 83
23 84
23 85
23 86
23 86
23 87
23 88
23 88
24 88
24 88
24 88
24 87
24 86
24 85
24 85
24 84
24 83
25 82
25 81
25 80
25 80
25 79
25 78
26 77
26 76
26 75
26 74
26 74
26 73
26 72
27 71
27 70
27 69
27 69
27 68
27 67
28 66
28 65
28 64
28 64
28 63
28 62
28 61
28 61
29 61
29 61
29 62
29 62
29 63
29 64
29 65
29 66
29 66
29 67
29 68
29 69
29 70
29 70
29 71
29 72
29 73
29 74
29 74
29 75
29 76
29 77
29 78
29 78
29 79
29 80
29 80
29 81
29 81
29 80
29 80
29 79
29 79
29 78
30 77
30 76
30 76
30 75
31 74
31 73
31 72
31 72
31 71
31 70
32 69
32 68
32 67
32 67
32 66
32 65
33 64
33 63
33 62
33 61
33 61
33 60
34 59
34 58
34 57
35 56
35 55
35 55
35 54
35 53
35 52
36 51
36 50
36 49
36 48
36 48
36 47
36 46
37 45
37 44
37 43
37 43
37 42
38 41
38 40
38 39
38 39
38 38
39 37
39 36
39 36
40 35
40 35
40 35
40 36
40 36
40 37
39 38
39 39
39 39
39 40
39 41
39 42
39 42
39 43
38 44
38 45
38 46
38 46
38 47
37 48
37 49
37 50
37 50
37 51
36 52
36 53
36 54
36 54
36 55
36 56
36 57
36 57
36 58
36 59
36 60
36 60
36 61
36 61
36 61
37 61
37 61
38 60
38 60
39 59
39 58
39 58
40 57
40 56
40 56
41 56
41 56
42 56
42 56
42 57
42 58
42 58
42 59
42 60
42 61
42 61
42 62
41 63
41 64
41 65
41 65
41 66
41 67
40 68
40 69
40 70
40 70
40 71
40 72
39 73
39 74
39 75
39 75
39 76
39 77
39 78
39 78
39 79
39 79
39 78
39 78
39 77
39 76
39 75
39 74
40 73
40 72
40 71
40 70
40 69
40 68
40 67
40 66
40 65
41 64
41 63
41 62
41 61
41 60
41 59
41 58
41 57
41 56
41 55
42 54
42 53
42 52
42 51
42 50
42 49
42 48
42 47
42 46
43 45
43 44
43 43
43 42
43 41
43 41
43 40
43 39
44 38
44 37
44 36
44 35
45 34
45 33
45 32
45 31
46 30
46 29
46 28
46 28
46 27
47 26
47 25
47 24
47 24
47 23
47 22
47 22
48 22
48 22
48 22
48 23
48 23
48 24
48 25
48 26
48 26
48 27
48 28
48 29
48 30
48 30
48 31
48 32
47 33
47 34
47 35
47 36
47 36
47 37
47 38
47 39
47 40
47 41
47 42
47 43
47 43
47 44
47 45
47 46
47 47
47 48
47 49
47 50
47 50
47 51
47 52
47 53
47 54
47 55
47 56
47 56
47 57
47 58
47 59
47 60
47 61
47 61
47 62
47 63
47 64
47 65
47 65
48 66
48 67
48 67
49 66
49 66
50 65
50 65
50 64
51 63
51 62
51 62
51 61
51 60
51 59
51 58
51 58
51 57
51 56
51 55
51 55
51 54
51 53
51 52
51 52
51 51
51 50
51 50
51 49
50 48
50 47
50 47
49 47
49 47
48 47
48 47
47 48
46 49
46 49
45 50
45 51
44 52
44 52
44 53
43 54
43 55
43 55
43 56
43 56
43 56
43 56
44 55
44 55
44 54
45 53
45 52
45 52
46 51
46 50
47 49
47 48
47 48
48 47
49 46
49 45
50 44
50 44
51 43
51 42
52 41
52 40
52 40
53 39
53 38
54 37
54 36
54 36
55 35
55 34
56 33
56 33
57 32
58 31
58 31
58 32
58 33
58 33
59 32
59 31
59 31
59 31
59 31
59 31
59 31
59 31
59 31
59 31
59 31
59 31
59 32
58 33
58 34
58 34
58 35
58 36
58 37
58 37
58 38
58 39
58 40
58 41
58 41
58 42
58 43
58 44
58 45
58 46
58 46
58 47
58 48
58 49
58 50
58 51
58 52
58 52
58 53
58 54
58 55
58 56
58 56
58 57
58 58
58 59
58 59
58 60
58 61
58 61
58 62
58 62
58 61
58 61
58 60
58 59
58 59
58 58
58 57
58 56
58 55
58 55
58 54
58 53
59 52
59 51
59 50
59 50
59 49
59 48
59 47
59 46
59 45
59 45
59 44
60 43
60 42
60 41
60 41
60 40
60 39
61 38
61 37
61 36
61 36
61 35
62 34
62 33
62 33
62 32
63 31
63 30
63 30
64 29
64 28
64 28
65 27
65 27
66 26
66 26
67 26
67 26
68 25
68 25
68 26
68 26
68 27
68 27
69 28
69 28
69 28
69 28
68 28
68 28
68 27
68 27
68 26
67 25
67 24
67 24
67 23
67 22
67 22
66 21
66 21
66 21
65 22
65 23
65 23
65 24
65 24
65 25
65 26
65 27
65 28
65 28
65 29
65 30
64 31
64 32
64 33
64 33
64 34
64 35
64 36
64 37
64 38
64 39
64 40
64 40
64 41
64 42
64 43
64 44
64 45
64 46
64 46
64 47
64 48
64 49
64 50
64 51
64 51
64 52
64 53
64 54
64 54
64 55
64 56
64 56
65 56
65 56
65 55
65 54
65 54
65 53
66 52
66 51
66 50
66 50
66 49
66 48
67 47
67 46
67 45
67 45
67 44
67 43
67 42
67 41
67 40
67 40
67 39
67 38
68 37
68 36
68 35
68 35
68 34
68 33
68 32
68 31
68 31
68 30
68 30
68 30
68 31
68 31
68 32
68 33
68 34
68 35
68 35
68 36
68 37
68 38
68 39
68 39
68 40
68 41
68 42
68 43
68 43
68 44
68 45
68 46
68 46
68 47
69 48
69 49
69 49
69 50
69 51
69 51
69 51
70 50
70 50
70 49
70 48
70 47
70 47
70 46
70 45
71 44
71 43
71 42
71 41
71 40
71 39
72 38
72 37
72 36
72 35
72 34
72 33
73 32
73 31
73 30
73 30
73 29
73 28
74 27
74 26
74 25
74 25
74 25
74 25
74 26
74 26
74 27
74 27
74 28
74 29
74 30
74 30
74 31
74 32
74 33
74 34
74 34
74 35
74 36
74 37
74 38
74 39
74 39
74 40
74 41
73 42
73 43
73 44
73 45
73 45
73 46
73 47
73 48
73 49
73 49
73 50
73 51
73 52
73 53
73 53
73 54
74 55
74 56
74 56
74 56
74 55
74 54
74 54
74 53
74 52
74 51
74 50
74 49
74 48
74 47
74 46
74 45
74 44
74 43
74 42
74 41
74 40
74 39
74 38
74 37
74 36
74 35
74 34
74 33
75 32
75 31
75 30
75 29
75 28
75 27
75 26
75 25
75 24
75 23
75 22
75 21
75 20
75 19
75 18
75 17
75 16
75 15
75 14
75 13
75 12
75 11
75 10
75 10
75 9
75 8
75 7
76 6
76 5
76 4
76 3
76 2
76 2
76 1
76 1
76 0
76 0
76 0
76 0
76 1
76 2
76 2
76 3
76 3
77 4
77 5
77 5
77 6
78 7
78 8
78 9
79 10
79 11
79 12
80 13
80 14
80 14
80 15
80 16
80 17
80 18
80 19
80 20
80 20
80 20
80 21
80 22
80 22
80 23
80 24
80 25
80 25
80 26
80 27
80 28
80 29
80 29
80 30
80 31
79 32
79 33
79 34
79 34
79 35
79 36
79 37
79 38
79 39
79 39
79 40
79 41
79 42
79 43
79 43
79 44
79 45
79 46
79 46
79 47
79 48
79 48
79 48
80 47
80 47
80 46
80 45
80 44
80 44
80 43
81 42
81 41
81 40
81 40
81 39
81 38
81 37
81 36
81 35
81 34
81 34
81 33
81 32
82 31
82 30
82 29
82 28
82 28
82 27
82 26
83 25
83 24
83 23
83 23
84 22
84 21
84 21
84 21
84 22
84 23
84 23
84 24
85 25
85 26
85 26
85 27
85 28
85 29
85 30
85 31
85 31
85 32
85 33
85 34
85 35
85 36
85 36
85 37
85 38
85 39
85 40
85 40
85 41
86 42
86 43
86 43
86 44
86 45
86 45
87 44
87 43
87 43
87 42
88 41
88 40
88 40
88 39
88 38
89 37
89 36
89 35
89 34
89 33
89 32
90 31
90 30
90 29
90 28
90 28
90 27
90 26
90 25
91 24
91 23
91 22
91 21
91 20
91 19
91 18
91 17
92 16
92 15
92 14
92 13
92 13
92 12
92 11
93 10
93 9
93 8
93 7
93 7
93 6
94 5
94 4
94 4
95 3
95 2
95 2
95 3
95 3
95 4
95 4
95 5
95 6
95 7
95 8
95 8
95 9
95 10
94 11
94 12
94 13
94 13
94 14
94 15
94 16
94 17
94 18
94 19
94 20
94 21
94 21
94 22
94 23
94 24
94 25
94 26
94 27
94 28
94 29
94 29
94 30
94 31
94 32
93 33
93 34
93 35
93 36
93 37
93 37
93 38
93 39
93 40
93 41
93 42
93 43
93 44
93 44
93 45
94 46
94 47
94 48
94 48
95 49
95 49
96 48
96 47
96 47
96 46
97 45
97 44
97 44
97 43
98 42
98 41
98 40
98 40
98 39
98 38
99 37
99 36
99 35
99 34
99 34
99 33
99 32
99 31
99 30
99 29
99 28
99 28
99 27
99 26
99 25
99 24
99 23
99 22
99 22
99 21
99 20
98 19
98 18
98 17
98 16
98 16
98 15
97 14
97 13
97 12
97 12
96 11
96 11
95 12
94 12
94 12
93 13
93 14
92 15
92 15
91 16
91 17
90 18
90 18
90 19
89 20
89 21
89 21
89 22
89 23
89 23
89 23
90 23
91 23
91 23
92 22
93 21
94 20
94 20
95 19
96 18
97 17
97 16
98 15
99 14
100 13
