6 30
6 31
6 31
6 31
6 31
6 31
6 31
6 31
6 31
6 31
6 31
6 31
6 30
6 30
6 29
6 29
6 29
6 28
6 28
6 28
6 28
6 28
6 28
6 28
6 28
6 28
6 28
5 29
5 29
5 30
5 31
5 31
5 32
4 33
4 34
4 34
4 35
3 36
3 37
3 38
3 38
3 39
3 40
2 41
2 42
2 43
2 43
2 44
2 45
1 46
1 47
1 48
1 49
1 49
1 50
1 51
1 52
1 53
1 54
1 55
1 55
1 56
1 57
1 58
0 59
0 60
0 61
0 62
0 62
0 63
0 64
0 65
0 66
0 67
0 67
0 68
0 69
0 70
0 71
0 72
0 73
0 73
0 74
0 75
0 76
0 77
0 78
0 79
0 79
0 80
0 81
0 82
0 83
0 84
0 84
0 85
0 86
0 87
0 88
0 89
0 89
0 90
0 91
0 92
0 93
0 93
0 94
1 95
1 96
1 96
2 97
2 98
2 98
2 99
2 99
3 99
3 99
4 98
4 97
4 97
4 96
5 95
5 94
5 94
5 93
6 92
6 91
6 90
6 90
6 89
6 88
7 87
7 86
7 85
7 85
8 84
8 83
9 82
9 81
9 81
9 80
9 79
10 78
10 77
10 76
10 75
10 75
10 74
10 73
10 72
11 71
11 70
11 69
11 68
11 68
11 67
11 66
12 65
12 64
12 63
12 62
12 62
12 61
12 60
13 59
13 58
13 57
13 56
13 56
13 55
13 54
14 53
14 52
14 51
14 50
14 50
14 49
14 48
15 47
15 46
15 45
15 44
15 44
15 43
16 42
16 41
16 40
16 40
16 39
16 38
16 37
16 37
16 36
17 35
17 34
17 34
17 33
17 32
17 31
17 31
17 30
17 29
17 28
17 28
17 27
18 26
18 25
18 25
18 24
18 24
18 23
18 23
18 23
18 23
18 23
18 24
18 24
17 25
17 25
17 26
17 27
17 27
17 28
17 29
17 30
17 30
17 31
16 32
16 33
16 33
16 34
15 35
15 36
15 37
15 37
15 38
15 39
15 40
15 41
15 42
15 43
15 43
15 44
15 45
14 46
14 47
14 48
14 48
14 49
14 50
14 51
13 52
13 53
13 54
13 55
13 55
13 56
13 57
13 58
13 59
13 60
13 61
13 62
13 63
13 63
13 64
13 65
13 66
12 67
12 68
12 69
12 70
12 71
12 71
12 72
12 73
12 74
12 75
12 76
12 77
12 78
12 79
12 79
12 80
12 81
11 82
11 83
11 84
11 85
11 85
11 86
11 87
11 88
11 89
11 90
11 90
11 91
11 92
11 93
11 94
11 94
11 95
11 96
11 97
11 97
12 98
12 98
12 99
12 99
12 98
12 98
13 97
13 97
13 96
13 95
13 94
13 93
13 93
13 92
14 91
14 90
14 89
14 89
14 88
15 87
15 86
15 85
15 85
15 84
15 83
15 82
15 81
15 80
15 80
15 79
15 78
16 77
16 76
16 75
16 74
16 74
16 73
16 72
17 71
17 70
17 69
17 68
17 68
17 67
17 66
17 65
17 64
17 63
17 63
17 62
17 61
17 60
17 59
17 59
17 58
18 57
18 56
18 56
18 55
18 54
18 53
18 53
18 52
18 51
18 50
18 50
18 49
18 48
18 47
18 47
18 46
18 45
18 44
18 44
18 43
18 42
18 41
18 41
18 40
18 40
18 39
18 39
18 38
18 38
18 38
18 38
18 38
18 38
18 38
18 38
18 38
18 38
18 38
18 38
18 38
18 38
18 38
18 38
18 38
18 38
18 39
18 39
18 40
18 40
18 41
18 42
18 42
18 43
18 44
18 45
18 45
18 46
18 47
18 48
18 48
18 49
18 50
18 51
18 52
18 53
18 53
18 54
18 55
18 56
18 56
18 57
18 58
18 59
18 59
18 60
18 61
18 62
18 62
18 63
18 63
19 64
19 64
19 64
19 64
20 63
20 63
20 62
20 61
20 61
20 60
21 59
21 58
21 58
22 57
22 56
22 56
22 55
22 54
22 53
22 53
22 52
23 51
23 50
23 49
23 49
24 48
24 47
24 47
24 46
24 45
24 45
25 44
25 44
25 44
25 44
25 44
25 45
25 46
25 46
25 47
25 48
25 48
25 49
25 50
25 51
25 52
25 53
25 53
25 54
25 55
25 56
25 57
25 57
25 58
25 59
24 60
24 61
24 62
24 63
24 63
24 64
24 65
23 66
23 67
23 68
23 69
23 69
23 70
23 71
23 72
23 73
23 74
23 75
23 76
23 77
23 77
23 78
23 79
23 80
22 81
22 82
22 83
22 84
22 84
22 85
22 86
22 87
21 88
21 89
21 90
21 91
21 91
21 92
21 93
21 94
21 95
21 95
21 96
21 97
21 98
21 98
21 99
21 100
21 100
21 100
21 100
21 100
21 99
22 98
22 97
22 96
22 96
22 95
22 94
22 93
22 92
22 91
22 91
22 90
22 89
22 88
23 87
23 86
23 85
23 84
23 84
23 83
23 82
23 81
24 80
24 79
24 78
24 77
24 76
24 76
24 75
24 74
24 73
25 72
25 71
25 70
25 69
25 68
25 68
25 67
25 66
25 65
25 64
25 63
25 62
25 61
25 61
25 60
25 59
26 58
26 57
26 56
26 55
26 55
26 54
27 53
27 52
27 51
27 51
27 50
28 49
28 48
28 48
28 47
28 46
28 46
29 45
29 44
29 44
30 44
30 44
30 44
30 44
30 45
30 46
30 46
30 47
30 48
30 49
30 49
30 50
30 51
30 52
30 53
30 54
30 54
30 55
30 56
30 57
30 58
30 59
30 59
30 60
30 61
29 62
29 63
29 64
29 64
29 65
29 66
29 67
29 68
29 69
29 69
29 70
29 71
28 72
28 73
28 74
28 75
28 75
28 76
28 77
28 78
28 79
28 80
28 80
28 81
28 82
28 83
28 84
28 85
28 85
28 86
28 87
28 88
28 89
28 89
28 90
28 91
28 92
28 92
28 93
28 93
28 94
28 94
28 95
28 95
28 94
28 94
29 93
29 92
29 92
29 91
29 90
29 89
29 89
29 88
29 87
30 86
30 85
30 84
30 84
30 83
30 82
30 81
31 80
31 79
31 78
31 77
31 77
31 76
32 75
32 74
32 73
32 72
33 71
33 70
33 70
33 69
33 68
33 67
34 66
34 65
34 64
34 63
34 62
34 62
34 61
34 60
35 59
35 58
35 57
35 56
35 56
35 55
36 54
36 53
36 52
36 52
36 51
37 50
37 49
37 48
37 48
37 47
37 46
37 46
38 45
38 44
38 44
39 43
39 42
39 42
39 41
39 41
40 40
40 39
40 39
41 39
41 39
41 40
41 40
42 41
42 42
42 42
42 43
42 44
42 45
42 45
42 46
42 47
42 48
42 49
42 49
42 50
42 51
42 52
42 53
42 54
42 54
42 55
42 56
42 57
42 58
42 59
42 59
42 60
42 61
41 62
41 63
41 64
41 64
41 65
41 66
40 67
40 68
40 69
40 69
40 70
39 71
39 72
39 73
39 73
39 74
39 75
39 76
39 77
39 77
38 78
38 79
38 79
37 80
37 80
37 80
37 79
37 78
37 78
37 77
37 76
37 75
37 75
37 74
37 73
37 72
37 72
37 71
37 70
37 69
37 68
37 67
37 67
37 66
37 65
37 64
37 63
37 63
37 62
37 61
37 61
37 60
37 60
37 60
37 60
37 61
37 62
37 62
37 63
37 63
37 64
37 65
37 66
37 66
37 67
37 68
37 69
37 70
37 70
37 71
37 72
37 73
37 73
37 74
37 75
37 76
37 77
37 77
37 78
37 79
37 80
37 80
37 81
37 82
37 83
37 83
37 84
38 85
38 86
38 86
38 87
38 87
39 87
39 87
39 87
39 86
39 86
40 85
40 84
40 84
40 83
40 82
40 81
40 80
40 80
40 79
40 78
41 77
41 76
41 75
41 75
41 74
41 73
42 72
42 71
42 70
42 69
42 69
42 68
43 67
43 66
43 65
43 64
44 63
44 62
44 62
44 61
44 60
44 59
44 58
45 57
45 56
45 55
45 54
45 53
45 53
45 52
45 51
45 50
45 49
45 48
45 47
45 46
45 45
45 45
45 44
45 43
45 42
46 41
46 40
46 39
46 38
46 37
46 37
46 36
46 35
47 34
47 33
47 32
47 32
47 31
47 30
47 29
47 28
47 27
47 27
47 26
48 25
48 24
48 24
48 23
48 22
48 21
48 21
48 20
48 19
48 19
48 18
48 18
48 18
48 17
48 17
48 17
48 17
49 17
49 17
49 16
49 16
49 16
49 16
49 16
49 16
49 16
49 16
49 16
49 16
49 16
49 16
49 16
49 16
49 16
49 15
49 15
49 14
49 14
49 13
49 13
49 12
49 11
49 11
50 10
50 9
50 9
50 8
50 7
50 7
50 6
50 6
50 5
50 5
50 5
50 5
50 5
50 5
50 5
50 5
50 6
50 7
50 8
50 8
50 9
49 10
49 11
49 11
49 12
49 13
49 14
49 15
49 16
49 17
49 17
49 18
49 19
49 20
48 21
48 22
48 23
48 24
48 24
48 25
48 26
48 27
48 28
47 29
47 30
47 31
47 32
47 33
47 33
47 34
47 35
47 36
46 37
46 38
46 39
46 40
46 41
46 41
46 42
46 43
46 44
46 45
45 46
45 47
45 48
45 49
45 50
45 50
45 51
45 52
45 53
45 54
45 55
45 56
45 57
45 58
45 59
45 60
45 60
45 61
45 62
45 63
45 64
44 65
44 66
44 67
44 68
44 69
44 69
44 70
44 71
44 72
44 73
43 74
43 75
43 76
43 77
43 78
43 78
43 79
43 80
43 81
43 82
43 83
43 84
43 84
43 85
43 86
42 87
42 88
42 89
42 89
42 90
42 91
42 92
42 93
42 93
43 94
43 95
43 95
43 96
43 96
43 96
43 95
43 95
43 94
43 93
43 93
43 92
44 91
44 90
44 90
44 89
44 88
44 87
44 87
44 86
44 85
44 84
44 83
44 83
44 82
45 81
45 80
45 79
45 79
45 78
45 77
45 76
45 75
45 74
45 73
45 73
45 72
45 71
45 70
45 69
45 68
45 68
45 67
45 66
46 65
46 64
46 63
46 62
46 62
46 61
46 60
46 59
46 58
46 57
46 56
46 56
46 55
46 54
46 53
47 52
47 51
47 50
47 49
47 49
47 48
47 47
47 46
47 45
47 44
47 43
47 42
47 42
47 41
48 40
48 39
48 38
48 38
48 37
48 36
48 35
48 34
48 33
48 33
48 32
47 31
47 30
47 29
47 29
47 28
47 27
47 26
47 25
47 24
47 24
47 23
46 22
46 21
46 20
46 20
45 19
45 18
45 18
44 17
44 16
44 16
44 15
44 15
43 15
43 15
43 15
43 15
43 15
43 15
43 15
44 15
44 15
44 16
44 16
45 17
45 17
46 18
46 18
47 18
47 18
48 17
49 17
49 17
50 16
50 16
51 15
52 15
52 15
53 14
53 14
54 13
54 13
54 12
54 12
54 11
54 11
55 10
55 10
55 9
55 9
56 9
56 9
56 8
56 8
56 8
56 8
56 8
56 8
56 9
56 9
56 9
56 10
56 10
56 11
56 12
56 12
56 13
56 14
56 14
56 15
56 16
55 17
55 18
55 19
55 19
55 20
55 21
55 22
55 23
55 24
55 25
55 25
55 26
55 27
55 28
54 29
54 30
54 31
54 32
54 33
54 33
54 34
54 35
54 36
53 37
53 38
53 39
53 40
53 41
53 41
53 42
53 43
53 44
53 45
52 46
52 47
52 48
52 49
52 50
52 50
52 51
52 52
52 53
52 54
51 55
51 56
51 57
51 58
51 59
51 60
51 60
51 61
51 62
50 63
50 64
50 65
50 66
50 66
50 67
50 68
49 69
49 70
49 71
49 72
49 72
49 73
49 74
48 75
48 76
48 77
48 77
48 78
48 79
48 79
48 80
48 81
48 81
48 82
48 82
48 82
48 81
48 80
48 79
48 79
48 78
49 77
49 76
49 75
49 75
49 74
49 73
49 72
49 71
49 70
49 69
49 69
49 68
49 67
49 66
50 65
50 64
50 63
50 62
50 62
50 61
50 60
50 59
51 58
51 57
51 56
51 55
51 54
51 54
51 53
51 52
52 51
52 50
52 49
52 48
52 47
53 46
53 45
53 44
53 44
53 43
53 42
53 41
54 40
54 39
54 38
54 37
54 36
54 36
54 35
54 34
54 33
55 32
55 31
55 30
55 29
55 29
55 28
55 27
55 26
55 26
55 25
56 24
56 23
56 23
56 22
56 22
56 22
56 22
56 22
56 22
56 22
56 22
56 23
56 24
56 24
56 25
56 26
56 27
56 27
56 28
56 29
56 30
56 31
56 31
56 32
56 33
56 34
56 35
56 35
56 36
56 37
56 38
56 39
56 40
56 40
56 41
56 42
56 43
56 43
56 44
56 45
56 45
57 46
57 46
57 47
57 47
57 47
58 46
58 46
58 45
58 45
58 44
59 43
59 42
59 42
59 41
60 40
60 39
60 39
60 38
61 37
61 36
61 35
61 35
61 34
61 33
62 32
62 31
62 30
62 30
62 29
62 28
62 27
62 27
63 26
63 26
63 26
63 26
64 27
64 28
64 28
64 29
64 29
64 30
64 31
64 31
64 32
64 32
65 33
65 33
65 33
65 33
65 33
65 32
65 32
64 31
64 31
64 30
64 30
64 29
64 29
63 29
63 29
62 30
62 30
61 31
61 32
61 32
61 33
60 34
60 35
60 36
60 36
60 37
60 38
59 39
59 40
59 41
59 41
59 42
59 43
59 44
58 45
58 46
58 47
58 48
58 49
58 49
58 50
58 51
58 52
57 53
57 54
57 55
57 56
57 56
57 57
56 58
56 59
56 60
56 61
55 62
55 63
55 64
55 64
55 65
55 66
55 67
55 68
55 68
55 69
55 70
55 71
55 71
55 72
55 72
56 73
56 73
56 72
56 71
56 71
56 70
57 69
57 68
57 68
57 67
58 66
58 65
58 65
58 64
58 63
59 62
59 61
59 60
59 60
59 59
59 58
60 57
60 56
60 55
60 54
60 54
60 53
61 52
61 51
61 50
61 49
62 48
62 47
62 47
62 46
62 45
63 44
63 43
63 42
63 41
63 41
63 40
63 39
64 38
64 37
64 36
64 36
64 35
64 34
64 33
64 33
65 32
65 31
65 31
65 30
65 30
65 30
65 30
65 30
65 30
65 30
65 30
65 30
65 30
65 30
65 31
65 31
65 32
65 32
65 33
65 33
65 34
64 35
64 36
64 36
64 37
64 38
64 39
64 40
64 40
64 41
64 42
63 43
63 44
63 45
63 45
63 46
63 47
63 48
62 49
62 50
62 51
62 52
62 53
62 53
62 54
62 55
62 56
61 57
61 58
61 59
61 60
61 61
61 61
61 62
61 63
61 64
61 65
61 66
61 67
61 68
61 69
61 69
61 70
61 71
60 72
60 73
60 74
60 74
60 75
60 76
60 77
60 78
60 78
60 79
61 80
61 81
61 81
61 82
61 82
62 81
62 81
62 80
62 79
62 79
62 78
63 77
63 76
63 76
63 75
64 74
64 73
65 72
65 71
65 71
65 70
65 69
66 68
66 67
66 66
66 66
66 65
66 64
67 63
67 62
67 61
67 60
67 60
67 59
67 58
67 57
68 56
68 55
68 54
68 53
68 53
68 52
68 51
68 50
69 49
69 48
69 47
69 46
69 45
69 45
69 44
69 43
70 42
70 41
70 40
70 40
70 39
70 38
70 37
70 37
70 36
70 35
70 35
70 35
70 34
70 34
70 34
70 34
70 34
70 35
70 35
70 36
70 37
70 38
70 38
70 39
70 40
70 41
70 42
70 43
70 43
70 44
70 45
70 46
69 47
69 48
69 49
69 50
69 50
69 51
69 52
69 53
69 54
69 55
69 56
69 57
69 58
69 58
69 59
69 60
68 61
68 62
68 63
68 63
68 64
68 65
68 66
68 67
68 68
68 68
68 69
68 70
68 71
68 72
68 72
68 73
68 74
68 74
69 75
69 76
69 76
69 76
70 75
70 75
71 74
71 73
71 73
71 72
72 71
72 70
72 69
72 69
72 68
73 67
73 66
73 66
73 65
74 64
74 63
74 63
74 62
74 61
74 61
74 61
74 61
74 61
74 61
73 61
73 61
73 61
73 61
73 60
73 59
73 58
73 57
73 56
73 55
73 54
72 53
72 52
72 51
72 50
72 49
72 48
72 47
72 46
72 45
72 44
72 43
72 42
72 41
72 40
72 39
71 38
71 37
71 36
71 35
71 34
71 33
71 32
71 31
71 30
71 29
71 28
71 27
71 26
71 25
71 24
71 23
70 22
70 21
70 20
70 19
70 18
70 17
70 16
70 15
70 14
70 13
70 12
70 11
70 10
70 9
70 8
69 7
69 6
69 5
69 4
69 3
69 2
69 1
69 0
69 0
69 1
68 2
68 3
68 4
68 5
67 6
67 7
67 8
67 8
67 7
67 7
67 8
67 9
67 9
67 10
67 11
67 11
68 11
68 11
68 11
68 12
68 12
69 13
69 13
69 14
69 14
70 15
71 16
71 17
72 18
73 19
74 20
74 21
75 22
76 23
77 24
77 25
78 26
79 27
79 27
79 27
79 27
79 26
79 25
79 25
79 25
79 24
79 24
79 24
78 24
78 24
78 25
78 26
78 27
78 27
78 28
78 29
78 30
78 31
78 31
78 32
77 33
77 34
77 35
77 36
76 37
76 38
76 39
76 39
76 40
76 41
76 42
76 43
75 44
75 45
75 46
75 47
75 48
75 49
75 49
75 50
75 51
75 52
75 53
74 54
74 55
74 56
74 57
74 58
74 58
74 59
74 60
74 61
73 62
73 63
73 64
73 65
73 66
73 66
73 67
73 68
73 69
72 70
72 71
72 72
72 73
72 73
72 74
72 75
71 76
71 77
71 78
71 79
71 79
71 80
71 81
71 82
71 82
71 83
71 84
71 84
71 85
71 85
71 85
71 84
72 83
72 82
72 82
72 81
73 80
73 79
73 78
73 78
73 77
73 76
74 75
74 74
74 73
74 72
74 72
74 71
74 70
75 69
75 68
75 67
75 66
75 66
75 65
75 64
75 63
76 62
76 61
76 60
76 59
76 58
76 58
76 57
76 56
76 55
77 54
77 53
77 52
77 51
77 51
77 50
77 49
77 48
78 47
78 46
78 45
78 44
78 44
78 43
78 42
79 41
79 40
79 39
79 39
79 38
80 37
80 36
80 36
81 35
81 35
81 35
81 35
81 36
81 36
81 37
81 38
81 38
81 39
81 40
81 41
81 42
81 42
81 43
81 44
81 45
81 46
81 47
81 48
81 48
81 49
81 50
80 51
80 52
80 53
80 54
80 54
80 55
80 56
79 57
79 58
79 59
79 60
79 60
79 61
79 62
78 63
78 64
78 65
78 66
78 66
78 67
78 68
78 69
78 70
78 71
78 72
78 72
78 73
78 74
77 75
77 76
77 77
77 77
77 78
77 79
77 80
77 81
77 81
77 82
77 83
77 83
78 84
78 84
78 84
78 83
78 82
78 82
78 81
79 80
79 79
79 79
79 78
80 77
80 76
80 75
80 75
80 74
80 73
81 72
81 71
81 70
81 69
81 69
81 68
81 67
81 66
82 65
82 64
82 63
82 62
82 62
82 61
83 60
83 59
83 58
83 57
84 56
84 55
84 55
84 54
84 53
84 52
85 51
85 50
85 49
85 48
85 48
85 47
85 46
86 45
86 44
86 43
86 42
86 42
86 41
87 40
87 39
87 38
87 38
87 37
88 36
88 35
88 34
88 34
88 33
88 32
88 31
88 31
89 30
89 29
89 29
89 28
89 27
89 26
89 26
89 25
89 24
89 24
89 23
89 23
90 22
90 22
90 22
90 22
90 22
90 22
90 22
90 22
90 22
90 21
90 21
90 21
90 20
90 20
90 20
90 19
90 19
90 18
90 18
90 17
90 17
90 16
90 16
90 15
90 15
90 14
90 14
90 13
90 13
90 12
90 12
90 11
90 11
90 10
90 10
90 9
90 9
89 9
89 9
89 9
89 9
89 9
89 9
89 9
89 9
89 9
89 9
89 9
89 9
89 9
89 9
89 9
89 9
89 9
89 9
89 9
89 9
89 9
89 9
89 9
89 9
89 9
89 9
89 9
89 9
89 9
89 9
89 9
89 9
89 9
89 9
89 9
89 9
89 9
89 9
89 9
89 9
89 10
89 10
89 11
89 11
89 11
89 12
89 12
89 13
89 14
89 14
89 15
89 16
89 16
89 17
89 18
89 18
89 19
89 20
89 20
88 21
88 22
88 22
88 23
88 23
88 24
88 24
88 24
88 25
88 25
88 25
88 26
88 26
88 27
88 28
88 28
88 29
87 30
87 31
87 31
87 32
87 33
87 34
87 35
87 35
87 36
87 37
87 38
87 39
87 39
87 40
87 41
86 42
86 43
86 44
86 44
86 45
86 46
86 47
86 48
86 49
86 49
86 50
86 51
85 52
85 53
85 54
85 55
85 55
85 56
85 57
85 58
85 59
85 60
85 61
85 61
85 62
85 63
85 64
85 65
85 66
85 67
85 68
85 68
85 69
85 70
85 71
84 72
84 73
84 74
84 75
84 75
84 76
84 77
83 78
83 79
83 80
83 81
83 81
83 82
83 83
83 84
83 85
83 85
84 86
84 86
84 86
84 85
84 85
84 84
85 83
85 82
85 82
85 81
85 80
85 79
85 79
85 78
86 77
86 76
86 75
86 75
86 74
86 73
86 72
86 71
86 70
86 70
86 69
86 68
87 67
87 66
87 65
87 65
87 64
87 63
87 62
87 61
87 60
87 59
87 58
87 58
87 57
87 56
87 55
88 54
88 53
88 52
88 51
88 51
88 50
88 49
88 48
89 47
89 46
89 45
89 44
89 44
89 43
89 42
89 41
89 40
89 39
89 38
89 38
89 37
89 36
89 35
89 34
89 34
89 33
89 32
89 31
89 30
89 30
89 29
89 28
89 27
89 27
89 26
89 25
89 24
89 24
89 23
89 22
89 22
89 21
89 20
89 19
89 19
88 18
88 17
88 17
88 16
88 15
88 15
88 14
88 14
88 13
88 13
88 12
88 12
88 12
88 11
88 11
88 11
88 10
88 10
87 9
87 9
87 9
87 9
87 9
87 9
87 10
87 11
87 11
87 12
87 13
87 13
87 14
87 15
87 16
87 16
88 17
88 18
88 18
89 19
90 19
90 19
91 20
91 20
92 21
93 21
93 21
94 21
95 21
95 21
96 22
96 22
97 22
98 22
98 22
99 22
99 22
99 22
99 21
99 21
99 21
99 21
99 21
99 21
99 21
99 21
99 21
100 21
100 21
100 21
