10 18
11 18
11 18
11 17
11 16
11 16
11 15
11 15
11 14
11 14
11 13
11 12
11 11
11 11
11 10
10 9
10 8
10 7
10 7
10 6
10 5
10 5
10 4
10 3
10 2
10 2
9 1
9 1
9 0
9 0
8 1
8 1
8 2
7 3
7 4
7 4
7 5
7 6
6 7
6 8
6 9
6 9
6 10
6 11
5 12
5 13
5 14
5 15
5 15
5 16
5 17
5 18
5 19
4 20
4 21
4 22
4 23
4 24
4 24
4 25
4 26
3 27
3 28
3 29
3 30
3 31
3 32
2 33
2 34
2 35
2 35
2 36
2 37
2 38
2 39
1 40
1 41
1 42
1 43
1 44
1 45
1 45
1 46
1 47
1 48
1 49
1 50
1 51
0 52
0 53
0 54
0 55
0 56
0 57
0 58
0 58
0 59
0 60
0 61
0 62
0 63
0 64
0 65
0 66
0 67
0 68
0 69
0 70
0 71
0 72
0 72
0 73
0 74
0 75
0 76
0 77
0 78
0 79
0 80
0 81
0 82
0 83
0 83
0 84
0 85
0 86
0 87
0 88
0 89
0 90
0 91
0 91
0 92
0 93
0 94
1 95
1 96
1 97
1 98
1 98
2 99
2 100
2 100
3 99
4 99
4 99
5 98
5 97
6 96
6 95
6 95
6 94
7 93
7 92
8 91
8 90
8 90
8 89
9 88
9 87
9 86
10 85
10 84
10 84
10 83
10 82
10 81
11 80
11 79
11 78
11 77
11 77
11 76
11 75
12 74
12 73
12 72
12 72
12 71
13 70
13 69
13 69
13 68
14 67
14 66
14 66
14 66
14 67
14 68
14 68
14 69
14 70
14 71
14 72
14 72
14 73
14 74
13 75
13 76
13 77
13 77
13 78
13 79
13 80
13 81
13 82
13 83
13 84
13 84
13 85
13 86
12 87
12 88
12 89
12 90
12 90
12 91
13 92
13 93
13 94
13 94
13 95
13 96
13 97
13 97
14 97
14 97
15 96
15 95
15 95
15 94
15 93
16 92
16 91
16 90
16 90
16 89
16 88
17 87
17 86
17 85
17 84
17 84
17 83
17 82
17 81
17 80
17 79
17 78
17 78
17 77
17 76
18 75
18 74
18 73
18 72
18 72
18 71
18 70
18 69
18 68
18 67
18 66
18 66
18 65
17 64
17 63
17 62
17 62
17 61
17 60
17 60
16 60
16 60
16 61
15 62
15 63
15 63
15 64
14 65
14 66
13 67
13 68
13 68
13 69
12 70
12 71
12 72
12 72
12 73
12 74
12 75
12 75
12 76
12 76
12 77
12 77
13 78
13 78
14 78
14 78
15 77
15 76
15 76
16 75
16 74
17 73
17 73
17 72
18 71
18 70
19 69
19 68
19 68
19 67
20 66
20 65
20 64
21 63
21 62
21 62
21 61
21 60
22 59
22 58
22 57
22 56
22 56
22 55
23 54
23 53
23 52
24 51
24 50
24 50
24 49
25 48
25 47
25 47
26 46
26 45
26 45
26 44
26 44
26 45
26 45
26 46
26 46
26 47
26 48
26 48
26 49
25 50
25 51
25 52
25 52
25 53
25 54
25 55
25 56
25 57
25 57
25 58
25 59
24 60
24 61
24 62
24 63
24 63
24 64
24 65
23 66
23 67
23 68
23 69
23 69
23 70
23 71
23 72
23 73
23 74
23 75
23 76
23 76
23 77
23 78
22 79
22 80
22 81
22 82
22 82
22 83
22 84
22 85
22 85
22 86
22 86
22 86
22 85
22 84
22 84
22 83
23 82
23 81
23 80
23 80
23 79
23 78
24 77
24 76
24 75
24 75
24 74
24 73
24 72
25 71
25 70
25 69
25 68
25 68
25 67
25 66
26 65
26 64
26 63
26 62
26 62
26 61
27 60
27 59
27 58
27 58
28 57
28 56
28 56
28 55
28 55
29 56
29 56
29 57
29 58
29 59
29 59
29 60
29 61
29 62
29 63
29 64
29 64
29 65
29 66
29 67
29 68
29 69
29 69
29 70
29 71
28 72
28 73
28 74
28 74
28 75
28 76
28 77
28 78
28 78
28 79
28 80
28 81
28 81
29 82
29 83
29 83
29 83
29 82
29 81
30 80
30 79
30 78
30 77
30 76
31 75
31 74
31 73
31 72
32 71
32 70
32 69
32 68
32 67
33 66
33 65
33 64
33 63
33 62
34 61
34 60
34 59
34 59
34 58
34 57
35 56
35 55
35 54
35 53
36 52
36 51
36 50
36 49
37 48
37 47
37 46
37 46
37 45
38 44
38 43
38 42
38 42
38 41
39 40
39 39
39 39
39 38
40 37
40 36
40 36
40 35
40 35
40 35
40 36
40 36
39 37
39 38
39 38
39 39
38 40
38 41
38 41
38 42
38 43
37 44
37 45
37 46
37 46
37 47
37 48
36 49
36 50
36 51
36 51
36 52
36 53
36 54
36 55
36 56
36 56
36 57
35 58
35 59
35 60
35 60
35 61
35 62
35 63
35 63
36 64
36 65
36 65
36 65
37 65
37 65
38 64
38 64
39 63
39 62
39 62
40 62
40 62
40 63
40 63
41 64
41 65
41 65
40 66
40 67
40 67
40 68
40 69
40 70
40 71
40 71
40 72
39 73
39 74
39 75
39 75
39 76
39 77
38 78
38 79
38 80
38 80
37 81
37 82
37 82
37 83
37 83
37 82
37 81
37 80
37 80
37 79
37 78
37 77
37 76
37 75
37 74
37 74
37 73
37 72
37 71
38 70
38 69
38 68
38 67
38 66
38 65
39 64
39 63
39 62
39 61
39 60
39 59
39 58
40 57
40 56
40 55
40 54
40 53
40 52
40 51
41 50
41 49
41 48
41 47
41 46
41 45
42 44
42 43
42 42
42 41
42 41
42 40
42 39
43 38
43 37
43 36
43 35
44 34
44 33
44 32
44 31
45 30
45 29
45 28
45 28
45 27
46 26
46 25
46 24
46 24
46 23
46 22
46 21
46 21
47 20
47 20
47 20
47 21
48 22
48 23
48 23
48 24
48 25
47 26
47 27
47 28
47 28
47 29
47 30
47 31
47 32
47 33
47 34
47 34
47 35
47 36
47 37
47 38
47 39
47 40
47 41
47 42
47 42
47 43
47 44
47 45
46 46
46 47
46 48
46 49
46 50
46 50
46 51
46 52
46 53
46 54
46 55
46 56
46 57
46 58
46 58
46 59
46 60
46 61
46 62
46 63
46 64
46 65
46 65
46 66
47 67
47 68
47 69
47 69
47 70
47 71
47 72
47 72
48 72
48 72
49 71
49 70
49 70
49 69
50 68
50 67
50 67
50 66
51 65
51 64
51 63
51 63
51 62
51 61
51 60
51 59
51 59
51 58
51 57
51 56
51 55
51 55
51 54
50 53
50 52
50 52
50 51
49 50
49 49
49 49
48 48
48 47
48 47
47 48
46 48
46 48
45 49
45 50
44 51
44 51
44 52
43 53
43 54
43 55
43 55
43 56
43 56
43 57
43 57
43 57
44 57
44 57
45 56
45 56
46 55
47 54
47 54
48 53
48 52
49 51
49 51
50 50
51 49
51 49
52 48
52 47
53 46
53 46
54 45
54 44
55 43
55 43
55 42
56 41
56 40
56 40
57 39
57 39
57 38
57 38
57 38
57 38
57 38
56 39
56 39
56 40
56 40
56 41
55 42
55 43
55 43
55 44
55 45
55 46
55 46
55 47
55 48
55 49
55 50
55 51
55 52
55 52
55 53
55 54
54 55
54 56
54 57
54 58
54 58
54 59
54 60
54 61
54 62
54 63
54 64
54 65
54 66
54 66
54 67
54 68
54 69
54 70
54 71
54 72
54 72
54 73
54 74
54 75
54 76
54 77
54 77
54 78
54 79
54 80
54 81
54 81
54 81
54 81
54 80
54 79
54 78
54 78
54 77
54 76
55 75
55 74
55 73
55 73
55 72
55 71
55 70
55 69
55 68
55 67
55 67
55 66
55 65
56 64
56 63
56 62
56 61
56 61
56 60
56 59
56 58
56 57
56 56
56 55
56 54
56 54
56 53
57 52
57 51
57 50
57 50
57 49
58 48
58 47
58 47
59 46
59 45
59 45
60 44
61 44
61 44
62 43
62 43
63 42
63 42
64 41
64 41
65 41
65 41
66 41
66 41
66 41
67 40
67 40
66 40
66 40
66 40
66 40
65 39
65 39
64 39
64 39
64 39
63 40
63 41
63 41
63 42
63 43
63 43
62 44
62 45
62 45
62 46
62 47
62 48
62 49
62 49
62 50
62 51
62 52
62 53
62 54
62 54
62 55
62 56
62 57
62 58
62 59
62 60
62 60
62 61
62 62
62 63
62 64
62 65
62 65
62 66
62 67
62 68
62 69
62 69
62 70
62 71
62 72
62 72
62 73
62 73
63 72
63 72
63 71
63 70
63 69
63 69
63 68
63 67
64 66
64 65
64 64
64 64
64 63
64 62
65 61
65 60
65 59
65 59
65 58
65 57
65 56
65 55
65 54
65 53
65 53
65 52
66 51
66 50
66 49
66 49
66 48
66 47
66 46
66 45
66 45
66 45
66 46
66 46
66 47
67 48
67 49
67 49
67 50
67 51
67 52
67 53
67 54
67 54
67 55
67 56
67 57
67 58
67 58
67 59
67 60
67 61
67 62
67 62
67 63
67 64
67 65
67 66
67 66
68 67
68 68
68 68
68 69
68 69
69 68
69 67
69 67
69 66
69 65
69 64
69 63
70 62
70 61
70 60
70 59
70 58
70 57
70 56
70 55
70 54
70 53
71 52
71 51
71 50
71 49
71 48
71 48
72 47
72 46
73 45
73 45
73 45
73 46
73 47
73 47
73 48
73 49
73 49
73 50
73 51
73 52
73 52
73 53
73 54
72 55
72 56
72 57
72 57
72 58
72 59
72 60
72 61
72 62
72 62
72 63
72 64
72 65
72 66
72 67
72 67
72 68
72 69
72 70
72 70
72 71
72 72
72 72
72 72
72 71
72 70
72 70
72 69
72 68
72 67
72 66
72 65
72 64
72 63
72 62
72 61
72 60
73 59
73 58
73 57
73 56
73 55
73 54
73 53
73 52
73 51
73 50
73 49
73 48
73 47
73 46
73 45
73 44
73 43
73 42
73 41
73 40
73 39
73 38
74 37
74 36
74 35
74 34
74 33
74 32
74 31
74 30
74 29
74 28
74 27
74 26
74 26
74 25
74 24
74 23
75 22
75 21
75 20
75 19
75 19
75 18
75 18
75 18
75 19
75 19
75 20
75 21
75 21
75 22
76 23
76 24
76 24
76 25
76 26
76 27
77 28
77 29
77 30
77 31
77 32
77 32
77 33
77 34
78 35
78 36
78 37
78 37
78 38
78 39
78 40
78 40
78 41
78 42
78 43
78 44
78 44
78 45
78 46
78 47
78 48
78 48
78 49
78 50
77 51
77 52
77 53
77 54
77 54
77 55
77 56
77 57
77 58
77 59
77 60
77 61
77 61
77 62
77 63
77 64
77 65
77 66
77 67
77 67
77 68
77 69
77 70
77 71
77 71
77 72
77 73
77 74
77 74
77 75
77 75
77 74
77 74
78 73
78 72
78 72
78 71
78 70
79 69
79 68
79 67
79 67
79 66
79 65
79 64
79 63
79 62
79 61
79 61
79 60
79 59
79 58
80 57
80 56
80 55
80 54
80 53
80 53
80 52
80 51
81 50
81 49
81 48
81 47
81 47
82 46
82 45
82 45
83 45
83 45
83 46
83 47
83 47
83 48
83 49
83 50
83 50
83 51
83 52
83 53
83 54
83 55
83 56
83 56
83 57
83 58
83 59
83 60
83 61
83 61
83 62
83 63
83 64
83 65
83 66
83 66
83 67
84 68
84 69
84 69
84 70
84 71
84 71
84 70
84 69
84 69
84 68
85 67
85 66
85 66
85 65
86 64
86 63
86 62
86 62
86 62
86 61
86 60
86 59
87 58
87 57
87 56
87 55
87 54
87 53
87 52
87 51
88 50
88 49
88 48
88 47
88 46
88 45
88 44
88 43
89 42
89 41
89 40
89 39
89 38
89 38
89 37
89 36
90 35
90 34
90 33
90 32
90 32
90 31
90 30
91 29
91 28
91 27
91 27
91 26
91 26
91 26
92 27
92 27
92 28
91 29
91 30
91 30
91 31
91 32
91 33
91 34
91 35
91 35
91 36
91 37
91 38
91 39
91 40
91 41
91 41
91 42
91 43
91 44
91 45
91 46
91 47
91 48
91 48
91 49
91 50
91 51
91 52
91 53
91 54
91 55
91 56
91 56
91 57
91 58
91 59
91 60
91 61
91 62
91 63
91 64
91 65
91 65
91 66
91 67
91 68
91 69
91 70
91 70
91 71
91 72
91 73
91 74
91 74
92 75
92 75
93 74
93 73
93 73
93 72
94 71
94 70
94 70
94 69
95 68
95 67
96 66
96 65
96 65
96 64
96 63
96 62
96 61
96 60
96 60
96 59
96 58
97 57
97 56
97 55
97 55
97 54
97 53
97 52
97 51
97 50
97 50
97 49
97 48
96 47
96 46
96 45
96 45
96 44
96 43
96 42
96 41
96 41
95 40
95 39
95 39
94 39
93 39
93 39
92 40
91 41
91 41
90 42
89 43
89 43
88 44
88 45
88 45
87 46
86 47
86 47
86 48
86 49
86 50
86 50
87 51
87 52
87 52
88 52
88 52
89 52
90 51
91 51
91 51
92 50
93 49
94 48
95 47
95 47
96 46
96 45
97 44
98 43
99 42
99 41
100 40
