8 43
8 42
8 41
8 40
8 39
8 38
8 37
8 36
8 36
8 35
8 35
8 34
8 33
8 33
8 32
8 32
8 31
8 30
8 30
8 29
8 29
7 28
7 28
7 27
7 27
6 27
6 27
5 28
5 28
5 29
5 30
5 30
5 31
5 32
4 33
4 34
4 35
4 35
4 36
4 37
3 38
3 39
3 40
3 40
3 41
3 42
3 43
2 44
2 45
2 46
2 47
2 47
2 48
2 49
2 50
1 51
1 52
1 53
1 54
1 55
1 55
1 56
1 57
1 58
0 59
0 60
0 61
0 62
0 63
0 63
0 64
0 65
0 66
0 67
0 68
0 69
0 70
0 71
0 72
0 72
0 73
0 74
0 75
0 76
0 77
0 78
0 79
0 80
0 81
0 81
0 82
0 83
0 84
0 85
0 86
0 87
0 88
0 89
0 89
0 90
0 91
0 92
0 93
0 94
0 95
0 95
0 96
1 97
1 98
1 99
1 99
2 100
2 100
3 99
4 99
4 99
4 98
5 97
5 96
5 95
5 95
5 94
6 93
6 92
7 91
7 90
7 90
7 89
8 88
8 87
8 86
8 85
9 84
9 83
9 83
9 82
9 81
9 80
10 79
10 78
10 77
10 76
10 75
10 75
10 74
11 73
11 72
11 71
12 70
12 69
12 69
12 68
12 67
13 66
13 65
13 64
13 64
13 63
13 62
13 61
13 60
13 59
13 59
14 58
14 58
14 58
13 59
13 59
13 60
13 61
13 62
13 63
13 63
13 64
13 65
13 66
13 67
13 68
13 68
13 69
13 70
13 71
12 72
12 73
12 74
12 75
12 75
12 76
12 77
12 78
12 79
12 80
12 81
12 82
12 83
12 83
12 84
12 85
12 86
12 87
12 88
12 89
12 89
12 90
13 91
13 92
13 93
13 93
13 94
13 95
13 96
13 96
14 96
14 96
14 95
15 94
15 93
15 93
15 92
16 91
16 90
16 89
16 89
16 88
16 87
17 86
17 85
17 84
17 83
17 83
17 82
17 81
17 80
18 79
18 78
18 77
18 76
18 76
18 75
18 74
19 73
19 72
19 71
19 70
19 70
19 69
19 68
19 67
19 66
19 65
19 64
19 64
19 63
19 62
19 61
19 60
19 59
19 58
19 58
19 57
18 56
18 55
18 54
18 54
18 53
18 52
18 51
18 51
17 50
17 50
16 51
16 51
15 52
15 53
14 54
14 54
14 55
14 56
14 57
14 57
13 58
13 59
13 59
13 60
13 61
13 62
13 62
13 63
13 64
13 64
13 65
14 66
14 67
14 67
15 68
15 68
16 69
16 69
17 68
18 67
18 67
18 66
19 65
19 64
19 64
20 63
20 62
21 61
21 61
21 60
22 59
22 58
23 57
23 56
23 56
23 55
24 54
24 53
24 52
24 52
24 51
24 50
25 49
25 48
25 47
25 47
25 46
26 45
26 44
26 44
27 43
27 42
27 42
27 41
27 41
27 42
27 42
27 43
27 43
27 44
26 45
26 46
26 46
26 47
26 48
26 49
26 50
26 51
26 51
26 52
26 53
25 54
25 55
25 56
25 57
25 57
25 58
25 59
24 60
24 61
24 62
24 63
24 63
24 64
24 65
24 66
24 67
24 68
24 69
24 69
24 70
24 71
23 72
23 73
23 74
23 74
23 75
23 76
23 77
23 78
23 78
23 79
23 80
23 80
23 81
23 81
23 80
23 80
23 79
23 78
23 77
23 77
23 76
24 75
24 74
24 73
24 73
24 72
24 71
25 70
25 69
25 68
25 67
25 67
25 66
25 65
25 64
25 63
25 62
25 61
25 61
25 60
25 59
26 58
26 57
26 56
26 56
26 55
27 54
27 53
27 53
28 52
28 52
28 53
28 53
28 54
28 55
28 56
28 56
28 57
29 58
29 59
29 60
29 60
29 61
29 62
28 63
28 64
28 65
28 65
28 66
28 67
28 68
28 69
28 70
28 71
28 71
28 72
28 73
28 74
28 74
28 75
28 76
28 77
28 77
29 78
29 78
29 77
29 77
30 76
30 75
30 75
30 74
30 73
30 72
30 71
30 70
30 70
30 69
30 68
31 67
31 66
31 65
31 65
31 64
32 63
32 62
32 61
32 60
33 59
33 58
33 58
33 57
33 56
34 55
34 54
34 53
34 53
34 52
34 51
35 50
35 49
35 48
35 47
35 47
35 46
36 45
36 44
36 43
36 43
36 42
37 41
37 40
37 39
37 39
37 38
37 37
37 37
38 36
38 36
38 36
38 36
38 36
37 37
37 38
37 38
37 39
36 40
36 41
36 41
36 42
36 43
36 44
36 45
36 45
36 46
35 47
35 48
35 49
35 49
35 50
35 51
35 52
35 53
35 54
35 54
35 55
34 56
34 57
34 57
34 58
34 59
34 60
34 60
34 61
34 61
35 62
35 62
35 62
36 61
36 61
37 60
37 60
38 59
38 59
39 59
39 59
39 60
39 60
40 61
40 61
40 62
39 63
39 64
39 64
39 65
39 66
39 67
39 68
39 68
39 69
38 70
38 71
38 72
38 72
38 73
37 74
37 75
37 76
37 76
37 77
37 78
37 78
37 78
37 77
37 77
37 76
37 75
37 74
37 73
37 73
37 72
37 71
37 70
37 69
37 68
37 67
37 66
37 66
37 65
38 64
38 63
38 62
38 61
39 60
39 59
39 58
39 58
39 57
39 56
39 55
39 54
40 53
40 52
40 51
40 50
40 49
40 49
40 48
40 47
40 46
40 45
41 44
41 43
41 42
41 41
41 40
41 39
41 39
41 38
41 37
42 36
42 35
42 34
42 33
43 32
43 31
43 30
43 30
43 29
43 28
43 27
44 26
44 25
44 24
44 23
44 23
44 22
44 21
44 20
45 19
45 18
45 17
45 16
45 16
45 15
46 14
46 13
46 12
46 12
46 11
47 10
47 9
47 9
48 8
48 7
48 7
48 7
48 8
48 9
48 9
48 10
48 11
48 12
48 12
48 13
48 14
48 15
48 16
48 17
48 18
48 18
48 19
48 20
48 21
47 22
47 23
47 24
47 25
47 25
47 26
47 27
47 28
47 29
47 30
47 31
47 32
47 33
47 33
47 34
47 35
47 36
47 37
46 38
46 39
46 40
46 41
46 42
46 42
46 43
46 44
46 45
46 46
46 47
46 48
46 49
46 49
46 50
46 51
46 52
46 53
46 54
46 55
46 56
46 56
46 57
46 58
47 59
47 60
47 61
47 61
47 62
47 63
47 63
48 64
48 65
48 65
49 64
49 64
49 63
50 62
50 61
50 61
50 60
51 59
51 58
51 57
51 57
51 56
51 55
51 54
51 53
51 53
51 52
52 51
52 50
52 49
52 49
52 48
51 47
51 46
51 46
51 45
51 44
51 43
51 42
51 42
51 41
50 40
50 39
50 39
49 38
48 38
48 38
47 38
47 38
46 39
45 39
45 39
45 40
44 41
44 42
44 42
43 43
43 43
43 44
43 44
43 44
43 44
44 44
44 44
45 43
45 43
46 42
47 41
47 41
48 40
49 39
49 39
50 38
51 37
51 37
52 36
52 35
53 34
53 34
54 33
55 32
55 32
56 31
56 31
57 32
58 32
58 32
57 33
57 34
57 34
57 35
57 35
57 36
56 37
56 38
56 38
56 39
56 40
56 41
56 41
56 42
56 43
56 44
56 45
56 46
56 46
56 47
56 48
55 49
55 50
55 51
55 52
55 52
55 53
55 54
55 55
55 56
55 57
55 57
55 58
55 59
55 60
55 61
55 62
55 62
55 63
55 64
55 65
55 65
55 66
55 67
55 67
55 68
55 68
55 68
55 67
55 66
55 66
55 65
56 64
56 63
56 63
56 62
56 61
56 60
56 59
56 58
56 58
56 57
56 56
57 55
57 54
57 53
57 53
57 52
57 51
57 50
57 49
57 48
57 47
57 47
57 46
58 45
58 44
58 43
58 43
58 42
59 41
59 40
59 40
60 39
60 38
60 38
61 37
61 36
61 36
62 35
63 34
63 34
64 33
64 32
64 32
65 31
65 30
65 30
66 29
66 29
66 29
66 29
66 29
66 28
66 28
65 28
65 28
65 28
64 28
64 28
63 29
63 30
63 30
63 31
63 32
63 33
63 33
63 34
62 35
62 36
62 37
62 37
62 38
62 39
62 40
62 41
62 42
62 42
62 43
62 44
62 45
62 46
62 47
62 48
62 48
62 49
62 50
62 51
62 52
62 53
62 54
62 54
62 55
62 56
62 57
62 57
62 58
62 59
62 60
62 60
62 60
62 60
63 59
63 59
63 58
64 57
64 56
64 55
64 55
64 54
64 53
64 52
64 51
64 51
64 50
64 49
65 48
65 47
65 46
65 46
65 45
65 44
65 43
65 42
65 41
65 41
66 40
66 39
66 39
66 38
66 38
66 39
66 40
66 40
66 41
66 42
66 43
66 43
66 44
66 45
66 46
66 47
66 47
66 48
66 49
66 50
66 51
66 52
66 52
66 53
67 54
67 55
67 56
67 56
67 57
67 58
67 59
67 59
67 60
67 61
67 62
67 62
67 62
68 62
68 62
68 61
68 60
68 60
68 59
69 58
69 57
69 57
69 56
69 55
69 54
70 53
70 52
70 51
70 50
70 49
70 48
71 47
71 46
71 45
71 44
71 43
71 42
72 41
72 40
72 39
72 38
72 38
72 37
73 36
73 35
73 35
73 35
73 36
73 37
73 37
73 38
72 39
72 40
72 40
72 41
72 42
72 43
72 44
72 44
72 45
72 46
72 47
72 48
72 49
72 50
72 50
72 51
72 52
72 53
72 54
72 55
72 56
72 56
72 57
72 58
71 59
71 60
71 61
71 61
71 62
71 63
71 63
71 64
71 65
71 65
71 64
71 63
71 63
71 62
72 61
72 60
72 59
72 59
72 58
72 57
72 56
72 55
72 54
72 53
72 52
72 51
72 50
72 49
72 48
72 47
72 46
72 45
72 44
72 43
72 42
72 41
72 40
72 39
72 38
72 37
72 36
72 35
73 34
73 33
73 32
73 31
73 30
73 29
73 28
73 27
73 26
73 25
73 24
73 23
73 22
73 21
73 20
73 19
73 18
73 17
73 16
73 15
73 14
73 13
73 12
73 11
73 10
73 10
73 9
73 8
73 7
73 6
74 5
74 4
74 3
74 2
74 1
74 1
74 1
74 1
74 2
74 3
74 3
74 4
74 5
74 5
74 6
74 7
74 8
75 9
75 10
75 11
75 12
75 13
75 14
76 15
76 16
76 17
76 18
76 19
76 20
77 21
77 22
77 23
77 24
77 24
77 25
77 26
77 27
77 28
77 29
77 29
77 30
77 30
77 31
77 32
77 33
77 33
77 34
77 35
77 36
77 36
77 37
77 38
77 39
77 40
77 41
77 41
77 42
77 43
77 44
77 45
77 46
77 46
77 47
77 48
77 49
77 50
77 51
77 52
77 52
77 53
77 54
77 55
77 56
77 57
77 58
77 58
77 59
77 60
77 61
77 62
77 63
77 63
77 64
77 65
77 66
77 66
77 67
77 68
77 68
77 68
77 67
77 66
77 66
77 65
78 64
78 63
78 62
78 62
78 61
78 60
78 59
78 58
78 57
78 56
78 56
78 55
78 54
78 53
79 52
79 51
79 50
79 49
79 48
79 48
79 47
79 46
79 45
80 44
80 43
80 42
80 41
80 41
80 40
80 39
81 38
81 37
81 36
81 36
81 35
81 34
81 34
82 33
82 33
82 34
82 34
82 35
82 36
82 37
82 37
82 38
82 39
83 40
83 41
83 42
83 42
83 43
83 44
83 45
83 46
83 47
83 48
83 48
83 49
83 50
83 51
82 52
82 53
82 54
82 55
82 55
82 56
82 57
82 58
82 59
82 60
82 61
82 62
82 62
82 63
82 64
82 65
82 66
82 66
82 67
82 68
82 68
83 68
83 68
83 67
83 66
83 65
83 65
83 64
84 63
84 62
84 61
84 61
84 60
84 59
84 58
85 57
85 56
85 55
85 54
85 54
85 53
85 52
85 51
86 50
86 49
86 48
86 47
86 46
86 46
86 45
86 44
86 43
86 42
87 41
87 40
87 39
87 38
87 37
87 36
87 36
87 35
87 34
87 33
88 32
88 31
88 30
88 29
88 28
88 28
88 27
89 26
89 25
89 24
89 24
89 23
90 22
90 21
90 21
90 20
90 20
91 20
91 20
91 21
91 21
91 22
91 23
91 24
91 24
91 25
91 26
91 27
91 28
91 29
91 29
91 30
91 31
91 32
91 33
91 34
91 35
91 36
91 36
91 37
91 38
91 39
90 40
90 41
90 42
90 43
90 43
90 44
90 45
90 46
91 47
91 48
91 49
91 50
91 50
91 51
91 52
91 53
91 54
91 55
91 55
91 56
91 57
91 58
91 58
92 59
92 60
92 60
93 59
93 59
93 58
93 57
93 57
93 56
94 55
94 54
94 53
94 53
94 52
94 51
94 50
94 49
94 49
94 48
94 47
94 46
94 45
94 44
94 44
94 43
94 42
94 41
94 40
94 39
94 39
94 38
94 37
93 36
93 35
93 34
93 34
93 33
93 32
92 31
92 30
92 29
92 29
92 28
91 27
91 26
91 26
90 25
89 25
89 25
88 26
88 26
87 26
87 26
87 27
87 27
87 27
88 28
88 29
88 29
89 29
89 29
90 29
91 29
91 29
92 28
93 27
94 27
95 26
95 26
96 25
97 24
98 23
99 22
100 21
