7 41
7 40
7 39
7 38
7 38
7 37
7 36
7 36
6 35
6 35
6 34
6 34
5 33
5 33
4 33
4 33
4 33
3 34
3 34
3 35
3 36
3 37
3 37
3 38
2 39
2 40
2 40
2 41
2 42
1 43
1 44
1 45
1 45
1 46
1 47
1 48
0 49
0 50
0 51
0 52
0 52
0 53
0 54
0 55
0 56
0 57
0 58
0 59
0 59
0 60
0 61
0 62
0 63
0 64
0 65
0 66
0 67
0 68
0 68
0 69
0 70
0 71
0 72
0 73
0 74
0 75
0 76
0 76
0 77
0 78
0 79
0 80
0 81
0 82
0 83
0 84
0 84
0 85
0 86
0 87
0 88
0 89
0 90
0 90
0 91
0 92
1 93
1 94
1 95
1 95
1 96
1 97
1 98
1 99
1 99
2 100
2 100
3 100
4 100
4 100
5 99
5 98
5 98
6 97
6 96
7 95
7 94
7 94
7 93
7 92
8 91
8 90
8 89
8 89
8 88
8 87
9 86
9 85
9 84
9 83
9 83
9 82
10 81
10 80
10 79
10 79
10 78
11 77
11 76
11 75
11 75
11 74
11 73
11 73
11 72
11 72
11 72
11 72
10 72
10 72
10 72
9 73
9 73
9 73
9 72
9 72
9 71
9 71
9 70
9 69
9 69
9 68
9 67
9 66
9 66
9 65
10 64
10 63
10 62
10 62
10 61
10 60
10 59
10 58
10 58
10 57
11 56
11 55
11 54
11 54
11 53
11 52
11 51
11 50
11 50
11 49
12 48
12 47
12 46
12 46
13 45
13 44
13 44
14 43
14 42
14 42
15 41
15 41
16 40
16 40
17 41
17 41
18 42
18 43
18 43
18 44
18 45
18 46
18 47
18 47
18 48
18 49
18 50
18 51
18 52
18 53
18 53
18 54
18 55
18 56
18 57
18 58
18 59
18 59
18 60
18 61
18 62
18 63
18 64
18 65
18 66
18 66
18 67
18 68
17 69
17 70
17 71
17 71
17 72
17 73
17 74
17 75
17 76
17 76
17 77
16 78
16 79
16 79
16 80
16 80
15 80
15 80
15 79
15 79
14 78
14 77
14 77
14 76
14 75
14 74
14 74
14 73
14 72
14 72
15 71
15 70
15 70
15 69
15 68
15 68
16 67
16 66
16 66
17 65
17 64
17 64
18 63
18 62
18 62
18 61
19 60
19 59
19 59
19 58
20 57
20 56
20 56
21 55
21 54
22 53
22 52
22 52
22 51
23 50
23 49
23 49
24 48
24 48
24 48
25 48
25 48
25 49
25 50
25 50
25 51
25 52
25 53
25 53
25 54
25 55
25 56
25 57
25 58
25 58
25 59
25 60
25 61
25 62
25 62
25 63
25 64
25 65
25 66
25 66
25 67
25 68
25 69
25 69
25 70
24 71
24 72
24 73
24 73
24 74
24 75
24 75
24 76
24 76
24 76
24 76
25 75
25 74
25 74
25 73
26 72
26 71
26 70
26 70
26 69
26 68
27 67
27 66
27 65
27 64
27 64
27 63
27 62
28 61
28 60
28 59
28 58
28 58
28 57
28 56
29 55
29 54
29 53
29 52
29 52
29 51
29 50
29 49
29 48
29 48
30 47
30 46
30 46
31 45
31 45
31 46
31 46
31 47
31 48
31 49
31 49
31 50
31 51
31 52
31 53
31 53
31 54
31 55
30 56
30 57
30 58
30 58
30 59
30 60
30 61
30 62
30 63
30 63
30 64
30 65
30 66
30 67
30 67
30 68
30 69
30 70
30 71
30 71
31 72
31 72
31 73
31 74
31 74
32 73
32 73
32 72
33 71
33 70
33 70
33 69
33 68
34 67
34 66
34 65
34 65
34 64
35 63
35 62
36 61
36 60
36 60
36 59
36 58
37 57
37 56
37 55
37 54
37 54
37 53
37 52
38 51
38 50
38 49
38 48
38 48
38 47
38 46
39 45
39 44
39 43
39 43
39 42
40 41
40 40
40 39
40 39
40 38
41 37
41 36
41 36
41 35
41 35
41 35
41 36
41 36
40 37
40 38
40 38
40 39
40 40
40 41
40 42
40 42
40 43
39 44
39 45
39 46
39 46
39 47
39 48
39 49
39 50
39 51
39 51
39 52
39 53
39 54
39 55
39 55
39 56
39 57
39 58
39 59
39 60
39 60
39 61
39 62
39 63
39 64
39 64
39 65
40 66
40 67
40 67
40 68
40 69
40 70
40 70
40 71
40 72
40 73
40 73
40 74
40 75
40 76
40 76
40 77
41 78
41 79
41 79
41 80
40 81
40 82
40 82
40 83
40 84
40 84
39 85
39 85
39 85
38 84
38 84
38 83
38 82
38 82
38 81
38 80
38 79
38 79
38 78
38 77
38 76
38 75
38 75
38 74
38 73
38 72
38 71
38 71
38 70
39 69
39 68
39 67
39 67
39 66
40 65
40 64
40 63
40 63
40 62
41 61
41 60
41 59
41 59
41 58
41 57
41 56
41 55
41 55
41 54
41 53
42 52
42 51
42 50
42 50
42 49
42 48
43 47
43 46
43 45
43 45
43 44
44 43
44 42
45 41
45 40
45 40
45 39
45 38
46 37
46 36
46 35
46 34
46 34
46 33
46 32
46 31
47 30
47 29
47 28
47 27
47 26
47 26
47 25
47 24
47 23
48 22
48 21
48 20
48 19
48 18
48 18
48 17
48 16
48 15
48 14
48 13
48 12
48 12
48 11
49 10
49 9
49 8
49 8
49 7
49 6
49 5
49 5
49 4
49 4
49 4
49 5
49 6
49 6
49 7
49 8
49 8
49 9
49 10
49 11
49 12
49 13
49 13
49 14
49 15
48 16
48 17
48 18
48 19
48 19
48 20
48 21
48 22
48 23
48 24
48 25
48 25
48 26
48 27
48 28
48 29
47 30
47 31
47 32
47 33
47 34
47 34
47 35
47 36
47 37
47 38
47 39
47 40
47 41
47 42
47 42
47 43
47 44
47 45
47 46
46 47
46 48
46 49
46 50
46 51
46 51
46 52
46 53
46 54
46 55
46 56
46 57
46 58
46 59
46 60
46 61
46 61
46 62
46 63
46 64
46 65
46 66
46 67
46 68
46 69
46 70
46 70
46 71
46 72
46 73
46 74
46 75
46 76
46 77
46 77
46 78
46 79
46 80
46 81
46 81
46 82
46 83
46 84
46 84
46 85
46 85
47 84
47 83
47 83
47 82
48 81
48 80
48 79
48 79
48 78
49 77
49 76
49 75
49 75
49 74
49 73
49 72
49 71
49 70
49 70
49 69
49 68
49 67
49 66
49 65
49 65
49 64
49 63
49 62
49 61
49 60
49 60
49 59
49 58
49 57
49 56
48 55
48 54
48 53
48 52
48 51
48 50
48 49
48 48
47 47
47 46
47 45
47 44
47 43
47 43
47 42
47 41
47 40
47 39
46 38
46 37
46 36
46 35
46 34
46 33
46 33
45 32
45 31
45 31
44 30
44 29
44 29
44 29
43 29
43 29
43 29
44 29
44 29
45 29
45 29
46 28
46 28
47 27
47 26
47 26
48 25
49 25
49 25
50 24
50 24
51 23
51 23
51 24
52 25
52 26
53 27
53 28
54 29
54 30
55 31
55 32
56 33
56 34
56 34
56 34
56 33
56 33
56 33
56 34
56 34
56 35
57 36
57 37
57 37
57 38
57 39
57 40
57 41
57 41
57 42
57 43
56 44
56 45
56 46
56 46
56 47
56 48
56 49
56 50
56 51
56 52
56 52
56 53
56 54
56 55
56 56
56 57
56 58
56 58
56 59
56 60
56 61
56 62
56 63
56 63
56 64
55 65
55 66
55 66
55 67
55 68
55 68
55 69
55 69
55 68
55 68
55 67
55 67
55 66
56 65
56 64
56 63
56 63
56 62
56 61
56 60
56 59
56 58
56 57
56 57
56 56
56 55
56 54
57 53
57 52
57 51
57 50
57 50
57 49
57 48
57 47
57 46
57 45
57 45
57 44
57 43
58 42
58 41
58 40
58 40
58 39
59 38
59 37
59 36
59 36
60 35
60 34
60 34
60 33
60 33
61 33
62 33
63 33
64 33
65 33
66 33
66 33
67 33
68 33
68 33
68 32
68 32
68 32
68 33
68 33
67 33
67 33
66 33
66 33
66 34
66 35
66 35
66 36
65 37
65 38
65 38
65 39
64 40
64 41
64 41
64 42
64 43
64 44
64 45
64 46
64 46
64 47
64 48
63 49
63 50
63 51
63 52
63 52
63 53
63 54
63 55
63 56
63 57
63 57
63 58
63 59
63 60
63 61
63 61
63 62
63 63
63 63
63 64
63 64
64 64
64 64
65 63
65 62
65 62
65 61
65 60
65 59
65 59
65 58
65 57
66 56
66 55
66 54
66 54
66 53
67 52
67 51
67 50
67 50
67 49
67 48
67 47
67 46
67 45
67 45
67 44
68 43
68 42
68 41
68 41
68 40
68 39
68 38
68 38
68 37
68 36
68 36
68 36
68 37
68 37
68 38
68 39
68 39
68 40
68 41
68 42
68 43
68 43
68 44
68 45
68 46
68 47
68 47
68 48
68 49
68 50
68 51
68 51
68 52
69 53
69 54
69 55
69 55
69 56
70 57
70 58
70 58
70 59
70 59
71 59
71 59
72 58
72 57
72 57
72 56
73 55
73 54
73 54
74 53
74 52
75 51
75 51
75 50
75 49
76 48
76 47
76 46
76 46
76 45
77 44
77 43
77 43
77 42
77 41
77 41
78 40
78 40
78 40
78 41
78 42
78 42
78 43
78 44
78 45
78 45
78 46
78 47
78 48
78 48
78 49
77 50
77 51
77 51
77 52
77 53
77 54
77 54
77 55
77 56
77 57
77 57
77 58
77 59
77 59
77 60
77 60
76 60
76 60
76 60
76 59
76 58
76 58
76 57
76 56
76 55
76 54
76 53
76 52
76 51
76 50
76 49
76 48
76 47
76 46
76 45
76 44
76 43
76 42
76 41
76 40
76 39
76 38
76 37
76 36
76 35
76 35
76 34
76 33
76 32
76 31
76 30
76 29
76 28
76 27
76 26
76 25
76 24
76 23
76 22
76 21
76 20
76 20
76 19
76 18
76 17
76 17
76 16
76 15
76 15
77 15
77 15
77 16
77 16
77 17
77 17
77 18
77 19
77 19
77 20
78 21
78 22
78 22
78 23
79 24
79 25
79 26
80 27
80 28
81 29
81 30
81 31
82 32
82 33
82 33
83 33
83 33
83 33
83 34
83 35
83 35
83 36
83 37
83 37
83 38
83 39
83 40
83 40
83 41
82 42
82 43
82 43
82 44
82 45
82 46
82 47
82 47
82 48
82 49
82 50
82 50
82 51
81 52
81 53
81 54
81 54
81 55
81 56
81 57
81 58
81 58
81 59
81 60
81 60
81 61
81 62
81 62
81 62
81 61
81 60
81 60
81 59
81 58
81 58
81 57
82 56
82 55
82 54
82 54
82 53
82 52
83 51
83 50
83 49
83 49
83 48
83 47
84 46
84 45
84 44
84 43
84 43
84 42
84 41
85 40
85 39
85 38
85 38
85 37
85 36
85 35
85 35
86 34
86 33
86 33
86 33
86 34
86 35
86 35
86 36
86 37
86 37
86 38
86 39
86 40
86 41
86 41
86 42
86 43
86 44
86 45
86 46
86 46
86 47
86 48
86 49
86 50
86 51
86 51
86 52
86 53
86 54
86 55
86 56
86 56
86 57
86 58
86 59
86 60
86 61
86 61
86 62
86 63
86 64
86 65
86 66
86 66
86 67
86 68
86 68
86 69
86 69
87 68
87 68
87 67
88 66
88 65
88 64
88 64
88 63
88 62
89 61
89 60
89 59
89 59
89 58
89 57
89 56
90 55
90 54
90 53
90 52
90 51
90 51
90 50
90 49
90 48
91 47
91 46
91 45
91 44
91 43
91 43
91 42
91 41
91 40
92 39
92 38
92 37
92 36
92 35
92 35
92 34
92 33
93 32
93 31
93 30
93 29
94 28
94 27
94 26
94 26
94 25
94 24
94 23
94 22
95 21
95 20
95 19
95 18
95 17
95 17
95 16
95 15
95 14
95 13
95 12
95 11
95 10
95 9
95 8
95 8
95 7
96 6
96 5
96 4
96 4
96 3
96 2
96 1
96 1
96 0
96 0
96 1
96 1
96 2
96 3
96 3
96 4
95 5
95 6
95 7
95 7
95 8
95 9
95 10
95 11
95 12
95 13
95 13
95 14
95 15
94 16
94 17
94 18
94 19
94 19
94 20
94 21
94 22
94 23
93 24
93 25
93 26
93 27
93 28
93 28
93 29
93 30
93 31
93 32
92 33
92 34
92 35
92 36
92 37
92 37
92 38
92 39
92 40
91 41
91 42
91 43
91 44
91 45
91 45
91 46
91 47
91 48
91 49
91 50
91 51
91 52
91 52
91 53
91 54
91 55
91 56
91 57
91 58
91 59
91 60
91 60
91 61
91 62
91 63
91 64
91 65
91 65
91 66
91 67
91 68
91 68
91 69
92 70
92 71
92 71
93 71
93 71
94 70
94 70
95 69
95 68
95 68
95 67
96 66
96 65
96 65
96 64
97 63
97 62
97 61
97 61
97 60
97 59
98 58
98 57
98 56
98 55
98 55
98 54
98 53
99 52
99 51
99 50
99 49
99 49
99 48
99 47
99 46
99 45
99 44
99 43
99 42
99 42
99 41
99 40
99 39
100 38
100 37
100 36
100 35
100 35
100 34
100 33
100 32
100 31
100 30
100 29
100 28
100 28
100 27
100 26
100 25
99 24
99 23
99 22
99 21
99 20
99 20
99 19
99 18
98 17
98 16
98 15
98 15
98 14
98 13
98 12
98 12
97 11
96 10
96 10
95 10
95 10
94 10
94 10
93 11
93 11
92 12
92 12
92 12
92 12
93 12
93 12
93 13
93 13
94 13
94 13
95 13
95 13
96 13
96 13
97 13
97 13
98 13
98 13
99 13
