7 50
7 49
8 48
8 47
9 46
9 45
9 45
9 44
9 43
9 42
9 42
9 41
9 40
8 39
8 38
8 37
8 37
8 36
8 36
8 35
8 34
8 33
8 32
8 32
7 32
7 32
7 33
6 34
6 35
6 36
6 36
6 37
6 38
5 39
5 40
5 41
5 42
4 43
4 44
4 45
4 45
4 46
4 47
4 48
4 49
4 50
3 51
3 52
3 53
3 54
3 55
3 56
3 56
3 57
3 58
3 59
2 60
2 61
2 62
2 63
2 64
2 65
1 66
1 67
1 68
1 69
1 69
1 70
1 71
1 72
1 73
0 74
0 75
0 76
0 77
0 78
0 79
0 79
0 80
0 81
0 82
0 83
0 84
0 85
0 86
0 87
0 88
0 88
0 89
0 90
0 91
0 92
0 93
0 94
0 95
0 95
0 96
0 97
1 98
1 99
1 100
1 100
2 100
2 100
3 99
4 99
4 99
5 98
5 97
6 96
6 95
6 95
6 94
7 93
7 92
8 91
8 90
8 90
9 89
9 88
10 87
10 86
11 85
11 84
11 84
12 83
12 82
13 81
13 80
13 80
14 79
14 78
15 77
15 77
16 76
16 76
16 76
16 76
16 77
16 77
15 78
15 78
15 79
15 79
14 78
14 78
13 77
13 77
13 76
13 75
13 75
13 74
13 73
13 72
13 71
13 71
13 70
13 69
13 68
13 67
13 66
13 66
13 65
13 64
13 63
14 62
14 61
14 60
14 59
14 59
14 58
14 57
14 56
14 55
14 54
14 53
14 52
14 52
14 51
15 50
15 49
15 48
15 47
16 46
16 45
16 44
16 44
16 43
16 42
16 41
17 40
17 39
17 38
17 37
17 37
17 36
17 35
18 34
18 33
18 32
18 32
18 31
19 30
19 29
19 29
20 29
20 29
20 30
20 31
20 31
20 32
20 33
20 34
20 34
20 35
20 36
20 37
20 38
20 39
20 39
20 40
20 41
20 42
20 43
20 44
20 45
20 45
20 46
20 47
20 48
19 49
19 50
19 51
19 52
19 52
19 53
19 54
19 55
19 56
19 57
19 58
19 59
19 59
19 60
19 61
18 62
18 63
18 64
18 64
18 65
18 66
17 67
17 68
17 69
17 70
17 70
16 71
16 72
15 73
15 74
15 74
15 75
14 76
14 77
14 77
13 78
13 79
13 79
13 79
13 78
13 77
13 77
13 76
13 75
13 74
13 74
13 73
13 72
14 71
14 70
14 69
14 68
14 68
14 67
15 66
15 65
15 64
15 63
16 62
16 61
16 61
16 60
17 59
17 58
17 57
17 56
18 55
18 54
18 53
18 53
18 52
19 51
19 50
19 49
19 48
20 47
20 46
20 45
20 45
20 44
21 43
21 42
22 41
22 40
22 40
23 39
23 38
24 37
24 36
24 36
25 35
25 35
26 36
26 37
26 37
26 38
26 39
26 39
26 40
26 41
26 42
26 43
26 44
26 44
26 45
26 46
26 47
26 48
26 49
26 50
26 50
26 51
26 52
26 53
26 54
26 55
26 56
26 57
26 57
26 58
26 59
25 60
25 61
25 62
25 63
25 63
25 64
25 65
25 66
25 67
25 67
25 68
24 69
24 70
24 71
24 71
24 72
24 73
24 73
24 74
24 75
24 75
24 75
24 74
24 74
24 73
24 72
24 71
24 71
24 70
24 69
24 68
24 68
24 67
24 66
24 65
25 64
25 63
25 62
25 61
25 61
25 60
25 59
25 58
26 57
26 56
26 55
26 54
26 53
26 53
26 52
26 51
26 50
27 49
27 48
27 47
27 46
27 45
27 45
27 44
27 43
28 42
28 41
28 40
28 39
28 39
29 38
29 37
29 37
30 37
30 37
30 38
30 39
30 39
30 40
30 41
30 42
30 43
30 43
30 44
30 45
30 46
30 47
30 48
30 48
30 49
30 50
30 51
30 52
30 53
30 53
30 54
30 55
30 56
30 57
30 57
30 58
30 59
30 60
30 61
30 61
30 62
30 63
30 63
30 63
31 62
31 62
31 61
32 60
32 59
32 59
32 58
33 57
33 56
33 55
34 54
34 53
34 53
34 53
34 52
34 51
35 50
35 49
35 48
35 47
35 46
36 45
36 44
36 43
36 42
36 41
36 40
37 39
37 38
37 37
37 36
37 35
38 34
38 33
38 32
38 32
38 31
39 30
39 29
39 29
39 29
39 30
39 31
39 31
39 32
39 33
39 34
39 34
39 35
39 36
39 37
39 38
39 39
39 39
39 40
39 41
39 42
39 43
39 44
39 45
39 45
39 46
39 47
39 48
39 49
39 50
39 51
39 51
39 52
39 53
39 54
39 55
39 55
39 56
40 57
40 58
40 59
40 59
40 60
40 61
40 62
40 62
40 63
40 64
40 64
40 65
40 66
40 66
40 67
40 68
40 68
39 69
39 70
39 70
39 71
39 71
38 72
38 72
38 73
38 73
38 72
38 72
38 71
38 71
38 70
38 69
38 68
38 68
38 67
38 66
38 65
38 64
38 64
38 63
38 62
39 61
39 60
39 59
39 59
39 58
39 57
39 56
40 55
40 54
40 53
40 52
40 51
40 51
40 50
41 49
41 48
41 47
41 46
42 45
42 44
42 43
42 43
42 42
42 41
42 40
43 39
43 38
43 37
43 36
43 35
43 35
43 34
44 33
44 32
44 31
44 30
45 29
45 28
45 28
45 27
46 26
46 25
47 24
47 23
47 23
47 22
48 21
48 20
48 19
48 19
49 18
49 18
49 19
49 19
49 20
49 21
49 22
49 22
49 23
49 24
49 25
49 26
49 27
49 28
49 28
49 29
49 30
49 31
48 32
48 33
48 34
48 35
48 36
48 36
48 37
48 38
48 39
48 40
47 41
47 42
47 43
47 44
47 45
47 46
47 46
47 47
47 48
47 49
47 50
46 51
46 52
46 53
46 54
46 55
46 55
46 56
46 57
46 58
45 59
45 60
45 61
45 62
45 62
45 63
45 64
45 65
45 66
45 67
45 67
45 68
45 69
45 70
45 71
45 71
46 72
46 72
47 72
47 72
48 71
49 70
49 70
50 69
50 68
51 67
51 67
51 66
51 65
52 64
52 63
52 62
52 62
52 61
52 60
53 59
53 58
53 57
53 57
53 56
53 55
54 54
54 53
54 52
54 52
54 51
54 50
55 49
55 48
55 47
55 46
55 46
55 45
55 44
55 43
55 42
55 41
55 40
55 40
55 39
55 38
54 37
54 36
54 35
54 35
54 34
54 33
53 32
53 31
53 30
53 30
52 29
52 28
51 27
51 26
51 26
50 25
50 24
49 23
49 22
49 22
48 21
48 20
47 19
47 18
47 18
46 17
46 16
46 16
46 15
46 15
46 15
46 15
47 15
47 15
48 15
49 15
49 15
50 14
50 14
51 14
52 14
52 14
53 13
53 13
54 12
55 12
55 12
56 11
56 11
57 11
58 11
58 11
59 11
59 11
59 12
59 12
59 13
59 14
59 14
59 15
59 16
59 16
59 17
59 18
58 19
58 20
58 21
58 22
58 22
58 23
58 24
58 25
57 26
57 27
57 28
57 29
57 29
57 30
57 31
57 32
56 33
56 34
56 35
56 36
56 37
56 37
56 38
56 39
56 40
55 41
55 42
55 43
55 44
55 45
55 45
55 46
55 47
55 48
54 49
54 50
54 51
54 52
54 53
54 53
54 54
54 55
54 56
54 57
54 58
54 59
54 59
54 60
53 61
53 62
53 63
53 63
53 64
53 65
53 66
53 66
53 66
53 66
53 65
53 64
53 64
53 63
53 62
54 61
54 60
54 59
54 59
54 58
54 57
54 56
54 55
54 54
54 53
54 53
54 52
54 51
54 50
55 49
55 48
55 47
55 46
55 45
55 45
55 44
55 43
55 42
55 41
56 40
56 39
56 38
56 37
56 36
56 36
56 35
57 34
57 33
57 32
57 31
58 30
58 29
58 28
58 28
58 27
58 26
58 25
59 24
59 23
59 22
59 21
59 21
60 20
60 20
61 21
61 21
61 22
62 23
62 24
62 24
62 25
62 26
62 27
62 28
62 28
62 29
62 30
62 31
62 31
62 32
62 33
62 34
62 35
62 35
63 36
63 37
63 37
63 38
63 39
63 40
63 40
64 40
64 40
65 40
65 40
65 39
65 38
65 38
66 37
66 36
66 36
67 35
67 34
67 34
67 33
67 32
67 31
67 31
67 30
67 29
67 29
67 28
67 27
67 27
66 27
66 27
65 28
65 28
65 29
64 30
64 31
64 32
64 32
64 33
64 34
63 35
63 36
63 37
63 38
63 38
63 39
63 40
63 41
62 42
62 43
62 44
62 45
62 45
62 46
62 47
62 48
62 49
62 50
62 51
62 51
62 52
62 53
61 54
61 55
61 56
61 56
61 57
61 58
61 59
61 59
62 60
62 60
62 60
62 59
62 59
62 58
63 57
63 56
63 55
63 55
63 54
64 53
64 52
65 51
65 50
65 50
65 49
65 48
66 47
66 46
66 45
66 44
66 44
66 43
66 42
67 41
67 40
67 39
67 39
67 38
67 37
68 36
68 35
68 34
68 34
69 33
69 32
69 32
69 31
69 31
69 32
69 33
69 34
69 34
69 35
69 36
68 37
68 38
68 39
68 39
68 40
68 41
68 42
68 43
68 44
68 45
68 45
68 46
68 47
68 48
67 49
67 50
67 51
67 52
67 52
67 53
67 54
66 55
66 56
66 57
66 57
66 58
66 59
66 60
66 61
66 61
66 62
66 62
66 63
66 63
66 62
66 62
67 61
67 60
67 60
67 59
68 58
68 57
68 57
68 56
69 55
69 54
69 53
69 53
69 52
69 51
70 50
70 49
70 48
70 48
70 47
70 46
71 45
71 44
71 43
71 43
71 42
72 41
72 40
72 39
72 39
72 38
72 37
72 37
72 37
72 38
72 39
72 40
72 41
72 41
72 42
72 43
72 44
72 45
72 46
72 46
72 47
72 48
72 49
71 50
71 51
71 52
71 53
71 54
71 54
71 55
71 56
71 57
70 58
70 59
70 60
70 61
70 61
70 62
70 63
70 64
70 65
70 65
70 66
70 67
70 68
70 69
70 69
70 70
70 71
70 71
70 71
70 70
70 70
70 69
70 68
70 67
70 66
70 66
70 65
70 64
70 63
70 62
70 61
70 60
70 59
70 58
71 57
71 56
71 55
71 54
71 53
71 52
71 51
71 50
71 49
71 48
71 47
71 46
71 45
71 44
71 43
71 42
72 41
72 40
72 39
72 38
72 37
72 36
72 35
72 34
72 33
72 32
72 31
72 30
72 29
72 28
72 27
72 26
72 25
73 24
73 23
73 22
73 21
73 20
73 19
73 18
73 17
73 16
73 15
73 14
73 13
73 12
73 11
73 10
73 9
74 8
74 7
74 6
74 5
74 4
74 3
74 2
74 1
74 0
74 0
75 1
75 2
75 2
75 3
75 3
75 4
75 4
76 5
76 6
76 6
76 7
77 8
77 9
77 10
77 10
78 11
79 12
79 12
79 13
79 13
79 14
79 14
79 15
80 16
80 17
80 18
81 19
81 20
81 20
81 21
81 22
81 23
81 24
81 25
81 26
80 27
80 28
80 29
80 30
80 31
80 32
80 33
80 33
80 34
79 35
79 36
79 37
79 37
79 38
79 39
79 40
78 41
78 42
78 43
78 44
78 45
78 45
78 46
78 47
77 48
77 49
77 50
77 51
77 52
76 53
76 54
76 55
76 55
76 56
76 57
76 58
76 59
76 60
76 61
76 62
76 62
76 63
76 64
76 65
76 66
76 66
76 67
75 68
75 69
75 69
75 70
75 70
75 69
75 69
76 68
76 67
76 67
76 66
77 65
77 64
77 63
77 63
77 62
77 61
78 60
78 59
78 58
78 57
78 57
78 56
78 55
78 54
79 53
79 52
79 51
79 50
79 50
79 49
80 48
80 47
80 46
81 45
81 44
81 44
82 43
82 42
83 41
83 40
83 40
84 39
84 38
84 38
84 39
84 40
84 40
84 41
84 42
85 43
85 44
85 45
85 45
85 46
85 47
85 48
84 49
84 50
84 51
84 52
84 52
84 53
84 54
84 55
84 56
84 57
84 58
84 59
84 60
84 61
84 61
84 62
84 63
84 64
84 65
84 66
84 66
84 67
83 68
83 69
83 70
83 70
83 71
83 72
83 72
84 72
84 72
84 71
84 70
84 70
84 69
85 68
85 67
85 66
85 66
85 65
85 64
86 63
86 62
86 61
86 60
86 60
86 59
87 58
87 57
87 56
88 55
88 54
88 54
88 53
88 52
88 51
88 50
89 49
89 48
89 47
89 46
89 45
89 44
89 44
89 43
90 42
90 41
90 40
90 39
91 38
91 37
91 36
91 36
91 35
91 34
91 33
91 32
92 31
92 30
92 29
92 28
92 27
92 27
93 26
93 25
93 25
92 26
92 26
92 27
92 28
92 29
92 30
92 30
92 31
92 32
92 33
91 34
91 35
91 36
91 37
91 37
91 38
91 39
91 40
91 41
90 42
90 43
90 44
90 45
90 46
90 47
90 47
90 48
90 49
90 50
90 51
90 52
89 53
89 54
89 55
89 56
89 57
89 58
89 59
89 59
89 60
89 61
89 62
89 63
88 64
88 65
88 66
88 67
88 68
88 68
88 69
88 70
88 71
87 72
87 73
87 74
87 75
87 75
87 76
87 77
88 78
88 79
88 80
88 81
88 81
88 82
88 83
88 84
88 85
88 86
88 86
89 87
89 87
90 86
90 86
90 85
91 84
91 83
91 83
92 82
92 81
93 80
93 80
94 79
94 78
95 77
95 77
95 76
96 75
96 74
96 73
96 73
96 72
97 71
97 70
98 69
98 68
98 68
98 67
98 66
99 65
99 64
99 63
99 63
99 62
99 61
99 60
99 59
99 58
99 57
99 56
99 56
99 55
99 54
99 53
98 52
98 51
98 50
98 49
98 48
98 48
98 47
98 46
98 45
98 44
97 43
97 42
97 41
97 40
97 39
97 39
97 38
97 37
96 36
96 35
96 34
96 33
95 32
95 31
95 30
95 30
95 29
94 28
94 27
94 26
94 25
93 24
93 23
93 23
93 22
92 21
92 20
92 19
91 18
91 17
91 17
90 16
89 15
89 15
89 15
89 16
89 16
89 17
90 18
90 19
90 19
91 20
92 21
92 21
93 22
94 22
95 23
95 23
96 24
97 25
97 25
98 26
99 26
100 27
