10 37
10 37
10 37
10 36
10 35
10 35
10 35
10 35
10 35
10 35
10 34
10 34
10 34
10 34
10 34
10 34
10 34
10 34
10 34
10 34
10 34
10 34
10 33
10 33
10 33
10 33
10 33
9 33
9 33
9 33
9 33
8 34
8 34
8 34
8 34
7 34
7 34
7 35
7 35
7 35
7 36
7 36
6 37
6 38
6 38
6 39
6 40
6 40
5 41
5 42
5 42
5 43
4 44
4 45
4 45
4 46
4 47
4 48
4 49
4 49
4 50
3 51
3 52
3 52
3 53
2 54
2 55
2 56
2 56
2 57
1 58
1 59
1 60
1 60
1 61
1 62
1 63
1 64
1 65
1 65
1 66
0 67
0 68
0 69
0 69
0 70
0 71
0 72
0 73
0 74
0 74
0 75
0 76
0 77
0 78
0 78
0 79
0 80
0 81
0 82
0 83
0 83
0 84
0 85
0 86
0 86
0 87
0 88
0 89
0 89
0 90
1 91
1 92
1 92
2 93
2 93
2 94
2 95
2 95
3 95
3 95
3 96
3 96
4 95
4 95
4 95
4 94
5 93
5 92
5 92
5 91
6 90
6 89
6 89
6 88
7 87
7 86
7 86
7 85
7 84
8 83
8 82
8 81
8 81
8 80
9 79
9 78
9 77
9 77
9 76
9 75
10 74
10 73
10 72
10 72
10 71
10 70
10 69
10 68
10 67
10 67
10 66
11 65
11 64
11 63
11 63
11 62
11 61
12 60
12 59
12 58
12 58
12 57
12 56
12 56
13 55
13 54
13 54
13 53
13 52
13 52
14 51
14 50
14 50
15 49
15 49
16 48
16 47
16 47
17 46
17 45
17 45
18 44
18 44
18 44
18 44
18 44
18 44
18 45
18 45
18 46
18 46
17 47
17 47
16 48
16 48
15 49
15 50
15 50
14 51
14 52
14 52
14 53
13 54
13 55
13 55
12 56
12 57
11 58
11 58
11 59
11 60
10 61
10 62
10 63
10 63
10 64
10 65
9 66
9 67
9 68
9 68
9 69
9 70
9 71
9 72
9 73
9 74
9 74
9 75
9 76
9 77
8 78
8 79
8 80
8 81
8 81
8 82
8 83
8 84
8 85
8 86
8 87
8 87
8 88
8 89
8 90
8 91
8 92
8 92
8 93
8 94
8 95
8 96
8 96
9 97
9 98
9 98
9 99
9 100
9 100
9 100
10 100
10 100
10 99
10 99
10 98
11 97
11 96
11 96
11 95
11 94
11 93
11 93
11 92
12 91
12 90
12 89
12 89
12 88
12 87
12 86
12 85
12 84
12 84
12 83
12 82
12 81
12 80
12 79
12 78
12 78
12 77
12 76
12 75
13 74
13 73
13 72
13 71
13 71
13 70
13 69
13 68
13 67
13 66
13 65
13 65
13 64
13 63
13 62
13 61
13 60
13 59
13 59
13 58
13 57
13 56
13 56
13 55
13 54
13 53
13 53
13 52
12 51
12 50
12 50
12 49
12 49
12 48
12 48
12 48
12 48
12 48
12 49
12 50
12 50
12 51
12 52
12 53
12 53
12 54
13 55
13 56
13 57
13 57
13 58
13 59
13 60
13 60
13 61
14 62
14 63
14 64
14 64
14 65
14 66
14 66
15 67
15 68
15 68
15 68
16 69
16 69
17 68
17 68
18 67
18 67
18 66
19 65
19 64
19 64
19 63
20 62
20 61
20 60
20 60
20 59
20 58
21 57
21 56
21 55
21 55
21 54
21 53
22 52
22 51
22 50
22 50
22 49
23 48
23 47
23 46
23 46
23 45
24 44
24 43
24 43
24 42
24 41
24 41
24 40
24 40
24 40
24 40
24 40
24 40
24 40
24 40
24 40
24 41
24 42
24 42
24 43
24 44
24 45
24 45
24 46
24 47
24 48
24 49
24 50
24 50
24 51
24 52
23 53
23 54
23 55
23 56
23 56
23 57
23 58
23 59
22 60
22 61
22 62
22 63
22 63
22 64
22 65
21 66
21 67
21 68
21 69
21 69
21 70
21 71
21 72
21 73
21 74
21 74
21 75
21 76
21 77
21 77
21 78
21 79
21 80
21 80
21 81
21 81
21 82
21 82
21 82
21 82
21 81
21 81
21 80
21 79
21 78
21 78
21 77
21 76
21 75
21 74
21 73
21 73
21 72
21 71
22 70
22 69
22 68
22 68
22 67
22 66
22 65
23 64
23 63
23 62
23 61
23 61
23 60
23 59
23 58
24 57
24 56
24 55
24 54
24 54
24 53
24 52
25 51
25 50
25 49
25 48
25 48
25 47
26 46
26 45
26 44
26 44
26 43
27 42
27 41
27 41
27 40
27 39
27 39
28 38
28 38
28 38
29 38
29 38
29 39
29 40
29 40
30 41
30 42
30 42
30 43
30 44
30 45
30 45
30 46
30 47
30 48
30 49
30 49
30 50
30 51
30 52
30 53
30 53
30 54
30 55
30 56
30 57
30 58
30 58
30 59
30 60
29 61
29 62
29 63
29 64
29 64
29 65
29 66
29 67
29 68
29 68
29 69
29 70
28 71
28 72
28 73
28 73
28 74
28 75
28 75
28 76
28 77
28 77
28 78
28 79
28 79
28 80
28 80
28 80
28 80
29 79
29 79
29 78
29 77
29 76
29 76
29 75
30 74
30 73
30 73
30 72
30 71
30 70
30 69
30 69
30 68
30 67
31 66
31 65
31 64
31 63
31 63
31 62
31 61
32 60
32 59
32 58
32 57
32 57
32 56
33 55
33 54
33 53
34 52
34 51
34 51
34 50
34 49
35 48
35 47
35 46
35 45
35 45
35 44
36 43
36 42
36 41
36 41
36 40
37 39
37 38
37 38
37 37
38 36
38 35
38 35
39 34
39 33
39 33
39 32
39 31
39 31
40 30
40 30
40 30
40 30
40 30
40 30
41 31
41 31
41 32
41 33
41 33
41 34
41 35
41 36
41 36
41 37
41 38
41 39
41 40
41 40
41 41
41 42
40 43
40 44
40 45
40 45
40 46
40 47
40 48
40 49
40 50
40 51
40 51
40 52
40 53
39 54
39 55
39 56
39 56
39 57
39 58
38 59
38 60
38 61
38 61
38 62
38 63
38 64
38 65
38 65
38 66
37 67
37 68
37 69
37 69
37 70
37 71
37 71
37 72
37 73
37 74
37 74
36 75
36 75
36 75
36 75
35 74
35 74
35 73
35 72
35 72
35 71
35 70
35 69
35 68
35 68
35 67
35 66
35 65
35 65
35 64
35 63
35 63
34 62
34 62
34 62
34 62
34 62
34 62
34 63
34 63
35 64
35 64
35 65
35 66
35 66
35 67
35 68
35 69
35 69
35 70
35 71
35 72
35 72
35 73
36 74
36 75
36 75
36 76
36 77
36 78
36 78
37 79
37 80
37 80
37 81
37 81
38 81
38 81
38 81
39 80
39 80
39 79
40 78
40 77
40 77
40 76
41 75
41 74
41 74
41 73
41 72
41 71
41 70
41 70
41 69
41 68
42 67
42 66
42 65
42 65
42 64
42 63
43 62
43 61
43 60
43 59
43 59
43 58
43 57
44 56
44 55
44 54
44 53
44 53
44 52
44 51
44 50
44 49
44 48
44 47
44 46
44 46
44 45
44 44
44 43
45 42
45 41
45 40
45 39
45 38
45 38
45 37
45 36
45 35
45 34
45 33
45 32
45 31
45 31
45 30
45 29
45 28
46 27
46 26
46 25
46 24
46 24
46 23
46 22
47 21
47 20
47 19
47 18
47 18
47 17
47 16
47 15
47 14
47 13
47 13
47 12
47 11
48 10
48 9
48 8
48 8
48 7
48 6
48 5
48 5
48 4
48 3
48 2
48 2
48 1
48 1
48 0
48 0
48 1
48 1
48 1
48 1
48 1
48 2
48 3
48 3
48 4
48 5
48 5
48 6
48 7
48 8
48 8
48 9
48 10
47 11
47 12
47 13
47 13
47 14
47 15
46 16
46 17
46 18
46 18
46 19
46 20
46 21
45 22
45 23
45 24
45 25
45 25
45 26
45 27
45 28
45 29
45 30
45 31
45 32
45 32
45 33
45 34
45 35
44 36
44 37
44 38
44 39
44 39
44 40
44 41
44 42
43 43
43 44
43 45
43 46
43 46
43 47
43 48
43 49
43 50
43 51
43 52
43 53
43 53
43 54
43 55
43 56
42 57
42 58
42 59
42 60
42 60
42 61
42 62
42 63
42 64
42 65
42 66
42 66
42 67
42 68
42 69
42 70
42 70
43 71
43 72
43 72
43 73
43 74
43 74
43 74
44 74
44 74
44 73
44 72
44 72
45 71
45 70
45 70
45 69
45 68
45 67
45 67
45 66
46 65
46 64
46 63
46 63
46 62
47 61
47 60
47 59
47 59
47 58
47 57
47 56
47 55
47 54
47 54
47 53
48 52
48 51
48 50
48 50
48 49
49 48
49 47
49 46
49 46
49 45
50 44
50 43
50 43
50 42
50 42
50 41
50 41
50 41
50 41
50 41
50 41
50 41
50 41
50 41
50 41
50 41
50 41
50 41
50 41
50 41
50 41
50 41
50 41
50 41
50 40
50 40
50 40
50 40
50 40
50 40
50 40
50 40
50 40
50 40
50 40
49 39
49 39
49 38
49 38
48 37
48 37
47 36
47 36
46 35
46 35
45 34
45 34
44 34
43 34
43 34
43 34
42 33
42 33
42 33
41 33
41 33
41 33
41 33
41 33
41 33
41 33
41 33
42 33
42 33
43 33
43 33
44 32
45 32
45 32
46 31
47 31
47 31
48 30
49 30
49 30
50 30
50 30
51 29
52 29
52 29
53 29
53 29
53 29
54 29
54 29
54 29
54 29
54 29
54 29
54 29
54 29
54 29
54 29
54 29
54 29
54 30
54 31
54 31
54 32
54 33
54 34
54 34
54 35
53 36
53 37
53 38
53 38
53 39
53 40
52 41
52 42
52 43
52 44
52 44
52 45
52 46
52 47
52 48
52 49
52 50
52 50
52 51
52 52
51 53
51 54
51 55
51 55
51 56
51 57
50 58
50 59
50 60
50 60
50 61
50 62
50 63
50 64
50 64
49 65
49 66
49 66
49 67
49 68
49 68
49 69
49 69
49 69
49 69
49 69
49 68
50 67
50 66
50 66
50 65
51 64
51 63
51 63
51 62
51 61
51 60
51 59
51 59
51 58
51 57
52 56
52 55
52 54
52 54
52 53
53 52
53 51
53 50
53 50
53 49
53 48
54 47
54 46
54 45
54 44
54 44
54 43
54 42
55 41
55 40
55 39
55 38
55 38
55 37
55 36
55 36
56 35
56 34
56 34
57 33
57 32
57 32
57 32
57 32
57 32
57 32
57 32
57 32
57 33
57 34
57 34
57 35
57 36
57 36
57 37
57 38
57 39
57 39
57 40
57 41
57 42
57 42
57 43
57 44
57 45
57 46
57 46
58 47
58 48
58 48
58 49
58 50
58 50
59 50
59 50
60 50
60 50
61 50
61 50
61 49
61 49
62 48
62 48
63 47
63 46
63 46
63 45
63 44
63 44
64 43
64 42
64 42
64 41
65 40
65 39
65 39
66 38
66 38
66 37
66 37
67 37
67 37
67 37
67 37
67 37
67 37
67 37
67 36
67 36
66 36
66 36
65 36
65 36
64 37
64 37
63 38
63 38
63 39
62 40
62 41
62 41
61 42
61 43
60 44
60 45
60 45
60 46
60 47
59 48
59 49
59 50
59 50
59 51
59 52
58 53
58 54
58 55
58 56
58 56
58 57
58 58
57 59
57 60
57 61
57 61
57 62
56 63
56 64
56 65
56 65
56 66
56 67
56 68
56 68
56 69
56 69
57 69
57 69
58 68
58 68
59 67
59 66
59 66
59 65
60 64
60 63
60 63
60 62
61 61
61 60
61 59
61 59
61 58
62 57
62 56
62 55
62 55
62 54
63 53
63 52
63 51
63 51
63 50
63 49
64 48
64 47
64 46
64 46
64 45
65 44
65 43
65 42
65 42
65 41
66 40
66 39
66 38
66 38
66 37
66 36
66 36
67 35
67 35
67 35
67 35
67 35
67 35
67 35
67 35
67 35
67 35
67 35
67 35
67 35
67 35
67 36
67 36
66 37
66 37
66 38
66 39
66 39
66 40
65 41
65 42
65 43
65 43
65 44
65 45
64 46
64 47
64 48
64 48
64 49
64 50
63 51
63 52
63 53
63 54
63 54
63 55
62 56
62 57
62 58
62 59
61 60
61 61
61 61
61 62
61 63
60 64
60 65
60 66
60 66
60 67
60 68
60 69
60 70
60 70
60 71
60 72
60 73
60 73
60 74
60 74
60 75
60 75
61 75
61 75
62 74
62 74
63 73
63 72
63 72
63 71
64 70
64 69
64 68
64 68
64 67
64 66
65 65
65 64
65 63
65 63
65 62
66 61
66 60
67 59
67 58
67 58
67 57
68 56
68 55
68 54
69 53
69 52
69 52
69 51
69 50
70 49
70 48
70 47
70 46
70 46
70 45
71 44
71 43
71 42
72 41
72 40
72 40
72 39
73 38
73 37
73 37
73 36
73 35
73 35
73 35
73 34
73 34
73 34
73 34
73 35
73 35
73 36
73 37
73 37
73 38
73 39
72 40
72 41
72 42
72 42
72 43
72 44
71 45
71 46
71 47
71 48
71 48
71 49
71 50
71 51
71 52
71 53
71 53
71 54
71 55
71 56
71 57
71 58
71 59
71 59
71 60
71 61
71 62
71 63
71 63
71 64
71 65
71 66
71 66
71 67
71 68
71 68
72 68
72 68
73 68
73 68
74 67
74 67
75 66
75 65
75 65
75 64
75 63
75 63
75 62
76 61
76 60
76 60
76 59
76 58
76 57
76 57
76 56
76 55
75 54
75 53
75 52
75 51
75 50
75 49
74 48
74 47
74 46
74 45
74 44
73 43
73 42
73 41
73 40
73 39
72 38
72 37
72 36
72 35
72 34
72 33
71 32
71 31
71 30
71 29
71 28
70 27
70 26
70 25
70 24
70 23
69 22
69 21
69 20
69 19
69 18
69 17
68 16
68 15
68 14
68 14
68 15
68 16
68 17
68 18
68 18
68 17
68 17
68 17
68 17
69 17
69 17
69 17
69 17
70 17
70 17
71 18
71 18
71 19
71 20
72 21
72 22
72 23
72 24
73 25
73 26
73 27
73 28
74 29
74 30
74 31
74 32
75 33
75 34
75 35
75 36
75 37
76 38
76 39
76 40
76 41
77 42
77 43
77 44
77 45
78 46
78 47
78 48
78 48
79 47
79 47
79 47
79 47
79 47
79 47
79 48
79 49
79 49
79 50
78 51
78 52
78 53
78 53
78 54
78 55
77 56
77 57
77 58
77 58
77 59
77 60
76 61
76 62
76 63
76 63
76 64
76 65
76 66
76 67
76 68
76 68
76 69
75 70
75 71
75 72
75 72
75 73
74 74
74 75
74 76
74 76
74 77
74 78
74 79
74 79
74 80
74 81
74 81
74 82
74 82
74 82
74 81
74 81
74 80
74 79
74 79
74 78
75 77
75 76
75 75
75 75
75 74
76 73
76 72
76 71
76 71
76 70
76 69
77 68
77 67
77 66
77 66
77 65
78 64
78 63
78 62
78 61
79 60
79 59
79 59
79 58
79 57
80 56
80 55
80 54
80 54
80 53
81 52
81 51
82 50
82 49
82 49
82 48
83 47
83 46
83 45
83 45
84 44
84 43
84 43
84 42
84 42
84 42
84 43
84 43
84 44
84 44
84 45
84 46
84 47
84 47
84 48
84 49
83 50
83 51
83 52
83 52
83 53
83 54
82 55
82 56
82 57
82 57
82 58
82 59
82 60
82 61
82 62
82 62
82 63
82 64
81 65
81 66
81 67
81 67
81 68
81 69
80 70
80 71
80 72
80 72
80 73
80 74
80 75
80 75
80 76
80 77
80 77
80 78
80 79
80 79
81 79
81 79
81 79
82 78
82 78
82 77
82 76
82 75
82 75
82 74
83 73
83 72
83 72
83 71
83 70
84 69
84 68
84 67
84 67
84 66
84 65
85 64
85 63
85 62
85 62
85 61
85 60
86 59
86 58
86 57
86 56
86 56
86 55
86 54
86 53
87 52
87 51
87 50
87 49
87 49
87 48
87 47
88 46
88 45
88 44
88 43
88 43
88 42
88 41
89 40
89 39
89 38
89 37
89 37
89 36
89 35
90 34
90 33
90 32
90 32
90 31
90 30
90 29
90 28
90 28
90 27
90 26
90 25
90 25
90 24
90 23
90 23
90 23
91 22
91 22
91 22
91 22
91 22
91 22
91 22
91 22
91 22
91 22
91 22
91 22
91 22
91 22
91 22
91 22
91 22
90 23
90 23
90 24
90 25
90 26
90 26
90 27
89 28
89 29
89 29
89 30
89 31
89 32
89 33
89 33
89 34
89 35
88 36
88 37
88 38
88 38
88 39
88 40
87 41
87 42
87 43
87 43
87 44
87 45
87 46
86 47
86 48
86 49
86 50
86 50
86 51
86 52
86 53
85 54
85 55
85 56
85 57
85 58
85 58
85 59
85 60
85 61
84 62
84 63
84 64
84 65
84 65
84 66
84 67
84 68
84 69
84 70
84 71
84 71
84 72
84 73
84 74
84 75
84 76
84 76
84 77
84 78
84 79
84 80
84 80
84 81
84 82
84 83
84 84
84 84
84 85
84 86
84 86
85 87
85 88
85 88
86 89
86 89
87 88
87 88
88 87
88 87
89 86
89 86
89 85
90 84
90 83
90 83
90 82
90 81
90 80
90 80
90 79
91 78
91 77
91 76
91 76
91 75
91 74
91 73
91 73
91 72
91 71
91 70
91 70
91 69
91 68
91 67
91 67
90 66
90 66
90 65
89 64
89 63
89 63
88 62
88 61
88 61
87 60
87 59
87 59
87 58
86 57
86 56
86 56
85 55
85 54
85 54
85 53
85 52
85 52
84 51
84 50
84 50
84 49
84 48
84 48
84 47
84 46
84 46
84 45
84 44
84 44
84 43
84 43
84 42
84 42
83 42
83 42
83 41
83 41
83 41
83 41
83 41
84 41
84 41
85 41
85 41
86 41
87 41
87 41
88 41
89 41
89 41
90 41
91 41
91 41
92 41
93 40
94 40
94 40
95 39
96 39
96 39
97 38
98 38
98 38
99 37
99 37
99 37
99 37
99 37
99 37
99 36
99 36
99 36
99 36
99 36
99 36
99 36
99 36
98 36
98 36
98 35
98 35
