8 21
9 22
9 23
9 23
8 23
8 23
8 22
8 22
8 22
8 21
8 21
8 20
8 20
8 20
8 20
8 19
8 19
8 19
7 20
7 20
7 21
7 21
6 22
6 23
6 23
5 24
5 25
5 25
5 26
5 27
5 28
5 28
5 29
4 30
4 31
4 32
4 32
4 33
3 34
3 35
3 35
3 36
2 37
2 38
2 39
2 39
2 40
2 41
2 42
2 43
2 44
2 45
2 45
2 46
2 47
1 48
1 49
1 50
1 51
1 51
1 52
1 53
1 54
1 55
1 56
1 57
1 57
1 58
1 59
0 60
0 61
0 62
0 63
0 63
0 64
0 65
0 66
0 67
0 68
0 69
0 70
0 70
0 71
0 72
0 73
0 74
0 75
0 76
0 76
0 77
0 78
0 79
0 80
0 81
0 81
0 82
0 83
0 84
0 85
0 86
0 86
0 87
0 88
0 89
0 90
0 90
0 91
0 92
0 93
0 94
0 94
0 95
1 96
1 97
1 97
2 98
2 99
2 99
2 100
2 100
3 100
3 100
3 100
4 100
4 100
4 99
4 98
4 98
4 97
5 96
5 95
5 95
5 94
5 93
5 92
5 91
5 91
5 90
6 89
6 88
6 88
6 87
6 86
6 85
6 84
6 84
6 83
7 82
7 81
7 81
7 80
7 79
7 78
7 78
8 77
8 76
8 76
8 75
8 74
8 73
8 73
8 72
8 71
8 70
8 70
8 69
9 68
9 67
9 66
9 66
9 65
9 64
10 63
10 62
10 61
10 61
10 60
11 59
11 58
11 57
11 57
11 56
12 55
12 54
12 53
12 53
12 52
13 51
13 50
13 50
13 49
14 48
14 47
14 47
15 46
15 45
15 45
15 44
15 43
15 42
15 42
15 41
16 40
16 39
16 39
16 38
17 37
17 36
17 35
17 35
18 34
18 33
19 32
19 32
20 31
20 31
21 30
21 29
21 29
21 29
21 29
22 29
22 29
22 29
22 29
22 29
21 29
21 29
21 29
21 29
20 30
20 30
20 31
20 31
19 32
19 32
19 33
18 34
18 35
18 35
17 36
17 37
16 38
16 39
16 39
16 40
15 41
15 42
15 43
15 43
15 44
15 45
14 46
14 47
14 48
14 49
14 49
14 50
14 51
13 52
13 53
13 54
13 55
13 55
13 56
13 57
13 58
12 59
12 60
12 61
12 62
12 62
12 63
12 64
12 65
12 66
11 67
11 68
11 69
11 70
11 71
11 71
11 72
11 73
11 74
10 75
10 76
10 77
10 78
10 79
10 79
10 80
10 81
10 82
10 83
10 84
10 85
10 85
10 86
10 87
10 88
10 89
10 90
10 90
10 91
10 92
10 93
10 93
10 94
10 95
10 96
10 96
10 97
10 97
11 98
11 98
11 97
11 97
12 96
12 95
12 95
12 94
12 93
12 92
12 91
12 90
12 90
12 89
12 88
13 87
13 86
13 85
13 84
13 84
13 83
13 82
13 81
14 80
14 79
14 78
14 77
14 77
14 76
14 75
14 74
15 73
15 72
15 71
15 70
15 69
15 69
15 68
15 67
15 66
15 65
15 64
15 63
15 62
15 61
15 60
15 60
15 59
15 58
15 57
16 56
16 55
16 54
16 53
16 52
16 52
16 51
16 50
16 49
16 48
16 47
16 46
16 45
16 45
16 44
16 43
17 42
17 41
17 40
17 39
17 39
17 38
17 37
17 36
17 35
17 35
17 34
17 33
17 33
17 32
17 32
17 32
17 32
17 33
17 34
17 35
17 35
17 36
17 37
17 38
17 39
17 39
17 40
17 41
17 42
17 43
17 44
17 45
17 46
17 47
17 47
17 48
17 49
17 50
16 51
16 52
16 53
16 54
16 55
16 55
16 56
16 57
16 58
16 59
16 60
16 61
16 62
16 62
16 63
16 64
17 65
17 66
17 67
17 68
17 68
17 69
17 70
17 71
17 72
17 72
17 73
18 74
18 75
18 75
18 76
18 77
18 77
19 77
19 77
20 77
20 77
20 76
20 76
20 75
21 74
21 73
21 73
21 72
21 71
22 70
22 69
22 68
22 68
22 67
23 66
23 65
23 64
24 63
24 62
24 62
24 61
24 60
25 59
25 58
25 57
25 56
25 56
25 55
25 54
26 53
26 52
26 51
26 50
26 50
27 49
27 48
27 48
27 47
28 46
28 45
28 45
28 44
28 43
28 42
28 41
28 41
29 40
29 40
29 40
29 40
29 41
29 41
29 42
28 43
28 44
28 44
28 45
28 46
28 47
28 48
28 49
28 50
28 50
28 51
28 52
27 53
27 54
27 55
27 55
27 56
27 57
27 58
26 59
26 60
26 61
26 62
26 63
26 63
26 64
26 65
26 66
26 67
25 68
25 69
25 70
25 71
25 72
25 73
25 73
25 74
25 75
25 76
24 77
24 78
24 79
24 80
24 81
24 81
24 82
24 83
24 84
23 85
23 86
23 87
23 88
23 88
23 89
23 90
22 91
22 92
22 93
22 94
22 94
22 95
22 96
22 97
22 97
22 98
22 98
22 99
22 99
22 99
22 98
22 97
22 97
23 96
23 95
23 95
23 94
23 93
23 92
23 91
23 90
23 89
23 88
23 88
23 87
23 86
23 85
24 84
24 83
24 82
24 81
24 80
24 80
24 79
24 78
24 77
24 76
25 75
25 74
25 73
25 72
25 71
25 71
25 70
25 69
26 68
26 67
26 66
26 65
27 64
27 63
27 62
27 62
27 61
27 60
27 59
28 58
28 57
28 56
28 55
28 55
28 54
28 53
29 52
29 51
29 50
29 50
29 49
30 48
30 47
30 47
31 46
31 45
31 45
31 44
31 44
32 44
32 44
32 44
32 45
32 45
32 46
32 47
32 48
32 48
32 49
33 50
33 51
33 52
33 52
33 53
33 54
33 55
33 56
33 56
33 57
33 58
32 59
32 60
32 61
32 62
32 62
32 63
32 64
32 65
32 66
32 67
32 68
32 68
32 69
32 70
32 71
32 72
32 73
32 74
32 74
32 75
32 76
31 77
31 78
31 79
31 80
31 80
31 81
31 82
31 83
31 84
31 85
31 85
31 86
31 87
31 88
31 89
31 90
31 90
31 91
31 92
31 93
31 94
31 94
31 95
31 96
31 97
31 97
31 98
31 98
32 99
32 99
32 98
32 98
33 97
33 96
33 96
33 95
33 94
33 93
33 92
33 91
33 91
33 90
34 89
34 88
34 87
35 86
35 85
35 85
35 84
35 83
35 82
35 81
36 80
36 79
36 78
36 77
36 76
36 76
36 75
36 74
36 73
37 72
37 71
37 70
37 69
37 68
37 68
37 67
37 66
37 65
38 64
38 63
38 62
38 61
38 61
38 60
39 59
39 58
39 57
40 56
40 55
40 55
40 54
41 53
41 52
41 51
41 51
41 50
42 49
42 48
42 48
42 47
42 46
42 45
42 45
43 44
43 44
44 43
44 42
44 42
44 42
44 42
45 43
45 43
45 44
45 45
45 46
45 46
45 47
44 48
44 49
44 50
44 50
44 51
44 52
44 53
44 54
44 55
44 56
44 57
44 57
44 58
44 59
43 60
43 61
43 62
43 63
43 63
43 64
43 65
43 66
43 67
43 68
43 69
43 70
43 70
43 71
43 72
42 73
42 74
42 75
42 75
42 76
42 77
42 78
42 79
42 79
42 80
41 81
41 82
41 83
41 83
41 84
41 85
41 85
40 86
40 86
40 87
40 87
40 87
39 86
39 86
39 85
39 84
39 84
39 83
39 82
39 81
39 81
39 80
39 79
39 78
39 78
39 77
39 76
39 75
39 75
39 74
39 73
39 73
39 72
39 72
39 72
39 72
39 72
39 72
39 72
39 72
39 72
39 72
39 72
39 72
39 73
39 74
39 74
39 75
39 76
39 76
39 77
40 78
40 79
40 80
40 80
40 81
40 82
40 83
40 84
40 84
40 85
41 86
41 87
41 88
41 88
41 89
41 90
41 91
41 91
41 92
42 93
42 94
42 94
42 95
42 95
42 96
42 97
42 97
43 98
43 98
44 98
44 98
44 98
45 97
45 97
46 96
46 95
46 95
46 94
47 93
47 92
47 91
47 91
47 90
47 89
47 88
47 87
47 86
47 85
47 85
47 84
47 83
47 82
48 81
48 80
48 79
48 78
48 78
48 77
48 76
48 75
49 74
49 73
49 72
49 71
49 70
49 70
49 69
49 68
49 67
49 66
50 65
50 64
50 63
50 62
50 61
50 61
50 60
50 59
50 58
50 57
51 56
51 55
51 54
51 53
51 52
51 52
51 51
51 50
51 49
51 48
51 47
51 46
51 45
51 45
51 44
51 43
51 42
52 41
52 40
52 39
52 38
52 37
52 37
52 36
52 35
52 34
52 33
52 32
52 31
52 31
52 30
52 29
53 28
53 27
53 26
53 25
53 25
53 24
53 23
53 22
53 21
53 20
53 19
53 19
53 18
53 17
53 16
53 15
53 14
53 14
53 13
54 12
54 11
54 10
54 10
54 9
54 8
54 7
54 7
54 6
54 5
54 5
55 4
55 3
55 3
55 2
55 2
55 1
55 1
55 1
55 1
55 0
55 0
55 0
55 0
55 0
55 1
55 2
55 2
55 3
55 4
55 5
55 5
55 6
55 7
54 8
54 9
54 10
54 10
54 11
54 12
54 13
54 14
54 15
54 16
54 17
54 17
54 18
54 19
54 20
53 21
53 22
53 23
53 24
53 24
53 25
53 26
53 27
52 28
52 29
52 30
52 31
52 31
52 32
52 33
52 34
51 35
51 36
51 37
51 38
51 39
51 39
51 40
51 41
51 42
51 43
51 44
50 45
50 46
50 47
50 48
50 49
50 50
50 50
50 51
50 52
50 53
50 54
50 55
49 56
49 57
49 58
49 59
49 60
49 61
49 61
49 62
49 63
49 64
49 65
49 66
48 67
48 68
48 69
48 70
48 71
48 72
48 73
48 73
48 74
48 75
48 76
47 77
47 78
47 79
47 80
47 80
47 81
47 82
47 83
47 84
47 85
47 86
47 86
47 87
47 88
47 89
47 90
47 90
47 91
47 92
47 93
47 93
47 94
47 95
47 95
48 96
48 96
48 96
48 95
48 95
48 94
49 93
49 92
49 92
49 91
49 90
50 89
50 88
50 87
50 87
50 86
50 85
50 84
50 83
50 82
50 82
50 81
50 80
51 79
51 78
51 77
51 76
51 76
51 75
51 74
51 73
51 72
51 71
51 70
51 70
51 69
51 68
52 67
52 66
52 65
52 65
52 64
52 63
52 62
52 61
52 60
52 59
52 58
52 58
52 57
52 56
52 55
52 54
52 53
52 53
52 52
52 51
51 50
51 49
51 48
51 48
51 47
51 46
51 45
51 44
51 43
51 43
51 42
50 41
50 40
50 39
50 39
50 38
49 37
49 36
49 35
49 35
49 34
48 33
48 32
48 32
47 31
47 30
47 30
46 29
46 29
46 28
46 28
46 28
46 28
46 28
46 28
46 29
46 29
46 29
47 29
47 29
48 29
48 29
49 29
50 29
50 29
51 29
52 29
53 29
53 29
54 29
55 29
55 29
56 29
56 29
57 29
57 29
58 29
58 29
58 29
58 29
58 29
57 29
57 29
57 29
57 29
57 29
57 29
57 29
57 29
57 29
57 29
57 29
57 29
57 29
57 29
57 29
57 29
57 29
57 30
57 30
57 30
57 30
57 31
57 31
57 31
57 31
57 32
57 33
57 33
57 34
57 35
57 36
57 37
57 37
57 38
57 39
57 40
56 41
56 42
56 43
56 44
56 44
56 45
56 46
56 47
55 48
55 49
55 50
55 51
55 51
55 52
55 53
55 54
55 55
55 56
55 57
55 58
55 59
55 60
55 60
55 61
55 62
55 63
54 64
54 65
54 66
54 67
54 68
54 68
54 69
54 70
53 71
53 72
53 73
53 74
53 74
53 75
53 76
53 77
53 78
53 78
53 79
53 80
53 81
53 81
53 82
53 83
53 83
53 83
53 83
53 82
53 82
53 81
53 80
53 80
53 79
54 78
54 77
54 76
54 76
54 75
54 74
54 73
54 72
54 71
54 71
54 70
54 69
55 68
55 67
55 66
55 65
55 65
55 64
55 63
55 62
56 61
56 60
56 59
56 58
56 58
56 57
56 56
56 55
56 54
56 53
56 52
56 51
56 51
56 50
56 49
57 48
57 47
57 46
57 45
57 45
57 44
57 43
58 42
58 41
58 40
58 40
58 39
58 38
58 37
58 36
58 36
58 35
58 34
58 34
58 33
58 33
58 33
58 33
58 33
58 33
59 34
59 35
59 35
59 36
59 37
59 38
59 38
59 39
59 40
59 40
59 41
59 42
59 43
59 43
59 44
59 45
59 45
59 46
60 47
60 48
60 48
60 49
60 50
60 50
60 51
60 51
61 52
61 52
61 52
62 52
62 52
62 51
62 51
63 50
63 49
63 49
63 48
63 47
63 47
63 46
64 45
64 44
64 44
64 43
65 42
65 41
65 41
66 40
66 40
67 40
67 40
67 40
68 40
68 40
68 40
69 40
69 40
69 40
69 40
69 40
68 39
68 39
68 38
68 38
67 38
67 38
66 38
66 38
65 39
65 39
64 40
64 41
64 41
64 42
63 43
63 44
63 44
63 45
63 46
62 47
62 48
62 49
62 49
62 50
62 51
61 52
61 53
61 54
61 55
61 55
61 56
61 57
61 58
60 59
60 60
60 61
60 62
60 62
60 63
60 64
60 65
59 66
59 67
59 68
59 69
59 69
59 70
59 71
58 72
58 73
58 74
58 74
58 75
58 76
58 77
58 77
58 78
58 79
58 79
58 80
58 80
59 79
59 79
59 78
59 78
59 77
60 76
60 75
60 75
60 74
61 73
61 72
61 72
61 71
62 70
62 69
63 68
63 67
63 67
63 66
63 65
64 64
64 63
64 62
64 61
64 61
64 60
64 59
65 58
65 57
65 56
65 55
65 55
65 54
65 53
66 52
66 51
66 50
66 49
66 49
66 48
66 47
67 46
67 45
67 44
67 44
67 43
68 42
68 41
68 41
68 40
68 40
68 39
68 39
68 38
68 38
68 38
68 38
68 38
68 38
68 37
68 37
68 37
68 37
68 38
68 38
68 38
68 38
68 38
68 38
68 38
68 38
68 38
68 38
68 38
68 38
68 38
68 38
68 38
68 38
68 39
68 39
68 40
68 40
67 41
67 42
67 42
67 43
67 44
67 45
67 46
67 46
67 47
67 48
66 49
66 50
66 51
66 51
66 52
66 53
65 54
65 55
65 56
65 56
65 57
65 58
65 59
65 60
65 61
65 61
65 62
65 63
64 64
64 65
64 66
64 66
64 67
64 68
64 69
64 70
64 71
64 71
64 72
63 73
63 74
63 74
63 75
63 76
63 77
63 77
64 78
64 79
64 79
64 80
64 80
65 80
65 80
65 79
65 79
66 78
66 77
66 77
67 76
67 75
68 74
68 74
68 73
68 72
69 71
69 70
69 69
69 69
69 68
69 67
70 66
70 65
70 64
70 64
70 63
71 62
71 61
71 60
72 59
72 58
72 58
72 57
72 56
73 55
73 54
73 53
73 53
73 52
74 51
74 50
74 49
74 49
74 48
75 47
75 46
75 46
75 45
75 44
75 44
76 43
76 42
76 42
76 41
76 41
76 41
76 41
76 41
76 41
76 42
76 42
75 43
75 44
75 44
75 45
75 46
75 47
75 47
75 48
75 49
74 50
74 51
74 52
74 52
74 53
74 54
74 55
74 56
74 57
74 58
74 58
74 59
74 60
73 61
73 62
73 63
73 64
73 64
73 65
73 66
73 67
73 68
73 69
73 70
73 70
73 71
73 72
73 73
73 73
73 74
73 75
73 75
73 76
73 77
73 77
74 77
74 77
75 77
75 77
75 76
75 75
75 75
76 74
76 73
76 73
77 72
77 71
77 71
77 70
77 69
77 68
77 68
77 67
77 66
77 65
77 65
77 64
77 63
77 62
77 61
77 60
76 59
76 58
76 57
76 56
76 55
76 54
76 53
76 52
76 51
76 50
76 49
76 48
75 47
75 46
75 45
75 44
75 43
75 42
75 41
75 40
75 39
75 38
75 37
75 36
74 35
74 34
74 33
74 32
74 31
74 30
74 29
74 28
74 27
74 26
74 25
74 24
73 23
73 22
73 21
73 20
73 19
73 18
73 18
73 19
72 20
72 21
72 22
72 22
71 22
71 22
71 21
71 21
72 22
72 22
72 22
72 22
72 22
72 22
72 23
73 24
73 25
73 26
74 27
74 28
74 29
74 30
75 31
75 32
75 33
76 34
76 35
76 36
77 37
77 38
77 39
78 40
78 41
78 42
79 43
79 44
79 45
79 46
80 47
80 48
80 49
81 50
81 51
81 51
82 52
82 52
82 52
82 52
82 52
82 52
82 52
82 52
82 52
82 52
82 52
82 53
82 53
82 54
82 55
82 55
82 56
81 57
81 58
81 59
81 59
81 60
81 61
80 62
80 63
80 64
80 64
80 65
80 66
79 67
79 68
79 69
79 70
79 70
79 71
79 72
78 73
78 74
78 75
78 75
78 76
78 77
77 78
77 79
77 80
77 80
77 81
77 82
77 83
77 84
77 84
76 85
76 86
76 86
76 87
76 88
76 88
76 89
76 89
76 89
76 88
76 88
76 87
76 86
76 85
76 85
76 84
77 83
77 82
77 82
77 81
77 80
78 79
78 78
78 77
78 77
78 76
78 75
79 74
79 73
79 72
79 71
79 71
79 70
80 69
80 68
80 67
81 66
81 65
81 65
81 64
81 63
82 62
82 61
82 60
82 59
82 59
82 58
83 57
83 56
84 55
84 54
84 54
84 53
85 52
85 51
85 51
85 50
85 50
86 49
86 49
86 49
86 50
86 50
86 51
86 51
86 52
86 53
86 54
86 54
86 55
86 56
86 57
86 57
86 58
85 59
85 60
85 61
85 61
85 62
85 63
84 64
84 65
84 66
84 66
84 67
84 68
84 69
84 70
84 71
84 72
84 72
84 73
84 74
83 75
83 76
83 77
83 78
83 78
83 79
83 80
82 81
82 82
82 83
82 83
82 84
82 85
82 86
82 87
82 88
82 89
82 89
82 90
82 91
82 92
82 92
82 93
82 94
82 95
82 95
82 96
82 97
82 97
83 97
83 97
83 97
84 96
84 95
84 95
84 94
85 93
85 92
85 92
85 91
85 90
86 89
86 88
86 87
86 87
86 86
86 85
87 84
87 83
87 82
87 82
87 81
87 80
88 79
88 78
88 77
88 76
88 76
88 75
88 74
88 73
89 72
89 71
89 70
89 69
89 69
89 68
89 67
89 66
90 65
90 64
90 63
90 62
90 61
90 61
90 60
90 59
91 58
91 57
91 56
91 55
91 55
91 54
91 53
92 52
92 51
92 50
92 49
92 49
92 48
92 47
92 46
92 45
92 44
92 43
92 43
92 42
92 41
93 40
93 39
93 38
93 38
93 37
93 36
93 35
93 34
93 34
93 33
93 32
93 31
93 30
93 30
94 29
94 28
94 28
94 27
94 26
94 25
94 25
94 24
94 23
94 23
94 22
94 21
94 20
94 20
94 19
94 19
94 18
94 18
94 18
94 18
94 18
94 19
94 19
94 20
94 21
94 21
94 22
94 23
94 23
94 24
93 25
93 26
93 26
93 27
93 28
93 29
93 30
93 31
93 31
93 32
93 33
92 34
92 35
92 36
92 37
92 37
92 38
92 39
92 40
91 41
91 42
91 43
91 44
91 44
91 45
91 46
91 47
90 48
90 49
90 50
90 51
90 52
90 52
90 53
90 54
90 55
89 56
89 57
89 58
89 59
89 60
89 60
89 61
89 62
89 63
88 64
88 65
88 66
88 67
88 68
88 68
88 69
88 70
88 71
88 72
88 73
88 74
88 75
88 75
88 76
88 77
87 78
87 79
87 80
87 81
87 81
87 82
87 83
87 84
87 85
87 86
87 87
87 87
87 88
88 89
88 90
88 91
88 91
88 92
88 93
88 93
88 94
88 95
88 95
88 95
89 94
89 94
89 93
89 92
89 92
89 91
90 90
90 89
90 89
90 88
90 87
90 86
90 85
90 84
90 84
90 83
91 82
91 81
91 80
91 80
91 79
91 78
91 77
91 76
91 75
91 75
91 74
91 73
91 72
91 71
91 71
91 70
91 69
91 68
91 67
91 67
91 66
91 65
90 64
90 63
90 62
90 62
90 61
90 60
90 59
90 58
90 58
90 57
89 56
89 55
89 55
89 54
88 53
88 52
88 52
87 51
87 50
86 49
86 49
85 48
85 47
85 47
84 46
84 45
84 45
84 44
84 43
84 43
83 43
83 43
83 42
83 42
83 42
84 42
84 42
84 42
85 43
86 43
86 43
87 44
88 44
88 44
89 45
90 45
90 45
91 45
92 46
93 46
93 46
94 46
95 46
96 46
96 46
97 47
98 47
98 47
99 47
99 47
100 46
100 46
100 46
99 46
99 46
99 46
99 46
99 45
99 45
99 45
99 45
99 45
99 44
99 44
