7 43
7 43
7 42
7 41
7 41
7 40
7 40
6 39
6 39
6 38
6 37
6 37
6 36
6 36
6 35
6 35
5 34
5 34
5 34
4 35
4 35
4 36
3 37
3 38
3 38
3 39
3 40
2 41
2 42
2 43
2 43
2 44
2 45
1 46
1 47
1 48
1 49
1 49
1 50
1 51
1 52
0 53
0 54
0 55
0 56
0 56
0 57
0 58
0 59
0 60
0 61
0 62
0 63
0 63
0 64
0 65
0 66
0 67
0 68
0 69
0 70
0 70
0 71
0 72
0 73
0 74
0 75
0 76
0 76
0 77
0 78
0 79
0 80
0 81
0 82
0 83
0 83
0 84
0 85
0 86
0 87
0 88
0 89
0 89
0 90
0 91
1 92
1 93
1 94
1 94
1 95
1 96
1 97
1 98
1 98
2 99
3 100
3 100
4 100
4 100
5 100
5 100
6 99
6 98
7 97
7 97
8 96
8 95
9 94
9 93
9 93
9 92
10 91
10 90
10 90
10 89
11 88
11 87
11 86
11 86
11 85
11 84
11 84
12 83
12 83
11 82
11 82
11 81
11 81
11 80
11 79
11 79
10 78
10 77
10 77
9 76
9 75
9 75
9 74
8 73
8 72
8 72
8 71
7 70
7 69
7 68
7 68
7 67
7 66
7 65
7 65
7 64
7 63
7 63
7 62
7 62
7 61
7 61
7 60
7 59
7 59
7 58
8 57
8 56
8 56
8 55
9 54
9 53
9 52
9 52
9 51
10 50
10 49
10 48
10 48
10 47
11 46
11 45
11 44
11 44
11 43
12 42
12 41
12 41
13 40
14 40
14 40
15 40
15 40
16 41
16 41
16 42
16 43
16 44
16 44
16 45
17 46
17 47
17 48
17 48
17 49
17 50
17 51
17 52
17 53
17 53
17 54
17 55
17 56
17 57
17 58
17 59
17 59
17 60
17 61
17 62
17 63
17 64
17 64
17 65
17 66
16 67
16 68
16 69
16 70
16 70
16 71
16 72
16 73
16 74
16 75
16 75
16 76
16 77
15 78
15 79
15 80
15 80
15 81
14 82
14 83
14 83
13 84
13 85
13 85
13 85
13 84
13 84
13 83
13 82
13 82
13 81
13 80
13 79
13 79
13 78
14 77
14 76
14 75
14 75
14 74
15 73
15 72
15 71
15 71
15 70
15 69
16 68
16 67
16 66
16 66
16 65
17 64
17 63
18 62
18 61
18 61
18 60
18 59
19 58
19 57
19 56
19 55
19 55
19 54
19 53
19 52
20 51
20 50
20 49
20 48
20 48
20 47
21 46
21 45
22 44
22 43
22 43
22 42
23 41
23 40
23 40
24 39
24 38
24 38
25 39
25 40
25 40
25 41
25 42
25 43
25 43
25 44
25 45
26 46
26 47
26 48
26 48
26 49
26 50
25 51
25 52
25 53
25 54
25 54
25 55
25 56
25 57
25 58
25 59
25 60
25 60
25 61
25 62
25 63
25 64
25 65
25 65
25 66
25 67
25 68
25 68
25 69
25 70
25 70
25 71
25 71
25 71
25 70
25 69
25 69
25 68
25 67
25 67
25 66
25 65
26 64
26 63
26 62
26 62
26 61
26 60
26 59
27 58
27 57
27 56
27 55
27 55
27 54
27 53
27 52
27 51
27 50
27 49
27 48
27 47
27 47
27 46
28 45
28 44
28 43
29 42
29 41
29 41
29 40
30 39
30 38
30 37
30 37
30 36
30 35
30 34
30 34
31 34
31 34
31 35
31 36
31 37
31 37
31 38
30 39
30 40
30 41
30 41
30 42
30 43
30 44
30 45
30 46
30 47
30 47
30 48
30 49
30 50
30 51
30 52
30 53
30 54
30 54
30 55
30 56
29 57
29 58
29 59
29 60
29 60
29 61
29 62
29 63
29 64
29 65
29 65
29 66
29 67
29 68
29 69
29 69
29 70
30 71
30 72
30 72
30 73
30 73
31 72
31 71
31 71
31 70
32 69
32 68
32 68
32 67
32 66
33 65
33 64
33 63
33 62
33 62
33 61
33 60
34 59
34 58
34 57
34 56
34 56
34 55
35 54
35 53
35 52
35 51
36 50
36 49
36 48
36 48
36 47
36 46
36 45
37 44
37 43
37 42
37 41
37 41
37 40
37 39
38 38
38 37
38 36
38 36
38 35
38 34
38 33
38 33
39 32
39 32
39 32
38 33
38 33
38 34
38 35
38 35
38 36
38 37
38 38
38 38
38 39
37 40
37 41
37 42
37 42
37 43
37 44
37 45
37 46
37 46
37 47
37 48
37 49
37 50
37 50
37 51
37 52
37 53
37 54
37 54
37 55
37 56
37 57
37 58
37 58
37 59
37 60
37 61
37 62
37 62
37 63
37 64
37 65
37 66
37 66
37 67
37 68
37 69
37 69
37 70
37 71
37 72
37 72
37 73
37 74
37 74
36 75
36 75
36 76
36 76
35 76
35 76
35 76
35 75
35 74
35 74
35 73
35 72
35 72
35 71
35 70
35 69
36 68
36 67
36 66
36 65
36 64
36 63
37 62
37 61
37 60
37 59
37 58
37 57
38 56
38 55
38 54
38 53
38 52
38 51
39 50
39 49
39 48
39 47
39 46
39 45
40 44
40 43
40 42
40 41
40 40
40 39
41 38
41 37
41 36
41 35
41 34
41 33
41 32
42 31
42 30
42 29
42 28
42 27
42 26
43 25
43 24
43 23
43 22
43 21
43 20
44 19
44 18
44 17
44 16
44 15
44 14
45 13
45 12
45 11
45 10
45 9
45 8
46 7
46 6
46 5
46 4
46 4
47 3
47 3
47 3
47 3
46 4
46 5
46 5
46 6
46 7
46 8
46 9
46 10
46 10
46 11
46 12
45 13
45 14
45 15
45 16
45 16
45 17
45 18
45 19
45 20
45 21
45 22
45 23
45 24
45 24
45 25
45 26
45 27
44 28
44 29
44 30
44 31
44 32
44 32
44 33
44 34
44 35
44 36
44 37
44 38
44 39
44 40
44 40
44 41
44 42
44 43
44 44
44 45
43 46
43 47
43 48
43 49
43 50
43 51
43 51
43 52
43 53
43 54
43 55
43 56
43 57
43 58
43 59
43 59
43 60
43 61
43 62
43 63
43 64
43 65
43 66
43 66
43 67
43 68
43 69
43 70
43 71
43 71
43 72
43 73
43 74
43 74
44 75
44 75
45 74
45 73
45 73
45 72
46 71
46 70
46 69
46 69
46 68
46 67
47 66
47 65
47 64
47 64
47 63
47 62
47 61
48 60
48 59
48 58
48 57
48 57
48 56
48 55
47 54
47 53
47 52
47 51
47 50
47 49
46 48
46 47
46 46
46 45
46 44
46 43
45 42
45 41
45 40
45 39
45 38
44 37
44 36
44 35
44 34
44 33
44 32
43 31
43 30
43 29
43 28
43 27
43 26
42 25
42 24
42 23
42 22
42 21
42 20
41 19
41 18
41 17
41 17
41 18
41 18
40 18
40 18
41 18
41 18
41 19
41 20
41 20
41 21
41 21
42 20
42 20
43 19
43 18
43 18
44 17
45 17
45 17
46 16
46 16
47 15
48 15
48 15
49 14
49 14
50 14
50 14
51 14
52 13
53 13
54 12
55 12
55 12
56 13
56 13
56 13
56 14
56 14
56 15
56 16
56 17
56 18
56 18
56 19
56 20
56 21
56 22
56 22
56 23
56 24
55 25
55 26
55 27
55 27
55 28
55 29
55 30
55 31
55 32
55 33
55 33
55 34
55 35
55 36
55 37
55 38
55 38
55 39
55 40
55 41
54 42
54 43
54 44
54 45
54 45
54 46
54 47
54 48
54 49
54 50
54 51
54 51
54 52
54 53
54 54
54 55
54 56
54 56
54 57
53 58
53 59
53 60
53 60
53 61
53 62
53 62
53 63
53 63
53 62
53 62
53 61
54 60
54 59
54 59
54 58
54 57
54 56
54 55
54 54
54 53
54 53
54 52
54 51
54 50
55 49
55 48
55 47
55 46
55 45
55 45
55 44
55 43
55 42
55 41
56 40
56 39
56 38
56 37
56 36
56 36
56 35
56 34
57 33
57 32
57 31
57 30
57 30
57 29
57 28
57 27
57 26
57 25
57 24
57 24
57 23
58 22
58 21
58 21
59 20
59 20
59 20
60 21
61 22
62 23
63 24
63 24
64 24
65 24
65 24
65 23
65 23
66 22
66 22
66 21
66 21
66 20
66 20
66 20
66 20
65 21
65 22
65 22
65 23
65 24
65 24
65 25
64 26
64 27
64 27
64 28
64 29
63 30
63 31
63 32
63 32
63 33
63 34
63 35
63 36
63 37
63 38
63 38
63 39
63 40
62 41
62 42
62 43
62 44
62 44
62 45
62 46
62 47
62 48
62 49
62 49
62 50
62 51
62 52
62 53
62 53
62 54
62 55
62 55
62 55
62 55
62 54
63 53
63 52
63 52
63 51
63 50
64 49
64 48
64 47
64 47
64 46
64 45
64 44
64 43
64 42
64 41
64 41
64 40
64 39
65 38
65 37
65 36
65 35
65 35
65 34
66 33
66 32
66 32
66 31
66 30
66 29
66 29
66 29
66 30
66 30
66 31
66 32
66 32
66 33
66 34
66 35
66 35
66 36
66 37
66 38
66 39
66 39
66 40
66 41
66 42
66 42
66 43
66 44
66 44
67 45
67 45
68 44
68 44
69 43
69 43
70 42
70 41
71 40
71 40
71 39
72 38
72 37
72 37
72 36
73 35
73 34
73 34
73 33
74 32
74 31
74 31
75 30
75 29
75 29
75 28
75 27
75 27
75 28
75 28
75 29
75 29
75 30
75 31
75 32
75 32
75 33
75 34
75 35
75 36
75 36
75 37
75 38
75 39
75 39
75 40
74 41
74 42
74 43
74 43
74 44
74 45
74 46
74 46
74 47
74 48
74 49
74 49
74 50
74 50
74 50
74 49
74 49
74 48
74 48
74 47
74 46
74 45
74 44
74 43
74 42
74 41
74 40
74 39
74 38
74 37
74 36
74 35
74 34
74 33
74 32
74 31
74 30
74 29
74 28
74 27
74 26
74 25
74 24
74 23
74 22
74 22
74 21
74 20
74 19
74 18
74 17
74 16
74 15
74 14
74 13
74 12
74 11
74 10
74 9
74 8
74 7
74 6
74 6
74 5
75 4
75 3
75 3
75 2
75 2
75 2
75 3
75 3
75 4
75 4
75 5
75 6
75 6
75 7
75 8
75 9
75 9
75 10
76 11
76 12
76 13
76 13
76 14
76 15
76 16
76 16
77 17
77 18
77 18
77 18
78 18
78 18
79 17
79 17
79 18
79 18
80 19
80 20
80 20
80 21
80 22
80 23
80 23
80 24
80 25
80 26
80 27
80 27
80 28
79 29
79 30
79 31
79 31
79 32
79 33
79 34
79 35
79 36
79 36
79 37
79 38
79 39
79 40
79 41
79 41
79 42
79 43
78 44
78 45
78 46
78 46
78 47
78 48
78 49
78 50
78 50
78 51
78 52
78 52
78 53
78 53
78 53
78 52
78 51
78 51
78 50
78 49
78 48
78 48
78 47
78 46
79 45
79 44
79 43
79 42
79 42
79 41
79 40
79 39
79 38
79 37
79 37
79 36
79 35
80 34
80 33
80 32
80 31
80 31
80 30
80 29
81 28
81 27
81 26
81 26
82 25
82 24
82 24
82 23
82 23
83 23
83 23
83 24
83 25
83 26
83 26
83 27
83 28
83 29
83 29
83 30
83 31
83 32
83 33
83 33
83 34
83 35
83 36
83 37
83 38
83 38
83 39
83 40
83 41
83 42
83 43
83 43
83 44
83 45
83 46
83 47
83 48
83 48
83 49
83 50
83 51
83 52
83 52
83 53
83 54
83 54
83 54
83 53
84 52
84 51
84 51
84 50
84 49
84 48
84 47
84 46
84 46
84 45
84 44
85 43
85 42
85 41
85 41
85 40
85 39
85 38
86 37
86 36
86 35
86 34
86 34
86 33
86 32
86 31
87 30
87 29
87 28
87 27
87 26
87 26
87 25
87 24
88 23
88 22
88 21
88 20
88 19
89 18
89 17
89 16
89 16
89 15
89 14
89 13
89 12
89 11
89 10
89 9
89 9
89 8
89 7
90 6
90 5
90 4
90 4
90 3
90 2
90 1
90 1
90 0
90 0
90 0
90 1
90 2
90 2
90 3
90 4
90 4
90 5
89 6
89 7
89 7
89 8
89 9
89 10
89 11
89 12
89 13
89 13
89 14
89 15
89 16
88 17
88 18
88 19
88 20
88 20
88 21
88 22
88 23
87 24
87 25
87 26
87 27
87 28
87 28
87 29
87 30
87 31
87 32
87 33
87 34
87 35
87 36
87 37
87 37
87 38
87 39
87 40
87 41
86 42
86 43
86 44
86 45
86 46
86 46
86 47
86 48
86 49
86 50
86 51
85 52
85 53
85 54
85 55
85 56
85 57
85 57
85 58
85 59
85 60
85 61
85 62
85 63
85 64
85 64
85 65
85 66
85 67
85 68
85 69
85 70
85 70
85 71
86 72
86 73
86 74
86 74
87 75
87 76
87 76
88 75
88 74
88 74
89 73
90 72
90 72
90 71
90 70
91 69
91 68
91 67
91 67
91 66
92 65
92 64
92 63
93 62
93 61
93 61
93 60
93 59
93 58
94 57
94 56
94 55
94 54
94 54
94 53
94 52
94 51
95 50
95 49
95 48
95 47
95 46
95 46
95 45
95 44
95 43
96 42
96 41
96 40
96 39
96 38
96 38
96 37
96 36
96 35
96 34
96 33
96 32
96 31
96 31
96 30
96 29
96 28
96 27
96 26
96 25
96 25
96 24
96 23
95 22
95 21
95 20
95 19
95 19
95 18
95 17
94 16
94 15
94 14
94 14
94 13
93 12
93 11
93 11
92 10
92 10
91 9
91 9
90 10
89 10
89 10
88 11
88 11
87 12
87 12
86 12
86 12
86 13
86 13
86 14
86 14
87 15
87 15
87 16
87 16
88 16
88 16
89 16
89 16
90 15
91 15
91 15
92 14
93 14
93 14
94 13
95 13
95 13
96 12
97 12
97 12
98 12
99 11
100 11
