10 50
11 50
11 50
11 49
11 48
11 48
11 47
11 47
11 46
11 45
11 45
11 44
11 44
11 43
11 42
11 42
10 41
10 41
10 40
10 39
10 39
9 38
9 38
9 37
9 37
8 37
8 37
7 37
7 37
7 38
6 39
6 40
6 40
6 41
5 42
5 43
5 44
5 44
5 45
5 46
4 47
4 48
4 49
4 50
4 50
4 51
4 52
3 53
3 54
3 55
3 56
3 56
3 57
3 58
2 59
2 60
2 61
2 62
2 62
2 63
2 64
2 65
1 66
1 67
1 68
1 69
1 70
1 70
1 71
1 72
1 73
1 74
0 75
0 76
0 77
0 78
0 79
0 79
0 80
0 81
0 82
0 83
0 84
0 85
0 86
0 86
0 87
0 88
0 89
0 90
0 91
0 92
0 93
0 93
0 94
0 95
0 96
0 97
0 98
0 98
1 99
1 100
1 100
2 100
2 100
3 99
4 98
4 98
4 97
5 96
5 95
5 95
5 94
6 93
6 92
7 91
7 90
7 90
7 89
8 88
8 87
9 86
9 85
9 85
9 84
9 83
10 82
10 81
10 80
10 79
10 79
10 78
11 77
11 76
11 75
12 74
12 73
12 73
12 72
12 71
13 70
13 69
13 68
13 67
13 67
13 66
13 65
14 64
14 63
14 62
14 62
14 61
15 60
15 59
15 58
15 58
16 57
16 56
16 56
16 55
16 54
16 54
16 54
16 54
16 55
16 56
16 56
16 57
15 58
15 59
15 59
15 60
15 61
14 62
14 63
14 64
14 64
14 65
14 66
14 67
14 68
14 69
14 69
14 70
14 71
13 72
13 73
13 74
13 75
13 75
13 76
13 77
13 78
13 79
13 80
13 80
13 81
13 82
13 83
13 84
13 84
13 85
13 86
13 87
13 87
14 88
14 88
14 88
15 87
15 86
15 86
15 85
16 84
16 83
16 83
16 82
17 81
17 80
17 79
17 79
17 78
18 77
18 76
18 75
18 75
18 74
18 73
18 72
18 71
18 71
18 70
18 69
19 68
19 67
19 66
19 66
19 65
19 64
19 63
19 62
19 62
18 61
18 60
18 60
17 59
17 59
17 59
16 60
16 60
15 61
15 61
14 62
14 63
14 63
13 63
13 63
13 64
13 64
14 65
14 65
14 66
14 66
15 67
15 67
16 67
16 67
17 66
18 66
18 66
19 65
20 65
20 65
21 64
21 63
21 63
22 62
23 62
23 62
23 61
24 60
24 59
24 59
25 58
25 58
26 57
26 56
26 56
26 55
26 54
26 54
26 53
26 53
26 52
26 52
26 52
25 52
25 52
25 53
25 53
24 54
24 55
24 55
24 56
24 57
24 57
24 58
23 59
23 60
23 60
23 61
23 62
23 63
23 63
23 64
22 65
22 66
22 67
22 67
22 68
22 69
22 70
22 71
22 71
22 72
22 73
22 74
22 74
22 75
22 76
22 77
22 77
22 78
22 78
22 78
22 78
23 77
23 77
23 76
23 75
23 74
23 73
23 73
23 72
24 71
24 70
24 69
24 69
24 68
24 67
25 66
25 65
25 64
25 64
25 63
25 62
25 61
25 61
25 60
26 59
26 58
26 58
27 57
27 56
27 56
28 55
28 55
28 55
29 56
29 57
29 57
29 58
29 58
29 59
30 60
30 61
30 61
30 62
30 63
30 64
30 64
30 65
30 66
30 66
30 67
30 68
30 69
30 69
30 70
30 71
30 72
30 72
31 73
31 73
31 74
31 74
31 74
31 73
32 72
32 71
32 71
32 70
32 69
32 68
32 67
32 67
32 66
33 65
33 64
33 63
33 63
33 62
34 61
34 60
34 59
34 59
34 58
34 57
35 56
35 55
35 54
35 54
35 53
36 52
36 51
36 51
36 50
37 49
37 48
37 47
37 47
37 46
38 45
38 44
38 44
38 43
38 42
38 42
38 41
38 40
38 40
39 39
39 39
39 39
39 39
38 40
38 40
38 41
38 41
37 42
37 43
37 43
37 44
37 45
37 45
37 46
36 47
36 48
36 48
36 49
36 50
36 50
36 51
36 52
36 53
36 53
35 54
35 55
35 55
36 56
36 56
36 57
36 57
36 58
36 58
37 58
37 58
37 59
37 59
38 59
38 59
38 60
38 60
38 61
38 62
38 62
38 63
38 64
38 64
38 65
38 66
38 67
38 67
38 68
37 69
37 70
37 70
37 71
36 72
36 73
36 73
36 74
36 75
36 75
35 75
35 75
35 74
35 73
35 73
35 72
35 71
36 70
36 69
36 68
36 67
36 66
36 65
37 64
37 63
37 62
37 61
37 60
37 59
38 58
38 57
38 56
38 55
38 54
38 53
39 52
39 51
39 50
39 49
39 48
40 47
40 46
40 45
40 44
40 43
40 42
41 41
41 40
41 39
41 38
41 37
41 36
42 35
42 34
42 33
42 32
42 31
42 30
43 29
43 28
43 27
43 27
43 26
44 25
44 24
44 23
45 22
45 21
45 20
45 19
46 18
46 17
46 17
47 16
47 15
47 15
48 14
48 13
48 13
48 13
49 13
49 13
49 14
49 14
49 15
49 16
49 16
49 17
49 18
49 19
49 20
49 21
49 21
49 22
49 23
48 24
48 25
48 26
48 26
48 27
48 28
48 29
48 30
48 31
48 32
48 32
48 33
48 34
47 35
47 36
47 37
47 38
47 38
47 39
47 40
47 41
47 42
47 43
47 44
47 45
47 45
47 46
47 47
47 48
46 49
46 50
46 51
46 52
46 52
46 53
46 54
46 55
46 56
46 57
46 57
46 58
46 59
46 60
46 61
46 61
46 62
47 63
47 64
47 64
47 65
47 65
48 65
48 65
49 65
49 65
49 64
49 63
49 63
49 62
50 61
50 60
50 60
50 59
50 58
50 57
50 57
50 56
51 55
51 54
51 54
51 53
51 52
51 51
51 51
51 50
50 49
50 48
50 48
49 47
49 46
49 46
48 45
48 45
47 45
46 45
46 45
45 46
45 46
44 47
43 47
43 47
42 48
42 49
42 49
41 50
41 50
41 50
41 50
41 50
42 51
42 51
43 50
44 50
44 50
45 49
46 49
46 49
47 48
48 47
48 47
49 46
49 45
50 44
50 44
51 43
51 42
52 41
52 41
52 40
53 39
53 38
53 38
54 37
55 36
55 36
56 35
56 35
56 34
56 34
57 33
57 33
57 33
56 33
56 33
56 33
56 33
56 34
56 34
55 35
55 35
55 36
55 36
55 37
55 38
55 38
55 39
55 40
55 41
55 41
55 42
54 43
54 44
54 45
54 45
54 46
54 47
54 48
54 49
54 49
54 50
54 51
54 52
54 53
54 53
54 54
54 55
54 56
54 57
54 57
54 58
54 59
54 59
54 60
54 60
54 60
54 60
54 59
54 58
54 58
54 57
54 56
54 55
54 55
54 54
54 53
54 52
54 51
54 51
54 50
55 49
55 48
55 47
55 47
55 46
55 45
55 44
55 44
56 43
56 42
56 42
57 41
57 41
58 40
58 40
59 39
59 39
60 38
60 38
61 37
61 37
62 36
62 36
63 35
63 34
63 34
64 34
64 34
64 33
64 33
64 33
64 33
64 33
64 33
64 33
64 32
64 32
63 31
63 31
63 31
63 31
62 31
62 31
62 32
62 33
62 33
61 34
61 35
61 35
61 36
61 37
61 38
61 38
61 39
61 40
61 41
61 42
61 42
61 43
61 44
60 45
60 46
60 47
60 47
60 48
60 49
60 50
60 51
60 52
60 52
60 53
60 54
60 55
60 55
60 56
60 57
60 57
60 58
60 58
61 57
61 57
61 56
61 55
61 55
61 54
62 53
62 52
62 52
62 51
62 50
62 49
62 48
62 47
62 47
62 46
63 45
63 44
63 43
63 43
63 42
63 41
63 40
63 39
63 39
64 38
64 37
64 37
64 36
64 35
64 35
64 35
64 35
64 35
64 36
64 37
64 37
64 38
64 39
64 40
64 40
64 41
64 42
64 43
64 43
64 44
64 45
64 46
64 46
64 47
65 48
65 49
65 50
65 50
65 51
65 52
65 52
65 53
65 54
65 54
66 54
66 54
67 53
67 53
68 52
68 51
68 51
68 50
68 49
68 48
68 48
68 47
69 46
69 45
69 44
69 44
69 43
70 42
70 41
70 40
70 40
70 39
71 38
71 37
71 36
71 36
71 35
71 34
71 33
71 32
71 32
72 31
72 30
72 30
72 29
72 28
72 28
72 28
72 28
72 29
72 29
72 30
72 31
72 32
72 32
72 33
71 34
71 35
71 35
71 36
71 37
71 38
71 39
71 39
71 40
71 41
71 42
71 43
71 43
71 44
71 45
71 46
71 47
71 48
71 48
71 49
71 50
71 51
71 51
71 52
71 53
71 54
71 55
71 55
71 56
71 56
71 56
71 55
71 54
71 54
71 53
71 52
71 51
71 50
71 49
71 48
71 47
71 46
71 45
71 44
71 43
71 42
71 41
71 40
71 39
71 38
71 37
71 36
72 35
72 34
72 33
72 32
72 31
72 30
72 29
72 28
72 27
72 26
72 25
72 24
72 23
72 22
72 21
72 20
72 19
72 18
72 17
72 16
72 16
72 15
72 14
72 13
72 13
72 12
72 12
72 12
73 13
73 13
73 14
73 14
74 15
74 16
74 16
74 17
74 17
75 18
75 18
76 19
76 20
77 21
77 22
77 22
77 23
77 24
77 25
77 26
77 26
77 27
77 28
77 28
77 29
77 30
77 31
77 31
77 32
77 33
77 34
77 34
77 35
77 36
77 37
77 38
77 38
77 39
77 40
77 41
77 42
77 42
77 43
77 44
77 45
77 45
77 46
76 47
76 48
76 49
76 49
76 50
76 51
76 52
76 52
76 53
76 53
76 53
76 52
76 52
77 51
77 51
77 50
77 49
77 48
77 48
77 47
77 46
78 45
78 44
78 43
78 43
78 42
78 41
78 40
78 39
78 39
78 38
78 37
79 36
79 35
79 34
79 34
79 33
80 32
80 31
80 31
81 30
81 29
81 29
82 29
82 29
82 30
82 30
83 31
83 32
83 32
83 33
83 34
83 35
83 35
83 36
83 37
83 38
83 38
83 39
83 40
83 41
83 42
83 42
83 43
84 44
84 45
84 46
84 46
84 47
84 48
84 48
84 49
84 49
85 48
85 48
85 47
86 46
86 45
86 45
86 44
87 43
87 42
87 42
87 41
87 40
88 39
88 38
88 37
88 37
88 36
88 35
88 34
89 33
89 32
89 31
89 30
89 30
89 29
89 28
89 27
90 26
90 25
90 24
90 23
90 22
90 22
90 21
90 20
90 19
91 18
91 17
91 16
91 15
91 14
91 14
91 13
91 12
92 11
92 10
92 9
92 9
92 8
92 7
92 6
92 5
92 4
92 4
92 3
93 2
93 1
93 1
93 0
93 0
93 0
92 1
92 1
92 2
92 3
92 3
92 4
92 5
92 5
92 6
91 7
91 8
91 9
91 9
91 10
91 11
91 12
91 13
91 14
91 14
91 15
91 16
90 17
90 18
90 19
90 19
90 20
90 21
90 22
90 23
90 24
90 25
90 25
90 26
90 27
90 28
90 29
90 30
90 31
90 32
90 32
90 33
90 34
89 35
89 36
89 37
89 38
89 38
89 39
89 40
89 41
89 42
89 43
89 43
89 44
89 45
89 46
89 47
89 48
89 48
89 49
90 50
90 51
90 51
90 52
91 53
91 54
91 54
91 55
91 55
92 55
92 55
93 54
93 54
93 53
94 52
94 51
94 51
94 50
95 49
95 48
95 48
95 47
96 46
96 45
96 45
96 44
96 43
96 42
96 41
96 41
96 40
96 39
96 38
96 38
96 37
96 36
96 35
96 35
96 34
95 33
95 32
95 32
95 31
94 30
94 29
94 29
93 28
92 27
92 27
91 26
90 26
90 26
89 25
89 25
88 25
88 25
87 25
87 25
86 25
86 25
86 26
86 26
86 27
86 27
87 28
87 28
88 29
88 29
89 29
90 29
90 29
91 29
92 29
92 29
93 29
94 29
95 29
95 29
96 28
97 27
97 27
98 26
99 26
100 25
