9 45
10 44
10 44
10 43
10 42
10 41
10 40
10 39
10 38
10 38
9 37
9 36
9 36
9 35
10 34
10 33
10 33
10 32
10 31
10 30
10 29
10 29
10 28
9 27
9 26
9 26
8 26
8 26
7 27
7 27
7 28
6 29
6 30
6 31
6 32
5 33
5 34
5 34
5 35
5 36
5 37
5 38
4 39
4 40
4 41
4 42
4 43
4 44
4 44
4 45
4 46
3 47
3 48
3 49
3 50
3 51
3 52
2 53
2 54
2 55
2 56
2 56
2 57
2 58
2 59
2 60
2 61
2 62
1 63
1 64
1 65
1 66
1 67
1 68
1 69
1 70
1 70
1 71
1 72
1 73
1 74
1 75
0 76
0 77
0 78
0 79
0 80
0 81
0 81
0 82
0 83
0 84
0 85
0 86
0 87
0 88
0 89
0 90
0 90
0 91
0 92
0 93
0 94
0 95
0 96
0 96
0 97
1 98
1 99
1 99
2 100
2 100
3 99
4 99
4 99
5 98
5 97
6 96
6 96
6 95
7 94
7 93
8 92
8 91
8 91
9 90
9 89
10 88
10 87
11 86
11 86
11 85
12 84
12 83
13 82
13 81
13 81
13 80
14 79
14 78
14 78
15 77
15 77
16 77
16 77
16 78
16 78
16 78
16 79
16 79
16 80
16 80
16 80
15 80
15 80
15 79
15 78
15 78
15 77
15 76
15 75
15 74
15 74
15 73
14 72
14 71
14 70
14 70
14 69
14 68
14 67
14 66
14 65
14 65
14 64
14 63
15 62
15 61
15 60
15 59
15 59
15 58
15 57
15 56
15 55
15 54
15 53
15 52
15 52
15 51
15 50
16 49
16 48
16 47
16 46
16 46
16 45
16 44
16 43
16 42
16 41
16 40
16 40
16 39
17 38
17 37
17 36
17 36
18 35
18 34
19 33
19 33
19 33
20 34
20 34
20 35
20 36
20 37
20 37
20 38
20 39
20 40
20 41
20 42
20 43
20 43
20 44
20 45
20 46
20 47
20 48
20 49
20 50
20 50
20 51
20 52
20 53
20 54
19 55
19 56
19 57
19 58
19 59
19 59
19 60
19 61
19 62
18 63
18 64
18 65
18 66
18 67
18 67
18 68
18 69
18 70
17 71
17 72
17 73
17 74
17 74
17 75
17 76
16 77
16 78
16 79
16 80
16 80
16 81
15 82
15 83
15 84
15 84
15 85
14 86
14 87
14 87
14 88
14 88
13 88
13 88
13 87
13 86
13 86
13 85
13 84
14 83
14 82
14 81
14 81
14 80
14 79
15 78
15 77
15 76
15 75
15 75
15 74
15 73
16 72
16 71
16 70
16 69
16 68
16 67
17 66
17 65
17 64
17 63
17 62
17 61
18 60
18 59
18 58
18 58
18 57
19 56
19 55
19 54
19 53
20 52
20 51
20 50
20 49
21 48
21 47
21 46
21 45
22 44
22 43
22 43
22 42
23 41
23 40
23 40
24 39
24 39
24 40
24 40
24 41
24 42
24 42
24 43
24 44
24 45
24 46
24 47
24 47
24 48
24 49
24 50
24 51
24 52
24 53
24 53
24 54
24 55
24 56
23 57
23 58
23 59
23 60
23 61
23 61
23 62
23 63
23 64
23 65
23 66
23 66
23 67
23 68
22 69
22 70
22 71
22 71
22 72
22 73
22 74
22 75
22 75
22 76
21 77
21 78
21 78
21 79
21 80
21 80
21 81
21 81
21 80
21 80
21 79
21 78
21 77
21 77
21 76
21 75
22 74
22 73
22 72
22 72
22 71
22 70
22 69
22 68
22 67
22 66
22 66
22 65
23 64
23 63
23 62
23 61
24 60
24 59
24 58
24 58
24 57
24 56
24 55
24 54
25 53
25 52
25 51
25 50
25 49
25 49
25 48
26 47
26 46
26 45
26 44
27 43
27 42
27 42
27 41
27 40
27 39
27 39
28 38
28 38
29 39
29 39
29 40
29 41
29 42
29 43
29 43
29 44
29 45
29 46
29 47
29 48
29 48
29 49
29 50
29 51
29 52
29 53
29 54
29 54
29 55
29 56
28 57
28 58
28 59
28 60
28 60
28 61
28 62
28 63
28 64
28 65
28 65
28 66
28 67
28 68
28 69
28 69
28 70
28 71
28 72
28 72
28 73
28 74
28 74
28 74
28 73
28 72
29 71
29 70
29 69
29 68
29 67
29 66
30 65
30 64
30 63
30 62
30 61
31 60
31 59
31 58
31 57
31 56
32 55
32 54
32 53
32 52
32 51
32 50
33 49
33 48
33 47
33 46
33 45
34 44
34 43
34 42
34 41
34 40
34 39
35 38
35 37
35 36
35 36
36 35
36 34
36 34
36 34
36 35
36 35
36 36
36 37
36 38
36 39
36 39
36 40
36 41
36 42
35 43
35 44
35 45
35 46
35 46
35 47
35 48
35 49
35 50
35 51
35 52
35 52
35 53
35 54
35 55
35 56
35 57
35 58
35 58
35 59
35 60
35 61
35 62
35 63
35 63
35 64
35 65
36 66
36 67
36 68
36 68
36 69
36 70
36 71
36 71
36 72
36 73
36 74
36 74
36 75
36 75
36 76
36 76
36 76
36 76
36 77
36 77
35 77
35 77
34 76
34 76
34 75
34 75
33 74
33 74
33 73
33 72
33 71
33 71
33 70
33 69
34 68
34 67
34 66
34 65
35 64
35 63
35 62
35 61
36 60
36 59
36 58
36 57
37 56
37 55
37 54
37 53
37 52
38 51
38 50
38 49
38 48
39 47
39 46
39 45
39 44
40 43
40 42
40 41
40 40
40 39
41 38
41 37
41 36
41 35
42 34
42 33
42 32
42 31
43 30
43 29
43 28
43 27
44 26
44 25
44 24
44 24
44 23
45 22
45 21
45 20
45 19
46 18
46 17
46 17
46 16
46 16
46 17
46 17
46 18
46 19
46 20
46 21
46 22
46 22
46 23
46 24
46 25
46 26
45 27
45 28
45 29
45 30
45 31
45 31
45 32
45 33
45 34
45 35
44 36
44 37
44 38
44 39
44 40
44 41
44 41
44 42
44 43
44 44
44 45
43 46
43 47
43 48
43 49
43 50
43 50
43 51
43 52
43 53
43 54
42 55
42 56
42 57
42 58
42 59
42 59
42 60
42 61
42 62
42 63
42 64
42 65
42 66
42 67
42 67
42 68
42 69
42 70
42 71
42 71
42 72
43 73
43 74
43 75
43 75
43 76
44 77
44 78
44 78
45 78
45 78
46 77
47 76
47 76
47 75
48 74
48 73
48 73
48 72
49 71
49 70
49 70
49 69
50 68
50 67
50 66
50 66
50 65
50 64
51 63
51 62
51 61
51 61
51 60
51 59
50 58
50 57
50 56
50 55
50 54
49 53
49 52
49 51
49 50
49 49
48 48
48 47
48 46
48 45
48 44
47 43
47 42
47 41
47 40
47 39
46 38
46 37
46 36
46 35
46 34
45 33
45 32
45 31
45 30
45 29
44 28
44 27
44 26
44 26
44 25
44 24
43 23
43 22
43 21
43 20
42 19
42 18
42 17
42 17
42 16
42 15
42 14
42 13
42 13
42 13
42 13
43 12
43 12
44 12
45 12
45 12
46 13
47 13
47 13
48 13
48 13
49 13
50 13
50 13
51 13
52 13
53 13
54 13
55 13
56 13
56 13
56 14
56 15
56 16
57 17
57 18
57 19
57 20
57 20
57 21
56 22
56 23
56 23
55 24
55 24
55 25
55 26
54 27
54 28
54 29
54 30
54 30
54 31
54 32
54 33
54 34
54 35
54 36
54 36
54 37
54 38
54 39
53 40
53 41
53 42
53 43
53 44
53 44
53 45
53 46
52 47
52 48
52 49
52 50
52 50
52 51
52 52
52 53
52 54
52 55
52 56
52 56
52 57
52 58
52 59
52 60
52 61
52 61
52 62
52 63
52 64
52 64
52 65
52 65
52 65
52 65
52 64
52 63
52 62
52 61
52 61
52 60
52 59
53 58
53 57
53 56
53 55
53 55
53 54
53 53
53 52
54 51
54 50
54 49
54 48
54 48
54 47
54 46
54 45
55 44
55 43
55 42
55 41
55 40
55 40
55 39
55 38
55 37
56 36
56 35
56 34
56 33
56 32
56 32
56 31
57 30
57 29
57 28
57 27
58 26
58 25
58 25
58 24
59 23
59 22
59 22
59 21
59 21
60 22
60 22
60 23
61 24
61 25
61 25
61 26
62 27
62 28
62 28
62 29
62 30
62 31
62 31
62 32
62 33
62 33
62 34
62 34
62 35
62 35
63 35
64 36
65 36
66 37
67 37
68 38
69 38
69 38
69 37
70 36
70 35
70 34
70 34
70 33
70 32
70 31
70 30
70 29
70 29
69 28
69 27
69 27
70 26
70 25
70 25
70 24
70 23
70 22
70 21
70 21
70 20
70 19
70 18
70 17
70 17
70 16
69 15
69 14
69 14
69 14
69 15
68 16
68 17
68 17
68 18
68 19
68 20
67 21
67 22
67 23
67 24
67 24
67 25
66 26
66 27
66 28
66 29
65 30
65 31
65 31
65 32
65 33
65 34
64 35
64 36
64 37
64 38
64 38
64 39
64 40
63 41
63 42
63 43
63 44
63 44
63 45
63 46
63 47
63 48
63 49
63 49
63 50
63 51
63 52
63 53
63 53
63 54
64 55
64 56
64 56
65 57
65 58
65 58
66 57
66 57
67 56
67 55
67 55
67 54
67 53
68 52
68 51
68 50
68 50
68 49
68 48
69 47
69 46
69 45
69 45
69 44
69 43
70 42
70 41
70 40
70 39
70 39
70 38
70 37
71 36
71 35
71 34
71 33
71 33
71 32
71 31
72 30
72 29
72 28
72 28
72 27
73 26
73 25
73 24
73 24
73 23
73 22
73 22
73 21
73 21
72 22
72 23
72 23
72 24
72 25
72 26
72 27
72 28
72 29
72 29
72 30
72 31
72 32
72 33
71 34
71 35
71 36
71 37
71 38
71 38
71 39
71 40
71 41
71 42
70 43
70 44
70 45
70 46
70 47
70 47
70 48
70 49
70 50
70 51
70 52
70 53
70 54
70 54
70 55
70 56
70 57
69 58
69 59
69 60
69 61
69 61
69 62
69 63
69 64
69 65
69 65
69 66
69 66
70 67
70 67
70 66
70 66
70 65
71 64
71 63
71 63
71 62
71 61
72 60
72 59
72 58
72 58
72 57
72 56
73 55
73 54
73 53
73 52
73 52
73 51
73 50
74 49
74 48
74 47
74 46
74 46
74 45
74 44
75 43
75 42
75 41
75 40
75 40
75 39
75 38
76 37
76 36
76 35
76 35
76 34
76 33
76 33
76 33
76 34
76 35
76 36
76 36
76 37
76 38
76 39
76 40
76 41
76 41
76 42
76 43
76 44
76 45
76 46
76 47
76 48
76 49
76 49
76 50
76 51
76 52
75 53
75 54
75 55
75 56
75 57
75 57
75 58
75 59
75 60
75 61
75 62
75 62
75 63
75 64
75 65
75 66
75 66
75 67
75 68
75 68
75 68
75 67
75 67
75 66
75 65
75 64
75 63
75 62
75 61
75 60
75 59
75 58
75 57
75 56
75 55
75 54
75 53
75 52
76 51
76 50
76 49
76 48
76 47
76 46
76 45
76 44
76 43
76 42
76 41
76 40
76 39
76 38
76 37
76 36
76 35
76 34
76 33
76 32
76 31
76 30
76 29
76 28
76 27
76 26
76 25
76 24
76 23
76 22
76 21
77 20
77 19
77 18
77 17
77 16
77 15
77 14
77 13
77 12
77 11
77 10
77 9
77 8
77 7
77 6
77 5
77 5
77 6
77 6
77 5
77 4
77 3
77 3
78 4
78 4
79 5
79 6
79 6
79 7
80 8
80 9
80 9
81 10
81 11
81 11
82 12
82 13
82 13
82 14
82 15
82 15
82 16
82 17
82 17
82 18
82 19
82 20
82 20
82 21
82 22
82 23
82 23
82 24
82 25
82 26
82 26
82 27
82 28
82 29
82 30
82 31
82 31
82 32
82 33
82 34
82 35
82 36
82 37
82 37
82 38
82 39
82 40
81 41
81 42
81 43
81 44
81 44
81 45
81 46
81 47
81 48
81 49
81 50
81 50
81 51
81 52
81 53
80 54
80 55
80 56
80 57
80 57
80 58
80 59
80 60
80 61
80 62
80 62
79 63
79 64
79 64
79 65
79 65
79 65
80 64
80 63
80 63
80 62
80 61
80 60
80 59
80 59
80 58
80 57
81 56
81 55
81 54
81 53
81 53
81 52
81 51
82 50
82 49
82 48
82 47
82 47
82 46
82 45
83 44
83 43
83 42
83 41
83 41
83 40
84 39
84 38
84 37
84 37
85 36
85 36
85 37
85 37
85 38
86 39
86 40
86 40
86 41
86 42
86 43
86 44
86 45
86 45
86 46
86 47
86 48
86 49
86 50
86 51
86 52
86 53
86 53
86 54
86 55
85 56
85 57
85 58
85 59
85 59
85 60
85 61
85 62
85 63
85 64
85 64
85 65
85 66
85 67
85 67
85 68
85 68
85 67
85 67
86 66
86 66
86 65
86 64
86 63
86 62
86 62
86 61
86 60
87 59
87 58
87 57
87 57
87 56
87 55
87 54
88 53
88 52
88 51
88 50
88 49
88 48
88 47
88 46
89 45
89 44
89 43
89 42
89 41
89 40
89 39
89 38
90 37
90 36
90 35
90 34
90 33
90 32
90 31
90 30
91 29
91 28
91 27
91 26
91 25
91 24
91 23
91 22
92 21
92 20
92 19
92 18
92 17
92 16
92 15
92 14
93 13
93 12
93 11
93 10
93 10
94 9
94 8
95 7
95 7
95 7
95 8
95 9
95 10
95 11
95 11
95 12
95 13
95 14
95 15
95 16
95 17
95 18
95 19
95 19
95 20
95 21
95 22
95 23
95 24
94 25
94 26
94 27
94 28
94 29
94 30
94 31
94 31
94 32
94 33
94 34
94 35
94 36
93 37
93 38
93 39
93 40
93 41
93 42
93 43
93 43
93 44
93 45
93 46
93 47
93 48
92 49
92 50
92 51
92 52
92 53
92 54
92 55
92 55
92 56
92 57
92 58
92 59
92 60
92 61
91 62
91 63
91 64
91 65
91 66
91 67
91 68
91 69
91 69
91 70
91 71
91 72
91 73
91 74
91 75
91 76
91 77
91 78
91 79
91 80
91 80
91 81
91 82
91 83
91 84
91 85
91 86
91 87
91 88
91 89
91 90
91 91
91 91
91 92
91 93
91 94
91 95
91 96
91 97
91 97
91 98
92 99
92 100
92 100
93 100
93 100
93 99
94 98
94 97
94 96
94 96
94 95
95 94
95 93
96 92
96 91
96 91
96 90
96 89
96 88
97 87
97 86
97 85
97 84
97 84
97 83
97 82
98 81
98 80
98 79
98 78
98 78
98 77
98 76
98 75
98 74
98 73
97 72
97 71
97 70
97 69
97 68
97 67
97 66
97 65
97 64
97 63
96 62
96 61
96 60
96 59
96 58
96 57
96 56
96 55
96 54
96 53
95 52
95 51
95 50
95 49
95 48
95 47
95 46
95 45
95 44
95 43
94 42
94 41
94 40
94 39
94 38
94 37
94 36
94 35
94 34
94 33
94 32
93 31
93 30
93 29
93 28
93 27
93 26
93 25
93 24
93 23
93 22
92 21
92 20
92 19
92 18
92 17
92 16
92 15
92 14
92 13
92 12
91 11
91 10
91 9
91 8
91 7
91 6
91 6
90 5
90 4
89 3
89 3
89 2
89 1
89 0
89 0
89 1
89 2
89 2
90 3
91 4
91 4
92 5
93 6
94 7
94 7
95 7
96 8
97 8
97 8
98 8
99 9
100 9
