21 6
21 5
21 5
21 5
21 5
21 6
21 6
21 7
21 7
21 8
21 9
21 9
21 10
21 11
21 12
21 12
21 13
21 14
21 15
21 16
21 16
21 17
21 18
21 19
21 20
21 21
21 21
21 22
21 23
21 24
21 25
21 26
21 27
21 28
21 28
21 29
21 30
21 31
22 32
22 33
22 34
22 35
22 35
22 36
22 37
22 38
22 39
22 40
22 41
22 42
22 43
22 43
22 44
22 45
22 46
22 47
22 48
22 49
22 50
22 50
22 51
22 52
22 53
23 54
23 55
23 56
23 57
23 58
23 58
23 59
23 60
23 61
23 62
23 63
23 64
23 65
23 65
23 66
23 67
23 68
23 69
23 70
23 71
23 71
23 72
23 73
23 74
23 75
23 75
23 76
24 77
24 78
24 79
24 79
24 80
23 81
23 82
23 82
23 83
23 84
23 85
23 85
22 86
22 86
21 87
21 87
20 87
20 87
19 86
18 86
18 86
17 85
16 84
16 84
15 83
14 82
13 81
13 81
12 80
12 79
11 78
11 78
10 77
9 76
8 75
8 75
7 74
7 73
6 72
6 71
6 71
5 70
4 69
4 69
3 68
3 67
2 66
2 66
1 65
1 64
1 64
0 63
0 63
0 62
0 62
0 61
0 61
0 61
1 60
1 60
2 59
3 58
3 58
4 57
5 56
5 56
6 55
7 54
8 53
8 53
9 52
10 51
11 50
11 50
12 49
13 49
14 48
15 48
15 48
16 48
17 47
18 47
19 47
19 47
20 47
21 46
22 46
22 46
23 46
24 45
25 45
26 45
26 45
27 45
28 45
29 45
29 45
30 45
31 45
32 45
32 45
33 44
34 44
34 44
35 44
36 44
36 44
37 43
38 43
38 43
39 42
40 42
40 42
41 41
41 40
42 39
42 38
43 37
43 36
44 35
44 34
45 33
45 32
46 31
46 30
47 29
47 28
48 27
48 26
49 25
49 24
50 23
50 22
51 21
52 20
52 19
53 18
53 17
54 16
54 15
55 14
55 13
56 12
56 11
57 10
57 9
58 8
58 7
59 6
59 5
60 4
60 3
61 2
61 1
62 0
62 0
62 1
62 1
62 2
62 2
62 2
63 2
63 2
64 2
64 2
65 2
65 2
66 2
66 2
67 2
68 2
68 2
69 1
69 1
70 1
70 1
71 1
71 1
71 2
71 3
71 4
71 4
71 5
70 6
70 7
70 8
70 8
70 9
69 10
69 11
68 12
68 13
68 13
68 14
67 15
67 16
66 17
66 18
65 19
65 20
65 20
64 21
64 22
63 23
62 24
62 25
61 26
61 26
61 27
60 28
60 29
59 30
59 31
58 32
58 33
58 33
58 34
57 35
57 36
56 37
56 38
56 38
55 39
55 40
55 40
55 41
55 41
56 41
56 41
57 40
57 40
58 39
59 39
60 38
60 38
61 37
62 36
62 36
63 35
64 34
65 33
65 33
66 32
66 31
67 30
67 30
68 29
69 29
69 29
70 29
71 29
71 29
71 30
71 30
71 31
71 32
71 32
71 33
70 34
70 35
70 35
69 36
69 37
68 38
68 39
68 39
67 40
67 41
66 42
66 43
66 43
65 44
65 45
64 46
64 47
63 48
63 49
63 49
63 50
62 51
62 52
61 53
61 54
60 55
60 56
60 56
60 57
59 58
59 59
59 60
58 61
58 62
58 62
57 63
57 64
56 65
56 66
55 67
55 67
55 68
54 69
54 70
54 71
54 71
53 72
53 72
53 73
53 73
54 72
55 72
55 72
56 71
56 71
57 70
58 69
59 68
59 68
60 67
60 66
61 65
61 64
62 63
62 63
63 62
64 61
64 60
65 59
65 59
66 58
67 57
67 56
68 55
68 55
69 54
70 53
70 52
71 51
71 51
72 50
72 49
73 48
73 48
73 47
74 46
74 45
74 45
75 44
76 44
76 44
76 43
76 43
76 42
75 41
75 40
75 39
74 38
74 37
74 36
73 35
73 34
73 34
72 33
72 32
71 31
71 30
70 29
70 29
69 28
69 27
68 26
68 26
67 25
67 24
67 24
67 23
66 22
66 21
66 21
66 20
66 19
66 19
65 18
65 18
65 18
65 19
65 19
65 20
65 21
65 22
65 22
65 23
65 24
65 25
65 26
65 26
65 27
65 28
65 29
65 30
65 31
65 31
65 32
65 33
65 34
64 35
64 36
64 37
64 38
64 38
64 39
64 40
64 41
64 42
64 43
64 44
64 45
64 45
64 46
64 47
64 48
63 49
63 50
63 51
63 52
63 53
63 53
63 54
63 55
63 56
63 57
62 58
62 59
62 60
62 61
62 62
62 62
62 63
62 64
62 65
61 66
61 67
61 68
61 69
61 69
61 70
61 71
61 72
61 73
61 74
61 75
61 76
61 77
61 77
61 78
61 79
61 80
61 81
61 82
61 83
61 83
61 84
61 85
61 86
61 87
61 88
61 88
61 89
61 90
61 91
61 92
61 92
62 93
62 94
63 95
63 96
63 96
64 97
64 98
64 98
65 99
66 99
67 100
67 100
68 100
69 100
70 100
70 100
71 100
72 100
73 100
74 100
74 100
75 99
76 99
77 98
78 98
78 98
79 98
80 97
81 97
82 96
83 96
83 96
84 95
85 95
86 94
87 94
88 93
88 93
89 92
90 91
91 91
92 90
92 90
93 89
94 88
94 87
95 86
95 86
96 85
96 84
97 83
97 83
98 82
98 81
99 80
99 80
99 79
100 78
100 77
100 77
100 76
100 75
100 74
100 73
100 73
100 72
99 71
99 70
99 69
99 69
99 68
99 67
98 66
98 65
98 64
98 63
98 63
98 62
98 61
98 60
97 59
97 58
97 57
97 56
97 55
97 55
97 54
97 53
97 52
96 51
96 50
96 49
96 48
96 47
