18 23
18 22
18 21
18 20
18 19
18 19
17 18
17 17
17 17
17 16
17 16
17 16
17 17
17 18
17 18
17 19
17 20
17 21
17 21
17 22
17 23
17 24
17 25
17 26
17 27
17 27
17 28
17 29
17 30
18 31
18 32
18 33
18 34
18 34
18 35
18 36
18 37
18 38
18 39
18 40
18 41
18 42
18 42
18 43
18 44
18 45
18 46
18 47
18 48
18 49
18 50
18 50
18 51
18 52
18 53
18 54
19 55
19 56
19 57
19 58
19 59
19 59
19 60
19 61
19 62
19 63
18 64
18 65
18 66
18 67
18 68
18 68
18 69
18 70
18 71
18 72
18 73
18 74
18 75
18 75
18 76
18 77
17 78
17 79
17 80
17 81
17 81
17 82
16 83
16 84
16 85
16 85
15 86
15 87
15 87
14 87
14 87
13 86
12 86
12 86
11 85
10 84
10 84
9 83
9 82
8 81
8 80
8 80
7 79
7 78
6 77
6 76
5 75
5 75
5 74
4 73
4 72
3 71
3 70
3 70
3 69
2 68
2 67
2 66
1 65
1 64
1 64
1 63
0 62
0 61
0 61
0 60
0 59
0 59
0 58
0 58
0 58
1 57
2 57
2 57
3 57
4 56
5 56
5 56
6 56
7 55
8 55
8 55
9 55
10 55
11 54
12 54
13 54
13 54
14 54
15 53
16 53
17 52
18 52
18 52
19 51
20 51
21 50
22 50
22 50
23 50
24 49
25 49
26 49
26 49
27 49
28 49
29 49
30 49
30 49
31 49
32 49
33 49
34 49
34 49
35 48
35 47
36 46
36 45
37 44
37 43
38 42
38 41
39 40
39 39
40 38
40 37
41 36
41 35
42 34
42 33
43 32
43 31
44 30
44 29
45 28
45 27
46 26
46 25
47 24
47 23
48 22
48 21
49 20
49 19
50 18
50 17
51 16
51 15
52 14
52 13
53 12
53 11
54 10
54 9
55 8
55 7
56 6
56 5
57 4
57 3
58 2
58 1
58 1
59 2
59 2
59 1
59 1
60 1
60 1
61 2
61 2
62 3
63 3
63 3
64 4
65 4
65 4
66 4
67 5
68 5
68 5
69 6
70 6
70 6
71 6
72 7
73 7
73 7
74 8
74 9
74 9
74 10
74 11
74 12
74 12
73 13
73 14
72 15
72 16
72 16
72 17
71 18
71 19
70 20
70 21
70 21
69 22
69 23
68 24
68 25
67 26
67 26
66 27
65 28
64 29
63 30
63 30
62 31
61 32
61 33
60 34
60 34
59 35
59 36
58 37
58 37
57 38
57 39
57 39
57 39
57 39
58 39
58 39
59 38
60 38
60 38
61 37
62 37
62 37
63 36
64 36
64 36
65 36
66 36
66 36
67 37
67 37
67 38
67 38
67 39
67 40
67 41
67 41
66 42
66 43
65 44
65 45
65 45
65 46
64 47
64 48
63 49
63 50
63 50
62 51
62 52
61 53
61 54
60 55
60 56
60 56
59 57
59 58
58 59
58 60
57 61
57 62
57 62
56 63
56 64
55 65
55 66
54 67
54 68
54 68
53 69
53 70
52 71
52 72
51 73
51 74
51 74
50 75
50 76
49 77
49 78
49 78
49 79
48 80
48 81
48 81
49 82
49 82
50 82
51 82
51 82
52 81
53 81
54 80
54 80
55 79
56 78
57 78
58 77
58 77
59 76
60 75
61 74
62 73
62 73
63 72
64 71
65 70
66 69
67 68
67 68
68 67
69 66
69 65
70 64
71 63
71 63
72 62
73 61
74 60
75 59
75 59
76 58
77 57
78 56
78 56
78 55
79 54
79 53
79 53
79 52
80 51
80 50
80 50
80 49
80 48
80 47
80 47
79 46
79 45
78 44
78 43
78 43
77 42
77 41
76 40
76 40
75 39
74 38
74 37
73 36
73 36
72 35
72 34
71 33
71 32
71 32
70 31
70 30
69 29
69 28
68 27
68 27
68 26
67 25
67 24
66 23
66 22
66 22
66 21
65 20
65 19
65 19
64 18
64 18
64 18
64 19
64 20
64 20
64 21
64 22
64 23
64 24
64 25
64 25
64 26
64 27
64 28
64 29
64 30
64 31
64 32
64 33
64 33
64 34
64 35
64 36
64 37
64 38
63 39
63 40
63 41
63 42
63 43
63 44
63 44
63 45
63 46
63 47
63 48
63 49
63 50
63 51
63 52
63 53
63 54
63 54
63 55
63 56
63 57
63 58
62 59
62 60
62 61
62 62
62 63
62 64
62 64
62 65
62 66
62 67
62 68
62 69
62 70
62 71
62 72
62 73
62 73
62 74
62 75
62 76
61 77
61 78
61 79
61 80
61 81
61 81
61 82
61 83
61 84
61 85
61 86
61 87
61 88
61 88
61 89
61 90
62 91
62 92
62 93
62 93
62 94
63 95
63 96
63 97
63 97
64 98
64 99
65 100
65 100
66 100
67 100
67 100
68 100
69 99
70 99
71 98
72 98
72 98
73 97
74 97
75 96
76 96
77 95
77 95
78 94
79 93
80 92
81 92
82 91
83 90
83 90
84 89
85 88
86 87
87 86
88 85
89 84
89 84
90 83
90 82
91 81
91 80
92 79
92 78
93 77
93 77
94 76
94 75
95 74
96 73
96 72
97 71
97 71
97 70
98 69
98 68
99 67
99 66
99 66
99 65
99 64
100 63
100 62
100 61
100 61
100 60
99 59
99 58
99 57
99 57
99 56
99 55
98 54
98 53
98 52
98 52
98 51
98 50
97 49
97 48
97 47
97 47
97 46
97 45
96 44
96 43
96 42
96 41
