15 15
15 14
15 14
15 13
15 13
15 13
15 13
15 14
15 14
15 15
15 16
15 16
15 17
15 18
15 19
15 19
15 20
15 21
15 22
15 23
15 23
15 24
15 25
16 26
16 27
16 28
16 29
16 29
16 30
16 31
16 32
16 33
16 34
16 35
16 36
16 36
16 37
16 38
16 39
16 40
16 41
16 42
16 43
16 43
16 44
16 45
16 46
16 47
16 48
16 49
16 50
16 51
16 51
16 52
16 53
16 54
17 55
17 56
17 57
17 58
17 59
17 59
17 60
17 61
17 62
17 63
17 64
17 65
17 66
17 67
17 67
17 68
17 69
17 70
17 71
17 72
17 73
17 73
17 74
17 75
17 76
17 77
17 78
17 79
17 80
17 80
17 81
17 82
16 83
16 84
16 85
16 85
16 86
16 87
16 88
16 89
16 90
16 90
16 91
15 92
15 93
15 93
15 94
15 95
15 96
15 96
14 97
14 97
13 97
13 97
12 96
12 96
12 95
11 94
11 93
11 93
10 92
10 91
9 90
9 89
9 89
8 88
8 87
7 86
7 85
7 85
7 84
7 83
6 82
6 81
6 80
6 80
6 79
5 78
5 77
5 76
4 75
4 74
4 74
4 73
3 72
3 71
2 70
2 69
2 69
2 68
1 67
1 66
1 65
1 65
1 64
0 63
0 62
0 62
0 61
0 60
0 60
0 59
0 58
0 58
0 57
0 57
1 56
1 56
2 55
2 55
3 54
4 54
5 53
5 53
6 52
7 52
8 51
8 51
9 51
10 50
11 50
11 50
12 49
13 49
14 48
14 48
15 47
16 47
17 46
18 46
18 46
19 46
20 45
21 45
21 45
22 45
23 45
24 45
24 45
25 45
26 45
27 45
27 45
28 45
29 45
29 45
30 44
30 43
31 42
31 41
32 40
33 39
33 38
34 37
34 36
35 35
36 34
36 33
37 32
37 31
38 30
39 29
39 28
40 27
41 26
41 25
42 24
42 23
43 22
44 21
44 20
45 19
45 18
46 17
47 16
47 15
48 14
48 13
49 12
50 11
50 10
51 9
51 8
52 7
52 7
53 6
53 5
53 5
54 5
54 5
54 4
54 3
54 3
55 3
55 3
56 2
56 2
57 2
58 2
58 2
59 1
60 1
60 1
61 1
62 1
62 1
63 0
64 0
64 0
65 0
66 0
67 0
67 0
68 0
68 0
69 1
70 2
70 2
70 3
70 3
70 4
70 5
70 5
70 6
69 7
69 8
69 9
69 9
68 10
68 11
67 12
67 12
67 13
66 14
66 15
65 16
65 17
65 17
64 18
64 19
63 20
63 21
62 22
62 22
61 23
61 24
60 25
60 26
60 26
60 27
59 28
59 29
58 30
58 31
58 31
57 32
56 33
56 33
55 34
55 35
55 35
55 35
56 36
56 36
57 36
57 36
58 35
59 35
59 35
60 34
61 34
62 33
62 33
63 32
64 32
65 31
65 31
66 30
67 30
67 30
68 30
69 30
69 30
70 30
70 30
70 31
70 31
69 32
69 33
69 33
68 34
68 35
67 36
67 36
66 37
66 38
65 39
65 40
65 40
64 41
64 42
63 43
63 44
62 45
62 45
61 46
61 47
60 48
60 49
59 50
59 51
59 51
58 52
57 53
57 54
56 55
55 56
55 56
54 57
54 58
53 59
53 60
52 61
52 62
52 62
51 63
50 64
50 65
49 66
48 67
48 67
47 68
47 69
46 70
46 71
46 71
45 72
45 73
45 73
44 74
44 74
45 74
45 74
46 74
46 74
47 74
48 73
49 73
49 73
50 72
51 72
52 71
53 71
53 71
54 70
55 69
56 69
57 68
57 68
58 67
59 66
60 66
61 65
62 64
62 64
63 63
64 62
65 62
66 61
66 61
67 60
68 59
69 59
70 58
70 58
71 57
72 56
73 55
73 55
74 54
75 54
76 53
76 53
77 52
78 52
78 52
79 51
79 50
79 50
79 49
79 49
79 48
79 48
78 47
78 46
78 46
78 45
77 44
77 43
77 43
76 42
75 41
75 41
74 40
74 39
73 38
73 38
73 37
72 36
72 35
72 35
71 34
71 33
70 32
70 31
70 31
70 30
69 29
69 28
69 27
69 27
68 26
68 25
67 24
67 23
67 23
67 22
66 21
66 20
66 20
66 19
65 18
65 17
65 17
64 16
64 15
64 15
64 14
64 14
64 14
64 14
64 15
64 16
64 17
64 17
64 18
64 19
64 20
64 21
64 22
64 23
64 23
64 24
64 25
63 26
63 27
63 28
63 29
63 29
63 30
63 31
63 32
63 33
63 34
63 35
63 36
63 37
63 37
63 38
63 39
63 40
63 41
63 42
63 43
63 44
63 45
63 45
63 46
63 47
63 48
62 49
62 50
62 51
62 52
62 53
62 53
62 54
62 55
62 56
61 57
61 58
61 59
61 60
61 61
61 61
61 62
61 63
61 64
61 65
61 66
61 67
61 68
61 69
61 69
61 70
61 71
61 72
60 73
60 74
60 75
60 76
60 76
60 77
60 78
60 79
60 80
60 81
60 82
60 83
60 83
60 84
60 85
60 86
60 87
60 88
60 88
60 89
60 90
60 91
60 92
60 93
60 93
60 94
61 95
61 96
61 96
62 97
62 98
62 98
63 99
64 100
64 100
65 100
66 100
66 100
67 100
68 100
69 100
70 100
70 100
71 100
72 99
73 99
74 99
74 99
75 98
76 98
77 97
78 97
79 96
79 96
80 95
81 94
82 93
83 92
83 92
84 91
85 90
86 90
87 89
88 88
88 88
89 87
90 86
90 85
91 84
91 84
92 83
92 82
93 81
93 80
94 79
94 79
95 78
96 77
96 76
97 75
97 75
97 74
97 73
98 72
98 71
98 70
98 70
98 69
99 68
99 67
99 66
99 66
99 65
99 64
100 63
100 62
100 61
100 61
100 60
100 59
99 58
99 57
99 56
99 55
99 55
99 54
99 53
99 52
99 51
99 50
99 49
99 48
