14 17
14 16
14 15
14 14
14 13
14 13
14 13
14 13
15 14
15 15
15 15
15 16
15 17
15 18
15 19
15 20
15 20
15 21
15 22
15 23
16 24
16 25
16 26
16 27
16 27
16 28
16 29
16 30
16 31
16 32
16 33
16 34
16 35
16 36
16 36
16 37
16 38
16 39
16 40
16 41
16 42
16 43
16 44
16 45
16 46
16 46
16 47
16 48
16 49
16 50
16 51
16 52
16 53
16 54
16 55
16 56
16 57
16 57
16 58
16 59
16 60
16 61
17 62
17 63
17 64
17 65
17 66
17 66
17 67
17 68
17 69
17 70
17 71
17 72
17 73
17 73
17 74
17 75
16 76
16 77
16 78
16 78
16 79
16 80
16 81
16 82
16 82
15 83
15 84
15 84
14 85
13 85
13 85
12 84
12 84
11 83
10 82
10 82
9 81
8 80
8 79
7 78
7 78
7 77
6 76
6 75
5 74
5 73
5 73
5 72
4 71
4 70
4 69
3 68
3 67
3 67
3 66
2 65
2 64
2 63
1 62
1 61
1 61
1 60
0 59
0 58
0 57
0 57
0 56
0 55
0 55
0 55
1 55
1 55
2 55
3 55
3 55
4 55
5 54
6 54
6 54
7 54
8 53
9 53
10 52
11 52
11 52
12 51
13 51
14 50
15 50
16 49
16 49
17 49
18 48
19 48
20 47
21 47
21 47
22 47
23 46
24 46
25 45
26 45
26 45
27 45
28 45
29 44
30 44
31 44
31 44
32 44
33 45
34 45
35 45
35 45
36 44
36 43
37 42
37 41
38 40
39 39
39 38
40 37
40 36
41 35
42 34
42 33
43 32
43 31
44 30
45 29
45 28
46 27
46 26
47 25
48 24
48 23
49 22
49 21
50 20
51 19
51 18
52 17
52 16
53 15
53 15
53 14
54 13
54 12
54 11
54 10
55 9
55 8
55 8
55 7
55 6
55 6
55 5
56 4
56 3
56 3
57 2
57 1
57 1
58 0
58 0
59 1
59 1
60 2
61 2
61 2
61 3
61 4
61 5
61 5
61 6
62 7
62 8
62 8
62 9
62 10
62 11
62 11
62 12
62 13
61 14
61 15
61 16
61 16
61 17
60 18
60 19
60 20
60 20
59 21
59 22
58 23
58 24
58 24
57 25
57 26
56 27
56 27
55 28
54 29
54 29
53 30
52 31
52 31
52 31
52 31
53 30
53 29
53 29
54 28
55 27
55 27
56 26
57 25
57 25
58 25
59 24
60 24
60 24
61 23
62 23
62 23
63 24
64 24
64 24
65 25
65 25
65 26
65 27
65 27
65 28
64 29
64 30
64 30
64 31
64 32
63 33
63 34
63 35
63 35
62 36
62 37
61 38
61 39
60 40
60 41
60 41
59 42
59 43
58 44
58 45
57 46
57 47
56 48
56 48
55 49
55 50
54 51
54 52
53 53
53 54
53 54
52 55
52 56
51 57
51 58
50 59
50 60
50 60
49 61
49 62
48 63
48 64
48 64
48 65
48 66
48 67
48 67
48 68
48 68
49 68
50 68
50 68
51 68
52 68
53 68
53 68
54 67
55 67
56 66
56 66
57 65
58 65
59 64
60 64
61 63
61 63
62 62
63 61
64 61
65 60
65 60
66 59
67 58
68 58
69 57
69 57
70 56
71 56
72 55
72 55
73 54
73 53
74 52
74 52
75 51
75 50
76 49
76 49
76 48
76 47
76 46
76 46
76 45
76 44
76 43
76 42
76 42
76 41
75 40
75 39
75 39
74 38
74 37
73 36
73 35
73 35
73 34
72 33
72 32
71 31
71 30
71 30
71 29
71 28
70 27
70 26
70 25
70 25
69 24
69 23
68 22
68 21
68 21
68 20
67 19
67 18
67 18
67 17
67 17
66 17
66 17
66 18
66 19
66 19
66 20
66 21
65 22
65 23
65 24
65 25
65 25
65 26
65 27
65 28
65 29
65 30
65 31
65 32
65 33
65 33
65 34
65 35
65 36
65 37
64 38
64 39
64 40
64 41
64 42
64 43
64 43
64 44
64 45
64 46
64 47
64 48
63 49
63 50
63 51
63 52
63 53
63 54
63 55
63 55
63 56
63 57
63 58
63 59
63 60
63 61
63 62
63 63
63 64
63 65
63 66
63 67
63 68
63 68
63 69
63 70
63 71
63 72
63 73
63 74
63 75
63 76
63 77
63 78
63 79
63 79
63 80
63 81
63 82
63 83
63 84
63 85
63 86
63 87
63 87
63 88
63 89
63 90
63 91
63 92
63 93
63 93
63 94
64 95
64 96
64 97
64 97
65 98
66 99
66 99
67 99
68 100
69 100
69 100
70 100
71 99
72 99
72 99
73 98
74 97
75 97
76 96
76 96
77 95
78 94
79 93
80 92
81 91
81 91
82 90
83 89
84 88
84 87
85 86
86 85
86 85
87 84
87 83
88 82
89 81
89 80
90 79
90 79
91 78
91 77
92 76
92 75
93 74
93 73
94 72
94 72
94 71
95 70
95 69
96 68
96 67
96 67
96 66
97 65
97 64
98 63
98 62
98 62
98 61
98 60
99 59
99 58
99 57
99 57
99 56
99 55
100 54
100 53
100 52
100 51
100 51
100 50
100 49
100 48
99 47
99 46
99 45
99 44
99 43
