15 4
15 3
15 2
15 1
15 1
15 1
15 2
15 2
15 3
15 4
15 5
15 6
15 7
15 7
15 8
15 9
15 10
15 11
15 12
15 13
15 14
15 15
15 15
15 16
15 17
15 18
15 19
15 20
15 21
15 22
15 23
15 24
15 25
15 25
15 26
15 27
15 28
15 29
15 30
15 31
15 32
15 33
15 34
15 35
15 36
15 37
15 37
15 38
15 39
15 40
15 41
15 42
15 43
14 44
14 45
14 46
14 47
14 48
14 49
14 50
14 50
14 51
14 52
14 53
14 54
14 55
14 56
14 57
14 58
14 59
14 60
14 61
14 62
14 62
14 63
14 64
14 65
14 66
14 67
14 68
14 69
14 70
14 71
14 71
14 72
14 73
14 74
14 75
14 76
14 77
14 78
14 79
14 79
14 80
14 81
14 82
14 83
14 84
14 85
14 85
14 86
14 87
14 88
14 89
14 89
13 90
13 91
13 91
12 91
12 91
11 90
11 90
10 89
9 88
9 88
8 87
8 86
7 85
7 84
7 84
6 83
6 82
5 81
5 81
5 80
4 79
4 78
3 77
3 76
3 76
2 75
2 74
1 73
1 72
1 72
1 71
0 70
0 69
0 69
0 68
0 67
0 67
0 66
0 66
0 65
0 64
0 64
1 63
2 62
2 62
3 61
3 60
4 59
4 59
5 58
6 57
7 57
8 56
8 56
9 55
10 54
11 54
12 53
12 53
13 52
14 51
15 50
16 49
16 49
17 48
18 47
19 47
20 46
20 46
21 46
22 45
23 45
24 45
24 45
25 45
26 44
27 44
28 44
28 44
29 44
30 43
31 43
31 43
32 42
32 41
33 40
33 39
34 38
34 37
35 36
35 35
36 34
36 33
37 32
37 31
38 30
38 29
39 28
39 27
40 26
40 25
41 24
41 23
42 22
42 21
43 20
43 19
44 18
44 17
45 16
45 15
46 14
46 13
47 12
47 11
48 10
48 9
49 8
49 7
49 7
50 7
51 6
52 6
52 6
53 5
53 5
54 4
54 4
55 5
55 6
55 6
56 7
57 7
57 7
58 8
59 8
59 8
60 9
61 9
61 9
62 10
63 10
63 10
64 11
64 12
64 12
65 13
65 14
65 14
65 15
65 16
64 17
64 18
64 19
64 19
64 20
63 21
63 22
62 23
62 24
62 24
62 25
61 26
61 27
61 28
60 29
60 30
60 30
60 31
59 32
59 33
58 34
58 35
57 36
57 37
57 37
56 38
56 39
55 40
55 41
54 42
54 42
54 43
53 44
53 45
53 45
52 46
51 47
51 47
51 48
51 48
52 47
52 47
53 46
53 46
54 45
55 44
56 43
56 43
57 42
58 41
59 40
59 40
60 39
61 39
62 38
62 38
63 37
64 37
64 37
65 37
66 37
66 37
66 38
66 38
66 39
66 40
66 41
66 42
66 42
66 43
66 44
65 45
65 46
65 47
65 47
65 48
64 49
64 50
64 51
64 52
63 53
63 54
63 55
63 55
63 56
62 57
62 58
61 59
61 60
60 61
60 62
60 62
60 63
59 64
59 65
58 66
58 67
57 68
57 69
57 69
57 70
56 71
56 72
55 73
55 74
54 75
54 76
54 76
53 77
53 78
52 79
52 80
51 81
51 82
51 82
51 83
51 84
50 85
50 86
50 87
50 87
50 88
49 89
49 90
49 90
50 90
50 90
51 89
52 89
52 89
53 88
54 87
54 86
55 85
55 85
56 84
56 83
57 82
57 81
58 80
58 80
59 79
59 78
60 77
61 76
61 75
62 74
62 74
63 73
63 72
64 71
65 70
65 69
66 68
66 68
67 67
67 66
68 65
68 64
69 63
69 63
70 62
70 61
71 60
71 59
72 58
72 58
73 57
73 56
74 55
74 54
74 54
75 53
75 52
76 51
76 51
76 50
76 49
76 48
76 47
76 47
76 46
76 45
76 44
76 44
76 43
75 42
75 41
75 41
74 40
74 39
73 38
73 38
72 37
72 36
71 35
71 35
70 34
69 33
69 32
68 31
68 31
67 30
67 29
66 28
66 27
66 27
65 26
65 25
65 25
64 24
64 23
64 23
63 23
63 23
63 24
63 25
63 25
63 26
63 27
63 27
63 28
63 29
63 30
63 31
63 32
63 33
63 33
63 34
63 35
63 36
63 37
63 38
63 39
63 40
63 40
63 41
63 42
63 43
63 44
63 45
63 46
63 47
63 48
63 48
63 49
63 50
63 51
63 52
63 53
63 54
63 55
63 56
63 57
63 57
63 58
63 59
63 60
62 61
62 62
62 63
62 64
62 65
62 65
62 66
62 67
62 68
62 69
62 70
62 71
62 72
62 73
62 73
62 74
62 75
62 76
62 77
62 78
62 79
62 80
62 80
62 81
62 82
62 83
62 84
62 85
62 86
62 86
62 87
62 88
62 89
62 90
62 91
62 92
62 92
62 93
63 94
63 95
63 95
63 96
64 97
64 98
64 98
65 99
66 100
66 100
67 100
68 100
68 100
69 100
70 99
71 99
72 99
72 99
73 98
74 98
75 97
76 97
76 97
77 96
78 95
79 95
80 94
80 94
81 93
82 92
83 91
84 90
85 89
85 89
86 88
86 87
87 86
88 85
88 84
89 83
89 83
90 82
91 81
92 80
93 79
93 79
94 78
95 77
96 76
96 76
97 75
97 74
98 73
98 73
99 72
99 71
99 71
100 70
100 69
100 69
100 68
99 67
99 66
99 66
99 65
98 64
98 63
98 63
98 62
98 61
98 60
98 59
98 58
98 58
98 57
98 56
98 55
97 54
97 53
97 52
97 51
