16 11
16 11
16 11
16 10
16 10
16 11
16 12
16 12
16 13
16 14
16 15
16 16
16 16
16 17
16 18
16 19
16 20
16 21
16 22
16 23
16 23
16 24
16 25
16 26
16 27
16 28
16 29
16 30
16 31
16 32
16 33
16 34
16 35
16 36
16 37
16 37
16 38
16 39
16 40
16 41
16 42
16 43
17 44
17 45
17 46
17 47
17 48
17 49
17 50
17 51
17 51
17 52
17 53
17 54
17 55
17 56
17 57
17 58
17 59
17 60
17 61
17 62
17 63
17 63
17 64
17 65
17 66
17 67
17 68
17 69
17 70
17 71
17 72
17 73
17 74
17 75
17 75
17 76
17 77
17 78
17 79
17 80
17 81
17 82
17 83
17 84
17 85
17 85
17 86
17 87
17 88
17 89
17 90
17 91
17 91
17 92
17 93
17 94
17 94
17 95
17 95
16 96
16 96
15 95
15 95
14 94
13 93
13 93
13 92
12 91
12 90
12 90
11 89
10 88
10 87
9 86
9 86
8 85
8 84
7 83
7 82
6 81
6 80
6 80
5 79
5 78
4 77
4 76
3 75
3 75
2 74
2 73
1 72
1 71
1 71
0 70
0 69
0 69
0 68
0 68
0 68
1 68
1 68
2 67
3 66
3 66
4 65
5 64
6 63
6 63
7 62
8 61
9 61
10 60
10 60
11 59
12 58
13 58
14 57
15 56
15 56
16 55
17 55
18 54
19 54
20 53
20 53
21 52
22 52
23 51
24 50
25 50
26 49
26 49
27 48
28 48
29 47
30 47
31 46
31 46
32 45
33 45
34 44
35 44
35 44
36 43
36 42
37 41
37 40
38 39
38 38
39 37
39 36
40 35
40 34
41 33
41 32
42 31
42 30
43 29
43 28
44 27
44 26
45 25
45 24
46 23
46 22
47 21
47 20
48 19
48 18
49 17
49 16
50 15
50 14
51 13
51 12
52 11
52 10
53 9
53 8
54 7
54 6
55 5
55 4
55 4
56 3
56 3
57 2
57 1
57 1
57 0
57 0
58 1
58 1
59 2
60 2
60 2
61 3
61 3
62 4
63 4
63 4
64 5
65 5
65 5
66 6
66 7
66 7
66 8
66 9
66 10
66 10
66 11
66 12
66 13
66 14
66 14
66 15
65 16
65 17
64 18
64 19
64 19
63 20
63 21
62 22
62 23
61 24
61 24
61 25
60 26
60 27
59 28
59 29
58 30
58 31
58 31
58 32
57 33
57 34
56 35
56 36
56 36
55 37
55 38
54 39
54 40
54 40
53 41
52 42
52 42
52 43
52 43
52 43
53 43
53 43
54 42
55 42
55 42
56 41
57 41
58 40
58 40
59 39
60 39
60 39
61 38
62 38
62 38
63 39
63 39
63 40
63 40
63 41
63 42
63 43
63 44
63 44
63 45
63 46
62 47
62 48
62 49
62 49
62 50
61 51
61 52
61 53
61 54
60 55
60 56
60 56
59 57
59 58
58 59
58 60
57 61
57 62
57 62
57 63
56 64
56 65
55 66
55 67
54 68
54 69
54 69
54 70
53 71
53 72
53 73
53 74
52 75
52 76
52 76
51 77
51 78
50 79
50 80
49 81
49 81
49 82
48 83
48 84
48 85
48 85
48 86
48 87
48 87
49 87
49 87
50 86
51 86
51 86
52 85
53 84
54 83
54 83
55 82
55 81
56 80
56 79
57 78
57 78
58 77
59 76
59 75
60 74
61 73
61 73
62 72
63 71
63 70
64 69
65 68
65 68
66 67
66 66
67 65
67 64
68 63
68 63
69 62
69 61
70 60
70 59
70 59
71 58
71 57
72 56
72 56
72 55
73 54
73 53
73 53
73 52
72 51
72 50
72 50
72 49
72 48
72 47
72 46
72 46
71 45
71 44
70 43
70 42
70 42
70 41
69 40
69 39
68 38
68 37
68 37
68 36
67 35
67 34
66 33
66 32
66 32
66 31
65 30
65 29
65 28
64 27
64 26
64 26
64 25
63 24
63 23
63 22
63 22
62 21
62 20
62 20
61 19
61 19
61 20
61 20
61 21
61 22
61 23
61 24
61 24
61 25
61 26
61 27
61 28
61 29
61 30
61 30
61 31
61 32
61 33
60 34
60 35
60 36
60 37
60 38
60 38
60 39
60 40
60 41
60 42
60 43
60 44
60 45
60 46
60 47
60 48
60 49
60 49
60 50
60 51
60 52
60 53
60 54
60 55
60 56
60 57
60 58
60 59
60 60
60 60
60 61
60 62
60 63
60 64
60 65
60 66
60 67
60 68
60 69
60 70
60 71
60 71
60 72
60 73
60 74
60 75
60 76
60 77
60 78
60 79
60 79
60 80
60 81
60 82
60 83
60 84
60 85
60 85
60 86
60 87
61 88
61 89
61 90
61 91
61 91
61 92
61 93
61 94
61 95
61 95
62 96
62 97
63 98
63 99
63 99
64 100
65 100
65 100
66 100
67 100
68 100
68 100
69 100
70 99
71 99
71 99
72 98
73 97
74 97
75 96
76 95
76 95
77 94
77 93
78 92
79 91
80 90
80 89
81 88
81 88
82 87
82 86
83 85
84 84
85 83
85 82
86 81
86 81
87 80
87 79
88 78
88 77
89 76
89 75
90 74
90 73
90 73
91 72
91 71
92 70
93 69
93 68
94 67
94 67
95 66
95 65
96 64
96 63
97 62
97 62
97 61
98 60
98 59
99 58
99 57
99 57
99 56
100 55
100 54
100 53
100 53
100 52
100 51
100 50
100 49
100 48
100 48
100 47
100 46
100 45
99 44
99 43
99 42
99 41
99 40
