15 11
15 10
15 9
15 8
16 7
16 6
16 5
16 4
16 4
16 3
15 2
15 1
15 1
15 0
15 0
15 1
15 1
15 2
15 2
15 3
15 4
15 4
15 5
15 6
15 7
15 7
15 8
16 9
16 10
16 11
16 11
16 12
16 13
16 14
16 15
16 16
16 16
16 17
16 18
16 19
16 20
16 21
16 22
16 22
16 23
16 24
16 25
17 26
17 27
17 28
17 29
17 30
17 30
17 31
17 32
17 33
17 34
17 35
17 36
17 37
17 38
17 38
17 39
17 40
17 41
17 42
18 43
18 44
18 45
18 46
18 47
18 47
18 48
18 49
18 50
18 51
18 52
18 53
18 54
18 55
18 56
18 57
18 57
18 58
18 59
18 60
18 61
18 62
19 63
19 64
19 65
19 66
19 67
19 68
19 68
19 69
19 70
19 71
19 72
19 73
19 74
19 75
19 76
19 76
19 77
19 78
19 79
20 80
20 81
20 82
20 83
20 83
20 84
20 85
20 86
20 87
20 88
20 89
20 90
20 90
20 91
21 92
21 93
21 94
21 94
21 95
21 96
21 97
21 97
21 98
21 99
21 100
21 100
21 100
20 100
20 100
19 99
19 99
18 98
18 97
18 97
17 96
16 95
16 95
15 94
14 93
14 93
13 92
12 92
12 92
11 91
10 90
10 90
9 89
8 88
8 88
7 87
7 86
6 85
6 85
5 84
5 83
4 82
4 82
4 81
3 80
3 79
3 79
2 78
1 77
1 77
0 76
0 75
0 75
0 74
0 73
0 73
0 72
0 72
0 71
0 71
0 70
1 69
1 68
1 68
1 67
2 66
2 65
2 64
2 64
3 63
4 62
4 61
5 60
5 60
6 59
7 58
8 57
9 56
9 56
10 55
11 54
12 54
13 53
13 53
14 52
15 51
16 51
17 50
17 50
18 49
19 49
20 48
21 48
21 48
22 47
23 47
24 46
25 46
25 46
26 46
27 45
28 45
28 45
29 44
30 44
30 44
31 43
32 43
32 43
33 42
33 42
34 41
34 40
34 40
34 39
34 39
35 38
35 37
36 36
36 35
37 34
37 33
38 32
38 31
39 30
40 29
40 28
41 27
41 26
42 25
42 24
43 23
44 22
44 21
45 20
45 19
46 18
46 17
47 16
47 15
48 14
48 14
47 13
47 12
47 12
47 11
47 11
47 10
47 10
47 9
47 9
47 9
48 8
48 8
49 8
49 8
50 7
51 7
51 7
52 6
53 6
53 6
54 6
55 6
56 6
56 6
57 6
58 5
59 5
59 5
60 5
61 4
62 4
62 4
63 4
64 4
64 4
65 3
66 3
66 3
67 3
68 3
68 3
68 3
68 4
68 4
67 5
67 6
67 6
66 7
66 8
65 9
65 9
64 10
64 11
63 12
63 13
62 14
62 14
61 15
61 16
60 17
60 18
59 19
59 19
58 20
57 21
57 22
56 23
55 24
55 24
54 25
54 26
53 27
53 28
52 29
52 29
52 30
51 31
51 32
51 32
50 33
50 34
50 34
50 34
50 35
50 35
51 35
51 35
52 34
52 34
53 34
54 33
55 33
55 33
56 32
57 31
57 31
58 30
59 29
59 29
60 28
61 28
62 27
62 27
63 26
64 26
64 26
65 25
65 25
66 25
66 25
67 25
67 25
66 26
66 27
66 27
65 28
65 29
65 29
64 30
64 31
63 32
63 33
63 33
62 34
62 35
61 36
61 37
60 38
60 38
59 39
59 40
58 41
57 42
57 43
56 44
56 44
55 45
55 46
54 47
53 48
53 49
52 50
52 50
51 51
51 52
50 53
50 54
49 55
49 56
48 57
48 57
47 58
47 59
46 60
46 61
45 62
45 62
44 63
44 64
43 65
43 66
42 67
42 67
41 68
41 69
40 70
40 71
40 71
39 72
39 73
38 74
38 74
38 75
38 75
38 76
38 76
39 75
39 75
40 74
41 74
41 74
42 73
43 72
44 71
44 71
45 70
46 69
47 69
48 68
48 68
49 67
50 66
50 65
51 64
52 63
52 63
53 62
54 61
55 61
56 60
57 59
57 59
58 58
59 57
60 57
61 56
62 55
62 55
63 54
64 53
65 53
66 52
67 51
67 51
68 50
69 49
70 48
70 48
71 47
72 46
73 45
73 45
74 44
75 43
76 42
76 42
77 41
77 40
78 39
78 39
79 38
79 37
79 37
79 36
79 36
78 35
78 35
77 34
76 34
76 34
75 33
74 33
74 33
73 32
73 31
72 30
71 29
71 28
70 27
70 26
69 25
69 25
68 24
68 23
67 22
67 21
66 20
66 20
66 19
66 18
66 18
65 17
65 16
65 16
65 15
65 15
65 14
65 14
65 13
65 13
65 12
65 12
65 12
65 13
65 14
65 14
65 15
65 16
65 16
65 17
65 18
65 19
65 19
65 20
65 21
65 22
65 23
65 23
65 24
65 25
64 26
64 27
64 28
64 29
64 29
64 30
64 31
64 32
64 33
64 34
64 35
64 35
64 36
64 37
63 38
63 39
63 40
63 41
63 41
63 42
63 43
63 44
63 45
63 46
63 47
63 47
63 48
63 49
63 50
63 51
63 52
63 53
63 54
63 54
63 55
63 56
63 57
63 58
63 59
63 60
63 60
63 61
63 62
63 63
63 64
63 65
63 65
63 66
63 67
63 68
63 69
63 70
63 70
63 71
64 72
64 73
64 73
64 74
65 75
65 76
65 76
66 77
67 78
67 78
68 79
69 80
69 80
70 80
71 80
72 80
72 80
73 80
74 80
75 80
75 80
76 80
77 79
78 79
78 79
79 78
80 78
81 77
82 77
82 77
83 76
84 75
85 74
85 74
86 73
87 72
88 71
89 70
89 70
90 69
90 68
91 67
91 66
92 65
92 64
92 64
93 63
93 62
94 61
94 60
95 59
95 58
96 57
96 57
96 56
97 55
97 54
97 53
97 52
98 51
98 50
98 50
98 49
99 48
99 47
99 46
99 45
100 44
100 43
100 42
