18 6
18 5
18 4
18 3
18 3
18 2
18 2
18 2
18 2
18 2
18 3
18 3
18 4
18 5
18 6
18 6
18 7
19 8
19 9
19 10
19 10
19 11
19 12
20 13
20 14
20 15
20 16
20 16
20 17
20 18
20 19
20 20
20 21
20 22
20 23
20 23
20 24
20 25
20 26
21 27
21 28
21 29
21 30
21 31
21 31
21 32
21 33
21 34
22 35
22 36
22 37
22 38
22 39
22 39
22 40
22 41
22 42
22 43
22 44
22 45
22 46
22 47
22 48
22 48
22 49
22 50
22 51
22 52
23 53
23 54
23 55
23 56
23 57
23 57
23 58
23 59
23 60
23 61
23 62
23 63
23 64
23 65
23 66
23 66
23 67
23 68
23 69
23 70
23 71
23 72
23 73
23 74
23 75
23 75
23 76
23 77
23 78
24 79
24 80
24 81
24 82
24 82
24 83
24 84
24 85
24 86
24 87
24 88
24 88
24 89
24 90
25 91
25 92
25 93
25 93
25 94
25 95
25 96
25 97
25 97
25 98
25 99
25 99
25 100
25 100
25 100
24 100
24 100
23 99
23 98
23 98
22 97
21 96
21 96
20 95
20 94
19 93
19 93
19 92
18 91
18 90
18 90
17 89
16 89
15 88
15 88
14 87
13 86
13 86
12 86
11 85
10 85
10 85
9 84
8 83
8 83
7 82
6 81
6 81
5 80
4 79
4 79
3 78
2 78
2 78
1 77
1 76
1 76
0 75
0 74
0 74
0 73
0 73
0 72
0 72
0 71
0 70
0 69
0 69
1 68
2 67
2 67
3 66
3 65
4 64
4 63
4 63
5 62
6 61
7 60
8 59
8 59
9 58
10 57
11 56
12 55
12 55
13 54
14 54
15 53
15 53
16 52
17 52
18 51
19 51
19 51
20 51
21 50
22 50
23 50
23 50
24 49
25 49
26 48
27 48
27 48
28 48
29 47
30 47
30 47
31 47
32 46
33 46
33 46
34 45
35 44
35 44
36 43
37 43
37 43
38 42
38 42
38 41
38 40
39 39
39 38
39 37
39 36
40 35
40 34
40 33
40 32
41 31
41 30
41 29
41 28
41 27
42 26
42 25
42 24
42 23
43 22
43 21
43 20
43 19
44 18
44 17
44 16
44 15
44 14
45 13
45 12
45 11
45 10
46 9
46 8
46 7
46 6
47 5
47 4
47 3
47 3
46 3
45 3
45 3
44 3
44 3
44 2
44 2
44 2
44 2
45 2
45 2
46 2
47 2
47 2
48 2
49 2
49 2
50 2
51 1
52 1
52 1
53 1
54 1
55 1
55 1
56 1
57 1
58 1
58 1
59 0
60 0
60 0
61 0
62 0
62 0
63 0
63 0
64 1
64 1
64 2
64 2
63 3
63 4
63 4
63 5
62 6
62 7
62 7
61 8
61 9
60 10
60 11
60 11
59 12
59 13
58 14
58 15
57 16
57 16
56 17
56 18
55 19
55 20
55 20
54 21
53 22
53 23
52 24
52 24
51 25
51 26
51 26
51 27
51 28
51 28
50 29
50 29
51 30
51 30
51 30
52 31
52 31
53 30
53 30
54 29
55 29
55 29
56 28
56 27
57 26
57 26
58 25
59 25
59 25
60 24
61 24
61 24
62 23
63 23
63 23
64 23
64 23
64 24
64 24
64 25
64 25
63 26
63 27
62 28
62 28
61 29
61 30
60 31
60 32
60 32
59 33
58 34
58 35
57 36
57 36
56 37
55 38
55 39
54 40
53 41
53 41
52 42
52 43
51 44
51 45
50 46
50 46
49 47
48 48
48 49
47 50
46 51
46 51
45 52
44 53
44 54
43 55
43 55
42 56
41 57
41 57
40 58
40 59
40 59
39 59
39 59
40 59
40 59
41 58
41 58
42 57
43 57
44 56
44 56
45 55
46 54
47 54
48 53
48 53
49 52
50 51
51 50
52 49
52 49
53 48
54 47
55 46
56 45
56 45
57 44
58 44
59 43
60 43
61 42
61 42
62 41
63 40
64 39
65 38
65 38
66 37
67 36
68 35
68 35
69 34
69 33
70 32
70 32
71 31
71 30
72 29
72 29
73 28
74 27
74 27
74 26
74 26
74 25
74 25
73 24
73 24
72 23
71 23
71 23
70 22
70 22
69 21
68 21
68 21
67 20
67 19
67 19
66 18
66 17
66 17
65 16
65 15
65 15
65 14
64 13
64 12
64 12
63 11
63 10
63 10
63 9
63 8
63 8
63 7
63 7
63 6
63 6
63 6
63 7
63 7
63 8
63 9
63 9
63 10
63 11
63 12
63 13
63 14
63 14
63 15
62 16
62 17
62 18
62 18
62 19
62 20
62 21
62 22
62 23
62 24
62 24
62 25
62 26
62 27
62 28
62 29
62 30
62 30
62 31
62 32
62 33
62 34
62 35
62 36
62 36
62 37
62 38
61 39
61 40
61 41
61 42
61 42
61 43
61 44
61 45
61 46
61 47
61 48
61 49
61 49
61 50
61 51
62 52
62 53
62 54
62 55
62 55
62 56
62 57
62 58
62 59
62 60
62 61
62 62
62 62
62 63
62 64
63 65
63 66
63 67
63 67
63 68
63 69
64 70
64 71
64 72
64 72
65 73
65 74
66 75
66 75
67 76
68 76
69 77
69 77
70 77
71 77
72 77
72 77
73 77
74 76
75 76
76 76
76 76
77 75
78 75
79 74
80 74
81 73
81 73
82 72
83 71
84 70
85 69
85 69
86 68
87 67
88 66
89 65
89 65
90 64
91 63
91 62
92 61
93 60
93 60
94 59
94 58
95 57
95 56
96 55
96 54
96 54
97 53
97 52
98 51
98 50
98 50
98 49
98 48
99 47
99 46
99 45
99 44
99 44
99 43
99 42
99 41
100 40
100 39
100 38
100 37
