12 5
13 6
13 6
13 5
13 4
13 4
14 5
14 5
14 6
14 7
14 7
15 8
15 9
15 9
15 10
15 11
15 12
15 12
15 13
15 14
16 15
16 16
16 17
16 17
16 18
16 19
16 20
16 21
16 22
16 22
16 23
16 24
17 25
17 26
17 27
17 28
17 28
17 29
17 30
17 31
18 32
18 33
18 34
18 35
18 35
18 36
18 37
18 38
18 39
18 40
18 41
18 42
18 43
18 43
18 44
18 45
18 46
18 47
19 48
19 49
19 50
19 51
19 52
19 53
19 53
19 54
19 55
19 56
19 57
19 58
19 59
19 60
19 61
19 62
19 62
19 63
19 64
19 65
20 66
20 67
20 68
20 69
20 70
20 70
20 71
20 72
20 73
20 74
20 75
20 76
20 76
20 77
20 78
20 79
20 80
20 81
20 82
20 82
20 83
20 84
20 85
20 86
20 87
20 88
20 88
20 89
20 90
20 91
20 92
20 92
20 93
20 94
20 95
20 95
20 96
19 97
19 98
19 98
19 99
19 99
18 100
18 100
17 100
16 100
16 100
15 100
14 100
14 100
13 99
13 99
12 98
11 98
11 98
10 97
9 96
8 95
8 95
7 94
6 93
6 93
5 92
5 91
4 90
4 89
4 89
4 88
3 87
3 86
3 86
3 85
2 84
2 83
2 83
1 82
1 81
1 81
0 80
0 79
0 79
0 78
0 77
0 77
0 76
0 76
0 75
0 74
0 74
1 73
2 72
2 72
3 71
3 70
4 69
4 69
5 68
6 68
7 67
7 67
8 66
9 66
10 65
11 65
11 65
12 64
13 64
14 63
15 63
15 63
16 63
17 62
18 62
19 62
19 62
20 61
21 61
22 60
22 60
23 60
24 59
25 59
26 59
26 59
27 59
28 58
29 58
29 58
30 57
31 56
31 56
32 55
33 55
33 55
34 54
34 54
35 53
35 52
35 52
35 51
35 51
35 50
36 49
36 48
36 47
36 46
37 45
37 44
37 43
38 42
38 41
38 40
38 39
39 38
39 37
39 36
40 35
40 34
40 33
40 32
41 31
41 30
41 29
42 28
42 27
42 26
42 25
43 24
43 23
43 22
44 21
44 20
44 19
44 18
45 17
45 16
45 16
46 15
46 14
46 14
46 13
46 13
47 12
47 12
47 12
47 11
47 11
48 10
48 10
49 9
50 9
50 9
51 8
52 8
52 8
53 7
54 6
54 6
55 5
56 5
56 5
57 5
58 4
59 4
59 4
60 3
61 3
61 3
62 3
63 2
64 2
64 2
65 1
66 1
66 1
67 0
67 0
68 0
68 0
68 1
68 1
68 2
68 2
67 3
67 4
67 4
67 5
66 6
66 7
66 8
66 8
65 9
64 10
64 11
63 12
63 12
62 13
62 14
61 15
61 16
60 17
60 17
59 18
59 19
58 20
58 21
57 22
57 22
57 23
56 24
56 25
55 26
55 27
55 27
54 28
54 29
53 30
53 30
53 31
52 32
52 33
52 34
52 34
51 35
51 36
51 36
50 37
50 38
50 38
51 38
51 38
51 39
51 39
52 38
53 38
53 38
54 37
55 37
55 37
56 36
57 35
57 35
58 34
59 33
59 33
60 32
61 31
61 31
62 30
63 30
63 30
64 29
65 29
65 29
66 29
66 29
66 29
65 30
65 30
65 31
64 32
64 33
64 33
63 34
62 35
61 36
61 36
60 37
60 38
59 39
59 40
58 41
58 41
57 42
57 43
56 44
56 45
55 46
55 47
55 47
54 48
54 49
53 50
52 51
52 52
51 53
51 53
51 54
50 55
50 56
49 57
49 58
48 59
48 60
48 60
47 61
47 62
46 63
45 64
45 65
44 66
44 66
43 67
43 68
42 69
42 69
42 70
42 70
42 71
42 71
43 70
43 70
44 70
45 70
45 70
46 69
46 68
47 67
47 67
48 66
49 65
50 64
51 63
51 63
52 62
53 61
54 60
55 59
55 59
56 58
56 57
57 56
57 55
58 54
58 54
59 53
60 52
61 51
62 50
62 50
63 49
64 48
65 48
66 47
67 46
67 46
68 45
69 44
70 43
70 43
71 42
72 41
72 40
73 39
73 39
74 38
74 37
75 36
75 36
76 35
77 34
78 33
78 33
79 32
79 31
79 31
80 30
80 30
80 29
80 29
80 28
80 28
79 27
78 26
77 25
76 24
75 23
74 22
73 21
73 20
72 19
71 18
70 17
69 16
68 15
67 14
66 13
66 13
65 12
65 12
64 11
64 10
64 10
65 10
65 10
65 11
65 11
65 12
65 12
65 13
65 14
65 14
65 15
64 16
64 17
64 18
64 18
64 19
64 20
64 21
64 22
64 23
64 23
64 24
64 25
64 26
64 27
64 28
64 28
64 29
64 30
64 31
64 32
64 33
64 34
64 34
64 35
64 36
63 37
63 38
63 39
63 40
63 40
63 41
63 42
63 43
63 44
63 45
63 46
63 47
63 47
63 48
63 49
63 50
63 51
63 52
63 53
63 53
63 54
63 55
63 56
63 57
63 58
63 59
63 59
63 60
63 61
64 62
64 63
64 64
64 64
64 65
64 66
64 67
64 68
64 68
65 69
65 70
66 71
66 71
67 72
67 73
67 73
68 74
69 75
69 75
70 76
71 76
71 76
72 76
73 76
74 76
75 76
75 76
76 75
77 75
78 74
78 74
79 73
80 72
81 71
81 71
82 70
83 69
84 68
85 67
85 67
86 66
86 65
87 64
88 63
88 62
89 61
89 61
90 60
90 59
91 58
91 57
92 56
92 55
92 55
92 54
93 53
93 52
94 51
94 50
95 49
95 48
95 48
95 47
96 46
96 45
96 44
96 43
97 42
97 41
97 40
97 40
97 39
97 38
97 37
97 36
98 35
98 34
98 33
98 32
98 31
98 31
98 30
98 29
98 28
98 27
99 26
99 25
99 24
99 23
99 22
99 22
99 21
99 20
99 19
99 18
100 17
100 16
100 15
100 14
100 13
100 13
100 12
100 11
100 10
99 9
99 8
99 7
99 6
