15 9
16 8
16 8
16 8
16 8
16 8
16 8
16 8
16 9
16 9
16 10
16 10
16 11
16 12
16 13
16 13
16 14
17 15
17 16
17 16
17 17
17 18
17 19
17 19
17 20
17 21
18 22
18 23
18 24
18 24
18 25
18 26
18 27
18 28
18 29
18 30
18 30
18 31
18 32
18 33
18 34
18 35
18 36
18 37
18 37
18 38
18 39
18 40
18 41
18 42
18 43
18 44
18 45
18 45
18 46
18 47
18 48
19 49
19 50
19 51
19 52
19 53
19 53
19 54
19 55
19 56
19 57
19 58
19 59
19 60
19 61
19 61
19 62
19 63
20 64
20 65
20 66
20 67
20 67
20 68
20 69
20 70
20 71
20 72
20 73
20 73
20 74
20 75
21 76
21 77
21 78
21 79
21 79
21 80
21 81
21 82
21 83
21 83
21 84
21 85
21 86
21 87
21 87
21 88
21 89
21 90
21 91
21 91
21 92
21 93
21 94
21 94
21 95
21 96
21 96
20 97
20 98
20 98
20 99
20 100
20 100
19 100
19 100
18 100
18 100
17 99
17 99
16 98
15 98
15 98
14 97
14 96
13 95
13 95
12 94
12 93
11 92
11 92
10 91
10 90
9 89
9 89
8 88
8 87
7 86
7 86
6 85
5 84
5 84
4 83
3 83
3 83
2 83
2 83
1 82
0 82
0 82
0 82
0 81
0 81
0 80
0 80
1 79
1 78
1 78
2 77
2 76
3 75
3 74
3 74
4 73
5 72
5 71
6 70
6 70
7 69
8 68
9 68
10 67
10 67
11 66
12 65
13 64
14 63
15 62
15 62
16 61
17 60
18 59
19 58
20 57
20 57
21 56
22 55
23 54
24 54
25 53
26 52
26 52
27 51
28 51
29 50
30 49
31 48
32 48
33 47
33 47
34 46
35 45
36 44
37 44
38 43
39 42
39 42
40 41
40 40
41 39
41 38
42 37
42 36
43 35
43 34
44 33
44 32
45 31
45 30
46 29
46 28
47 27
47 26
48 25
49 24
49 23
50 22
50 21
51 20
51 19
52 18
52 17
53 16
53 15
54 14
54 13
55 12
55 11
56 10
56 9
57 8
57 7
58 6
58 6
58 6
58 6
58 6
58 6
58 6
58 6
58 6
58 6
58 6
58 6
58 6
58 6
58 6
58 6
58 6
58 6
58 6
57 6
57 6
57 6
57 6
57 6
57 6
57 6
57 6
57 6
57 6
57 6
57 6
57 6
57 6
57 6
57 6
57 6
57 6
57 6
57 6
57 6
57 6
57 6
57 6
57 6
57 6
57 6
57 6
57 6
57 6
57 6
57 6
57 6
57 6
57 6
57 6
57 6
57 6
57 6
57 6
57 6
57 6
57 6
57 6
57 6
57 6
57 6
57 6
57 6
57 6
58 5
58 5
58 5
59 5
59 5
60 4
60 4
61 3
61 3
62 3
63 3
63 3
64 3
65 2
66 2
66 2
67 1
67 1
68 1
69 1
69 1
70 0
71 0
71 0
72 0
72 0
73 1
73 1
74 1
74 1
74 2
74 2
74 2
74 3
74 3
74 4
74 4
73 5
73 5
72 6
72 7
72 7
71 8
71 9
71 9
70 10
69 11
69 11
68 12
68 13
67 14
67 14
66 15
65 16
64 17
64 17
63 18
63 19
62 20
62 20
61 21
61 22
60 23
60 23
59 24
59 25
58 26
58 26
57 27
57 28
56 29
56 29
55 30
54 31
54 31
53 32
53 33
53 33
53 34
53 35
53 35
52 36
52 36
53 37
53 37
53 37
54 37
55 37
55 37
56 36
56 36
57 35
58 35
58 35
59 34
60 34
61 33
61 33
62 32
63 32
63 32
64 31
65 30
65 30
66 30
67 29
68 29
68 29
69 28
70 28
70 28
71 27
71 27
72 27
72 27
73 26
73 26
73 26
73 27
73 27
72 28
72 28
71 29
71 29
70 30
70 30
69 31
68 32
68 32
67 33
67 33
66 34
66 35
66 35
65 36
64 37
64 37
63 38
63 39
62 40
62 40
61 41
61 42
60 43
60 43
59 44
59 45
58 46
58 47
58 47
58 48
57 49
57 50
57 50
56 51
56 52
55 53
55 53
55 54
54 55
54 56
54 56
54 57
54 58
54 58
54 59
53 60
53 61
53 61
53 62
53 63
53 64
53 64
53 65
52 66
52 67
52 67
52 68
52 69
52 70
52 70
52 71
52 72
52 72
52 73
52 74
52 74
53 75
53 76
53 76
54 76
54 76
55 76
55 76
56 76
56 76
57 75
58 75
58 75
59 74
60 74
60 74
61 73
62 73
62 73
63 72
64 71
64 71
65 70
66 70
66 70
67 69
68 68
68 68
69 68
70 67
71 67
71 67
72 66
73 66
73 66
74 65
75 65
75 65
76 64
76 64
77 63
78 63
78 63
79 63
79 63
80 63
80 63
80 63
80 63
80 63
80 62
80 62
80 61
80 61
80 61
80 60
80 60
79 59
79 59
79 58
79 58
79 57
79 56
79 56
79 55
79 55
78 54
78 53
78 53
78 52
78 51
78 51
77 50
77 49
77 49
76 48
76 47
76 47
76 46
75 45
75 44
75 44
75 43
75 42
75 42
74 41
74 40
73 39
73 39
73 38
72 37
72 36
72 35
72 35
72 34
71 33
71 32
71 32
70 31
69 30
69 30
68 29
68 28
68 28
67 27
67 26
67 26
66 25
66 24
66 24
66 23
66 23
66 22
66 22
65 22
65 22
65 22
65 22
65 22
66 23
66 23
66 24
66 24
66 25
66 26
66 26
66 27
66 28
66 28
66 29
66 30
66 30
66 31
66 32
66 32
66 33
66 34
66 35
66 36
66 36
66 37
66 38
66 39
66 40
66 40
66 41
66 42
66 43
66 43
66 44
66 45
66 46
66 47
66 47
66 48
66 49
66 50
66 51
66 52
66 52
66 53
66 54
66 55
66 56
66 57
66 57
66 58
66 59
66 60
66 61
66 62
66 62
66 63
66 64
66 65
66 66
66 67
66 67
66 68
66 69
66 70
66 71
66 72
66 73
66 73
66 74
66 75
65 76
65 77
65 78
65 78
65 79
65 80
65 81
65 82
65 82
65 83
66 84
66 85
66 85
66 86
66 87
66 88
66 88
66 89
67 90
67 91
67 91
67 92
67 93
67 93
68 94
68 95
68 95
69 96
69 97
69 97
70 98
70 98
71 98
72 98
72 98
73 98
73 98
74 97
75 96
75 96
76 95
77 95
78 94
78 94
79 93
80 93
81 92
81 92
82 91
83 91
84 90
84 90
85 89
86 89
87 88
87 88
88 87
89 87
90 86
90 86
91 85
92 85
93 84
93 84
94 83
95 82
95 82
96 81
96 80
97 79
97 79
98 78
98 77
99 76
99 75
99 75
99 74
99 73
99 72
100 71
100 70
100 69
100 68
100 68
100 67
100 66
100 65
100 64
99 63
99 62
99 61
99 60
99 59
99 59
99 58
99 57
98 56
98 55
98 54
98 53
98 52
97 51
97 50
97 49
