15 0
16 1
16 2
16 2
16 2
16 1
16 1
16 1
16 2
16 2
16 3
16 3
16 4
16 4
16 5
16 6
16 6
16 7
16 8
16 9
16 9
16 10
16 11
16 12
16 13
16 13
16 14
16 15
16 16
16 17
16 18
16 19
16 19
16 20
16 21
16 22
16 23
16 24
16 25
16 25
16 26
16 27
16 28
17 29
17 30
17 31
17 32
17 33
17 33
17 34
17 35
17 36
17 37
17 38
17 39
17 40
17 41
17 41
17 42
17 43
17 44
18 45
18 46
18 47
18 48
18 49
18 49
18 50
18 51
18 52
19 53
19 54
19 55
19 56
19 57
19 57
19 58
19 59
20 60
20 61
20 62
20 63
20 63
20 64
20 65
21 66
21 67
21 68
21 68
21 69
21 70
22 71
22 72
22 73
22 74
22 74
22 75
22 76
23 77
23 78
23 79
23 79
23 80
23 81
23 82
23 83
23 83
23 84
24 85
24 86
24 86
24 87
24 88
24 88
24 89
24 90
24 90
24 91
24 92
24 92
24 93
24 93
24 93
24 93
24 93
24 93
23 92
23 92
23 92
23 92
23 92
23 92
23 92
23 92
22 91
22 91
21 91
21 91
20 90
20 89
20 89
19 88
18 87
18 87
18 86
17 85
17 84
17 84
16 83
15 82
15 81
14 80
14 80
13 79
13 78
12 77
12 77
11 76
11 75
10 74
10 73
10 73
9 72
9 71
8 70
8 69
8 69
7 68
7 67
6 66
6 65
6 65
5 64
4 63
4 63
3 62
3 62
2 62
1 62
1 62
0 62
0 62
0 63
0 63
0 63
0 63
0 64
0 64
0 64
0 64
1 65
1 65
1 65
1 65
1 65
1 65
1 65
2 65
2 65
2 64
2 64
3 64
3 64
4 63
5 62
5 62
6 61
6 60
7 59
7 59
8 58
8 57
9 56
9 55
10 54
10 54
11 53
12 52
13 51
14 50
15 49
15 49
16 48
17 47
18 46
18 45
19 44
20 43
20 43
21 42
22 41
23 40
24 40
25 39
26 38
26 38
27 37
28 37
29 36
30 36
31 35
32 35
33 34
33 34
34 34
35 33
36 33
37 33
38 32
39 32
39 32
40 32
41 32
42 32
43 32
44 32
45 32
45 32
46 32
47 33
48 33
49 33
49 33
49 32
49 31
50 30
50 29
50 28
50 27
50 26
51 25
51 24
51 23
51 22
51 21
52 20
52 19
52 18
52 17
52 16
53 15
53 14
53 13
53 12
53 11
54 10
54 9
54 8
54 7
54 6
55 5
55 4
55 3
55 3
54 4
54 4
54 4
54 4
54 4
54 4
54 4
54 4
54 4
55 4
55 4
56 4
56 4
57 4
58 4
58 4
59 4
60 4
60 4
61 4
62 4
62 4
63 4
64 4
65 4
65 4
66 4
67 4
68 4
68 4
69 4
70 4
71 4
71 4
72 4
73 4
73 4
74 4
75 4
75 4
76 5
77 5
77 5
78 5
78 5
79 6
79 6
80 6
80 6
81 7
81 7
81 7
80 8
80 8
80 9
80 9
79 10
78 10
78 10
77 11
76 12
76 12
75 13
74 13
73 14
73 14
72 15
72 16
71 17
71 17
70 18
69 18
68 19
68 19
67 20
66 21
65 22
65 22
64 23
64 24
63 25
63 25
62 26
61 27
61 27
60 28
60 29
59 30
59 31
59 31
58 32
57 33
57 33
56 34
55 35
55 35
54 36
54 36
53 37
53 37
53 38
53 38
54 38
54 38
55 39
55 39
56 39
56 39
57 38
58 38
58 38
59 37
60 37
60 37
61 36
62 35
62 35
63 35
64 35
65 35
65 35
66 34
67 34
67 34
68 33
69 33
69 33
70 33
71 33
71 33
72 33
72 33
73 32
73 32
74 32
74 32
74 32
74 32
74 32
74 33
74 33
74 33
73 34
73 34
72 34
72 34
71 35
71 35
70 36
70 36
69 37
68 38
68 38
67 39
66 40
66 40
65 41
64 41
63 42
63 42
62 43
62 44
61 45
61 45
60 46
59 47
59 47
59 48
58 49
58 50
58 50
57 51
56 52
56 52
56 53
55 54
55 55
55 55
55 56
54 57
54 58
54 58
53 59
53 60
52 61
52 61
51 62
51 63
51 63
50 64
50 65
50 65
50 66
50 66
49 67
49 67
49 68
49 68
49 68
50 68
50 68
50 68
50 69
50 69
51 69
51 69
52 69
52 69
53 68
53 68
54 67
54 67
55 66
56 66
56 66
57 65
57 65
58 64
59 64
59 64
60 63
61 63
61 63
62 63
63 63
63 63
64 62
64 62
65 61
66 61
66 61
67 60
68 60
68 60
69 59
70 58
70 58
71 57
72 56
72 56
73 55
74 55
74 55
75 54
76 54
76 54
77 53
77 53
78 52
78 52
79 52
79 52
80 52
80 52
80 51
80 51
80 50
80 50
80 50
80 49
80 49
80 48
80 48
80 47
80 47
79 47
79 47
79 46
79 46
78 46
78 46
77 46
77 46
76 45
76 45
76 45
75 44
75 44
74 43
74 43
73 42
73 42
72 41
72 41
71 40
71 39
71 39
70 38
69 38
69 38
68 37
68 36
68 36
67 35
66 35
66 35
65 34
65 33
65 33
64 32
64 32
64 32
64 31
64 31
63 30
63 30
63 30
63 30
62 30
62 30
62 30
61 31
61 31
61 31
61 31
61 31
61 31
61 31
61 32
61 32
61 32
61 32
61 33
61 33
62 33
62 33
62 34
62 34
62 35
62 35
62 36
62 36
62 37
62 37
62 38
62 39
62 39
62 40
62 41
62 42
62 42
62 43
62 44
62 45
62 45
62 46
62 47
62 48
62 49
62 49
62 50
62 51
62 52
62 52
62 53
62 54
62 55
62 56
62 56
62 57
62 58
62 59
62 60
62 60
62 61
62 62
62 63
62 64
62 64
62 65
62 66
62 67
62 68
62 68
62 69
62 70
62 71
62 72
62 73
62 73
62 74
63 75
63 76
63 77
63 77
63 78
63 79
63 80
63 81
63 81
63 82
63 83
63 84
63 85
63 85
63 86
63 87
63 88
63 88
63 89
64 90
64 91
64 91
64 92
64 93
64 93
64 94
64 95
64 95
65 96
65 96
65 97
65 98
65 98
66 98
66 98
67 99
67 99
68 100
68 100
69 100
70 100
70 100
71 100
72 100
72 100
73 100
74 100
74 100
75 99
76 99
77 98
77 98
78 97
79 97
79 97
80 96
81 95
82 94
82 94
83 93
84 92
85 91
85 91
86 90
87 89
88 88
88 88
89 87
90 86
91 85
91 85
92 84
92 83
93 82
93 81
93 81
94 80
95 79
95 78
96 77
96 77
97 76
97 75
98 74
98 73
98 73
98 72
98 71
99 70
99 69
99 68
99 68
99 67
99 66
99 65
100 64
100 63
100 62
100 61
100 61
100 60
100 59
100 58
100 57
99 56
99 55
99 54
99 53
99 52
