13 10
13 10
13 9
13 9
13 8
13 8
13 7
13 7
13 8
13 8
13 8
13 8
13 9
13 9
14 10
14 11
14 11
14 12
14 12
14 13
15 14
15 15
15 15
15 16
16 17
16 18
16 18
16 19
16 20
16 21
16 22
16 22
16 23
17 24
17 25
17 26
17 26
17 27
17 28
18 29
18 30
18 31
18 31
18 32
18 33
18 34
18 35
18 36
18 37
18 38
18 38
18 39
18 40
18 41
19 42
19 43
19 44
19 45
19 45
19 46
19 47
19 48
19 49
19 50
19 51
19 52
19 52
19 53
19 54
19 55
19 56
19 57
19 58
19 58
19 59
19 60
19 61
19 62
19 63
19 64
19 64
19 65
19 66
19 67
19 68
19 69
19 69
19 70
19 71
19 72
19 73
19 73
19 74
19 75
19 75
19 76
19 77
19 77
18 78
18 78
18 79
18 79
17 79
17 79
16 79
16 79
15 78
15 78
14 77
13 77
13 77
12 77
11 77
11 77
10 77
9 77
9 77
8 77
7 77
6 77
6 77
5 78
5 78
4 79
3 79
3 79
2 79
2 79
1 79
1 79
1 79
0 79
0 79
0 79
0 78
0 78
0 78
0 78
0 77
0 77
0 76
0 76
1 75
1 74
1 74
2 73
2 72
2 72
3 71
3 70
3 70
4 69
4 68
5 67
5 67
5 66
6 65
6 64
6 63
7 62
7 61
7 61
8 60
8 59
9 58
10 57
10 56
11 55
11 55
12 54
12 53
13 52
14 51
15 50
15 49
16 48
16 48
17 47
18 46
19 45
20 45
21 44
22 43
22 43
23 42
24 42
25 41
26 41
27 40
27 40
28 40
29 39
30 39
31 38
32 38
32 38
33 37
34 36
34 35
35 34
36 33
37 32
37 31
38 30
39 29
40 28
40 27
41 26
42 25
43 24
44 23
44 22
45 21
46 20
47 19
47 18
48 17
49 16
50 15
50 14
51 13
52 12
53 11
53 10
54 9
55 8
55 8
55 9
55 9
55 8
55 8
55 7
55 7
55 7
55 6
55 6
56 5
56 5
57 4
57 4
58 3
58 3
59 2
59 2
60 2
61 2
61 2
62 1
63 1
63 1
64 0
65 0
65 0
66 0
66 0
67 1
68 1
68 1
68 1
69 2
69 2
69 2
69 3
69 4
69 4
68 5
68 6
68 6
68 7
67 8
67 9
67 9
67 10
66 11
66 12
66 13
66 13
65 14
65 15
64 16
64 17
64 17
63 18
63 19
62 20
62 21
62 21
61 22
61 23
60 24
60 24
60 25
59 26
59 27
59 27
58 28
58 28
57 29
57 29
57 29
58 29
58 29
59 29
59 29
60 28
61 28
61 28
62 27
63 27
63 27
64 26
65 26
65 26
66 26
66 26
67 26
67 26
67 27
67 27
67 28
67 28
67 29
67 29
66 30
66 31
66 31
66 32
65 33
65 34
65 34
65 35
64 36
64 37
64 37
63 38
63 39
62 40
62 40
61 41
61 42
60 43
60 43
59 44
58 45
58 45
57 46
57 46
56 47
56 48
56 48
55 49
55 49
54 50
54 50
54 51
54 51
53 52
53 53
53 53
53 54
53 54
53 54
54 55
54 55
55 54
55 54
56 53
56 53
57 52
58 52
58 52
59 53
59 53
59 54
59 54
60 55
60 55
60 56
60 56
60 57
60 58
60 58
61 58
61 58
62 57
63 57
63 57
64 56
65 56
66 55
66 55
67 54
68 54
69 53
70 53
70 53
71 52
72 52
73 51
73 51
74 51
75 50
76 50
76 50
77 49
78 48
78 48
79 48
80 47
81 47
81 47
82 46
82 45
83 44
83 44
84 43
84 42
85 41
85 41
86 40
86 39
86 39
85 38
84 38
83 37
82 36
81 35
80 35
79 34
78 33
77 32
76 32
75 31
74 30
73 30
72 29
71 28
70 27
69 27
68 26
68 26
68 26
68 26
68 26
68 27
68 27
68 28
68 29
68 30
68 30
68 31
68 32
68 33
68 34
68 34
68 35
68 36
68 37
68 38
68 39
68 39
68 40
68 41
67 42
67 43
67 44
67 45
67 45
67 46
67 47
67 48
67 49
67 50
67 51
67 51
67 52
67 53
68 54
68 55
68 56
68 56
68 57
68 58
68 59
68 60
68 61
68 62
68 62
68 63
68 64
68 65
68 66
68 67
68 68
68 68
68 69
68 70
68 71
68 72
68 73
68 74
68 75
68 75
68 76
68 77
68 78
68 79
68 80
68 81
68 82
68 82
68 83
68 84
68 85
68 86
68 87
68 88
68 88
68 89
69 90
69 91
69 92
69 92
69 93
69 94
69 94
69 95
70 96
70 97
70 97
71 98
71 98
72 99
72 99
73 100
73 100
74 100
74 100
75 100
76 100
76 100
77 99
77 99
78 98
78 97
79 96
79 96
79 95
80 94
80 93
80 93
81 92
82 91
83 90
83 90
84 89
85 88
86 87
86 87
87 86
88 85
89 84
89 84
90 83
91 82
91 81
92 80
92 80
93 79
93 78
94 77
94 76
95 75
95 75
95 74
96 73
96 72
96 71
97 70
97 69
97 69
97 68
98 67
98 66
98 65
98 64
99 63
99 62
99 61
99 61
99 60
99 59
99 58
99 57
100 56
100 55
100 54
100 53
100 52
