16 5
17 4
17 3
17 3
17 2
17 2
17 2
17 2
17 2
17 2
17 2
17 2
17 3
17 3
17 4
17 4
17 5
17 6
17 6
17 7
17 8
17 9
17 9
17 10
17 11
17 12
17 12
17 13
17 14
17 15
17 16
17 16
17 17
17 18
16 19
16 20
16 21
16 21
16 22
16 23
16 24
16 25
16 26
16 27
16 27
16 28
16 29
17 30
17 31
17 32
17 33
17 33
17 34
17 35
17 36
17 37
17 38
17 39
17 40
17 40
17 41
17 42
17 43
17 44
17 45
17 46
17 47
17 47
17 48
17 49
18 50
18 51
18 52
18 53
18 53
18 54
18 55
18 56
19 57
19 58
19 59
19 60
19 61
19 61
19 62
19 63
19 64
19 65
19 66
19 67
19 68
19 68
19 69
19 70
20 71
20 72
20 73
20 74
20 74
20 75
21 76
21 77
21 78
21 78
21 79
21 80
21 81
21 82
21 83
21 83
21 84
21 85
21 86
21 87
21 88
21 88
21 89
21 90
22 91
22 92
22 93
22 93
22 94
22 95
22 96
22 96
22 97
22 98
22 98
22 99
22 100
22 100
22 100
22 100
22 100
22 100
22 100
21 99
21 99
21 98
21 98
21 97
21 96
21 96
21 95
20 94
20 93
20 93
20 92
19 91
19 90
19 89
19 89
19 88
19 87
19 86
19 85
19 85
19 84
19 83
18 82
18 81
18 80
18 79
18 79
18 78
18 77
18 76
17 75
17 74
17 73
17 72
17 72
17 71
16 70
16 69
16 68
15 67
15 66
15 66
15 65
14 64
14 63
14 62
14 62
13 61
13 60
12 59
12 58
12 58
11 57
11 56
10 55
10 54
10 54
9 53
9 52
9 52
8 51
7 51
7 51
6 51
5 51
5 51
4 51
4 51
3 51
2 51
2 51
1 52
1 52
0 52
0 52
0 52
0 52
0 52
0 53
0 53
0 53
0 53
0 53
0 53
0 53
0 54
0 54
0 54
1 53
1 53
2 52
2 52
3 51
3 51
4 50
4 49
4 49
5 49
6 48
7 48
7 48
8 47
9 46
10 45
10 45
11 44
12 44
13 43
14 43
15 42
15 42
16 41
17 40
18 40
19 39
20 38
20 38
21 37
22 37
23 36
24 36
25 35
26 35
26 35
27 35
28 35
29 34
30 34
31 34
32 34
32 34
33 34
34 33
35 33
36 32
37 32
37 32
38 32
39 32
40 32
41 32
42 32
43 32
43 32
43 31
44 30
44 29
44 28
45 27
45 26
45 25
46 24
46 23
46 22
46 21
47 20
47 19
47 18
48 17
48 16
48 15
49 14
49 13
49 12
50 11
50 10
50 9
51 8
51 7
51 6
51 5
52 4
52 3
52 2
53 1
53 0
53 0
54 1
54 1
53 1
53 1
53 1
53 1
54 1
54 1
55 1
55 1
56 2
57 2
57 2
58 2
59 2
59 2
60 3
61 3
61 3
62 3
63 3
64 3
64 3
65 3
66 4
67 4
67 4
68 5
69 5
69 5
70 5
71 6
72 6
72 6
73 7
74 7
75 8
75 8
76 9
77 9
77 9
78 10
78 10
78 11
78 11
78 12
78 12
78 12
77 13
77 14
77 14
76 15
75 15
75 15
74 16
73 17
73 17
72 18
71 19
71 19
70 19
69 20
68 20
68 20
67 21
66 21
65 22
65 22
64 23
63 24
63 24
62 25
61 25
60 26
60 26
59 27
58 27
57 28
57 28
56 29
55 29
54 30
54 30
53 31
52 31
52 31
51 32
51 32
51 33
51 33
50 34
50 34
51 34
51 34
51 35
51 35
52 35
52 35
53 35
54 35
54 35
55 35
56 35
56 35
57 34
58 34
58 34
59 34
60 34
61 34
61 34
62 34
63 33
64 33
64 33
65 33
66 33
67 33
67 33
68 33
69 33
69 33
70 33
71 33
71 33
72 34
72 34
73 34
73 34
74 34
74 34
75 34
75 34
75 35
75 35
74 35
74 35
74 35
73 36
73 36
72 37
71 37
71 37
70 38
69 38
69 38
68 39
68 39
67 40
66 40
65 41
65 41
64 42
64 42
63 43
62 44
62 44
61 45
60 45
59 46
59 46
58 47
57 48
57 48
57 49
56 50
56 51
56 51
55 52
54 53
54 53
53 54
52 55
52 55
51 56
51 57
50 58
50 58
50 59
49 60
49 61
49 61
48 62
47 63
47 63
47 64
46 65
46 66
46 66
45 67
45 68
45 68
44 69
44 69
44 70
44 71
44 71
44 72
44 72
44 73
44 74
44 74
44 74
44 75
44 75
45 75
45 75
46 75
47 75
47 75
48 74
49 74
49 74
50 73
51 72
51 72
52 71
53 71
54 70
54 70
55 69
56 69
57 68
58 68
58 68
59 67
60 67
61 66
62 66
62 66
63 66
64 65
65 65
65 65
66 65
67 64
68 64
69 64
69 64
70 64
71 63
72 63
72 63
73 62
74 62
75 61
75 61
76 61
77 60
78 60
78 60
79 60
80 60
80 60
81 59
82 59
82 59
83 59
83 59
84 58
84 58
84 58
84 57
84 57
84 57
83 56
83 55
83 55
83 54
83 54
82 53
82 52
82 52
81 51
81 51
80 50
80 49
80 49
79 48
79 47
79 47
78 46
78 45
78 45
77 44
77 43
77 43
76 42
76 41
75 40
75 40
74 39
73 38
73 38
73 37
72 36
72 35
72 35
71 34
70 33
70 33
69 32
68 31
68 31
67 30
67 29
67 29
66 28
65 27
65 27
64 26
64 25
64 25
63 24
62 24
62 24
61 23
61 23
60 22
60 22
60 22
59 22
59 22
59 22
59 22
59 22
59 22
59 22
59 22
59 23
59 23
59 24
59 25
59 25
60 26
60 27
60 27
60 28
60 29
60 29
60 30
60 31
60 31
60 32
60 33
60 34
60 35
60 35
60 36
60 37
60 38
60 39
60 40
60 40
60 41
60 42
60 43
60 44
60 45
60 45
60 46
60 47
60 48
60 49
60 50
60 50
60 51
60 52
60 53
60 54
60 55
60 56
60 56
60 57
60 58
60 59
60 60
60 61
60 61
60 62
60 63
61 64
61 65
61 66
61 66
61 67
61 68
61 69
61 70
61 71
61 71
61 72
61 73
62 74
62 75
62 76
62 76
62 77
62 78
62 79
62 80
62 80
62 81
62 82
63 83
63 84
63 85
63 85
63 86
63 87
63 88
63 89
63 89
63 90
64 91
64 92
64 92
64 93
64 94
64 95
64 95
65 96
65 97
65 97
66 98
66 98
67 98
68 98
68 98
69 98
70 98
70 98
71 98
72 98
72 98
73 98
74 97
75 97
75 97
76 97
77 96
78 96
78 96
79 95
80 95
81 94
81 94
82 93
83 93
84 92
85 92
85 92
86 91
87 91
88 90
88 90
89 89
90 88
91 87
91 87
92 86
93 85
94 84
94 84
95 83
95 82
96 81
96 81
97 80
97 79
98 78
98 77
98 77
99 76
99 75
100 74
100 73
100 73
100 72
100 71
100 70
100 69
100 68
100 67
100 67
100 66
99 65
99 64
99 63
99 62
98 61
98 60
98 60
98 59
97 58
97 57
97 56
97 55
96 54
96 53
96 52
