19 0
19 1
19 2
19 2
18 3
18 4
18 4
18 5
18 6
18 7
18 8
18 8
18 9
18 10
19 11
19 12
19 13
19 14
19 14
19 15
19 16
19 17
19 18
19 19
19 20
19 21
19 21
19 22
19 23
19 24
19 25
19 26
19 27
19 28
19 29
19 29
19 30
19 31
19 32
20 33
20 34
20 35
20 36
20 37
20 37
20 38
20 39
20 40
21 41
21 42
21 43
21 44
21 45
21 45
21 46
21 47
21 48
21 49
22 50
22 51
22 52
22 53
22 54
22 54
22 55
22 56
22 57
22 58
22 59
22 60
22 61
22 62
22 63
22 63
22 64
22 65
22 66
23 67
23 68
23 69
23 70
23 71
23 71
23 72
23 73
23 74
23 75
23 76
23 77
23 78
23 78
23 79
23 80
23 81
23 82
23 83
23 84
23 85
23 85
23 86
23 87
23 88
23 89
23 90
23 90
23 91
23 92
23 93
23 94
23 95
23 95
23 96
23 97
23 98
23 98
22 99
22 100
22 100
21 100
21 100
20 100
20 100
19 99
19 99
18 98
18 97
17 96
17 96
16 95
16 94
15 93
15 92
15 92
15 91
14 90
14 89
13 88
13 87
13 87
12 86
12 85
11 84
11 83
11 83
10 82
10 81
9 80
9 79
9 79
8 78
8 77
7 76
7 75
6 74
6 74
5 73
5 72
4 71
4 70
4 70
3 69
3 68
2 67
2 67
1 66
1 66
0 65
0 65
0 64
0 64
0 64
0 64
1 64
1 64
2 63
3 62
3 62
4 62
5 61
6 61
6 61
7 60
8 59
9 58
9 58
10 57
11 57
12 56
13 56
13 56
14 55
15 54
16 54
17 53
17 53
18 53
19 52
20 52
21 52
21 52
22 52
23 51
24 51
25 51
25 51
26 51
27 51
28 51
28 51
29 51
30 51
31 51
31 51
32 52
33 52
33 52
34 53
34 53
35 52
35 51
36 50
36 49
37 48
37 47
38 46
38 45
39 44
39 43
40 42
40 41
41 40
41 39
42 38
42 37
43 36
43 35
44 34
44 33
45 32
45 31
46 30
46 29
47 28
47 27
48 26
48 25
49 24
49 23
50 22
50 21
51 20
51 19
52 18
52 17
53 16
53 15
54 14
54 13
55 12
55 11
56 10
56 9
57 8
57 7
58 6
58 6
57 5
57 4
57 4
57 3
57 2
57 2
56 2
56 2
56 2
56 2
56 2
56 2
57 2
57 2
58 2
58 2
59 2
60 2
60 2
61 2
61 2
62 2
63 2
63 2
64 2
65 2
65 2
66 2
67 2
67 2
68 3
68 3
68 4
69 5
69 6
69 6
69 7
69 8
69 9
69 9
69 10
69 11
68 12
68 13
68 14
68 14
68 15
67 16
67 17
67 18
66 19
66 20
66 20
66 21
65 22
65 23
65 24
64 25
64 26
64 26
63 27
63 28
62 29
62 30
61 31
61 32
61 32
60 33
60 34
59 35
59 36
58 37
58 37
58 38
57 39
57 40
56 41
56 42
56 42
55 43
55 44
54 45
54 45
53 46
53 47
53 47
53 47
54 46
54 46
55 45
56 45
56 45
57 44
58 43
58 43
59 42
59 41
60 40
60 40
61 39
62 38
63 37
63 37
64 36
65 35
65 35
66 35
66 35
67 35
67 35
67 36
67 36
67 37
67 38
67 39
67 39
67 40
66 41
66 42
65 43
65 44
65 44
64 45
64 46
63 47
63 48
63 48
62 49
62 50
61 51
61 52
60 53
60 54
60 54
59 55
59 56
58 57
58 58
57 59
57 60
56 61
56 61
55 62
55 63
54 64
54 65
53 66
53 67
53 67
53 68
52 69
52 70
52 71
51 72
51 73
51 73
51 74
50 75
50 76
49 77
49 78
49 78
49 79
48 80
48 81
48 81
48 82
48 82
49 82
49 82
50 81
51 81
51 81
52 80
53 79
54 78
54 78
55 77
56 76
57 75
58 74
58 74
59 73
60 72
61 71
62 70
62 70
63 69
64 68
65 67
66 66
66 66
67 65
68 64
69 63
70 62
70 62
71 61
72 60
72 59
73 58
73 58
74 57
75 56
76 55
76 55
77 54
77 53
78 52
78 52
79 51
80 51
80 51
80 50
80 50
79 49
79 48
78 47
77 46
76 45
76 44
75 43
74 42
74 41
73 40
72 39
72 38
71 37
70 36
69 35
69 34
68 33
67 32
67 31
66 30
66 30
66 29
65 28
65 27
64 26
64 25
64 25
64 24
63 23
63 22
63 22
63 21
62 20
62 19
62 19
62 18
62 18
62 18
62 18
62 19
62 20
62 20
63 21
63 22
63 22
63 23
63 24
63 25
63 26
63 27
63 27
63 28
63 29
63 30
63 31
63 32
63 33
63 34
63 34
63 35
63 36
63 37
63 38
63 39
63 40
63 41
63 41
63 42
63 43
63 44
63 45
63 46
63 47
63 48
63 49
63 49
63 50
63 51
63 52
63 53
63 54
63 55
63 56
63 57
63 57
63 58
63 59
63 60
63 61
63 62
63 63
63 64
63 65
63 65
63 66
63 67
62 68
62 69
62 70
62 71
62 71
62 72
62 73
62 74
62 75
62 76
62 77
62 78
62 78
62 79
62 80
62 81
62 82
62 83
62 83
62 84
62 85
62 86
62 87
62 87
62 88
62 89
62 90
62 91
62 91
62 92
62 93
62 94
62 94
62 95
62 96
62 96
63 97
63 98
63 98
64 98
65 98
65 98
66 99
66 99
67 99
68 98
69 98
69 98
70 97
71 97
72 96
72 96
73 95
74 95
75 94
75 94
76 93
77 92
78 92
79 91
79 91
80 90
81 89
82 88
82 88
83 87
84 86
85 86
86 85
86 85
87 84
88 83
89 82
89 82
90 81
91 80
91 79
92 78
92 78
93 77
94 76
95 75
95 75
95 74
96 73
96 72
96 72
97 71
98 70
98 70
99 69
99 68
99 68
99 67
99 66
99 66
100 65
100 65
100 64
99 63
99 62
99 62
99 61
98 60
98 59
98 58
