11 12
12 11
12 11
12 10
12 9
12 9
12 8
11 7
11 6
11 6
11 5
11 5
11 4
11 4
11 3
11 3
11 2
11 2
11 1
11 1
11 1
10 0
10 0
10 0
10 1
10 1
10 1
10 2
10 3
10 3
10 4
10 5
10 5
10 6
11 7
11 8
11 8
11 9
11 10
11 11
11 12
11 13
11 13
11 14
11 15
12 16
12 17
12 18
12 18
12 19
12 20
13 21
13 22
13 23
13 24
13 24
13 25
13 26
13 27
13 28
13 29
13 30
13 30
13 31
13 32
14 33
14 34
14 35
14 36
14 36
14 37
14 38
14 39
14 40
14 41
14 42
14 43
14 44
14 44
14 45
14 46
15 47
15 48
15 49
15 49
15 50
15 51
15 52
15 53
15 53
15 54
16 55
16 56
16 57
16 57
16 58
16 59
16 59
16 60
16 61
16 62
16 62
16 63
16 64
16 65
16 65
16 66
16 67
16 67
16 68
16 68
15 69
15 69
14 70
14 70
13 71
13 71
12 71
12 71
11 71
10 71
10 71
9 71
8 71
8 71
7 71
6 71
6 71
5 70
4 69
4 69
3 68
2 68
2 68
1 67
1 66
1 66
0 65
0 65
0 64
0 63
0 63
0 62
0 62
0 61
0 60
0 60
0 60
0 59
0 58
0 58
1 57
1 56
1 56
1 55
2 54
2 53
2 53
3 52
3 51
4 50
4 50
5 49
6 48
6 47
7 46
7 46
8 45
8 44
9 43
9 42
10 41
10 41
11 40
12 39
13 38
13 37
14 36
15 35
15 35
16 34
16 33
17 32
18 31
19 30
19 29
20 28
20 28
21 27
22 26
23 25
24 24
25 23
26 22
26 22
27 21
28 20
29 19
30 18
31 17
31 17
32 16
32 15
33 14
34 13
34 12
35 11
35 11
36 10
37 9
38 8
38 8
39 7
39 7
39 6
39 6
39 7
39 7
38 8
37 9
37 9
38 9
39 9
40 10
41 10
42 10
43 10
44 10
45 11
46 11
47 11
48 11
49 12
50 12
51 12
52 12
53 12
54 13
55 13
56 13
57 13
58 13
59 14
60 14
61 14
61 14
61 13
61 13
60 12
60 11
60 11
61 10
61 9
61 9
62 8
62 8
63 7
64 6
64 6
65 5
66 5
66 5
67 5
68 5
68 5
69 4
70 4
70 4
71 3
72 3
72 3
73 3
73 3
74 3
74 3
74 4
74 4
74 5
74 5
73 6
73 7
73 7
73 8
72 9
72 10
72 10
72 11
71 12
71 13
71 14
71 14
70 15
70 16
69 17
69 18
69 18
69 19
68 20
68 21
67 22
67 23
67 23
67 24
66 25
66 26
65 27
65 28
65 28
65 29
64 30
64 31
63 32
63 33
63 33
62 34
62 35
62 35
62 36
62 37
62 37
63 38
63 38
64 38
64 38
65 37
66 37
66 37
67 36
68 36
68 36
69 36
70 36
70 36
71 36
72 36
72 36
72 37
72 37
72 38
72 39
72 39
72 40
71 41
71 42
71 42
70 43
70 44
69 45
69 45
69 46
68 47
68 48
68 48
67 49
66 50
66 51
65 52
65 52
64 53
64 54
63 55
63 56
62 57
62 57
61 58
60 59
60 60
59 61
59 61
58 62
57 63
57 64
56 65
56 65
55 66
55 67
54 68
54 69
54 69
53 70
53 71
52 72
52 72
52 73
52 74
52 74
52 74
52 73
52 73
53 73
54 73
54 73
55 72
55 72
56 71
57 70
58 69
58 69
59 68
60 67
60 67
61 66
62 66
63 65
63 65
64 65
65 64
66 64
66 64
67 64
68 63
69 63
69 63
70 62
71 62
72 61
73 61
73 61
74 60
75 60
76 59
77 59
77 59
78 58
79 57
80 57
81 56
81 56
82 56
83 55
84 55
84 55
85 54
86 54
86 54
87 54
88 54
88 54
88 53
87 52
87 51
86 50
86 49
85 48
85 47
84 46
84 45
84 44
83 43
83 42
82 41
82 40
81 39
81 38
81 37
80 36
80 35
79 34
79 33
78 32
78 31
77 30
77 29
77 28
76 27
76 26
75 25
75 24
74 23
74 22
74 22
73 23
73 24
73 24
73 25
73 26
73 26
72 27
72 27
71 28
71 28
71 29
71 30
71 31
71 31
71 32
71 33
71 33
71 34
71 35
71 36
71 37
71 37
71 38
71 39
70 40
70 41
70 42
70 42
70 43
70 44
70 45
70 46
70 47
70 48
70 48
70 49
70 50
70 51
70 52
70 53
70 54
70 54
70 55
70 56
70 57
70 58
70 59
70 59
70 60
70 61
70 62
70 63
70 64
70 65
70 65
70 66
70 67
70 68
70 69
70 70
70 71
70 71
70 72
70 73
70 74
70 75
70 76
70 76
70 77
70 78
70 79
70 80
70 81
70 82
70 82
70 83
69 84
69 85
69 86
69 86
69 87
69 88
69 89
69 90
69 91
69 91
69 92
69 93
69 94
69 95
69 95
70 96
70 97
70 97
70 98
70 99
70 99
70 100
70 100
71 100
71 100
72 100
72 100
73 100
74 100
74 100
75 99
76 98
76 98
77 97
78 97
78 97
79 96
79 96
80 95
81 95
81 95
82 95
83 95
84 95
84 95
85 95
86 95
86 95
87 95
88 95
88 95
89 95
90 95
91 95
91 95
92 95
93 95
93 95
94 94
95 94
95 94
96 94
96 94
97 93
97 92
97 92
97 91
97 90
97 90
97 89
98 88
98 87
98 87
99 86
99 85
99 85
99 84
99 83
99 82
99 82
99 81
99 80
99 79
99 79
99 78
99 77
100 76
100 75
100 74
100 73
100 73
100 72
100 71
100 70
99 69
99 68
99 67
99 66
99 66
99 65
99 64
99 63
99 62
99 61
99 60
99 59
99 59
99 58
99 57
99 56
99 55
99 54
98 53
98 52
98 51
98 50
98 49
98 48
