16 7
16 7
15 7
15 7
15 8
15 8
15 9
15 10
15 10
15 11
16 12
16 13
16 14
16 14
16 15
16 16
16 17
16 18
16 19
16 19
16 20
16 21
17 22
17 23
17 24
17 24
17 25
17 26
17 27
17 28
17 29
17 30
17 30
17 31
17 32
17 33
17 34
17 35
17 36
17 37
17 38
17 38
17 39
17 40
17 41
18 42
18 43
18 44
18 45
18 46
18 46
18 47
18 48
18 49
18 50
18 51
18 52
18 53
18 54
18 55
18 55
18 56
18 57
18 58
18 59
18 60
18 61
18 62
18 63
18 64
18 64
18 65
18 66
18 67
18 68
18 69
18 70
18 71
18 71
18 72
18 73
18 74
18 75
18 76
18 77
18 78
18 78
18 79
18 80
18 81
18 82
18 83
18 83
18 84
18 85
18 86
18 87
18 88
18 88
18 89
18 90
18 91
18 91
17 92
17 92
17 93
17 93
17 92
17 92
16 91
16 91
16 90
15 89
15 88
15 88
14 87
14 86
13 85
13 84
13 84
13 83
12 82
12 81
11 80
11 79
11 79
11 78
10 77
10 76
10 75
10 75
10 74
9 73
9 72
8 71
8 70
8 70
7 69
7 68
6 67
6 67
5 66
5 65
4 64
4 64
3 63
3 62
2 61
2 61
1 60
1 60
0 59
0 58
0 58
0 57
0 57
0 57
0 56
0 56
1 55
2 55
2 55
3 54
4 54
5 53
5 53
6 53
7 52
8 52
8 52
9 52
10 51
11 51
12 51
12 51
13 51
14 50
15 50
15 50
16 50
17 49
18 49
19 49
19 49
20 49
21 48
22 48
22 48
23 48
24 48
25 48
25 48
26 47
27 47
27 47
28 47
29 47
29 47
30 47
31 47
31 47
32 46
32 45
33 44
34 43
35 42
35 41
36 40
37 39
37 38
38 37
39 36
39 35
40 34
41 33
42 32
42 31
43 30
44 29
44 28
45 27
46 26
47 25
47 24
48 23
49 22
49 21
50 20
51 19
51 18
52 17
53 16
54 15
54 14
55 13
56 12
56 11
57 10
58 9
58 8
59 7
60 6
61 5
61 4
62 3
62 3
63 2
64 1
64 1
64 0
64 0
63 0
63 0
64 1
64 1
64 2
64 2
65 3
65 3
66 3
66 3
67 2
68 2
68 2
69 2
69 2
70 2
71 2
71 2
72 2
73 2
73 2
74 3
74 3
74 4
74 5
74 5
74 6
74 7
74 8
74 8
74 9
73 10
73 11
73 11
72 12
72 13
71 14
71 15
71 15
71 16
70 17
70 18
69 19
69 20
69 20
68 21
68 22
67 23
67 24
67 24
67 25
66 26
66 27
66 28
66 28
65 29
65 30
65 30
65 31
64 32
64 33
64 33
64 34
64 34
65 34
65 34
66 35
66 35
67 34
68 34
68 34
69 33
70 32
70 32
71 31
72 31
73 30
73 30
74 29
75 29
75 29
76 28
76 28
77 28
77 28
77 29
77 29
77 30
77 31
77 31
77 32
76 33
76 34
76 34
76 35
75 36
75 37
75 38
74 39
74 40
74 40
73 41
73 42
72 43
72 44
71 45
71 45
70 46
70 47
69 48
69 49
68 50
68 51
68 51
67 52
67 53
66 54
66 55
65 56
65 57
64 58
64 58
63 59
63 60
62 61
62 62
61 63
61 64
61 64
60 65
60 66
59 67
59 68
58 69
58 69
57 70
57 71
56 72
56 73
55 74
55 74
55 75
54 76
54 77
54 77
53 78
53 79
53 79
53 80
53 80
54 80
54 80
55 80
56 79
57 79
57 79
58 78
59 78
60 77
60 77
61 76
62 75
63 74
63 74
64 73
65 72
66 71
67 70
67 70
68 69
69 68
70 67
71 66
71 66
72 65
73 64
74 64
75 63
75 63
76 62
77 61
77 60
78 59
78 59
79 58
80 57
81 56
81 56
82 55
82 54
83 53
83 53
84 52
84 52
84 51
84 50
84 50
84 49
84 49
83 48
83 48
82 47
82 46
82 46
81 45
80 45
80 45
79 44
79 43
78 42
78 42
77 41
77 40
76 39
76 39
75 38
75 37
74 36
74 36
73 35
73 34
72 33
72 33
71 32
71 31
70 30
70 29
70 29
69 28
69 27
69 27
68 26
68 25
68 25
67 24
67 23
67 23
67 23
67 23
67 24
67 24
68 25
68 26
68 26
68 27
68 28
68 29
68 29
68 30
68 31
68 32
68 33
68 34
68 35
68 35
68 36
68 37
69 38
69 39
69 40
69 41
69 41
69 42
69 43
69 44
69 45
69 46
69 47
69 48
69 48
69 49
69 50
69 51
69 52
69 53
69 54
69 55
69 56
69 57
69 57
69 58
69 59
69 60
69 61
69 62
69 63
69 64
69 65
69 65
69 66
69 67
69 68
69 69
69 70
69 71
69 72
69 72
69 73
69 74
69 75
69 76
69 77
69 78
69 79
69 79
69 80
69 81
68 82
68 83
68 84
68 85
68 85
68 86
68 87
68 88
68 89
68 90
68 90
68 91
69 92
69 93
69 94
69 94
69 95
69 96
69 97
69 97
69 98
69 99
69 99
70 100
70 100
71 100
71 100
72 100
73 100
73 100
74 100
75 99
76 99
76 99
77 99
78 98
79 98
79 98
80 97
81 97
82 96
82 96
83 95
84 94
85 93
85 93
86 92
87 91
88 90
88 90
89 89
90 88
91 88
92 87
92 87
93 86
93 85
94 84
94 83
94 83
95 82
95 81
96 80
96 80
97 79
97 78
98 77
98 77
99 76
99 75
99 75
99 74
100 73
100 72
100 72
100 71
100 70
100 70
99 69
99 69
99 68
99 67
99 66
99 66
99 65
98 64
98 63
