16 21
16 21
16 21
16 21
16 22
16 22
16 22
16 23
16 23
17 24
17 25
17 25
17 26
17 27
17 28
17 28
17 29
17 30
18 31
18 32
18 33
18 33
18 34
18 35
18 36
18 37
18 38
18 39
18 39
18 40
18 41
19 42
19 43
19 44
19 45
19 45
19 46
19 47
19 48
19 49
19 50
19 51
19 52
19 52
19 53
19 54
19 55
19 56
19 57
19 58
19 59
19 59
19 60
19 61
20 62
20 63
20 64
20 65
20 65
20 66
20 67
20 68
20 69
20 70
20 71
20 71
20 72
20 73
20 74
20 75
20 76
20 77
20 78
20 78
20 79
20 80
20 81
20 82
20 83
20 83
20 84
20 85
20 86
20 87
20 88
20 88
20 89
20 90
20 91
20 91
20 92
20 93
20 94
20 94
20 95
20 96
20 96
20 97
20 97
19 98
19 98
19 98
18 98
18 98
17 97
17 96
17 96
16 95
16 94
16 94
15 93
15 92
14 91
14 91
14 90
13 89
13 88
13 88
12 87
12 86
11 85
11 84
11 84
10 83
9 82
8 81
8 81
8 80
7 79
7 78
7 78
6 77
5 76
5 76
4 75
4 74
3 73
3 73
2 72
2 71
2 71
2 70
1 69
1 68
1 68
1 67
0 66
0 65
0 65
0 64
0 63
0 63
0 62
0 61
0 61
0 60
0 60
1 59
1 59
2 59
2 59
3 58
4 58
4 58
5 58
6 58
7 58
7 58
8 57
9 57
9 57
10 57
11 56
12 56
12 56
13 56
14 55
15 55
15 55
16 55
17 55
18 55
18 55
19 55
20 54
21 54
21 54
22 54
23 54
24 54
24 54
25 54
26 54
26 54
27 55
28 55
28 55
29 56
30 56
30 56
31 57
31 57
31 56
32 55
32 54
33 53
33 52
34 51
34 50
35 49
35 48
36 47
36 46
36 45
37 44
37 43
38 42
38 41
39 40
39 39
40 38
40 37
41 36
41 35
41 34
42 33
42 32
43 31
43 30
44 29
44 28
45 27
45 26
46 25
46 24
47 23
47 22
47 21
48 20
48 19
49 18
49 17
50 16
50 15
51 14
51 13
52 12
52 11
52 10
53 9
53 8
54 7
54 6
55 5
55 4
56 3
56 2
57 1
57 0
57 0
57 1
57 2
57 2
56 2
56 2
56 1
56 1
57 2
57 2
57 2
58 3
58 3
59 3
60 3
60 3
61 3
62 3
62 3
63 3
63 3
64 3
65 3
65 3
66 3
66 3
67 4
67 5
67 5
68 6
68 7
68 7
67 8
67 9
67 9
67 10
66 11
66 12
66 13
66 13
66 14
65 15
65 16
64 17
64 18
64 18
64 19
63 20
63 21
62 22
62 23
62 23
61 24
61 25
60 26
60 27
60 27
59 28
59 29
58 30
58 31
58 31
58 32
57 33
57 34
57 34
57 35
57 36
57 36
57 37
57 37
58 37
58 37
59 37
60 37
60 37
61 36
62 35
62 35
63 34
64 34
64 34
65 33
66 32
66 32
67 32
68 32
68 32
68 32
68 33
68 33
68 34
68 35
68 36
68 36
68 37
67 38
67 39
67 39
66 40
66 41
65 42
65 43
65 43
64 44
64 45
63 46
63 47
62 48
62 49
62 49
62 50
61 51
61 52
60 53
60 54
60 54
60 55
59 56
59 57
58 58
58 59
58 59
57 60
57 61
56 62
56 63
55 64
55 64
55 65
54 66
54 67
54 68
54 68
54 69
53 70
53 71
53 72
53 72
52 73
52 74
52 74
53 74
53 74
54 75
55 75
55 75
56 74
57 73
57 73
58 72
59 72
60 71
60 71
61 70
62 69
63 68
63 68
64 67
65 66
66 65
67 64
67 64
68 63
69 62
69 61
70 60
70 60
71 59
72 58
73 57
73 57
74 56
75 56
76 55
76 55
77 54
77 53
78 52
78 52
79 51
80 51
80 51
81 50
81 49
81 49
82 48
82 48
81 47
80 46
79 46
78 45
77 44
76 43
75 43
74 42
74 42
73 41
72 40
71 39
70 38
70 38
69 37
68 36
68 36
68 35
67 34
67 33
67 33
66 32
66 31
65 30
65 30
65 29
65 28
65 28
64 27
64 27
64 27
64 27
64 28
64 28
65 29
65 30
65 30
65 31
65 32
65 33
65 34
65 35
65 35
65 36
65 37
65 38
65 39
65 40
65 41
65 41
65 42
65 43
65 44
65 45
65 46
65 47
65 47
65 48
65 49
65 50
65 51
65 52
65 53
65 54
65 55
65 55
65 56
65 57
65 58
64 59
64 60
64 61
64 62
64 62
64 63
64 64
64 65
64 66
64 67
64 68
64 69
64 69
64 70
64 71
64 72
64 73
64 74
64 75
64 76
64 76
64 77
64 78
64 79
63 80
63 81
63 82
63 83
63 83
63 84
63 85
63 86
63 87
63 88
63 89
63 89
63 90
64 91
64 92
64 93
64 93
64 94
64 95
64 96
64 96
65 97
65 98
66 99
66 99
67 100
67 100
68 100
69 100
69 100
70 100
71 100
72 100
72 100
73 100
74 99
75 99
75 99
76 98
77 98
78 97
79 97
79 97
80 96
81 95
82 95
83 94
83 94
84 93
85 92
86 91
87 90
87 90
88 89
89 88
89 87
90 86
90 86
91 85
91 84
92 83
92 82
93 81
93 81
94 80
95 79
95 78
96 77
96 77
97 76
97 75
98 74
98 74
99 73
99 72
99 72
100 71
100 70
100 70
100 69
100 68
100 68
99 67
99 66
99 66
99 65
98 64
98 63
