3 77
4 77
4 77
4 76
4 76
4 75
4 75
4 75
4 74
4 74
4 73
4 73
4 72
4 72
4 71
4 71
4 70
4 70
3 69
3 69
3 69
2 69
2 69
1 70
1 71
1 71
1 72
1 73
1 74
1 74
1 75
0 76
0 77
0 78
0 78
0 79
0 80
0 81
0 82
0 82
0 83
0 84
0 85
0 86
0 87
0 87
0 88
0 89
0 90
0 91
0 91
0 92
0 93
0 94
0 95
0 95
0 96
0 97
0 98
0 98
1 99
1 100
1 100
1 100
2 100
2 100
2 99
2 98
2 97
2 97
2 96
2 95
3 94
3 93
3 92
3 91
3 91
3 90
3 89
3 88
4 87
4 86
4 85
4 84
4 84
4 83
4 82
4 81
4 80
5 79
5 78
5 77
5 76
5 75
5 75
5 74
5 73
5 72
5 71
6 70
6 69
6 68
6 67
6 66
6 66
6 65
6 64
6 63
6 62
7 61
7 60
7 59
7 58
7 57
7 56
7 56
7 55
7 54
7 53
7 52
8 51
8 50
8 49
8 48
8 47
8 46
8 46
8 45
8 44
8 43
8 42
8 41
8 40
8 39
8 38
8 37
8 37
8 36
8 35
8 34
8 33
8 32
8 31
8 30
8 30
8 29
8 28
8 27
8 26
8 25
8 25
8 24
8 23
8 23
8 24
8 24
8 25
8 26
8 27
8 28
8 28
8 29
8 30
7 31
7 32
7 33
7 34
7 34
7 35
7 36
7 37
7 38
7 39
7 40
7 41
7 41
7 42
7 43
7 44
7 45
7 46
7 47
7 48
7 49
7 50
7 50
7 51
7 52
7 53
7 54
7 55
7 56
7 57
7 58
7 59
7 59
7 60
7 61
7 62
7 63
7 64
7 65
7 66
7 67
7 67
7 68
7 69
7 70
7 71
7 72
7 73
7 74
7 75
7 76
7 76
7 77
7 78
8 79
8 80
8 81
8 82
8 82
8 83
8 84
9 85
9 86
9 87
9 87
10 88
10 89
10 89
11 89
11 89
12 88
12 88
12 87
13 86
13 85
13 85
13 84
13 83
14 82
14 81
14 80
14 80
14 79
14 78
15 77
15 76
15 75
15 74
15 74
15 73
15 72
16 71
16 70
16 69
16 68
16 68
16 67
16 66
17 65
17 64
17 63
17 62
17 62
17 61
17 60
17 59
17 58
17 58
17 57
17 56
17 55
17 54
17 54
16 53
16 52
16 52
16 51
16 51
15 52
15 52
15 53
15 54
15 55
15 55
15 56
14 57
14 58
14 59
14 59
14 60
14 61
14 62
14 63
14 64
14 64
14 65
14 66
14 67
14 68
14 69
14 70
14 70
14 71
14 72
14 73
14 74
14 75
14 76
14 76
14 77
14 78
14 79
14 80
14 80
14 81
15 82
15 83
15 84
15 84
16 85
16 86
16 86
17 87
17 87
17 87
17 86
18 85
18 84
18 84
19 83
19 82
20 81
20 80
20 80
20 79
20 78
21 77
21 76
21 75
21 74
21 74
21 73
21 72
21 71
22 70
22 69
22 68
22 67
22 67
22 66
22 65
23 64
23 63
23 62
23 61
23 61
23 60
23 59
23 58
23 57
23 56
23 55
23 55
23 54
24 53
24 52
24 51
24 51
24 50
24 49
24 49
24 48
24 48
24 49
24 50
24 50
24 51
24 52
24 53
24 53
24 54
24 55
24 56
24 57
24 58
24 58
24 59
24 60
23 61
23 62
23 63
23 63
23 64
23 65
23 66
23 67
23 68
23 69
23 69
23 70
23 71
23 72
23 73
23 74
23 74
23 75
22 76
22 77
22 78
22 78
22 79
22 80
22 80
22 80
22 80
23 79
23 78
23 78
23 77
23 76
23 75
23 74
23 73
23 73
23 72
23 71
24 70
24 69
24 68
24 67
24 67
24 66
24 65
25 64
25 63
25 62
25 61
25 61
25 60
25 59
26 58
26 57
26 56
26 56
26 55
27 54
27 53
27 52
27 52
28 51
28 50
28 50
28 50
29 51
29 51
29 52
29 53
29 54
29 54
29 55
29 56
29 57
29 58
29 58
29 59
28 60
28 61
28 62
28 62
28 63
28 64
28 65
28 66
28 66
28 67
28 68
28 69
28 70
28 70
28 71
27 72
27 73
27 73
27 74
27 74
27 74
28 74
28 74
28 73
28 72
28 71
28 71
28 70
29 69
29 68
29 67
29 67
29 66
29 65
29 64
29 63
29 62
29 62
29 61
29 60
30 59
30 58
30 57
30 57
30 56
30 55
31 54
31 53
31 52
31 52
31 51
32 50
32 49
32 49
33 48
33 48
33 48
33 49
33 50
33 51
33 51
33 52
33 53
33 54
33 54
33 55
33 56
33 57
33 58
33 59
33 59
33 60
33 61
33 62
33 63
33 64
33 64
33 65
33 66
33 67
33 68
33 69
33 70
33 70
33 71
33 72
33 73
33 74
33 75
33 76
33 76
33 77
33 78
33 79
33 79
33 80
34 81
34 82
34 82
35 83
35 83
36 82
36 82
37 81
37 80
37 80
37 79
38 78
38 77
39 76
39 75
39 75
39 74
39 73
40 72
40 71
40 70
40 69
40 69
40 68
40 67
41 66
41 65
41 64
41 63
41 63
41 62
41 61
42 60
42 59
42 58
42 57
42 57
42 56
42 55
43 54
43 53
43 52
43 51
43 51
43 50
43 49
43 48
43 47
43 46
43 46
43 45
43 44
43 43
43 42
43 42
43 41
43 41
43 41
42 42
42 42
42 43
42 44
42 45
42 45
42 46
41 47
41 48
41 49
41 49
41 50
41 51
40 52
40 53
40 54
40 55
40 55
40 56
40 57
40 58
40 59
40 60
40 60
40 61
40 62
40 63
40 64
40 65
40 65
40 66
40 67
40 68
40 69
40 69
40 70
41 71
41 72
41 73
41 73
41 74
41 75
41 75
42 76
42 76
43 76
43 76
44 75
44 74
44 74
45 73
45 72
46 71
46 70
46 70
46 69
46 68
47 67
47 66
47 65
47 65
47 64
47 63
48 62
48 61
48 60
48 59
48 59
48 58
49 57
49 56
49 55
50 54
50 53
50 53
50 52
50 51
51 50
51 49
51 48
51 47
51 47
51 46
51 45
52 44
52 43
52 42
52 42
52 41
52 40
52 39
52 39
53 38
53 38
53 39
53 39
52 40
52 40
52 41
52 42
52 43
52 44
52 44
52 45
52 46
52 47
52 48
52 49
52 50
52 50
52 51
52 52
51 53
51 54
51 55
51 56
51 56
51 57
51 58
51 59
51 60
51 61
51 61
51 62
50 63
50 64
50 65
50 65
50 66
50 67
50 68
50 68
50 69
50 70
50 70
50 70
50 70
50 69
51 68
51 67
51 67
51 66
51 65
51 64
51 63
51 63
51 62
52 61
52 60
52 59
53 58
53 57
53 57
53 56
53 55
53 54
54 53
54 52
54 51
54 50
54 50
54 49
55 48
55 47
55 46
56 45
56 44
56 44
56 43
57 42
57 41
57 40
57 40
58 39
58 39
58 39
59 40
59 40
59 41
59 42
59 43
59 43
59 44
59 45
59 46
59 47
59 48
59 48
59 49
59 50
58 51
58 52
58 53
58 53
58 54
58 55
58 56
58 57
58 58
58 59
58 59
58 60
58 61
58 62
58 63
58 64
58 64
58 65
58 66
58 67
58 68
58 69
58 69
58 70
58 71
58 72
58 73
58 73
58 74
58 75
58 76
58 76
59 77
59 77
60 77
60 77
60 76
61 75
61 74
61 74
61 73
61 72
62 71
62 70
62 69
62 69
62 68
63 67
63 66
63 65
63 64
64 63
64 62
64 62
64 61
65 60
65 59
65 58
65 57
66 56
66 55
66 54
66 54
66 53
67 52
67 51
67 50
67 49
68 48
68 47
68 46
68 46
68 45
68 44
68 43
69 42
69 41
69 40
69 39
69 38
69 38
69 37
69 36
69 35
70 34
70 33
70 32
70 31
70 31
70 30
70 29
71 28
71 27
71 26
71 26
71 25
71 24
71 23
71 23
71 22
71 22
70 23
70 24
70 24
70 25
70 26
70 26
70 27
70 28
69 29
69 30
69 31
69 31
69 32
69 33
68 34
68 35
68 36
68 36
68 37
68 38
67 39
67 40
67 41
67 42
67 42
67 43
67 44
67 45
67 46
67 47
67 47
67 48
67 49
66 50
66 51
66 52
66 52
66 53
66 54
66 55
66 56
66 57
66 57
66 58
66 59
66 60
66 60
66 61
67 62
67 63
67 64
67 64
67 65
67 66
67 67
67 67
67 68
67 69
67 70
67 70
67 71
67 72
67 73
67 73
67 74
67 75
67 76
67 76
67 77
67 78
67 78
67 79
66 80
66 81
66 81
65 82
65 83
65 83
64 83
64 83
64 83
63 83
63 83
63 82
63 81
63 81
63 80
63 79
64 78
64 77
64 76
64 75
64 74
64 73
65 72
65 71
65 70
65 69
65 68
65 67
66 66
66 65
66 64
66 63
66 62
66 61
67 60
67 59
67 58
67 57
67 56
67 55
68 54
68 53
68 52
68 51
68 50
68 49
69 48
69 47
69 46
69 46
69 45
70 44
70 43
70 42
71 41
71 40
71 40
72 39
72 38
72 38
72 38
73 39
73 39
73 40
73 41
73 41
73 42
73 43
73 44
73 45
73 45
73 46
72 47
72 48
72 49
72 49
72 50
72 51
72 52
72 53
72 54
72 55
72 55
72 56
72 57
72 58
72 59
72 60
72 60
72 61
72 62
72 63
72 64
72 65
72 65
72 66
72 67
71 68
71 69
71 70
71 70
71 71
71 72
71 73
71 74
71 74
71 75
71 76
71 77
71 77
71 78
71 78
71 78
71 77
71 77
71 76
72 75
72 74
72 74
72 73
72 72
72 71
72 70
72 69
72 68
72 68
72 67
72 66
72 65
72 64
72 63
72 62
72 61
72 60
72 59
72 58
72 57
72 56
72 55
72 54
72 53
72 52
72 51
72 50
72 49
72 48
73 47
73 46
73 45
73 44
73 43
73 42
73 41
73 40
73 39
73 38
73 37
73 36
73 35
73 34
73 33
73 32
73 31
73 30
73 29
73 28
73 27
73 27
73 26
73 25
73 24
73 23
73 22
73 21
74 20
74 19
74 18
74 17
74 16
74 15
74 14
74 13
74 13
74 12
74 11
74 10
74 9
74 8
74 8
74 7
73 6
73 5
73 4
73 4
73 3
73 2
73 2
73 1
73 0
73 0
73 0
73 0
73 1
73 1
73 2
73 2
74 3
74 4
74 4
74 5
74 6
74 7
74 7
74 8
74 9
74 10
75 11
75 12
75 13
75 14
75 15
75 16
76 17
76 18
76 19
76 20
76 21
76 22
77 23
77 24
77 25
77 26
77 27
77 28
78 29
78 30
78 31
78 32
78 32
78 33
79 34
79 35
79 35
79 35
79 36
79 37
79 37
79 38
78 39
78 40
78 40
78 41
78 42
78 43
78 44
78 44
78 45
78 46
78 47
78 48
78 48
78 49
78 50
78 51
78 52
78 53
78 54
78 54
78 55
78 56
78 57
78 58
78 59
78 59
78 60
78 61
78 62
78 63
78 63
79 64
79 65
79 65
79 66
79 67
79 67
80 67
80 67
81 66
81 66
81 65
82 64
82 63
82 63
82 62
83 61
83 60
83 59
83 59
83 58
83 57
84 56
84 55
84 54
84 54
84 53
84 52
85 51
85 50
85 49
85 49
85 48
85 47
85 46
85 45
85 45
85 44
85 43
85 43
84 42
84 42
83 42
83 42
82 42
82 42
81 43
80 44
80 44
80 45
80 46
80 46
79 47
79 47
79 48
79 48
79 48
80 48
80 48
81 47
81 47
82 46
82 45
83 44
83 44
84 43
84 42
84 42
85 41
85 40
86 39
86 39
87 38
88 38
88 38
89 38
89 38
90 39
90 40
90 40
90 41
91 42
91 43
91 43
91 44
91 45
91 46
91 47
91 47
91 48
91 49
91 50
91 51
91 52
91 52
91 53
91 54
90 55
90 56
90 57
90 57
90 58
90 59
90 60
90 61
90 61
90 62
89 63
89 64
89 65
89 65
89 66
89 67
89 67
88 68
88 69
88 69
88 69
89 68
89 67
89 67
89 66
90 65
90 64
90 63
90 63
90 62
90 61
91 60
91 59
91 58
91 58
91 57
92 56
92 55
92 54
92 53
93 52
93 51
93 51
93 50
94 49
94 48
94 47
94 46
95 45
95 44
95 43
95 43
95 42
96 41
96 40
97 39
97 38
97 38
98 37
98 36
98 36
99 35
99 35
99 36
99 37
99 37
99 38
99 39
99 40
99 40
99 41
99 42
99 43
99 44
99 45
99 45
99 46
99 47
99 48
99 49
99 50
99 51
99 51
99 52
99 53
99 54
99 55
99 56
99 57
99 57
99 58
99 59
98 60
98 61
98 62
98 62
98 63
98 64
98 65
98 66
