3 89
3 88
3 87
3 86
4 85
4 84
4 83
4 82
4 82
4 81
5 80
5 79
5 79
5 78
5 77
5 76
5 75
5 75
4 74
4 73
4 73
4 72
4 72
4 71
4 71
3 70
3 70
2 69
2 69
2 70
2 70
2 71
1 72
1 73
1 73
1 74
0 75
0 76
0 77
0 77
0 78
0 79
0 80
0 81
0 82
0 82
0 83
0 84
0 85
0 86
0 87
0 88
0 88
0 89
0 90
0 91
0 92
0 92
0 93
0 94
0 95
0 96
0 96
1 97
1 98
1 98
2 98
2 98
2 97
2 97
2 96
3 95
3 94
3 93
3 93
3 92
3 91
4 90
4 89
4 88
4 88
4 87
4 86
4 85
4 84
5 83
5 82
5 81
5 80
5 79
5 79
5 78
5 77
5 76
5 75
6 74
6 73
6 72
6 71
6 70
6 69
6 69
6 68
6 67
6 66
6 65
6 64
7 63
7 62
7 61
7 60
7 59
7 58
7 58
7 57
7 56
7 55
7 54
7 53
7 52
7 51
7 50
7 49
7 48
7 47
7 47
7 46
7 45
7 44
7 43
7 42
8 41
8 40
8 39
8 38
8 37
8 36
8 36
8 35
8 34
8 33
8 32
8 31
8 30
8 29
8 28
8 28
8 27
8 26
8 25
8 24
8 23
8 23
8 24
8 24
8 25
7 26
7 27
7 28
7 28
7 29
7 30
7 31
7 32
7 33
7 34
7 34
7 35
7 36
7 37
7 38
7 39
7 40
7 41
7 42
7 43
7 44
7 44
7 45
7 46
7 47
7 48
6 49
6 50
6 51
6 52
6 53
6 54
6 54
6 55
6 56
6 57
6 58
6 59
6 60
6 61
6 62
6 63
6 64
6 65
6 65
6 66
6 67
6 68
6 69
6 70
6 71
6 72
6 73
6 74
6 75
6 75
6 76
6 77
6 78
6 79
6 80
6 81
6 82
6 83
6 83
6 84
6 85
7 86
7 87
7 88
7 89
7 89
7 90
7 91
7 92
7 92
8 93
8 94
8 94
9 94
9 94
10 93
10 92
11 91
11 91
11 90
12 89
12 88
12 87
12 87
12 86
12 85
12 84
13 83
13 82
13 81
13 80
13 80
13 79
14 78
14 77
14 76
14 75
15 74
15 73
15 73
15 72
15 71
16 70
16 69
16 68
16 68
16 67
16 66
16 65
16 64
16 63
16 63
16 62
16 61
16 60
16 59
16 59
16 58
16 58
15 59
15 59
15 60
14 61
14 62
14 63
14 63
14 64
14 65
14 66
14 67
14 68
14 69
14 69
14 70
14 71
14 72
13 73
13 74
13 75
13 76
13 76
13 77
13 78
13 79
13 80
13 81
13 82
13 83
13 84
13 84
13 85
13 86
13 87
13 88
13 89
13 90
13 90
13 91
13 92
13 93
13 94
13 95
13 95
13 96
14 97
14 98
14 98
14 99
14 100
14 100
15 100
15 100
16 99
16 98
16 98
16 97
17 96
17 95
17 94
17 94
17 93
17 92
17 91
18 90
18 89
18 88
18 87
18 87
18 86
19 85
19 84
19 83
19 82
20 81
20 80
20 79
20 79
20 78
20 77
20 76
21 75
21 74
21 73
21 72
21 71
21 71
21 70
21 69
21 68
22 67
22 66
22 65
22 64
22 63
22 63
22 62
22 61
22 60
22 59
22 58
22 57
22 57
22 56
23 55
23 54
23 54
23 54
23 55
23 56
23 56
23 57
23 58
23 59
23 60
23 61
23 62
23 62
23 63
23 64
22 65
22 66
22 67
22 68
22 68
22 69
22 70
22 71
22 72
22 73
22 74
22 74
22 75
22 76
22 77
22 78
22 79
22 80
22 80
22 81
22 82
22 83
22 84
22 84
22 85
22 86
22 87
22 87
22 88
22 88
22 87
22 87
22 86
22 85
22 85
22 84
22 83
23 82
23 81
23 80
23 80
23 79
23 78
23 77
24 76
24 75
24 74
24 73
24 73
24 72
24 71
24 70
25 69
25 68
25 67
25 66
25 66
25 65
25 64
26 63
26 62
26 61
26 60
26 60
27 59
27 58
27 58
28 58
28 58
28 59
28 60
28 60
28 61
28 62
28 63
28 64
28 65
28 65
28 66
28 67
28 68
28 69
28 70
28 71
28 71
28 72
28 73
27 74
27 75
27 76
27 76
27 77
27 78
27 79
27 80
27 80
27 81
27 82
27 82
27 83
27 83
27 82
27 82
27 81
27 81
27 80
27 79
27 78
27 77
27 77
27 76
27 75
28 74
28 73
28 72
28 72
28 71
28 70
29 69
29 68
29 67
29 66
29 66
29 65
29 64
30 63
30 62
30 61
30 60
30 60
30 59
31 58
31 57
31 56
31 56
31 55
32 54
32 53
32 53
32 53
32 54
32 55
32 55
32 56
32 57
32 58
32 59
32 59
32 60
32 61
32 62
32 63
32 64
32 65
32 65
32 66
32 67
32 68
32 69
32 70
32 70
32 71
32 72
32 73
32 74
32 75
32 76
32 76
32 77
32 78
32 79
32 80
32 81
32 81
32 82
32 83
32 84
32 84
32 85
32 86
32 87
32 87
33 88
33 88
34 87
34 87
35 86
35 85
35 85
35 84
35 83
36 82
36 81
36 80
36 80
36 79
36 78
37 77
37 76
37 75
37 75
37 74
38 73
38 72
38 71
39 70
39 69
39 69
39 68
39 67
39 66
40 65
40 64
40 63
40 62
40 62
40 61
40 60
41 59
41 58
41 57
41 57
41 56
41 55
41 54
41 53
41 52
41 52
41 51
41 50
41 49
41 49
40 48
40 48
40 49
40 49
39 50
39 51
39 51
39 52
39 53
38 54
38 55
38 56
38 56
38 57
38 58
38 59
38 60
38 61
38 62
38 62
38 63
38 64
38 65
38 66
38 67
38 68
38 68
38 69
38 70
37 71
37 72
37 73
37 74
37 74
37 75
37 76
38 77
38 78
38 79
38 80
38 80
38 81
38 82
38 83
38 84
38 85
38 85
38 86
38 87
38 88
38 89
38 89
39 90
39 91
39 91
40 92
40 92
41 91
41 91
41 90
42 89
42 88
42 87
42 87
42 86
43 85
43 84
43 83
44 82
44 81
44 81
44 80
44 79
44 78
45 77
45 76
45 75
45 74
45 74
45 73
46 72
46 71
46 70
46 69
47 68
47 67
47 67
47 66
47 65
47 64
48 63
48 62
48 61
48 60
48 59
48 59
48 58
48 57
48 56
49 55
49 54
49 53
49 52
49 52
49 51
50 50
50 49
50 48
50 48
50 47
50 46
50 45
50 45
51 44
51 44
51 45
51 45
50 46
50 47
50 47
50 48
50 49
50 50
50 51
50 52
50 52
50 53
50 54
50 55
50 56
50 57
50 58
50 58
50 59
50 60
50 61
50 62
50 63
50 64
50 65
50 65
50 66
50 67
49 68
49 69
49 70
49 70
49 71
49 72
49 73
49 74
49 75
49 75
49 76
49 77
49 78
49 79
49 80
49 80
49 81
49 82
49 83
49 83
49 84
49 85
49 85
48 86
48 86
48 86
49 85
49 85
49 84
49 83
49 82
49 82
49 81
49 80
50 79
50 78
50 77
50 77
50 76
50 75
51 74
51 73
51 72
51 71
51 71
51 70
51 69
51 68
52 67
52 66
52 65
52 64
52 64
52 63
53 62
53 61
53 60
53 59
54 58
54 57
54 57
54 56
54 55
55 54
55 53
55 52
55 52
55 51
56 50
56 49
56 49
57 49
57 49
58 50
58 51
58 51
58 52
58 53
58 54
58 54
58 55
58 56
58 57
58 58
58 59
58 59
58 60
58 61
58 62
58 63
58 64
58 64
58 65
58 66
58 67
58 68
58 69
58 69
58 70
58 71
58 72
58 73
58 74
58 74
58 75
57 76
57 77
57 77
58 78
58 79
58 79
58 79
59 78
59 78
59 77
60 76
60 75
60 75
60 74
61 73
61 72
61 71
62 70
62 69
62 69
62 68
63 67
63 66
63 65
63 64
64 63
64 62
64 61
64 61
64 60
65 59
65 58
65 57
65 56
66 55
66 54
66 53
66 53
66 52
67 51
67 50
67 49
67 48
68 47
68 46
68 45
68 45
68 44
69 43
69 42
69 41
69 40
70 39
70 38
70 37
70 37
70 36
70 35
70 34
70 33
70 33
71 32
71 31
71 31
70 32
70 32
69 33
69 34
69 34
69 35
69 36
68 37
68 38
68 39
68 39
68 40
68 41
67 42
67 43
67 44
67 44
67 45
67 46
66 47
66 48
66 49
66 50
66 50
66 51
66 52
66 53
66 54
66 55
66 55
66 56
66 57
66 58
66 59
66 60
66 60
66 61
66 62
66 63
66 64
66 64
66 65
67 66
67 67
67 68
67 68
67 69
67 70
67 71
67 71
68 72
68 73
68 73
68 74
68 75
68 75
68 76
68 76
68 77
68 77
68 77
67 78
67 78
66 77
66 77
65 77
65 77
65 76
65 75
65 75
65 74
65 73
65 73
65 72
65 71
65 70
65 70
65 69
66 68
66 67
66 66
66 66
66 65
66 64
67 63
67 62
67 61
67 61
67 60
67 59
68 58
68 57
68 56
68 56
69 55
69 54
70 53
70 53
71 52
71 51
71 51
72 50
72 50
73 51
73 51
73 52
73 53
73 54
73 54
73 55
73 56
73 57
73 58
73 58
73 59
73 60
73 61
73 62
73 63
73 64
73 64
73 65
73 66
73 67
73 68
73 68
73 69
73 70
73 71
73 72
73 72
73 73
73 74
73 74
73 74
73 74
73 73
73 72
73 71
73 71
73 70
73 69
74 68
74 67
74 66
74 65
74 65
74 64
74 63
74 62
74 61
74 60
74 59
74 58
74 57
74 57
74 56
74 55
74 54
75 53
75 52
75 51
75 50
75 49
75 49
75 48
75 47
75 46
75 45
76 44
76 43
76 42
76 41
76 40
76 39
76 39
76 38
76 37
76 36
76 35
76 34
77 33
77 32
77 31
77 30
77 29
77 28
77 28
77 27
77 26
77 25
77 24
77 23
78 22
78 21
78 20
78 19
78 18
78 17
78 17
78 16
78 15
78 14
78 13
78 12
78 11
78 10
78 9
78 9
78 8
78 7
78 6
78 5
78 4
78 3
78 3
78 2
78 1
78 1
77 0
77 0
77 1
77 1
77 2
77 3
77 4
77 4
77 5
77 6
77 7
77 8
77 8
77 9
77 10
77 11
77 12
77 13
77 13
77 14
77 15
77 16
77 17
77 18
77 18
77 19
77 20
78 21
78 22
78 23
78 24
78 24
78 25
78 26
78 27
78 28
78 29
78 29
78 30
79 31
79 32
79 33
79 33
80 34
80 35
80 35
81 36
81 37
81 37
81 38
81 38
82 39
82 40
82 40
82 41
82 42
82 43
82 43
82 44
82 45
82 46
82 47
82 47
82 48
82 49
81 50
81 51
81 52
81 52
81 53
81 54
81 55
81 56
81 57
81 58
81 58
81 59
81 60
80 61
80 62
80 63
80 64
80 64
80 65
80 66
80 67
80 68
80 69
80 70
80 70
80 71
80 72
80 73
80 74
80 74
80 75
80 76
80 77
80 77
80 78
80 79
80 79
81 78
81 78
82 77
82 76
82 76
82 75
82 74
83 73
83 72
83 71
83 71
83 70
83 69
84 68
84 67
84 66
84 66
84 65
84 64
85 63
85 62
85 61
85 60
85 60
85 59
85 58
85 57
85 56
85 55
85 55
85 54
85 53
85 52
85 51
85 51
85 50
85 49
85 48
85 48
84 47
84 47
83 47
83 47
82 47
82 47
81 48
81 48
81 49
81 49
81 49
82 49
82 49
83 49
83 49
84 48
84 48
85 48
86 48
86 48
87 49
87 50
87 50
88 51
88 52
89 53
89 53
89 54
89 55
89 56
89 57
89 57
89 58
89 59
90 60
90 61
90 62
90 62
90 63
90 64
90 65
90 66
90 66
90 67
90 68
90 69
90 69
90 70
90 71
90 72
90 72
90 73
90 74
90 74
90 74
90 74
90 73
90 72
90 71
90 71
90 70
91 69
91 68
91 67
91 67
91 66
91 65
91 64
92 63
92 62
92 61
92 60
92 60
92 59
93 58
93 57
93 56
94 55
94 54
94 54
94 53
95 52
95 51
95 51
96 50
97 49
97 49
98 50
98 50
98 51
98 52
98 53
98 54
98 54
98 55
98 56
99 57
99 58
99 59
99 59
99 60
99 61
99 62
99 63
99 64
99 65
99 65
99 66
99 67
99 68
99 69
99 70
99 71
99 71
99 72
99 73
100 74
100 75
100 76
