5 68
5 67
5 66
5 65
5 64
5 63
5 62
5 61
5 61
5 60
5 59
5 58
5 58
5 57
4 56
4 55
4 55
4 54
4 53
4 53
3 52
3 52
3 52
2 53
2 53
2 54
2 55
2 55
2 56
2 57
1 58
1 59
1 60
1 61
1 61
1 62
1 63
1 64
1 65
0 66
0 67
0 68
0 69
0 70
0 70
0 71
0 72
0 73
0 74
0 75
0 76
0 77
0 78
0 79
0 79
0 80
0 81
0 82
0 83
0 84
0 85
0 86
0 87
0 88
0 88
0 89
0 90
0 91
0 92
0 93
0 94
0 94
0 95
0 96
0 97
0 98
0 99
0 99
0 100
0 100
1 99
1 99
1 98
1 97
1 96
1 96
1 95
1 94
1 93
2 92
2 91
2 90
2 89
2 88
2 88
2 87
2 86
2 85
2 84
3 83
3 82
3 81
3 80
3 79
3 78
3 78
3 77
3 76
4 75
4 74
4 73
4 72
4 71
4 70
5 69
5 68
5 67
5 66
5 66
5 65
5 64
5 63
5 62
5 61
5 60
5 59
5 58
5 57
5 56
5 55
5 54
5 53
5 53
5 52
5 51
5 50
5 49
5 48
6 47
6 46
6 45
6 44
6 43
6 42
6 41
6 41
6 40
6 39
6 38
6 37
6 36
6 35
6 34
6 33
6 32
6 31
6 30
6 29
6 29
6 28
6 27
6 26
6 25
6 24
6 23
6 22
6 22
6 21
6 20
6 19
6 18
6 17
6 17
6 17
6 18
6 19
6 20
6 21
6 22
6 22
6 23
6 24
6 25
6 26
6 27
6 28
6 29
6 29
6 30
6 31
6 32
6 33
6 34
5 35
5 36
5 37
5 38
5 39
5 40
5 41
5 41
5 42
5 43
5 44
5 45
5 46
5 47
5 48
5 49
5 50
5 51
5 52
5 53
5 53
5 54
5 55
5 56
5 57
5 58
5 59
5 60
5 61
5 62
5 63
5 64
5 65
5 66
5 66
5 67
5 68
5 69
5 70
5 71
5 72
5 73
5 74
5 74
5 75
5 76
5 77
6 78
6 79
6 80
6 81
6 81
6 82
6 83
6 84
6 85
6 86
6 87
6 87
7 88
7 89
7 89
8 89
8 89
9 88
9 87
9 87
9 86
10 85
10 84
11 83
11 82
11 82
11 81
11 80
11 79
12 78
12 77
12 76
12 75
12 75
12 74
12 73
12 72
13 71
13 70
13 69
13 68
13 68
13 67
13 66
13 65
14 64
14 63
14 62
14 61
14 61
14 60
14 59
15 58
15 57
15 56
15 55
15 55
15 54
15 53
15 52
15 51
15 50
15 50
15 49
15 48
15 47
15 47
14 47
14 47
13 48
13 49
13 49
13 50
13 51
13 52
13 52
13 53
13 54
12 55
12 56
12 57
12 58
12 58
12 59
12 60
12 61
12 62
12 63
12 64
12 65
12 65
12 66
12 67
12 68
12 69
12 70
12 71
12 71
12 72
12 73
12 74
12 75
12 76
12 77
12 77
12 78
12 79
13 80
13 81
13 82
13 82
13 83
14 84
14 85
14 86
14 86
14 87
14 87
15 88
15 88
16 87
16 86
16 86
16 85
17 84
17 83
17 82
17 82
17 81
17 80
18 79
18 78
18 77
18 77
18 76
18 75
18 74
19 73
19 72
19 71
19 70
19 70
19 69
19 68
20 67
20 66
20 65
20 64
20 64
20 63
20 62
21 61
21 60
21 59
21 58
21 58
21 57
21 56
21 55
21 54
21 53
21 52
21 52
21 51
22 50
22 49
22 49
22 49
22 50
22 51
22 51
22 52
22 53
22 54
22 55
22 56
22 56
22 57
22 58
22 59
22 60
22 61
22 62
22 62
22 63
22 64
22 65
22 66
22 67
22 68
22 68
22 69
22 70
22 71
22 72
22 73
22 73
22 74
21 75
21 76
21 77
21 77
21 78
21 79
21 80
21 80
21 81
21 81
21 80
21 80
21 79
21 79
21 78
21 77
22 76
22 75
22 74
22 74
22 73
22 72
22 71
23 70
23 69
23 68
23 67
23 67
23 66
23 65
23 64
24 63
24 62
24 61
24 60
24 60
24 59
24 58
24 57
25 56
25 55
25 54
25 53
25 52
25 52
25 51
25 50
26 49
26 48
26 47
26 47
26 46
27 45
27 44
27 44
28 44
28 44
28 45
28 46
28 47
28 47
28 48
28 49
28 50
28 51
28 51
28 52
28 53
28 54
28 55
28 56
28 57
28 57
28 58
28 59
28 60
28 61
28 62
28 62
28 63
28 64
27 65
27 66
27 67
27 67
27 68
27 69
27 70
27 70
27 71
27 71
27 71
27 70
27 70
27 69
27 68
27 67
27 67
27 66
27 65
28 64
28 63
28 62
28 62
28 61
28 60
29 59
29 58
29 57
29 56
29 56
29 55
29 54
30 53
30 52
30 51
30 51
30 50
31 49
31 48
31 47
31 47
32 46
32 46
33 46
33 46
33 47
33 48
33 49
33 49
33 50
33 51
33 52
33 53
33 54
33 54
33 55
33 56
33 57
33 58
33 59
33 60
33 60
33 61
33 62
33 63
33 64
33 64
33 65
34 66
34 67
34 68
34 68
34 69
34 70
34 70
35 71
35 71
36 71
36 71
36 70
36 69
36 69
36 68
37 67
37 66
37 65
37 65
37 64
38 63
38 62
39 61
39 60
39 60
39 59
39 58
40 57
40 56
40 55
40 54
40 54
40 53
40 52
40 51
40 50
40 49
40 48
40 48
40 47
41 46
41 45
41 44
41 44
41 43
41 42
41 41
41 40
41 39
41 39
41 38
41 37
41 37
40 36
40 36
40 36
40 37
39 38
39 39
39 39
39 40
39 41
39 42
39 43
39 43
39 44
39 45
38 46
38 47
38 48
38 49
38 49
38 50
38 51
38 52
38 53
38 54
38 55
38 55
38 56
38 57
38 58
38 59
38 60
38 61
38 61
38 62
38 63
38 64
38 65
38 66
38 66
38 67
38 68
38 69
38 69
38 70
39 71
39 72
39 72
39 72
40 72
40 72
41 71
41 70
41 70
41 69
41 68
42 67
42 66
42 65
42 65
42 64
43 63
43 62
43 61
44 60
44 59
44 59
44 58
44 57
44 56
45 55
45 54
45 53
45 52
45 52
45 51
45 50
46 49
46 48
46 47
46 46
46 46
46 45
47 44
47 43
47 42
47 42
47 41
48 40
48 39
48 39
48 38
48 38
48 39
48 39
48 40
48 41
48 42
48 42
48 43
48 44
48 45
48 46
48 46
48 47
48 48
47 49
47 50
47 51
47 52
47 52
47 53
47 54
47 55
47 56
47 57
47 57
47 58
47 59
47 60
47 61
47 61
47 62
46 63
46 64
46 65
46 65
46 66
46 66
46 66
46 66
46 65
46 65
46 64
46 63
47 62
47 61
47 60
47 60
47 59
47 58
48 57
48 56
48 55
48 54
48 54
48 53
49 52
49 51
49 50
49 49
50 48
50 47
50 47
50 46
51 45
51 44
51 43
52 42
52 41
52 41
52 40
52 39
53 38
53 37
53 36
53 36
54 35
54 34
55 33
55 33
55 33
56 34
56 35
56 35
56 36
56 37
56 38
56 39
56 39
56 40
56 41
56 42
56 43
56 44
56 45
56 45
56 46
56 47
56 48
55 49
55 50
55 51
55 52
55 52
55 53
55 54
55 55
55 56
55 57
55 58
55 59
55 59
55 60
55 61
54 62
54 63
54 64
54 64
54 65
54 66
54 67
54 68
54 69
54 69
54 70
55 71
55 72
55 72
55 73
55 73
56 73
56 73
57 72
57 71
57 71
57 70
58 69
58 68
58 67
58 67
58 66
59 65
59 64
59 63
59 62
60 61
60 60
60 60
60 59
60 58
61 57
61 56
61 55
61 54
62 53
62 52
62 51
62 51
62 50
63 49
63 48
63 47
63 46
64 45
64 44
64 43
64 43
64 42
65 41
65 40
65 39
65 38
66 37
66 36
66 35
66 35
66 34
66 33
66 32
67 31
67 30
67 29
67 28
67 28
67 27
68 26
68 25
68 24
68 24
68 23
68 23
68 24
68 24
68 25
68 26
68 26
68 27
68 28
67 29
67 30
67 31
67 31
67 32
67 33
66 34
66 35
66 36
66 37
66 37
66 38
66 39
66 40
66 41
66 42
66 42
66 43
66 44
65 45
65 46
65 47
65 47
65 48
65 49
65 50
65 51
65 51
65 52
65 53
65 54
65 55
65 55
65 56
66 57
66 58
66 59
66 59
66 60
66 61
66 62
66 62
66 63
67 64
67 65
67 65
68 66
68 67
68 67
68 68
68 69
68 69
68 70
68 71
68 71
68 72
68 72
67 73
67 73
66 74
66 74
65 74
65 74
64 74
64 74
64 73
64 73
64 72
63 71
63 70
63 70
63 69
63 68
64 67
64 66
64 65
64 64
65 63
65 62
65 61
65 60
66 59
66 58
66 57
66 56
66 55
67 54
67 53
67 52
67 51
68 50
68 49
68 48
68 48
68 47
68 46
69 45
69 44
69 43
69 42
69 41
69 40
70 39
70 38
70 37
70 37
71 36
71 35
72 34
72 34
73 33
73 33
73 34
73 34
73 35
73 36
73 37
73 38
73 38
73 39
74 40
74 41
74 42
74 42
74 43
74 44
73 45
73 46
73 47
73 48
73 48
73 49
73 50
73 51
73 52
73 53
73 54
73 54
73 55
73 56
73 57
73 58
73 59
73 60
73 60
73 61
73 62
73 63
73 64
73 65
73 65
73 66
72 67
72 68
72 68
72 69
72 69
72 69
73 68
73 67
73 67
73 66
73 65
73 64
73 63
73 62
73 62
73 61
73 60
73 59
74 58
74 57
74 56
74 55
74 55
74 54
74 53
74 52
75 51
75 50
75 49
75 48
75 47
75 47
75 46
75 45
75 44
76 43
76 42
76 41
76 40
76 39
76 39
76 38
76 37
76 36
76 35
76 34
76 33
76 32
76 31
76 30
76 29
76 29
76 28
76 27
76 26
76 25
76 24
76 23
76 22
76 21
76 21
76 20
76 19
76 18
76 17
76 16
76 15
76 14
76 13
76 13
76 12
76 11
76 10
76 9
76 8
76 7
76 6
76 6
76 5
76 4
76 3
76 2
76 2
75 1
75 0
75 0
75 0
75 1
75 1
75 2
75 2
75 3
75 3
75 4
75 5
75 5
75 6
76 7
76 8
76 8
76 9
76 10
76 11
76 11
76 12
77 13
77 14
77 15
78 16
78 17
78 18
79 19
79 20
79 21
80 22
80 23
80 24
81 25
81 26
81 27
82 28
82 29
82 29
82 30
82 31
82 32
82 33
82 34
82 34
82 34
81 35
81 36
80 37
80 38
80 38
80 39
80 40
80 41
80 42
80 43
80 44
80 44
80 45
80 46
80 47
80 48
80 49
80 49
80 50
80 51
79 52
79 53
79 54
79 55
79 55
79 56
79 57
79 58
79 59
79 60
79 60
79 61
80 62
80 63
80 63
80 64
80 64
81 64
81 64
81 63
82 62
82 61
82 61
82 60
83 59
83 58
83 57
83 57
83 56
83 55
83 54
84 53
84 52
84 51
84 50
84 50
84 49
85 48
85 47
85 46
85 46
85 45
85 44
85 43
85 42
85 42
85 41
85 40
85 39
85 38
85 38
85 37
85 36
85 36
84 35
84 35
83 35
83 35
82 36
82 36
81 37
81 37
81 38
81 38
81 38
81 38
82 37
82 36
82 36
83 35
84 34
84 34
85 33
86 32
86 32
87 31
88 31
88 31
89 32
90 32
90 32
90 33
91 34
91 35
91 35
91 36
91 37
91 38
91 38
91 39
92 40
92 41
92 41
92 42
92 43
92 44
92 45
92 45
92 46
92 47
92 48
92 48
92 49
91 50
91 51
91 51
91 52
91 52
91 52
91 51
91 51
91 50
92 49
92 48
92 48
92 47
93 46
93 45
93 44
93 44
93 43
93 42
94 41
94 40
94 39
94 38
94 38
95 37
95 36
96 35
96 34
96 34
97 33
97 32
97 32
98 32
98 32
98 33
98 34
98 34
98 35
99 36
99 37
99 37
99 38
99 39
99 40
99 41
99 42
99 42
99 43
99 44
99 45
99 46
99 46
99 47
99 48
99 49
99 50
99 50
99 51
99 52
99 53
99 54
99 54
99 55
100 56
100 57
