6 80
6 79
6 78
6 77
6 76
6 76
5 75
5 74
5 74
5 73
5 72
5 72
5 71
5 70
5 70
4 69
4 68
4 68
4 67
4 66
4 66
3 65
3 64
3 64
2 64
2 64
1 64
1 64
1 65
1 66
1 67
1 67
1 68
1 69
0 70
0 71
0 72
0 73
0 73
0 74
0 75
0 76
0 77
0 78
0 79
0 80
0 80
0 81
0 82
0 83
0 84
0 85
0 86
0 87
0 87
0 88
0 89
0 90
0 91
0 92
0 93
0 93
0 94
0 95
0 96
0 97
0 98
0 98
0 99
0 100
0 100
1 100
1 100
2 99
2 99
2 98
2 97
3 96
3 95
3 94
3 93
3 93
3 92
3 91
3 90
4 89
4 88
4 87
4 86
4 85
4 85
4 84
4 83
4 82
4 81
5 80
5 79
5 78
5 77
5 76
5 75
5 75
5 74
5 73
5 72
5 71
5 70
6 69
6 68
6 67
6 66
6 65
6 64
6 64
6 63
6 62
6 61
6 60
6 59
7 58
7 57
7 56
7 55
7 54
7 53
7 52
7 52
7 51
7 50
7 49
7 48
7 47
7 46
7 45
7 44
7 43
7 42
7 41
7 40
7 40
7 39
7 38
7 37
7 36
7 35
8 34
8 33
8 32
8 31
8 30
8 29
8 28
8 28
8 27
8 26
8 25
8 24
8 23
8 22
8 21
8 20
8 19
8 18
8 17
8 16
8 16
8 15
8 14
8 13
8 12
8 12
8 11
8 11
7 12
7 13
7 13
7 14
7 15
7 16
7 17
7 18
7 19
7 20
7 20
7 21
7 22
7 23
7 24
6 25
6 26
6 27
6 28
6 29
6 30
6 30
6 31
6 32
6 33
6 34
6 35
6 36
6 37
6 38
6 39
6 40
6 41
6 41
6 42
6 43
6 44
6 45
6 46
6 47
6 48
6 49
6 50
6 51
6 52
6 53
6 54
6 54
6 55
6 56
6 57
6 58
6 59
6 60
6 61
6 62
6 63
6 64
6 65
6 66
6 67
6 67
6 68
6 69
6 70
6 71
6 72
6 73
6 74
6 75
6 76
6 77
6 78
6 78
6 79
6 80
6 81
6 82
6 83
6 84
6 85
6 86
6 86
6 87
6 88
7 89
7 90
7 91
7 91
7 92
8 93
8 94
8 94
9 94
9 94
10 93
11 93
11 93
11 92
12 91
12 90
12 89
12 89
12 88
13 87
13 86
13 85
14 84
14 83
14 83
14 82
14 81
14 80
15 79
15 78
15 77
15 76
15 75
15 75
15 74
15 73
15 72
16 71
16 70
16 69
16 68
16 68
16 67
16 66
17 65
17 64
17 63
17 62
17 62
17 61
17 60
17 59
17 58
17 58
17 57
17 56
17 55
17 54
17 54
16 53
16 52
16 52
16 51
16 50
16 50
15 51
15 52
15 52
15 53
15 54
15 55
15 56
15 56
15 57
15 58
14 59
14 60
14 61
14 61
14 62
14 63
14 64
14 65
14 66
14 67
14 67
14 68
14 69
14 70
14 71
14 72
14 73
14 73
14 74
14 75
14 76
15 77
15 78
15 79
15 80
15 80
15 81
15 82
15 83
15 84
15 84
15 85
16 86
16 87
16 87
17 88
17 88
18 88
18 88
19 87
19 86
19 86
19 85
20 84
20 83
20 83
20 82
20 81
21 80
21 79
21 78
21 77
21 77
21 76
21 75
21 74
22 73
22 72
22 71
22 70
22 70
22 69
22 68
22 67
23 66
23 65
23 64
23 63
23 62
23 62
23 61
23 60
23 59
24 58
24 57
24 56
24 55
24 55
24 54
24 53
24 52
25 51
25 50
25 49
25 48
25 48
25 47
25 46
25 46
25 45
25 45
25 46
25 47
25 47
25 48
25 49
25 50
25 51
25 52
25 52
25 53
25 54
25 55
25 56
25 57
25 58
25 59
25 59
25 60
25 61
24 62
24 63
24 64
24 65
24 65
24 66
24 67
24 68
24 69
24 70
24 71
24 71
24 72
24 73
24 74
24 75
24 76
24 77
24 77
24 78
24 79
24 80
24 80
24 81
24 81
24 81
24 81
24 80
24 79
24 78
24 78
24 77
24 76
25 75
25 74
25 73
25 73
25 72
25 71
25 70
26 69
26 68
26 67
26 66
26 66
26 65
26 64
26 63
27 62
27 61
27 60
27 59
27 59
27 58
27 57
28 56
28 55
28 54
28 54
28 53
29 52
29 51
29 51
30 50
30 50
30 51
30 52
30 52
30 53
30 54
30 55
30 56
30 56
30 57
30 58
30 59
30 60
30 61
30 61
30 62
30 63
30 64
30 65
30 65
30 66
30 67
30 68
30 69
30 70
30 70
30 71
29 72
29 73
29 73
29 74
29 75
29 75
29 76
29 76
29 76
29 75
29 74
29 73
29 73
29 72
30 71
30 70
30 70
30 69
30 68
30 67
30 66
30 65
30 65
30 64
30 63
31 62
31 61
31 60
31 60
31 59
31 58
32 57
32 56
32 55
32 55
32 54
33 53
33 52
33 51
33 51
34 50
34 50
34 50
34 51
34 52
34 52
34 53
35 54
35 55
35 56
35 56
35 57
35 58
35 59
35 60
35 61
35 61
35 62
35 63
35 64
35 65
35 66
35 66
35 67
35 68
35 69
35 70
35 71
35 71
35 72
36 73
36 74
36 74
36 75
36 76
36 76
37 77
37 77
38 76
38 75
38 75
38 74
39 73
39 72
39 72
39 71
39 70
40 69
40 68
40 67
40 67
40 66
40 65
41 64
41 63
41 62
41 61
41 61
41 60
41 59
42 58
42 57
42 56
42 55
42 55
42 54
42 53
42 52
42 51
42 50
42 49
42 48
42 48
42 47
42 46
43 45
43 44
43 43
43 42
43 42
43 41
43 40
43 39
43 39
42 38
42 37
42 37
42 37
42 38
42 39
42 39
42 40
41 41
41 42
41 43
41 43
41 44
41 45
41 46
41 47
41 48
41 49
41 49
41 50
41 51
41 52
41 53
41 54
41 55
41 55
41 56
41 57
40 58
40 59
40 60
40 60
40 61
40 62
41 63
41 64
41 65
41 65
41 66
41 67
41 68
41 69
41 69
41 70
41 71
41 71
42 72
42 72
43 71
43 71
43 70
44 69
44 68
44 68
44 67
44 66
45 65
45 64
45 63
45 63
45 62
45 61
46 60
46 59
46 58
46 57
46 57
46 56
47 55
47 54
47 53
48 52
48 51
48 51
48 50
48 49
48 48
49 47
49 46
49 45
49 44
49 43
49 43
49 42
49 41
50 40
50 39
50 38
50 37
50 37
51 36
51 35
51 35
52 34
52 34
52 35
52 35
52 36
52 37
51 38
51 39
51 40
51 40
51 41
51 42
51 43
51 44
51 45
51 46
51 47
51 47
51 48
51 49
51 50
50 51
50 52
50 53
50 54
50 54
50 55
50 56
50 57
50 58
50 59
50 60
50 60
50 61
50 62
49 63
49 64
49 65
49 65
49 66
49 67
49 68
49 68
49 69
49 70
49 70
49 70
49 69
49 69
49 68
50 67
50 66
50 65
50 65
50 64
50 63
51 62
51 61
51 60
51 60
51 59
51 58
51 57
52 56
52 55
52 54
52 53
52 53
52 52
53 51
53 50
53 49
53 48
54 47
54 46
54 45
54 45
54 44
55 43
55 42
55 41
55 40
56 39
56 38
56 37
56 37
56 36
56 35
57 34
57 33
57 32
57 32
58 31
58 31
59 32
59 32
59 33
59 34
59 35
59 36
59 36
59 37
59 38
59 39
59 40
59 41
59 41
59 42
59 43
59 44
58 45
58 46
58 47
58 48
58 48
58 49
58 50
58 51
58 52
58 53
58 54
58 55
58 55
58 56
58 57
58 58
58 59
58 60
58 61
58 61
58 62
58 63
57 64
57 65
57 66
57 66
57 67
57 68
57 69
57 70
57 71
57 71
57 72
57 73
57 74
57 74
58 75
58 76
58 76
59 76
59 76
59 75
60 74
60 73
60 72
60 72
60 71
60 70
61 69
61 68
61 67
61 66
61 66
61 65
61 64
62 63
62 62
62 61
62 60
63 59
63 58
63 57
63 57
63 56
63 55
64 54
64 53
64 52
64 51
65 50
65 49
65 48
65 48
65 47
65 46
66 45
66 44
66 43
66 42
66 41
66 40
67 39
67 38
67 37
67 37
67 36
67 35
68 34
68 33
68 32
68 31
68 30
69 29
69 28
69 27
69 27
69 26
69 25
69 24
70 23
70 22
70 21
70 20
70 20
70 19
70 18
71 17
71 16
71 15
71 14
71 14
71 14
70 15
70 16
70 16
70 17
69 18
69 19
69 20
69 20
69 21
69 22
69 23
68 24
68 25
68 26
68 27
68 28
68 28
68 29
68 30
68 31
67 32
67 33
67 34
67 35
67 35
67 36
67 37
67 38
66 39
66 40
66 41
66 42
66 42
66 43
66 44
66 45
66 46
66 47
66 48
66 49
66 49
66 50
66 51
66 52
66 53
66 53
66 54
67 55
67 56
67 57
67 57
67 58
67 59
67 59
67 60
68 61
68 62
68 62
69 63
69 64
69 64
69 65
69 66
69 66
70 67
70 67
70 68
70 69
70 69
69 70
69 70
69 71
69 71
68 72
68 72
67 72
67 72
66 72
66 72
66 71
66 70
66 70
66 69
66 68
66 67
66 67
66 66
66 65
66 64
66 63
66 63
66 62
66 61
67 60
67 59
67 58
67 57
68 56
68 55
68 54
68 53
69 52
69 51
69 50
69 49
70 48
70 47
70 46
70 45
71 44
71 43
71 42
71 42
72 41
72 40
73 39
73 38
73 38
73 38
73 39
74 40
74 41
74 41
74 42
74 43
74 44
74 45
74 45
74 46
74 47
73 48
73 49
73 50
73 50
73 51
73 52
73 53
73 54
73 55
73 55
73 56
73 57
73 58
73 59
73 59
73 60
73 61
73 62
73 63
73 63
73 64
73 65
73 66
73 66
73 67
73 67
73 67
73 67
73 66
73 65
73 64
73 64
73 63
74 62
74 61
74 60
74 60
74 59
74 58
74 57
74 56
74 55
74 54
74 53
74 52
74 51
74 50
75 49
75 48
75 47
75 46
75 45
75 44
75 43
75 42
75 41
75 40
75 39
75 38
75 37
75 36
75 35
75 34
75 33
75 32
75 31
75 30
76 29
76 28
76 27
76 26
76 25
76 24
76 23
76 22
76 21
76 20
76 19
76 19
76 18
76 17
76 16
76 15
76 14
76 13
75 12
75 11
75 10
75 9
75 8
75 7
75 6
75 6
75 5
75 4
75 3
75 2
75 2
75 1
75 0
75 0
75 0
75 0
75 1
75 1
75 2
75 3
75 3
75 4
75 5
75 5
76 6
76 7
76 7
76 8
76 9
77 10
77 11
77 12
77 13
78 14
78 15
78 16
78 17
78 18
79 19
79 20
79 21
79 22
79 23
80 24
80 25
80 26
80 27
81 28
81 29
81 30
81 30
81 31
81 32
81 33
81 34
81 35
81 35
80 35
80 35
80 36
79 37
79 38
79 38
79 39
79 40
79 41
79 42
79 43
79 43
79 44
79 45
79 46
79 47
79 48
79 49
79 49
79 50
79 51
79 52
79 53
79 54
79 55
79 55
79 56
79 57
79 58
79 59
79 60
79 60
79 61
79 62
79 63
79 64
79 64
79 65
79 66
79 67
79 68
79 68
79 69
79 69
80 70
80 70
81 69
81 69
81 68
82 67
82 66
82 65
82 65
82 64
82 63
83 62
83 61
83 60
83 60
83 59
83 58
84 57
84 56
84 55
84 55
84 54
84 53
84 52
84 51
84 50
84 50
84 49
84 48
84 47
84 46
84 45
84 45
84 44
84 43
84 42
84 41
84 41
83 40
83 40
82 39
82 39
81 40
81 40
80 41
80 42
80 42
79 43
79 44
79 44
79 45
79 45
80 45
80 45
81 45
81 45
81 44
82 43
82 42
82 42
83 41
83 40
84 39
84 39
85 38
86 37
87 36
87 36
88 35
89 35
89 35
90 36
90 36
91 37
91 38
91 38
91 39
92 40
92 41
92 41
92 42
92 43
92 44
92 45
92 46
92 46
92 47
92 48
92 49
92 50
92 51
92 52
92 52
92 53
91 54
91 55
91 56
91 56
91 57
91 58
91 59
91 59
91 60
90 61
90 62
90 63
90 63
90 64
90 65
90 65
90 66
90 66
90 65
90 65
90 64
90 63
90 63
90 62
91 61
91 60
91 59
91 59
91 58
91 57
92 56
92 55
92 54
92 53
92 53
92 52
93 51
93 50
93 49
93 48
94 47
94 46
94 45
94 45
94 44
95 43
95 42
95 41
96 40
96 39
96 39
96 38
97 37
97 36
97 35
97 35
98 35
98 35
98 36
99 37
99 38
99 38
99 39
99 40
99 41
99 42
99 42
99 43
99 44
99 45
99 46
99 47
99 48
99 48
99 49
99 50
99 51
99 52
99 53
99 53
99 54
99 55
99 56
99 57
99 57
99 58
100 59
100 60
100 61
