4 76
3 75
3 75
3 74
3 74
3 74
3 74
3 73
3 73
2 72
2 72
2 71
2 71
2 70
2 70
2 69
2 68
2 68
2 67
2 66
2 66
2 65
2 64
2 64
2 63
2 62
2 62
2 62
1 62
1 62
1 63
1 64
1 64
1 65
1 66
1 67
1 67
1 68
0 69
0 70
0 70
0 71
0 72
0 73
0 74
0 75
0 75
0 76
0 77
0 78
0 79
0 80
0 81
0 81
0 82
0 83
0 84
0 85
0 86
0 87
0 88
0 88
0 89
0 90
0 91
0 92
0 92
0 93
0 94
0 95
0 96
0 96
0 97
0 98
0 99
0 99
1 100
1 100
1 100
2 99
2 98
2 98
2 97
2 96
2 95
2 94
2 94
2 93
2 92
2 91
3 90
3 89
3 88
3 87
3 87
3 86
3 85
3 84
4 83
4 82
4 81
4 80
4 80
4 79
4 78
4 77
4 76
4 75
4 74
4 73
4 72
4 71
4 71
4 70
4 69
4 68
4 67
4 66
5 65
5 64
5 63
5 62
5 61
5 60
5 60
5 59
5 58
5 57
5 56
5 55
6 54
6 53
6 52
6 51
6 50
6 49
6 48
6 48
6 47
6 46
6 45
6 44
6 43
6 42
6 41
6 40
6 39
6 38
6 37
6 36
6 35
6 35
6 34
6 33
6 32
6 31
6 30
7 29
7 28
7 27
7 26
7 25
7 24
7 24
7 23
7 22
7 21
7 20
7 19
7 18
7 17
7 16
7 15
7 14
7 13
7 13
7 12
7 11
7 10
7 9
7 8
7 7
7 6
7 6
7 5
7 4
7 3
7 3
7 2
7 1
7 1
6 1
6 1
6 0
6 0
6 1
6 2
6 2
6 3
6 3
6 4
6 5
6 6
6 7
6 8
6 8
6 9
6 10
5 11
5 12
5 13
5 14
5 14
5 15
5 16
5 17
5 18
5 19
5 20
5 21
5 22
5 22
5 23
5 24
5 25
5 26
5 27
5 28
5 29
5 30
5 30
5 31
5 32
5 33
5 34
5 35
5 36
5 37
5 38
5 39
5 39
5 40
5 41
5 42
5 43
5 44
5 45
5 46
5 47
5 48
5 48
5 49
5 50
5 51
5 52
6 53
6 54
6 55
6 56
6 57
6 57
6 58
6 59
6 60
6 61
6 62
6 63
6 64
6 65
6 65
6 66
6 67
6 68
7 69
7 70
7 71
7 72
7 72
7 73
7 74
8 75
8 76
8 77
8 78
8 78
8 79
9 80
9 81
9 82
9 82
10 83
10 84
11 85
11 86
11 86
12 87
12 88
12 88
13 89
13 89
14 88
15 88
15 88
16 87
16 87
16 86
17 85
17 84
17 84
17 83
18 82
18 81
18 80
18 80
18 79
19 78
19 77
19 76
19 76
19 75
19 74
20 73
20 72
20 71
20 71
20 70
20 69
21 68
21 67
21 66
21 65
21 65
21 64
21 63
21 62
21 61
21 60
21 59
21 59
21 58
21 57
21 56
21 55
21 54
21 54
21 53
21 52
21 52
21 51
21 51
20 51
20 51
19 51
19 51
19 52
19 53
19 53
18 54
18 55
18 55
18 56
18 57
17 58
17 59
17 60
17 60
17 61
17 62
17 63
17 64
17 65
17 65
17 66
17 67
16 68
16 69
16 70
16 71
16 71
16 72
16 73
16 74
16 75
16 76
16 76
16 77
16 78
17 79
17 80
17 81
17 81
17 82
17 83
17 84
17 85
17 85
17 86
18 87
18 88
18 89
18 89
18 90
19 91
19 92
19 92
20 93
20 93
21 92
21 92
22 91
22 90
22 90
23 89
23 88
24 87
24 86
24 86
24 85
24 84
24 83
24 82
24 82
24 81
25 80
25 79
25 78
25 78
25 77
25 76
26 75
26 74
26 73
26 73
26 72
26 71
26 70
26 69
26 68
26 68
26 67
26 66
27 65
27 64
27 63
27 62
27 62
27 61
27 60
27 59
27 58
27 58
27 57
27 56
27 56
27 55
27 55
27 55
26 55
26 55
26 56
26 56
26 57
26 57
26 58
25 59
25 60
25 60
25 61
25 62
25 63
25 64
25 64
25 65
25 66
25 67
25 68
25 69
25 69
25 70
25 71
25 72
25 73
25 73
25 74
25 75
25 76
25 77
25 77
25 78
25 79
25 80
25 81
25 81
25 82
25 83
25 84
25 85
25 85
25 86
25 87
25 88
25 88
25 89
25 90
25 90
25 90
25 90
25 90
25 89
26 88
26 87
26 87
26 86
26 85
26 84
26 83
26 82
26 82
26 81
26 80
27 79
27 78
27 77
27 76
27 76
27 75
27 74
27 73
27 72
27 71
27 71
27 70
28 69
28 68
28 67
28 67
28 66
29 65
29 64
29 64
29 64
30 65
30 65
30 66
30 67
30 67
30 68
30 69
30 69
30 70
30 71
30 72
30 73
30 73
30 74
30 75
30 76
30 76
30 77
30 78
30 79
30 80
30 80
30 81
30 82
30 83
30 83
30 84
30 85
30 86
30 86
30 87
30 88
30 88
31 89
31 89
31 88
31 88
31 87
31 86
31 86
31 85
32 84
32 83
32 82
32 82
32 81
32 80
32 79
32 78
32 77
32 77
32 76
32 75
33 74
33 73
33 72
33 71
33 71
33 70
34 69
34 68
34 68
35 67
35 66
35 66
35 65
35 65
36 66
36 66
36 67
36 68
36 68
36 69
36 70
36 70
37 71
37 72
37 72
37 73
37 74
37 75
37 75
37 76
37 77
37 77
37 78
37 79
37 80
37 80
37 81
38 82
38 83
38 83
38 84
38 85
38 85
38 86
38 87
38 87
39 87
39 87
40 86
40 85
40 85
40 84
40 83
40 82
40 81
40 81
40 80
41 79
41 78
41 78
42 77
42 76
42 76
42 75
42 75
43 74
43 74
43 74
44 74
44 74
44 73
44 73
45 73
45 73
46 72
46 71
46 71
47 70
47 69
47 69
47 68
47 67
47 66
47 66
47 65
48 64
48 63
48 62
48 62
48 61
48 60
48 59
48 59
48 58
48 57
48 56
48 56
48 55
48 54
48 53
48 53
47 52
47 51
47 51
47 50
47 50
46 49
46 49
45 50
45 50
45 51
45 52
45 52
44 53
44 54
44 54
44 55
44 56
44 57
44 57
44 58
44 59
44 60
44 61
44 61
44 62
44 63
44 64
44 65
44 66
44 66
44 67
44 68
44 69
44 70
44 71
44 72
44 72
44 73
44 74
44 75
44 76
44 77
44 77
44 78
45 79
45 80
45 81
45 81
45 82
46 83
46 84
46 85
46 85
47 86
47 87
47 87
48 88
48 88
49 87
50 87
50 87
50 86
51 85
51 84
51 84
51 83
52 82
52 81
52 80
52 80
52 79
53 78
53 77
53 76
53 76
53 75
54 74
54 73
54 72
54 72
54 71
55 70
55 69
55 68
55 68
55 67
55 66
56 65
56 64
56 63
56 63
56 62
56 61
56 60
56 59
56 59
56 58
56 57
56 57
56 56
56 56
56 56
56 55
56 55
56 55
55 56
55 56
55 57
55 58
55 58
55 59
55 60
55 61
55 61
55 62
55 63
55 64
55 65
55 65
55 66
55 67
55 68
55 69
55 69
55 70
55 71
55 72
55 73
55 73
55 74
55 75
55 75
55 76
55 77
55 77
55 77
56 77
56 77
56 77
56 76
56 75
56 74
56 74
56 73
57 72
57 71
57 71
57 70
57 69
57 68
57 67
57 67
57 66
57 65
58 64
58 63
58 62
58 62
58 61
59 60
59 59
59 58
59 58
59 57
59 56
59 56
60 56
60 56
60 57
60 57
61 58
61 58
61 59
61 60
61 61
61 61
61 62
61 63
61 64
61 64
61 65
62 66
62 67
62 68
62 68
62 69
62 70
62 71
62 71
62 72
62 73
62 73
62 74
62 75
62 76
62 76
62 77
62 77
63 77
63 77
64 76
64 76
64 75
64 74
64 74
64 73
65 72
65 71
65 71
65 70
66 69
66 68
66 68
66 67
67 66
67 65
67 64
67 64
67 63
68 62
68 61
68 60
68 60
68 59
69 58
69 57
69 57
70 56
70 55
70 55
70 54
70 53
70 53
70 52
70 52
70 51
70 51
70 51
70 51
69 52
69 52
69 53
69 53
68 54
68 55
68 55
68 56
67 57
67 58
67 58
67 59
67 60
67 61
67 62
67 62
67 63
66 64
66 65
66 66
66 66
66 67
66 68
66 69
66 69
65 70
65 71
65 71
66 72
66 72
66 73
66 73
67 74
67 74
67 74
68 73
68 73
69 73
69 73
70 73
70 73
71 74
71 74
72 75
72 75
72 76
72 76
72 77
72 78
72 78
72 79
72 80
72 80
72 81
71 82
71 83
71 83
71 84
70 85
70 86
70 87
70 87
69 88
69 89
69 89
69 90
69 91
69 91
69 91
68 90
68 89
68 89
69 88
69 87
69 87
69 86
69 85
69 84
69 84
69 83
70 82
70 81
70 80
70 79
71 78
71 77
71 76
72 75
72 74
72 73
73 72
73 71
73 70
73 69
74 68
74 67
74 67
74 66
75 65
75 64
76 63
76 62
76 62
77 61
77 61
77 60
77 60
77 59
77 59
78 58
78 58
78 58
78 58
78 59
78 60
78 60
78 61
78 62
78 62
78 63
78 64
78 65
78 66
78 66
78 67
78 68
78 69
78 70
78 70
78 71
77 72
77 73
77 74
77 74
77 75
77 76
77 77
77 78
77 78
77 79
77 80
77 81
77 81
77 82
77 83
77 84
77 84
78 83
78 83
78 82
78 81
78 81
78 80
78 79
78 78
78 77
78 76
78 75
78 74
79 73
79 72
79 71
79 70
79 69
79 68
79 67
79 66
79 65
79 64
79 63
79 62
79 61
79 60
80 59
80 58
80 57
80 56
80 55
80 54
80 53
80 52
80 52
80 51
80 50
80 49
80 48
81 47
81 46
81 45
81 44
81 43
81 43
81 42
81 41
81 41
81 41
81 41
81 42
81 42
82 43
82 43
82 44
82 44
82 45
83 46
83 47
83 48
83 49
84 50
84 51
84 52
84 52
84 53
84 54
84 55
84 56
84 57
84 57
84 58
84 59
84 60
84 60
84 61
84 62
84 63
84 63
84 64
84 65
84 66
84 66
84 67
84 68
84 69
84 70
84 70
84 71
84 72
84 73
84 73
84 74
84 75
84 76
84 77
84 77
84 78
84 79
84 80
84 80
84 81
84 81
85 82
85 82
85 81
85 81
85 80
86 79
86 78
86 78
86 77
86 76
86 76
86 75
87 74
87 73
87 73
87 72
87 71
87 70
87 70
87 69
87 68
87 67
87 66
87 66
87 65
87 64
87 63
87 63
87 62
86 61
86 60
86 59
86 59
85 58
85 58
85 58
84 59
84 59
83 60
83 60
83 61
83 62
83 62
83 63
83 64
83 64
83 65
83 65
83 66
83 67
83 67
84 67
84 67
85 67
85 67
86 66
86 66
87 65
87 64
87 64
88 63
89 62
89 62
89 61
90 60
90 59
90 59
91 58
91 57
91 57
92 56
92 55
92 55
93 54
93 54
93 53
93 53
94 53
94 53
94 54
94 54
94 55
94 56
94 56
94 57
94 58
94 59
94 59
94 60
94 61
94 62
94 63
94 63
94 64
94 65
94 66
94 67
94 67
94 68
93 69
93 70
93 70
93 71
93 72
93 73
93 73
93 74
93 75
93 75
93 76
93 76
93 76
93 76
93 75
94 74
94 73
94 73
94 72
94 71
94 70
94 69
94 69
94 68
95 67
95 66
95 65
95 65
95 64
96 63
96 62
96 61
96 61
96 60
96 59
96 59
97 58
97 58
97 59
97 60
97 60
97 61
98 62
98 63
98 63
98 64
98 65
98 66
98 67
98 68
98 68
98 69
99 70
99 71
99 71
99 72
100 73
100 74
100 75
