10 61
11 60
11 59
11 59
11 58
11 57
10 56
10 55
10 54
10 54
10 53
10 52
10 51
10 51
10 50
10 50
10 49
10 48
10 48
9 47
9 47
8 46
8 45
8 45
8 45
7 45
7 45
6 45
6 45
5 46
4 47
4 47
4 48
3 49
3 50
3 50
3 51
3 52
2 53
2 54
2 55
2 56
2 56
2 57
2 58
2 59
1 60
1 61
1 62
1 63
1 64
1 64
1 65
1 66
1 67
1 68
0 69
0 70
0 71
0 72
0 73
0 74
0 74
0 75
0 76
0 77
0 78
0 79
0 80
0 81
0 82
0 83
0 84
0 84
0 85
0 86
0 87
0 88
0 89
0 90
0 91
0 91
0 92
0 93
0 94
0 95
0 96
0 96
1 97
1 98
1 98
2 98
3 98
3 98
4 97
5 96
5 96
5 95
5 94
6 93
6 92
6 91
6 91
6 90
7 89
7 88
7 87
7 86
8 85
8 84
8 84
8 83
8 82
9 81
9 80
9 79
9 78
9 77
10 76
10 75
10 74
10 74
10 73
10 72
11 71
11 70
11 69
11 68
11 67
12 66
12 65
12 64
12 64
12 63
12 62
13 61
13 60
13 59
13 58
13 57
13 56
14 55
14 54
14 53
14 52
14 52
14 51
14 50
14 49
14 48
14 47
14 46
15 45
15 44
15 43
15 42
15 41
15 40
15 39
15 39
15 38
15 37
15 36
15 35
15 34
16 33
16 32
16 31
16 30
16 29
16 28
16 27
16 27
16 26
16 25
16 24
16 23
17 22
17 21
17 20
17 19
17 18
17 17
17 17
17 16
17 15
17 14
17 13
17 12
17 11
17 10
17 9
17 9
17 8
17 7
17 6
17 5
17 5
17 4
17 3
17 2
17 2
17 1
17 1
17 0
17 0
17 1
17 1
16 2
16 2
16 3
16 4
16 5
16 6
16 7
16 7
16 8
16 9
16 10
15 11
15 12
15 13
15 14
15 14
15 15
15 16
15 17
15 18
15 19
15 20
15 21
15 22
15 22
15 23
15 24
15 25
15 26
14 27
14 28
14 29
14 30
14 31
14 32
14 32
14 33
14 34
14 35
14 36
14 37
14 38
14 39
14 40
14 41
14 42
14 43
14 43
14 44
14 45
14 46
14 47
13 48
13 49
13 50
13 51
13 52
13 53
13 53
13 54
13 55
13 56
13 57
13 58
13 59
13 60
13 61
13 62
13 62
13 63
13 64
13 65
13 66
13 67
13 68
13 69
13 70
13 70
13 71
13 72
13 73
13 74
13 75
13 76
13 77
13 78
13 78
13 79
13 80
13 81
13 82
13 83
13 83
13 84
14 85
14 86
14 87
14 87
15 88
15 89
15 89
16 90
16 90
17 89
17 89
18 88
18 87
18 87
19 86
19 85
20 84
20 83
20 83
20 82
21 81
21 80
21 79
21 79
21 78
22 77
22 76
22 75
22 75
22 74
22 73
23 72
23 71
23 70
23 70
23 69
23 68
23 67
23 66
23 65
23 65
23 64
23 63
23 62
23 61
23 60
23 59
23 59
23 58
23 57
23 56
23 55
23 55
23 54
23 53
23 52
23 52
22 51
22 50
22 50
22 49
22 49
21 50
21 50
20 51
20 52
20 52
20 53
20 54
20 55
20 56
20 56
20 57
19 58
19 59
19 60
19 60
19 61
19 62
19 63
19 64
19 65
19 66
19 66
19 67
19 68
19 69
19 70
19 71
19 72
19 72
19 73
19 74
19 75
19 76
19 77
19 77
19 78
20 79
20 80
20 81
20 81
20 82
21 83
21 84
21 85
21 85
22 86
22 87
22 87
23 87
23 87
24 87
25 87
25 87
25 86
26 85
26 84
26 84
26 83
27 82
27 81
27 81
28 80
28 79
29 78
29 77
29 77
30 76
30 75
31 74
31 73
31 73
31 72
32 71
32 70
32 69
32 69
32 68
32 67
32 66
32 65
32 64
32 64
32 63
33 62
33 61
33 60
33 60
33 59
33 58
33 57
33 57
33 56
33 55
33 55
33 55
33 54
33 54
33 54
33 54
33 54
33 54
33 54
33 54
33 54
33 54
33 54
32 55
32 56
32 56
32 57
32 58
32 58
32 59
32 60
32 61
32 62
32 63
32 64
32 64
32 65
32 66
32 67
31 68
31 69
31 70
31 71
31 71
31 72
31 73
31 74
31 75
31 76
31 77
31 78
31 78
31 79
31 80
31 81
31 82
31 83
31 84
31 85
31 85
31 86
31 87
30 88
30 89
30 90
30 91
30 91
30 92
30 93
30 94
30 95
30 96
30 96
30 97
30 98
30 98
30 99
30 99
30 99
30 99
30 98
30 97
30 97
30 96
31 95
31 94
31 94
31 93
31 92
31 91
31 90
31 89
31 88
31 87
31 87
31 86
31 85
31 84
32 83
32 82
32 81
32 80
32 80
32 79
32 78
32 77
32 76
33 75
33 74
33 73
33 72
33 71
33 71
33 70
33 69
33 68
33 67
34 66
34 65
34 64
34 63
34 62
34 62
34 61
34 60
34 59
34 58
34 57
34 57
34 56
34 55
35 54
35 53
35 52
35 52
35 51
36 50
36 49
36 49
37 48
37 48
37 48
37 49
37 49
37 50
37 51
37 52
37 53
37 53
37 54
37 55
37 56
37 57
37 58
37 59
37 59
37 60
37 61
37 62
37 63
37 64
37 65
37 66
37 66
37 67
37 68
37 69
36 70
36 71
36 72
36 73
36 73
36 74
36 75
36 76
36 77
36 78
36 78
36 79
36 80
36 81
36 82
36 82
36 83
36 84
36 85
36 85
36 86
36 86
36 86
36 86
36 85
36 84
36 84
36 83
36 82
36 82
36 81
37 80
37 79
37 78
37 78
37 77
37 76
37 75
37 74
37 73
37 73
37 72
37 71
38 70
38 69
38 68
38 68
38 67
38 66
39 65
39 64
39 63
39 62
39 62
39 61
39 60
40 59
40 58
40 57
40 56
40 56
40 55
41 54
41 53
41 52
41 52
41 51
41 50
41 50
42 49
42 49
42 50
42 50
42 51
42 52
42 53
42 53
42 54
42 55
41 56
41 57
41 58
41 58
41 59
41 60
41 61
40 62
40 63
40 64
40 65
40 65
40 66
40 67
40 68
40 69
40 70
40 71
40 72
40 72
40 73
40 74
40 75
40 76
40 77
40 78
40 79
40 79
40 80
40 81
40 82
40 83
40 84
40 85
40 85
40 86
40 87
40 88
40 89
40 90
40 91
40 91
40 92
41 93
41 94
41 94
42 94
42 94
43 93
43 92
43 92
44 91
44 90
45 89
45 88
45 88
45 87
46 86
46 85
47 84
47 83
47 83
47 82
47 81
48 80
48 79
48 78
48 77
48 77
48 76
48 75
49 74
49 73
49 72
49 71
49 71
49 70
49 69
50 68
50 67
50 66
50 65
50 65
50 64
50 63
50 62
50 61
50 60
50 59
50 59
50 58
50 57
50 56
50 56
49 55
49 54
49 54
49 53
49 53
48 54
48 54
48 55
47 56
47 57
47 57
47 58
46 59
46 60
46 60
46 61
46 62
46 63
46 64
46 65
46 66
46 66
46 67
46 68
46 69
46 70
46 71
46 72
46 72
46 73
46 74
46 75
46 76
46 77
46 78
46 78
46 79
46 80
46 81
46 82
46 83
46 83
46 84
47 85
47 86
47 86
48 87
49 88
49 88
50 87
50 86
50 86
51 85
51 84
52 83
52 83
53 82
53 81
54 80
54 79
54 79
54 78
55 77
55 76
55 75
55 75
55 74
56 73
56 72
56 71
56 71
56 70
56 69
57 68
57 67
57 66
57 66
57 65
58 64
58 63
58 62
58 62
58 61
58 60
58 59
58 58
58 57
58 57
58 56
57 55
57 54
57 54
57 53
57 52
57 52
57 51
57 51
57 51
57 52
57 52
57 53
57 53
57 54
57 55
57 56
57 56
57 57
57 58
57 59
57 60
57 61
57 61
57 62
57 63
57 64
56 65
56 66
56 67
56 68
56 68
56 69
56 70
56 71
56 72
56 73
56 74
56 75
56 76
56 76
56 77
56 78
56 79
55 80
55 81
55 82
55 83
55 84
55 84
55 85
55 86
55 87
55 88
55 89
55 90
55 90
55 91
55 92
55 93
55 94
55 95
55 95
55 96
55 97
55 97
55 98
55 98
55 98
55 97
55 97
55 96
55 95
55 94
55 93
55 93
55 92
56 91
56 90
56 89
56 89
56 88
56 87
56 86
56 85
56 84
56 83
56 82
56 82
56 81
56 80
56 79
57 78
57 77
57 76
57 75
57 74
57 74
57 73
57 72
57 71
58 70
58 69
58 68
58 67
58 66
58 66
58 65
58 64
58 63
58 62
58 61
58 60
58 59
58 59
58 58
59 57
59 56
59 55
59 55
60 54
60 53
60 53
60 52
60 52
60 52
60 53
60 53
60 54
61 55
61 56
61 56
61 57
61 58
61 59
61 60
61 61
61 61
61 62
61 63
61 64
61 65
61 66
61 67
61 68
61 68
61 69
61 70
60 71
60 72
60 73
60 74
60 74
60 75
60 76
60 77
60 78
60 79
60 79
60 80
60 81
60 82
60 83
60 83
60 84
61 85
61 86
61 86
61 87
61 88
61 89
61 89
61 90
61 90
61 90
62 89
62 89
62 88
62 87
62 87
62 86
62 85
63 84
63 83
63 82
63 82
63 81
63 80
64 79
64 78
64 77
64 77
64 76
64 75
64 74
65 73
65 72
65 71
65 70
65 69
65 69
65 68
65 67
65 66
66 65
66 64
66 63
66 62
66 61
66 61
66 60
66 59
67 58
67 57
67 56
67 55
67 55
67 54
68 53
68 52
69 51
69 50
69 50
69 49
70 48
70 47
70 46
70 46
70 45
70 44
70 44
71 43
71 43
71 43
71 43
71 44
71 44
70 45
70 45
70 46
70 47
70 48
70 48
70 49
69 50
69 51
69 51
69 52
69 53
69 54
69 55
69 55
69 56
68 57
68 58
68 59
68 59
68 60
68 61
68 62
68 63
68 63
68 64
68 65
68 66
68 66
68 67
68 68
68 69
68 69
69 70
69 71
69 71
70 72
70 73
70 73
70 74
70 75
70 75
71 76
71 77
71 77
72 78
72 79
72 79
72 80
72 81
72 82
72 82
72 83
72 84
72 85
72 85
72 86
72 87
72 88
72 88
72 89
71 90
71 91
71 91
70 92
70 93
70 93
69 94
69 95
69 95
68 96
68 96
68 96
67 96
67 96
67 95
67 95
67 94
67 93
67 92
67 92
67 91
68 90
68 89
68 88
68 88
68 87
68 86
69 85
69 84
69 83
69 83
69 82
69 81
70 80
70 79
70 78
70 78
70 77
71 76
71 75
71 74
72 73
72 72
72 72
72 71
72 70
72 69
73 68
73 67
73 66
73 65
73 65
73 64
74 63
74 62
74 61
75 60
75 59
75 59
75 58
76 57
76 56
76 55
76 55
76 54
77 53
77 52
77 52
78 51
78 50
78 50
78 50
78 50
78 50
78 50
78 50
78 50
78 50
78 50
78 50
79 50
79 50
79 51
79 52
79 52
79 53
79 54
79 54
79 55
79 56
78 57
78 58
78 59
78 59
78 60
78 61
78 62
78 63
78 64
78 65
78 65
78 66
78 67
78 68
77 69
77 70
77 71
77 72
77 73
77 73
77 74
77 75
77 76
77 77
77 78
77 79
77 80
77 81
77 81
77 82
77 83
77 84
76 85
76 86
76 87
76 88
76 88
76 89
76 90
76 91
76 92
76 93
76 94
76 94
76 95
76 96
76 97
76 97
76 98
76 99
76 99
76 99
77 98
77 97
77 97
77 96
78 95
78 94
78 93
78 93
78 92
78 91
79 90
79 89
79 88
79 88
79 87
79 86
80 85
80 84
80 83
80 82
80 82
80 81
80 80
81 79
81 78
81 77
81 76
81 76
81 75
81 74
82 73
82 72
82 71
82 70
82 70
82 69
82 68
82 67
82 66
82 65
82 64
82 63
82 62
82 61
82 60
81 59
81 58
81 57
81 56
81 55
81 54
81 53
81 52
81 51
81 50
81 49
81 48
81 47
81 46
81 45
81 44
81 43
81 42
81 41
81 40
81 39
80 38
80 37
80 36
80 35
80 34
80 33
80 32
80 31
80 30
80 29
80 28
80 27
80 26
80 25
80 24
80 23
80 22
80 21
80 20
80 19
80 18
79 17
79 16
79 15
79 14
79 13
79 12
79 11
79 10
79 9
79 8
79 7
79 7
79 8
79 9
79 10
79 11
79 12
79 12
79 11
79 11
79 12
79 13
79 13
79 14
79 15
79 16
79 17
79 17
79 18
79 19
79 20
79 21
79 21
79 22
79 23
79 24
79 25
79 25
79 26
80 27
80 28
80 29
80 29
80 30
80 31
80 32
80 33
80 34
80 34
80 35
80 36
81 37
81 38
81 39
81 40
81 41
82 42
82 43
82 44
82 45
82 46
83 47
83 48
83 49
83 50
83 51
84 52
84 53
84 54
84 55
84 56
84 57
85 58
85 59
85 60
85 61
85 62
86 63
86 64
86 65
86 66
86 67
87 68
87 69
87 70
87 70
87 69
87 68
86 67
86 66
86 65
86 64
86 64
86 63
86 62
86 61
86 61
86 60
86 59
86 59
86 58
86 57
86 56
86 56
86 55
86 54
86 53
86 53
86 52
86 52
85 52
85 52
85 52
85 53
84 54
84 55
84 56
84 56
84 57
84 58
84 59
84 60
84 61
84 61
84 62
84 63
84 64
83 65
83 66
83 67
83 68
83 68
83 69
83 70
82 71
82 72
82 73
82 74
82 74
82 75
82 76
82 77
82 78
82 79
82 79
82 80
83 81
83 82
83 82
83 83
83 84
83 84
84 83
84 83
85 82
85 82
86 81
86 80
87 79
87 79
87 78
87 77
87 76
87 76
87 75
88 74
88 73
88 73
88 72
87 71
87 70
87 70
87 69
87 68
87 67
87 67
87 66
86 65
86 64
86 63
86 63
86 62
86 61
86 60
86 60
85 59
85 59
84 58
84 58
84 58
84 58
84 57
84 57
85 56
86 55
87 55
88 54
89 53
90 52
91 52
92 51
92 51
93 52
94 52
94 52
94 52
94 52
93 53
93 53
93 54
93 55
93 56
93 56
93 57
92 58
92 59
92 59
92 60
92 61
92 62
91 63
91 64
91 65
91 66
91 66
91 67
91 68
90 69
90 70
90 71
90 72
90 72
90 73
90 74
90 75
90 76
90 77
90 78
90 78
90 79
90 80
89 81
89 82
89 83
89 83
89 84
89 85
89 86
89 87
89 87
89 88
89 89
89 89
89 90
89 90
89 90
90 89
90 88
90 88
90 87
90 86
90 85
90 85
90 84
91 83
91 82
91 81
91 81
91 80
91 79
91 78
91 77
91 76
91 76
91 75
91 74
92 73
92 72
92 71
92 70
92 70
92 69
92 68
92 67
93 66
93 65
93 64
93 63
93 63
93 62
93 61
94 60
94 59
94 58
94 57
94 57
94 56
95 55
95 54
95 53
95 53
96 52
96 51
96 51
97 51
97 51
97 52
97 52
97 53
97 54
97 55
97 55
97 56
97 57
97 58
97 59
97 59
97 60
97 61
97 62
97 63
97 64
97 64
97 65
97 66
97 67
97 68
97 69
97 70
97 70
97 71
97 72
96 73
96 74
96 75
96 75
96 76
96 77
96 78
96 79
96 80
96 80
96 81
96 82
96 83
96 84
96 84
96 85
96 86
96 87
96 88
96 89
96 89
96 90
96 91
96 92
96 93
96 93
96 94
97 95
97 96
97 96
97 97
97 98
97 99
97 99
98 100
98 100
99 100
99 100
100 100
