9 62
10 61
10 61
10 60
10 59
10 59
9 58
9 57
9 57
9 56
9 56
9 55
9 55
8 55
8 55
7 55
7 55
6 55
6 55
5 56
5 57
5 57
5 58
4 59
4 60
4 60
4 61
3 62
3 63
3 64
3 64
3 65
3 66
2 67
2 68
2 69
2 70
2 70
2 71
2 72
2 73
1 74
1 75
1 76
1 77
1 77
1 78
1 79
0 80
0 81
0 82
0 83
0 83
0 84
0 85
0 86
0 87
0 88
0 88
0 89
0 90
0 91
0 91
1 92
1 92
2 91
2 91
3 90
3 89
4 88
4 88
4 87
5 86
5 85
6 84
6 83
6 83
6 82
7 81
7 80
7 79
7 78
8 77
8 76
8 76
8 75
9 74
9 73
9 72
9 71
10 70
10 69
10 69
10 68
11 67
11 66
11 65
12 64
12 63
12 62
12 61
13 60
13 59
13 59
13 58
13 57
14 56
14 55
14 54
14 53
14 52
15 51
15 50
15 49
15 49
15 48
15 47
16 46
16 45
16 44
16 43
16 42
16 41
17 40
17 39
17 38
17 38
17 37
17 36
18 35
18 34
18 33
18 32
18 31
18 30
19 29
19 28
19 27
19 27
19 26
19 25
20 24
20 23
20 22
20 21
21 20
21 19
21 18
21 18
21 17
21 16
21 15
22 14
22 13
22 12
22 11
22 11
22 10
22 9
22 8
22 7
22 6
22 6
22 5
22 4
22 3
22 3
22 2
22 1
22 0
22 0
22 0
22 0
22 1
21 2
21 3
21 3
21 4
21 5
21 6
21 6
21 7
21 8
20 9
20 10
20 11
20 12
20 12
20 13
20 14
19 15
19 16
19 17
19 18
18 19
18 20
18 21
18 21
18 22
18 23
18 24
18 25
18 26
17 27
17 28
17 29
17 30
17 31
17 32
17 33
17 33
17 34
17 35
16 36
16 37
16 38
16 39
16 40
16 41
15 42
15 43
15 44
15 45
15 45
15 46
15 47
15 48
15 49
15 50
14 51
14 52
14 53
14 54
14 55
14 56
14 56
14 57
14 58
13 59
13 60
13 61
13 62
13 63
13 64
12 65
12 66
12 67
12 67
12 68
12 69
12 70
11 71
11 72
11 73
11 74
11 74
11 75
11 76
11 77
11 78
11 79
11 80
11 80
11 81
11 82
11 83
11 84
11 85
11 85
11 86
12 87
12 88
12 88
13 89
13 90
13 90
14 90
14 90
15 89
16 88
16 88
17 87
17 86
17 86
18 85
18 84
19 83
19 83
19 82
20 81
20 80
20 80
20 79
20 78
20 77
20 77
20 76
21 75
21 74
21 73
21 73
21 72
21 71
21 70
21 69
21 69
21 68
20 67
20 66
20 65
20 65
20 64
20 63
20 62
20 61
20 61
20 60
20 59
20 58
20 58
19 57
19 56
19 56
18 57
18 57
18 58
18 59
18 59
18 60
17 61
17 62
17 63
17 63
17 64
17 65
16 66
16 67
16 68
16 68
16 69
16 70
16 71
16 72
16 73
16 74
16 74
16 75
16 76
16 77
16 78
16 79
16 80
16 80
16 81
16 82
17 83
17 84
17 85
17 85
17 86
18 87
18 88
18 89
18 89
19 90
19 90
20 89
20 89
21 88
22 87
22 87
23 86
23 85
24 84
24 83
24 83
25 82
25 81
26 80
26 79
26 79
26 78
27 77
27 76
27 75
27 75
27 74
28 73
28 72
28 71
28 71
28 70
29 69
29 68
29 67
29 67
29 66
30 65
30 64
30 64
30 63
30 62
30 62
30 61
30 61
30 60
30 60
30 60
30 60
29 61
29 62
29 62
29 63
29 64
29 65
29 65
29 66
29 67
28 68
28 69
28 70
28 70
28 71
28 72
28 73
28 74
28 75
28 75
28 76
28 77
27 78
27 79
27 80
27 81
27 81
27 82
27 83
27 84
27 85
27 86
27 87
27 87
27 88
27 89
26 90
26 91
26 92
26 92
26 93
26 94
26 95
26 95
26 96
26 97
26 97
26 98
26 98
26 98
26 97
26 97
26 96
26 95
26 95
26 94
27 93
27 92
27 91
27 91
27 90
27 89
28 88
28 87
28 86
28 86
28 85
28 84
28 83
29 82
29 81
29 80
29 79
29 79
29 78
29 77
29 76
30 75
30 74
30 73
30 72
30 72
30 71
31 70
31 69
31 68
31 67
32 66
32 65
32 65
32 64
32 63
33 62
33 61
33 60
33 59
33 59
33 58
34 57
34 56
34 55
34 55
35 54
35 53
35 53
35 52
35 52
36 52
36 52
36 53
36 53
36 54
35 55
35 56
35 57
35 57
35 58
35 59
35 60
35 61
35 62
35 63
35 63
35 64
35 65
35 66
34 67
34 68
34 69
34 70
34 70
34 71
34 72
33 73
33 74
33 75
33 75
33 76
33 77
33 78
33 79
33 80
33 80
33 81
33 82
33 83
33 84
33 84
33 85
33 86
33 86
33 87
33 88
33 88
33 88
33 88
33 87
33 87
33 86
33 85
33 85
33 84
33 83
33 82
33 82
33 81
33 80
34 79
34 78
34 77
34 77
34 76
34 75
35 74
35 73
35 72
35 72
35 71
35 70
36 69
36 68
36 67
36 66
36 66
36 65
36 64
37 63
37 62
37 61
37 61
37 60
37 59
38 58
38 57
38 56
38 56
38 55
39 54
39 53
39 53
40 52
40 51
40 51
40 51
41 52
41 52
41 53
41 53
41 54
41 55
41 55
41 56
40 57
40 58
40 59
40 59
40 60
40 61
39 62
39 63
39 64
39 65
39 65
39 66
39 67
39 68
38 69
38 70
38 71
38 72
38 72
38 73
38 74
38 75
38 76
38 77
38 78
38 78
38 79
38 80
38 81
37 82
37 83
37 84
37 85
37 85
37 86
37 87
36 88
36 89
36 90
36 90
36 91
36 92
36 93
36 94
36 94
37 95
37 95
37 95
38 94
39 94
39 94
39 93
40 92
40 91
40 91
41 90
41 89
42 88
42 87
42 87
42 86
42 85
43 84
43 83
43 82
43 81
43 81
43 80
44 79
44 78
45 77
45 76
45 76
45 75
46 74
46 73
47 72
47 71
47 71
47 70
47 69
48 68
48 67
48 66
48 66
48 65
49 64
49 63
49 62
49 62
49 61
49 60
49 59
49 59
49 58
49 57
49 57
48 57
48 57
47 57
47 57
47 58
47 58
47 59
46 60
46 61
46 61
46 62
46 63
45 64
45 65
45 66
45 66
45 67
44 68
44 69
44 70
44 70
44 71
44 72
44 73
44 74
44 75
44 75
44 76
44 77
44 78
44 79
44 80
44 80
44 81
45 82
45 83
45 84
45 84
45 85
45 86
45 87
45 87
46 88
47 88
47 88
48 87
48 87
49 86
49 86
50 85
50 84
51 83
51 83
51 82
52 81
52 80
52 80
52 79
53 78
53 77
53 76
53 76
53 75
53 74
53 73
53 72
53 71
53 71
53 70
54 69
54 68
54 67
54 67
54 66
54 65
54 64
54 63
54 62
54 62
54 61
54 60
54 59
54 59
54 59
54 60
54 60
54 61
54 61
54 62
54 63
54 64
54 64
54 65
54 66
53 67
53 68
53 69
53 69
53 70
52 71
52 72
52 73
52 73
52 74
52 75
52 76
52 77
52 78
52 78
52 79
52 80
51 81
51 82
51 83
51 83
51 84
51 85
51 86
51 87
51 87
51 88
50 89
50 90
50 90
50 91
50 92
50 92
50 93
50 93
51 93
51 93
51 92
51 92
51 91
51 90
51 90
51 89
51 88
51 87
51 87
51 86
51 85
52 84
52 83
52 82
52 82
52 81
52 80
53 79
53 78
53 77
53 76
53 76
53 75
53 74
54 73
54 72
54 71
54 70
54 70
54 69
55 68
55 67
55 67
55 66
56 65
56 64
56 64
57 63
57 62
57 62
57 61
57 61
58 61
58 61
58 62
58 62
58 63
58 64
58 65
58 65
58 66
58 67
58 68
58 68
58 69
58 70
58 71
58 72
58 73
58 73
58 74
58 75
57 76
57 77
57 78
57 78
57 79
57 80
57 81
57 82
57 83
57 84
57 84
57 85
57 86
57 86
57 87
57 88
57 88
57 89
57 90
57 90
57 90
58 89
58 89
58 88
58 87
58 87
59 86
59 85
60 84
60 83
60 83
60 82
60 81
61 80
61 79
61 78
61 78
61 77
62 76
62 75
62 74
63 73
63 72
63 72
63 71
64 70
64 69
64 68
65 67
65 66
65 66
65 65
66 64
66 63
67 62
67 61
67 61
67 60
68 59
68 58
68 57
68 57
69 56
69 55
70 54
70 54
71 53
71 52
71 52
72 51
72 51
72 51
72 52
72 52
72 53
72 53
72 54
71 55
71 56
71 56
71 57
70 58
70 59
70 59
70 60
69 61
69 62
69 63
69 63
69 64
69 65
68 66
68 67
68 68
68 68
68 69
68 70
68 71
68 71
68 72
68 73
68 74
68 74
68 75
68 76
68 77
68 77
68 78
68 79
68 79
69 80
69 81
69 81
69 82
69 83
69 84
69 84
69 85
70 86
70 87
70 87
70 88
70 89
70 89
70 90
70 91
70 91
69 92
69 93
69 93
69 94
69 95
69 95
68 96
68 97
68 97
67 97
67 97
66 97
66 97
66 97
66 96
66 96
66 95
66 94
66 93
66 92
66 92
66 91
67 90
67 89
67 88
67 88
67 87
68 86
68 85
69 84
69 83
69 83
69 82
70 81
70 80
70 79
71 78
71 77
71 77
71 76
72 75
72 74
73 73
73 72
73 72
73 71
74 70
74 69
75 68
75 67
75 67
75 66
76 65
76 64
76 64
77 63
77 62
78 61
78 61
79 60
79 60
80 59
80 59
81 58
81 58
81 58
81 58
81 59
81 60
81 60
80 61
80 62
80 62
80 63
79 64
79 65
79 66
79 66
79 67
79 68
78 69
78 70
78 71
78 72
78 72
78 73
78 74
78 75
78 76
78 77
78 78
78 78
78 79
78 80
77 81
77 82
77 83
77 84
77 84
77 85
77 86
76 87
76 88
76 89
76 90
76 90
76 91
75 92
75 93
75 94
75 94
75 95
75 96
75 97
75 97
75 98
76 99
76 100
76 100
76 100
77 100
77 100
78 99
79 99
79 99
79 98
80 97
80 96
80 96
81 95
81 94
82 93
82 93
82 92
82 91
82 90
82 89
82 88
82 87
82 86
82 85
82 84
82 83
82 82
82 81
82 80
82 79
82 78
82 77
82 76
82 75
82 74
82 73
82 72
82 71
82 70
82 69
82 68
82 67
82 66
82 65
82 64
82 63
82 62
82 61
82 60
82 59
82 58
82 57
82 56
82 55
82 54
82 53
82 52
82 51
82 50
82 49
82 48
82 47
82 46
82 45
82 44
82 43
82 42
82 41
82 40
82 39
82 38
82 37
82 36
82 35
82 35
82 35
82 35
82 36
82 36
82 37
82 38
82 38
82 39
82 40
82 41
82 41
82 42
82 43
82 43
82 44
82 45
82 45
82 46
82 47
83 48
83 49
83 50
83 51
83 52
84 53
84 54
84 55
84 56
85 57
85 58
85 59
85 60
85 61
86 62
86 63
86 64
86 65
86 66
87 67
87 68
87 69
87 69
86 68
86 67
86 67
85 66
85 65
85 65
85 64
85 63
85 63
85 62
85 61
85 61
85 60
85 60
85 60
85 61
85 61
84 62
84 62
84 63
84 64
84 65
84 66
84 67
84 67
84 68
83 69
83 70
83 70
83 71
83 72
83 73
83 74
83 74
83 75
83 76
83 77
83 78
83 78
83 79
82 80
82 81
82 81
82 82
83 83
83 84
83 84
83 85
83 86
83 86
84 85
84 85
85 84
85 84
85 83
86 82
86 81
86 81
86 80
87 79
87 78
87 78
87 77
87 76
87 75
87 74
87 74
87 73
87 72
87 71
87 70
87 70
87 69
87 68
87 67
87 66
87 66
87 65
87 64
87 63
87 62
87 62
86 61
86 60
86 60
86 59
86 59
85 59
85 59
85 60
85 60
85 60
85 61
85 61
86 62
86 62
87 61
87 61
88 60
89 60
89 60
90 59
90 59
91 58
92 58
92 58
93 57
93 57
94 56
94 56
94 56
94 57
94 57
94 58
94 59
94 59
94 60
94 61
94 62
94 62
94 63
93 64
93 65
93 66
93 66
93 67
92 68
92 69
92 70
92 70
92 71
92 72
91 73
91 74
91 75
91 75
91 76
90 77
90 78
90 79
90 79
90 80
89 81
89 82
89 82
89 83
89 84
89 85
89 85
89 86
89 87
89 87
89 87
89 87
89 86
90 85
90 84
90 84
90 83
91 82
91 81
91 80
91 80
91 79
91 78
92 77
92 76
92 75
92 75
92 74
92 73
93 72
93 71
93 70
93 69
93 69
93 68
94 67
94 66
94 65
95 64
95 63
95 63
95 62
96 61
96 60
96 59
96 59
96 58
97 57
97 56
97 56
98 55
98 55
99 56
99 56
99 57
99 58
99 59
99 59
99 60
99 61
99 62
99 62
99 63
99 64
99 65
99 66
99 67
99 67
99 68
99 69
99 70
99 71
99 72
99 72
99 73
99 74
99 75
99 76
99 77
99 77
99 78
99 79
98 80
98 81
98 82
98 82
98 83
98 84
98 85
98 86
98 86
98 87
98 88
98 89
98 90
98 90
99 91
99 92
99 92
99 93
99 93
100 93
