6 44
7 44
7 44
7 43
7 43
6 42
6 42
6 41
6 41
6 40
6 40
6 39
6 39
6 38
6 38
6 38
6 38
6 38
6 38
6 39
6 39
5 40
5 40
4 41
4 42
4 42
3 43
3 44
3 44
2 45
2 46
2 46
2 47
2 48
2 49
2 49
2 50
1 51
1 52
1 52
1 53
1 54
0 55
0 56
0 57
0 57
0 58
0 59
0 60
0 61
0 62
0 63
0 63
0 64
0 65
0 66
0 67
0 68
0 69
0 69
0 70
0 71
0 72
0 73
0 74
0 74
0 75
0 76
0 77
0 78
0 79
0 79
0 80
0 81
0 81
1 82
1 83
1 83
2 84
2 84
3 84
3 84
3 83
4 82
4 81
4 81
4 80
5 79
5 78
5 78
5 77
5 76
6 75
6 74
6 73
6 73
6 72
6 71
6 70
7 69
7 68
7 67
7 66
7 66
7 65
7 64
7 63
8 62
8 61
8 60
8 59
8 59
8 58
8 57
8 56
8 55
8 54
8 53
8 52
8 51
8 51
8 50
8 49
8 48
9 47
9 46
9 45
9 44
9 43
9 43
9 42
9 41
9 40
10 39
10 38
10 37
10 36
10 36
10 35
10 34
10 33
11 32
11 31
11 30
11 29
11 29
11 28
11 27
12 26
12 25
12 24
12 23
12 23
12 22
12 21
12 20
12 19
12 18
12 17
12 17
12 16
12 15
13 14
13 13
13 12
13 12
13 11
13 10
13 9
13 8
13 7
13 7
13 6
14 5
14 4
14 4
14 3
14 2
14 2
14 1
14 1
14 1
14 1
14 2
14 2
14 3
13 4
13 5
13 5
13 6
13 7
13 8
13 9
13 9
13 10
13 11
13 12
13 13
13 14
13 15
13 15
13 16
13 17
12 18
12 19
12 20
12 21
12 21
12 22
12 23
12 24
12 25
12 26
12 27
12 28
12 29
12 29
12 30
12 31
12 32
12 33
11 34
11 35
11 36
11 37
11 38
11 38
11 39
11 40
11 41
11 42
11 43
11 44
11 45
11 46
11 46
11 47
11 48
11 49
11 50
10 51
10 52
10 53
10 54
10 55
10 55
10 56
10 57
10 58
10 59
10 60
10 61
10 62
10 63
10 64
10 64
10 65
10 66
10 67
10 68
10 69
10 70
10 71
10 71
10 72
10 73
10 74
10 75
10 76
10 77
10 78
10 78
10 79
11 80
11 81
11 82
11 82
11 83
11 84
11 85
11 85
11 86
12 87
12 88
12 88
12 89
12 89
13 89
13 89
14 88
14 88
14 87
15 86
15 85
15 85
15 84
15 83
16 82
16 81
16 80
16 80
16 79
17 78
17 77
17 76
17 75
18 74
18 73
18 73
18 72
18 71
19 70
19 69
19 68
19 67
19 67
19 66
19 65
20 64
20 63
20 62
20 61
20 61
20 60
20 59
21 58
21 57
21 56
21 55
21 55
21 54
21 53
22 52
22 51
22 50
22 50
22 49
22 48
22 47
22 46
22 46
22 45
22 44
22 44
22 43
22 42
22 41
22 41
22 40
22 39
22 39
21 38
21 38
21 37
21 37
20 37
20 37
20 38
20 39
20 40
20 40
20 41
20 42
19 43
19 44
19 45
19 45
19 46
19 47
18 48
18 49
18 50
18 51
18 51
18 52
18 53
18 54
17 55
17 56
17 57
17 58
17 58
17 59
17 60
17 61
17 62
17 63
17 64
17 65
17 66
17 66
17 67
17 68
17 69
17 70
17 71
17 72
17 73
17 73
17 74
17 75
17 76
17 77
17 77
17 78
17 79
17 80
17 80
18 81
18 81
18 81
19 81
19 81
19 80
20 79
20 78
20 78
20 77
21 76
21 75
21 74
21 74
21 73
21 72
22 71
22 70
22 69
22 69
22 68
22 67
23 66
23 65
23 64
23 64
23 63
23 62
24 61
24 60
24 59
24 59
24 58
24 57
25 56
25 55
25 54
25 54
25 53
25 52
26 51
26 50
26 49
26 49
26 48
26 47
26 46
26 46
26 45
27 44
27 43
27 43
27 42
27 41
27 41
28 40
28 40
28 39
28 38
28 38
28 38
28 38
28 38
28 39
28 40
28 40
28 41
28 42
28 43
28 44
28 45
28 45
28 46
28 47
28 48
27 49
27 50
27 51
27 52
27 52
27 53
27 54
27 55
26 56
26 57
26 58
26 59
26 59
26 60
26 61
26 62
26 63
26 64
26 65
26 65
26 66
26 67
25 68
25 69
25 70
25 70
25 71
25 72
25 73
25 74
25 75
25 75
25 76
25 77
25 78
25 78
25 79
25 80
25 80
25 81
25 82
25 82
25 82
25 82
25 81
25 81
25 80
25 79
25 78
25 78
25 77
25 76
25 75
25 74
25 73
25 73
25 72
25 71
25 70
26 69
26 68
26 67
26 66
26 66
26 65
26 64
26 63
27 62
27 61
27 60
27 59
27 59
27 58
27 57
27 56
28 55
28 54
28 53
28 52
28 52
28 51
28 50
29 49
29 48
29 47
29 47
29 46
30 45
30 44
30 44
30 43
30 42
30 42
30 42
30 42
31 43
31 43
31 44
31 45
31 46
31 46
31 47
31 48
31 49
31 50
31 51
31 52
31 52
31 53
31 54
30 55
30 56
30 57
30 58
30 58
30 59
30 60
30 61
30 62
30 63
30 64
30 64
30 65
30 66
29 67
29 68
29 69
29 69
29 70
29 71
29 72
29 73
29 73
29 74
29 75
29 75
29 76
29 76
29 77
29 77
29 77
29 76
29 75
29 75
29 74
29 73
29 72
29 71
29 71
29 70
29 69
30 68
30 67
30 66
30 66
30 65
30 64
31 63
31 62
31 61
31 60
31 60
31 59
31 58
31 57
32 56
32 55
32 54
32 53
32 53
32 52
32 51
33 50
33 49
33 48
33 48
33 47
33 46
33 45
33 44
33 43
33 43
33 42
34 41
34 40
34 40
34 39
34 38
34 38
35 37
35 36
35 36
35 35
35 35
36 35
36 35
36 34
36 34
36 35
36 35
36 36
36 37
36 38
36 38
36 39
36 40
36 41
36 42
36 42
36 43
36 44
35 45
35 46
35 47
35 48
35 48
35 49
35 50
35 51
35 52
35 53
35 54
35 54
35 55
35 56
34 57
34 58
34 59
34 60
34 60
34 61
34 62
34 63
34 64
34 65
34 65
34 66
34 67
34 68
34 69
34 69
34 70
34 71
34 72
34 72
34 73
35 74
35 75
35 75
35 76
35 77
35 77
36 78
36 78
36 78
37 77
37 76
37 76
37 75
38 74
38 73
38 72
38 72
38 71
38 70
39 69
39 68
39 67
39 67
39 66
40 65
40 64
40 63
41 62
41 61
41 61
41 60
41 59
42 58
42 57
42 56
42 55
42 55
42 54
42 53
43 52
43 51
43 50
43 49
43 49
43 48
44 47
44 46
44 45
44 45
44 44
44 43
44 42
44 42
44 41
44 40
44 39
44 39
44 38
44 37
44 37
44 36
44 35
44 35
43 34
43 33
43 33
43 32
43 32
42 32
42 32
42 33
42 34
42 35
42 35
42 36
41 37
41 38
41 38
41 39
41 40
41 41
40 42
40 43
40 44
40 45
40 45
40 46
40 47
40 48
39 49
39 50
39 51
39 52
39 52
39 53
39 54
39 55
39 56
39 57
39 58
39 58
39 59
39 60
38 61
38 62
38 63
38 64
38 64
38 65
39 66
39 67
39 68
39 68
39 69
39 70
39 70
40 71
40 72
40 72
40 72
41 71
41 71
42 70
42 69
43 68
43 68
43 67
44 66
44 65
44 64
44 64
44 63
44 62
45 61
45 60
45 59
45 59
45 58
45 57
45 56
46 55
46 54
46 53
46 52
46 52
46 51
47 50
47 49
48 48
48 47
48 47
48 46
48 45
49 44
49 43
49 42
49 41
49 41
49 40
50 39
50 38
50 37
50 37
50 36
50 35
50 34
50 34
51 33
51 32
51 32
51 31
51 31
51 30
51 29
51 29
51 28
51 28
51 28
51 28
51 28
51 29
51 30
51 30
51 31
50 32
50 33
50 33
50 34
50 35
50 36
50 37
50 37
50 38
50 39
49 40
49 41
49 42
49 43
49 43
49 44
49 45
48 46
48 47
48 48
48 49
48 49
48 50
48 51
47 52
47 53
47 54
47 54
47 55
47 56
47 57
47 58
47 59
47 59
47 60
47 61
46 62
46 63
46 64
46 64
46 65
46 66
46 67
46 68
46 68
46 69
46 70
46 70
46 71
46 71
46 72
46 72
46 72
46 72
46 71
46 70
46 69
46 69
46 68
46 67
47 66
47 65
47 64
47 64
47 63
47 62
48 61
48 60
48 59
48 59
48 58
48 57
48 56
49 55
49 54
49 53
49 52
49 52
49 51
49 50
49 49
50 48
50 47
50 46
50 45
50 45
50 44
50 43
51 42
51 41
51 40
51 40
51 39
51 38
52 37
52 36
52 35
52 35
53 34
53 33
53 33
53 32
53 32
53 31
53 31
53 31
53 32
53 32
53 33
53 34
53 34
53 35
53 36
53 37
53 37
53 38
53 39
53 40
53 41
53 42
53 42
53 43
53 44
52 45
52 46
52 47
52 47
52 48
52 49
51 50
51 51
51 52
51 53
51 53
51 54
51 55
51 56
51 57
51 58
51 58
51 59
51 60
50 61
50 62
50 63
50 63
50 64
50 65
50 66
50 67
50 68
50 68
50 69
50 70
50 71
50 72
50 72
50 73
50 74
50 75
50 76
50 76
50 77
50 78
50 79
50 79
50 80
50 81
50 81
50 82
50 83
50 83
50 83
51 83
51 83
51 82
51 82
51 81
51 80
51 80
51 79
52 78
52 77
52 76
52 76
52 75
52 74
53 73
53 72
53 71
53 71
53 70
53 69
54 68
54 67
54 66
54 66
54 65
54 64
55 63
55 62
55 61
55 60
55 60
55 59
55 58
56 57
56 56
56 55
56 54
56 54
56 53
56 52
57 51
57 50
57 49
57 48
57 48
57 47
58 46
58 45
58 45
58 44
58 43
58 42
58 42
59 41
59 41
59 40
59 39
59 39
59 38
59 38
60 37
60 37
60 36
60 36
61 35
61 35
61 34
61 34
62 33
62 33
62 33
63 33
63 33
63 33
63 33
63 33
62 33
62 33
62 33
62 33
62 33
61 33
61 33
61 33
61 34
61 34
60 35
60 35
59 36
59 37
59 37
59 38
58 39
58 40
58 40
58 41
57 42
57 43
57 44
57 44
57 45
56 46
56 47
56 48
56 48
56 49
55 50
55 51
55 51
55 52
54 53
54 54
54 54
54 55
54 56
54 56
54 57
54 58
54 59
54 59
54 60
54 61
54 61
54 62
54 63
54 63
54 64
54 64
55 64
55 64
56 64
56 64
57 64
57 64
58 64
58 64
58 64
59 64
59 64
60 64
60 64
61 65
61 65
61 66
61 66
62 67
62 68
62 68
62 69
62 69
62 70
62 71
62 72
62 72
62 73
62 74
62 74
62 75
62 76
62 77
62 77
62 78
61 79
61 80
61 80
61 81
60 82
60 83
60 83
60 84
59 85
59 86
59 87
59 87
59 88
58 89
58 90
58 90
58 91
57 92
57 93
57 93
57 94
56 95
56 96
56 96
55 97
55 98
55 98
55 99
55 100
55 100
54 100
54 100
54 100
54 100
54 99
54 99
54 98
54 97
54 97
54 96
54 95
54 95
55 94
55 93
55 93
55 92
55 91
55 91
56 90
56 89
56 89
56 88
57 87
57 86
57 86
57 85
58 84
58 83
58 83
58 82
59 81
59 80
59 80
59 79
59 78
60 77
60 76
60 75
60 75
60 74
61 73
61 72
61 71
61 71
61 70
62 69
62 68
62 67
62 67
63 66
63 65
64 64
64 64
64 63
65 62
65 61
65 61
65 60
66 59
66 58
66 58
66 57
66 56
66 55
66 54
66 54
66 53
67 52
67 51
67 51
67 50
68 49
68 48
68 48
68 47
68 46
68 46
69 45
69 44
69 44
69 43
69 43
69 43
69 43
69 43
69 43
69 43
69 43
69 43
68 44
68 45
68 45
68 46
68 47
68 47
68 48
68 49
68 50
68 50
68 51
68 52
67 53
67 54
67 55
67 55
67 56
67 57
66 58
66 59
66 60
66 60
66 61
66 62
65 63
65 64
65 65
65 65
65 66
65 67
65 68
65 69
65 69
65 70
65 71
65 72
65 73
65 73
65 74
65 75
65 76
65 77
65 77
65 78
65 79
65 80
65 80
65 81
65 82
65 82
66 83
66 83
66 83
67 83
67 83
67 82
68 81
68 80
68 80
68 79
69 78
69 77
69 77
69 76
69 75
70 74
70 73
70 72
70 72
70 71
71 70
71 69
71 68
71 68
71 67
72 66
72 65
72 64
72 64
72 63
73 62
73 61
73 61
73 60
73 59
73 58
73 58
73 57
73 57
73 56
73 56
74 55
74 55
74 55
74 54
74 54
75 54
75 54
75 54
76 54
76 54
76 54
76 54
76 54
76 54
76 54
76 54
76 54
76 54
75 54
75 54
74 54
74 54
74 54
73 55
73 55
73 55
72 56
72 57
72 57
71 58
71 59
71 59
71 60
71 61
71 62
71 63
71 63
71 64
71 65
70 66
70 67
70 68
70 68
70 69
70 70
70 71
69 72
69 73
69 74
69 75
69 75
69 76
68 77
68 78
68 79
68 79
68 80
68 81
68 82
68 82
68 83
68 84
68 84
69 85
69 85
69 85
70 84
70 84
71 83
71 82
71 82
71 81
71 80
71 80
71 79
72 78
72 77
72 76
72 76
72 75
73 74
73 73
73 72
73 72
73 71
73 70
73 69
73 68
73 68
73 67
73 66
74 65
74 64
74 63
74 63
74 62
74 61
74 60
74 59
74 58
74 58
74 57
74 56
75 55
75 54
75 53
75 53
75 52
75 51
75 50
75 50
75 49
75 48
75 48
75 47
75 47
75 47
75 48
75 48
75 49
75 50
75 50
75 51
75 52
75 52
75 53
75 54
75 54
75 55
75 56
75 57
75 57
76 58
76 58
77 59
77 59
78 60
78 60
79 60
79 60
80 59
80 59
81 58
81 58
82 57
82 56
82 56
83 55
83 54
83 54
83 53
84 52
84 51
84 51
84 50
84 50
84 49
84 48
84 48
84 48
84 48
84 48
84 49
84 50
84 50
84 51
83 52
83 53
83 53
83 54
82 55
82 56
82 57
82 57
82 58
81 59
81 60
81 61
81 62
80 63
80 64
80 64
80 65
79 66
79 67
79 68
78 69
78 70
78 70
78 71
78 72
78 73
77 74
77 75
77 76
77 77
77 77
77 78
77 79
76 80
76 81
76 82
76 82
76 83
76 84
76 85
76 85
76 86
76 87
76 87
76 88
76 88
76 88
76 87
76 87
76 86
77 85
77 84
77 84
77 83
78 82
78 81
78 81
78 80
79 79
79 78
80 77
80 76
80 76
80 75
81 74
81 73
81 72
82 71
82 70
82 70
82 69
83 68
83 67
84 66
84 65
84 65
85 64
85 63
86 62
86 61
86 61
87 60
87 59
88 58
88 57
88 57
89 56
90 55
90 55
91 54
91 54
92 54
92 54
93 54
93 54
93 55
93 56
93 56
93 57
93 58
93 58
93 59
93 60
93 61
93 62
93 63
93 63
93 64
93 65
92 66
92 67
92 68
92 68
92 69
92 70
92 71
92 72
92 73
92 74
92 75
92 75
92 76
92 77
91 78
91 79
91 80
91 80
91 81
91 82
91 83
91 83
91 84
92 85
92 86
92 86
93 87
93 87
94 87
94 87
95 86
95 86
96 85
97 84
97 84
98 83
98 82
98 82
99 81
99 80
100 79
100 78
100 78
100 77
99 76
99 75
98 74
98 73
97 72
97 71
96 70
96 69
96 68
95 67
95 66
94 65
94 64
93 63
93 62
92 61
92 60
92 59
91 58
91 57
90 56
90 55
89 54
89 53
88 52
88 51
88 50
87 49
87 48
86 47
86 46
85 45
85 44
84 43
84 42
84 41
83 40
83 39
82 38
82 37
81 36
81 35
80 34
80 33
80 32
79 31
79 30
78 29
78 28
77 27
77 26
76 25
76 24
76 23
75 22
75 21
74 20
74 19
73 18
73 17
72 16
72 15
72 14
71 13
71 12
70 11
70 10
69 9
69 8
68 7
68 6
68 6
68 7
68 8
67 9
67 10
67 11
67 11
67 12
67 12
67 13
67 14
67 14
67 14
67 14
67 14
67 14
67 13
