8 66
9 67
9 67
9 67
9 67
9 67
9 67
9 67
9 67
9 66
9 66
9 66
8 65
8 65
8 64
8 64
7 64
7 64
6 64
6 64
5 65
5 65
4 66
4 67
4 67
4 68
3 69
3 70
2 71
2 72
2 72
2 73
2 74
1 75
1 76
1 77
1 77
1 78
1 79
1 80
1 81
1 82
1 83
1 84
1 84
1 85
1 86
0 87
0 88
0 89
0 90
0 90
0 91
0 92
0 93
0 94
0 95
0 96
0 96
0 97
0 98
0 99
0 99
0 99
1 99
2 99
2 99
2 98
3 97
3 96
3 95
3 95
3 94
4 93
4 92
5 91
5 90
5 90
5 89
6 88
6 87
6 86
7 85
7 84
7 84
7 83
8 82
8 81
8 80
8 79
9 78
9 77
9 77
9 76
10 75
10 74
10 73
10 72
11 71
11 70
11 70
11 69
11 68
12 67
12 66
12 65
12 64
13 63
13 62
13 61
13 61
13 60
13 59
13 58
13 57
13 56
14 55
14 54
14 53
14 52
14 51
14 50
14 49
14 48
14 47
14 46
15 45
15 44
15 43
15 42
15 41
15 40
15 39
15 38
15 37
15 36
16 35
16 34
16 33
16 32
16 31
16 30
16 29
16 28
16 27
16 26
16 25
17 24
17 23
17 22
17 21
17 20
17 19
17 18
17 17
17 16
17 15
18 14
18 13
18 12
18 11
18 10
18 9
18 9
18 8
18 7
18 6
19 5
19 4
19 3
19 2
19 2
19 1
19 1
19 1
19 1
19 0
19 0
19 0
19 0
18 1
18 1
18 2
18 3
18 3
18 4
18 5
18 6
18 7
18 7
18 8
17 9
17 10
17 11
17 12
16 13
16 14
16 14
16 15
16 16
16 17
16 18
16 19
15 20
15 21
15 22
15 23
15 24
15 25
15 25
15 26
15 27
15 28
15 29
15 30
15 31
15 32
15 33
14 34
14 35
14 36
14 37
14 38
14 39
14 40
14 41
14 42
14 42
14 43
14 44
14 45
14 46
14 47
14 48
14 49
13 50
13 51
13 52
13 53
13 54
13 55
13 56
13 57
13 57
13 58
13 59
13 60
13 61
13 62
13 63
12 64
12 65
12 66
12 67
12 68
12 69
12 70
12 70
12 71
12 72
12 73
12 74
11 75
11 76
11 77
11 78
11 79
11 80
11 80
11 81
11 82
11 83
11 84
11 85
11 86
11 87
11 87
11 88
11 89
11 90
11 91
11 91
11 92
12 93
12 94
12 95
12 95
13 96
13 97
13 97
14 98
14 98
15 98
15 98
15 98
16 97
16 96
16 96
16 95
17 94
17 93
17 93
17 92
18 91
18 90
18 90
18 89
19 88
19 87
19 87
19 86
19 85
19 84
19 84
19 83
19 82
19 81
19 81
20 80
20 79
20 79
20 78
20 77
20 77
20 76
20 76
20 75
20 75
20 74
19 73
19 72
19 72
19 71
19 70
19 70
19 69
19 68
19 68
19 67
19 66
19 65
19 65
19 64
19 64
19 63
19 63
19 62
19 62
19 62
19 62
18 63
18 63
17 64
17 65
17 65
16 66
16 67
16 67
16 68
16 69
16 70
16 71
16 71
16 72
16 73
15 74
15 75
15 76
15 76
15 77
15 78
15 79
15 80
15 81
15 82
15 82
15 83
15 84
15 85
15 86
15 87
15 88
15 88
15 89
15 90
16 91
16 92
16 93
16 93
16 94
17 95
17 96
17 96
18 97
18 97
19 96
20 96
20 96
21 95
21 94
22 93
22 93
23 92
24 91
24 90
25 89
25 89
26 88
26 87
27 86
27 85
28 84
28 84
28 83
28 82
28 81
28 80
28 79
28 78
27 77
27 76
27 75
27 74
27 73
27 72
27 71
27 70
27 70
27 70
27 69
27 68
27 68
27 68
27 69
27 69
27 69
27 70
27 71
27 72
27 72
27 73
27 74
26 75
26 76
26 77
26 77
26 78
26 79
26 80
26 81
26 82
26 83
26 84
26 84
26 85
26 86
25 87
25 88
25 89
25 89
25 90
25 91
25 92
25 93
25 94
25 95
25 95
25 96
25 97
25 98
25 98
24 99
24 99
24 99
24 99
25 98
25 98
25 97
25 96
25 95
25 95
25 94
25 93
26 92
26 91
26 90
26 90
26 89
26 88
27 87
27 86
27 85
27 85
27 84
27 83
28 82
28 81
28 80
28 79
28 79
28 78
28 77
29 76
29 75
29 74
29 73
29 73
29 72
30 71
30 70
30 69
30 69
30 68
31 67
31 66
31 66
32 65
32 65
32 66
32 66
32 67
32 68
32 68
32 69
32 70
32 71
32 72
32 73
32 73
32 74
32 75
32 76
32 77
32 78
32 78
32 79
31 80
31 81
31 82
31 82
31 83
31 84
31 85
31 86
31 86
31 87
30 88
30 89
30 89
30 90
30 91
30 91
30 91
30 91
31 90
31 89
31 89
32 88
32 87
32 87
32 86
33 85
33 84
33 83
33 83
33 82
34 81
34 80
34 79
34 79
34 78
34 77
35 76
35 75
35 74
35 74
35 73
35 72
36 71
36 70
36 69
36 69
37 68
37 67
37 67
37 66
37 66
37 66
37 67
37 67
37 68
37 69
37 70
37 70
37 71
36 72
36 73
36 74
36 74
36 75
36 76
36 77
36 78
36 78
36 79
35 80
35 81
35 82
35 82
35 83
34 84
34 85
34 86
34 86
35 87
35 88
35 88
35 89
35 90
35 90
36 91
36 91
37 90
38 90
38 90
39 89
40 88
40 88
41 87
41 86
42 85
42 84
42 84
43 83
43 82
44 81
44 81
45 80
45 79
46 78
46 77
46 77
46 76
47 75
47 74
47 73
47 73
47 72
48 71
48 70
48 69
48 69
48 68
48 67
48 66
48 66
47 65
47 64
47 64
46 64
46 64
45 64
45 64
44 65
44 66
44 66
44 67
43 68
43 69
43 69
43 70
43 71
43 72
43 73
43 74
43 74
43 75
43 76
42 77
42 78
42 79
42 79
42 80
42 81
42 82
42 83
42 84
42 84
42 85
42 86
42 87
42 87
42 88
43 89
43 90
43 90
44 91
44 92
44 92
45 92
45 92
46 91
46 90
46 90
47 89
48 88
48 88
48 87
49 86
49 85
49 85
49 84
50 83
50 82
50 82
50 81
51 80
51 79
51 79
51 78
52 77
52 76
52 75
52 75
52 74
52 73
52 72
52 71
52 71
52 70
52 69
52 69
52 68
52 68
52 68
52 69
52 70
52 70
52 71
52 72
52 73
52 74
52 74
52 75
51 76
51 77
51 78
51 78
51 79
51 80
51 81
51 82
51 82
51 83
51 84
50 85
50 86
50 87
50 87
50 88
50 89
50 90
50 91
50 92
50 93
50 93
50 94
50 95
50 96
50 96
50 97
49 98
49 99
49 99
49 100
49 100
50 100
50 100
50 99
50 99
50 98
50 97
50 96
50 96
50 95
50 94
51 93
51 92
51 91
51 91
51 90
51 89
52 88
52 87
52 86
52 86
52 85
52 84
53 83
53 82
53 81
53 80
53 80
53 79
53 78
54 77
54 76
54 75
54 74
54 74
54 73
55 72
55 71
55 70
55 70
55 69
56 68
56 67
56 67
57 66
57 66
58 66
58 66
58 67
58 68
58 68
58 69
58 70
58 71
58 71
58 72
58 73
58 74
58 75
58 75
58 76
58 77
58 78
58 79
58 80
58 80
58 81
57 82
57 83
57 84
57 84
57 85
57 86
57 87
57 87
57 88
57 89
57 90
57 91
57 91
57 92
57 92
57 93
57 93
58 92
58 92
59 91
59 90
59 90
60 89
60 88
61 87
61 87
61 86
61 85
62 84
62 83
62 82
62 82
62 81
63 80
63 79
64 78
64 77
64 77
64 76
65 75
65 74
66 73
66 72
66 72
66 71
67 70
67 69
68 68
68 67
68 67
69 66
70 65
70 65
71 64
71 63
71 63
71 63
71 63
71 64
71 64
70 65
70 66
70 66
70 67
69 68
69 69
69 69
69 70
68 71
68 72
68 72
68 73
67 74
67 75
67 75
67 76
67 77
67 77
66 78
66 79
66 79
67 80
67 80
67 81
67 81
68 82
68 82
69 83
69 83
69 84
69 84
70 85
70 86
70 86
70 87
70 88
70 88
69 89
69 90
69 90
68 91
68 92
68 92
67 93
67 94
67 94
66 95
65 95
65 95
64 96
64 96
64 95
64 95
64 94
64 94
64 93
65 92
65 91
65 91
66 90
66 89
67 88
67 87
67 87
67 86
68 85
68 84
69 83
69 82
69 82
69 81
70 80
70 79
71 78
71 77
71 77
72 76
72 75
73 74
73 73
74 72
74 72
74 71
75 70
75 69
76 68
76 67
76 67
77 66
77 65
78 64
78 64
79 63
79 62
79 62
80 62
80 62
80 62
80 63
80 63
80 64
80 64
79 65
79 66
79 66
79 67
79 68
79 69
79 69
79 70
78 71
78 72
78 72
78 73
78 74
77 75
77 76
77 77
77 77
77 78
77 79
77 80
77 81
77 81
77 82
77 83
76 84
76 85
76 86
76 86
76 87
76 88
76 89
76 90
76 90
76 91
75 92
75 93
75 93
76 94
76 95
76 95
76 96
76 96
77 96
77 96
78 95
79 94
79 94
80 93
80 92
80 92
80 91
81 90
81 89
81 89
82 88
82 87
83 86
83 85
83 85
83 84
83 83
83 82
83 81
83 81
83 80
83 79
83 78
83 77
83 76
83 75
83 74
83 73
83 72
83 71
83 70
83 69
83 68
83 67
83 66
83 65
82 64
82 63
82 62
82 61
82 60
82 59
82 58
82 57
82 56
82 55
82 54
82 53
82 52
82 51
82 50
82 49
82 48
82 48
82 47
82 46
82 46
82 46
82 47
82 47
82 48
82 48
82 49
82 50
82 50
82 51
82 51
82 52
82 53
82 53
83 54
83 54
83 55
83 56
83 56
83 57
84 58
84 59
84 60
84 61
85 62
85 63
85 64
85 65
86 66
86 67
86 68
86 69
87 70
87 71
87 72
87 72
86 71
86 70
86 70
86 69
86 69
86 68
86 67
86 67
85 66
85 66
85 65
85 65
85 66
85 66
85 67
85 68
85 68
85 69
84 70
84 71
84 72
84 72
84 73
84 74
83 75
83 76
83 77
83 77
83 78
83 79
83 80
83 81
83 81
83 82
82 83
82 84
82 85
82 85
82 86
82 87
82 88
82 88
83 89
83 90
83 90
84 90
84 90
85 89
85 89
85 88
86 87
86 86
86 86
86 85
87 84
87 83
87 83
87 82
88 81
88 80
88 80
88 79
88 78
88 77
88 77
88 76
88 75
88 74
88 73
88 73
88 72
87 71
87 70
87 70
87 69
86 68
86 67
86 67
86 66
86 66
85 65
85 65
84 65
84 65
84 66
84 66
84 67
84 67
84 68
84 68
85 68
85 68
86 68
86 68
87 67
88 66
88 66
89 65
90 65
90 65
91 64
91 64
92 63
93 63
93 63
94 63
94 63
94 63
94 63
94 64
94 64
94 65
94 66
94 66
94 67
93 68
93 69
93 69
93 70
92 71
92 72
92 73
92 73
92 74
92 75
91 76
91 77
91 78
91 78
91 79
90 80
90 81
90 82
90 82
90 83
90 84
89 85
89 86
89 87
89 87
89 88
89 89
89 90
89 90
89 91
88 92
88 93
88 93
88 94
88 94
89 94
89 94
89 93
89 93
89 92
90 91
90 90
90 90
90 89
90 88
90 87
90 87
90 86
90 85
91 84
91 83
91 82
91 82
91 81
91 80
92 79
92 78
92 77
92 77
92 76
92 75
93 74
93 73
93 72
93 72
93 71
94 70
94 69
95 68
95 67
95 67
96 66
96 65
96 65
97 64
97 63
97 63
98 64
98 64
99 65
99 65
99 66
99 67
99 68
99 68
99 69
100 70
100 71
100 72
100 72
100 73
99 74
99 75
99 76
99 76
99 77
99 78
99 79
99 80
99 81
99 81
99 82
98 83
98 84
98 84
98 85
98 86
98 87
98 87
98 88
98 89
98 90
98 90
98 91
