7 64
7 64
7 63
7 63
7 62
7 62
7 61
7 60
7 60
6 59
6 58
6 58
6 57
6 56
6 56
6 55
6 54
6 54
6 53
6 52
6 51
6 50
6 50
5 49
5 48
5 48
5 47
5 47
5 47
4 48
4 48
4 49
4 50
4 51
4 51
4 52
3 53
3 54
3 54
3 55
3 56
2 57
2 58
2 59
2 60
2 60
2 61
2 62
2 63
2 64
2 65
2 65
2 66
2 67
1 68
1 69
1 70
1 71
1 71
1 72
1 73
1 74
0 75
0 76
0 77
0 78
0 78
0 79
0 80
0 81
0 82
0 83
0 84
0 85
0 86
0 87
0 87
0 88
0 89
0 90
0 91
0 91
0 92
0 93
0 94
0 95
0 96
0 96
0 97
0 98
0 99
0 99
1 100
1 100
2 100
2 100
2 99
2 98
2 98
2 97
2 96
3 95
3 94
3 93
3 93
3 92
4 91
4 90
4 89
5 88
5 87
5 87
5 86
5 85
5 84
5 83
6 82
6 81
6 80
6 79
6 78
6 78
6 77
6 76
6 75
6 74
7 73
7 72
7 71
7 70
7 69
7 69
7 68
7 67
7 66
7 65
8 64
8 63
8 62
8 61
8 60
8 59
8 59
8 58
8 57
9 56
9 55
9 54
9 53
9 52
9 51
10 50
10 49
10 48
10 48
10 47
10 46
10 45
10 44
10 43
11 42
11 41
11 40
11 39
11 38
11 37
11 37
11 36
11 35
11 34
11 33
11 32
12 31
12 30
12 29
12 28
12 27
12 26
12 26
12 25
12 24
12 23
13 22
13 21
13 20
13 19
13 18
13 18
13 17
13 16
13 15
13 14
13 13
13 12
13 12
13 11
13 10
13 9
13 8
13 7
13 7
13 6
14 5
14 4
14 3
14 3
13 2
13 1
13 1
13 0
13 0
13 1
13 1
13 2
13 2
13 3
12 4
12 5
12 5
12 6
12 7
12 8
12 9
12 9
12 10
12 11
11 12
11 13
11 14
11 14
11 15
11 16
11 17
11 18
11 19
11 19
11 20
11 21
10 22
10 23
10 24
10 25
10 25
10 26
10 27
10 28
10 29
10 30
10 31
10 32
10 33
10 33
10 34
10 35
10 36
9 37
9 38
9 39
9 40
9 40
9 41
9 42
9 43
9 44
9 45
9 46
9 47
9 48
9 49
9 49
9 50
9 51
9 52
9 53
9 54
9 55
9 56
9 57
9 58
9 58
9 59
9 60
9 61
9 62
9 63
9 64
9 65
9 66
9 67
9 67
9 68
9 69
9 70
9 71
9 72
9 73
9 74
9 74
9 75
9 76
10 77
10 78
10 79
10 80
10 80
10 81
10 82
11 83
11 84
11 85
11 86
11 86
11 87
12 88
12 89
12 90
12 90
13 91
13 92
13 92
14 93
15 93
15 93
16 92
16 92
17 91
18 90
18 90
18 89
19 88
19 87
19 87
19 86
20 85
20 84
20 83
20 83
20 82
20 81
21 80
21 79
21 78
21 78
21 77
21 76
22 75
22 74
22 73
22 73
22 72
22 71
23 70
23 69
23 68
23 67
23 67
23 66
23 65
23 64
23 63
23 62
23 61
23 61
23 60
23 59
23 58
23 57
23 56
23 55
23 55
23 54
23 53
23 52
23 52
23 51
23 51
22 50
22 50
22 51
22 51
21 52
21 52
20 53
20 54
20 54
20 55
19 56
19 57
19 57
19 58
19 59
19 60
19 61
19 62
19 62
19 63
19 64
19 65
19 66
19 66
19 67
19 68
18 69
18 70
18 71
18 71
18 72
18 73
18 74
18 75
18 76
18 76
18 77
19 78
19 79
19 80
19 80
19 81
19 82
19 83
19 84
19 85
19 85
19 86
20 87
20 88
20 88
21 89
21 90
21 90
22 91
22 91
23 90
23 90
24 89
25 89
25 89
25 88
26 87
26 86
26 86
26 85
27 84
27 83
27 83
28 82
28 81
29 80
29 79
29 79
29 78
30 77
30 76
30 75
30 75
30 74
31 73
31 72
31 71
31 71
31 70
31 69
31 68
31 67
31 67
31 66
31 65
32 64
32 63
32 62
32 62
32 61
32 60
32 60
33 59
33 58
33 58
33 57
33 57
33 57
32 57
32 57
32 57
32 58
32 59
32 59
32 60
32 61
32 61
32 62
31 63
31 64
31 64
31 65
31 66
31 67
31 68
31 68
31 69
31 70
31 71
31 71
31 72
30 73
30 74
30 75
30 75
30 76
30 77
30 78
30 78
30 79
30 80
30 81
30 81
30 82
30 83
30 84
30 84
30 85
30 85
30 86
30 86
30 86
30 86
30 85
30 85
30 84
30 84
30 83
31 82
31 81
31 80
31 80
31 79
31 78
31 77
31 77
31 76
32 75
32 74
32 74
32 73
32 72
32 72
33 71
33 70
33 70
33 69
33 69
33 68
33 67
33 67
34 67
34 67
34 67
34 67
34 67
34 68
34 69
34 69
34 70
34 71
34 71
34 72
34 73
34 73
34 74
34 75
34 76
34 76
34 77
34 78
34 79
34 79
34 80
34 81
34 81
34 82
34 82
34 83
34 83
34 83
34 83
34 83
34 82
35 81
35 80
35 80
35 79
35 78
35 77
35 76
35 76
35 75
35 74
35 73
35 73
35 72
36 71
36 70
36 69
36 69
36 68
36 67
36 67
37 66
37 66
37 65
37 65
37 65
38 65
38 65
38 66
38 66
38 67
38 68
38 68
38 69
38 69
38 70
38 71
38 71
38 72
38 73
38 74
38 74
39 75
39 76
39 76
39 77
39 78
39 78
39 79
39 80
39 80
39 81
39 81
39 81
40 80
40 80
40 79
40 79
40 78
40 78
40 77
40 76
40 76
40 75
40 74
40 74
40 73
40 73
40 72
40 72
40 72
41 72
41 72
41 72
41 72
41 72
41 72
41 72
42 71
42 71
43 70
43 70
43 69
43 68
43 68
44 67
44 67
44 66
44 65
44 65
45 64
45 63
45 63
45 62
45 61
45 60
45 60
45 59
46 58
46 57
46 57
46 56
46 55
46 54
46 54
46 53
46 52
46 51
46 51
46 50
46 50
46 49
46 49
45 48
45 48
45 48
45 48
44 48
44 48
44 49
44 49
43 50
43 51
43 51
43 52
43 52
43 53
43 54
43 55
43 55
43 56
43 57
43 57
43 58
43 59
43 60
43 60
43 61
43 62
43 63
43 63
43 64
43 65
43 66
43 66
43 67
43 68
43 68
43 69
44 70
44 71
44 71
44 72
44 73
44 73
45 74
45 75
45 75
46 76
46 76
47 76
47 76
48 76
48 76
49 75
49 75
49 74
50 73
50 72
50 72
51 71
52 70
52 70
52 69
53 68
53 67
53 67
53 66
54 65
54 64
54 64
55 63
55 62
56 61
56 61
56 60
57 59
57 58
57 57
57 57
57 56
57 55
57 54
57 54
58 53
58 52
58 52
58 51
58 51
58 50
58 50
58 50
58 50
58 51
58 51
58 52
58 52
58 53
58 54
58 54
58 55
57 56
57 57
57 57
57 58
57 59
57 60
57 60
57 61
57 62
57 63
57 64
57 64
57 65
57 66
57 67
57 68
57 68
57 69
57 70
57 71
57 71
57 72
57 73
57 74
57 74
57 75
57 76
57 76
57 76
57 77
57 77
57 77
57 76
57 76
57 75
57 74
57 74
58 73
58 72
58 72
58 71
58 70
58 69
58 68
58 68
58 67
59 66
59 65
59 65
59 64
59 63
59 62
59 62
60 61
60 60
60 60
61 59
61 59
61 58
61 58
62 58
62 58
62 58
63 59
63 59
63 60
63 61
63 61
63 62
63 63
63 63
64 64
64 65
64 65
64 66
64 67
64 67
64 68
64 69
64 70
64 70
65 71
65 71
65 72
65 73
65 73
65 73
66 73
66 73
67 72
67 72
68 71
68 70
68 70
68 69
68 68
68 68
68 67
69 66
69 65
69 65
69 64
70 63
70 62
70 61
70 61
70 60
71 59
71 58
71 57
71 57
71 56
72 55
72 54
72 53
72 53
72 52
72 51
72 51
73 50
73 49
73 49
73 49
73 48
73 48
72 48
72 48
72 48
72 49
72 49
71 50
71 50
71 51
71 52
71 52
70 53
70 54
70 54
70 55
70 56
70 56
70 57
69 58
69 59
69 59
69 60
69 61
69 61
69 62
69 63
69 63
69 64
69 64
69 65
69 65
69 66
69 66
69 66
70 67
70 67
70 67
71 68
71 68
71 68
72 69
72 69
72 70
72 70
72 71
72 71
72 72
72 72
72 73
72 73
72 74
72 74
71 75
71 76
71 76
70 77
70 77
70 78
70 79
70 79
69 79
69 79
69 79
69 79
69 78
69 77
69 77
69 76
70 75
70 74
70 73
71 72
71 71
71 70
72 69
72 68
72 67
73 66
73 65
73 64
73 63
74 62
74 61
74 60
75 59
75 58
75 57
76 56
76 55
76 54
77 53
77 52
77 52
78 51
78 50
79 49
79 49
79 48
79 48
79 48
79 48
79 49
79 49
79 50
79 51
79 51
79 52
79 53
79 54
79 54
79 55
78 56
78 57
78 58
78 58
78 59
78 60
78 61
78 62
78 63
78 63
78 64
78 65
78 66
78 67
78 67
78 68
78 69
78 70
78 70
78 71
78 72
78 72
78 73
78 74
78 74
78 75
78 75
78 75
78 74
78 74
78 73
79 72
79 71
79 71
79 70
79 69
79 68
79 68
79 67
79 66
79 65
79 64
79 63
79 63
79 62
79 61
79 60
80 59
80 58
80 57
80 56
80 56
80 55
80 54
80 53
80 52
80 51
80 50
80 49
80 48
80 47
80 47
80 46
80 45
80 44
80 43
80 42
80 41
80 40
80 40
80 39
80 38
81 37
81 36
81 35
81 34
81 34
81 33
81 32
81 31
81 30
81 30
81 29
81 28
81 28
81 28
81 28
82 28
82 28
82 29
82 30
82 30
82 31
82 32
82 33
82 33
82 34
83 35
83 36
83 36
83 37
83 38
84 39
84 40
84 41
84 42
84 42
84 43
85 44
85 45
85 45
85 46
85 47
85 47
85 48
85 48
85 49
85 50
85 50
85 51
84 52
84 53
84 53
84 54
84 55
84 56
84 56
84 57
84 58
84 59
84 60
84 60
84 61
83 62
83 63
83 63
83 64
83 65
83 66
83 67
83 67
83 68
83 69
83 69
83 70
83 71
83 72
83 72
83 73
83 73
84 74
84 74
84 74
85 73
85 73
85 72
85 71
85 70
85 70
86 69
86 68
86 68
86 67
86 66
86 65
86 65
87 64
87 63
87 63
87 62
87 61
87 60
87 59
87 59
87 58
87 57
87 57
86 56
86 55
86 55
86 54
86 54
86 54
85 53
85 53
85 53
85 53
85 54
85 54
85 55
85 55
85 56
85 57
85 57
86 58
86 58
87 59
87 59
88 60
88 60
89 60
89 60
90 59
90 59
91 58
91 58
92 57
92 56
92 56
93 55
94 54
94 54
95 53
95 52
95 52
95 51
95 51
96 50
96 50
96 49
96 49
96 48
96 48
96 48
96 48
96 49
96 49
95 50
95 51
95 51
95 52
95 53
95 53
95 54
95 55
95 56
95 56
95 57
94 58
94 59
94 60
94 60
94 61
94 62
94 63
94 64
94 64
94 65
94 66
94 67
94 67
94 68
93 69
93 70
93 70
93 71
93 72
93 73
93 73
93 74
93 75
93 75
93 76
93 76
93 77
93 77
94 77
94 77
94 76
94 76
94 75
94 74
94 73
94 73
94 72
95 71
95 70
95 70
95 69
96 68
96 67
96 67
96 66
96 65
96 64
96 64
96 63
97 62
97 61
97 60
97 60
98 59
98 58
98 58
98 57
98 56
98 56
99 55
99 55
99 55
99 55
100 56
100 56
100 57
100 58
100 59
100 59
100 60
99 61
99 62
99 62
99 63
99 64
99 65
99 66
99 66
99 67
99 68
99 69
99 69
99 70
99 71
99 72
99 72
98 73
98 74
98 74
98 75
98 75
