5 68
5 67
5 67
5 66
5 66
4 65
4 64
4 64
4 63
4 62
4 62
4 61
4 61
4 60
4 60
3 59
3 59
3 59
3 59
3 60
3 61
3 61
2 62
2 63
2 63
2 64
2 65
2 66
2 66
2 67
2 68
1 69
1 70
1 71
1 71
1 72
1 73
1 74
1 75
1 76
1 77
1 77
1 78
1 79
0 80
0 81
0 82
0 83
0 83
0 84
0 85
0 86
0 87
0 88
0 88
0 89
0 90
0 91
0 92
0 93
0 93
0 94
0 95
0 96
0 97
0 97
0 98
0 99
0 99
0 100
0 100
1 100
1 100
1 99
1 98
1 98
1 97
2 96
2 95
2 94
2 94
2 93
2 92
3 91
3 90
3 89
3 89
3 88
3 87
3 86
4 85
4 84
4 83
4 82
4 82
4 81
4 80
4 79
5 78
5 77
5 76
5 75
5 75
5 74
5 73
5 72
5 71
5 70
5 69
5 68
5 67
5 66
5 65
5 65
5 64
5 63
5 62
5 61
6 60
6 59
6 58
6 57
6 56
6 56
6 55
6 54
6 53
6 52
6 51
7 50
7 49
7 48
7 47
7 46
7 45
7 45
7 44
7 43
7 42
7 41
7 40
7 39
7 38
7 37
7 36
7 36
7 35
7 34
7 33
7 32
8 31
8 30
8 29
8 28
8 27
8 27
8 26
8 25
8 24
8 23
9 22
9 21
9 20
9 19
9 18
9 17
9 17
9 16
9 15
9 14
9 13
9 12
9 11
9 11
9 10
9 9
10 8
10 7
10 6
10 6
10 5
10 4
10 3
10 3
10 2
10 1
10 1
10 0
10 0
10 1
10 1
10 2
9 3
9 4
9 4
9 5
9 6
9 7
9 8
9 8
9 9
9 10
8 11
8 12
8 13
8 14
8 14
8 15
8 16
8 17
8 18
8 19
8 20
8 21
8 21
8 22
8 23
8 24
7 25
7 26
7 27
7 28
7 29
7 29
7 30
7 31
7 32
6 33
6 34
6 35
6 36
6 37
6 37
6 38
6 39
6 40
6 41
6 42
6 43
6 44
6 44
6 45
6 46
6 47
5 48
5 49
5 50
5 51
5 52
5 52
5 53
5 54
5 55
5 56
5 57
5 58
5 59
5 59
5 60
5 61
5 62
6 63
6 64
6 65
6 66
6 67
6 67
6 68
6 69
6 70
6 71
6 72
6 73
6 74
6 74
6 75
6 76
7 77
7 78
7 79
7 80
7 80
7 81
8 82
8 83
8 84
8 84
8 85
9 86
9 87
9 87
10 88
11 88
11 88
12 89
12 89
13 88
13 88
14 87
14 86
14 86
15 85
15 84
16 83
16 83
16 82
17 81
17 80
17 80
17 79
18 78
18 77
18 76
18 76
18 75
18 74
19 73
19 72
19 71
19 71
19 70
19 69
19 68
19 67
19 66
19 66
19 65
20 64
20 63
20 63
20 62
20 61
20 60
20 60
20 59
20 59
19 58
19 58
19 58
19 59
19 59
18 59
18 59
18 60
18 61
18 61
18 62
17 63
17 64
17 64
17 65
16 66
16 67
16 68
16 68
16 69
16 70
16 71
16 72
16 72
16 73
16 74
16 75
16 76
16 77
16 77
16 78
16 79
16 80
16 81
16 82
16 82
16 83
16 84
16 85
16 85
16 86
17 87
17 88
17 88
17 89
17 90
17 90
18 91
18 91
19 91
20 91
20 91
21 90
21 89
21 89
22 88
22 87
22 87
23 86
23 85
23 85
24 84
24 83
25 82
25 82
25 81
26 80
26 79
26 78
26 78
26 77
26 76
26 75
26 74
26 74
26 73
27 72
27 71
27 71
27 70
27 69
27 68
27 68
28 67
28 66
28 66
28 66
28 65
28 65
27 65
27 65
27 65
27 65
26 65
26 65
26 66
26 66
26 67
26 67
25 68
25 69
25 69
25 70
25 71
25 71
25 72
25 73
25 74
25 74
25 75
25 76
25 77
25 77
25 78
25 79
25 80
25 80
24 81
24 82
24 82
24 83
24 84
24 84
24 85
24 85
24 86
24 86
24 86
24 86
24 86
24 86
25 85
25 84
25 84
25 83
25 82
25 82
25 81
26 80
26 79
26 79
26 78
26 77
26 76
26 76
27 75
27 74
27 74
27 73
27 72
27 72
28 71
28 71
28 71
28 71
29 72
29 72
29 73
29 74
29 74
29 75
29 76
29 76
29 77
29 78
29 78
29 79
29 80
29 81
29 81
29 82
29 83
29 83
29 84
29 85
29 85
29 86
29 86
29 87
29 87
29 87
29 87
29 86
29 86
29 85
29 84
29 84
30 83
30 82
30 82
30 81
30 80
30 79
30 78
30 78
31 77
31 76
31 76
31 75
31 75
31 75
32 75
32 75
32 76
32 76
32 76
32 77
32 77
32 78
32 79
32 79
32 80
32 80
33 81
33 81
33 82
33 83
33 83
33 84
33 84
34 85
34 86
34 86
34 87
34 87
34 87
35 86
35 86
36 85
36 85
36 84
36 84
37 83
37 82
37 82
37 81
37 80
37 80
38 79
38 78
38 78
38 77
38 76
38 76
38 75
38 75
38 74
38 74
38 74
38 74
38 74
38 74
38 75
38 75
38 75
38 75
39 76
39 76
39 76
39 77
39 77
40 77
40 77
41 76
41 76
41 75
41 75
42 74
42 74
43 73
43 73
44 72
44 71
44 71
44 70
44 69
44 69
44 68
44 68
44 67
44 66
44 66
44 65
44 65
44 64
44 63
44 63
44 62
44 62
44 61
44 60
44 60
43 59
43 59
43 59
43 59
43 59
43 60
43 60
42 61
42 61
42 62
42 63
42 63
42 64
42 65
42 66
42 66
42 67
42 68
42 69
42 69
42 70
42 71
42 72
42 73
42 73
42 74
42 75
42 76
42 76
42 77
42 78
42 79
42 79
42 80
42 81
42 81
43 82
43 83
43 83
43 84
43 84
44 85
44 85
45 85
45 85
46 84
47 84
47 84
48 83
48 82
48 82
49 81
50 80
50 80
51 79
51 78
51 78
51 77
52 76
52 75
52 75
53 74
54 73
54 73
55 72
55 71
55 71
55 70
56 69
56 68
56 68
56 67
56 66
56 66
56 65
57 64
57 63
57 63
58 62
58 62
58 61
58 60
58 60
58 60
58 60
58 60
58 60
58 60
57 61
57 61
57 62
57 63
57 63
57 64
57 65
57 65
57 66
57 67
57 67
57 68
57 69
57 69
57 70
56 71
56 72
56 72
56 73
56 74
56 75
56 75
56 76
56 77
56 78
56 78
56 79
56 80
56 81
56 81
56 82
56 82
56 83
56 83
56 83
56 83
56 82
56 82
56 81
56 81
57 80
57 79
57 79
57 78
57 77
57 76
57 76
57 75
58 74
58 73
58 73
58 72
58 71
58 70
58 69
58 69
59 68
59 67
59 67
59 66
59 66
60 65
60 65
60 64
60 64
60 64
61 64
61 64
61 64
61 65
61 65
61 66
61 67
61 67
61 68
61 69
61 69
61 70
61 71
61 71
61 72
61 73
61 74
61 74
61 75
61 76
61 77
61 77
61 78
61 79
61 79
62 80
62 81
62 81
62 82
62 82
62 83
62 83
63 83
63 83
64 82
64 82
64 81
64 80
64 80
65 79
65 78
65 78
65 77
66 76
66 75
66 75
66 74
67 73
67 72
67 71
67 71
67 70
68 69
68 68
68 67
68 67
69 66
69 65
70 64
70 64
70 63
71 62
71 61
71 60
71 60
71 59
72 58
72 57
72 57
72 56
72 55
72 55
72 55
73 54
73 54
73 53
73 53
72 53
72 53
72 54
72 54
71 55
71 55
71 56
71 57
71 57
70 58
70 59
70 59
69 60
69 61
69 61
69 62
69 63
69 64
69 64
68 65
68 66
68 66
68 67
68 68
68 68
68 69
68 70
68 70
68 71
68 71
68 72
68 72
68 73
68 73
69 74
69 74
69 74
70 74
70 74
71 75
71 75
71 76
71 76
72 77
72 77
72 78
72 78
72 79
72 80
72 80
72 81
72 82
72 82
71 83
71 84
71 84
71 85
71 86
71 86
70 87
70 87
69 88
69 88
68 89
68 89
68 88
68 88
68 87
68 87
68 86
68 86
68 85
68 84
68 84
68 83
68 82
68 82
68 81
69 80
69 79
69 79
69 78
70 77
70 76
71 75
71 74
72 73
72 72
72 71
73 70
73 69
74 68
74 67
75 66
75 65
75 65
75 64
75 63
75 63
76 63
76 63
76 62
76 62
76 62
76 62
76 62
76 63
76 63
76 64
76 64
76 65
76 66
76 66
75 67
75 68
75 68
75 69
75 70
75 70
75 71
75 72
75 73
75 73
75 74
75 75
75 76
75 76
75 77
75 78
75 79
75 80
75 80
75 81
75 81
75 82
75 82
75 82
75 82
75 81
75 80
75 79
75 78
75 77
75 76
75 75
75 74
75 73
75 72
75 71
75 70
75 69
75 68
76 67
76 66
76 65
76 64
76 63
76 62
76 61
76 60
76 59
76 58
76 57
76 56
76 55
76 54
76 53
76 53
76 52
76 51
76 50
77 49
77 48
77 47
77 46
77 46
77 45
77 45
77 45
77 45
77 45
77 46
77 46
77 47
77 47
78 48
78 48
78 49
78 50
78 50
79 51
79 51
79 52
79 52
79 53
79 53
80 54
80 54
80 55
80 55
80 56
80 56
80 57
80 57
79 58
79 59
79 59
79 60
79 61
79 61
79 62
79 63
79 64
79 64
79 65
78 66
78 67
78 68
78 68
78 69
78 70
78 71
78 71
78 72
78 73
78 74
78 75
78 75
78 76
78 77
78 78
78 79
78 79
78 80
78 81
78 82
78 82
78 83
78 84
78 84
78 85
78 85
79 85
79 85
79 85
80 84
80 84
81 83
81 82
81 82
81 81
81 80
81 80
81 79
82 78
82 77
82 77
82 76
82 75
82 74
82 74
82 73
82 72
82 71
82 71
82 70
82 69
82 68
82 68
82 67
82 66
82 66
81 65
81 64
81 64
81 64
80 63
80 63
80 64
80 64
79 64
79 64
79 65
79 65
79 66
79 66
79 67
79 68
79 68
79 69
79 69
80 70
80 71
80 71
81 72
81 72
82 72
82 72
83 72
83 72
84 71
85 70
85 70
86 69
86 69
87 68
88 68
88 68
89 67
89 66
89 66
90 65
90 65
91 64
91 64
92 63
92 63
92 62
92 62
92 62
93 62
93 62
93 62
93 62
92 62
92 62
92 63
92 63
92 64
92 64
92 65
92 66
92 66
92 67
92 68
92 69
92 69
92 70
92 71
92 72
92 72
92 73
91 74
91 75
91 75
91 76
91 77
91 78
91 79
91 79
91 80
91 81
91 82
91 82
91 83
91 84
91 84
91 85
91 86
91 87
91 87
91 88
91 88
91 89
91 89
91 89
91 89
92 88
92 88
92 87
92 87
92 86
92 85
92 85
93 84
93 83
93 83
93 82
93 81
93 80
93 80
94 79
94 78
94 78
94 77
94 76
94 75
94 75
95 74
95 73
95 73
95 72
95 71
95 71
96 70
96 70
97 69
97 69
97 68
97 68
98 68
98 68
98 68
98 69
98 69
99 70
99 71
99 71
99 72
99 73
99 73
99 74
99 75
99 76
99 76
99 77
98 78
98 79
98 79
98 80
98 81
98 82
98 83
98 83
98 84
98 85
98 86
98 86
98 87
98 88
98 89
98 89
98 90
98 91
98 91
98 92
98 93
98 93
98 94
98 94
99 94
99 94
100 93
