7 40
7 41
7 42
7 42
7 43
7 43
6 44
6 44
6 45
6 45
6 46
6 47
6 47
6 48
6 48
6 48
7 49
7 49
7 49
7 48
7 48
7 47
7 46
7 46
7 45
7 44
7 44
7 43
7 42
7 42
7 41
7 40
7 40
7 39
7 39
7 38
7 37
7 37
7 36
7 36
6 35
6 35
6 36
6 36
5 37
5 38
5 38
5 39
4 40
4 41
4 41
4 42
4 43
3 44
3 45
3 46
3 46
3 47
3 48
3 49
2 50
2 51
2 52
2 53
2 53
2 54
2 55
2 56
1 57
1 58
1 59
1 60
1 61
1 61
1 62
1 63
1 64
0 65
0 66
0 67
0 68
0 69
0 69
0 70
0 71
0 72
0 73
0 74
0 75
0 75
0 76
0 77
0 78
0 79
0 80
0 81
0 81
0 82
0 83
0 83
0 84
0 84
1 85
1 85
1 85
1 84
2 83
2 82
2 82
2 81
3 80
3 79
3 79
3 78
3 77
4 76
4 75
4 74
4 74
4 73
4 72
5 71
5 70
5 69
5 68
5 68
5 67
5 66
5 65
6 64
6 63
6 62
6 61
6 61
6 60
6 59
6 58
7 57
7 56
7 55
7 54
7 53
7 53
7 52
7 51
7 50
8 49
8 48
8 47
8 46
8 45
8 45
8 44
8 43
8 42
9 41
9 40
9 39
9 38
9 37
9 37
9 36
10 35
10 34
10 33
10 32
11 31
11 30
11 29
11 29
11 28
11 27
11 26
11 25
11 24
11 23
11 22
11 22
11 21
11 20
11 19
12 18
12 17
12 16
12 15
12 15
12 14
12 13
13 12
13 11
13 10
13 10
13 9
13 8
13 7
13 6
13 5
13 5
13 4
14 3
14 2
14 2
14 1
14 0
14 0
14 0
14 1
14 1
14 2
13 3
13 4
13 4
13 5
13 6
13 7
13 8
13 8
13 9
12 10
12 11
12 12
12 12
12 13
12 14
11 15
11 16
11 17
11 18
11 18
11 19
11 20
11 21
10 22
10 23
10 24
10 25
10 26
10 26
10 27
10 28
10 29
10 30
10 31
10 32
10 33
10 34
10 35
10 35
10 36
10 37
10 38
10 39
9 40
9 41
9 42
9 43
9 44
9 45
9 45
9 46
9 47
9 48
9 49
9 50
9 51
9 52
9 53
9 54
9 55
9 55
9 56
9 57
9 58
9 59
8 60
8 61
8 62
8 63
8 64
8 65
8 65
8 66
8 67
8 68
8 69
8 70
8 71
8 72
8 73
8 74
8 74
8 75
8 76
8 77
8 78
8 79
8 80
8 81
8 82
8 83
8 83
8 84
8 85
8 86
8 87
8 88
8 89
8 90
8 90
8 91
8 92
8 93
8 94
8 94
8 95
8 96
8 97
8 98
8 98
9 99
9 100
9 100
10 100
10 100
11 100
11 100
11 99
12 98
12 97
12 97
12 96
12 95
13 94
13 93
13 92
13 92
13 91
13 90
14 89
14 88
14 87
14 86
14 86
14 85
15 84
15 83
15 82
15 81
16 80
16 79
16 79
16 78
16 77
16 76
17 75
17 74
17 73
17 72
17 71
17 71
17 70
17 69
17 68
18 67
18 66
18 65
18 64
18 63
18 63
18 62
18 61
18 60
19 59
19 58
19 57
19 56
19 56
19 55
19 54
19 53
19 52
19 52
19 51
19 50
19 50
19 49
19 49
19 48
19 47
19 47
18 47
18 47
18 47
17 48
17 49
17 49
17 50
17 51
17 52
17 53
17 54
17 54
17 55
17 56
17 57
16 58
16 59
16 60
16 61
16 61
16 62
16 63
16 64
15 65
15 66
15 67
15 68
15 68
15 69
15 70
15 71
15 72
15 73
15 74
15 75
15 75
15 76
14 77
14 78
14 79
14 79
14 80
15 81
15 82
15 83
15 83
16 84
16 84
16 84
17 84
17 84
18 83
18 82
19 81
19 81
19 80
19 79
20 78
20 77
20 76
20 76
20 75
20 74
21 73
21 72
21 71
21 71
21 70
22 69
22 68
22 67
23 66
23 65
23 65
23 64
23 63
24 62
24 61
24 60
24 59
24 59
24 58
24 57
25 56
25 55
25 54
25 53
25 53
25 52
25 51
25 50
25 50
26 49
26 49
26 49
25 50
25 50
25 51
25 52
25 53
25 53
25 54
25 55
25 56
25 57
25 57
25 58
25 59
25 60
25 61
25 62
25 62
25 63
25 64
24 65
24 66
24 67
24 67
24 68
24 69
24 70
24 71
24 71
24 72
23 73
23 74
23 75
23 75
23 76
23 77
23 77
23 78
23 78
23 79
23 79
23 79
23 78
24 77
24 76
24 76
24 75
24 74
24 73
24 73
24 72
24 71
25 70
25 69
25 68
25 67
25 67
25 66
26 65
26 64
26 63
27 62
27 61
27 61
27 60
27 59
27 58
28 57
28 56
28 55
28 54
28 54
28 53
29 52
29 51
29 50
29 50
29 49
29 49
29 49
29 50
29 51
29 51
29 52
29 53
29 54
29 55
29 55
29 56
29 57
29 58
29 59
29 60
29 60
29 61
28 62
28 63
28 64
28 64
28 65
28 66
28 67
28 67
28 68
28 69
28 70
28 70
28 71
28 71
28 71
28 71
28 70
28 70
28 69
28 68
28 68
28 67
28 66
29 65
29 64
29 63
29 63
29 62
29 61
30 60
30 59
30 58
30 57
30 57
30 56
30 55
31 54
31 53
31 52
31 52
31 51
32 50
32 49
32 48
33 47
33 46
33 46
33 45
33 44
33 43
33 43
34 42
34 41
34 41
34 41
34 41
34 42
34 43
34 43
34 44
34 45
34 45
34 46
34 47
34 48
34 49
34 50
34 50
34 51
34 52
33 53
33 54
33 55
33 56
33 56
33 57
33 58
33 59
33 60
33 61
33 62
33 62
33 63
33 64
33 65
33 66
33 67
33 68
33 68
33 69
33 70
33 71
33 72
33 72
33 73
33 74
33 75
33 75
33 76
34 77
34 78
34 78
34 79
34 79
35 80
35 80
36 79
36 79
36 78
37 77
37 76
37 76
38 75
38 74
39 73
39 72
39 72
39 71
39 70
40 69
40 68
40 67
40 67
40 66
40 65
41 64
41 63
41 62
41 62
41 61
41 60
42 59
42 58
42 57
42 56
42 56
42 55
42 54
43 53
43 52
43 51
43 50
43 50
43 49
44 48
44 47
44 47
44 46
44 45
44 44
44 44
44 43
43 42
43 41
43 41
43 40
43 40
43 39
43 39
42 39
42 39
41 40
41 40
41 41
40 42
40 43
40 44
40 44
40 45
39 46
39 47
39 48
39 48
39 49
39 50
39 51
38 52
38 53
38 54
38 55
38 55
38 56
38 57
38 58
38 59
38 60
38 61
38 62
38 63
38 63
38 64
38 65
38 66
38 67
38 67
38 68
38 69
38 70
38 71
38 71
38 72
38 73
38 74
38 74
39 75
39 76
39 76
40 76
40 76
41 75
41 75
42 74
42 73
43 72
43 72
43 71
44 70
44 69
44 68
44 68
44 67
45 66
45 65
46 64
46 63
46 63
46 62
47 61
47 60
48 59
48 58
48 58
48 57
49 56
49 55
49 54
50 53
50 52
50 52
50 51
50 50
51 49
51 48
51 47
51 47
51 46
52 45
52 44
52 43
52 43
53 42
53 41
53 41
53 40
53 40
53 39
53 39
53 39
53 38
53 38
53 38
53 38
53 39
53 39
53 40
53 41
53 42
53 42
53 43
52 44
52 45
52 46
52 46
52 47
52 48
51 49
51 50
51 51
51 52
51 52
51 53
51 54
51 55
50 56
50 57
50 58
50 59
50 59
50 60
50 61
49 62
49 63
49 64
49 65
49 65
49 66
49 67
48 68
48 69
48 70
48 70
48 71
48 72
48 73
48 73
47 74
47 74
47 75
47 75
47 76
47 76
47 75
47 75
47 74
47 74
47 73
48 72
48 71
48 71
48 70
49 69
49 68
49 67
49 67
49 66
49 65
50 64
50 63
50 62
50 61
50 61
50 60
50 59
50 58
51 57
51 56
51 55
51 54
51 54
51 53
52 52
52 51
52 50
52 49
53 48
53 47
53 47
53 46
53 45
54 44
54 43
54 42
54 41
54 41
54 40
54 39
55 38
55 37
55 36
55 36
56 35
56 34
56 34
57 33
57 33
57 33
57 33
57 34
57 35
57 36
57 36
57 37
57 38
56 39
56 40
56 41
56 41
56 42
56 43
56 44
55 45
55 46
55 47
55 48
55 48
55 49
55 50
55 51
54 52
54 53
54 54
54 55
54 56
54 56
54 57
54 58
54 59
53 60
53 61
53 62
53 63
53 64
53 64
53 65
53 66
53 67
53 68
53 69
53 70
53 70
53 71
52 72
52 73
52 74
52 74
52 75
52 76
52 77
52 78
52 78
52 79
53 80
53 81
53 81
53 82
53 82
53 83
53 83
54 82
54 82
55 81
55 80
55 80
55 79
55 78
55 77
55 76
55 76
55 75
56 74
56 73
56 72
56 72
56 71
56 70
57 69
57 68
57 67
57 66
57 66
57 65
57 64
58 63
58 62
58 61
58 61
58 60
58 59
58 58
59 57
59 56
59 55
59 54
59 54
59 53
59 52
59 51
60 50
60 49
60 48
60 47
60 46
60 46
60 45
61 44
61 43
61 42
61 42
61 41
62 40
62 39
62 39
62 38
62 37
62 37
63 36
63 36
63 35
63 35
64 35
64 35
65 35
65 35
66 35
66 35
67 35
67 35
67 35
68 35
68 35
68 35
68 35
68 34
68 34
68 34
67 33
67 33
67 33
66 33
66 33
65 34
65 34
65 35
65 35
64 36
64 36
63 37
63 37
63 38
63 39
63 39
62 40
62 41
62 41
62 42
61 43
61 44
61 44
61 45
61 46
61 47
61 47
61 48
60 49
60 50
60 50
60 51
60 52
60 53
60 53
60 54
59 55
59 56
59 57
59 57
59 58
60 59
60 60
60 60
60 61
60 62
60 63
60 63
60 64
60 65
60 65
61 66
61 67
61 67
62 68
62 69
62 69
63 70
63 71
63 71
64 72
64 72
65 73
65 73
66 74
66 74
66 75
66 76
66 76
66 77
66 78
66 78
65 79
65 80
65 80
65 81
65 82
65 83
65 83
64 84
64 85
64 85
63 86
63 87
63 87
62 88
62 89
62 89
62 90
62 90
61 91
61 91
60 91
60 91
60 91
59 90
59 90
59 89
59 88
59 88
59 87
59 86
59 86
59 85
60 84
60 83
60 83
60 82
61 81
61 80
61 79
61 79
61 78
61 77
62 76
62 75
62 74
62 73
62 73
62 72
63 71
63 70
64 69
64 68
64 68
64 67
65 66
65 65
66 64
66 63
66 63
66 62
67 61
67 60
67 60
68 59
68 58
69 57
69 56
69 56
69 55
70 54
70 53
70 53
71 52
71 51
71 51
72 50
72 49
72 49
72 48
72 48
72 47
73 46
73 45
73 45
73 44
73 43
73 43
73 42
73 41
73 41
74 40
74 39
74 39
74 38
74 38
74 38
74 38
74 38
74 38
74 38
73 38
73 38
73 39
73 39
73 39
73 39
73 40
73 40
73 41
73 41
73 42
72 43
72 44
72 44
72 45
72 46
72 47
72 47
72 48
72 49
71 50
71 51
71 52
71 52
71 53
71 54
70 55
70 56
70 57
70 57
70 58
70 59
69 60
69 61
69 62
69 62
69 63
69 64
69 65
69 66
69 67
69 67
69 68
69 69
69 70
69 71
69 72
69 73
69 73
69 74
69 75
69 76
69 77
69 77
69 78
69 79
69 80
69 81
69 81
69 82
69 83
69 83
69 84
69 85
69 85
70 86
70 86
70 86
71 85
71 85
71 84
71 83
71 83
72 82
72 81
73 80
73 79
73 79
73 78
74 77
74 76
74 75
74 75
74 74
74 73
75 72
75 71
75 70
75 70
75 69
75 68
76 67
76 66
76 65
76 65
76 64
76 63
77 62
77 61
77 60
77 60
77 59
77 58
77 57
77 57
77 56
78 55
78 54
78 54
78 53
78 52
78 52
78 51
78 51
78 51
79 51
79 51
79 50
79 50
79 50
79 50
79 50
79 50
79 50
79 51
79 51
80 51
80 51
80 52
80 52
80 52
81 52
81 52
81 52
81 52
81 52
81 51
81 51
81 51
81 51
80 51
80 51
80 51
79 52
79 52
78 53
78 53
77 54
77 55
77 55
77 56
76 57
76 58
76 59
76 59
76 60
76 61
75 62
75 63
75 64
75 64
75 65
74 66
74 67
74 68
73 69
73 70
73 70
73 71
73 72
72 73
72 74
72 75
72 75
72 76
72 77
72 78
72 79
72 79
72 80
72 81
72 82
72 83
72 83
72 84
72 85
72 85
73 86
73 86
73 86
74 86
74 86
75 85
75 84
75 84
75 83
75 82
75 82
75 81
76 80
76 79
76 79
76 78
77 77
77 76
77 76
77 75
77 74
77 73
77 72
77 71
77 71
77 70
77 69
78 68
78 67
78 66
78 66
78 65
78 64
78 63
78 62
78 61
78 61
78 60
78 59
79 58
79 57
79 56
79 55
79 55
79 54
79 53
79 52
79 52
80 51
80 50
80 50
80 49
80 49
80 49
80 50
80 50
80 51
80 51
80 52
80 53
80 54
80 55
80 55
80 56
79 57
79 58
79 58
79 59
79 60
79 61
79 61
80 62
80 63
80 63
80 64
80 65
80 65
81 65
81 65
82 65
82 65
83 65
83 65
84 64
84 63
84 63
85 62
85 62
86 61
86 60
86 60
86 59
87 58
87 57
87 57
87 56
87 55
87 54
87 54
88 53
88 52
88 52
88 51
88 51
88 51
88 51
88 52
88 52
87 53
87 54
87 54
87 55
86 56
86 57
86 57
86 58
86 59
85 60
85 61
85 62
85 62
85 63
85 64
84 65
84 66
84 67
84 67
84 68
83 69
83 70
83 71
83 71
83 72
83 73
82 74
82 75
82 76
82 76
82 77
81 78
81 79
81 80
81 80
81 81
81 82
81 83
81 83
81 84
81 84
81 85
81 85
81 85
81 84
81 84
82 83
82 82
82 82
82 81
83 80
83 79
83 79
83 78
83 77
84 76
84 75
84 74
84 74
84 73
84 72
85 71
85 70
85 69
85 69
85 68
85 67
86 66
86 65
86 64
86 64
86 63
87 62
87 61
87 60
88 59
88 58
88 58
88 57
89 56
89 55
89 54
89 54
90 53
90 52
90 52
91 51
91 50
91 50
91 49
91 49
92 49
92 49
92 49
92 50
92 50
92 51
92 52
92 52
92 53
92 54
92 54
92 55
92 56
92 57
92 57
92 58
92 59
91 60
91 61
91 62
91 62
91 63
91 64
91 65
91 66
91 66
91 67
91 68
91 69
91 70
91 71
91 72
91 72
91 73
91 74
91 75
90 76
90 77
90 78
90 79
90 79
90 80
90 81
90 82
90 83
90 83
90 84
90 85
90 86
90 87
90 87
90 88
90 89
90 90
90 90
90 91
90 91
91 92
91 92
91 92
92 91
93 90
93 90
93 89
94 88
94 87
94 87
95 86
95 85
96 84
96 83
96 83
96 82
96 81
97 80
97 79
97 78
97 78
97 77
98 76
98 75
98 74
99 73
99 72
99 72
99 71
100 70
100 69
100 68
100 68
99 67
99 66
98 65
98 64
97 63
97 62
96 61
96 60
95 59
95 58
94 57
94 56
93 55
93 54
92 53
92 52
91 51
91 50
90 49
90 48
89 47
89 46
88 45
88 44
87 43
87 42
86 41
86 40
85 39
85 38
84 37
84 36
83 35
83 34
82 33
82 32
81 31
81 30
80 29
80 28
79 27
79 26
78 25
78 24
77 23
77 22
76 21
76 20
75 19
75 19
75 20
75 21
76 22
76 23
76 24
76 24
76 23
76 23
76 22
76 21
76 21
76 21
76 21
75 21
75 21
75 21
75 21
