5 61
5 62
6 63
6 64
6 65
6 65
6 65
5 65
5 65
6 65
6 65
6 65
6 64
6 64
5 63
5 63
5 62
5 62
5 61
5 61
5 60
5 59
5 59
4 58
4 57
4 57
4 56
4 55
4 55
4 54
3 53
3 52
3 52
3 51
3 50
3 50
2 49
2 48
2 48
1 48
1 48
1 49
1 50
1 50
1 51
0 52
0 53
0 54
0 54
0 55
0 56
0 57
0 58
0 59
0 60
0 60
0 61
0 62
0 63
0 64
0 65
0 66
0 67
0 68
0 68
0 69
0 70
0 71
0 72
0 73
0 74
0 75
0 76
0 77
0 77
0 78
0 79
0 80
0 81
0 82
0 83
0 84
0 84
0 85
0 86
0 87
0 88
0 89
0 90
0 90
0 91
0 92
0 93
0 94
0 95
0 96
0 96
0 97
0 98
0 99
0 99
0 100
0 100
1 100
1 100
1 99
1 98
2 97
2 96
2 95
2 95
2 94
2 93
2 92
3 91
3 90
3 89
3 88
3 88
3 87
3 86
3 85
3 84
4 83
4 82
4 81
4 80
4 79
4 79
4 78
4 77
4 76
4 75
4 74
4 73
4 72
4 71
4 70
4 69
4 68
4 68
4 67
4 66
4 65
4 64
4 63
5 62
5 61
5 60
5 59
5 58
5 57
5 56
5 56
5 55
5 54
5 53
5 52
5 51
6 50
6 49
6 48
6 47
6 46
6 45
6 44
6 44
6 43
6 42
6 41
6 40
6 39
7 38
7 37
7 36
7 35
7 34
7 33
7 32
7 32
7 31
7 30
7 29
7 28
7 27
7 26
7 25
7 24
7 23
7 22
7 21
7 21
7 20
7 19
7 18
7 17
7 16
7 15
7 14
7 13
7 12
7 11
7 11
7 10
7 9
7 8
7 7
7 6
7 5
7 4
7 4
7 3
8 2
8 1
8 0
8 0
8 0
8 1
8 2
8 2
8 3
8 4
8 5
8 6
8 7
8 8
8 8
8 9
8 10
8 11
8 12
7 13
7 14
7 15
7 16
7 17
7 18
7 18
7 19
7 20
7 21
7 22
7 23
7 24
7 25
7 26
7 27
7 28
7 28
7 29
7 30
7 31
7 32
7 33
7 34
7 35
7 36
7 37
7 38
7 39
7 40
7 40
7 41
7 42
7 43
7 44
7 45
7 46
7 47
7 48
7 49
7 50
7 51
7 52
7 53
7 53
7 54
7 55
7 56
7 57
7 58
8 59
8 60
8 61
8 62
8 63
8 64
8 65
8 65
8 66
8 67
8 68
8 69
8 70
8 71
8 72
8 73
8 74
8 75
8 75
8 76
8 77
8 78
8 79
8 80
8 81
8 82
8 83
8 84
8 84
8 85
8 86
9 87
9 88
9 89
9 90
9 90
9 91
10 92
10 93
10 93
11 94
11 94
12 93
12 93
12 92
13 91
13 90
14 89
14 88
14 88
14 87
14 86
15 85
15 84
15 83
15 82
15 82
15 81
15 80
15 79
16 78
16 77
16 76
16 75
16 75
16 74
16 73
16 72
16 71
17 70
17 69
17 68
17 67
17 66
17 66
17 65
17 64
17 63
17 62
18 61
18 60
18 59
18 58
18 57
18 57
18 56
18 55
18 54
18 53
18 52
18 51
18 50
18 50
18 49
18 48
18 47
18 46
18 45
18 44
18 44
18 43
18 42
18 41
18 40
18 39
18 38
18 38
18 37
18 36
18 36
17 37
17 37
17 38
17 39
17 39
17 40
17 41
16 42
16 43
16 44
16 45
16 45
16 46
16 47
16 48
15 49
15 50
15 51
15 52
15 52
15 53
15 54
15 55
15 56
15 57
15 58
15 59
15 59
15 60
15 61
15 62
15 63
15 64
15 65
15 66
15 67
15 67
15 68
15 69
15 70
15 71
15 72
15 73
15 74
15 75
15 75
15 76
15 77
15 78
15 79
15 80
15 81
15 81
15 82
16 83
16 84
16 85
16 85
16 86
16 87
16 88
16 88
17 89
17 90
17 90
18 90
18 90
18 89
19 88
19 87
19 87
19 86
20 85
20 84
20 83
20 83
20 82
21 81
21 80
21 79
22 78
22 77
22 77
22 76
22 75
22 74
23 73
23 72
23 71
23 70
23 70
23 69
23 68
23 67
24 66
24 65
24 64
24 63
24 62
24 62
24 61
24 60
24 59
25 58
25 57
25 56
25 55
25 55
25 54
25 53
25 52
25 51
25 50
25 49
25 49
25 48
26 47
26 46
26 45
26 45
26 44
26 43
26 43
26 42
26 42
26 43
26 43
26 44
26 45
26 45
26 46
26 47
26 48
26 49
26 49
26 50
26 51
26 52
26 53
26 54
26 54
26 55
26 56
25 57
25 58
25 59
25 60
25 60
25 61
25 62
25 63
25 64
25 65
25 66
25 67
25 67
25 68
25 69
25 70
25 71
25 72
25 73
25 73
25 74
25 75
25 76
25 77
25 77
24 78
24 79
24 79
25 80
25 80
25 80
25 79
25 78
25 78
25 77
26 76
26 75
26 74
26 74
26 73
26 72
26 71
26 70
26 69
26 68
26 68
26 67
26 66
26 65
27 64
27 63
27 62
27 61
27 60
27 60
27 59
27 58
27 57
28 56
28 55
28 54
28 53
28 52
28 52
28 51
28 50
29 49
29 48
29 47
29 46
29 46
29 45
29 44
30 43
30 42
30 41
30 41
30 40
31 39
31 38
31 38
31 39
31 39
31 40
31 41
31 41
31 42
31 43
31 44
31 45
31 46
31 46
31 47
31 48
31 49
31 50
31 51
31 52
31 52
31 53
31 54
31 55
31 56
31 57
31 58
31 59
31 59
31 60
31 61
31 62
30 63
30 64
30 65
30 66
30 66
30 67
30 68
30 69
30 70
30 71
30 72
30 72
30 73
29 74
29 75
29 76
29 76
29 77
29 78
29 78
29 78
29 77
29 77
29 76
30 75
30 74
30 74
30 73
30 72
31 71
31 70
31 69
31 68
31 68
31 67
31 66
31 65
32 64
32 63
32 62
32 61
32 61
32 60
32 59
33 58
33 57
33 56
33 55
33 55
33 54
33 53
34 52
34 51
34 50
34 49
34 49
34 48
35 47
35 46
35 45
35 45
36 44
36 43
36 43
36 43
36 44
36 45
36 45
36 46
36 47
36 48
36 48
36 49
36 50
36 51
36 52
36 52
36 53
36 54
35 55
35 56
35 57
35 58
35 58
35 59
35 60
35 61
35 62
35 63
35 63
35 64
35 65
34 66
34 67
34 68
34 68
34 69
34 70
34 71
34 71
34 72
34 72
34 72
35 71
35 71
35 70
35 69
35 68
35 68
35 67
36 66
36 65
36 64
36 64
36 63
37 62
37 61
37 60
37 60
38 59
38 58
39 57
39 57
40 57
40 57
40 58
40 58
40 59
41 60
41 61
41 62
41 62
41 63
41 64
41 65
41 66
41 67
41 67
41 68
41 69
41 70
41 71
41 72
41 73
41 73
41 74
42 75
42 76
42 77
42 77
42 78
42 79
42 80
42 80
42 81
43 82
43 83
43 83
43 83
44 82
44 81
45 80
45 80
45 79
46 78
46 77
46 76
46 76
46 75
46 74
47 73
47 72
47 71
47 70
47 70
47 69
48 68
48 67
48 66
48 65
49 64
49 63
49 62
49 62
49 61
49 60
49 59
50 58
50 57
50 56
50 55
50 54
50 54
50 53
50 52
50 51
51 50
51 49
51 48
51 47
51 47
51 46
51 45
52 44
52 43
52 42
52 42
52 41
52 40
52 39
52 39
51 38
51 37
51 37
51 38
51 38
51 39
50 40
50 41
50 41
50 42
49 43
49 44
49 45
49 45
49 46
49 47
49 48
49 49
49 50
49 51
49 51
49 52
49 53
48 54
48 55
48 56
48 57
48 57
48 58
48 59
48 60
48 61
48 62
48 63
48 63
48 64
48 65
47 66
47 67
47 68
47 69
47 69
47 70
47 71
47 72
47 73
47 74
47 74
47 75
48 76
48 77
48 78
48 78
48 79
48 80
48 81
48 81
49 82
49 83
49 83
49 84
49 84
50 83
50 83
51 82
51 81
52 80
52 80
52 79
52 78
53 77
53 76
53 75
53 75
53 74
53 73
54 72
54 71
54 70
54 69
54 69
54 68
54 67
54 66
55 65
55 64
55 63
55 62
55 62
55 61
55 60
55 59
56 58
56 57
56 56
56 55
56 54
56 54
56 53
56 52
57 51
57 50
57 49
57 48
57 48
57 47
57 46
58 45
58 44
58 43
58 43
58 42
58 41
58 40
58 40
58 40
58 41
58 42
58 42
58 43
58 44
58 45
58 46
58 46
58 47
58 48
57 49
57 50
57 51
57 52
57 52
57 53
57 54
57 55
57 56
57 57
57 58
57 59
57 59
57 60
57 61
57 62
56 63
56 64
56 65
56 66
56 67
56 67
56 68
56 69
55 70
55 71
55 72
55 73
55 73
55 74
55 75
54 76
54 77
54 78
54 78
54 79
54 80
54 81
54 81
54 82
54 82
54 82
54 81
54 80
54 80
54 79
54 78
55 77
55 76
55 75
55 75
55 74
55 73
55 72
56 71
56 70
56 69
56 68
56 68
56 67
56 66
57 65
57 64
57 63
57 62
58 61
58 60
58 59
58 59
58 58
58 57
58 56
59 55
59 54
59 53
59 52
59 51
59 51
59 50
59 49
60 48
60 47
60 46
60 46
60 45
61 44
61 43
62 42
62 41
62 41
63 40
63 39
63 39
63 40
63 40
63 41
63 42
63 42
63 43
63 44
63 45
63 46
63 46
63 47
63 48
63 49
63 50
63 51
63 52
63 52
63 53
63 54
63 55
63 56
63 57
63 58
63 59
63 59
63 60
63 61
63 62
62 63
62 64
62 65
62 66
62 66
62 67
62 68
62 69
62 70
62 71
62 72
62 73
62 73
62 74
62 75
62 76
62 77
62 77
62 78
62 79
62 79
62 80
62 81
62 81
63 80
63 79
63 79
64 78
64 77
64 77
64 76
64 75
65 74
65 73
65 72
65 72
65 71
66 70
66 69
66 68
66 67
67 66
67 65
67 64
67 64
67 63
67 62
67 61
67 60
68 59
68 58
68 57
68 56
68 55
68 55
68 54
69 53
69 52
69 51
69 50
70 49
70 48
70 48
70 47
70 46
70 45
71 44
71 43
71 42
71 41
71 40
71 40
71 39
71 38
72 37
72 36
72 35
72 35
72 34
73 33
73 32
73 31
73 31
73 30
73 29
73 29
73 29
72 29
72 29
72 30
72 31
72 32
72 33
72 33
72 34
72 35
71 36
71 37
71 38
71 38
71 39
71 40
70 41
70 42
70 43
70 44
70 44
70 45
70 46
69 47
69 48
69 49
69 50
69 50
69 51
69 52
69 53
69 54
69 55
69 55
69 56
69 57
69 58
69 59
69 60
69 60
69 61
69 62
69 63
69 64
69 64
69 65
69 66
69 67
69 68
69 68
69 69
70 70
70 71
70 71
70 72
70 73
70 74
70 74
70 75
70 76
70 77
70 77
70 78
70 79
70 79
70 80
70 81
70 81
70 82
70 83
70 83
69 84
69 85
69 85
69 86
69 86
68 86
68 86
68 85
68 85
68 84
68 83
68 83
68 82
68 81
68 80
68 79
68 79
68 78
68 77
68 76
69 75
69 74
69 73
69 72
69 71
69 70
69 69
70 68
70 67
70 66
70 65
70 64
70 63
70 62
70 61
71 60
71 59
71 58
71 57
71 57
71 56
72 55
72 54
72 53
72 52
73 51
73 50
73 50
73 49
73 48
73 48
74 47
74 47
74 48
74 48
74 49
74 49
74 50
74 51
74 52
74 52
74 53
74 54
74 55
74 56
74 56
74 57
74 58
74 59
74 60
74 61
74 61
74 62
74 63
74 64
74 65
74 66
74 66
74 67
74 68
73 69
73 70
73 71
73 71
73 72
73 73
73 74
73 74
73 75
73 76
73 77
73 77
73 77
73 77
73 76
73 75
73 75
73 74
73 73
73 72
73 71
73 70
73 70
73 69
73 68
74 67
74 66
74 65
74 64
74 64
74 63
74 62
74 61
74 60
74 59
74 58
74 57
74 56
74 55
74 54
74 53
74 52
74 51
74 50
74 49
75 48
75 47
75 46
75 45
75 44
75 43
75 42
75 41
75 40
75 39
75 38
75 37
75 36
75 35
75 34
75 33
75 33
75 32
75 31
75 30
75 29
75 28
74 27
74 26
74 25
74 24
74 23
74 22
74 21
74 21
74 20
74 19
74 18
74 17
74 17
74 16
74 15
74 15
74 14
74 14
74 13
74 13
74 13
74 14
74 14
74 15
74 15
74 16
74 16
75 17
75 18
75 18
75 19
75 20
76 21
76 22
76 23
76 24
76 25
77 26
77 27
77 28
77 29
77 30
78 31
78 32
78 33
78 34
78 35
78 36
79 37
79 38
79 39
79 40
79 41
80 42
80 43
80 44
80 44
80 45
81 46
81 47
81 48
81 48
81 49
81 50
81 50
80 51
80 51
80 52
80 53
80 54
80 55
80 56
80 56
80 57
80 58
80 59
80 60
80 60
80 61
80 62
80 63
80 64
80 65
80 66
80 66
80 67
80 68
80 69
80 70
80 71
80 72
80 72
80 73
80 74
80 75
80 76
80 76
80 77
80 78
80 79
80 79
80 80
80 81
80 82
80 82
81 83
81 83
81 83
81 82
82 81
82 80
82 80
82 79
83 78
83 77
83 76
83 76
83 75
83 74
84 73
84 72
84 71
84 71
84 70
84 69
85 68
85 67
85 66
85 65
85 65
85 64
85 63
86 62
86 61
86 60
86 59
86 59
86 58
86 57
86 56
86 55
86 55
86 54
86 53
86 52
86 52
85 51
85 50
85 50
84 49
84 49
84 50
84 50
83 51
83 52
83 52
82 53
82 54
82 54
81 55
81 55
81 56
81 56
81 56
82 56
82 56
83 55
83 54
83 54
84 53
84 52
84 52
85 51
85 50
85 50
86 49
86 48
87 47
87 47
88 47
88 47
89 47
90 47
90 47
91 48
91 49
91 49
91 50
91 51
91 52
91 52
91 53
92 54
92 55
92 55
92 56
92 57
92 58
92 59
92 60
92 60
92 61
92 62
91 63
91 64
91 65
91 66
91 66
91 67
91 68
91 69
91 70
91 71
91 72
91 72
91 73
90 74
90 75
90 76
90 76
90 77
90 78
90 79
90 79
90 80
90 81
90 82
90 82
89 82
89 82
90 81
90 81
90 80
90 79
90 79
90 78
90 77
91 76
91 75
91 74
91 74
91 73
91 72
92 71
92 70
92 69
92 68
92 68
92 67
92 66
92 65
93 64
93 63
93 62
93 61
93 60
93 60
93 59
94 58
94 57
94 56
95 55
95 54
95 54
95 53
95 52
96 51
96 50
96 49
96 49
96 48
97 47
97 46
97 46
98 45
98 45
99 46
99 46
99 47
99 48
99 49
99 49
99 50
99 51
100 52
100 53
100 54
100 55
100 55
100 56
100 57
100 58
100 59
100 60
100 61
100 62
100 62
100 63
100 64
100 65
99 66
99 67
99 68
99 69
99 70
99 70
99 71
99 72
99 73
99 74
99 75
99 76
99 76
99 77
99 78
99 79
99 80
99 81
99 82
99 82
99 83
99 84
99 85
99 86
99 87
