4 76
4 75
4 74
4 74
3 74
3 74
3 74
3 73
3 73
2 74
2 74
2 74
1 75
1 75
1 76
1 76
1 77
0 78
0 79
0 79
0 80
0 81
0 82
0 82
0 83
0 84
0 85
0 85
0 86
0 87
0 88
0 89
0 90
0 90
0 91
0 92
0 93
0 94
0 94
0 95
0 96
0 97
0 98
0 98
0 99
0 100
0 100
1 100
1 100
1 100
2 99
2 98
2 98
2 97
2 96
2 95
2 95
2 94
2 93
3 92
3 91
3 90
3 89
3 89
3 88
3 87
3 86
3 85
3 84
3 83
3 82
3 81
3 81
3 80
3 79
3 78
3 77
4 76
4 75
4 74
4 73
4 72
4 72
4 71
4 70
4 69
4 68
4 67
4 66
4 65
4 64
4 63
4 63
4 62
4 61
4 60
4 59
4 58
4 57
4 56
4 55
4 54
4 54
4 53
4 52
4 51
4 50
5 49
5 48
5 47
5 46
5 45
5 44
5 44
5 43
5 42
5 41
5 40
5 39
5 38
5 37
5 36
5 35
5 34
5 34
5 33
5 32
5 31
5 30
5 29
5 28
5 27
5 26
5 25
5 24
5 24
5 23
5 22
5 21
5 20
5 19
5 18
5 17
5 16
5 15
5 15
5 14
5 13
5 12
5 11
5 10
5 9
5 8
5 7
5 7
5 6
4 5
4 4
4 3
4 3
4 2
4 1
4 0
4 0
4 1
4 1
4 2
4 3
4 4
4 5
4 5
4 6
4 7
4 8
4 9
4 10
4 10
4 11
4 12
4 13
3 14
3 15
3 16
3 17
3 18
3 18
3 19
3 20
3 21
3 22
3 23
3 24
3 25
3 26
3 27
3 28
3 29
3 29
3 30
3 31
3 32
3 33
3 34
3 35
3 36
3 37
3 38
3 39
3 40
3 41
3 42
3 42
3 43
3 44
3 45
3 46
3 47
3 48
3 49
3 50
3 51
3 52
3 53
3 54
3 54
3 55
3 56
3 57
3 58
3 59
3 60
3 61
3 62
3 63
3 64
3 65
3 65
3 66
3 67
3 68
3 69
3 70
3 71
3 72
3 73
3 74
3 75
3 75
3 76
3 77
3 78
3 79
4 80
4 81
4 82
4 83
4 84
4 84
4 85
4 86
5 87
5 88
5 89
5 89
5 90
6 91
6 92
6 92
7 93
7 93
8 92
8 91
8 91
8 90
9 89
9 88
9 88
9 87
10 86
10 85
10 84
11 83
11 82
11 82
11 81
11 80
11 79
12 78
12 77
12 76
12 75
12 75
12 74
12 73
12 72
12 71
13 70
13 69
13 68
13 67
13 66
13 66
13 65
13 64
13 63
14 62
14 61
14 60
14 59
14 58
14 58
14 57
14 56
14 55
15 54
15 53
15 52
15 51
15 51
15 50
15 49
15 48
15 47
15 46
15 46
15 45
15 44
15 43
15 42
15 42
15 41
15 41
14 41
14 41
13 42
13 43
13 43
13 44
13 45
13 46
13 46
13 47
13 48
12 49
12 50
12 51
12 51
12 52
12 53
12 54
12 55
12 56
12 57
12 58
12 58
12 59
12 60
11 61
11 62
11 63
11 64
11 64
11 65
11 66
11 67
11 68
11 69
11 69
11 70
11 71
12 72
12 73
12 74
12 74
12 75
12 76
12 77
12 78
12 78
12 79
13 80
13 81
13 81
13 82
13 82
14 82
14 82
15 81
15 80
15 80
15 79
16 78
16 77
16 77
16 76
17 75
17 74
18 73
18 72
18 72
18 71
18 70
19 69
19 68
19 67
19 67
19 66
19 65
20 64
20 63
20 62
20 61
20 61
20 60
20 59
21 58
21 57
21 56
21 55
21 55
21 54
21 53
21 52
21 51
21 51
21 50
22 49
22 48
22 48
22 48
22 49
22 49
22 50
22 51
22 51
22 52
22 53
22 54
22 55
22 56
22 56
22 57
22 58
22 59
22 60
22 61
22 61
22 62
21 63
21 64
21 65
21 65
21 66
21 67
21 68
21 69
21 69
21 70
21 71
21 71
21 72
21 72
21 72
21 71
21 71
21 70
21 70
21 69
22 68
22 67
22 66
22 66
22 65
22 64
23 63
23 62
23 61
23 61
23 60
24 59
24 58
24 57
24 56
25 55
25 54
25 54
25 53
26 52
26 51
26 50
26 50
26 49
27 48
27 47
27 47
28 46
28 46
28 46
29 47
29 47
29 48
29 49
29 50
29 50
29 51
29 52
29 53
29 54
29 54
29 55
28 56
28 57
28 58
28 58
28 59
28 60
28 61
28 61
28 62
28 63
28 64
28 64
28 65
28 66
28 66
28 67
28 67
28 67
28 66
28 66
28 65
28 64
28 64
28 63
29 62
29 61
29 60
29 60
29 59
29 58
30 57
30 56
30 55
30 54
30 54
30 53
30 52
31 51
31 50
31 49
31 49
31 48
32 47
32 46
32 45
32 45
32 44
33 43
33 42
33 42
34 41
34 41
34 41
34 42
34 42
34 43
34 44
34 45
34 45
34 46
34 47
34 48
34 49
34 50
34 50
34 51
34 52
34 53
34 54
34 55
34 56
34 56
34 57
34 58
34 59
34 60
34 61
34 61
34 62
34 63
34 64
34 65
34 65
34 66
35 67
35 68
35 69
35 69
36 70
36 70
37 71
37 71
38 70
38 70
38 69
39 68
39 67
39 67
39 66
40 65
40 64
40 63
40 63
40 62
41 61
41 60
42 59
42 58
42 58
42 57
42 56
42 55
43 54
43 53
43 52
43 51
43 51
43 50
43 49
44 48
44 47
44 46
44 45
44 45
44 44
45 43
45 42
45 41
45 41
45 40
45 39
45 38
45 37
45 37
45 36
45 36
44 35
44 35
44 35
43 36
43 37
43 37
43 38
43 39
43 40
43 41
43 41
43 42
43 43
42 44
42 45
42 46
42 46
42 47
42 48
42 49
42 50
42 51
42 51
42 52
42 53
41 54
41 55
41 56
41 57
41 57
41 58
41 59
41 60
41 61
41 62
41 62
41 63
42 64
42 65
42 66
42 66
42 67
42 68
42 69
42 70
42 70
43 71
43 72
43 72
43 73
43 74
43 74
44 74
44 74
45 73
45 72
45 72
45 71
46 70
46 69
46 69
46 68
46 67
47 66
47 65
47 64
47 64
47 63
48 62
48 61
48 60
49 59
49 58
49 58
49 57
49 56
50 55
50 54
50 53
50 52
50 52
50 51
50 50
50 49
51 48
51 47
51 46
51 45
51 45
51 44
52 43
52 42
52 41
52 41
52 40
52 39
52 39
53 39
53 39
53 40
53 40
53 41
52 42
52 43
52 43
52 44
52 45
52 46
52 47
52 48
52 48
52 49
52 50
52 51
51 52
51 53
51 54
51 55
51 55
51 56
51 57
51 58
51 59
51 60
51 61
51 61
51 62
51 63
50 64
50 65
50 66
50 66
50 67
50 68
50 69
50 70
50 70
50 71
50 72
50 72
50 73
50 73
50 73
50 72
50 71
50 70
50 70
50 69
51 68
51 67
51 67
51 66
51 65
52 64
52 63
52 62
52 61
52 61
52 60
53 59
53 58
53 57
53 56
54 55
54 54
54 54
54 53
54 52
54 51
55 50
55 49
55 48
55 47
55 47
55 46
56 45
56 44
57 43
57 42
57 42
57 41
58 40
58 39
58 39
59 38
59 38
59 39
59 39
60 40
60 41
60 41
60 42
60 43
60 44
60 45
60 45
60 46
60 47
60 48
60 49
60 50
60 50
60 51
60 52
60 53
60 54
60 55
60 56
60 56
60 57
60 58
59 59
59 60
59 61
59 62
59 62
59 63
59 64
59 65
59 66
59 67
59 67
59 68
59 69
59 70
59 70
59 71
60 72
60 73
60 73
60 74
60 74
61 73
61 73
62 72
62 71
62 71
62 70
62 69
63 68
63 67
63 66
63 66
63 65
64 64
64 63
64 62
64 61
65 60
65 59
65 59
65 58
66 57
66 56
66 55
66 54
67 53
67 52
67 51
67 51
67 50
68 49
68 48
68 47
68 46
69 45
69 44
69 43
69 43
69 42
70 41
70 40
70 39
70 38
71 37
71 36
71 35
71 35
71 34
71 33
71 32
72 31
72 30
72 29
72 28
72 28
72 27
73 26
73 25
73 24
73 24
73 23
73 23
73 23
73 24
73 25
73 25
73 26
72 27
72 28
72 28
72 29
72 30
71 31
71 32
71 33
71 34
71 34
71 35
71 36
70 37
70 38
70 39
70 39
70 40
70 41
69 42
69 43
69 44
69 45
69 45
69 46
69 47
69 48
69 49
69 50
69 50
69 51
69 52
68 53
68 54
68 55
68 55
68 56
68 57
68 58
68 59
68 59
68 60
68 61
68 62
68 63
68 63
68 64
68 65
68 66
68 66
68 67
68 68
68 68
68 69
68 70
68 70
68 71
68 72
68 72
68 73
68 73
68 73
68 73
67 73
67 73
67 72
67 72
67 71
67 70
67 70
67 69
67 68
67 67
67 67
67 66
68 65
68 64
68 63
68 63
68 62
68 61
68 60
68 59
68 59
68 58
68 57
69 56
69 55
69 54
69 54
69 53
70 52
70 51
70 50
70 50
70 49
71 48
71 47
72 46
72 45
72 44
73 43
73 42
73 41
74 40
74 39
75 38
75 37
75 37
76 36
76 36
76 37
76 37
76 38
76 39
76 39
76 40
76 41
76 42
76 42
76 43
75 44
75 45
75 45
75 46
75 47
75 48
75 49
75 49
75 50
75 51
75 52
75 52
75 53
75 54
75 55
75 55
75 56
75 57
75 58
75 58
75 59
75 60
75 60
75 61
75 61
74 62
74 62
74 62
74 61
74 61
74 60
75 59
75 58
75 58
75 57
75 56
75 55
75 55
75 54
75 53
75 52
75 51
75 50
75 49
75 48
75 47
75 46
75 45
75 44
75 43
75 42
75 41
76 40
76 39
76 38
76 37
76 36
76 35
76 34
76 33
76 32
76 31
76 30
76 29
76 28
76 27
76 26
76 25
76 25
76 24
76 23
76 22
76 21
76 20
76 19
76 18
76 17
76 16
76 15
76 15
76 14
75 13
75 12
75 12
75 11
75 10
75 10
75 9
75 9
75 9
75 9
75 9
75 9
75 9
76 10
76 11
76 11
76 12
76 12
76 13
76 14
76 14
76 15
77 16
77 17
77 18
77 19
78 20
78 21
78 22
79 23
79 24
79 25
80 26
80 27
80 28
80 29
81 30
81 31
81 31
81 32
81 33
82 34
82 35
82 36
82 37
82 37
81 38
81 38
81 38
81 39
81 40
81 40
81 41
81 42
81 43
81 43
81 44
81 45
81 46
81 47
81 47
81 48
81 49
81 50
81 51
81 51
81 52
81 53
81 54
81 55
81 55
81 56
81 57
81 58
81 58
81 59
81 60
81 61
81 61
81 62
81 63
81 63
82 63
82 63
82 63
83 62
83 61
83 61
83 60
84 59
84 58
84 58
84 57
84 56
84 55
84 54
84 54
84 53
85 52
85 51
85 50
85 50
85 49
85 48
85 47
85 46
85 46
85 45
85 44
85 43
85 43
84 42
84 41
84 41
84 40
84 39
84 39
83 39
83 39
82 40
82 40
82 41
82 41
81 42
81 42
81 43
81 43
81 44
81 44
82 44
82 44
82 43
82 43
83 42
84 41
84 41
84 40
85 39
85 38
85 38
86 37
87 36
87 36
88 35
88 35
89 34
89 34
90 35
90 35
91 36
91 37
91 37
91 38
91 39
91 40
91 40
91 41
91 42
91 43
91 44
91 44
91 45
91 46
91 47
91 47
91 48
91 49
91 50
91 51
91 51
91 52
91 53
91 54
91 55
91 55
91 56
90 57
90 58
90 58
90 59
90 59
90 60
90 60
90 60
90 59
91 58
91 57
91 57
91 56
92 55
92 54
92 54
92 53
92 52
93 51
93 50
93 49
93 48
93 48
93 47
93 46
94 45
94 44
94 43
94 43
94 42
94 41
95 40
95 39
95 38
95 38
96 37
96 36
97 35
97 34
97 34
98 33
98 32
98 32
98 31
98 31
99 32
99 32
99 33
99 34
99 35
99 35
99 36
100 37
100 38
100 39
100 39
100 40
99 41
99 42
99 43
99 43
99 44
99 45
99 46
99 47
99 48
99 48
99 49
99 50
99 51
99 52
99 53
99 53
99 54
98 55
98 56
98 57
98 57
98 58
98 59
98 60
98 61
98 61
98 62
98 63
98 64
98 64
98 65
