4 70
4 70
4 69
4 68
4 68
4 68
4 68
4 68
4 68
4 68
4 68
4 67
4 67
3 66
3 66
3 66
3 65
3 65
2 64
2 63
2 63
2 62
2 62
1 62
1 62
1 63
1 63
1 64
1 64
1 65
0 66
0 67
0 68
0 68
0 69
0 70
0 71
0 72
0 73
0 73
0 74
0 75
0 76
0 77
0 78
0 79
0 79
0 80
0 81
0 82
0 83
0 84
0 85
0 85
0 86
0 87
0 88
0 89
0 90
0 91
0 91
0 92
0 93
0 94
0 95
0 96
0 96
0 97
0 98
0 99
0 99
0 100
0 100
0 100
1 99
1 99
1 98
2 97
2 96
2 95
2 95
2 94
2 93
2 92
2 91
2 90
2 89
2 88
2 88
2 87
2 86
2 85
3 84
3 83
3 82
3 81
3 80
3 80
3 79
3 78
3 77
3 76
4 75
4 74
4 73
4 72
4 71
4 71
4 70
4 69
4 68
4 67
5 66
5 65
5 64
5 63
5 62
5 61
5 61
5 60
5 59
5 58
5 57
6 56
6 55
6 54
6 53
6 52
6 51
6 51
6 50
6 49
6 48
6 47
6 46
6 45
6 44
6 43
6 42
6 41
6 41
6 40
6 39
6 38
6 37
7 36
7 35
7 34
7 33
7 32
7 32
7 31
7 30
7 29
7 28
7 27
7 26
7 25
7 24
7 23
7 23
7 22
7 21
7 20
7 19
7 18
7 18
7 17
7 16
7 15
7 15
7 14
7 14
6 15
6 16
6 16
6 17
6 18
6 19
6 19
6 20
6 21
6 22
6 23
6 24
6 25
6 25
6 26
6 27
6 28
6 29
6 30
6 31
6 32
6 33
6 34
6 34
6 35
6 36
6 37
6 38
6 39
5 40
5 41
5 42
5 43
5 44
5 45
5 45
5 46
5 47
5 48
5 49
5 50
5 51
5 52
5 53
5 54
5 55
5 55
5 56
5 57
5 58
5 59
5 60
5 61
5 62
5 63
5 64
5 65
5 65
5 66
5 67
5 68
5 69
6 70
6 71
6 72
6 73
6 74
6 75
6 75
6 76
6 77
6 78
6 79
6 80
6 81
6 82
6 83
6 83
6 84
6 85
7 86
7 87
7 88
7 88
7 89
8 90
8 91
8 91
9 92
9 92
10 91
10 90
10 90
10 89
11 88
11 87
11 86
11 86
11 85
11 84
12 83
12 82
12 81
12 80
12 80
12 79
12 78
12 77
13 76
13 75
13 74
13 73
13 73
13 72
13 71
13 70
14 69
14 68
14 67
14 66
14 66
14 65
14 64
14 63
14 62
14 61
14 60
14 59
14 59
14 58
14 57
14 56
14 55
14 54
14 54
14 53
14 52
14 51
14 51
14 50
14 50
14 51
14 51
13 52
13 53
13 53
13 54
13 55
13 56
13 57
13 57
13 58
13 59
12 60
12 61
12 62
12 62
12 63
12 64
12 65
12 66
12 67
12 68
12 69
12 69
12 70
12 71
11 72
11 73
11 74
11 75
11 75
11 76
11 77
11 78
11 79
11 80
11 80
11 81
11 82
11 83
11 84
11 85
11 86
11 86
11 87
11 88
12 89
12 90
12 91
12 91
12 92
12 93
12 94
12 94
12 95
13 96
13 97
13 97
14 98
14 98
15 97
15 97
16 96
16 96
16 95
16 94
17 93
17 92
17 91
17 91
17 90
17 89
18 88
18 87
18 86
18 85
18 85
18 84
18 83
18 82
19 81
19 80
19 79
19 78
19 78
19 77
19 76
19 75
20 74
20 73
20 72
20 71
20 70
20 70
20 69
20 68
20 67
21 66
21 65
21 64
21 63
21 63
21 62
21 61
21 60
22 59
22 58
22 57
22 56
22 55
22 55
22 54
23 53
23 52
23 51
23 51
23 50
23 49
23 49
23 48
23 48
23 49
23 49
23 50
23 51
23 52
23 52
23 53
23 54
23 55
23 56
23 57
23 57
23 58
23 59
23 60
23 61
23 62
23 63
23 64
23 64
23 65
23 66
22 67
22 68
22 69
22 70
22 70
22 71
22 72
22 73
22 74
22 75
22 76
22 77
22 77
22 78
21 79
21 80
21 81
21 81
21 82
21 83
21 84
21 84
21 85
21 86
21 87
21 87
21 87
21 86
21 86
21 85
21 84
21 84
21 83
21 82
22 81
22 80
22 79
22 79
22 78
22 77
22 76
23 75
23 74
23 73
23 72
23 72
23 71
23 70
23 69
24 68
24 67
24 66
24 65
24 65
24 64
24 63
24 62
25 61
25 60
25 59
25 58
25 58
25 57
25 56
26 55
26 54
26 53
26 53
27 52
27 51
27 51
28 51
28 51
29 52
29 52
29 53
29 54
29 55
29 55
29 56
29 57
29 58
29 59
29 60
29 60
29 61
29 62
28 63
28 64
28 65
28 66
28 66
28 67
28 68
28 69
28 70
28 71
28 72
28 72
28 73
28 74
27 75
27 76
27 77
27 77
27 78
27 79
27 80
27 81
27 81
27 82
27 83
27 84
27 84
27 84
27 83
27 83
27 82
27 82
27 81
28 80
28 79
28 78
28 78
28 77
28 76
28 75
28 74
28 73
28 73
28 72
28 71
29 70
29 69
29 68
29 68
29 67
29 66
29 65
30 64
30 63
30 62
30 61
30 61
30 60
31 59
31 58
31 57
31 57
31 56
32 55
32 54
32 54
33 53
33 53
33 53
33 54
33 54
33 55
33 56
33 57
33 58
33 58
33 59
33 60
33 61
33 62
33 63
33 63
33 64
33 65
33 66
32 67
32 68
32 69
32 70
32 70
32 71
32 72
32 73
32 74
32 75
32 76
32 76
32 77
32 78
32 79
32 80
32 81
32 82
32 82
32 83
32 84
32 85
32 86
32 87
32 87
32 88
32 89
32 90
32 91
32 92
32 92
32 93
32 94
32 95
32 95
33 96
33 97
33 97
34 97
34 97
35 96
35 95
35 95
36 94
36 93
37 92
37 91
37 91
37 90
37 89
38 88
38 87
38 86
38 85
38 85
38 84
39 83
39 82
39 81
39 80
40 79
40 78
40 78
40 77
41 76
41 75
41 74
41 73
42 72
42 71
42 70
42 70
42 69
42 68
42 67
43 66
43 65
43 64
43 63
43 62
43 62
43 61
43 60
43 59
44 58
44 57
44 56
44 55
44 55
44 54
44 53
45 52
45 51
45 50
45 49
45 49
45 48
45 47
46 46
46 45
46 44
46 44
46 43
46 42
46 41
46 41
45 40
45 39
45 39
45 39
45 40
45 41
45 41
45 42
44 43
44 44
44 44
44 45
43 46
43 47
43 48
43 48
43 49
43 50
43 51
43 52
43 53
43 53
43 54
43 55
42 56
42 57
42 58
42 59
42 59
42 60
42 61
42 62
42 63
42 64
42 65
42 65
42 66
42 67
42 68
42 69
42 70
42 71
42 71
42 72
42 73
42 74
42 75
42 75
42 76
42 77
42 78
42 79
42 79
42 80
43 81
43 82
43 82
44 83
44 83
45 83
45 83
46 82
46 82
46 81
47 80
47 79
47 78
47 78
47 77
48 76
48 75
48 74
48 74
48 73
49 72
49 71
49 70
50 69
50 68
50 68
50 67
50 66
50 65
51 64
51 63
51 62
51 61
51 61
51 60
51 59
51 58
52 57
52 56
52 55
52 54
52 54
52 53
53 52
53 51
53 50
54 49
54 48
54 48
54 47
54 46
54 45
54 44
54 43
54 42
54 42
54 41
54 40
55 39
55 38
55 37
55 36
55 36
55 35
55 34
55 33
55 33
56 32
56 31
56 31
56 31
55 31
55 31
55 31
55 32
55 33
55 33
54 34
54 35
54 35
54 36
54 37
54 37
54 38
54 38
54 39
54 39
54 40
54 40
54 40
54 40
54 40
54 40
54 40
54 39
54 39
54 39
54 39
54 39
54 40
54 41
54 41
54 42
54 43
54 43
54 44
54 45
54 46
54 47
54 47
54 48
54 49
54 50
54 51
54 51
54 52
54 53
54 54
54 55
54 55
54 56
53 57
53 58
53 59
53 59
53 60
53 61
53 62
53 62
53 63
53 64
53 65
53 66
53 66
52 67
52 67
52 68
52 68
52 68
53 67
53 67
53 66
53 65
53 64
53 64
53 63
53 62
53 61
53 60
53 59
53 59
53 58
53 57
54 56
54 55
54 54
54 53
54 53
54 52
54 51
55 50
55 49
55 48
55 47
55 47
55 46
55 45
56 44
56 43
56 42
56 41
56 41
56 40
56 39
57 38
57 37
57 36
57 35
57 35
57 34
58 33
58 32
58 32
58 31
58 30
58 29
58 29
59 29
59 29
59 30
59 30
59 31
59 31
59 32
60 33
60 34
60 34
60 35
60 36
60 37
60 38
60 39
60 39
60 40
60 41
60 42
59 43
59 44
59 45
59 46
59 46
59 47
59 48
59 49
59 50
59 51
59 52
59 52
59 53
59 54
59 55
58 56
58 57
58 58
58 59
58 60
58 60
58 61
58 62
58 63
58 64
58 65
58 66
58 67
58 68
58 68
58 69
58 70
58 71
58 72
58 73
58 74
58 74
58 75
58 76
58 77
58 78
58 79
58 79
59 80
59 81
59 81
59 82
59 83
59 83
60 82
60 81
60 81
60 80
61 79
61 78
61 77
61 77
61 76
62 75
62 74
62 73
63 72
63 71
63 71
63 70
63 69
63 68
64 67
64 66
64 65
64 64
64 64
64 63
64 62
65 61
65 60
65 59
65 58
66 57
66 56
66 55
66 55
66 54
66 53
66 52
67 51
67 50
67 49
67 48
67 47
67 47
67 46
68 45
68 44
68 43
68 42
69 41
69 40
69 40
69 39
69 38
69 37
70 36
70 35
70 34
70 33
70 33
70 32
70 31
70 30
70 29
70 28
70 28
71 27
71 26
71 26
71 25
71 25
70 25
70 25
70 26
70 26
70 27
70 28
70 29
70 30
70 30
70 31
70 32
69 33
69 34
69 35
69 35
69 36
69 37
68 38
68 39
68 40
68 41
68 41
68 42
68 43
67 44
67 45
67 46
67 46
67 47
67 48
67 49
67 50
67 51
67 52
67 52
67 53
67 54
67 55
67 56
67 57
67 58
67 58
67 59
67 60
67 61
67 62
67 63
67 64
67 64
67 65
67 66
67 67
67 68
67 68
67 69
67 70
67 71
67 72
67 73
67 73
67 74
66 75
66 76
66 76
66 77
66 78
66 79
66 79
66 80
66 81
66 82
66 82
65 83
65 84
65 84
65 85
65 85
64 86
64 86
64 87
64 87
63 86
63 86
63 85
63 85
63 84
63 83
63 83
63 82
63 81
63 80
63 79
63 79
63 78
63 77
64 76
64 75
64 74
64 74
64 73
64 72
65 71
65 70
65 69
65 68
65 67
66 66
66 65
66 64
66 63
66 62
67 61
67 60
67 59
67 58
67 57
68 56
68 55
68 54
68 53
68 52
69 51
69 50
69 49
69 48
69 47
70 46
70 45
70 44
70 44
70 43
71 42
71 41
72 40
72 39
72 39
72 39
73 40
73 40
73 41
73 42
73 43
73 43
73 44
73 45
73 46
73 46
73 47
73 48
73 49
73 50
73 50
73 51
73 52
73 53
73 54
73 54
73 55
72 56
72 57
72 58
72 58
72 59
72 60
72 61
72 62
72 62
72 63
72 64
72 65
72 65
72 66
72 67
72 67
72 67
72 66
72 66
72 65
72 64
72 63
72 63
72 62
72 61
72 60
72 59
72 58
72 58
72 57
72 56
73 55
73 54
73 53
73 52
73 52
73 51
73 50
73 49
73 48
73 47
73 46
73 45
73 45
73 44
73 43
73 42
74 41
74 40
74 39
74 38
74 37
74 37
74 36
74 35
74 34
74 33
74 32
74 31
74 30
74 29
74 28
74 28
74 27
74 26
74 25
75 24
75 23
75 22
75 21
75 21
75 20
75 19
75 18
75 17
75 16
75 15
75 14
75 14
75 13
75 12
75 11
75 10
75 9
75 8
75 8
75 7
76 6
76 5
76 5
76 4
76 3
76 2
76 2
76 1
76 1
76 0
76 0
76 0
77 1
77 1
77 2
77 3
77 3
77 4
77 4
77 5
77 6
77 6
77 7
77 8
78 9
78 10
78 11
78 12
78 13
78 14
79 15
79 16
79 17
79 18
79 19
79 20
80 21
80 22
80 23
80 24
80 25
80 26
81 27
81 28
81 29
81 30
81 30
81 31
81 32
80 33
80 34
80 35
80 36
80 36
80 37
80 37
80 38
80 39
80 40
80 41
80 41
80 42
80 43
80 44
80 44
80 45
80 46
80 47
80 47
80 48
80 49
80 50
80 51
80 52
80 52
80 53
80 54
79 55
79 56
79 57
79 57
79 58
79 59
79 60
79 61
79 62
79 63
79 63
79 64
79 65
79 66
79 67
79 68
79 69
79 69
79 70
79 71
79 72
79 73
79 73
79 74
80 75
80 76
80 76
80 77
80 78
80 78
80 78
81 77
81 77
81 76
82 75
82 74
82 74
82 73
82 72
83 71
83 70
83 69
83 69
83 68
83 67
84 66
84 65
84 64
84 63
84 63
84 62
84 61
85 60
85 59
85 58
85 57
85 57
85 56
85 55
85 54
85 53
85 52
85 52
85 51
85 50
85 49
85 49
85 48
84 47
84 46
84 46
84 46
83 46
83 46
82 47
82 48
82 48
82 49
82 50
82 50
82 51
81 52
81 53
81 53
81 54
81 54
81 54
81 54
82 53
83 53
83 53
83 52
84 51
84 50
84 50
85 49
85 48
86 47
86 47
86 46
87 45
87 44
87 44
88 43
89 42
89 42
90 42
90 42
91 42
91 42
92 43
92 44
92 44
92 45
93 46
93 47
93 47
93 48
93 49
93 50
93 51
93 51
93 52
93 53
93 54
93 55
93 56
93 56
93 57
93 58
92 59
92 60
92 61
92 61
92 62
92 63
92 64
92 65
92 66
92 66
92 67
92 68
92 69
92 70
92 70
92 71
91 72
91 73
91 74
91 74
91 75
91 75
91 75
91 75
91 74
92 73
92 72
92 71
92 71
92 70
92 69
93 68
93 67
93 66
93 66
93 65
93 64
93 63
94 62
94 61
94 60
94 59
94 59
94 58
94 57
94 56
95 55
95 54
95 53
95 52
95 52
95 51
96 50
96 49
97 48
97 47
97 47
97 46
98 45
98 44
98 44
98 43
98 42
98 42
99 43
99 43
99 44
99 45
99 45
99 46
100 47
100 48
100 48
100 49
100 50
99 51
99 52
99 53
99 53
99 54
99 55
99 56
99 57
99 58
99 59
99 59
99 60
99 61
99 62
99 63
99 64
99 65
99 65
99 66
99 67
99 68
99 69
99 69
99 70
99 71
98 72
98 73
98 74
98 74
98 75
98 76
98 77
