4 69
4 69
4 69
4 69
3 68
3 68
3 67
3 67
3 67
2 66
2 66
2 65
2 65
1 65
1 65
1 66
1 66
0 67
0 68
0 68
0 69
0 70
0 70
0 71
0 72
0 73
0 74
0 74
0 75
0 76
0 77
0 78
0 78
0 79
0 80
0 81
0 82
0 83
0 83
0 84
0 85
0 86
0 87
0 87
0 88
0 89
0 90
0 91
0 91
0 92
0 93
0 94
0 94
0 95
0 96
0 96
1 96
1 96
1 96
1 95
2 94
2 93
2 93
2 92
3 91
3 90
3 89
3 89
3 88
3 87
3 86
3 85
3 84
3 84
3 83
3 82
3 81
4 80
4 79
4 78
4 77
4 77
4 76
4 75
4 74
5 73
5 72
5 71
5 70
5 69
5 69
5 68
5 67
5 66
5 65
6 64
6 63
6 62
6 61
6 60
6 60
6 59
6 58
6 57
6 56
6 55
6 54
6 53
6 52
6 52
6 51
6 50
6 49
6 48
7 47
7 46
7 45
7 44
7 43
7 43
7 42
7 41
7 40
7 39
7 38
7 37
7 36
7 35
7 35
7 34
7 33
7 32
7 31
7 30
7 29
7 28
7 28
7 27
7 26
7 25
7 24
7 23
7 22
7 22
7 21
7 20
7 20
7 19
7 19
7 19
7 20
7 21
7 22
7 22
7 23
7 24
7 25
7 26
7 27
7 27
7 28
7 29
7 30
7 31
7 32
7 33
7 34
7 34
7 35
7 36
7 37
7 38
7 39
7 40
7 41
7 42
7 43
7 43
7 44
7 45
7 46
7 47
7 48
7 49
7 50
7 51
7 52
7 52
7 53
7 54
7 55
7 56
7 57
7 58
7 59
7 60
7 61
7 61
7 62
7 63
7 64
7 65
7 66
7 67
7 68
7 69
7 70
7 70
7 71
7 72
7 73
7 74
7 75
7 76
7 77
7 78
7 79
7 79
7 80
7 81
8 82
8 83
8 84
8 85
8 85
8 86
8 87
8 88
8 89
8 90
8 90
8 91
9 92
9 93
9 94
9 94
10 95
10 95
11 94
11 94
12 93
12 92
12 92
12 91
12 90
13 89
13 88
13 87
13 87
13 86
13 85
14 84
14 83
14 82
14 82
14 81
14 80
14 79
15 78
15 77
15 76
15 75
15 75
15 74
15 73
15 72
16 71
16 70
16 69
16 68
16 68
16 67
16 66
16 65
16 64
16 63
16 62
16 62
16 61
16 60
17 59
17 58
17 57
17 57
17 56
17 55
17 54
17 53
17 53
16 52
16 51
16 51
16 51
15 52
15 52
15 53
15 54
15 54
15 55
14 56
14 57
14 58
14 58
14 59
14 60
14 61
14 62
14 63
14 63
14 64
14 65
14 66
14 67
14 68
14 69
14 69
14 70
14 71
14 72
14 73
14 74
14 74
14 75
14 76
14 77
14 78
14 79
14 79
14 80
14 81
14 82
14 83
14 84
14 84
14 85
15 86
15 87
15 88
15 88
15 89
15 90
15 91
15 91
16 92
16 93
16 93
17 94
17 94
18 93
18 93
19 92
19 91
19 91
19 90
20 89
20 88
20 87
20 87
20 86
20 85
21 84
21 83
21 82
21 82
21 81
21 80
22 79
22 78
22 77
22 76
22 76
22 75
22 74
23 73
23 72
23 71
23 70
23 70
23 69
23 68
23 67
24 66
24 65
24 64
24 63
24 63
24 62
24 61
24 60
24 59
24 58
24 58
24 57
25 56
25 55
25 55
25 54
25 53
25 52
25 52
25 52
25 53
25 53
25 54
25 55
25 55
25 56
25 57
25 58
25 59
25 60
25 60
25 61
25 62
25 63
25 64
25 65
25 65
25 66
25 67
25 68
24 69
24 70
24 71
24 72
24 72
24 73
24 74
24 75
24 76
24 77
24 78
24 78
24 79
24 80
24 81
24 82
24 82
24 83
23 84
23 85
23 85
23 86
23 87
23 87
23 88
23 88
23 87
23 87
24 86
24 85
24 85
24 84
25 83
25 82
25 81
25 81
25 80
25 79
25 78
25 77
25 76
25 75
25 75
25 74
25 73
25 72
26 71
26 70
26 69
26 68
26 68
26 67
26 66
27 65
27 64
27 63
27 63
27 62
28 61
28 60
28 59
28 59
29 58
29 57
29 57
30 57
30 57
30 58
30 58
30 59
30 60
30 61
30 61
30 62
30 63
30 64
30 65
30 65
30 66
30 67
30 68
30 69
30 69
30 70
30 71
30 72
30 73
30 73
30 74
30 75
30 76
30 77
30 77
30 78
30 79
30 79
29 80
29 81
29 81
29 81
29 81
29 81
29 80
30 79
30 78
30 78
30 77
30 76
30 75
30 74
30 74
30 73
30 72
31 71
31 70
31 69
31 69
31 68
31 67
32 66
32 65
32 64
32 63
32 63
32 62
32 61
33 60
33 59
33 58
33 58
33 57
34 56
34 55
34 54
34 54
34 53
34 52
34 52
35 52
35 52
35 53
35 53
35 54
35 55
35 55
35 56
35 57
35 58
35 59
35 59
35 60
35 61
35 62
35 63
35 63
35 64
35 65
35 66
35 67
35 68
35 69
35 69
35 70
35 71
34 72
34 73
34 74
34 75
34 75
34 76
34 77
34 78
34 79
34 79
34 80
35 81
35 82
35 83
35 83
35 84
35 85
35 86
35 87
35 87
36 88
36 89
36 89
37 90
37 90
38 90
38 90
39 89
39 88
39 88
39 87
40 86
40 85
40 84
40 84
40 83
41 82
41 81
41 80
41 80
41 79
41 78
42 77
42 76
42 75
42 74
42 74
42 73
42 72
43 71
43 70
43 69
43 68
43 68
43 67
43 66
43 65
44 64
44 63
44 62
44 61
44 61
44 60
44 59
45 58
45 57
45 56
45 56
45 55
45 54
45 53
45 52
45 51
45 51
45 50
45 49
45 48
45 47
45 47
44 46
44 45
44 45
44 45
43 45
43 45
43 46
43 47
43 48
43 48
43 49
42 50
42 51
42 52
42 52
42 53
42 54
41 55
41 56
41 57
41 57
41 58
41 59
41 60
41 61
41 62
41 62
41 63
41 64
41 65
41 66
41 67
41 68
41 68
41 69
41 70
41 71
40 72
40 73
40 74
40 75
40 75
40 76
40 77
40 78
40 79
40 80
40 80
40 81
41 82
41 83
41 84
41 84
41 85
41 86
41 87
41 88
41 88
41 89
42 90
42 91
42 91
42 92
42 93
42 93
43 93
43 93
44 92
44 92
45 91
45 90
45 90
45 89
46 88
46 87
46 86
46 86
46 85
46 84
47 83
47 82
47 81
47 81
47 80
47 79
48 78
48 77
48 76
48 75
48 75
48 74
48 73
49 72
49 71
49 70
49 69
49 69
49 68
49 67
49 66
50 65
50 64
50 63
50 62
50 62
50 61
50 60
50 59
50 58
50 57
50 57
50 56
51 55
51 54
51 53
51 53
51 52
51 51
51 50
51 50
52 49
52 49
52 49
52 50
52 51
52 51
52 52
52 53
52 54
52 54
52 55
52 56
51 57
51 58
51 59
51 59
51 60
51 61
51 62
51 63
51 64
51 65
51 65
51 66
51 67
51 68
51 69
51 70
51 71
51 71
51 72
51 73
51 74
50 75
50 76
50 77
50 78
50 78
50 79
50 80
49 81
49 82
49 83
49 84
49 84
49 85
49 86
49 87
49 88
49 88
49 89
49 90
49 91
49 92
49 92
49 93
49 93
49 93
49 93
49 92
50 91
50 90
50 89
50 89
50 88
50 87
51 86
51 85
51 84
51 84
51 83
51 82
52 81
52 80
52 79
52 78
52 78
52 77
52 76
52 75
53 74
53 73
53 72
53 71
53 70
53 70
53 69
53 68
53 67
54 66
54 65
54 64
54 63
54 63
54 62
54 61
55 60
55 59
55 58
55 58
55 57
56 56
56 55
56 54
56 54
57 53
57 52
57 52
57 52
58 52
58 52
58 53
58 54
58 54
58 55
58 56
58 57
58 58
58 58
58 59
58 60
58 61
58 62
58 63
58 64
58 64
58 65
58 66
58 67
57 68
57 69
57 70
57 71
57 71
57 72
57 73
57 74
57 75
57 76
57 77
57 78
57 79
57 79
57 80
57 81
56 82
56 83
56 84
56 85
56 85
56 86
56 87
56 88
56 89
56 90
56 91
56 92
56 92
56 93
56 94
56 95
56 96
56 97
56 97
57 98
57 99
57 99
57 100
57 100
58 100
58 100
58 99
59 98
59 97
59 97
59 96
59 95
60 94
60 93
60 92
60 92
60 91
61 90
61 89
61 88
61 87
62 86
62 85
62 84
62 84
62 83
62 82
62 81
63 80
63 79
63 78
63 77
63 76
63 76
63 75
63 74
64 73
64 72
64 71
64 70
64 69
65 68
65 67
65 66
65 66
65 65
65 64
66 63
66 62
66 61
66 60
67 59
67 58
67 57
67 57
67 56
67 55
67 54
68 53
68 52
68 51
68 50
68 49
68 49
68 48
68 47
68 46
69 45
69 44
69 43
69 42
69 42
69 41
69 40
70 39
70 38
70 37
70 37
70 36
70 35
70 35
70 35
70 36
70 36
70 37
69 38
69 39
69 39
69 40
69 41
69 42
69 43
69 43
69 44
69 45
68 46
68 47
68 48
68 49
68 49
68 50
68 51
67 52
67 53
67 54
67 55
67 55
67 56
67 57
66 58
66 59
66 60
66 60
66 61
66 62
65 63
65 64
65 65
65 65
65 66
65 67
65 68
65 68
65 69
65 70
65 71
65 72
65 72
66 73
66 74
66 74
67 75
67 76
67 76
67 77
67 78
67 78
67 79
67 80
67 80
67 81
67 81
67 82
67 83
67 83
67 84
67 85
67 85
67 86
67 86
66 87
66 87
65 88
65 88
65 88
64 87
64 87
64 86
64 86
64 85
64 84
64 84
64 83
64 82
65 81
65 80
65 79
65 78
66 77
66 76
66 75
66 74
67 73
67 72
67 71
67 70
68 69
68 68
68 67
68 66
69 65
69 64
69 63
69 62
70 61
70 60
70 59
70 58
71 57
71 56
71 55
71 54
72 53
72 52
72 51
72 50
73 49
73 48
73 47
73 47
73 48
73 49
73 49
73 50
73 50
73 51
73 52
73 53
73 54
73 54
73 55
73 56
73 56
73 57
73 58
73 58
73 59
73 60
73 60
73 61
73 62
73 63
73 63
73 64
73 65
73 65
73 66
73 67
73 68
73 68
73 69
73 70
73 71
73 71
73 72
73 73
73 74
73 74
73 75
73 76
73 76
73 77
73 77
73 78
73 79
73 79
73 79
73 79
73 78
73 77
73 77
73 76
73 75
73 74
73 74
73 73
73 72
73 71
73 70
73 70
73 69
73 68
74 67
74 66
74 65
74 65
74 64
74 63
74 62
74 61
74 60
74 59
74 58
74 57
74 56
74 55
74 54
74 53
74 52
74 51
74 50
74 49
74 48
74 47
74 46
74 45
74 44
75 43
75 42
75 41
75 40
75 39
75 38
75 37
75 36
75 35
75 34
75 33
75 32
75 31
75 30
75 29
75 28
75 27
75 26
75 25
75 24
75 23
75 22
75 21
75 21
75 20
75 19
75 18
75 17
75 16
75 15
75 14
75 13
75 12
75 11
75 10
75 9
75 9
75 8
75 7
75 6
75 5
75 5
75 4
75 3
75 2
75 2
75 1
75 0
75 0
75 0
75 0
75 1
75 2
75 2
75 3
75 4
75 4
75 5
75 5
75 6
75 7
75 7
75 8
75 8
76 9
76 9
76 10
76 11
76 12
77 13
77 14
77 15
77 16
77 17
77 18
77 19
78 20
78 21
78 22
78 23
78 24
78 25
78 26
78 27
79 28
79 29
79 30
79 31
79 32
79 33
79 34
80 35
80 36
80 37
80 38
80 38
80 39
80 40
80 41
80 42
80 43
80 43
80 44
80 44
80 45
80 46
80 46
79 47
79 48
79 48
79 49
79 50
79 50
79 51
79 52
79 53
79 53
79 54
79 55
79 56
79 57
79 57
79 58
79 59
79 60
79 61
79 62
79 62
79 63
79 64
79 65
79 66
79 67
79 67
79 68
79 69
78 70
78 71
78 72
78 72
78 73
79 74
79 75
79 76
79 76
79 77
79 78
79 78
79 78
80 77
80 77
80 76
81 75
81 74
81 74
81 73
81 72
82 71
82 70
82 69
82 69
82 68
82 67
83 66
83 65
83 64
83 63
83 63
83 62
83 61
84 60
84 59
84 58
84 57
84 57
84 56
85 55
85 54
85 53
85 53
85 52
85 51
85 50
85 49
85 49
85 48
85 47
85 46
85 46
84 45
84 45
83 45
83 45
83 46
83 47
83 47
82 48
82 49
82 49
82 50
81 51
81 52
81 52
80 53
80 54
80 54
80 55
80 56
80 56
80 56
81 56
81 56
82 55
82 55
83 54
83 53
83 53
84 52
85 51
85 51
86 50
86 49
86 49
87 48
88 47
88 47
89 46
89 46
90 47
91 47
91 47
91 48
91 49
91 49
91 50
92 51
92 52
92 52
92 53
92 54
92 55
92 56
92 56
92 57
92 58
92 59
92 60
92 60
92 61
92 62
91 63
91 64
91 65
91 66
91 66
91 67
91 68
91 69
91 70
91 71
91 71
91 72
90 73
90 74
90 75
90 75
90 76
90 77
90 78
90 78
89 79
89 80
89 80
89 80
90 79
90 79
90 78
90 77
90 77
90 76
90 75
91 74
91 73
91 72
91 71
91 71
91 70
92 69
92 68
92 67
93 66
93 65
93 65
93 64
93 63
93 62
94 61
94 60
94 59
94 58
94 58
94 57
95 56
95 55
95 54
96 53
96 52
96 52
96 51
96 50
97 49
97 48
97 47
97 47
97 46
98 45
98 44
98 44
99 43
99 43
99 44
99 44
99 45
99 46
99 47
99 47
99 48
99 49
99 50
99 51
99 52
99 52
99 53
99 54
99 55
99 56
99 57
99 58
99 58
99 59
99 60
98 61
98 62
98 63
98 64
98 64
98 65
98 66
97 67
97 68
97 69
97 70
97 70
97 71
97 72
97 73
97 74
97 74
97 75
97 76
97 77
