1 62
1 63
1 64
0 65
0 66
0 67
0 67
0 67
0 66
0 66
1 65
1 65
2 64
2 63
3 62
3 61
3 61
4 60
4 59
5 58
5 57
6 56
6 56
7 55
8 54
8 53
9 52
10 51
10 51
11 50
11 49
12 48
12 47
13 46
13 45
13 45
14 44
14 43
15 42
15 41
16 40
16 40
17 39
18 38
18 37
19 36
20 35
20 35
21 34
21 33
22 32
22 31
22 31
23 30
23 29
24 28
24 27
24 27
25 26
25 25
26 24
26 23
26 23
25 22
24 22
23 21
22 20
21 20
20 19
19 18
18 18
17 17
17 17
17 18
16 19
16 20
16 21
16 21
15 22
15 22
15 23
15 24
15 25
15 25
15 26
16 27
16 28
16 29
16 29
16 30
16 31
16 32
16 33
16 34
16 35
16 36
16 36
16 37
16 38
16 39
15 40
15 41
15 42
15 43
15 43
15 44
15 45
15 46
15 47
15 48
15 49
15 50
15 51
15 52
15 52
15 53
15 54
15 55
15 56
15 57
15 58
15 59
15 60
15 61
15 61
15 62
15 63
15 64
15 65
14 66
14 67
14 68
14 69
14 70
14 71
14 71
14 72
14 73
14 74
14 75
13 76
13 77
13 78
13 79
13 80
13 81
13 81
13 82
13 83
13 84
12 85
12 86
12 87
12 88
12 88
12 89
12 90
11 91
11 92
11 93
11 94
11 94
11 95
11 96
11 97
11 98
11 99
11 99
10 100
10 100
10 100
10 99
10 98
10 98
10 97
10 96
10 95
10 94
11 93
11 92
11 91
11 90
11 89
11 88
11 87
11 86
12 85
12 84
12 83
12 82
12 81
12 80
12 79
12 78
13 77
13 76
13 75
13 74
13 73
13 72
13 71
13 70
14 69
14 68
14 67
14 66
14 65
14 65
15 64
15 63
16 62
16 61
17 60
17 59
18 58
18 58
19 57
19 57
20 56
21 56
21 56
22 57
22 58
22 58
23 59
24 60
24 60
25 61
25 62
26 63
26 64
26 64
26 65
27 66
27 67
27 68
27 68
27 69
28 70
28 71
28 72
28 72
28 73
29 74
29 75
30 76
30 77
30 77
30 78
31 79
31 80
31 81
31 81
32 82
32 83
32 83
33 84
33 84
33 84
33 83
33 82
33 81
33 80
33 79
33 78
33 77
33 76
33 75
33 74
33 73
33 72
33 71
33 70
33 69
33 68
33 67
33 66
33 65
33 64
33 63
33 62
33 62
34 61
34 60
35 59
35 58
36 57
36 56
36 56
37 55
37 54
38 53
38 52
38 52
39 51
39 50
40 49
40 48
40 48
41 47
41 46
42 45
42 44
43 43
43 43
44 42
44 41
45 40
45 39
46 38
46 38
47 37
48 36
48 35
49 34
50 33
50 33
51 32
52 31
52 30
53 29
53 29
54 28
55 27
55 26
56 25
56 25
57 24
57 23
58 22
58 21
58 21
58 20
58 19
58 18
58 17
58 16
57 15
57 14
57 13
57 12
57 11
57 10
57 10
57 11
56 12
56 13
56 14
55 15
55 16
55 16
54 17
54 18
53 19
53 19
53 20
53 21
52 22
52 23
52 24
52 24
52 25
52 26
51 27
51 28
51 29
51 30
51 30
51 31
51 32
51 33
50 34
50 35
50 36
50 37
50 38
50 38
50 39
50 40
50 41
49 42
49 43
49 44
49 45
49 45
49 46
49 47
49 48
48 49
48 50
48 51
48 52
48 52
48 53
48 54
47 55
47 56
47 57
47 57
47 58
46 59
46 60
46 60
46 61
46 62
46 63
46 63
47 63
47 63
47 62
47 61
47 61
47 60
47 59
48 58
48 57
48 56
48 55
48 54
48 53
49 52
49 51
49 50
49 50
50 49
50 48
51 47
51 46
52 45
52 44
52 44
52 45
52 45
53 46
53 46
53 47
53 48
53 49
53 49
53 50
53 51
53 52
53 53
53 53
53 54
52 55
52 56
52 56
52 57
51 58
51 59
51 60
51 60
51 61
51 62
51 62
51 63
51 63
51 62
51 62
52 61
52 60
52 60
52 59
53 58
53 57
53 56
53 56
54 55
54 54
55 53
55 52
55 52
55 51
56 50
56 49
56 49
57 48
58 48
58 48
59 48
59 48
60 49
60 49
60 50
60 51
60 51
60 52
60 53
60 53
60 54
60 54
60 54
60 54
60 53
60 52
61 51
61 50
61 49
61 48
61 47
61 46
62 45
62 44
62 43
62 42
62 41
62 40
63 39
63 38
63 37
63 36
63 35
63 34
64 33
64 32
64 31
64 30
64 29
64 28
65 27
65 26
65 25
65 24
65 23
65 22
66 21
66 20
66 19
66 19
67 18
67 17
68 16
68 16
69 16
69 16
68 17
68 18
68 18
68 19
68 20
68 21
68 21
68 22
67 23
67 24
67 25
67 25
67 26
66 27
66 28
66 29
65 30
65 31
65 31
65 32
64 33
64 34
64 35
63 36
63 37
63 37
63 38
62 39
62 40
62 41
61 42
61 43
61 43
60 44
60 45
59 46
59 47
59 47
59 48
58 49
58 50
58 50
58 50
59 49
59 49
59 48
59 47
59 47
59 46
60 45
60 44
60 43
61 42
61 41
61 40
62 39
62 38
62 37
63 36
63 35
63 34
64 33
64 32
64 32
65 31
66 30
66 29
67 28
68 27
68 27
69 26
69 26
70 27
70 27
70 28
71 29
71 30
71 31
71 31
71 32
71 33
71 34
71 35
71 36
71 36
71 37
71 38
71 39
71 40
71 41
71 42
71 43
71 43
71 44
71 45
71 46
71 47
71 48
71 49
71 50
71 51
71 52
71 52
71 53
71 54
71 55
71 56
71 57
71 58
71 59
71 60
71 61
71 62
71 62
71 63
71 64
71 65
71 66
72 67
72 68
72 69
72 70
72 71
72 71
72 72
72 73
72 74
72 75
72 76
72 76
72 77
72 77
73 76
73 75
73 75
73 74
73 73
73 72
73 71
73 71
73 70
73 69
73 68
73 67
73 66
73 65
73 64
73 63
73 62
73 61
73 60
73 59
73 58
73 57
74 56
74 55
74 54
74 53
74 52
74 51
74 50
74 49
74 48
74 47
74 46
74 45
74 44
74 43
74 42
74 41
74 40
74 39
74 38
74 37
74 36
74 35
74 34
74 33
74 32
74 31
74 30
74 29
74 28
74 27
75 26
75 25
75 24
75 23
75 22
75 21
75 20
75 19
75 18
75 17
75 16
75 15
75 14
75 13
75 12
75 11
75 11
75 10
76 9
76 8
77 7
77 6
77 5
78 4
78 3
78 3
78 2
78 1
78 1
78 1
79 0
79 0
80 1
80 1
80 1
81 2
81 3
81 3
82 4
82 4
82 5
82 6
82 6
82 7
82 8
82 9
82 9
82 10
82 11
82 12
82 13
82 13
82 14
81 15
81 16
81 16
80 17
80 18
79 19
79 19
79 20
78 21
78 22
78 22
77 23
77 24
77 24
77 24
77 24
77 24
78 23
78 22
78 22
79 21
79 20
79 20
80 19
80 18
80 18
81 17
82 16
82 16
83 15
84 15
84 15
85 15
85 15
86 16
87 17
87 17
87 18
88 19
88 20
89 21
89 22
89 22
89 23
90 24
90 25
90 26
90 27
91 28
91 29
91 29
91 30
91 31
91 32
91 33
92 34
92 35
92 36
92 37
92 38
92 39
92 39
92 40
92 41
92 42
92 43
92 44
93 45
93 46
93 47
93 48
93 49
93 50
93 50
93 51
93 52
93 53
93 54
93 55
93 56
93 57
93 58
93 59
93 60
93 61
93 62
93 63
93 63
93 64
93 65
93 66
93 67
93 68
94 69
94 70
94 71
94 72
94 73
94 74
94 74
94 75
94 76
94 77
94 78
94 79
94 80
94 81
94 82
94 82
94 83
94 84
94 85
94 86
94 87
94 87
94 88
94 89
93 90
93 91
93 92
93 92
93 93
93 93
92 93
92 93
91 92
91 91
91 91
91 90
91 89
90 88
90 87
90 86
90 85
89 84
89 83
89 82
89 81
88 80
88 79
88 78
88 77
87 76
87 75
87 74
87 73
86 72
86 71
86 70
86 69
85 68
85 67
85 66
85 65
84 64
84 63
84 62
84 61
83 60
83 59
83 58
83 57
82 56
82 55
82 54
82 54
82 53
82 52
82 51
81 50
81 49
81 48
81 47
81 47
81 46
82 45
82 44
82 43
82 43
82 42
82 41
82 40
82 40
83 39
83 38
84 37
84 37
85 36
85 35
86 34
86 33
86 33
87 32
87 31
88 30
88 30
89 29
90 29
90 29
91 28
92 27
92 27
93 27
93 27
94 28
94 28
94 29
94 30
94 30
94 31
94 32
94 33
94 34
94 34
93 35
93 36
92 37
92 38
92 38
92 39
91 40
91 41
91 42
91 42
90 43
90 44
89 45
89 46
88 47
88 47
87 48
87 49
86 50
86 51
86 51
86 52
85 53
85 54
85 54
84 55
84 56
84 56
84 56
84 56
85 55
86 55
86 55
87 54
87 53
88 52
88 52
89 51
90 50
91 49
91 49
92 48
93 47
94 46
94 46
95 45
96 44
96 44
97 43
98 43
98 43
99 44
100 44
100 44
100 45
99 46
99 47
99 48
99 48
99 49
98 50
98 51
97 52
97 53
97 53
97 54
96 55
96 56
95 57
95 58
94 59
94 60
94 60
94 61
93 62
93 63
92 64
92 65
91 66
91 67
91 67
91 68
90 69
90 70
89 71
89 72
89 72
89 73
88 74
88 75
88 75
89 75
89 75
90 74
91 73
92 72
93 71
94 70
95 69
