1 66
1 67
0 68
0 69
0 70
0 70
0 70
0 70
1 69
1 69
1 68
2 67
2 66
2 66
3 65
4 64
5 63
5 63
6 62
6 61
7 60
7 59
8 58
8 58
9 57
9 56
10 55
10 54
11 53
11 52
11 52
12 51
13 50
13 49
14 48
15 47
15 47
16 46
16 45
17 44
17 43
18 42
18 42
19 41
19 40
20 39
20 38
20 38
21 37
22 36
23 35
23 35
24 34
24 33
25 32
25 32
25 31
26 30
26 29
26 29
25 29
24 28
23 28
22 27
21 27
20 26
19 26
18 26
17 25
16 25
15 24
14 24
14 24
14 25
15 26
15 27
15 28
15 28
15 29
15 30
15 31
15 32
15 32
15 33
15 34
16 35
16 36
16 37
16 37
16 38
16 39
16 40
16 41
16 42
16 42
16 43
16 44
16 45
16 46
16 47
16 48
16 48
16 49
16 50
16 51
15 52
15 53
15 54
15 55
15 56
15 56
15 57
15 58
15 59
14 60
14 61
14 62
14 63
14 64
14 64
14 65
14 66
14 67
14 68
14 69
14 70
14 71
14 72
14 73
14 73
14 74
14 75
14 76
13 77
13 78
13 79
13 80
13 80
13 81
13 82
13 83
12 84
12 85
12 86
12 87
12 88
12 88
12 89
12 90
11 91
11 92
11 93
11 93
11 94
11 95
10 96
10 97
10 98
10 98
10 99
10 100
10 100
9 100
9 100
9 100
9 99
9 98
9 97
9 96
9 95
9 94
10 93
10 92
10 91
10 90
10 89
10 88
10 87
10 86
10 85
10 84
10 83
10 82
10 81
10 80
11 79
11 78
11 77
11 76
11 75
11 74
11 73
11 72
11 72
12 71
13 70
13 69
14 68
15 67
15 67
16 66
16 66
17 67
18 67
18 67
19 68
19 69
19 69
20 70
20 71
21 72
21 72
21 73
22 74
22 75
22 75
23 76
23 77
24 78
24 79
24 79
25 80
25 81
26 82
26 82
26 83
27 84
27 85
27 85
28 86
28 87
29 88
29 88
30 89
30 89
31 90
31 90
32 90
32 90
32 89
32 88
33 87
33 86
33 85
33 84
33 83
34 82
34 81
34 80
34 79
34 78
35 77
35 76
35 75
35 74
35 73
35 72
36 71
36 70
36 69
36 68
36 67
37 66
37 65
37 64
37 63
37 62
38 61
38 60
38 59
38 59
39 58
39 57
40 56
40 55
41 54
41 54
41 53
41 52
41 51
41 50
41 50
42 49
42 48
43 47
43 46
43 46
44 45
45 44
46 43
46 43
47 42
48 41
48 40
49 39
49 39
50 38
51 37
51 36
52 35
52 35
53 34
54 33
55 32
55 32
56 31
56 30
57 29
57 29
58 28
59 27
60 26
60 26
61 25
62 24
62 24
63 23
63 22
63 22
63 21
62 20
62 19
62 18
62 17
61 16
61 15
61 14
61 14
60 15
60 16
59 17
59 18
58 19
58 20
58 20
57 21
57 22
56 23
56 24
56 24
56 25
56 26
55 27
55 28
55 29
55 29
55 30
55 31
54 32
54 33
54 34
54 35
54 35
54 36
54 37
54 38
53 39
53 40
53 41
53 42
53 42
53 43
52 44
52 45
52 46
51 47
51 48
51 48
51 49
51 50
50 51
50 52
50 53
50 54
50 54
50 55
50 56
49 57
49 58
49 59
49 59
49 60
48 61
48 62
48 63
48 63
48 64
48 65
48 65
48 65
49 64
49 64
49 63
49 62
50 61
50 60
50 59
50 58
50 57
51 56
51 55
51 54
51 53
51 52
52 51
52 50
52 49
52 49
53 48
53 47
54 46
54 46
55 46
55 46
55 47
55 48
55 48
55 49
55 50
55 51
55 51
55 52
54 53
54 54
54 55
54 55
54 56
53 57
53 58
53 59
53 59
53 60
53 61
53 62
53 63
53 63
53 64
52 65
52 66
52 66
52 67
52 68
52 68
52 68
52 68
52 67
53 66
53 65
53 65
53 64
54 63
54 62
54 61
54 61
54 60
55 59
55 58
55 58
56 57
57 56
57 56
58 56
59 56
59 56
60 56
60 56
61 57
61 58
61 58
61 59
61 59
62 60
62 61
62 61
62 62
62 63
62 63
62 64
62 64
61 64
61 64
61 63
61 62
62 61
62 60
62 59
62 58
62 57
63 56
63 55
63 54
63 53
63 52
64 51
64 50
64 49
64 48
65 47
65 46
65 45
65 44
65 43
66 42
66 41
66 40
66 39
66 38
67 37
67 36
67 35
67 34
67 33
68 32
68 31
68 30
68 30
69 29
70 28
71 27
71 27
72 26
72 25
72 25
72 26
72 26
72 27
72 27
72 28
71 29
71 30
71 30
71 31
70 32
70 33
70 34
70 34
70 35
69 36
69 37
68 38
68 39
68 39
68 40
67 41
67 42
66 43
66 44
66 44
65 45
65 46
64 47
64 48
64 48
64 49
63 50
63 51
63 52
63 52
63 52
63 52
63 51
64 50
64 49
65 48
65 47
66 46
66 45
67 44
67 43
67 43
68 42
69 41
69 40
70 39
70 39
71 39
71 39
72 40
72 41
72 41
72 42
73 43
73 44
73 45
73 45
73 46
73 47
73 48
73 48
73 49
73 50
73 51
73 52
73 53
73 53
73 54
73 55
73 56
73 57
73 57
73 58
73 59
73 59
73 60
73 61
73 61
73 61
73 60
73 59
73 58
73 58
73 57
73 56
73 55
73 55
73 54
73 53
73 52
73 51
73 50
73 49
73 48
73 47
74 46
74 45
74 44
74 43
74 42
74 41
74 40
74 39
74 38
74 37
74 36
74 35
74 34
74 33
74 32
74 31
74 30
74 29
75 28
75 27
75 26
75 25
75 24
75 23
75 22
75 21
75 20
75 20
75 19
76 18
76 17
76 16
76 15
77 14
77 13
77 12
77 11
78 10
78 9
78 9
78 8
79 7
79 6
79 5
79 5
80 4
80 3
80 3
81 2
81 1
81 1
82 0
83 0
83 0
84 0
84 0
85 1
85 1
86 2
86 3
86 3
86 4
86 5
86 6
86 7
86 7
86 8
86 9
86 10
86 10
86 11
85 12
85 13
85 14
85 14
85 15
84 16
84 17
84 17
84 18
83 19
83 20
83 20
82 21
82 22
81 23
81 23
80 24
80 25
80 25
80 26
80 26
80 26
80 26
80 25
80 24
80 24
81 23
81 22
81 22
82 21
82 20
83 19
83 19
84 18
84 18
85 17
86 17
86 17
87 17
87 17
88 18
89 19
89 19
89 20
90 21
90 22
90 22
90 23
90 24
91 25
91 26
91 27
91 27
91 28
91 29
92 30
92 31
92 32
92 33
92 33
92 34
92 35
92 36
92 37
93 38
93 39
93 40
93 41
93 42
93 42
93 43
93 44
93 45
93 46
94 47
94 48
94 49
94 50
94 51
94 51
94 52
94 53
94 54
94 55
95 56
95 57
95 58
95 59
95 60
95 61
95 61
95 62
95 63
95 64
95 65
95 66
95 67
95 68
95 69
95 70
95 71
95 72
95 73
95 73
95 74
95 75
95 76
96 77
96 78
96 79
96 80
96 81
96 81
96 82
96 83
96 84
96 85
96 86
96 87
96 88
96 88
96 89
96 90
96 91
96 92
96 93
96 93
96 94
97 95
97 96
97 96
96 96
96 96
96 95
95 94
95 93
95 92
95 91
94 90
94 89
94 88
94 87
93 86
93 85
93 84
92 83
92 82
92 81
92 80
91 79
91 78
91 77
90 76
90 75
90 74
90 73
89 72
89 71
89 70
89 69
88 68
88 67
88 66
87 65
87 64
87 63
87 62
86 61
86 60
86 59
86 58
85 57
85 56
85 56
85 55
84 54
84 53
83 52
83 51
83 51
83 50
83 49
83 49
83 48
83 47
83 46
83 46
83 45
84 44
84 43
84 43
84 42
85 41
85 40
85 40
86 39
87 38
87 38
88 37
88 36
89 35
89 35
90 34
91 33
91 33
92 32
93 31
93 31
94 30
95 30
95 30
96 29
96 29
97 29
97 29
97 30
97 31
97 31
97 32
96 33
96 34
96 34
95 35
95 36
94 37
94 38
94 38
94 39
93 40
93 41
92 42
92 43
92 43
91 44
91 45
90 46
90 47
90 47
89 48
89 49
88 50
88 51
88 51
88 52
87 53
87 54
87 54
86 55
86 56
86 56
86 56
87 56
87 56
88 55
88 55
89 54
89 53
90 52
90 52
91 51
91 50
92 49
92 49
93 48
94 47
95 46
95 46
96 45
97 44
97 44
98 44
99 44
99 44
100 45
100 45
100 46
99 47
99 48
99 48
99 49
98 50
98 51
97 52
97 53
97 53
96 54
96 55
95 56
95 57
94 58
94 59
93 60
93 60
93 61
92 62
92 63
91 64
91 65
90 66
90 67
90 67
89 68
89 69
88 70
88 71
88 71
88 72
87 73
87 74
87 74
88 73
89 72
89 72
90 71
91 70
92 69
92 68
93 67
94 66
95 65
