1 67
1 68
1 69
0 70
0 71
0 72
0 72
0 72
0 71
0 71
0 70
0 70
1 69
1 68
1 68
2 67
2 66
3 65
3 65
4 64
4 63
5 62
5 61
6 60
6 60
7 59
7 58
8 57
8 56
9 55
9 54
9 54
10 53
11 52
11 51
12 50
13 49
13 49
14 48
14 47
15 46
15 45
16 44
16 44
17 43
17 42
18 41
18 40
19 39
19 39
20 38
21 37
21 36
22 35
22 35
23 34
23 33
24 32
24 31
24 31
25 30
25 29
26 28
26 28
27 27
27 26
27 26
27 25
27 25
26 25
25 24
24 24
23 23
22 23
21 23
20 22
19 22
18 21
17 21
17 21
17 22
17 22
17 22
17 23
17 23
17 24
17 25
17 25
17 26
18 27
18 28
18 29
18 29
18 30
18 31
18 32
18 33
18 34
18 34
18 35
18 36
18 37
18 38
18 39
18 40
18 40
18 41
18 42
18 43
17 44
17 45
17 46
17 47
17 48
17 48
17 49
17 50
17 51
17 52
17 53
17 54
17 55
17 55
17 56
17 57
17 58
16 59
16 60
16 61
16 62
16 62
16 63
16 64
16 65
15 66
15 67
15 68
15 69
15 70
15 70
15 71
15 72
15 73
14 74
14 75
14 76
14 77
14 78
14 78
14 79
14 80
13 81
13 82
13 83
13 84
13 84
13 85
13 86
12 87
12 88
12 89
12 90
12 90
12 91
12 92
11 93
11 94
11 95
11 95
11 96
11 97
11 98
11 98
10 99
10 100
10 100
10 100
10 99
10 98
10 97
11 96
11 95
11 94
11 93
11 92
11 91
11 90
12 89
12 88
12 87
12 86
12 85
12 84
13 83
13 82
13 81
13 80
13 79
13 78
13 77
14 76
14 75
14 74
14 73
14 73
15 72
16 71
16 70
17 69
17 69
18 68
18 67
18 67
19 67
19 67
20 68
21 68
21 68
22 69
22 69
23 70
24 71
24 71
25 72
25 73
25 73
26 74
26 75
27 76
27 77
27 77
28 78
28 79
29 80
29 80
30 81
31 82
31 82
32 83
32 84
32 84
33 85
33 86
33 86
34 87
34 87
35 88
35 88
36 88
36 88
36 87
36 86
36 85
36 84
37 83
37 82
37 81
37 80
37 79
37 78
37 77
37 76
37 75
37 74
38 73
38 72
38 71
38 70
38 69
38 68
38 67
38 66
38 65
38 64
39 63
39 62
39 61
39 60
39 59
39 58
39 58
40 57
40 56
41 55
41 55
41 54
42 53
42 52
42 52
43 51
44 50
44 49
45 48
45 48
46 47
46 46
47 45
47 44
47 44
48 43
49 42
49 41
50 40
50 40
51 39
52 38
52 37
53 36
53 36
54 35
55 34
56 33
57 32
57 32
58 31
59 30
59 29
60 28
60 28
61 27
61 26
62 25
62 24
62 24
63 23
64 22
64 22
65 21
65 20
66 19
66 19
67 18
67 17
67 17
67 16
66 15
66 14
65 13
65 12
65 12
64 12
63 13
62 13
62 13
61 14
61 15
61 15
60 16
60 17
59 18
59 18
59 19
58 20
58 21
57 22
57 23
57 23
57 24
57 25
56 26
56 27
56 28
56 29
56 29
56 30
55 31
55 32
55 33
55 34
54 35
54 36
54 36
54 37
53 38
53 39
53 40
53 41
52 42
52 43
52 44
52 44
52 45
52 46
52 47
51 48
51 49
51 50
51 51
51 52
51 52
51 53
50 54
50 55
50 56
50 57
49 58
49 59
49 59
49 60
49 61
49 62
48 63
48 64
48 65
48 66
48 66
48 67
48 68
47 69
47 70
47 71
47 72
47 72
47 73
47 74
47 75
47 75
47 75
48 74
48 74
48 73
48 72
48 71
48 70
48 70
48 69
49 68
49 67
50 66
50 65
50 65
50 64
50 63
51 62
51 61
51 60
51 59
51 59
51 58
52 57
52 56
52 55
52 55
52 54
53 53
53 52
53 52
54 51
55 50
55 50
55 50
56 51
56 51
56 52
56 53
56 53
56 54
56 55
56 55
56 56
55 57
55 58
55 58
55 59
54 60
54 61
54 62
54 62
54 63
54 64
54 64
53 65
53 65
53 65
54 64
54 64
54 63
55 62
55 61
55 60
55 60
55 59
56 58
56 57
56 56
56 56
57 55
58 54
58 54
59 54
60 54
60 54
61 54
61 54
62 55
62 56
62 56
62 57
62 57
62 58
62 59
62 59
62 60
62 61
62 61
62 62
62 62
62 62
62 61
62 60
62 60
62 59
62 58
62 57
63 56
63 55
63 54
63 53
63 52
63 51
63 50
64 49
64 48
64 47
64 46
64 45
64 44
64 43
65 42
65 41
65 40
65 39
65 38
65 37
65 36
66 35
66 34
66 33
66 32
66 32
66 31
67 30
67 29
68 28
68 27
68 26
69 25
69 24
69 24
69 23
69 23
70 23
70 23
70 23
70 24
70 25
70 25
70 26
69 27
69 28
69 29
69 29
68 30
68 31
67 32
67 33
67 33
67 34
67 35
66 36
66 37
66 38
66 38
66 39
65 40
65 41
65 42
64 43
64 44
64 44
64 45
64 46
63 47
63 48
63 49
63 49
62 50
62 51
62 51
62 52
62 53
62 53
62 53
63 52
63 51
63 51
64 50
64 49
64 49
64 48
65 47
65 46
65 46
66 45
66 44
66 44
67 43
67 43
68 44
68 44
69 45
69 46
69 46
69 47
70 48
70 49
70 49
70 50
70 51
70 52
70 52
70 53
70 54
70 55
70 56
70 56
70 57
70 58
70 59
70 59
70 60
70 61
70 62
70 62
70 62
70 61
70 61
70 60
70 59
70 59
70 58
70 57
70 56
70 55
70 54
70 53
70 52
70 51
70 50
70 49
70 48
70 47
70 46
70 45
70 44
70 43
70 42
70 41
70 40
71 39
71 38
71 37
71 36
71 35
71 34
71 33
71 32
71 31
71 30
71 29
71 28
71 27
71 26
71 25
71 24
71 23
71 22
71 21
71 20
71 20
71 19
71 18
72 17
72 16
72 15
72 14
72 13
72 12
73 11
73 10
73 9
73 8
73 8
73 7
74 6
74 5
74 4
74 4
75 3
75 2
75 2
76 1
76 1
77 0
77 0
78 1
78 1
79 2
79 2
79 3
79 3
80 4
80 5
80 5
80 6
80 7
80 8
80 8
80 9
79 10
79 11
79 11
79 12
78 13
78 14
78 15
78 15
78 16
77 17
77 18
77 19
77 19
77 20
76 21
76 22
76 22
75 23
75 24
75 24
75 25
75 25
75 25
75 24
75 24
75 23
75 23
76 22
76 21
76 21
77 20
77 19
77 19
78 18
78 18
79 17
80 17
80 17
81 17
81 17
82 18
83 18
83 18
84 19
84 20
84 20
84 21
84 22
85 23
85 24
85 25
85 25
85 26
85 27
86 28
86 29
86 30
86 31
86 31
86 32
86 33
86 34
87 35
87 36
87 37
87 38
87 38
87 39
87 40
87 41
87 42
88 43
88 44
88 45
88 46
88 47
88 47
88 48
88 49
88 50
88 51
88 52
88 53
88 54
88 55
88 56
88 56
88 57
88 58
88 59
88 60
88 61
88 62
88 63
88 64
88 65
88 65
88 66
88 67
88 68
89 69
89 70
89 71
89 72
89 72
89 73
89 74
89 75
89 76
89 77
89 78
89 78
89 79
89 80
89 81
89 82
89 82
89 83
89 84
89 85
89 85
89 86
89 87
89 87
88 88
88 89
88 89
88 89
88 88
88 88
87 87
87 86
87 86
87 85
86 84
86 83
86 83
86 82
86 81
85 80
85 79
85 78
85 77
84 76
84 75
84 74
84 73
83 72
83 71
83 70
83 69
82 68
82 67
82 66
82 65
81 64
81 63
81 62
81 61
80 60
80 59
80 58
80 58
80 57
80 56
79 55
79 54
79 53
79 52
78 51
78 50
78 49
78 49
78 48
78 48
78 47
78 46
78 46
79 45
79 44
79 44
79 43
80 42
80 41
80 41
80 40
81 39
81 38
81 38
82 37
83 36
83 36
84 35
85 34
85 34
86 33
86 33
87 32
88 32
88 32
89 32
89 32
89 32
89 33
89 34
89 34
88 35
88 36
88 36
88 37
87 38
87 39
87 40
87 40
87 41
86 42
86 43
85 44
85 45
85 45
84 46
84 47
83 48
83 49
83 49
82 50
82 51
81 52
81 52
80 53
80 54
80 54
79 55
79 56
79 56
80 56
80 56
80 55
80 55
81 54
82 53
82 53
83 52
83 51
84 50
84 50
85 49
86 48
87 47
87 47
88 46
89 45
89 45
90 45
91 44
92 44
92 44
93 43
93 43
94 44
94 45
94 45
94 46
93 47
93 48
93 48
93 49
92 50
92 51
91 52
91 53
91 53
91 54
90 55
90 56
90 57
90 58
89 59
89 60
89 60
88 61
88 62
87 63
87 64
86 65
86 65
86 66
86 67
85 68
85 69
85 70
85 70
85 71
85 71
86 70
87 69
87 69
88 68
89 67
90 66
91 65
92 64
92 64
93 63
94 62
94 61
95 60
96 59
97 58
98 57
98 56
99 55
100 54
