0 68
0 68
0 67
0 67
1 66
2 66
2 66
3 65
3 64
4 63
4 63
4 62
5 61
5 60
6 59
6 58
6 58
7 57
8 56
8 55
9 54
10 53
10 53
11 52
11 51
12 50
12 49
13 48
13 48
14 47
14 46
15 45
15 44
16 43
16 43
17 42
17 41
18 40
18 39
19 38
19 38
20 37
21 36
21 35
22 34
22 34
22 33
23 32
23 31
24 30
24 29
24 29
25 28
25 27
26 26
26 26
27 25
27 24
28 23
28 23
27 22
26 21
25 20
24 19
24 18
23 17
22 16
21 15
21 15
20 16
20 17
20 17
19 18
19 18
19 19
19 20
19 21
19 21
19 22
19 23
19 24
19 24
19 25
19 26
19 27
19 28
19 28
19 29
19 30
19 31
19 32
19 33
19 34
19 34
19 35
19 36
19 37
18 38
18 39
18 40
18 41
18 41
18 42
18 43
18 44
17 45
17 46
17 47
17 48
17 49
17 49
17 50
17 51
17 52
17 53
17 54
17 55
17 56
17 57
17 58
17 58
17 59
17 60
17 61
16 62
16 63
16 64
16 65
16 66
16 66
16 67
16 68
16 69
16 70
15 71
15 72
15 73
15 74
15 75
15 76
15 76
15 77
15 78
15 79
14 80
14 81
14 82
14 83
14 83
14 84
14 85
14 86
14 87
14 88
14 89
14 90
14 90
14 91
14 92
14 93
14 94
14 95
14 95
14 96
14 97
14 98
14 99
14 99
14 100
14 100
14 100
14 99
14 98
14 98
14 97
14 96
14 95
14 94
15 93
15 92
15 91
15 90
15 89
15 88
15 87
15 86
15 85
16 84
16 83
16 82
16 81
16 80
16 79
16 78
16 77
16 76
16 75
17 74
17 73
17 72
17 71
17 70
17 69
17 68
17 67
17 66
18 65
18 64
18 63
18 62
18 61
18 61
19 60
19 59
20 58
20 57
21 56
21 56
22 55
22 55
23 56
24 56
24 56
25 57
25 58
25 58
26 59
27 60
27 60
27 61
28 62
28 63
28 63
29 64
29 65
30 66
30 67
30 67
30 68
31 69
31 70
32 71
32 72
32 72
33 73
33 74
34 75
34 76
34 76
35 77
35 78
36 79
36 80
36 80
37 81
37 82
37 82
38 83
38 84
38 84
38 85
38 85
38 84
38 83
38 82
38 81
38 80
37 79
37 78
37 77
37 76
37 75
37 74
37 73
37 72
37 71
37 70
37 69
37 68
36 67
36 66
36 65
36 64
36 63
36 62
36 61
36 61
36 60
36 59
37 58
37 57
37 56
37 56
37 55
38 54
38 53
38 53
39 52
39 51
40 50
40 49
40 49
41 48
42 47
43 46
43 46
44 45
45 44
45 43
46 42
46 42
47 41
48 40
48 39
49 38
49 38
50 37
51 36
51 35
52 34
52 34
53 33
54 32
54 31
55 30
55 30
56 29
57 28
58 27
58 27
59 26
59 25
60 24
60 24
61 23
61 22
62 21
62 21
62 20
61 19
61 18
61 17
61 16
60 15
60 14
60 13
60 13
60 14
59 15
59 16
58 17
58 18
58 18
57 19
57 20
56 21
56 22
56 22
56 23
55 24
55 25
54 26
54 27
54 27
54 28
54 29
53 30
53 31
53 32
53 33
53 33
53 34
52 35
52 36
52 37
51 38
51 39
51 39
51 40
51 41
51 42
50 43
50 44
50 45
50 46
50 46
50 47
50 48
49 49
49 50
49 51
49 52
49 52
49 53
49 54
49 55
49 56
49 57
49 57
49 58
48 59
48 60
48 61
48 61
48 62
48 63
48 64
48 64
49 65
49 65
49 65
49 64
49 63
50 62
50 61
50 60
50 59
51 58
51 57
51 56
51 55
51 54
52 53
52 52
52 51
52 50
53 49
53 48
53 47
53 47
54 46
54 45
55 44
55 43
55 43
56 44
56 44
56 45
56 45
56 46
56 47
56 48
56 48
56 49
55 50
55 51
55 52
55 52
55 53
54 54
54 55
54 56
54 56
54 57
53 58
53 59
53 60
53 60
53 61
52 62
52 63
52 63
52 64
52 65
52 66
52 66
52 67
52 67
52 67
52 66
52 65
52 65
53 64
53 63
54 62
54 62
54 61
55 60
55 59
55 59
56 58
56 57
57 56
57 55
57 55
58 55
58 55
59 55
60 55
60 55
61 56
61 56
61 57
61 58
61 58
61 59
61 60
61 60
61 61
61 62
61 62
61 63
61 63
61 63
61 63
61 62
61 61
61 60
61 60
61 59
61 58
62 57
62 56
62 55
62 54
62 53
62 52
63 51
63 50
63 49
63 48
63 47
63 46
64 45
64 44
64 43
64 42
64 41
64 40
65 39
65 38
65 37
65 36
65 35
65 34
66 33
66 32
66 31
66 31
67 30
67 29
68 28
68 27
69 26
69 25
70 24
70 24
71 23
71 23
72 22
72 22
72 22
72 23
72 23
72 24
71 25
71 26
71 26
71 27
70 28
70 29
70 29
70 30
69 31
69 32
69 33
68 34
68 35
68 35
68 36
67 37
67 38
66 39
66 40
66 40
65 41
65 42
64 43
64 44
64 44
64 45
63 46
63 47
63 48
63 48
62 49
62 50
62 50
62 50
62 49
62 49
63 48
63 47
63 47
63 47
64 46
64 45
65 44
65 43
66 42
66 41
67 40
67 39
68 38
68 37
68 37
69 36
69 35
69 35
70 36
71 36
71 36
72 37
72 38
72 38
72 39
73 40
73 41
73 41
73 42
73 43
73 44
73 45
73 46
73 46
73 47
73 48
73 49
73 50
73 50
73 51
73 52
73 53
73 54
73 55
73 56
73 56
73 57
73 58
73 59
73 59
73 60
73 61
73 61
73 61
73 60
73 59
73 59
73 58
73 57
73 56
73 56
73 55
73 54
73 53
73 52
73 51
73 51
73 50
73 49
73 48
73 47
73 46
74 45
74 44
74 43
74 42
74 41
74 40
74 39
74 38
74 37
74 36
74 35
74 34
75 33
75 32
75 31
75 30
75 29
75 28
75 28
75 27
75 26
75 25
76 24
76 23
76 22
76 21
76 20
76 19
76 18
76 17
77 16
77 15
77 14
77 13
77 13
77 12
78 11
78 10
78 9
79 8
79 7
79 7
79 6
80 5
80 4
80 3
80 3
81 2
82 1
82 1
83 1
83 1
84 0
84 0
84 1
84 1
85 2
85 2
86 3
86 3
86 4
86 5
86 6
86 6
86 7
85 8
85 9
85 9
85 10
84 11
84 12
84 13
84 13
84 14
83 15
83 16
83 16
83 17
82 18
82 19
82 19
81 20
81 21
80 22
80 22
79 23
79 24
79 24
79 25
79 25
79 25
79 24
79 24
80 23
80 22
80 22
81 21
81 20
81 20
81 19
82 18
82 17
82 17
83 16
84 16
84 16
85 15
86 14
86 14
87 14
88 14
88 14
89 15
90 16
90 16
91 17
91 18
92 19
92 19
92 20
92 21
93 22
93 23
93 24
93 24
93 25
94 26
94 27
94 28
94 29
95 30
95 31
95 31
95 32
95 33
96 34
96 35
96 36
96 37
96 37
96 38
96 39
96 40
96 41
96 42
96 43
96 43
96 44
96 45
97 46
97 47
97 48
97 49
97 49
97 50
97 51
97 52
97 53
97 54
97 54
97 55
97 56
97 57
97 58
97 58
97 59
97 60
97 61
97 61
97 62
97 63
97 64
97 64
96 64
96 64
95 63
95 62
94 61
93 60
93 59
92 58
91 57
90 56
90 55
89 54
88 53
88 52
87 51
86 50
86 49
85 48
85 48
85 47
85 46
85 45
85 44
85 43
85 42
85 42
85 41
85 40
85 40
85 39
85 38
85 37
85 37
86 36
86 35
87 34
87 34
88 33
89 32
89 32
90 31
91 30
91 30
92 29
93 28
93 28
94 28
95 28
95 28
96 27
96 27
97 28
97 28
97 29
97 29
97 30
97 31
97 32
97 32
96 33
96 34
95 35
95 35
94 36
94 37
93 38
93 39
93 39
92 40
92 41
91 42
91 42
90 43
90 44
89 45
89 46
89 46
88 47
88 48
88 48
87 49
87 50
87 50
87 50
87 50
88 49
88 48
88 48
89 47
90 46
90 46
91 45
91 44
92 43
92 43
93 42
94 42
95 41
95 41
96 40
97 39
97 39
98 38
99 37
99 37
100 38
100 38
99 39
99 40
99 40
98 41
98 42
97 43
97 44
97 44
97 45
96 46
96 47
95 48
95 49
95 49
94 50
93 51
92 52
92 52
92 53
92 54
92 54
93 54
93 54
94 53
95 52
95 51
96 50
