2 57
2 58
1 59
1 60
1 61
1 61
0 62
0 63
0 63
0 63
0 63
0 64
0 64
1 63
1 63
2 62
2 62
3 61
3 60
3 60
4 59
5 58
6 57
6 57
7 56
7 55
8 54
8 53
9 52
9 52
9 51
10 50
10 49
10 48
11 47
11 46
11 46
12 45
12 44
13 43
14 42
14 41
15 40
15 40
16 39
16 38
17 37
17 36
18 35
18 35
19 34
19 33
20 32
20 31
21 30
21 30
22 29
22 28
23 27
23 26
23 26
24 25
25 24
25 24
26 23
26 22
26 22
25 21
24 21
23 20
22 20
21 19
20 19
19 18
18 18
18 18
18 19
17 20
17 21
17 21
17 22
17 23
17 23
17 24
17 25
17 25
17 26
17 27
17 28
17 29
17 30
17 30
17 31
17 32
17 33
16 34
16 35
16 36
16 37
16 37
16 38
16 39
16 40
16 41
16 42
16 43
16 44
16 44
16 45
16 46
16 47
15 48
15 49
15 50
15 51
15 51
15 52
15 53
15 54
15 55
15 56
15 57
15 58
15 59
15 60
15 60
15 61
15 62
15 63
15 64
14 65
14 66
14 67
14 68
14 69
14 70
14 70
14 71
14 72
14 73
13 74
13 75
13 76
13 77
13 78
13 78
13 79
13 80
13 81
13 82
13 83
13 84
13 85
13 85
13 86
13 87
13 88
13 89
13 90
13 91
13 92
13 92
13 93
13 94
13 95
13 96
13 97
13 97
13 98
13 99
13 99
13 98
13 97
13 96
13 95
13 94
13 93
14 92
14 91
14 90
14 89
14 88
14 87
14 86
14 85
14 84
14 83
14 82
14 81
15 80
15 79
15 78
15 77
15 76
15 75
15 74
15 73
15 72
15 71
15 70
15 69
15 68
16 67
16 66
16 65
16 64
16 63
16 62
16 61
16 61
17 62
18 62
18 62
19 63
19 64
20 65
20 65
20 66
20 67
21 68
21 69
21 70
21 70
21 71
22 72
22 73
23 74
23 75
23 75
24 76
24 77
25 78
25 79
25 79
25 80
26 81
26 82
27 83
27 84
27 84
27 85
28 86
28 87
28 88
28 88
29 89
30 90
30 90
31 91
31 92
31 92
32 92
33 92
33 92
33 91
33 90
33 89
33 88
33 87
34 86
34 85
34 84
34 83
34 82
34 81
34 80
34 79
34 78
34 77
35 76
35 75
35 74
35 73
35 72
35 71
35 70
35 69
35 68
35 67
36 66
36 65
36 64
36 63
36 62
36 61
36 61
37 60
37 59
38 58
38 57
39 56
39 56
39 55
40 54
40 53
40 52
40 52
41 51
41 50
42 49
42 48
43 47
43 47
44 46
45 45
45 44
46 43
46 43
47 42
48 41
48 40
49 39
49 39
50 38
51 37
51 36
52 35
52 35
53 34
54 33
54 32
55 31
55 31
56 30
57 29
58 28
58 28
59 27
59 26
60 25
60 25
61 24
62 23
62 23
62 22
62 21
62 20
61 19
61 18
61 17
61 16
61 15
61 14
61 13
61 12
60 11
60 10
60 9
60 8
60 7
60 7
60 8
59 9
59 10
59 11
59 11
58 12
58 12
58 13
58 14
58 15
58 16
58 17
58 17
58 18
58 19
58 20
57 21
57 22
57 23
57 24
57 24
57 25
57 26
56 27
56 28
56 29
56 30
55 31
55 32
55 33
55 33
55 34
55 35
55 36
55 37
54 38
54 39
54 40
54 41
54 42
54 42
54 43
54 44
53 45
53 46
53 47
53 48
52 49
52 50
52 51
52 51
52 52
52 53
52 54
51 55
51 56
51 57
51 58
51 59
51 59
51 60
50 61
50 62
50 63
50 64
49 65
49 66
49 66
49 67
49 68
49 69
49 70
49 71
49 72
49 72
49 73
49 74
49 75
49 75
49 76
49 76
50 76
50 76
50 75
50 74
50 74
50 73
51 72
51 71
51 71
51 70
51 69
52 68
52 67
52 66
52 65
52 65
52 64
52 63
53 62
53 61
53 60
53 59
53 59
53 58
54 57
54 56
54 55
54 55
55 54
55 53
55 53
56 53
56 53
57 54
57 54
57 55
58 56
58 57
58 57
58 58
58 59
58 60
58 61
58 61
58 62
58 63
58 64
58 64
58 65
58 66
58 67
58 68
58 68
58 69
58 70
58 71
58 71
58 72
58 73
58 74
58 74
58 75
58 75
59 74
59 74
60 73
60 72
60 72
60 71
61 70
61 69
61 69
61 68
62 67
62 66
62 65
62 65
62 64
62 63
62 62
62 62
63 62
63 62
63 63
63 63
63 64
63 65
63 65
63 66
63 67
63 68
63 68
62 69
62 70
62 70
62 69
63 68
63 67
63 66
63 65
64 64
64 63
64 62
65 61
65 60
65 59
65 58
66 57
66 56
66 55
67 54
67 53
67 52
67 51
68 50
68 49
68 48
68 47
69 46
69 45
69 44
70 43
70 42
70 41
70 40
71 39
71 38
71 38
71 37
71 36
72 35
72 34
72 33
72 32
72 31
72 30
73 29
73 28
73 27
73 26
73 26
73 25
73 24
73 23
73 22
73 22
73 21
73 21
73 22
73 22
72 23
72 23
71 24
71 25
71 25
71 26
70 27
70 28
69 29
69 30
69 30
69 31
68 32
68 33
68 34
67 35
67 36
67 36
66 37
66 38
65 39
65 40
64 41
64 42
64 42
64 43
63 44
63 45
63 46
62 47
62 48
62 48
62 49
61 50
61 51
61 51
60 52
60 52
61 52
61 52
61 51
61 51
62 50
62 49
62 49
63 48
63 47
63 47
64 46
64 46
65 46
65 46
65 47
66 48
66 49
66 49
66 50
66 51
67 52
67 53
67 54
67 54
67 55
67 56
67 57
68 58
68 59
68 60
68 61
68 62
68 62
68 63
68 64
68 65
68 66
69 67
69 68
69 69
69 70
69 71
69 71
69 72
69 73
69 74
69 75
69 76
69 77
69 78
69 78
69 79
69 80
70 81
70 82
70 83
70 83
70 84
71 85
71 86
71 86
71 87
71 87
72 86
72 86
72 85
72 84
72 83
72 83
72 82
72 81
72 80
72 79
72 78
72 77
72 76
72 75
72 74
72 73
72 72
72 71
72 70
72 69
72 68
72 67
72 66
72 65
72 64
72 63
73 62
73 61
73 60
73 59
73 58
73 57
73 56
73 55
73 54
73 53
73 52
73 51
73 50
73 49
73 48
73 47
73 46
73 45
73 44
73 43
73 42
73 42
73 41
73 40
73 39
73 38
74 37
74 36
74 35
74 34
74 33
74 32
74 31
74 30
74 29
74 28
75 27
75 26
75 25
75 24
75 23
75 22
75 22
75 21
75 20
75 19
75 18
76 17
76 16
76 15
76 14
76 13
76 13
76 12
76 11
76 10
77 9
77 8
77 7
77 6
77 6
78 5
78 4
79 3
79 3
80 2
80 1
80 1
80 0
80 0
80 1
80 1
80 2
80 3
80 3
80 4
79 5
79 6
79 6
79 7
78 8
78 9
78 10
78 10
78 11
78 12
77 13
77 14
77 15
77 16
77 16
77 17
76 18
76 19
75 20
75 21
75 21
75 22
74 23
74 24
74 24
74 25
74 26
74 26
74 27
74 27
75 27
75 27
76 27
76 27
77 26
78 25
78 25
79 24
79 23
79 23
80 22
81 22
81 22
82 21
82 21
83 22
83 22
83 23
84 24
84 25
84 25
84 26
84 27
85 28
85 29
85 30
85 30
85 31
86 32
86 33
86 34
86 35
87 36
87 37
87 38
87 38
87 39
87 40
87 41
87 42
87 43
88 44
88 45
88 46
88 47
88 48
88 49
88 50
88 50
88 51
88 52
88 53
88 54
88 55
88 56
88 57
88 58
88 59
88 60
88 61
88 62
88 62
88 63
88 64
88 65
88 66
88 67
89 68
89 69
89 70
89 71
89 72
89 73
89 74
89 74
89 75
89 76
89 77
89 78
90 79
90 80
90 81
90 82
90 83
90 83
90 84
90 85
90 86
90 87
90 88
90 89
90 90
90 91
90 91
90 92
90 93
91 94
91 95
91 96
91 97
91 97
91 98
91 99
91 100
91 100
91 100
91 100
91 99
91 98
90 97
90 96
90 95
90 94
90 93
89 92
89 91
89 90
89 89
88 88
88 87
88 86
88 85
88 84
87 83
87 82
87 81
87 80
87 79
86 78
86 77
86 76
86 75
86 74
85 73
85 72
85 71
85 70
84 69
84 68
84 67
84 66
84 65
83 64
83 63
83 62
83 62
83 61
83 60
82 59
82 58
82 57
82 56
82 55
82 54
81 53
81 52
81 51
81 51
81 50
81 49
81 48
81 47
81 46
81 46
81 45
81 44
81 43
81 43
81 42
81 41
81 40
81 40
82 39
82 38
82 38
83 37
83 36
84 35
84 35
84 34
85 33
85 32
85 32
86 31
87 31
87 31
88 30
89 30
89 30
89 31
89 31
90 32
90 33
90 33
90 34
89 35
89 36
89 37
89 37
89 38
89 39
88 40
88 41
88 42
88 42
88 43
88 44
87 45
87 46
87 47
87 48
87 48
87 49
86 50
86 51
85 52
85 53
85 53
85 54
85 55
84 56
84 57
84 58
84 58
83 59
83 60
82 61
82 61
81 62
81 63
81 63
82 63
82 63
82 62
82 62
83 61
83 60
83 60
84 59
84 58
85 57
85 57
86 56
86 55
87 54
87 53
87 53
87 52
88 51
88 50
88 50
89 49
89 49
90 48
91 48
91 48
91 49
91 49
91 50
91 50
91 51
91 52
91 53
91 53
91 54
91 55
90 56
90 57
90 58
90 58
90 59
89 60
89 61
88 62
88 63
88 63
88 64
87 65
87 66
87 67
86 68
86 69
86 69
85 70
85 71
84 72
84 73
84 73
83 74
83 75
83 75
83 76
83 76
83 75
83 75
84 74
85 73
85 73
86 72
86 71
87 70
87 69
87 69
88 68
89 67
90 66
90 66
91 65
92 64
92 64
93 63
94 63
95 62
95 62
96 61
96 60
97 59
97 59
98 58
99 57
100 56
