1 42
0 43
0 43
0 42
0 42
0 42
0 42
1 42
1 42
2 41
2 41
3 40
4 39
4 39
5 38
6 37
6 37
7 36
8 35
9 34
9 34
10 33
11 32
11 32
12 31
13 30
14 29
14 29
15 28
16 27
16 27
16 26
17 25
17 24
17 24
17 23
17 22
17 21
17 20
17 19
16 18
16 17
16 16
16 15
16 14
16 13
16 12
16 12
15 11
14 11
14 11
14 12
14 12
13 13
13 13
13 14
12 15
12 16
12 16
12 17
12 18
12 19
12 20
12 20
12 21
12 22
11 23
11 24
11 25
11 25
11 26
11 27
11 28
11 29
11 30
11 31
11 31
11 32
11 33
11 34
10 35
10 36
10 37
10 38
10 38
10 39
10 40
10 41
9 42
9 43
9 44
9 45
9 46
9 46
9 47
9 48
9 49
9 50
9 51
9 52
9 53
9 54
9 54
9 55
9 56
9 57
8 58
8 59
8 60
8 61
8 61
8 62
8 63
7 64
7 65
7 66
7 67
7 67
7 68
7 69
6 70
6 71
6 72
6 73
6 73
6 72
6 71
6 70
6 69
6 68
6 67
6 66
6 65
6 64
6 63
6 62
6 61
6 60
6 59
6 58
6 57
6 56
6 55
6 55
6 54
6 53
7 52
7 51
7 50
7 49
7 48
8 47
8 46
8 45
8 45
8 44
9 43
9 42
9 42
10 41
10 40
10 40
11 41
11 41
12 42
13 43
13 43
13 44
14 45
14 46
14 46
15 47
15 48
16 49
16 49
16 50
17 51
17 52
18 53
18 54
18 54
19 55
19 56
20 57
20 58
20 58
21 59
21 60
22 61
22 61
23 62
23 63
24 64
24 65
24 65
25 66
25 67
26 68
26 68
27 69
28 70
28 70
29 71
30 72
30 72
31 73
31 73
32 74
33 74
33 74
33 73
33 72
34 71
34 70
34 69
34 68
35 67
35 66
35 65
35 64
36 63
36 62
36 61
36 60
37 59
37 58
37 57
37 56
38 55
38 54
38 53
38 52
39 51
39 50
39 49
39 48
39 47
40 46
40 45
40 44
40 43
41 42
41 41
41 40
41 39
42 38
42 37
42 36
42 35
43 34
43 33
43 32
43 31
44 30
44 29
44 28
44 28
44 29
43 30
43 31
43 31
42 31
42 31
41 31
41 31
42 31
42 31
42 31
43 31
43 31
44 30
45 29
45 29
46 28
47 28
47 28
48 27
48 26
49 25
49 25
50 24
51 23
51 23
52 22
53 21
53 21
54 20
55 19
55 19
56 18
57 17
57 17
57 16
57 15
57 14
57 13
57 12
56 11
56 10
56 9
56 8
56 7
56 6
56 6
56 5
56 5
55 5
55 5
55 6
55 6
54 7
54 8
54 8
54 9
53 10
53 11
53 12
53 12
53 13
53 14
53 15
53 16
53 17
53 18
53 18
53 19
53 20
53 21
52 22
52 23
52 24
52 25
52 26
52 26
52 27
51 28
51 29
51 30
51 31
50 32
50 33
50 34
50 34
50 35
50 36
50 37
49 38
49 39
49 40
49 41
49 42
49 42
49 43
49 44
49 45
48 46
48 47
48 48
48 49
48 49
48 50
48 51
47 52
47 53
47 54
47 55
47 55
47 56
47 57
46 58
46 59
46 60
46 61
46 61
46 62
46 63
46 64
46 65
46 65
46 66
45 67
45 68
45 68
45 69
45 69
46 69
46 69
46 68
46 68
47 67
47 66
47 66
48 65
48 64
49 63
49 62
49 62
50 61
50 60
51 59
51 58
51 58
52 57
52 56
53 55
53 55
53 54
54 53
54 52
54 52
55 51
55 50
56 49
56 49
56 48
56 48
57 47
57 47
57 47
57 48
57 49
57 49
57 50
57 51
57 51
57 52
57 53
57 54
57 54
57 55
57 56
57 57
57 57
56 58
56 59
56 59
56 60
56 60
56 61
56 61
56 61
56 61
57 60
57 59
57 59
58 58
58 57
58 57
59 56
59 55
59 55
59 54
59 53
59 52
59 52
59 51
60 50
60 49
60 49
61 48
61 48
61 47
61 47
62 48
62 48
62 49
62 49
63 50
63 51
63 51
64 52
64 52
64 53
64 53
65 54
65 54
66 55
66 55
66 55
67 56
67 56
67 56
67 55
67 54
67 53
67 52
67 51
68 50
68 49
68 48
68 47
68 46
68 45
68 44
68 43
68 42
68 41
68 40
69 39
69 38
69 37
69 36
69 35
69 34
69 33
69 32
69 31
69 30
70 29
70 28
70 27
70 26
70 25
70 24
70 23
70 22
70 21
70 20
70 19
71 18
71 17
71 16
71 15
71 14
71 13
71 12
71 11
71 10
71 9
71 8
72 7
72 6
72 5
72 4
72 3
72 2
72 2
73 2
73 2
73 2
73 3
72 4
72 5
72 5
72 6
71 7
71 8
71 8
71 9
70 10
70 11
70 12
70 12
70 13
70 14
69 15
69 16
69 17
69 17
69 18
68 19
68 20
68 21
68 21
68 22
68 23
67 24
67 25
67 26
67 26
67 27
66 28
66 29
66 29
66 30
65 31
65 32
65 32
65 33
64 34
64 35
64 35
63 36
63 37
63 37
63 38
63 39
63 39
63 40
63 40
63 41
63 41
64 41
64 41
64 40
64 40
65 39
65 39
65 38
66 37
66 36
66 36
66 35
67 34
67 33
67 33
68 32
68 31
68 31
68 30
68 29
68 29
69 28
69 28
70 27
70 27
71 26
71 25
71 25
71 24
71 24
72 23
72 23
73 22
73 22
73 21
73 21
73 20
73 20
73 20
73 20
73 21
73 21
73 22
73 23
73 23
73 24
73 25
73 26
73 27
73 27
73 28
73 29
73 30
73 31
73 32
73 32
73 33
73 34
73 35
73 36
73 37
73 37
73 38
73 39
74 40
74 41
74 42
74 42
74 43
74 44
74 45
74 46
74 47
74 48
74 48
74 49
74 50
74 51
74 52
74 53
74 54
74 55
74 55
74 56
74 57
75 58
75 59
75 60
75 60
75 61
75 62
75 63
75 64
75 65
75 66
75 66
75 67
75 68
76 69
76 70
76 71
76 72
76 72
76 73
76 74
76 75
76 76
76 76
76 77
76 78
76 79
76 80
76 80
76 81
76 82
76 83
76 84
76 84
76 85
76 86
76 87
76 87
76 88
76 89
76 89
76 90
76 90
76 89
76 88
76 87
76 86
76 85
76 84
76 83
76 82
76 81
76 80
76 79
76 78
76 77
76 76
77 75
77 74
77 73
77 72
77 71
77 70
77 69
77 68
77 67
77 66
77 65
77 64
77 63
77 62
77 61
77 60
77 59
77 58
77 57
77 56
77 55
77 54
77 53
77 52
77 51
77 50
77 49
77 48
78 47
78 46
78 45
78 44
78 43
78 42
78 41
78 40
78 39
78 38
78 37
78 36
78 35
78 34
78 33
78 32
78 31
78 30
78 29
78 28
78 27
78 26
78 25
78 24
78 23
78 22
78 21
78 20
79 19
79 18
79 17
79 16
79 15
79 14
79 13
79 12
79 11
79 10
79 9
79 8
79 7
79 6
79 5
79 5
79 6
79 6
79 6
79 5
79 5
79 5
79 5
80 4
80 4
81 3
82 3
82 3
83 2
83 2
84 2
85 2
85 2
86 1
86 1
87 0
88 0
88 0
89 0
89 0
89 1
89 1
89 2
89 3
89 3
89 4
89 5
89 5
89 6
88 7
88 8
88 8
88 9
87 10
87 11
87 11
87 12
86 13
86 14
86 14
86 15
85 16
85 17
85 17
84 18
83 19
83 19
83 20
82 21
82 22
82 22
82 23
82 23
82 24
82 24
82 25
82 25
83 24
83 24
83 23
83 23
84 22
85 22
85 22
86 21
87 20
87 20
88 19
89 19
89 19
90 19
90 19
91 19
91 19
92 20
92 20
92 21
92 21
92 22
92 23
92 24
92 24
92 25
92 26
92 26
92 27
92 28
92 29
92 30
92 30
92 31
92 32
92 33
92 34
92 34
92 35
92 36
92 37
92 38
92 39
92 40
92 40
92 41
92 42
92 43
92 44
92 45
92 46
92 46
92 47
92 48
92 49
92 50
92 51
92 52
92 52
92 53
92 54
92 55
92 56
92 57
92 58
92 58
92 59
92 60
92 61
92 62
92 63
92 63
92 64
92 65
92 66
92 67
92 68
92 68
92 69
92 70
92 71
92 72
92 73
92 73
92 74
93 75
93 76
93 77
93 77
93 78
93 79
93 80
93 81
93 82
93 82
93 83
93 84
94 85
94 86
94 87
94 87
94 88
94 89
94 90
94 91
94 91
94 92
94 93
94 94
94 94
94 95
95 96
95 97
95 97
95 98
95 99
95 99
95 100
95 100
95 100
95 100
95 99
95 99
95 98
95 98
95 97
94 96
94 95
94 95
94 94
94 93
94 92
94 91
94 91
94 90
94 89
93 88
93 87
93 86
93 85
92 84
92 83
92 82
92 81
92 80
91 79
91 78
91 77
91 76
90 75
90 74
90 73
90 72
89 71
89 70
89 69
89 68
89 67
88 66
88 65
88 64
88 63
87 62
87 61
87 60
87 59
87 58
86 57
86 56
86 55
86 54
85 53
85 52
85 51
85 50
84 49
84 48
84 47
84 46
84 45
83 44
83 43
83 42
83 41
82 40
82 39
82 38
82 38
82 38
81 37
81 37
80 36
80 36
80 36
80 36
80 35
80 35
81 34
81 34
82 33
83 32
83 32
84 31
84 31
85 30
86 30
86 30
87 30
87 30
88 29
89 29
89 29
89 30
89 30
90 31
90 31
90 32
90 32
90 33
90 34
90 35
90 35
90 36
89 37
89 38
89 38
89 39
89 40
89 41
89 42
89 42
89 43
88 44
88 45
88 46
88 46
88 47
87 48
87 49
87 50
87 50
87 51
86 52
86 53
86 53
85 54
85 55
85 55
84 56
84 57
84 57
84 58
84 58
85 58
85 58
86 58
86 58
87 57
87 57
88 56
88 55
88 55
89 54
90 54
90 54
91 53
91 52
91 52
92 51
93 51
93 51
94 51
94 51
94 51
94 52
94 52
94 53
94 54
94 54
94 55
94 56
94 56
94 57
93 58
93 59
93 60
93 60
92 61
92 62
91 63
91 63
91 64
90 65
90 66
90 67
90 67
90 68
89 69
89 70
89 70
89 71
88 72
88 73
88 74
88 74
87 75
86 76
86 76
86 77
86 78
86 79
86 79
85 80
85 80
85 81
85 81
86 80
86 80
87 79
87 79
88 78
89 77
89 77
90 76
90 75
91 74
91 74
92 73
93 73
94 72
94 72
95 71
96 70
97 69
97 69
98 68
99 68
100 67
