0 63
0 64
0 65
0 65
0 64
0 64
0 63
0 63
0 62
0 62
1 62
1 62
2 62
2 62
3 61
3 61
4 60
4 60
5 59
6 58
6 58
7 57
8 56
9 55
9 55
10 54
11 53
12 52
12 52
13 51
14 50
15 49
15 49
16 48
17 47
17 46
18 45
18 45
19 44
20 43
21 42
22 41
22 41
23 40
24 39
24 38
25 37
25 37
26 36
27 35
28 34
28 34
29 33
29 32
30 31
30 31
31 30
32 29
32 29
33 28
34 27
34 27
35 26
36 26
36 26
37 25
37 24
37 24
37 23
37 22
37 22
37 21
37 21
37 20
37 19
37 19
37 18
37 17
37 17
37 16
36 15
36 14
36 14
35 13
35 12
35 12
35 11
34 10
34 9
34 9
33 8
32 7
32 7
32 6
31 5
31 4
31 4
30 3
30 2
30 2
29 1
29 0
29 0
29 0
29 1
29 2
29 2
29 3
28 4
28 5
28 5
28 6
28 7
27 8
27 9
27 10
27 11
27 11
27 12
27 13
26 14
26 15
26 16
26 17
25 18
25 19
25 20
25 20
25 21
25 22
24 23
24 24
24 25
24 26
24 27
23 28
23 29
23 30
23 30
23 31
23 32
22 33
22 34
22 35
22 36
22 37
22 38
21 39
21 40
21 41
21 41
21 42
21 43
21 44
21 45
20 46
20 47
20 48
20 49
20 50
20 51
20 51
20 52
20 53
19 54
19 55
19 56
19 57
18 58
18 59
18 60
18 60
18 61
18 62
18 63
17 64
17 65
17 66
17 67
17 68
17 68
17 69
17 70
17 71
17 72
17 73
17 74
17 75
17 75
17 76
17 77
17 78
17 79
17 80
17 81
17 81
17 82
17 83
17 84
17 85
17 85
17 86
17 87
17 88
17 88
17 89
17 90
17 91
17 91
17 92
17 92
17 91
17 91
18 90
18 90
18 89
18 88
18 87
18 86
18 85
18 84
18 84
18 83
18 82
18 81
19 80
19 79
19 78
19 77
19 76
19 76
19 75
19 74
19 73
19 72
20 71
20 70
20 69
20 68
20 67
20 66
20 66
20 65
20 64
20 63
20 62
21 61
21 60
21 59
21 58
21 57
21 56
21 56
21 55
21 54
21 53
22 52
22 51
22 50
22 49
22 49
22 48
23 47
23 46
23 46
24 45
24 45
25 45
25 45
26 46
27 47
27 47
27 48
28 49
28 50
28 50
28 51
28 52
29 53
29 54
29 55
29 55
29 56
30 57
30 58
30 59
31 60
31 61
31 61
31 62
31 63
32 64
32 65
32 66
32 67
32 67
32 68
33 69
33 70
33 71
34 72
34 73
34 73
34 74
35 75
35 76
35 77
35 78
36 79
36 80
36 80
37 81
37 82
38 83
38 84
38 84
39 85
39 86
40 87
40 88
40 88
41 89
41 90
42 91
42 92
42 92
43 93
44 94
44 94
44 93
44 92
44 91
44 90
44 89
44 88
44 87
45 86
45 85
45 84
45 83
45 82
45 81
45 80
45 79
45 78
45 77
45 76
45 75
45 74
45 73
46 72
46 71
46 70
46 69
46 68
46 67
46 66
46 65
46 64
46 63
46 62
46 61
46 60
46 59
46 58
47 57
47 56
47 55
47 54
47 53
47 52
47 51
47 50
47 50
47 51
46 52
46 53
46 54
46 54
45 53
45 53
46 53
46 53
47 52
47 52
48 51
49 50
49 50
50 49
51 48
52 47
52 47
53 46
54 45
54 44
55 43
55 43
56 42
57 41
57 40
58 39
58 39
59 38
60 37
61 36
62 35
62 35
63 34
63 33
64 32
64 31
64 31
65 30
66 29
66 28
67 27
67 27
68 26
68 25
69 24
69 23
69 23
70 22
70 21
71 20
71 19
71 19
71 18
72 17
72 16
72 16
72 15
72 14
72 13
72 13
71 12
71 11
71 11
70 10
70 10
69 11
69 11
68 12
68 13
67 14
67 14
67 15
66 16
66 17
65 18
65 19
65 19
65 20
64 21
64 22
64 23
64 24
63 25
63 26
63 27
63 27
63 28
62 29
62 30
62 31
62 32
61 33
61 34
61 35
61 35
61 36
61 37
60 38
60 39
60 40
60 41
60 42
59 43
59 44
59 45
59 45
59 46
58 47
58 48
58 49
58 50
57 51
57 52
57 52
57 53
57 54
56 55
56 56
56 57
56 58
56 58
56 59
56 60
55 61
55 62
55 63
55 63
55 64
55 65
55 66
55 66
55 67
55 67
55 67
56 66
56 66
57 65
57 64
57 64
58 63
58 62
59 61
59 60
60 59
60 59
60 58
61 57
61 56
61 55
62 54
62 53
62 53
63 52
63 51
64 50
64 49
65 48
65 48
65 47
66 46
66 45
66 45
67 44
67 44
67 44
67 45
67 45
67 46
67 47
67 48
67 49
67 49
67 50
67 51
66 52
66 53
66 54
66 54
66 55
66 56
66 57
65 58
65 59
65 60
65 61
65 61
65 62
64 63
64 64
63 65
63 66
63 66
63 67
62 68
62 69
62 70
62 70
61 71
61 72
61 72
61 73
61 73
62 73
62 73
62 72
62 72
63 71
63 70
63 70
64 69
64 68
65 67
65 66
65 66
65 65
66 64
66 63
66 62
66 62
67 61
68 60
68 60
69 60
69 60
69 61
69 61
69 62
69 63
69 63
69 64
69 64
69 65
69 66
69 66
69 67
69 67
69 67
70 66
70 66
70 66
70 65
71 64
71 63
71 63
71 62
72 61
72 60
72 59
72 59
72 58
73 57
73 56
73 55
73 54
74 53
74 52
74 52
74 51
74 50
75 49
75 48
75 47
75 47
75 46
76 45
76 44
77 43
77 42
77 42
77 41
77 40
78 39
78 38
78 37
78 37
78 36
79 35
79 34
79 33
79 33
79 32
80 31
80 30
80 29
80 29
80 28
81 27
81 26
81 26
81 25
81 24
81 24
81 23
81 22
81 22
81 22
81 22
81 22
80 22
80 22
80 23
80 24
80 25
80 25
80 26
80 27
79 28
79 29
79 30
79 30
79 31
78 32
78 33
78 34
78 35
77 36
77 37
77 37
77 38
77 39
77 40
76 41
76 42
76 43
76 44
76 44
76 45
75 46
75 47
75 48
75 49
74 50
74 51
74 51
74 52
74 53
73 54
73 55
73 56
73 56
73 57
72 58
72 59
72 59
72 60
72 61
72 62
72 62
72 62
72 61
72 61
73 60
73 60
73 59
73 58
74 57
74 56
74 55
74 55
75 54
75 53
76 52
76 52
77 51
77 50
77 50
78 50
78 50
78 51
78 52
78 52
78 53
78 54
78 55
78 55
78 56
78 57
79 58
79 59
79 60
79 61
79 61
79 62
79 63
79 64
79 65
79 66
79 67
79 67
79 68
79 69
79 70
79 71
79 72
79 73
79 73
79 74
79 75
79 76
79 77
79 78
79 79
79 80
79 80
79 81
79 82
79 83
79 84
79 85
79 85
79 86
79 87
79 88
79 89
79 90
79 90
79 91
79 92
79 93
79 94
79 94
79 95
79 96
79 97
79 97
79 98
79 98
79 97
79 96
79 95
79 94
79 93
79 92
79 91
79 90
80 89
80 88
80 87
80 86
80 85
80 84
80 83
80 82
80 81
80 80
80 79
80 78
80 77
80 76
80 75
80 74
80 73
80 72
81 71
81 70
81 69
81 68
81 67
81 66
81 65
81 64
81 63
81 62
81 61
81 60
81 59
81 58
81 57
81 56
81 55
82 54
82 53
82 52
82 51
82 50
82 49
82 48
82 47
82 46
82 45
82 44
82 43
82 42
82 41
82 40
82 39
82 38
82 37
83 36
83 35
83 34
83 33
83 32
83 31
83 30
83 29
83 28
83 27
83 26
83 25
83 24
83 23
83 22
83 21
83 20
83 19
84 18
84 17
84 16
84 15
84 14
84 13
84 12
84 11
84 10
84 10
83 11
83 11
83 10
83 10
84 11
84 11
84 12
84 13
84 13
84 14
85 15
85 16
85 17
85 17
85 18
85 19
85 20
85 21
85 22
85 23
85 23
85 24
85 25
85 26
85 27
85 28
85 29
85 29
85 30
85 31
85 32
85 33
85 34
85 35
85 36
85 37
85 37
85 38
85 39
85 40
85 41
86 42
86 43
86 44
86 45
86 46
86 46
86 47
86 48
86 49
87 50
87 51
87 52
87 53
87 54
87 54
87 55
87 56
87 57
87 58
88 59
88 60
88 61
88 62
88 63
88 63
88 64
88 65
88 66
88 67
88 68
88 69
88 70
88 71
88 71
88 72
88 73
88 74
89 75
89 76
89 77
89 78
89 79
89 79
89 80
89 81
90 82
90 83
90 84
90 85
90 85
90 86
90 87
90 88
90 89
90 90
90 91
90 91
90 92
90 93
90 94
90 95
90 96
90 96
90 97
90 98
90 99
90 99
90 100
90 100
90 100
90 99
90 98
89 97
89 96
89 95
89 94
89 93
88 92
88 91
88 90
88 89
88 88
87 87
87 86
87 85
87 84
87 83
87 82
86 81
86 80
86 79
86 78
86 77
85 76
85 75
85 74
85 73
85 72
84 71
84 70
84 69
84 68
84 67
83 66
83 65
83 64
83 63
83 62
82 61
82 60
82 59
82 58
82 57
82 56
81 55
81 54
81 53
81 52
81 51
80 50
80 49
80 48
80 47
80 46
79 45
79 44
79 43
79 43
78 42
78 42
78 42
78 42
78 42
79 42
79 42
80 43
81 43
81 43
82 43
83 43
83 43
84 43
85 43
85 43
86 43
87 43
87 43
88 43
88 43
89 43
90 43
90 43
91 44
91 45
91 45
92 46
92 46
92 47
92 48
92 49
92 49
92 50
92 51
92 52
92 52
92 53
91 54
91 55
91 56
91 56
91 57
90 58
90 59
90 60
90 60
89 61
89 62
88 63
88 63
88 64
87 65
87 66
87 66
87 67
87 68
87 68
87 68
87 68
87 68
87 68
88 67
88 66
88 66
89 65
90 64
90 64
91 63
91 62
92 61
92 61
93 60
93 59
93 59
94 58
94 58
94 58
95 59
95 59
94 60
94 60
94 61
94 62
94 63
94 63
94 64
94 65
93 66
93 67
93 68
93 68
93 69
93 70
92 71
92 72
92 73
92 73
92 74
91 75
91 76
90 77
90 78
90 78
90 79
90 80
89 81
89 82
89 83
89 83
89 84
89 85
89 86
89 86
89 87
89 88
89 88
89 89
89 89
89 90
89 90
90 90
90 90
91 89
92 89
92 89
93 88
93 87
94 86
94 86
95 85
96 84
97 83
97 83
98 82
99 81
100 80
