2 72
1 73
1 74
0 75
0 75
0 75
0 75
0 74
0 74
1 73
1 72
2 71
2 70
2 70
3 69
3 68
4 67
5 66
5 65
6 64
6 64
7 63
7 62
8 61
9 60
9 59
10 58
10 57
11 56
11 56
12 55
12 54
13 53
14 52
14 51
15 50
15 49
16 48
16 48
17 47
17 46
18 45
19 44
19 43
20 42
20 41
21 40
21 40
22 39
22 38
23 37
23 36
24 35
24 35
25 34
25 33
26 32
26 31
27 30
27 29
27 29
28 28
28 27
29 26
29 25
29 25
29 24
30 23
30 22
30 21
30 21
31 20
31 19
32 18
32 17
32 17
32 16
32 15
32 14
32 14
32 13
33 12
33 11
33 11
33 10
32 9
32 8
32 7
31 6
31 5
31 5
30 6
29 6
28 7
28 7
27 8
26 8
26 8
25 9
25 10
25 10
24 11
23 12
23 12
23 13
22 14
22 15
22 15
22 16
22 17
21 18
21 19
21 20
21 20
21 21
21 22
21 23
21 24
21 25
21 26
21 27
21 27
21 28
21 29
20 30
20 31
20 32
20 33
19 34
19 35
19 36
19 36
19 37
19 38
19 39
19 40
18 41
18 42
18 43
18 44
18 45
18 46
18 46
18 47
18 48
18 49
18 50
17 51
17 52
17 53
17 54
17 55
17 56
17 56
17 57
17 58
17 59
17 60
17 61
16 62
16 63
16 64
16 65
16 66
16 67
16 67
16 68
16 69
15 70
15 71
15 72
15 73
15 74
15 75
14 76
14 77
14 78
14 78
14 79
14 80
14 81
14 82
13 83
13 84
13 85
13 86
13 87
13 88
13 88
13 89
13 90
13 91
12 92
12 93
12 94
12 95
12 95
12 96
12 97
12 98
12 99
12 99
12 100
12 100
12 99
12 98
12 97
13 96
13 95
13 94
13 93
13 92
13 91
13 90
14 89
14 88
14 87
14 86
14 85
14 84
14 83
15 82
15 81
15 80
15 79
15 78
15 77
15 76
16 75
16 74
16 73
16 72
16 72
16 71
16 70
17 69
17 68
17 67
17 66
17 65
17 64
18 63
18 62
18 61
18 61
19 60
19 60
20 59
20 59
21 60
22 60
22 60
23 61
24 62
24 62
24 63
25 64
25 65
25 66
25 66
25 67
26 68
26 69
27 70
27 71
27 71
28 72
28 73
29 74
29 75
29 75
29 76
30 77
30 78
30 79
30 79
31 80
31 81
32 82
32 82
33 83
34 83
34 83
35 84
35 84
36 83
36 82
36 82
36 81
36 80
36 79
36 78
36 77
37 76
37 75
37 74
37 73
37 72
37 71
37 70
37 70
37 69
38 68
38 67
39 66
39 65
39 65
39 64
40 63
40 62
40 62
41 61
42 60
43 59
43 59
44 58
45 57
45 56
46 55
46 55
47 54
48 53
48 52
49 51
49 51
50 50
51 49
51 48
52 47
53 46
53 46
54 45
55 44
56 43
57 42
57 42
58 41
58 40
59 39
59 38
59 38
60 37
61 36
62 35
62 35
63 34
63 33
64 32
64 32
64 31
65 30
65 29
65 29
65 28
65 27
66 26
66 25
66 24
66 23
66 22
66 21
67 20
67 19
67 18
67 17
67 16
67 15
68 14
68 13
68 12
68 12
67 13
66 13
66 13
65 14
65 15
65 15
65 16
64 17
64 18
63 19
63 20
63 20
63 21
63 22
63 23
62 24
62 25
62 26
62 27
62 27
62 28
61 29
61 30
61 31
61 32
60 33
60 34
60 35
60 35
60 36
60 37
60 38
59 39
59 40
59 41
59 42
59 42
59 43
58 44
58 45
58 46
58 47
57 48
57 49
57 50
57 50
57 51
57 52
57 53
56 54
56 55
56 56
56 57
56 58
56 58
56 59
56 60
56 61
56 62
56 63
56 63
56 64
56 65
56 66
56 66
56 67
56 68
56 68
57 68
57 68
57 67
57 66
57 66
57 65
58 64
58 63
58 62
58 62
58 61
59 60
59 59
60 58
60 57
60 57
60 56
61 55
61 54
61 53
61 53
62 52
63 51
63 51
63 52
63 52
64 53
64 54
64 54
64 55
64 56
64 57
64 58
64 58
64 59
63 60
63 61
63 62
63 62
63 63
63 64
63 65
63 65
63 66
63 67
63 68
63 68
63 69
63 69
64 69
64 69
64 68
64 67
64 67
64 66
65 65
65 64
65 64
66 63
66 62
66 62
67 61
67 60
68 59
68 59
69 58
69 58
69 59
69 59
69 60
69 60
69 61
69 62
69 62
69 61
70 60
70 59
70 58
70 57
71 56
71 55
71 54
71 53
72 52
72 51
72 50
73 49
73 48
73 47
73 46
74 45
74 44
74 43
74 42
75 41
75 40
75 39
76 38
76 37
76 36
76 35
77 34
77 33
77 32
77 31
78 30
78 29
78 29
78 28
78 27
79 26
79 25
79 24
79 24
79 24
78 24
78 24
77 25
77 26
77 26
76 27
76 28
76 28
75 29
75 30
74 31
74 32
74 32
73 33
73 34
72 35
72 35
72 36
71 37
71 38
71 39
71 39
70 40
70 41
70 41
70 42
70 42
70 43
70 43
71 44
71 44
71 45
72 46
72 47
72 47
72 48
73 49
73 50
73 51
73 51
73 52
73 53
73 54
74 55
74 56
74 57
74 58
74 58
74 59
74 60
74 61
75 62
75 63
75 64
75 65
75 66
75 66
75 67
75 68
75 69
75 70
76 71
76 72
76 73
76 74
76 75
76 75
76 76
76 77
76 78
76 79
76 80
76 81
76 81
76 82
76 83
76 84
76 85
76 85
77 86
77 87
77 87
77 87
77 86
78 85
78 84
78 83
78 83
78 82
78 81
78 80
78 79
78 78
78 78
78 77
78 76
78 75
78 74
78 73
78 72
79 71
79 70
79 69
79 68
79 67
79 66
79 65
79 64
79 63
79 62
79 61
79 60
80 59
80 58
80 57
80 56
80 55
80 54
80 53
80 52
80 51
80 50
80 49
80 48
80 47
81 46
81 45
81 44
81 43
81 42
81 41
81 40
81 39
81 38
81 37
81 36
81 35
81 34
82 33
82 32
82 31
82 30
82 29
82 28
82 27
82 26
82 25
82 24
82 23
82 22
83 21
83 20
83 19
83 18
83 17
83 16
83 15
83 14
83 13
83 12
83 11
83 10
83 9
84 8
84 7
84 6
84 5
84 4
84 3
84 2
84 2
85 1
85 0
85 0
85 1
85 2
85 2
85 3
85 4
85 4
85 5
85 6
85 7
85 8
85 8
85 9
85 10
85 11
85 12
85 13
85 13
85 14
85 15
85 16
85 17
85 18
85 19
85 20
85 20
85 21
85 22
85 23
85 24
85 25
85 26
85 27
85 28
85 29
85 29
85 30
85 31
85 32
85 33
85 34
85 35
85 36
85 37
85 38
85 39
85 40
85 40
85 41
85 42
85 43
85 44
85 45
86 46
86 47
86 48
86 49
86 50
86 51
86 51
86 52
86 53
86 54
86 55
86 56
87 57
87 58
87 59
87 60
87 61
87 62
87 63
87 63
87 64
87 65
87 66
87 67
88 68
88 69
88 70
88 71
88 72
88 72
88 73
88 74
88 75
89 76
89 77
89 78
89 79
89 79
89 80
89 81
89 82
89 83
89 84
89 85
89 85
90 86
90 87
90 87
90 88
90 88
90 88
90 87
90 87
90 86
90 85
89 84
89 83
89 82
89 81
88 80
88 79
88 78
88 77
87 76
87 75
87 74
87 74
87 73
86 72
86 71
86 70
85 69
85 68
84 67
84 66
84 65
83 64
83 63
83 63
83 62
82 61
82 60
81 59
81 58
81 58
80 57
80 56
80 56
79 55
79 54
79 54
79 53
79 52
79 52
79 51
79 51
79 50
79 50
80 49
80 48
80 48
81 47
82 46
82 46
83 45
84 44
84 44
85 43
86 43
87 42
87 42
88 41
88 41
89 41
90 41
90 41
91 42
92 42
92 42
92 43
92 43
92 44
92 45
92 45
92 46
91 47
91 48
91 48
91 49
90 50
90 51
90 52
90 52
89 53
89 54
88 55
88 56
88 56
88 57
87 58
87 59
87 60
87 60
86 61
86 62
85 63
85 63
85 64
85 65
85 65
84 66
84 66
84 66
85 66
86 66
86 66
87 65
87 64
87 64
88 63
89 63
89 63
90 62
91 61
91 61
92 61
93 61
93 61
94 61
95 61
95 61
95 62
95 62
95 63
95 64
95 65
95 65
95 66
95 67
94 68
94 69
94 70
94 70
93 71
93 72
92 73
92 74
91 75
91 76
91 76
91 77
90 78
90 79
90 80
89 81
89 82
89 82
89 83
88 84
88 85
88 85
88 86
88 87
88 88
88 88
89 87
89 87
90 86
91 85
91 84
92 83
92 83
93 82
94 81
94 80
95 79
96 78
96 78
97 77
97 76
98 75
99 74
99 73
100 72
