0 67
1 67
1 67
1 66
1 66
0 66
0 66
1 65
1 65
2 64
3 63
3 63
4 62
5 62
5 62
6 61
6 60
7 59
7 59
8 58
8 57
9 56
9 56
10 55
11 54
11 53
12 52
12 52
13 51
14 50
14 49
15 48
16 47
16 47
17 46
17 45
18 44
18 43
19 42
19 42
20 41
20 40
21 39
22 38
22 37
23 36
23 36
24 35
24 34
25 33
25 32
26 31
26 30
26 30
27 29
27 28
28 27
28 26
29 25
29 24
29 24
30 23
30 22
31 21
31 20
32 19
32 19
32 18
33 17
33 16
33 15
33 15
34 14
35 13
35 13
35 12
35 11
35 11
35 10
35 9
35 9
35 8
35 8
34 7
34 6
34 6
33 5
33 5
32 4
32 4
31 4
30 4
30 4
29 3
29 3
28 3
28 3
27 3
27 3
27 4
27 4
26 4
26 4
25 5
25 6
25 6
24 7
24 8
24 8
24 9
23 10
23 11
23 12
23 12
23 13
23 14
22 15
22 16
22 17
22 18
22 18
22 19
22 20
22 21
21 22
21 23
21 24
21 25
21 25
21 26
20 27
20 28
20 29
20 30
19 31
19 32
19 33
19 33
19 34
19 35
19 36
19 37
18 38
18 39
18 40
18 41
18 42
18 42
18 43
18 44
18 45
18 46
18 47
17 48
17 49
17 50
17 51
17 52
17 53
17 53
17 54
17 55
17 56
17 57
17 58
16 59
16 60
16 61
16 62
16 63
16 64
16 64
16 65
16 66
16 67
15 68
15 69
15 70
15 71
15 72
15 72
15 73
15 74
14 75
14 76
14 77
14 78
14 78
14 79
15 80
15 81
15 82
15 82
15 83
15 84
15 84
14 85
14 85
14 85
14 85
14 84
14 84
14 83
14 82
14 81
14 81
14 80
14 79
15 78
15 77
15 76
15 76
15 75
15 74
16 73
16 72
16 71
16 70
16 70
16 69
16 68
16 67
17 66
17 65
17 64
17 63
17 63
17 62
17 61
18 60
18 59
18 58
18 57
18 57
18 56
18 55
19 54
19 53
19 52
19 52
20 51
20 50
20 50
21 49
21 49
21 49
22 49
22 49
23 50
23 51
23 51
23 52
24 53
24 54
24 55
24 55
25 56
25 57
26 58
26 59
26 59
26 60
27 61
27 62
27 63
27 63
27 64
28 65
28 66
29 67
29 68
29 68
29 69
30 70
30 71
30 72
30 72
30 73
31 74
31 75
32 76
32 77
32 77
33 78
33 79
34 80
34 81
34 81
35 82
35 83
36 84
36 85
36 85
36 86
37 87
37 88
38 89
38 90
38 90
38 91
39 92
39 93
39 94
39 94
39 93
39 92
39 91
39 90
40 89
40 88
40 87
40 86
40 85
40 84
40 83
40 82
40 81
41 80
41 79
41 78
41 77
41 76
41 75
41 74
41 73
41 72
42 71
42 70
42 69
42 68
42 67
42 66
42 65
42 64
42 63
42 62
43 61
43 60
43 59
43 58
43 57
43 56
43 55
43 54
43 53
44 52
44 51
44 50
44 49
44 48
44 48
44 49
43 50
43 51
43 52
43 52
42 52
42 52
42 51
42 51
42 50
42 50
43 49
43 49
44 48
44 47
45 46
45 46
46 45
47 44
48 43
48 43
49 42
50 41
50 40
51 39
51 39
52 38
53 37
53 36
54 35
54 35
55 34
56 33
56 32
57 31
57 31
58 30
59 29
59 28
60 27
60 27
61 26
61 25
62 24
62 23
62 23
62 22
63 21
63 20
64 19
64 18
64 18
65 17
65 16
66 15
66 15
66 14
67 13
67 12
67 12
68 11
68 10
68 10
68 9
68 9
68 9
67 9
67 9
66 9
66 9
65 10
65 11
65 11
65 12
64 13
64 14
64 14
63 15
63 16
62 17
62 18
62 18
62 19
62 20
61 21
61 22
61 23
61 23
61 24
60 25
60 26
60 27
60 28
59 29
59 30
59 30
59 31
59 32
58 33
58 34
58 35
58 36
58 36
58 37
58 38
57 39
57 40
57 41
57 42
57 42
56 43
56 44
55 45
55 46
55 46
55 47
55 48
55 49
55 49
55 50
55 50
55 51
55 51
55 50
55 50
55 50
56 49
56 49
57 48
57 48
58 47
59 46
59 46
59 45
60 44
60 43
60 43
61 42
61 41
62 40
62 40
63 39
63 38
63 38
64 38
64 38
64 38
64 39
64 39
63 40
63 41
63 41
63 42
63 43
63 44
63 44
63 45
63 46
62 47
62 48
62 49
62 49
62 50
62 51
61 52
61 53
61 54
61 54
61 55
60 56
60 57
60 58
60 58
60 59
60 60
60 61
60 61
59 62
59 62
59 62
59 62
60 62
60 62
60 62
61 61
61 61
62 60
62 59
62 59
63 58
63 57
64 56
64 55
64 55
64 54
65 53
65 52
65 52
66 51
66 50
67 49
67 49
68 48
68 47
68 47
69 46
69 46
69 45
70 44
70 43
71 42
71 41
71 40
72 39
72 38
73 37
73 36
73 35
74 34
74 33
75 32
75 31
75 30
76 29
76 28
77 27
77 26
77 25
78 24
78 23
79 22
79 21
79 20
80 19
80 18
81 17
81 16
81 16
81 16
80 16
80 16
80 17
80 17
80 18
79 19
79 20
79 20
79 21
79 22
78 23
78 24
78 25
78 25
78 26
77 27
77 28
77 29
76 30
76 31
76 31
76 32
76 33
75 34
75 35
75 36
75 37
75 37
75 38
74 39
74 40
74 41
73 42
73 43
73 43
73 44
73 45
72 46
72 47
72 48
72 48
72 49
71 50
71 51
71 51
71 52
70 53
70 54
70 54
70 55
70 55
70 55
70 54
70 54
70 53
70 53
70 52
71 51
71 50
71 50
72 49
72 49
73 50
73 50
74 51
74 52
74 52
74 53
74 54
75 55
75 56
75 57
75 57
75 58
75 59
75 60
75 61
75 62
75 63
75 63
75 64
75 65
75 66
75 67
75 68
75 69
75 70
75 70
75 71
75 72
75 73
76 74
76 75
76 76
76 77
76 77
76 78
76 79
76 80
76 81
76 82
76 83
76 84
76 84
76 85
76 86
76 87
76 88
76 89
76 90
76 90
76 91
76 92
76 93
76 94
76 95
76 95
76 96
77 97
77 98
77 98
77 99
77 100
77 100
77 100
77 99
77 98
77 97
77 96
77 95
77 94
77 93
77 92
77 91
77 90
77 89
78 88
78 87
78 86
78 85
78 84
78 83
78 82
78 81
78 80
78 79
78 78
78 77
78 76
78 75
78 74
78 73
78 72
78 71
78 70
78 69
78 68
78 67
78 66
78 65
79 64
79 63
79 62
79 61
79 60
79 59
79 58
79 57
79 56
79 55
79 54
79 53
79 52
79 51
79 50
79 49
79 48
79 47
79 46
79 45
79 44
79 43
79 42
79 41
80 40
80 39
80 38
80 37
80 36
80 35
80 34
80 33
80 32
80 31
80 30
80 29
80 28
80 27
80 26
80 25
80 24
80 23
80 22
80 21
80 20
80 19
80 18
80 17
81 16
81 15
81 14
81 13
81 12
81 11
81 10
81 9
81 8
81 7
81 6
81 5
81 5
81 4
80 3
80 2
80 1
80 1
80 0
80 0
80 0
80 1
80 1
80 2
81 3
81 4
81 4
81 5
82 6
82 7
82 8
82 8
82 9
82 10
83 11
83 12
83 13
83 14
83 14
83 15
83 16
83 17
84 18
84 19
84 20
84 21
84 22
84 22
84 23
84 24
84 25
84 26
84 27
84 28
84 29
84 30
84 30
84 31
84 32
84 33
84 34
85 35
85 36
85 37
85 38
85 39
85 39
85 40
85 41
85 42
85 43
85 44
85 45
85 46
85 47
85 48
85 48
85 49
85 50
85 51
85 52
86 53
86 54
86 55
86 56
86 57
86 58
86 58
86 59
86 60
86 61
86 62
87 63
87 64
87 65
87 66
87 67
87 67
87 68
87 69
87 70
87 71
88 72
88 73
88 74
88 75
88 76
88 76
88 77
88 78
88 79
88 80
88 81
88 82
88 83
88 84
88 84
88 85
88 86
89 87
89 88
89 89
89 90
89 90
89 91
89 92
90 93
90 94
90 95
90 95
90 96
90 97
90 98
90 98
90 99
90 99
90 99
90 99
90 99
90 98
90 98
90 97
89 96
89 95
89 94
89 94
89 93
88 92
88 91
88 90
87 89
87 88
87 88
87 87
87 86
87 85
86 84
86 83
86 82
86 81
86 81
86 80
86 79
85 78
85 77
85 76
85 75
85 74
84 73
84 72
84 71
84 70
83 69
83 68
83 67
83 66
83 65
82 64
82 63
82 62
82 62
82 61
81 60
81 59
81 58
80 57
80 56
79 55
79 54
79 53
78 52
78 51
78 51
78 50
78 49
77 48
77 47
77 46
77 46
76 45
76 44
76 44
75 43
75 42
75 42
75 42
75 42
75 42
76 42
76 42
77 43
77 43
78 43
79 43
79 43
80 43
81 43
81 43
82 43
83 43
84 43
84 43
85 42
86 42
86 42
87 41
88 40
88 40
89 39
90 39
90 39
91 39
91 39
92 39
92 39
92 40
92 40
92 41
92 41
91 42
91 43
91 43
91 44
91 45
90 46
90 47
90 48
90 48
90 49
90 50
89 51
89 52
89 53
89 53
89 54
88 55
88 56
88 57
87 58
87 59
87 59
87 60
86 61
86 62
86 63
86 63
86 64
86 65
86 65
85 66
85 67
85 67
85 67
85 67
86 67
86 67
86 66
86 66
87 65
88 64
88 64
88 63
89 62
89 61
89 61
90 60
90 59
91 58
91 58
92 57
92 56
92 56
93 55
93 55
93 56
93 56
93 57
93 57
93 58
93 59
93 60
93 60
93 61
92 62
92 63
92 64
92 64
92 65
91 66
91 67
91 68
91 68
91 69
90 70
90 71
89 72
89 73
89 73
89 74
88 75
88 76
88 77
88 77
88 78
87 79
87 80
87 80
87 81
87 82
87 83
87 83
87 84
87 85
87 86
87 86
87 87
87 87
87 87
87 87
88 86
88 86
89 85
89 85
90 84
90 83
90 83
91 82
92 82
92 82
93 81
93 81
94 80
94 80
95 79
96 79
96 79
97 78
98 77
98 77
99 76
99 75
