3 70
2 71
2 72
1 73
1 73
0 73
0 73
0 73
0 72
0 72
1 71
2 71
2 71
3 70
4 69
4 69
5 68
6 67
6 66
7 65
7 65
8 64
9 63
9 62
10 61
11 60
11 60
12 59
13 58
14 57
15 56
15 56
16 55
17 54
18 53
19 52
19 52
20 51
21 50
21 49
22 48
22 48
23 47
24 46
24 45
25 44
26 43
26 43
27 42
28 41
29 40
29 40
30 39
30 38
31 37
31 36
31 36
32 35
33 34
33 34
32 33
31 33
30 32
29 32
28 31
27 30
26 30
25 29
24 28
23 28
22 27
21 27
20 26
20 26
20 27
21 28
21 29
21 29
21 30
21 30
21 31
21 32
21 33
21 34
21 34
21 35
21 36
21 37
21 38
21 39
21 39
21 40
21 41
20 42
20 43
20 44
20 45
20 45
20 46
20 47
19 48
19 49
19 50
19 51
19 51
19 52
19 53
19 54
18 55
18 56
18 57
18 58
18 58
18 59
17 60
17 61
17 62
17 63
16 64
16 65
16 66
16 66
16 67
16 68
16 69
15 70
15 71
15 72
15 73
15 73
15 74
14 75
14 76
14 77
14 78
13 79
13 80
13 80
13 81
12 82
12 83
12 84
11 85
11 86
11 86
11 87
11 88
10 89
10 90
10 91
10 92
10 92
9 93
9 94
8 95
8 96
8 96
8 97
7 98
7 99
7 99
6 100
6 100
5 100
5 100
5 99
5 98
5 97
5 97
5 96
6 95
6 94
6 93
7 92
7 91
7 90
7 89
8 88
8 87
8 86
9 85
9 84
9 83
10 82
10 81
10 80
10 79
11 78
11 77
11 76
12 75
12 74
12 74
13 73
14 73
15 72
16 72
17 71
17 71
18 71
19 71
19 71
20 72
21 72
21 72
22 73
23 74
23 74
24 75
24 76
25 77
25 77
26 78
26 79
27 80
27 80
28 81
28 82
29 83
29 83
29 84
30 85
30 86
30 86
31 87
31 88
31 88
32 89
33 89
33 89
34 89
34 89
34 88
35 87
35 86
35 85
35 84
36 83
36 82
36 81
37 80
37 79
37 78
37 77
38 76
38 75
38 74
39 73
39 72
39 71
40 70
40 69
40 68
40 67
41 66
41 65
41 64
42 63
42 62
42 61
42 60
43 59
43 58
43 58
44 57
45 56
45 56
46 55
46 54
46 54
47 53
48 52
48 52
49 51
50 50
51 49
51 49
52 48
53 47
54 46
54 46
55 45
56 44
57 43
57 43
58 42
59 41
60 40
60 40
61 39
62 38
63 37
63 37
64 36
65 35
66 35
67 34
67 34
68 33
69 32
69 32
70 31
71 30
71 30
72 29
73 29
73 29
72 28
71 28
70 27
69 27
68 26
67 26
66 25
65 25
64 24
63 24
63 24
62 25
62 26
62 26
61 27
61 27
61 28
61 29
61 29
60 30
60 31
60 31
60 32
60 33
60 33
60 34
60 35
59 36
59 37
59 38
59 38
59 39
59 40
58 41
58 42
58 43
58 43
58 44
58 45
58 46
57 47
57 48
57 49
57 50
57 50
57 51
57 52
57 53
56 54
56 55
56 56
56 57
56 57
56 58
55 59
55 60
55 61
54 62
54 63
54 63
54 64
53 65
53 66
53 67
53 68
52 69
52 70
52 70
52 71
51 72
51 73
50 74
50 75
50 75
50 76
49 77
49 78
49 78
49 79
48 80
48 81
48 81
47 82
47 82
47 81
47 81
47 80
47 79
47 79
47 78
48 77
48 76
49 75
49 74
49 73
50 72
50 71
51 70
51 69
51 68
52 67
52 66
53 65
53 64
53 63
54 62
54 61
54 60
55 59
55 58
56 57
56 56
56 55
57 54
57 53
58 52
58 51
58 51
58 52
58 53
58 53
58 54
58 54
58 55
58 56
58 57
58 57
58 58
57 59
57 60
57 61
57 61
57 62
57 63
57 64
57 64
57 65
56 66
56 67
56 67
56 68
56 69
56 70
56 70
56 71
56 72
56 72
57 73
57 73
57 74
57 74
58 74
58 74
59 73
59 72
59 72
60 71
60 70
60 70
60 69
61 68
61 67
61 67
61 66
62 65
62 64
62 63
62 63
63 62
63 61
63 61
64 60
65 60
65 60
65 60
66 61
66 62
66 62
66 63
66 64
66 64
66 65
66 66
66 67
66 67
65 68
65 69
65 69
65 70
65 70
65 71
65 71
65 70
65 70
66 69
66 69
66 68
66 67
67 66
67 65
67 64
67 63
67 62
68 61
68 60
68 59
68 58
69 57
69 56
69 55
69 54
69 53
70 52
70 51
70 50
70 50
70 49
71 48
71 47
71 46
72 45
72 44
72 43
72 42
73 41
73 40
73 40
74 39
74 38
75 37
75 37
75 36
75 36
76 35
76 35
76 36
76 36
75 37
75 38
75 38
75 39
75 40
75 41
75 41
74 42
74 43
73 44
73 45
73 45
73 46
72 47
72 48
72 49
72 49
71 50
71 51
70 52
70 53
70 53
69 54
69 55
68 56
68 57
68 57
68 58
68 59
68 59
67 60
67 60
68 59
68 59
68 58
68 57
68 57
69 56
69 55
69 55
70 54
71 53
71 53
72 52
72 52
73 53
73 53
74 54
74 55
74 55
74 56
75 57
75 58
75 58
75 59
75 60
75 61
75 61
75 62
76 63
76 64
76 64
76 65
76 66
76 67
76 67
75 68
75 68
75 68
75 68
75 67
75 66
75 65
75 65
75 64
75 63
75 62
75 62
75 61
75 60
75 59
75 58
75 57
75 56
75 55
75 54
75 53
75 52
76 51
76 50
76 49
76 48
76 47
76 46
76 45
76 44
76 43
76 42
76 41
76 40
76 39
76 38
76 37
76 36
76 35
76 34
76 33
76 32
76 31
77 30
77 29
77 28
77 27
77 26
77 25
77 24
77 23
77 22
77 21
77 20
77 20
77 19
78 18
78 17
78 16
78 15
79 14
79 13
79 12
79 11
80 10
80 9
80 8
80 8
80 7
81 6
81 5
81 4
81 4
82 3
82 2
82 2
83 1
83 1
84 0
84 0
85 1
85 1
86 2
86 3
86 3
86 4
86 5
86 5
86 6
86 7
86 8
86 8
86 9
86 10
86 11
86 11
86 12
85 13
85 14
85 15
85 15
85 16
84 17
84 18
84 19
84 19
84 20
83 21
83 22
83 23
83 23
83 24
82 25
82 26
82 27
82 27
81 28
81 29
80 30
80 30
79 31
79 32
79 32
79 33
79 33
79 33
80 32
80 32
81 31
81 30
81 30
82 29
82 29
83 28
84 27
84 27
85 26
86 26
86 26
87 27
88 27
88 27
89 28
90 29
90 29
90 30
91 31
91 32
91 32
91 33
91 34
91 35
92 36
92 37
92 38
92 39
92 39
92 40
92 41
92 42
93 43
93 44
93 45
93 46
93 46
93 47
93 48
93 49
93 50
94 51
94 52
94 53
94 54
94 55
94 56
94 56
94 57
94 58
94 59
94 60
95 61
95 62
95 63
95 64
95 65
95 65
95 66
95 67
95 68
95 69
96 70
96 71
96 72
96 73
96 74
96 74
96 75
96 76
96 77
97 78
97 79
97 80
97 81
97 82
97 82
97 83
97 84
97 85
97 86
97 87
97 88
97 89
97 89
97 90
97 91
97 92
97 93
97 94
97 94
97 95
97 96
97 97
97 97
97 98
97 99
97 99
96 99
96 99
96 98
96 97
96 97
96 96
95 95
95 94
95 93
95 92
94 91
94 90
94 89
94 88
93 87
93 86
93 85
93 84
92 83
92 82
92 81
92 80
91 79
91 78
91 77
90 76
90 75
90 74
90 73
89 72
89 71
89 70
89 69
88 68
88 67
88 66
88 65
87 64
87 63
87 62
87 61
86 60
86 59
86 59
86 58
86 57
86 56
86 55
86 54
86 54
86 53
85 52
85 51
85 51
86 50
86 50
86 49
86 48
86 48
87 47
88 46
88 46
89 45
90 44
90 44
91 43
91 42
91 42
92 41
93 41
93 41
94 41
94 41
95 41
96 41
96 41
96 42
96 42
96 43
96 44
96 45
96 45
95 46
95 47
94 48
94 48
94 49
93 50
93 51
93 52
93 52
92 53
92 54
91 55
91 55
90 56
90 57
89 58
89 58
88 59
88 60
87 61
87 61
86 62
86 63
86 63
86 63
87 63
87 63
88 62
88 62
89 61
90 60
90 60
91 59
92 59
93 58
93 58
94 57
95 56
95 56
96 56
97 55
98 55
98 55
99 55
99 55
100 56
100 57
100 57
99 58
99 59
98 60
98 60
98 61
97 62
97 63
97 64
96 65
96 66
96 66
95 67
95 68
94 69
94 70
93 71
93 72
93 72
92 73
92 74
91 75
91 76
91 76
90 77
90 78
90 78
91 77
92 77
92 77
93 76
94 75
95 74
96 73
97 72
