0 40
0 41
0 42
0 42
0 41
0 41
0 41
0 41
0 41
1 41
1 41
2 40
3 40
3 40
4 39
5 38
5 38
6 37
7 36
7 36
8 35
9 34
10 33
10 33
11 32
11 31
12 30
12 30
13 29
14 28
15 27
15 27
16 26
16 25
17 24
17 24
18 23
18 22
19 21
19 21
20 20
21 19
21 19
20 18
20 17
19 16
18 15
18 14
17 13
17 12
16 11
16 11
15 12
15 12
14 13
14 13
13 13
13 13
13 14
13 15
13 16
13 16
13 17
13 18
13 19
13 20
13 20
13 21
13 22
13 23
13 24
13 25
13 25
13 26
13 27
12 28
12 29
12 30
12 31
12 31
12 32
12 33
12 34
12 35
12 36
12 37
12 37
12 38
12 39
12 40
11 41
11 42
11 43
11 44
11 44
11 45
11 46
10 47
10 48
10 49
10 50
10 50
10 51
10 52
10 53
10 54
10 55
10 56
10 56
10 57
10 58
9 59
9 60
9 61
9 61
9 62
8 63
8 64
8 65
8 65
8 66
8 67
8 68
8 69
8 69
8 70
8 70
8 69
8 68
8 67
8 66
8 65
8 64
8 63
8 62
8 61
8 60
8 59
9 58
9 57
9 56
9 55
9 54
9 53
9 52
9 51
9 50
9 49
9 48
9 47
9 47
9 46
10 45
10 44
10 43
11 42
11 41
11 41
12 40
12 39
12 39
12 39
13 40
13 40
14 41
14 42
14 42
15 43
15 44
16 45
16 46
16 46
16 47
17 48
17 49
17 49
18 50
18 51
19 52
19 53
19 53
19 54
20 55
20 56
20 57
20 57
21 58
21 59
22 60
22 60
23 61
23 62
24 63
24 63
25 64
25 65
26 66
26 66
26 67
27 68
27 69
27 69
28 70
29 71
29 71
30 72
31 73
31 73
32 74
32 74
32 73
32 72
33 71
33 70
33 69
33 68
33 67
34 66
34 65
34 64
34 63
34 62
34 61
35 60
35 59
35 58
35 57
35 56
36 55
36 54
36 53
36 52
36 51
37 50
37 49
37 48
37 47
37 46
38 45
38 44
38 43
38 42
38 41
39 40
39 39
39 38
39 37
39 36
39 35
40 34
40 33
40 32
40 31
40 30
41 29
41 28
41 27
41 27
41 28
41 29
41 29
41 28
41 28
41 27
41 27
41 26
41 26
42 26
42 26
43 25
43 25
44 24
44 24
45 23
46 23
46 23
47 22
48 21
48 21
49 20
50 19
50 19
51 18
52 17
52 17
53 16
54 15
54 15
55 14
55 14
56 13
56 12
56 12
56 11
55 10
55 9
55 8
55 7
54 6
54 5
54 4
54 4
54 4
53 3
53 3
53 4
53 4
52 5
52 5
52 6
52 7
52 8
52 8
52 9
51 10
51 11
51 12
51 12
51 13
51 14
51 15
51 16
51 17
51 17
51 18
51 19
50 20
50 21
50 22
50 22
50 23
50 24
50 25
50 26
50 27
50 28
50 28
50 29
49 30
49 31
49 32
49 32
49 33
49 34
48 35
48 36
48 37
48 37
48 38
48 39
48 40
48 41
48 42
48 43
48 43
48 44
47 45
47 46
47 47
47 47
47 48
47 49
47 50
47 50
47 51
46 52
46 53
46 53
46 54
46 54
46 55
46 55
47 54
47 54
47 53
47 53
48 52
48 51
48 51
49 50
49 49
50 48
50 48
50 47
51 46
51 45
51 44
51 44
52 43
52 42
53 41
53 41
54 40
54 39
55 38
55 38
56 37
56 37
56 36
56 36
57 36
57 36
57 37
57 38
57 38
56 39
56 40
56 40
56 41
56 42
56 43
56 43
56 44
55 45
55 46
55 47
55 47
55 48
54 49
54 50
54 51
54 51
54 52
54 53
54 54
54 54
53 55
53 56
53 56
53 57
52 58
52 59
52 59
52 60
52 60
52 60
52 60
53 59
53 59
54 58
54 57
54 57
54 56
54 55
54 54
54 54
55 53
55 52
56 51
56 51
57 50
57 49
57 49
58 48
58 47
58 47
59 46
59 46
59 46
60 46
60 46
60 46
60 46
61 47
61 47
61 48
61 48
62 49
62 49
62 50
62 50
62 50
63 51
63 51
63 51
63 51
63 50
63 49
64 48
64 47
64 46
64 45
64 44
64 43
65 42
65 41
65 40
65 39
65 38
65 37
66 36
66 35
66 34
66 33
66 32
66 31
67 30
67 29
67 28
67 27
67 26
67 25
68 24
68 23
68 22
68 21
68 20
68 19
69 18
69 17
69 16
69 15
69 14
69 13
70 12
70 11
70 10
70 9
70 8
70 7
71 6
71 5
71 4
71 4
71 3
72 2
72 1
72 1
72 0
72 0
72 1
72 1
71 2
71 2
71 3
71 4
71 5
71 5
71 6
70 7
70 8
70 9
70 9
70 10
69 11
69 12
69 13
69 13
69 14
68 15
68 16
67 17
67 18
67 18
67 19
67 20
66 21
66 22
66 23
66 23
66 24
65 25
65 26
65 27
65 27
65 28
64 29
64 30
63 31
63 32
63 32
63 33
62 34
62 35
62 35
62 36
62 37
62 38
62 38
61 39
61 40
61 40
62 41
62 41
62 41
63 40
64 40
64 40
65 39
65 38
65 38
65 37
66 36
66 35
66 35
67 34
67 33
68 32
68 32
69 31
69 30
69 30
69 29
69 28
69 28
70 28
70 28
70 29
71 30
71 31
71 31
71 32
71 33
71 34
71 34
71 35
71 36
71 37
71 38
71 39
71 39
71 40
71 41
72 42
72 43
72 44
72 44
72 45
72 46
72 47
72 48
72 49
72 49
72 50
72 51
72 52
72 53
72 54
72 55
72 55
72 56
72 57
72 58
72 59
72 60
72 60
72 61
72 62
72 63
72 64
72 65
72 66
72 66
72 67
72 68
73 69
73 70
73 71
73 71
73 72
73 73
73 74
73 75
73 75
73 76
73 77
73 78
73 78
73 79
73 80
73 81
73 81
73 82
73 83
73 84
73 84
74 85
74 86
74 86
74 85
74 84
74 83
74 82
74 81
74 80
74 79
74 78
74 77
74 76
74 75
74 74
75 73
75 72
75 71
75 70
75 69
75 68
75 67
75 66
75 65
75 64
75 63
75 62
75 61
75 60
75 59
75 58
75 57
75 56
75 55
75 54
75 53
75 52
75 51
75 50
75 49
76 48
76 47
76 46
76 45
76 44
76 43
76 42
76 41
76 40
76 39
76 38
76 37
76 36
76 35
76 34
76 33
76 32
76 31
76 30
76 29
76 28
76 27
76 26
76 25
76 24
76 23
77 22
77 21
77 20
77 19
77 18
77 17
77 16
77 15
77 14
77 13
77 12
77 11
77 10
77 10
78 9
78 9
78 8
78 8
78 8
78 8
78 8
78 7
78 7
79 6
79 6
80 5
80 5
81 4
81 4
82 3
83 2
83 2
84 2
84 2
85 2
85 2
85 2
85 3
85 4
85 5
85 5
85 6
84 7
84 8
84 8
84 9
83 10
83 11
83 12
83 12
83 13
82 14
82 15
82 16
82 16
82 17
81 18
81 19
81 20
81 20
81 21
80 22
80 23
80 23
79 24
79 25
79 25
79 26
79 26
79 26
79 26
80 26
80 26
81 25
81 25
82 25
82 25
83 25
83 25
84 25
84 25
85 26
85 27
85 27
86 28
86 29
86 29
87 30
87 31
87 31
87 32
88 33
88 34
88 35
88 35
88 36
89 37
89 38
89 38
89 39
89 40
89 41
89 42
89 43
89 43
89 44
89 45
90 46
90 47
90 48
90 48
90 49
90 50
90 51
90 52
90 53
90 53
90 54
90 55
90 56
90 57
90 58
90 59
90 59
90 60
90 61
91 62
91 63
91 64
91 65
91 65
91 66
91 67
91 68
92 69
92 70
92 71
92 72
92 72
92 73
92 74
92 75
92 76
92 77
92 78
92 78
92 79
92 80
93 81
93 82
93 83
93 83
93 84
93 85
93 86
93 87
93 87
93 88
93 89
93 90
93 91
93 91
93 92
94 93
94 94
94 94
94 95
94 96
94 97
94 97
94 98
94 99
94 99
94 100
94 100
94 100
94 100
94 100
94 100
94 99
94 98
93 97
93 96
93 95
93 94
92 93
92 92
92 91
92 90
92 89
91 88
91 87
91 86
91 85
90 84
90 83
90 82
90 81
90 80
89 79
89 78
89 77
89 76
88 75
88 74
88 73
88 72
88 71
87 70
87 69
87 68
87 67
87 66
86 65
86 64
86 63
86 62
85 61
85 60
85 59
85 58
85 57
84 56
84 55
84 54
84 53
83 52
83 51
83 50
83 50
82 50
81 50
81 50
81 50
80 51
80 51
80 50
80 50
80 50
81 50
81 50
82 49
82 49
83 48
83 48
84 47
84 46
84 46
85 45
86 44
86 44
87 43
87 42
87 42
88 41
88 40
89 39
89 39
90 38
91 37
91 37
92 36
92 36
92 36
92 37
92 37
92 38
92 39
92 39
92 40
91 41
91 42
91 42
91 43
90 44
90 45
90 45
89 46
89 47
88 48
88 49
88 49
87 50
87 51
87 51
87 52
86 53
86 54
86 54
85 55
85 56
85 56
85 57
85 57
85 57
86 57
86 57
87 56
87 56
88 55
88 54
88 54
89 53
90 52
90 52
91 51
91 51
92 50
92 49
92 49
93 49
93 49
94 50
94 50
94 51
94 51
94 52
94 53
94 53
93 54
93 55
93 55
93 56
93 57
93 58
93 58
93 59
92 60
92 61
92 61
92 62
91 63
91 64
91 64
90 65
89 66
89 66
89 67
88 68
88 69
88 69
88 70
88 71
88 71
88 72
88 72
88 72
89 72
89 72
90 72
90 72
91 71
91 71
92 70
92 70
93 69
93 69
94 68
94 68
95 67
95 67
96 66
96 66
97 65
98 64
98 64
99 63
100 63
