1 52
1 53
1 53
0 53
0 53
0 54
0 54
0 55
0 55
0 56
0 56
0 56
0 55
0 55
1 55
1 55
2 54
2 54
3 53
3 53
4 52
5 51
5 50
6 49
6 49
7 48
7 47
8 46
8 45
9 44
9 44
10 43
10 42
11 41
12 40
13 39
13 38
14 37
14 37
15 36
15 35
16 34
17 33
18 32
18 31
19 30
19 30
20 29
21 28
22 27
23 26
24 25
25 24
25 24
26 23
27 22
28 21
29 20
30 19
30 19
31 18
32 17
33 17
34 16
34 16
35 15
36 15
37 14
37 14
38 13
39 12
39 12
39 12
39 13
39 13
38 12
37 11
36 10
35 9
34 8
33 7
32 6
31 5
30 4
29 3
28 2
27 1
26 0
26 0
26 1
26 2
26 3
26 3
25 4
24 5
24 5
24 6
24 7
24 8
24 9
24 9
24 10
24 11
23 12
23 13
23 14
23 15
23 15
23 16
23 17
23 18
22 19
22 20
22 21
22 22
22 23
22 23
22 24
22 25
22 26
22 27
21 28
21 29
21 30
21 31
21 32
21 33
21 33
21 34
21 35
21 36
21 37
21 38
21 39
21 40
21 41
21 42
21 43
21 44
21 44
21 45
21 46
21 47
21 48
21 49
20 50
20 51
20 52
20 53
20 54
20 55
20 56
20 56
20 57
20 58
20 59
20 60
20 61
20 62
20 63
20 64
20 65
20 66
20 66
20 67
20 68
20 69
20 70
21 71
21 72
21 73
21 74
21 75
21 75
21 76
21 77
21 78
21 79
21 80
21 80
21 81
21 82
21 83
21 84
21 84
21 85
22 86
22 87
22 88
22 88
22 89
22 90
22 90
22 89
22 88
22 87
22 86
22 85
22 84
22 83
22 82
22 81
22 80
22 79
22 78
23 77
23 76
23 75
23 74
23 73
23 72
23 71
23 70
23 69
23 68
23 67
23 66
23 65
23 65
22 64
22 64
21 63
21 63
21 63
20 62
20 62
20 61
20 61
21 60
21 60
22 59
22 59
23 59
24 58
25 58
25 58
26 59
27 59
28 60
28 60
29 61
30 61
31 62
31 62
32 63
33 64
33 65
34 66
34 66
35 67
35 68
36 69
36 70
37 71
37 71
38 72
38 73
39 74
39 75
40 76
40 77
40 77
41 78
42 79
42 80
43 81
43 81
44 82
45 83
46 84
46 84
47 85
48 85
49 86
49 86
49 85
49 84
49 83
48 82
48 81
48 80
48 79
48 78
48 77
48 76
48 75
47 74
47 73
47 72
47 71
47 70
47 69
47 68
47 67
46 66
46 65
46 64
46 63
46 62
46 61
46 60
46 59
45 58
45 57
45 56
45 55
45 54
45 53
45 52
45 51
44 50
44 49
44 48
44 47
44 46
44 46
43 47
43 48
43 48
43 48
42 48
42 48
42 48
42 48
42 47
42 47
43 46
43 45
43 45
44 44
45 43
45 42
46 41
46 41
47 40
48 39
48 38
49 37
49 37
50 36
51 35
51 34
52 33
52 33
53 32
53 31
54 30
54 29
55 28
55 28
56 27
56 26
57 25
58 24
58 23
59 22
59 22
60 21
61 20
62 19
63 18
63 18
64 17
65 16
66 15
66 15
66 14
67 13
67 12
67 12
67 11
67 10
67 10
67 9
67 9
67 8
67 8
66 7
66 6
66 6
66 5
66 5
65 4
65 4
64 4
64 4
63 3
63 3
62 4
62 4
61 5
60 5
60 5
59 6
59 7
59 7
59 8
58 9
58 10
58 10
58 11
58 12
58 13
58 14
58 14
58 15
58 16
57 17
57 18
57 19
57 20
57 20
57 21
57 22
57 23
56 24
56 25
56 26
56 27
56 27
56 28
56 29
56 30
56 31
56 32
56 33
56 34
56 35
56 36
56 36
56 37
56 38
56 39
56 40
55 41
55 42
55 43
55 44
55 45
55 46
55 46
55 47
55 48
55 49
55 50
55 51
55 52
55 53
55 54
55 55
55 56
55 56
55 57
55 58
55 59
54 60
54 61
54 62
54 63
54 64
54 64
54 65
54 66
54 67
54 68
54 69
54 70
54 71
54 72
54 72
54 73
54 74
54 75
54 76
54 77
54 77
54 78
55 79
55 80
55 81
55 81
55 82
55 83
55 84
55 84
55 85
56 86
56 87
56 87
56 88
56 89
56 89
57 90
57 90
57 90
57 90
57 89
57 89
57 88
57 87
57 87
57 86
57 85
57 84
57 84
57 83
57 82
57 81
57 81
57 80
57 79
57 79
57 78
57 77
57 76
57 75
57 75
57 74
57 73
57 72
57 71
57 71
57 70
57 69
58 68
58 67
58 66
58 66
58 65
58 64
59 63
59 62
59 61
59 61
59 60
59 59
60 58
60 57
60 56
60 55
60 55
61 54
61 53
62 52
62 51
62 51
63 50
63 49
63 49
63 49
63 50
63 50
63 51
63 52
63 52
63 53
63 54
63 55
63 56
63 56
63 57
63 58
62 59
62 60
62 61
62 61
62 62
62 63
62 64
62 65
62 66
62 66
62 67
62 68
62 69
62 70
62 71
62 71
62 72
62 73
62 74
62 75
62 75
62 76
62 76
62 77
62 77
62 77
63 76
63 76
64 75
64 74
64 74
64 73
65 72
65 71
65 70
65 70
66 69
66 68
66 68
67 67
67 67
68 67
68 67
68 68
68 69
68 69
68 70
68 71
68 72
68 72
68 73
68 74
68 75
68 75
68 76
68 77
68 77
68 76
68 75
68 74
68 73
69 72
69 71
69 70
69 69
69 68
69 67
69 66
69 65
69 64
70 63
70 62
70 61
70 60
70 59
70 58
70 57
70 56
71 55
71 54
71 53
71 52
71 51
71 50
71 49
71 48
71 47
72 46
72 45
72 44
72 43
72 42
72 41
72 40
72 39
72 38
73 37
73 36
73 35
73 34
73 33
73 32
73 31
73 30
73 29
74 28
74 27
74 26
74 25
74 24
74 23
74 22
74 21
75 20
75 19
75 18
75 17
75 16
75 15
75 14
75 13
75 12
76 11
76 10
76 9
76 8
76 7
76 7
77 6
77 6
77 6
77 6
77 7
77 8
77 8
77 9
76 10
76 11
76 12
76 12
76 13
75 14
75 15
74 16
74 17
74 17
74 18
74 19
73 20
73 21
73 22
73 23
73 23
73 24
72 25
72 26
72 27
72 28
71 29
71 30
71 30
71 31
70 32
70 33
69 34
69 35
69 36
68 37
68 38
68 38
68 39
68 40
68 41
67 42
67 43
67 44
67 45
67 46
67 46
67 47
67 48
66 49
66 50
66 51
66 51
66 52
65 53
65 54
65 54
65 55
64 56
64 57
64 57
65 58
65 58
65 59
65 59
65 58
66 57
66 56
66 55
66 54
67 53
67 52
67 51
67 50
68 49
68 48
68 47
68 46
69 45
69 44
69 43
69 42
70 41
70 40
70 39
70 38
71 37
71 36
71 36
71 37
71 38
71 38
70 39
70 39
70 38
70 38
70 39
70 40
70 40
70 41
70 41
70 42
71 43
71 44
71 44
71 45
72 46
72 47
72 47
72 48
72 49
73 50
73 51
73 52
73 52
73 53
74 54
74 55
74 56
74 57
75 58
75 59
75 59
75 60
75 61
75 62
76 63
76 64
76 65
76 66
76 66
76 67
76 68
76 69
77 70
77 71
77 72
77 73
77 74
77 74
77 75
77 76
78 77
78 78
78 79
78 80
78 80
78 81
79 82
79 83
79 84
79 84
79 85
79 86
80 87
80 88
80 89
80 89
80 90
81 91
81 92
81 93
81 93
81 94
82 95
82 96
82 97
82 97
82 98
82 99
82 99
82 100
82 100
82 100
82 100
82 99
82 98
82 98
82 97
82 96
82 96
82 95
82 94
82 93
82 92
82 91
82 90
82 89
82 88
82 87
82 86
82 85
82 84
82 83
82 82
82 81
82 80
82 79
82 78
82 77
82 76
82 75
82 74
82 73
82 72
82 71
82 70
82 69
82 68
82 67
82 66
82 65
83 64
83 63
83 62
83 61
83 60
83 59
83 58
83 57
83 56
83 55
83 54
83 53
83 52
83 51
83 50
83 49
83 48
83 47
83 46
83 45
83 44
83 43
83 42
83 41
83 40
83 39
83 38
83 37
83 36
83 35
83 34
83 33
83 33
83 32
82 31
82 30
82 30
82 29
82 28
82 28
83 27
83 26
83 26
84 25
84 25
85 24
85 24
86 23
86 23
87 24
87 24
88 25
89 26
89 26
90 27
90 28
90 28
90 29
91 30
91 31
91 32
91 32
91 33
91 34
92 35
92 36
92 37
92 38
92 38
92 39
92 40
92 41
93 42
93 43
93 44
93 45
93 45
93 46
93 47
93 48
93 49
93 50
93 51
93 52
93 53
93 53
93 54
93 55
93 56
93 57
93 58
93 59
93 60
93 60
93 61
93 62
93 63
93 64
93 65
93 66
93 67
93 67
93 68
93 69
93 70
93 71
93 72
93 73
93 74
93 74
93 75
93 76
93 77
93 78
93 79
93 79
93 80
94 81
94 82
94 83
94 83
94 84
95 85
95 86
95 87
95 87
95 88
96 89
96 90
96 90
96 91
96 92
96 93
96 93
97 94
97 95
97 95
97 95
97 95
97 94
96 93
96 92
96 91
95 90
95 89
95 88
95 87
94 86
94 85
94 84
93 83
93 82
93 81
92 80
92 79
92 78
91 77
91 76
91 75
90 74
90 73
90 72
90 71
89 70
89 69
89 68
88 67
88 66
88 66
88 67
88 67
87 67
87 67
87 68
87 68
86 68
86 68
86 69
86 69
85 69
85 69
85 69
84 68
84 68
85 67
85 66
85 66
85 65
86 64
86 63
86 63
87 62
87 61
87 61
87 60
88 59
88 58
88 57
88 57
88 56
89 55
89 54
90 53
90 52
90 52
91 51
92 50
92 49
93 48
93 48
94 47
95 46
95 46
96 45
96 44
96 44
97 44
97 44
98 45
98 45
97 46
97 46
97 47
97 48
97 49
97 49
96 50
96 51
96 51
96 52
95 53
95 54
95 54
95 55
94 56
94 57
94 57
93 58
93 59
92 60
92 61
92 61
92 62
91 63
91 64
91 64
90 65
90 66
90 66
90 67
90 67
90 68
90 68
90 68
91 68
91 68
92 67
92 67
93 66
93 65
93 65
94 64
95 64
95 64
96 63
96 63
96 64
96 64
96 65
96 65
96 66
96 67
96 67
96 68
95 69
95 70
95 70
94 71
94 72
93 73
93 73
93 74
92 75
92 76
92 76
92 77
91 78
91 79
91 79
90 80
90 81
90 81
90 82
90 82
91 83
91 83
92 83
92 83
93 82
94 81
94 81
95 80
96 80
96 80
97 79
98 79
98 79
99 78
99 78
100 79
100 79
99 80
99 80
99 81
98 82
98 83
98 83
97 84
97 85
96 86
96 86
95 87
95 88
94 89
94 90
94 90
94 91
93 92
93 93
93 93
92 94
92 95
92 95
93 96
93 96
94 95
95 95
95 95
96 94
97 94
98 93
