0 53
0 54
0 55
0 55
0 55
0 55
0 55
0 54
0 54
1 53
1 53
2 52
3 51
3 51
4 50
5 49
5 49
6 48
7 48
8 47
8 47
9 46
9 45
10 44
10 44
11 43
12 43
13 42
13 42
14 41
14 40
15 39
15 39
16 38
16 37
17 36
17 36
18 35
18 34
18 34
18 33
17 32
17 31
17 30
17 29
16 28
16 27
16 26
15 25
15 24
15 23
15 22
14 21
14 20
14 20
14 21
14 21
13 21
13 21
13 22
13 22
13 23
13 24
13 25
13 26
13 26
13 27
13 28
13 29
13 30
13 31
13 31
13 32
13 33
12 34
12 35
12 36
12 37
12 37
12 38
12 39
12 40
12 41
12 42
12 43
12 44
12 45
12 45
12 46
12 47
12 48
12 49
11 50
11 51
11 52
11 53
11 54
11 54
11 55
11 56
11 57
11 58
10 59
10 60
10 61
10 62
10 63
10 63
10 64
10 65
10 66
10 67
9 68
9 69
9 70
9 71
9 72
9 72
9 73
9 74
9 75
8 76
8 77
8 78
8 79
8 80
8 80
8 81
7 82
7 83
7 84
7 85
6 86
6 87
6 87
6 88
5 89
5 90
5 91
5 91
5 92
5 93
5 94
5 95
5 95
4 96
4 96
4 95
4 94
4 93
4 92
5 91
5 90
5 89
5 88
5 87
5 86
5 85
5 84
5 83
5 82
6 81
6 80
6 79
6 78
6 77
6 76
6 75
6 74
6 73
7 72
7 71
7 70
7 69
7 68
7 67
7 66
7 65
7 64
7 63
8 62
8 61
8 60
8 59
8 58
8 58
9 57
9 56
10 55
10 54
10 54
11 54
11 54
12 55
13 56
13 56
13 57
14 58
14 59
14 59
15 60
15 61
16 62
16 62
16 63
17 64
17 65
17 66
17 66
18 67
18 68
19 69
19 70
19 70
19 71
19 72
20 73
20 74
20 75
20 75
21 76
21 77
22 78
22 79
22 79
23 80
23 81
24 82
24 83
24 83
24 84
25 85
25 86
25 87
25 87
26 88
26 89
27 90
27 90
27 91
28 92
28 93
28 93
29 94
29 95
29 95
29 94
29 93
30 92
30 91
30 90
30 89
30 88
30 87
31 86
31 85
31 84
31 83
31 82
32 81
32 80
32 79
32 78
32 77
32 76
33 75
33 74
33 73
33 72
33 71
34 70
34 69
34 68
34 67
34 66
35 65
35 64
35 63
35 62
35 61
35 60
36 59
36 58
36 57
36 56
36 55
37 54
37 53
37 52
37 51
37 50
37 49
38 48
38 47
38 46
38 45
38 44
39 43
39 42
39 41
39 40
39 39
39 38
40 37
40 36
40 35
40 35
40 36
40 37
40 38
40 38
40 39
40 39
39 39
39 39
39 39
40 39
40 39
40 39
41 38
42 38
42 38
43 37
43 36
43 36
44 35
45 34
45 34
46 33
46 32
47 31
47 31
48 30
49 29
49 29
50 28
50 27
51 26
51 26
52 25
52 24
52 24
52 23
52 22
52 21
52 20
52 19
51 18
51 17
51 16
51 15
51 14
51 13
51 13
50 13
50 13
50 13
50 14
50 14
50 15
50 16
50 16
50 17
50 18
50 19
50 19
50 20
50 21
49 22
49 23
49 24
49 25
49 25
49 26
49 27
49 28
48 29
48 30
48 31
48 32
48 33
48 33
48 34
48 35
48 36
47 37
47 38
47 39
47 40
47 41
47 41
47 42
47 43
47 44
46 45
46 46
46 47
46 48
46 48
46 49
46 50
46 51
45 52
45 53
45 54
45 55
45 56
45 56
45 57
45 58
44 59
44 60
44 61
44 62
44 62
44 63
44 64
43 65
43 66
43 67
43 67
43 68
43 69
43 70
43 71
43 72
43 72
42 73
42 74
42 74
42 74
43 74
43 74
43 73
43 72
43 72
43 71
44 70
44 69
45 68
45 67
45 67
45 66
46 65
46 64
47 63
47 62
47 62
47 61
47 60
48 59
48 58
48 57
48 57
49 56
49 55
50 54
50 54
51 53
51 52
52 51
52 51
52 51
53 52
53 52
53 53
53 54
53 55
53 55
53 56
53 57
53 58
53 59
53 59
53 60
52 61
52 62
52 63
52 63
52 64
52 65
52 66
52 67
52 67
52 68
51 69
51 70
51 71
51 71
51 72
50 73
50 74
50 74
50 75
50 76
50 76
50 77
50 78
50 78
50 79
50 79
50 79
50 79
51 78
51 78
52 77
52 76
52 76
52 75
53 74
53 73
53 72
53 72
53 71
54 70
54 69
54 68
54 68
55 67
55 66
56 65
56 65
57 64
57 63
57 63
58 63
58 63
58 63
59 64
59 64
59 65
59 66
59 66
60 67
60 68
60 68
60 69
60 69
61 70
61 70
61 71
61 71
61 71
62 71
62 71
62 70
62 69
62 68
63 67
63 66
63 65
63 64
63 63
63 62
63 61
63 60
64 59
64 58
64 57
64 56
64 55
64 54
64 53
64 52
65 51
65 50
65 49
65 48
65 47
65 46
65 45
65 44
66 43
66 42
66 41
66 40
66 39
66 38
66 37
66 36
67 35
67 34
67 33
67 32
67 31
67 30
67 29
67 28
68 27
68 26
68 25
68 24
68 23
68 22
68 21
68 20
69 19
69 18
69 17
69 16
69 15
69 14
69 13
69 12
70 11
70 10
70 9
70 8
70 7
70 7
70 6
70 5
70 4
71 3
71 2
71 1
71 0
71 0
71 0
70 1
70 2
70 2
70 3
69 4
69 5
69 6
69 6
69 7
69 8
68 9
68 10
68 11
68 11
68 12
68 13
68 14
67 15
67 16
67 17
67 18
67 18
67 19
66 20
66 21
66 22
65 23
65 24
65 24
65 25
65 26
65 27
64 28
64 29
64 30
64 31
64 31
64 32
64 33
63 34
63 35
63 36
63 37
63 37
63 38
62 39
62 40
62 41
62 41
62 42
61 43
61 44
61 44
61 45
61 46
61 46
61 47
61 47
61 47
62 46
62 45
62 45
63 44
63 43
63 43
63 42
64 41
64 40
65 39
65 38
65 38
65 37
66 36
66 35
66 34
66 34
66 33
67 32
67 31
67 31
68 30
68 30
68 31
68 31
68 32
69 33
69 34
69 34
69 35
69 36
69 37
69 38
69 38
69 39
69 40
70 41
70 42
70 43
70 44
70 44
70 45
70 46
70 47
70 48
70 49
70 50
70 50
70 51
70 52
71 53
71 54
71 55
71 56
71 56
71 57
71 58
71 59
71 60
71 61
71 62
71 62
71 63
71 64
71 65
71 66
71 67
71 68
71 69
71 69
71 70
71 71
72 72
72 73
72 74
72 75
72 75
72 76
72 77
72 78
72 79
72 80
72 80
72 81
72 82
72 83
72 84
72 85
72 85
72 86
72 87
72 88
72 88
72 89
73 90
73 91
73 91
73 92
73 93
73 93
73 92
73 91
73 90
73 89
73 88
73 87
73 86
73 85
73 84
73 83
73 82
73 81
73 80
73 79
73 78
73 77
73 76
73 75
73 74
74 73
74 72
74 71
74 70
74 69
74 68
74 67
74 66
74 65
74 64
74 63
74 62
74 61
74 60
74 59
74 58
74 57
74 56
74 55
74 54
74 53
74 52
74 51
74 50
74 49
74 48
74 47
74 46
74 45
74 44
74 43
74 42
74 41
74 40
74 39
74 38
74 37
74 36
75 35
75 34
75 33
75 32
75 31
75 30
75 29
75 28
75 27
75 26
75 25
75 24
75 23
75 22
75 21
75 20
75 19
75 18
75 17
75 16
75 16
74 15
74 14
74 14
74 14
74 14
74 14
74 14
74 14
75 14
75 14
76 13
76 13
77 12
77 12
78 11
78 10
78 10
79 9
80 9
80 9
81 8
81 8
82 9
82 9
83 10
83 10
83 11
83 12
83 13
83 13
83 14
82 15
82 16
82 16
82 17
81 18
81 19
81 20
81 20
81 21
80 22
80 23
80 23
80 24
80 25
80 26
80 26
79 27
79 28
79 28
79 29
79 29
79 29
79 29
79 29
80 28
80 28
81 28
82 28
82 28
83 28
83 28
83 28
84 29
84 30
84 30
85 31
85 32
85 32
85 33
85 34
85 34
85 35
85 36
85 37
85 37
85 38
85 39
85 39
85 40
85 41
85 41
85 42
84 43
84 44
84 44
85 45
85 45
85 46
85 47
85 47
85 48
85 49
85 49
85 50
86 51
86 52
86 53
86 53
86 54
86 55
87 56
87 57
87 58
87 58
87 59
87 60
87 61
87 62
87 63
87 64
87 64
87 65
87 66
87 67
88 68
88 69
88 70
88 71
88 71
88 72
88 73
88 74
88 75
88 76
88 77
88 77
88 78
88 79
89 80
89 81
89 82
89 82
89 83
89 84
89 85
89 86
89 86
89 87
89 88
89 89
89 90
89 90
90 91
90 92
90 92
90 93
91 94
91 95
91 95
91 96
91 97
91 97
92 98
92 99
92 99
92 100
92 100
92 100
92 100
91 100
91 100
91 99
91 99
91 98
91 97
90 96
90 95
90 94
90 93
89 92
89 91
89 90
89 89
88 88
88 87
88 86
88 85
88 84
87 83
87 82
87 81
87 80
86 79
86 78
86 77
86 76
85 75
85 74
85 73
85 72
85 71
84 70
84 69
84 68
84 67
83 66
83 65
83 64
83 63
82 62
82 61
82 60
82 60
82 59
82 58
82 58
81 57
81 56
81 56
81 56
81 56
81 56
82 55
82 55
82 54
82 53
82 53
83 52
83 52
84 51
84 50
84 50
85 49
85 49
86 49
86 49
87 49
87 49
88 50
88 50
88 51
88 52
88 52
88 53
88 54
88 55
88 56
88 56
88 57
87 58
87 59
87 60
87 60
87 61
87 62
87 63
87 63
87 64
86 65
86 66
86 66
86 67
85 68
85 69
85 69
85 70
85 71
85 71
84 72
84 72
84 73
84 73
85 73
85 73
85 72
85 72
86 71
87 71
87 71
88 70
88 70
89 69
89 68
89 68
90 67
91 66
91 66
92 65
92 65
92 65
93 66
93 66
93 67
93 68
93 69
93 69
93 70
92 71
92 72
92 73
92 73
92 74
91 75
91 76
91 77
91 77
91 78
91 79
90 80
90 81
90 82
90 82
90 83
90 84
89 85
89 86
89 87
89 87
89 88
88 89
88 90
88 91
88 91
88 92
87 93
87 94
87 95
87 95
87 96
86 97
86 98
86 98
85 99
85 100
85 100
86 100
86 100
86 100
87 99
88 99
88 99
89 98
89 97
89 97
90 96
91 95
92 94
92 94
93 93
93 92
94 91
94 91
95 90
96 89
97 88
97 88
98 87
99 86
99 85
100 84
