0 56
0 57
0 57
0 57
0 56
0 56
1 56
1 56
2 55
3 55
3 55
4 54
5 53
5 53
6 52
7 51
7 51
8 50
9 50
10 49
10 49
11 48
12 47
13 46
13 46
14 45
15 44
15 44
16 43
17 42
18 41
18 41
19 40
20 40
21 39
21 39
22 38
22 37
23 36
23 36
24 35
24 35
25 34
25 33
25 33
24 32
23 31
22 30
21 29
20 28
19 27
18 26
18 26
17 25
16 25
16 25
16 26
16 26
15 27
15 28
15 28
15 29
15 30
15 31
15 31
15 32
15 33
14 34
14 35
14 36
14 37
14 37
14 38
14 39
14 40
14 41
14 42
14 43
14 43
14 44
14 45
14 46
13 47
13 48
13 49
13 50
13 50
13 51
13 52
13 53
12 54
12 55
12 56
12 57
12 57
12 58
12 59
12 60
11 61
11 62
11 63
11 64
11 64
11 65
11 66
11 67
10 68
10 69
10 70
10 71
10 71
10 72
10 73
10 74
10 75
10 76
10 77
10 77
10 78
10 79
9 80
9 81
9 82
9 82
9 83
8 84
8 85
8 85
8 86
8 87
8 87
7 87
7 87
7 86
7 85
8 84
8 83
8 82
8 81
8 80
8 79
9 78
9 77
9 76
9 75
9 74
10 73
10 72
10 71
10 70
10 69
11 68
11 67
11 66
11 65
11 64
11 63
12 62
12 61
12 60
12 59
12 58
13 57
13 56
13 55
13 54
13 53
13 52
14 51
14 50
14 49
14 49
14 48
15 47
15 46
15 46
16 47
16 47
17 48
17 48
17 49
17 50
17 51
17 51
18 52
18 53
18 53
18 54
19 55
19 56
19 56
19 57
20 58
20 59
20 59
21 60
21 61
22 62
22 63
22 63
23 64
23 65
24 66
24 66
24 67
25 68
25 69
25 69
26 70
26 71
27 72
27 73
27 73
27 74
28 75
28 76
28 76
29 77
29 78
30 79
30 79
30 80
31 81
31 82
31 82
32 83
32 84
32 84
33 85
33 85
34 86
34 86
34 85
34 84
35 83
35 82
35 81
35 80
35 79
36 78
36 77
36 76
36 75
36 74
37 73
37 72
37 71
37 70
37 69
37 68
38 67
38 66
38 65
38 64
38 63
39 62
39 61
39 60
39 59
39 58
40 57
40 56
40 55
40 54
40 53
41 52
41 51
41 50
41 49
41 48
42 47
42 46
42 45
42 44
42 43
42 42
43 41
43 40
43 39
43 38
43 37
44 36
44 35
44 34
44 34
44 35
44 36
44 36
43 37
42 37
42 37
42 38
42 38
42 39
42 39
42 39
43 38
43 38
44 37
45 36
45 36
46 35
46 34
47 33
47 33
48 32
49 31
50 30
50 30
51 29
52 28
52 28
53 27
53 26
54 25
54 25
55 24
56 23
56 23
56 22
56 21
56 20
56 19
56 18
56 17
56 16
56 16
56 16
56 16
55 17
55 17
55 18
54 19
54 20
54 20
54 21
54 22
54 23
54 23
54 24
54 25
54 26
53 27
53 28
53 29
53 30
53 30
53 31
53 32
52 33
52 34
52 35
52 36
52 36
52 37
51 38
51 39
51 40
51 41
50 42
50 43
50 44
50 44
50 45
50 46
50 47
49 48
49 49
49 50
49 51
49 51
49 52
49 53
48 54
48 55
48 56
48 57
48 57
48 58
48 59
47 60
47 61
47 62
47 63
47 63
47 64
47 65
47 66
47 67
47 67
46 68
46 69
46 69
46 70
46 71
46 71
47 71
47 71
47 71
48 70
49 69
49 69
49 68
50 67
50 66
50 66
51 65
51 64
52 63
52 62
52 62
53 61
53 60
54 59
54 58
54 58
55 57
55 56
56 55
56 55
57 54
58 54
58 54
59 55
59 55
59 56
59 56
59 57
59 58
59 58
59 59
59 60
59 61
59 62
59 62
59 63
58 64
58 65
58 65
58 66
58 67
58 67
58 68
57 69
57 70
57 70
57 71
57 72
57 73
57 73
56 74
56 74
56 75
56 75
56 75
57 75
57 75
57 74
57 73
57 73
58 72
58 71
58 71
58 70
59 69
59 68
59 68
60 67
60 66
61 65
61 65
62 64
62 63
62 63
63 64
63 64
64 65
64 65
65 66
65 67
65 67
66 68
66 68
67 69
67 70
67 70
68 71
68 71
68 72
68 72
69 72
69 72
69 72
69 71
69 71
69 70
69 69
69 68
69 67
70 66
70 65
70 64
70 63
70 62
70 61
70 60
70 59
70 58
70 57
71 56
71 55
71 54
71 53
71 52
71 51
71 50
71 49
71 48
72 47
72 46
72 45
72 44
72 43
72 42
72 41
72 40
72 39
72 38
73 37
73 36
73 35
73 34
73 33
73 32
73 31
73 30
73 29
73 28
74 27
74 26
74 25
74 24
74 23
74 22
74 21
74 20
74 19
75 18
75 17
75 16
75 15
75 14
75 13
75 12
75 11
75 10
75 9
76 8
76 7
76 6
76 5
76 4
76 4
76 3
77 2
77 1
77 0
77 0
77 1
77 1
77 2
76 3
76 4
76 4
76 5
75 6
75 7
75 7
75 8
75 9
74 10
74 11
74 12
74 12
74 13
73 14
73 15
73 16
72 17
72 18
72 18
72 19
72 20
71 21
71 22
71 23
71 23
71 24
70 25
70 26
69 27
69 28
69 28
68 29
68 30
67 31
67 32
67 32
67 33
66 34
66 35
66 36
66 36
66 37
65 38
65 39
65 39
65 40
65 41
65 41
65 41
65 41
66 40
66 39
66 39
67 38
67 37
67 37
68 36
68 35
69 34
69 34
70 33
71 32
71 32
72 32
72 32
73 33
74 33
74 33
74 34
75 35
75 36
75 37
75 37
75 38
75 39
76 40
76 41
76 42
76 42
76 43
76 44
77 45
77 46
77 47
77 48
77 48
77 49
77 50
77 51
77 52
77 53
77 54
77 55
77 55
77 56
77 57
77 58
77 59
77 60
77 61
77 61
77 62
77 63
78 64
78 65
78 66
78 67
78 67
78 68
77 69
77 70
77 71
77 71
77 72
77 73
77 74
77 74
77 75
77 76
77 77
77 78
77 78
78 79
78 80
78 80
78 81
78 81
78 82
78 82
78 81
78 80
78 79
78 78
78 77
78 76
78 75
78 74
78 73
78 72
78 71
78 70
78 69
78 68
79 67
79 66
79 65
79 64
79 63
79 62
79 61
79 60
79 59
79 58
79 57
79 56
79 55
79 54
79 53
79 52
79 51
79 50
79 49
79 48
79 47
79 46
79 45
79 44
79 43
79 42
79 41
79 40
79 39
79 38
80 37
80 36
80 35
80 34
80 33
80 32
80 31
80 30
80 29
80 28
80 27
80 26
80 25
80 24
80 23
80 22
80 22
80 21
80 20
80 19
80 18
80 17
80 17
81 16
81 16
81 16
81 15
81 15
82 15
82 15
82 15
83 14
83 14
84 13
84 13
85 13
85 13
86 12
86 12
87 12
87 12
88 13
88 13
88 14
88 14
88 15
88 16
88 17
88 17
88 18
88 19
88 20
88 21
88 21
88 22
87 23
87 24
87 24
86 25
86 26
85 27
85 28
85 28
85 29
84 30
84 31
84 32
84 32
83 33
83 34
83 34
83 35
83 36
83 36
82 37
82 37
83 37
83 37
83 36
83 36
84 35
85 34
85 34
86 33
86 33
87 32
87 32
88 31
89 31
89 31
89 31
90 32
90 32
91 33
91 33
92 34
92 34
92 35
92 36
92 37
92 37
92 38
93 39
93 40
93 40
93 41
93 42
93 43
93 43
93 44
93 45
94 46
94 47
94 48
94 48
94 49
94 50
94 51
94 52
94 53
94 54
94 54
94 55
94 56
95 57
95 58
95 59
95 60
95 60
95 61
95 62
95 63
95 64
95 65
95 66
95 66
95 67
95 68
95 69
95 70
95 71
95 72
95 72
95 73
95 74
95 75
95 76
95 77
95 77
95 78
95 79
95 80
95 81
95 82
95 83
95 83
95 84
95 85
95 86
95 87
95 87
95 88
96 89
96 90
96 91
96 91
96 92
96 93
96 94
96 94
96 95
96 96
96 96
96 97
96 98
96 98
96 99
96 100
96 100
96 100
96 100
96 99
96 98
95 97
95 96
95 95
95 94
95 93
95 92
94 91
94 90
94 89
94 88
94 87
93 86
93 85
93 84
93 83
93 82
93 81
92 80
92 79
92 78
92 77
92 76
91 75
91 74
91 73
91 72
91 71
90 70
90 69
90 68
90 67
90 66
90 65
89 64
89 63
89 62
89 61
89 60
88 59
88 58
88 57
88 56
88 55
88 54
87 53
87 52
87 51
87 51
88 52
88 52
87 52
87 52
86 51
86 51
86 51
86 52
86 52
87 51
87 51
88 50
88 49
88 49
89 48
90 47
90 47
91 46
92 46
92 46
93 46
94 46
94 46
95 46
95 46
96 47
96 47
96 48
96 49
96 50
96 50
96 51
96 52
96 53
96 53
96 54
95 55
95 56
95 57
95 57
94 58
94 59
93 60
93 60
93 61
92 62
92 63
92 64
92 64
91 65
91 66
91 66
91 67
91 67
91 67
91 66
91 66
92 65
92 65
93 64
93 64
94 63
95 62
95 62
96 62
96 62
97 62
97 62
97 63
97 63
97 64
97 65
97 65
97 66
97 67
97 68
97 68
97 69
96 70
96 71
96 72
96 72
96 73
95 74
95 75
95 76
95 76
95 77
94 78
94 79
94 79
94 80
93 81
93 82
93 83
93 83
93 84
92 85
92 86
92 86
92 87
91 88
91 89
91 89
91 90
91 91
91 91
91 92
91 92
91 92
92 91
92 91
93 90
93 89
94 88
94 88
95 87
95 86
96 85
96 85
97 84
98 83
98 82
99 81
100 80
