1 60
1 59
1 59
1 59
1 59
1 60
1 60
0 60
0 60
0 61
0 61
0 62
0 63
0 63
0 63
0 64
0 64
0 64
0 64
1 63
1 63
2 62
2 61
2 61
3 60
3 59
4 58
4 57
5 56
5 56
6 55
6 54
7 53
7 52
8 51
8 50
8 50
9 49
9 48
10 47
11 46
11 45
12 44
12 43
13 42
13 42
14 41
15 40
15 39
16 38
17 37
18 36
18 35
19 34
19 34
20 33
21 32
22 31
23 30
23 29
24 28
25 27
26 26
26 26
27 25
28 24
29 23
30 22
31 21
31 21
32 20
33 19
34 19
35 18
36 17
36 17
37 16
38 16
39 15
39 15
40 14
41 14
41 14
41 15
41 15
40 15
40 15
39 15
38 15
37 15
36 15
35 15
34 15
33 15
32 15
31 16
30 16
29 16
28 16
27 16
26 16
25 16
24 16
23 16
22 16
22 16
22 15
22 15
22 16
22 16
22 17
22 18
22 18
22 19
22 20
22 21
22 22
22 22
22 23
22 24
21 25
21 26
21 27
21 27
21 28
21 29
21 30
21 31
21 32
21 33
21 34
21 35
21 35
21 36
21 37
21 38
21 39
20 40
20 41
20 42
20 43
20 44
20 45
20 45
20 46
20 47
20 48
20 49
20 50
20 51
20 52
20 53
20 54
20 55
20 56
20 57
20 57
20 58
20 59
20 60
20 61
20 62
19 63
19 64
19 65
19 66
19 67
19 68
19 69
19 69
19 70
19 71
19 72
19 73
19 74
19 75
19 76
19 77
19 78
19 78
19 79
19 80
19 81
19 82
19 83
19 84
19 85
19 86
19 86
19 87
19 88
19 89
19 90
19 91
19 92
19 92
19 93
19 94
20 95
20 96
20 97
20 97
20 98
20 99
20 100
20 100
20 99
20 98
20 97
20 96
21 95
21 94
21 93
21 92
21 91
21 90
21 89
21 88
21 87
21 86
22 85
22 84
22 83
22 82
22 81
22 80
22 80
22 79
22 78
22 77
22 76
22 75
22 74
22 73
22 72
22 72
22 71
22 71
22 71
23 71
23 71
24 72
24 72
25 73
26 74
27 75
27 75
28 76
28 77
29 78
29 79
29 79
30 80
31 81
32 82
33 83
33 83
33 84
34 85
34 86
35 87
35 88
35 88
36 89
36 90
37 91
37 92
38 93
38 94
38 94
38 95
39 96
39 97
39 98
40 99
40 100
40 100
40 99
40 98
40 97
40 96
41 95
41 94
41 93
41 92
41 91
41 90
41 89
41 88
42 87
42 86
42 85
42 84
42 83
42 82
42 81
42 80
42 79
43 78
43 77
43 76
43 75
43 74
43 73
43 72
43 71
43 70
44 69
44 68
44 67
44 66
44 65
44 64
44 63
44 62
45 61
45 60
45 59
45 58
45 57
45 56
45 55
45 54
45 53
46 52
46 51
46 50
46 49
46 48
46 48
46 49
46 50
46 50
46 49
46 49
46 49
46 50
46 50
47 50
47 50
48 50
48 50
48 49
48 49
49 48
49 47
50 46
50 46
51 45
51 44
52 43
52 42
52 42
52 41
53 40
53 39
54 38
54 37
54 37
54 36
55 35
55 34
55 33
56 32
56 31
56 31
56 30
57 29
57 28
57 27
58 26
58 25
58 25
58 24
59 23
59 22
59 21
60 20
60 19
60 19
60 18
61 17
61 16
61 15
62 14
62 13
62 13
62 12
62 11
63 10
63 9
63 8
63 8
63 7
64 6
64 5
64 5
64 4
64 3
64 2
64 2
64 1
64 1
64 0
64 0
63 0
63 0
63 0
62 1
62 1
62 2
62 2
61 3
61 4
61 4
61 5
61 6
61 7
61 8
61 8
61 9
61 10
61 11
60 12
60 13
60 14
60 15
60 15
60 16
60 17
60 18
60 19
59 20
59 21
59 22
59 23
59 24
59 25
59 25
59 26
59 27
59 28
59 29
59 30
58 31
58 32
58 33
58 34
58 35
58 36
58 36
58 37
58 38
58 39
58 40
58 41
57 42
57 43
57 44
57 45
57 46
57 47
57 47
57 48
57 49
57 50
57 51
57 52
56 53
56 54
56 55
56 56
56 57
56 58
56 59
56 59
56 60
56 61
56 62
56 63
56 64
56 65
56 66
56 67
56 68
56 68
56 69
56 70
56 71
56 72
56 73
56 74
56 74
56 75
56 76
56 77
56 78
56 79
56 80
56 80
56 81
56 82
56 83
56 83
57 84
57 85
57 85
57 86
57 86
57 86
58 85
58 85
58 84
58 83
58 82
58 82
58 81
59 80
59 79
59 78
59 78
59 77
59 76
59 75
59 74
59 73
59 72
59 72
59 71
59 70
59 69
60 68
60 67
60 66
60 65
60 65
60 64
60 63
60 62
60 61
60 60
60 59
60 59
60 58
60 57
61 56
61 55
61 54
61 53
61 53
61 52
62 51
62 50
62 49
62 49
62 48
63 47
63 46
63 46
64 46
64 46
64 46
64 47
65 48
65 49
65 49
65 50
65 51
65 52
65 53
65 53
65 54
65 55
65 56
65 57
65 58
65 59
65 59
65 60
65 61
65 62
66 63
66 64
66 65
66 66
66 66
66 67
66 68
66 69
66 70
66 71
66 72
66 72
66 73
66 74
66 75
66 76
66 77
66 78
66 78
66 79
66 80
66 80
67 81
67 81
67 81
67 81
67 80
67 79
67 78
67 78
67 77
67 76
68 75
68 74
68 73
68 73
68 72
68 71
68 70
68 69
68 68
68 68
68 67
69 66
69 65
69 65
70 64
70 64
71 65
71 65
71 66
71 67
71 68
71 68
71 69
71 70
72 71
72 72
72 73
72 73
72 74
72 75
72 76
72 77
72 78
72 78
72 79
73 80
73 81
73 82
73 82
73 81
73 80
73 79
73 78
73 77
73 76
73 75
73 74
73 73
73 72
73 71
73 70
72 69
72 68
72 67
72 66
72 65
72 64
72 63
72 62
72 61
72 60
72 59
72 58
72 57
72 56
72 55
72 54
72 53
72 52
72 51
72 50
72 49
72 48
72 47
72 46
71 45
71 44
71 43
71 42
71 41
71 40
71 39
71 38
71 37
71 36
71 35
71 34
71 33
71 32
71 31
71 30
71 29
71 28
71 27
71 26
71 25
71 24
71 23
71 22
70 21
70 20
70 19
70 18
70 17
70 16
70 15
70 14
70 13
70 12
70 11
70 10
70 9
70 9
70 9
70 8
70 8
70 9
70 9
70 10
70 11
70 11
70 12
69 13
69 14
69 15
69 15
69 16
69 17
69 18
69 19
69 20
69 21
69 22
69 22
69 23
69 24
69 25
69 26
68 27
68 28
68 29
68 30
68 31
68 31
68 32
68 33
68 34
68 35
68 36
68 37
68 38
68 39
68 40
68 41
68 41
68 42
68 43
68 44
68 45
68 46
68 47
68 48
68 49
68 50
68 51
68 52
68 52
68 53
68 54
67 55
67 56
67 57
67 58
67 58
67 59
67 60
67 61
67 61
67 62
67 63
67 63
68 63
68 63
68 62
68 62
68 61
68 60
68 59
68 58
68 57
68 56
69 55
69 54
69 53
69 52
69 51
69 50
69 49
69 48
69 47
69 46
69 45
69 44
69 43
69 42
70 41
70 40
70 39
70 38
70 37
70 36
70 35
70 35
70 34
70 33
70 32
71 31
71 30
71 29
71 28
71 28
71 27
71 26
71 26
71 26
71 26
71 27
71 27
72 28
72 29
72 29
72 30
72 31
72 32
72 33
72 33
72 34
72 35
73 36
73 37
73 38
73 38
73 39
74 40
74 41
74 42
74 43
75 44
75 45
75 46
75 46
75 47
75 48
75 49
75 50
76 51
76 52
76 53
76 54
76 55
76 56
76 56
76 57
76 58
76 59
76 60
77 61
77 62
77 63
77 64
77 65
77 66
77 66
77 67
77 68
77 69
77 70
78 71
78 72
78 73
78 74
78 75
78 76
78 76
78 77
78 78
78 79
78 80
78 81
78 82
78 83
78 83
78 84
78 85
79 86
79 87
79 88
79 89
79 89
80 90
80 91
81 92
81 93
81 93
82 94
82 95
82 95
82 94
82 93
82 92
82 91
82 90
82 89
82 88
81 87
81 86
81 85
81 84
81 83
81 82
81 81
81 80
81 79
81 78
81 77
81 76
81 75
81 74
81 73
81 72
80 71
80 70
80 69
80 68
80 67
80 66
80 65
80 64
80 63
80 62
80 61
80 60
80 59
80 58
80 57
80 56
79 55
79 54
79 53
79 52
79 51
79 50
79 49
79 48
79 47
79 46
79 45
79 44
79 43
79 42
79 41
79 40
78 39
78 38
78 37
78 36
78 35
78 34
78 33
78 32
78 31
78 30
78 29
78 28
78 27
78 26
78 25
78 24
77 23
77 22
77 21
77 20
77 19
77 18
77 17
77 16
77 16
76 15
76 15
75 14
75 13
75 13
75 12
75 12
75 12
75 12
76 11
76 11
77 10
78 10
78 10
79 10
80 10
80 10
81 10
82 10
83 10
83 10
84 11
85 12
86 13
86 13
86 14
87 15
87 16
87 17
88 18
88 19
88 19
88 20
88 21
88 22
89 23
89 24
89 25
89 26
89 27
89 27
89 28
89 29
89 30
89 31
90 32
90 33
90 34
90 35
90 36
90 37
90 37
90 38
90 39
90 40
90 41
90 42
90 43
90 44
90 45
90 46
90 47
90 47
90 48
90 49
90 50
90 51
90 52
90 53
90 54
90 55
90 56
90 57
90 57
90 58
90 59
90 60
91 61
91 62
91 63
91 64
91 64
91 65
91 66
92 67
92 68
92 69
92 70
92 70
92 71
93 72
93 73
93 74
93 74
93 75
94 76
94 77
94 77
94 78
94 79
94 79
94 79
94 78
93 77
93 76
93 75
93 74
92 73
92 72
92 71
92 70
91 69
91 68
91 67
91 66
90 65
90 64
90 63
90 62
89 61
89 60
89 59
89 58
88 57
88 56
88 55
88 54
87 53
87 52
87 51
87 50
86 49
86 48
86 47
86 46
85 45
85 44
85 43
85 42
84 41
84 40
84 40
83 41
83 42
83 42
83 42
83 41
83 41
83 41
84 40
84 39
84 39
84 38
85 37
85 36
85 36
86 35
87 34
87 34
88 33
88 32
89 31
89 31
90 30
91 30
91 30
92 29
93 29
93 29
93 30
93 30
93 31
93 32
93 32
93 33
92 34
92 35
92 35
92 36
92 37
91 38
91 39
91 40
91 40
91 41
90 42
90 43
89 44
89 45
89 45
89 46
89 47
88 48
88 49
88 50
88 50
88 51
88 52
87 53
87 54
87 55
87 55
86 56
86 57
86 57
87 58
87 58
87 59
87 59
88 58
88 58
89 57
90 57
90 57
91 56
92 55
92 55
93 54
94 54
94 54
94 53
94 53
95 54
95 54
94 55
94 56
94 56
94 57
93 58
93 59
93 59
92 60
92 61
91 62
91 62
91 63
90 64
90 65
90 65
90 66
89 67
89 68
89 68
89 69
89 69
90 70
90 70
91 71
91 71
92 71
92 71
93 70
93 70
94 69
95 69
96 68
96 68
97 67
98 66
98 66
99 66
99 66
100 67
100 67
99 68
99 68
99 69
98 70
98 71
98 72
98 72
97 73
97 74
96 75
96 76
96 76
96 77
96 78
95 79
95 80
95 81
95 81
95 82
94 83
94 84
94 84
93 85
93 86
93 86
94 87
94 88
94 88
95 88
95 88
96 87
97 86
97 86
98 85
98 84
99 83
