0 52
0 52
0 51
0 51
1 50
1 50
2 49
2 49
3 48
3 48
4 47
5 47
6 46
6 46
7 45
7 44
8 43
8 43
9 42
10 41
11 40
11 40
12 39
13 38
13 38
14 37
14 36
15 35
15 35
16 34
17 34
18 33
18 33
18 32
18 31
18 30
18 29
18 28
18 27
18 26
18 25
18 24
18 23
18 22
18 21
18 20
18 19
18 18
18 17
18 16
18 16
17 17
16 17
16 17
15 18
14 18
14 18
13 19
13 19
13 20
13 21
13 22
13 22
13 23
12 24
12 25
12 25
12 26
12 27
12 28
12 29
12 30
12 31
12 31
12 32
12 33
12 34
12 35
12 36
12 36
12 37
12 38
12 39
12 40
12 41
12 42
12 42
12 43
12 44
12 45
11 46
11 47
11 48
11 49
11 49
11 50
11 51
11 52
11 53
11 54
11 55
11 56
11 57
11 57
11 58
11 59
11 60
10 61
10 62
10 63
10 64
10 64
10 65
10 66
10 67
9 68
9 69
9 70
9 71
9 71
9 72
9 73
8 74
8 75
8 76
8 77
8 77
8 78
7 79
7 80
7 81
7 81
7 80
7 79
7 78
7 77
7 76
7 75
7 74
7 73
7 72
7 71
7 70
7 69
8 68
8 67
8 66
8 65
8 64
8 63
8 62
8 61
8 60
8 59
8 58
8 57
8 56
8 56
8 55
9 54
9 53
10 52
10 51
10 51
11 50
12 49
12 49
12 49
13 50
13 50
14 51
14 52
15 53
15 53
16 54
16 55
17 56
17 57
17 57
17 58
17 59
18 60
18 61
18 62
18 62
18 63
19 64
19 65
20 66
20 67
20 67
21 68
21 69
22 70
22 71
22 71
23 72
23 73
24 74
24 75
24 75
24 76
25 77
25 78
25 78
26 79
26 80
27 81
27 81
27 82
28 83
28 84
28 84
29 85
29 85
29 84
30 83
30 82
30 81
30 80
31 79
31 78
31 77
32 76
32 75
32 74
33 73
33 72
33 71
33 70
34 69
34 68
34 67
35 66
35 65
35 64
35 63
36 62
36 61
36 60
37 59
37 58
37 57
37 56
38 55
38 54
38 53
39 52
39 51
39 50
40 49
40 48
40 47
40 46
41 45
41 44
41 43
42 42
42 41
42 40
42 39
43 38
43 37
43 37
43 38
42 39
42 40
42 41
42 41
41 40
41 40
41 39
41 39
41 39
42 38
42 38
43 37
43 37
44 36
45 35
45 35
46 34
47 33
47 33
48 32
49 31
50 30
50 30
51 29
52 28
52 28
53 27
53 26
53 26
54 25
55 24
55 24
55 23
55 22
54 21
54 20
54 19
54 18
54 17
53 16
53 15
53 14
53 13
53 12
52 11
52 10
52 9
52 9
52 10
52 10
52 10
51 11
51 11
51 12
51 13
51 14
51 15
51 15
51 16
51 17
50 18
50 19
50 20
50 21
50 21
50 22
50 23
50 24
49 25
49 26
49 27
49 28
49 29
49 29
49 30
49 31
49 32
48 33
48 34
48 35
48 36
48 37
48 37
48 38
48 39
48 40
47 41
47 42
47 43
47 44
47 45
47 45
47 46
47 47
47 48
46 49
46 50
46 51
46 52
46 52
46 53
46 54
46 55
45 56
45 57
45 58
45 59
45 59
45 60
45 61
44 62
44 63
44 64
44 64
44 65
44 66
43 67
43 68
43 69
43 70
43 70
43 71
43 72
43 73
43 74
43 75
43 75
43 76
42 77
42 78
42 78
42 79
42 80
42 81
42 81
42 81
42 80
43 79
43 78
43 77
43 76
44 75
44 74
44 73
44 72
45 71
45 70
45 69
45 68
46 67
46 66
46 65
46 64
47 63
47 62
47 61
47 60
48 59
48 58
48 57
48 56
49 55
49 54
49 54
49 53
50 52
50 51
50 50
51 49
51 48
51 48
52 48
52 48
52 49
52 49
52 50
52 50
52 51
52 52
52 53
52 53
52 54
52 55
52 56
52 57
52 57
52 58
51 59
51 60
51 61
51 61
51 62
50 63
50 64
50 64
50 65
49 66
49 67
49 68
49 68
49 69
48 70
48 71
48 71
48 72
48 73
48 73
48 74
48 74
48 73
48 73
49 72
49 72
50 71
50 70
51 69
51 69
51 68
52 67
52 66
52 66
52 65
53 64
53 63
54 62
54 61
54 61
55 60
55 59
56 58
56 58
57 57
57 57
58 57
58 57
58 58
58 58
58 59
58 60
58 60
58 61
58 62
58 63
58 63
58 64
58 65
58 66
58 66
58 67
58 68
58 69
58 69
57 70
57 71
57 71
57 72
57 73
57 73
57 73
57 73
57 72
57 72
58 71
58 70
58 70
58 69
58 68
58 68
59 67
60 66
60 66
61 65
61 65
62 66
62 66
63 67
63 67
64 68
64 68
65 69
65 69
66 69
66 69
67 69
67 69
68 69
68 69
68 69
68 68
68 67
68 66
68 65
68 64
68 63
68 62
68 61
68 60
68 59
69 58
69 57
69 56
69 55
69 54
69 53
69 52
69 51
69 50
69 49
69 48
69 47
69 46
69 45
69 44
69 43
69 42
69 41
69 40
69 39
69 38
69 37
70 36
70 35
70 34
70 33
70 32
70 31
70 30
70 29
70 28
70 27
70 26
70 25
70 24
70 23
70 22
70 21
70 20
70 19
70 18
70 17
70 16
70 15
71 14
71 13
71 12
71 11
71 10
71 9
71 8
71 7
71 6
71 5
71 4
71 4
72 3
72 2
72 2
71 1
71 1
71 0
71 0
71 1
71 2
71 2
71 3
71 4
71 5
71 5
71 6
70 7
70 8
70 9
70 9
70 10
70 11
69 12
69 13
69 14
69 14
69 15
68 16
68 17
68 18
67 19
67 20
67 20
67 21
67 22
66 23
66 24
66 25
66 26
66 26
66 27
65 28
65 29
65 30
64 31
64 32
64 32
64 33
63 34
63 35
63 36
63 36
63 37
62 38
62 39
62 40
62 40
62 41
61 42
61 43
61 44
61 44
61 45
61 46
61 46
61 47
61 48
61 48
61 49
61 49
62 49
62 49
63 48
63 48
63 47
64 46
64 45
64 44
64 44
64 43
65 42
65 41
65 40
65 40
65 39
65 38
66 37
66 36
66 35
66 34
66 34
67 33
67 32
68 31
68 30
68 30
69 29
69 28
69 28
69 27
69 27
70 28
70 29
70 29
70 30
70 31
70 32
70 33
70 33
70 34
70 35
71 36
71 37
71 38
71 38
71 39
71 40
71 41
71 42
71 43
71 44
71 45
71 45
71 46
71 47
71 48
71 49
71 50
71 51
71 52
71 52
71 53
71 54
72 55
72 56
72 57
72 58
72 58
72 59
72 60
72 61
72 62
72 63
72 64
72 64
72 65
72 66
72 67
72 68
72 68
72 69
72 70
73 71
73 72
73 73
73 73
73 74
73 75
73 76
73 77
73 77
73 78
73 79
73 80
73 81
73 82
73 82
73 83
73 84
73 85
73 85
73 86
73 87
73 87
73 88
73 89
73 89
73 88
73 87
73 86
73 85
73 84
73 83
73 82
73 81
73 80
73 79
73 78
73 77
73 76
73 75
73 74
73 73
73 72
73 71
73 70
73 69
73 68
73 67
73 66
73 65
73 64
73 63
73 62
73 61
73 60
73 59
73 58
73 57
73 56
73 55
73 54
73 53
73 52
73 51
73 50
73 49
73 48
73 47
73 46
73 45
73 44
73 43
73 42
73 41
73 40
73 39
73 38
73 37
73 36
73 35
73 34
73 33
73 32
73 31
73 30
73 29
73 28
73 27
73 26
73 25
73 24
73 23
73 22
73 21
73 21
73 20
73 19
73 18
73 18
73 17
73 16
73 16
73 16
73 15
73 15
74 14
74 14
75 13
75 13
76 12
76 12
77 11
77 11
78 11
79 11
79 11
80 11
80 11
80 11
81 12
81 12
81 13
81 14
81 14
81 15
81 16
81 17
81 18
81 18
81 19
80 20
80 21
80 21
80 22
79 23
79 24
79 24
79 25
79 26
79 27
79 27
79 28
79 29
79 29
78 30
78 30
79 31
79 31
79 31
80 31
80 31
81 30
81 30
82 29
82 28
82 28
83 27
83 27
84 27
84 27
85 27
85 27
86 27
86 27
86 28
86 29
86 29
87 30
87 31
87 31
87 32
87 33
87 34
87 34
87 35
87 36
88 37
88 38
88 39
88 39
88 40
88 41
88 42
88 43
88 44
88 44
88 45
88 46
88 47
88 48
88 49
88 50
88 51
88 51
88 52
88 53
88 54
89 55
89 56
89 57
89 58
89 58
89 59
89 60
89 61
89 62
89 63
89 64
89 65
89 65
89 66
89 67
89 68
89 69
89 70
89 71
89 72
89 72
89 73
89 74
89 75
90 76
90 77
90 78
90 79
90 79
90 80
90 81
91 82
91 83
91 84
91 85
91 85
91 86
91 87
91 88
91 89
91 90
91 90
91 91
92 92
92 93
92 94
92 94
92 95
92 96
92 97
92 97
92 98
92 99
92 100
92 100
92 100
92 100
93 100
93 100
92 99
92 99
92 98
92 98
92 97
91 96
91 95
91 95
91 94
91 93
91 92
90 91
90 90
90 89
90 88
90 87
90 86
90 85
89 84
89 83
89 82
89 81
89 80
89 79
89 78
88 77
88 76
88 75
88 74
88 73
88 72
88 71
87 70
87 69
87 68
87 67
87 66
87 65
87 64
86 63
86 62
86 61
86 60
86 59
86 58
86 57
85 56
85 55
85 54
85 53
85 52
85 51
85 50
84 49
84 48
84 47
84 46
84 46
83 45
83 45
83 46
83 46
82 46
82 46
82 46
82 46
82 46
82 46
83 45
83 44
83 44
84 43
85 43
85 43
86 42
86 41
86 41
87 40
87 39
88 38
88 38
89 37
89 37
90 37
90 37
91 38
91 38
92 39
92 40
92 40
92 41
91 42
91 43
91 44
91 44
91 45
91 46
90 47
90 48
90 49
90 49
90 50
90 51
89 52
89 53
89 54
89 54
89 55
89 56
88 57
88 58
88 59
88 59
87 60
87 61
86 62
86 63
86 63
86 64
86 65
86 65
85 66
85 67
85 67
85 67
85 67
86 66
86 66
87 65
87 64
87 64
88 63
89 62
89 62
89 61
90 60
90 59
90 59
91 58
92 58
92 58
93 57
93 57
94 58
94 58
94 59
94 60
94 60
94 61
94 62
94 63
94 64
94 64
94 65
94 66
93 67
93 68
93 69
93 69
93 70
93 71
92 72
92 73
92 74
92 74
92 75
92 76
92 77
92 78
92 79
92 79
92 80
92 81
91 82
91 83
91 84
91 84
91 85
90 86
90 87
90 87
89 88
89 89
89 89
89 90
89 91
89 91
89 91
89 91
90 91
91 91
91 91
92 90
92 89
92 89
93 88
94 87
94 87
95 86
95 85
96 84
96 83
96 83
97 82
98 81
98 80
99 79
100 78
