1 66
0 67
0 67
0 67
0 66
0 66
0 67
0 67
0 67
0 66
0 66
0 66
0 65
0 64
0 64
0 63
1 62
1 61
1 61
1 60
2 59
2 58
2 57
3 56
3 55
3 55
4 54
4 53
5 52
5 51
6 50
6 49
6 49
7 48
7 47
8 46
8 45
9 44
9 43
10 42
10 41
10 41
11 40
11 39
12 38
13 37
13 36
14 35
14 34
15 33
15 33
16 32
16 31
17 30
18 29
18 28
19 27
19 27
20 26
21 25
22 25
23 24
24 23
24 23
25 22
26 21
27 20
27 20
28 19
29 19
29 19
30 18
30 18
30 19
30 19
30 19
29 19
28 19
27 18
26 18
25 18
24 18
23 17
22 17
21 17
20 17
19 17
18 16
17 16
16 16
16 16
17 17
17 17
17 18
17 18
16 18
16 18
17 19
17 20
17 20
17 21
17 22
17 23
17 24
17 24
17 25
17 26
17 27
17 28
17 29
17 29
17 30
17 31
17 32
18 33
18 34
18 35
18 36
18 37
18 37
18 38
18 39
18 40
18 41
18 42
18 43
18 44
18 45
18 46
18 47
18 47
18 48
18 49
18 50
18 51
18 52
19 53
19 54
19 55
19 56
19 57
19 58
19 58
19 59
19 60
19 61
19 62
19 63
19 64
19 65
19 66
19 67
19 68
19 68
19 69
19 70
19 71
19 72
20 73
20 74
20 75
20 76
20 77
20 78
20 78
20 79
20 80
20 81
20 82
20 83
20 84
20 85
20 85
20 86
20 87
21 88
21 89
21 90
21 90
21 91
21 92
21 93
21 94
21 95
21 95
21 96
22 97
22 98
22 98
22 99
22 100
22 100
22 99
22 98
22 97
22 96
22 95
22 94
22 93
22 92
22 91
22 90
22 89
22 88
22 87
22 86
21 85
21 84
21 83
21 82
21 81
21 80
21 79
21 78
21 77
21 76
21 75
21 74
21 73
21 72
21 71
21 70
21 70
21 69
21 68
21 67
21 67
20 66
20 66
20 65
20 65
21 65
21 65
22 64
22 64
23 63
24 63
24 63
25 63
26 63
27 63
27 63
28 64
29 64
30 65
30 65
31 66
32 67
32 68
33 69
33 69
34 70
34 71
35 72
35 73
36 74
36 75
36 75
36 76
37 77
37 78
37 79
38 80
38 81
38 81
38 82
39 83
39 84
40 85
40 86
40 86
41 87
41 88
42 89
42 90
42 90
42 89
42 88
43 87
43 86
43 85
43 84
43 83
44 82
44 81
44 80
44 79
45 78
45 77
45 76
45 75
45 74
46 73
46 72
46 71
46 70
46 69
47 68
47 67
47 66
47 65
47 64
48 63
48 62
48 61
48 60
49 59
49 58
49 57
49 56
49 55
50 54
50 53
50 52
50 51
50 50
51 49
51 48
51 47
51 46
51 45
52 44
52 43
52 42
52 41
53 40
53 39
53 38
53 37
53 36
54 35
54 34
54 33
54 33
53 34
53 34
53 34
52 34
52 34
52 34
53 34
53 34
54 33
54 33
55 32
55 31
55 31
56 30
57 29
57 29
58 28
58 27
59 26
59 26
60 25
61 24
61 23
62 22
62 22
63 21
64 20
64 19
65 18
65 18
66 17
67 16
68 15
68 15
69 14
69 13
70 12
70 12
71 11
72 11
72 11
72 10
72 10
71 10
70 9
69 9
68 9
67 8
66 8
65 8
64 8
63 7
62 7
62 7
63 6
63 5
63 5
63 5
63 5
63 6
63 6
63 7
63 8
63 8
63 9
63 10
63 11
63 12
63 12
63 13
63 14
63 15
63 16
63 17
63 18
63 18
63 19
63 20
63 21
63 22
63 23
63 24
63 25
63 25
63 26
63 27
63 28
63 29
62 30
62 31
62 32
62 33
62 34
62 35
62 35
62 36
62 37
62 38
62 39
62 40
62 41
62 42
62 43
62 44
62 44
62 45
62 46
62 47
62 48
62 49
62 50
62 51
62 52
62 53
62 53
62 54
62 55
62 56
62 57
62 58
62 59
62 60
62 61
62 61
62 62
62 63
62 64
62 65
62 66
62 67
62 67
62 68
62 69
62 70
62 71
62 71
62 72
62 73
62 74
62 75
62 75
63 76
63 76
63 77
63 77
64 76
64 76
64 75
64 74
64 73
64 73
64 72
65 71
65 70
65 69
65 69
65 68
65 67
65 66
65 65
65 64
65 63
65 63
65 62
65 61
66 60
66 59
66 58
66 57
66 57
66 56
66 55
67 54
67 53
67 52
67 51
67 51
67 50
68 49
68 48
68 48
69 47
69 46
69 46
70 46
70 46
70 47
70 47
70 48
70 49
70 50
70 50
70 51
71 52
71 53
71 53
71 54
71 55
71 56
71 57
71 57
71 58
71 59
71 60
71 61
71 61
71 62
71 63
71 64
71 65
71 66
71 66
71 67
71 68
71 69
71 69
71 70
71 70
71 71
71 71
72 71
72 71
72 70
72 69
72 69
72 68
73 67
73 66
73 66
73 65
74 64
74 63
74 62
74 62
74 61
75 60
75 59
75 59
76 58
76 57
76 57
77 57
77 57
78 58
78 59
78 59
78 60
78 61
78 62
78 63
78 63
78 64
78 65
78 66
78 67
78 68
78 68
78 69
78 70
78 71
78 72
78 73
78 73
78 74
77 75
77 76
77 77
77 77
77 78
77 79
77 80
77 81
77 81
78 81
78 81
78 80
78 79
78 78
78 77
78 76
78 75
78 74
78 73
78 72
78 71
78 70
78 69
78 68
78 67
78 66
78 65
78 64
78 63
78 62
78 61
78 60
78 59
78 58
78 57
78 56
78 55
78 54
78 53
78 52
78 51
78 50
78 49
78 48
78 47
78 46
78 45
78 44
78 43
78 42
78 41
78 40
78 39
78 38
78 37
78 36
78 35
78 34
78 33
78 32
78 31
78 30
78 29
78 28
78 27
78 26
78 25
78 24
78 23
78 22
78 21
78 20
78 19
78 18
78 17
78 16
78 15
78 14
78 13
78 12
78 11
78 10
78 9
78 8
78 7
78 6
78 6
78 5
78 4
78 4
78 3
78 3
78 2
78 2
78 1
78 1
79 0
79 0
79 0
79 1
79 2
79 2
78 3
78 4
78 4
78 5
78 6
78 7
78 8
78 9
78 10
78 10
78 11
78 12
78 13
77 14
77 15
77 16
77 17
77 18
77 18
77 19
77 20
76 21
76 22
76 23
76 24
76 25
75 26
75 27
75 28
75 28
75 29
75 30
75 31
75 32
74 33
74 34
74 35
74 36
74 37
74 38
74 38
74 39
74 40
74 41
73 42
73 43
73 44
73 45
73 46
73 46
73 47
73 48
73 49
73 50
73 51
73 52
73 53
73 53
73 54
73 55
73 56
73 57
73 57
74 58
74 59
74 59
74 60
74 60
75 60
75 60
75 59
75 58
75 57
75 56
75 55
75 54
75 53
75 52
75 51
75 50
75 49
76 48
76 47
76 46
76 45
76 44
76 43
76 42
76 41
76 40
76 39
76 38
76 37
76 37
76 36
76 35
76 34
76 33
76 32
76 32
76 31
76 31
76 32
76 32
77 32
77 32
77 33
77 34
77 35
77 35
77 36
78 37
78 38
78 39
78 39
78 40
79 41
79 42
79 43
79 43
79 44
79 45
79 46
80 47
80 48
80 49
80 50
80 50
80 51
81 52
81 53
81 54
81 55
82 56
82 57
82 57
82 58
82 59
82 60
83 61
83 62
83 63
83 64
83 65
83 65
83 66
83 67
83 68
84 69
84 70
84 71
84 72
84 72
84 73
84 74
85 75
85 76
85 77
85 78
85 78
86 79
86 80
87 81
87 82
87 82
87 83
88 84
88 85
88 85
88 86
88 87
88 87
88 86
88 85
88 84
88 83
87 82
87 81
87 80
87 79
87 78
87 77
87 76
87 75
87 74
86 73
86 72
86 71
86 70
86 69
86 68
86 67
86 66
86 65
85 64
85 63
85 62
85 61
85 60
85 59
85 58
85 57
85 56
84 55
84 54
84 53
84 52
84 51
84 50
84 49
84 48
84 47
83 46
83 45
83 44
83 43
83 42
83 41
83 40
83 39
83 38
82 37
82 36
82 35
82 34
82 33
82 32
82 31
82 30
82 29
81 28
81 27
81 26
81 25
81 24
81 23
81 22
81 21
81 20
80 19
80 18
80 17
80 16
80 15
80 15
80 15
79 15
79 15
78 14
78 14
78 14
79 14
79 14
80 13
80 13
81 12
81 12
82 12
83 12
83 12
84 12
85 12
85 12
86 13
87 13
87 13
88 14
89 15
89 15
89 16
89 17
90 18
90 19
90 20
90 20
90 21
90 22
91 23
91 24
91 25
91 25
91 26
91 27
91 28
91 29
91 30
91 31
91 32
91 33
91 33
91 34
91 35
91 36
91 37
91 38
91 39
91 40
91 40
91 41
91 42
91 43
91 44
91 45
91 46
91 47
91 48
91 48
91 49
91 50
91 51
91 52
91 53
91 54
91 55
91 55
91 56
91 57
91 58
92 59
92 60
92 61
92 62
92 62
92 63
92 64
93 65
93 66
93 67
93 68
93 68
93 69
93 70
93 71
93 72
93 73
93 73
93 74
94 75
94 76
94 77
94 77
94 78
95 79
95 80
95 80
96 81
97 81
97 81
97 82
97 82
98 81
98 81
98 80
97 79
97 78
97 77
96 76
96 75
96 74
95 73
95 72
95 71
95 70
94 69
94 68
94 67
93 66
93 65
93 64
92 63
92 62
92 61
91 60
91 59
91 58
90 57
90 56
90 55
89 54
89 53
89 52
88 51
88 50
88 49
88 48
87 47
87 46
87 45
86 44
86 43
86 42
85 41
85 40
85 40
85 40
85 40
84 39
84 39
84 39
84 38
84 38
85 37
85 37
86 36
86 35
86 35
87 34
87 34
88 33
89 33
89 33
90 32
91 32
91 32
92 32
92 32
92 33
92 33
92 34
92 34
92 35
92 36
92 37
92 37
92 38
91 39
91 40
91 40
91 41
91 42
91 43
91 44
91 44
91 45
90 46
90 47
90 47
90 48
90 49
90 49
90 50
90 51
90 51
90 51
90 51
91 51
91 51
92 50
92 49
92 49
93 48
93 48
94 47
94 47
95 47
95 47
95 47
95 48
95 49
95 49
95 50
95 51
95 51
95 52
94 53
94 54
94 54
94 55
93 56
93 57
93 57
93 58
93 59
93 59
93 60
93 61
93 61
93 61
93 61
93 61
94 61
94 61
95 60
96 60
96 60
97 59
98 59
98 59
99 59
99 59
100 60
100 60
99 61
99 62
99 62
99 63
98 64
98 65
98 65
98 66
98 67
97 68
97 69
97 70
97 70
96 71
96 72
95 73
95 74
95 74
94 75
94 76
93 77
93 78
93 78
93 79
92 80
92 81
92 81
92 82
92 82
93 82
93 82
94 81
95 80
95 80
96 79
97 78
98 77
