4 46
3 47
2 48
1 49
1 49
0 48
0 48
0 47
0 46
0 46
0 47
0 47
0 47
0 46
0 46
0 46
0 46
1 45
1 45
2 44
3 43
3 43
4 42
4 41
5 40
5 40
6 39
7 39
8 38
8 38
9 37
9 36
10 35
10 35
11 34
11 33
12 32
12 32
13 31
13 30
14 29
14 29
15 28
16 27
16 27
17 26
17 26
17 25
17 24
16 23
16 22
16 21
16 20
16 19
15 18
15 17
15 16
15 16
14 15
13 15
13 15
12 15
12 15
11 15
11 15
11 16
11 17
11 17
11 18
10 19
10 20
10 20
10 21
10 22
10 23
10 24
10 24
10 25
10 26
9 27
9 28
9 29
9 29
9 30
9 31
9 32
9 33
9 34
9 35
9 36
9 36
9 37
9 38
9 39
9 40
9 41
9 42
9 43
9 43
9 44
9 45
9 46
8 47
8 48
8 49
8 50
8 51
8 51
8 52
8 53
8 54
8 55
8 56
8 57
8 58
8 59
8 60
8 61
8 61
8 62
8 63
8 64
8 65
7 66
7 67
7 68
7 69
7 70
7 71
7 71
7 72
7 73
7 74
7 75
7 76
7 77
7 77
7 78
7 79
6 80
6 81
6 82
6 83
6 83
6 84
6 85
6 85
6 85
6 85
6 84
6 83
6 82
6 81
6 80
6 79
6 78
7 77
7 76
7 75
7 74
7 73
7 72
7 71
7 70
7 70
7 69
7 68
7 67
7 66
7 65
8 64
8 63
8 62
8 61
8 60
8 59
8 58
8 58
8 57
8 56
8 55
8 55
9 54
9 53
9 53
10 53
10 53
11 54
11 55
11 55
12 56
12 57
12 57
12 58
12 59
13 60
13 61
13 62
13 62
13 63
13 64
14 65
14 66
14 67
14 67
14 68
14 69
15 70
15 71
15 72
15 72
16 73
16 74
17 75
17 76
17 76
17 77
18 78
18 79
19 80
19 81
19 81
20 82
20 83
21 84
21 85
21 85
21 86
22 87
22 88
22 88
23 89
24 90
24 90
25 91
26 92
26 92
27 93
27 93
27 92
27 91
28 90
28 89
28 88
28 87
28 86
29 85
29 84
29 83
29 82
30 81
30 80
30 79
30 78
30 77
31 76
31 75
31 74
31 73
31 72
32 71
32 70
32 69
32 68
33 67
33 66
33 65
33 64
33 63
34 62
34 61
34 60
34 59
34 58
35 57
35 56
35 55
35 54
36 53
36 52
36 51
36 50
36 49
37 48
37 47
37 46
37 45
37 44
38 43
38 42
38 41
38 40
39 39
39 38
39 37
39 36
39 35
40 34
40 33
40 32
40 32
41 33
41 33
41 33
41 33
42 33
42 33
43 32
43 32
44 31
44 31
45 30
46 29
46 29
47 28
47 27
48 26
48 26
49 25
50 24
50 24
51 23
52 22
52 22
53 21
54 20
54 20
55 19
55 19
55 18
55 17
55 16
55 15
55 14
55 13
55 12
55 11
54 10
54 9
54 8
54 7
54 6
54 5
54 4
54 3
54 2
54 2
53 2
53 2
53 3
53 4
53 4
52 5
52 6
52 6
52 7
52 8
52 9
52 10
52 10
52 11
52 12
51 13
51 14
51 15
51 16
51 16
51 17
51 18
51 19
50 20
50 21
50 22
50 23
50 23
50 24
50 25
50 26
49 27
49 28
49 29
49 30
49 31
49 31
49 32
49 33
49 34
48 35
48 36
48 37
48 38
48 39
48 39
48 40
48 41
48 42
47 43
47 44
47 45
47 46
47 47
47 47
47 48
47 49
47 50
46 51
46 52
46 53
46 54
46 54
46 55
46 56
45 57
45 58
45 59
45 60
45 60
45 61
44 62
44 63
44 64
44 64
44 65
44 66
44 66
44 67
44 67
45 66
45 66
45 65
46 64
46 63
46 63
46 62
47 61
47 60
47 59
47 59
47 58
48 57
48 56
49 55
49 54
49 54
50 53
50 52
51 51
51 50
51 50
52 49
52 48
52 48
53 47
53 46
53 46
54 47
54 47
54 48
54 49
54 49
54 50
54 51
54 52
54 52
54 53
54 54
54 55
54 56
54 57
54 57
54 58
54 59
53 60
53 61
53 62
53 62
53 63
53 64
52 65
52 66
52 67
52 67
52 68
52 69
52 70
52 70
52 71
51 72
51 73
51 73
51 74
51 75
51 75
51 75
52 75
52 75
52 74
52 74
53 73
53 72
53 72
54 71
54 70
55 69
55 68
55 68
55 67
56 66
56 65
56 64
56 64
56 63
57 62
57 61
57 61
58 60
58 60
59 60
59 60
60 60
60 60
61 61
61 62
61 62
61 63
61 64
61 64
62 65
62 66
62 66
62 67
62 67
63 68
63 68
63 69
63 69
63 69
63 69
63 68
63 67
63 66
63 65
63 64
64 63
64 62
64 61
64 60
64 59
64 58
64 57
64 56
64 55
64 54
65 53
65 52
65 51
65 50
65 49
65 48
65 47
65 46
65 45
65 44
66 43
66 42
66 41
66 40
66 39
66 38
66 37
66 36
66 35
66 34
67 33
67 32
67 31
67 30
67 29
67 28
67 27
67 26
67 25
67 24
68 23
68 22
68 21
68 20
68 19
68 18
68 17
68 16
68 15
68 14
69 13
69 12
69 11
69 10
69 9
69 8
69 8
69 7
69 6
70 5
70 4
70 3
70 2
70 2
70 1
70 0
70 0
69 0
69 0
69 1
69 2
69 2
69 3
68 4
68 5
68 6
68 6
68 7
68 8
67 9
67 10
67 11
67 11
67 12
67 13
66 14
66 15
66 16
66 17
66 17
66 18
65 19
65 20
65 21
65 22
64 23
64 24
64 24
64 25
64 26
63 27
63 28
63 29
63 30
63 30
63 31
63 32
62 33
62 34
62 35
62 35
62 36
61 37
61 38
61 39
61 39
61 40
60 41
60 42
60 42
60 43
60 44
60 44
60 44
61 43
61 43
62 42
62 42
62 41
63 40
63 39
63 38
63 38
64 37
64 36
65 35
65 34
65 34
65 33
66 32
66 31
66 31
67 31
67 31
68 32
68 33
68 33
68 34
68 35
68 36
68 37
68 37
68 38
68 39
68 40
68 41
68 42
68 42
68 43
68 44
69 45
69 46
69 47
69 48
69 48
69 49
69 50
69 51
69 52
69 53
69 54
69 55
69 55
69 56
69 57
69 58
69 59
69 60
69 61
69 62
69 62
69 63
69 64
69 65
69 66
69 67
69 68
69 69
69 69
69 70
69 71
69 72
69 73
69 74
69 75
69 76
69 76
69 77
69 78
69 79
69 80
69 81
69 82
69 83
69 83
69 84
69 85
68 86
68 87
68 88
68 89
68 89
68 90
68 91
68 92
68 93
68 93
68 94
68 95
68 96
68 97
68 97
68 98
68 99
68 100
68 100
68 100
68 99
68 98
68 97
68 96
68 95
69 94
69 93
69 92
69 91
69 90
69 89
69 88
69 87
69 86
69 85
70 84
70 83
70 82
70 81
70 80
70 79
70 78
70 77
70 76
70 75
70 74
71 73
71 72
71 71
71 70
71 69
71 68
71 67
71 66
71 65
71 64
72 63
72 62
72 61
72 60
72 59
72 58
72 57
72 56
72 55
72 54
73 53
73 52
73 51
73 50
73 49
73 48
73 47
73 46
73 45
73 44
73 43
74 42
74 41
74 40
74 39
74 38
74 37
74 36
74 35
74 34
74 33
75 32
75 31
75 30
75 29
75 28
75 27
75 26
75 25
75 24
75 23
75 22
76 21
76 20
76 19
76 18
76 17
76 16
76 15
76 14
76 13
76 12
77 11
77 10
77 9
77 8
77 7
77 6
77 6
76 7
76 8
76 8
76 8
75 8
75 8
75 8
75 7
75 7
76 7
76 7
76 6
76 6
77 6
77 6
78 6
78 6
79 5
79 5
80 6
80 6
81 7
81 8
81 8
81 9
81 10
81 10
81 11
81 12
81 13
81 13
81 14
81 15
81 16
81 17
81 17
81 18
80 19
80 20
80 21
80 21
80 22
79 23
79 24
79 25
79 25
78 26
78 27
78 27
78 28
78 29
78 29
78 29
78 29
78 29
79 28
79 28
80 27
80 27
81 27
81 27
82 27
82 27
83 28
83 29
83 29
84 30
84 31
84 31
84 32
84 33
84 34
84 34
84 35
85 36
85 37
85 38
85 38
85 39
85 40
86 41
86 42
86 43
86 43
86 44
86 45
86 46
86 47
86 48
86 48
86 49
86 50
86 51
86 52
86 53
86 54
86 54
86 55
86 56
86 57
87 58
87 59
87 60
87 61
87 61
87 62
87 63
87 64
87 65
87 66
87 67
87 68
87 68
87 69
87 70
87 71
87 72
87 73
87 74
87 75
87 75
87 76
87 77
87 78
87 79
87 80
87 80
87 81
87 82
87 83
87 84
87 85
87 86
87 86
87 87
88 88
88 89
88 90
88 90
88 91
88 92
88 93
88 93
88 94
88 95
88 96
88 96
88 97
88 97
88 98
88 98
88 98
88 97
88 96
88 96
88 95
88 94
87 93
87 92
87 91
87 90
87 89
86 88
86 87
86 86
86 85
86 84
85 83
85 82
85 81
85 80
85 79
84 78
84 77
84 76
84 75
84 74
83 73
83 72
83 71
83 70
83 69
83 68
82 67
82 66
82 65
82 64
82 63
81 62
81 61
81 60
81 59
81 58
80 57
80 56
80 55
80 54
80 53
79 52
79 51
79 50
79 50
78 51
78 51
77 50
77 50
77 49
77 49
77 49
77 48
77 48
78 47
78 47
79 46
79 46
80 45
81 45
81 45
82 44
82 43
82 43
83 42
84 42
84 42
85 42
85 42
86 42
86 42
87 43
87 44
87 44
87 45
87 46
87 46
87 47
87 48
87 49
87 50
87 50
87 51
86 52
86 53
86 53
86 54
85 55
85 56
85 57
85 57
85 58
84 59
84 60
84 60
84 61
84 62
84 63
84 63
84 64
83 65
83 66
83 66
83 66
83 66
84 66
84 66
85 65
85 64
85 64
86 63
86 62
86 62
87 61
88 61
88 61
89 60
89 60
90 60
90 60
91 61
91 61
91 62
91 63
91 63
91 64
90 65
90 66
90 67
90 67
90 68
90 69
90 70
90 71
90 71
90 72
89 73
89 74
89 75
89 75
89 76
88 77
88 78
87 79
87 80
87 80
87 81
87 82
86 83
86 84
86 85
86 85
86 86
85 87
85 88
85 88
85 89
84 90
84 91
84 91
84 92
84 92
85 92
85 92
86 92
86 92
87 91
87 91
88 91
88 91
89 92
90 92
90 92
91 93
91 93
91 94
91 94
92 95
92 95
93 95
93 95
94 94
94 94
95 93
96 92
96 91
97 90
97 90
98 89
98 88
99 87
99 86
100 85
