2 47
2 48
1 49
1 50
1 50
0 50
0 50
0 50
0 49
0 48
0 48
1 47
2 46
2 46
3 45
3 44
4 43
4 43
5 42
6 41
7 40
7 40
8 39
9 38
9 37
10 36
10 36
11 35
12 34
13 33
14 32
14 32
15 31
15 30
16 29
16 28
16 28
17 27
17 26
18 25
18 25
19 24
20 23
20 23
21 22
21 22
20 22
19 21
18 21
17 21
16 20
15 20
14 20
13 20
12 19
11 19
11 19
10 20
10 21
9 22
9 23
9 23
8 24
8 24
7 25
7 26
7 26
7 27
7 28
7 29
7 30
7 30
7 31
7 32
7 33
7 34
7 35
7 35
7 36
7 37
6 38
6 39
6 40
6 41
6 41
6 42
6 43
6 44
6 45
6 46
6 47
6 48
6 48
6 49
6 50
6 51
5 52
5 53
5 54
5 55
5 55
5 56
5 57
5 58
4 59
4 60
4 61
4 62
4 63
4 63
4 64
4 65
3 66
3 67
3 68
3 69
3 69
3 70
3 71
3 72
2 73
2 74
2 75
2 76
2 76
2 77
2 78
1 79
1 80
1 81
1 81
1 82
1 83
1 83
1 84
1 85
1 85
1 85
1 85
1 84
1 83
1 83
1 82
1 81
1 80
1 80
1 79
1 78
1 77
1 76
1 76
1 75
2 74
2 73
2 72
2 72
2 71
3 70
3 69
3 68
3 68
3 67
4 66
4 65
4 64
4 64
4 63
5 62
5 61
5 61
6 60
7 60
7 60
8 60
8 60
9 61
10 61
10 61
11 62
12 63
12 63
13 64
14 65
15 66
15 66
16 67
16 68
17 69
17 69
18 70
18 71
19 72
19 72
20 73
20 74
21 75
21 75
22 76
23 77
23 77
24 78
25 78
25 78
26 77
27 77
27 77
27 76
27 75
27 74
27 73
27 72
27 71
27 70
27 69
27 68
27 67
27 66
27 65
27 64
27 63
27 62
27 61
27 60
27 60
27 59
27 58
28 57
28 56
28 55
28 55
29 54
30 53
30 53
31 52
32 51
32 51
33 50
34 49
35 48
35 48
36 47
37 46
38 45
38 45
39 44
40 43
41 43
42 42
42 42
43 41
44 40
45 39
45 39
46 38
47 38
48 37
48 37
49 36
50 35
51 34
51 34
52 33
52 32
53 31
53 31
54 30
54 29
55 28
55 28
55 27
56 26
56 25
56 25
56 24
56 23
56 22
56 21
56 20
56 19
57 18
57 17
57 16
57 15
57 14
57 13
57 12
57 11
57 11
56 10
55 10
55 10
54 11
54 11
54 12
53 13
53 14
53 14
52 15
52 16
51 17
51 18
51 18
51 19
50 20
50 21
49 22
49 23
49 23
49 24
48 25
48 26
47 27
47 28
47 29
46 30
46 31
46 31
46 32
45 33
45 34
45 35
44 36
44 37
44 38
44 39
43 40
43 41
43 41
43 42
43 43
42 44
42 45
42 46
42 47
41 48
41 49
41 50
41 50
41 51
40 52
40 53
40 54
40 55
39 56
39 57
39 58
39 58
39 59
39 60
38 61
38 62
38 63
38 64
38 64
38 65
38 66
38 67
38 68
38 69
38 69
38 70
38 71
38 72
38 72
39 73
39 74
39 74
39 74
39 73
40 72
40 71
40 71
40 70
41 69
41 68
41 67
41 67
41 66
41 65
42 64
42 63
42 62
42 62
42 61
43 60
43 59
43 58
43 58
44 57
44 56
45 55
45 54
45 54
46 53
46 53
47 54
47 54
48 55
48 55
48 56
48 57
48 58
48 59
48 59
48 60
49 61
49 62
49 62
49 63
49 64
49 65
49 65
49 66
49 67
49 68
49 68
49 69
49 70
49 70
50 71
50 72
50 72
50 72
51 71
51 70
51 70
51 69
52 68
52 67
52 67
53 66
53 65
54 64
54 64
54 63
55 62
55 61
55 61
56 60
56 60
57 60
57 60
57 61
57 61
58 62
58 63
58 63
58 64
58 64
58 64
59 63
59 63
59 62
60 61
60 60
60 59
61 58
61 57
61 56
62 55
62 54
62 53
63 52
63 51
64 50
64 49
64 48
65 47
65 46
65 45
66 44
66 43
66 42
67 41
67 40
67 39
68 38
68 37
68 37
68 36
69 35
69 34
69 33
70 32
70 31
70 30
70 29
71 28
71 27
71 27
71 26
71 25
71 24
71 24
71 24
70 25
70 25
69 26
69 27
69 27
68 28
68 29
67 30
67 30
67 31
66 32
66 33
66 33
65 34
65 35
64 36
64 37
64 37
63 38
63 39
62 40
62 41
62 41
61 42
61 43
61 43
60 44
60 45
60 45
60 45
60 46
60 46
60 46
60 47
60 47
60 48
61 49
61 50
61 50
61 51
62 52
62 53
62 54
62 54
62 55
62 56
63 57
63 58
63 59
63 59
63 60
63 61
63 62
63 63
63 64
63 64
63 65
63 66
64 67
64 68
64 69
64 70
64 70
64 71
64 72
65 73
65 74
65 75
65 75
65 76
65 77
65 78
65 78
66 79
66 80
66 80
66 80
66 80
67 79
67 79
67 78
67 77
67 76
67 75
67 74
68 73
68 72
68 71
68 70
68 69
68 68
68 67
68 66
68 65
68 64
68 63
68 62
69 61
69 60
69 59
69 58
69 57
69 56
69 55
69 54
69 53
69 52
69 51
69 50
70 49
70 48
70 47
70 46
70 45
70 44
70 43
70 42
70 41
70 40
70 39
70 38
71 37
71 36
71 35
71 34
71 33
71 32
71 31
71 30
71 29
71 28
71 27
71 26
72 25
72 24
72 23
72 22
72 21
72 20
72 19
72 18
72 17
72 16
72 15
72 14
73 13
73 12
73 11
73 10
73 9
73 8
73 7
73 7
73 6
74 5
74 4
74 3
75 2
75 1
75 1
75 0
75 0
76 1
76 1
76 2
76 2
76 3
76 3
76 4
76 5
76 6
76 6
76 7
76 8
76 9
76 9
76 10
76 11
76 12
76 13
76 13
76 14
76 15
76 16
76 17
76 17
76 18
77 19
77 20
77 21
77 21
77 22
77 23
77 24
77 25
77 25
77 26
77 27
77 28
77 29
77 29
77 30
77 31
77 32
77 32
77 33
76 34
76 35
76 36
76 36
76 37
76 38
76 39
76 39
75 40
75 41
75 41
75 42
75 43
75 44
75 44
75 45
75 45
76 45
76 45
76 45
77 45
77 45
77 44
77 44
78 44
78 44
78 45
78 45
79 46
79 47
79 47
79 48
79 49
79 50
79 50
79 51
79 52
80 53
80 54
80 55
80 55
80 56
80 57
80 58
80 59
80 60
80 61
80 62
80 62
80 63
80 64
80 65
80 66
80 67
80 68
80 69
80 69
80 70
80 71
80 72
81 73
81 74
81 75
81 76
81 77
81 77
81 78
81 79
81 80
81 81
81 82
81 83
81 84
81 84
81 85
81 86
82 87
82 88
82 89
82 90
82 90
82 91
82 92
83 93
83 94
83 95
83 95
83 96
83 97
83 98
83 98
84 99
84 100
84 100
84 100
84 100
84 99
84 98
84 98
84 97
84 96
83 95
83 94
83 93
83 92
82 91
82 90
82 89
82 88
82 87
81 86
81 85
81 84
81 83
81 82
80 81
80 80
80 79
80 78
79 77
79 76
79 75
79 75
79 74
78 73
78 72
77 71
77 70
77 69
76 68
76 67
75 66
75 65
75 65
74 64
74 63
73 62
73 62
72 61
72 60
72 60
72 59
72 59
72 58
72 58
73 57
73 56
73 56
74 55
74 54
74 54
75 53
76 52
76 52
77 51
78 50
78 50
79 49
80 49
80 49
81 48
81 48
82 49
83 49
83 49
84 50
84 50
84 51
84 52
84 52
84 53
84 54
84 54
83 55
83 56
82 57
82 57
82 58
81 59
81 60
81 60
80 61
80 62
79 63
79 63
78 64
78 65
78 65
77 66
76 67
76 67
76 68
76 68
76 67
76 67
77 67
77 67
78 66
78 66
79 65
80 64
80 64
81 63
82 62
82 62
83 61
84 61
84 61
85 60
86 60
86 60
87 60
88 60
88 60
88 61
88 61
88 62
88 62
88 63
88 64
88 65
88 65
87 66
87 67
86 68
86 68
85 69
85 70
84 71
84 72
84 72
83 73
83 74
82 75
82 76
82 76
81 77
81 78
81 78
81 79
81 79
81 79
82 78
83 78
84 77
84 77
85 76
85 75
86 74
86 73
86 73
87 72
88 71
89 71
90 70
90 70
91 69
92 68
92 67
93 66
93 66
94 65
95 65
96 64
96 64
97 63
98 63
98 63
99 62
100 62
