7 51
6 52
5 53
4 54
3 55
3 55
2 56
2 56
1 57
1 57
0 58
0 58
0 59
0 59
0 59
0 59
0 58
0 58
1 57
1 57
2 56
3 55
4 54
4 54
5 53
6 52
7 51
7 51
8 50
8 49
9 48
9 47
10 46
10 46
11 45
12 44
13 43
14 42
14 42
15 41
16 40
17 39
18 38
18 38
19 37
20 36
21 35
21 35
20 34
19 33
18 32
18 31
17 30
16 29
16 29
15 30
15 31
14 32
14 32
14 33
14 34
14 34
13 35
13 35
13 36
13 37
13 38
13 38
13 39
13 40
13 41
13 42
13 42
13 43
13 44
12 45
12 46
12 47
12 47
12 48
12 49
11 50
11 51
11 52
11 52
11 53
11 54
11 55
11 56
11 57
11 57
11 58
11 59
10 60
10 61
10 62
10 62
10 63
9 64
9 65
9 66
9 66
9 67
8 68
8 69
8 69
8 70
8 71
8 72
8 72
9 73
9 74
9 74
8 75
8 75
8 75
8 75
8 74
8 73
8 73
8 72
8 71
8 71
8 70
8 69
8 68
8 68
8 67
9 66
9 65
9 65
9 64
9 63
9 62
9 62
10 61
11 60
11 60
12 59
12 59
13 59
14 59
14 59
15 59
16 60
17 60
17 60
18 61
19 62
19 62
20 63
21 63
21 63
22 64
23 65
23 65
24 66
25 66
26 67
26 67
27 68
28 69
28 69
29 69
30 69
30 69
30 68
30 67
31 66
31 65
31 64
31 63
31 62
32 61
32 60
32 59
32 58
32 57
32 56
33 55
33 54
33 53
33 53
34 52
34 51
35 50
35 49
35 49
36 48
37 47
37 47
38 46
39 45
39 45
40 44
41 43
42 42
42 42
43 41
44 40
45 39
45 39
46 38
47 38
48 37
49 37
49 37
50 36
51 35
52 34
52 34
53 33
54 32
55 31
55 31
56 30
57 29
57 29
58 28
58 28
58 27
58 26
58 25
59 24
59 23
59 22
59 21
59 21
58 21
57 20
56 20
56 20
55 20
55 20
54 20
54 20
53 21
53 21
52 22
52 23
51 24
51 25
51 25
51 26
50 27
50 28
49 29
49 30
49 30
49 31
48 32
48 33
47 34
47 35
46 36
46 37
46 37
46 38
45 39
45 40
45 41
45 42
44 43
44 44
44 44
44 45
43 46
43 47
43 48
43 49
42 50
42 51
42 51
42 52
41 53
41 54
41 55
41 56
40 57
40 58
40 58
40 59
40 60
39 61
39 62
39 63
39 64
39 64
39 65
39 66
38 67
38 68
38 69
38 69
38 70
38 71
38 72
38 72
39 73
39 73
39 72
40 71
40 70
41 69
41 68
42 67
42 66
43 65
43 64
44 63
44 62
44 62
44 61
44 60
45 59
45 58
45 57
45 56
45 55
46 54
46 53
46 52
46 52
47 51
47 50
47 50
48 49
48 49
48 49
49 50
49 51
49 51
49 52
49 53
49 53
49 54
49 55
49 56
49 56
49 57
49 58
49 59
49 59
49 60
49 61
49 62
49 63
49 63
49 64
49 65
49 65
49 66
49 66
50 66
50 66
51 65
51 65
52 64
52 63
53 62
53 62
53 61
54 60
54 59
54 58
54 58
55 57
55 56
56 55
56 55
57 54
57 53
57 53
58 53
58 53
58 54
58 54
58 55
58 55
58 56
58 57
58 57
58 58
58 59
58 59
58 60
58 60
59 60
59 60
59 59
59 58
60 57
60 56
60 55
60 54
61 53
61 52
61 51
61 50
61 49
62 48
62 47
62 46
62 45
62 44
63 43
63 42
63 41
63 40
64 39
64 38
64 37
64 36
64 35
65 34
65 33
65 32
65 32
66 31
66 30
67 29
67 29
66 29
66 29
66 30
66 30
65 31
65 32
65 32
64 33
64 34
63 35
63 35
62 36
62 37
61 38
61 38
61 39
60 40
60 41
60 42
60 42
59 43
59 44
58 45
58 46
58 46
57 47
57 48
57 48
58 47
59 46
59 46
60 45
61 44
61 44
62 44
62 44
62 45
63 46
63 47
63 47
63 48
64 49
64 50
64 51
64 51
64 52
64 53
64 54
64 55
64 56
64 56
64 57
64 58
65 59
65 60
65 61
65 61
65 62
65 63
65 64
65 65
65 66
65 67
65 67
65 68
65 69
65 70
65 71
65 71
66 72
66 72
66 71
66 71
66 70
66 69
66 68
66 67
66 66
66 65
66 64
66 63
66 62
67 61
67 60
67 59
67 58
67 57
67 56
67 55
67 54
67 53
67 52
67 51
67 50
67 49
67 48
67 47
67 46
67 45
67 44
67 43
67 42
68 41
68 40
68 39
68 38
68 37
68 36
68 35
68 34
68 33
68 32
68 31
68 30
68 29
68 28
68 27
68 26
68 25
68 24
68 23
68 22
69 21
69 20
69 19
69 18
69 17
69 16
69 15
69 14
69 13
69 12
69 11
69 11
69 10
70 9
70 8
71 7
71 6
71 5
72 4
72 3
72 3
73 2
73 1
73 1
73 0
73 0
73 1
73 1
73 2
73 2
73 3
73 4
73 4
73 5
72 6
72 7
72 7
72 8
71 9
71 10
71 10
71 11
71 12
71 13
71 13
71 14
71 15
71 16
71 16
71 17
71 18
71 18
71 19
71 19
72 20
72 20
72 21
72 22
72 22
72 23
72 23
72 24
72 24
72 24
73 25
73 25
73 24
73 24
74 24
75 24
75 24
76 23
76 22
76 22
77 21
77 21
78 20
79 20
79 20
79 21
79 21
80 21
80 21
80 22
80 23
80 23
80 24
80 25
80 25
81 26
81 27
81 27
81 28
81 29
81 30
81 31
81 31
81 32
81 33
82 34
82 35
82 36
82 36
82 37
82 38
82 39
82 40
82 41
82 42
82 42
82 43
82 44
82 45
83 46
83 47
83 48
83 49
83 50
83 50
83 51
83 52
83 53
83 54
84 55
84 56
84 57
84 58
84 59
84 60
84 60
84 61
84 62
84 63
84 64
85 65
85 66
85 67
85 68
85 69
85 70
85 70
85 71
85 72
85 73
86 74
86 75
86 76
86 77
86 78
86 78
86 79
87 80
87 81
87 82
87 83
88 84
88 85
88 86
88 86
88 87
88 88
88 89
89 90
89 91
89 92
89 93
89 93
89 94
90 95
90 96
90 97
91 98
91 99
91 99
92 100
92 100
92 99
92 99
91 98
91 97
91 97
91 96
90 95
90 94
89 93
89 92
89 91
88 90
88 89
87 88
87 87
87 86
86 85
86 84
85 83
85 82
85 81
84 80
84 79
83 78
83 77
83 76
82 75
82 74
82 73
81 72
81 71
80 70
80 69
80 68
79 67
79 66
78 65
78 64
78 63
77 62
77 61
76 60
76 59
76 59
75 58
75 57
74 56
74 55
73 54
73 53
73 53
73 52
72 51
72 50
72 50
72 49
72 48
72 47
72 46
72 46
73 45
73 45
73 44
74 43
74 42
74 42
75 41
75 40
75 40
76 39
77 38
77 38
78 37
79 37
79 37
80 36
81 36
81 36
82 36
82 36
83 36
84 36
84 36
84 37
84 37
84 38
84 38
84 39
84 40
84 41
84 41
83 42
83 43
82 44
82 44
82 45
81 46
81 47
81 48
81 48
80 49
79 50
78 51
78 51
77 52
77 53
76 54
76 55
76 55
75 56
75 57
75 57
74 58
74 58
74 59
74 59
75 59
75 59
76 58
76 58
77 57
78 56
78 56
79 55
80 54
80 54
81 54
82 53
83 53
83 53
84 52
85 51
85 51
86 50
87 49
87 49
88 49
88 49
89 49
89 49
88 50
88 51
88 51
88 52
87 53
87 54
87 54
86 55
85 56
84 57
84 57
84 58
83 59
83 60
82 61
82 62
82 62
81 63
81 64
80 65
80 65
79 66
78 67
78 67
78 68
78 68
79 67
79 67
80 66
81 66
82 65
82 65
83 64
84 63
85 62
86 61
86 61
87 60
88 59
89 58
90 57
90 57
91 56
92 55
93 55
94 54
94 54
95 54
96 53
97 53
97 53
98 53
99 53
99 53
99 53
100 54
100 54
99 54
