1 60
0 60
0 60
0 61
0 61
0 61
0 61
0 61
0 61
0 61
1 60
1 59
1 59
2 58
2 57
2 57
3 56
4 55
4 54
5 53
5 53
6 52
6 51
7 50
7 49
7 49
8 48
8 47
9 46
9 45
10 44
10 44
11 43
12 42
13 41
14 40
14 40
15 39
16 38
16 37
17 36
17 36
18 35
18 34
19 33
19 33
18 32
17 31
17 30
16 29
15 28
15 28
14 29
14 30
13 31
13 32
13 32
12 33
12 33
12 34
11 35
11 36
11 36
11 37
11 38
11 39
11 40
11 41
11 41
11 42
11 43
10 44
10 45
10 46
10 46
10 47
10 48
9 49
9 50
9 51
9 52
9 52
9 53
9 54
9 55
9 56
9 57
9 58
9 58
9 59
9 60
9 61
8 62
8 63
8 64
8 65
8 65
8 66
8 67
8 68
7 69
7 70
7 71
7 72
7 72
7 73
7 74
6 75
6 76
6 77
6 77
6 78
6 79
5 80
5 81
5 82
5 82
5 83
5 84
5 85
5 85
5 86
5 87
5 87
5 86
5 85
5 84
6 83
6 82
6 81
6 80
6 79
6 78
6 77
7 76
7 75
7 74
7 73
7 72
7 71
7 70
7 69
8 68
8 67
8 66
8 65
8 65
8 64
9 63
9 62
9 61
9 60
10 59
10 58
10 58
11 57
11 57
12 57
12 57
13 58
14 59
14 59
14 60
15 61
15 62
15 62
15 63
16 64
16 65
17 66
17 67
17 67
18 68
18 69
19 70
19 71
19 71
19 72
19 73
20 74
20 75
20 76
20 76
21 77
21 78
22 79
22 79
23 80
24 81
24 81
25 82
25 82
26 82
27 82
27 82
27 81
27 80
27 79
27 78
28 77
28 76
28 75
28 74
28 73
28 72
28 71
28 70
28 69
29 68
29 67
29 66
29 65
29 64
29 64
29 63
30 62
30 61
30 60
31 59
31 58
31 58
31 57
31 56
31 55
31 55
32 54
32 53
33 52
33 52
34 51
34 50
35 49
35 48
35 48
36 47
37 46
37 45
38 44
38 44
39 43
40 42
41 41
42 40
42 40
43 39
43 38
44 37
44 36
45 35
45 35
46 34
47 33
47 32
48 31
48 31
49 30
50 29
51 28
51 28
51 27
51 26
51 25
51 24
51 23
51 22
51 21
50 20
50 19
50 18
50 17
50 16
50 15
50 14
50 13
50 13
49 14
49 15
49 15
48 16
47 16
47 16
46 17
46 18
46 18
46 19
46 20
45 21
45 22
45 23
45 23
45 24
45 25
45 26
44 27
44 28
44 29
44 30
44 31
44 31
44 32
44 33
43 34
43 35
43 36
43 37
42 38
42 39
42 40
42 40
42 41
42 42
41 43
41 44
41 45
41 46
40 47
40 48
40 49
40 49
40 50
39 51
39 52
39 53
39 54
38 55
38 56
38 57
38 57
38 58
38 59
37 60
37 61
37 62
37 63
37 63
37 64
37 65
36 66
36 67
36 68
36 68
36 69
37 70
37 71
37 71
37 72
37 73
37 73
37 73
38 72
38 72
38 72
38 71
38 70
39 69
39 68
39 67
39 66
40 65
40 64
40 63
40 62
40 61
41 60
41 59
41 58
41 58
41 57
42 56
42 55
43 54
43 53
43 53
44 52
44 52
45 52
45 52
46 53
46 54
46 54
46 55
46 56
46 57
46 57
46 58
46 59
46 60
46 60
46 61
46 62
46 63
46 64
46 64
46 65
46 66
46 67
46 68
46 68
46 69
46 70
46 70
46 71
46 71
47 71
47 71
48 70
48 69
48 69
48 68
48 67
48 67
48 66
48 65
49 64
49 63
49 62
49 62
49 61
50 60
50 59
50 59
51 58
51 57
51 57
52 57
52 57
53 58
53 59
53 59
53 60
53 61
53 61
53 62
53 63
53 64
53 64
53 65
53 65
53 66
53 66
54 66
54 66
54 65
55 64
55 63
55 63
55 62
56 61
56 60
56 59
57 58
57 57
57 56
58 55
58 54
59 53
59 52
59 51
60 50
60 49
60 48
61 47
61 46
61 46
61 45
61 44
62 43
62 42
62 41
62 40
63 39
63 38
63 37
63 36
64 35
64 34
64 33
64 33
64 32
64 31
64 30
64 30
64 29
64 28
64 28
64 29
64 29
63 30
63 30
63 31
62 32
62 33
62 33
61 34
61 35
60 36
60 37
60 37
59 38
59 39
58 40
58 41
58 41
58 42
57 43
57 44
56 45
56 46
56 46
55 47
55 48
54 49
54 50
54 50
53 51
53 52
53 52
53 53
53 53
54 52
54 51
55 50
55 49
55 49
56 48
56 47
57 46
57 45
57 45
58 45
58 45
58 46
59 47
59 48
59 48
59 49
59 50
59 51
59 52
59 53
59 53
59 54
59 55
60 56
60 57
60 58
60 59
60 59
60 60
60 61
60 62
60 63
60 64
60 65
60 65
60 66
60 67
60 68
60 69
60 70
60 71
60 71
60 72
61 73
61 74
61 75
61 75
61 76
61 77
61 77
62 77
62 77
63 76
63 75
63 75
63 74
64 73
64 72
64 71
64 71
64 70
64 69
64 68
64 67
64 66
64 65
64 64
64 63
64 62
65 61
65 60
65 59
65 58
65 57
65 56
65 55
65 54
65 53
65 52
65 51
65 50
65 49
65 48
65 47
65 46
65 45
65 44
65 43
65 42
66 41
66 40
66 39
66 38
66 37
66 36
66 35
66 34
66 33
66 32
66 32
66 31
66 30
66 29
67 28
67 27
67 26
67 25
67 24
67 23
67 22
67 21
68 20
68 19
68 18
68 17
68 17
68 16
68 15
69 14
69 13
69 12
69 11
69 11
69 10
69 9
70 8
70 7
70 6
70 6
71 5
71 4
72 3
72 3
73 2
73 1
73 1
74 0
74 0
74 1
74 1
73 2
73 3
73 3
73 4
72 5
72 6
72 6
72 7
71 8
71 9
71 10
71 10
70 11
70 12
69 13
69 14
69 14
69 15
68 16
68 17
68 18
68 18
67 19
67 20
67 20
67 21
67 22
67 22
68 23
68 23
69 22
69 22
70 21
70 21
71 21
71 21
72 21
73 21
73 21
74 21
74 21
75 22
75 23
76 24
76 24
76 25
76 26
77 27
77 28
77 29
77 29
77 30
77 31
78 32
78 33
78 34
78 35
78 35
78 36
79 37
79 38
79 39
79 40
80 41
80 42
80 43
80 43
80 44
80 45
80 46
80 47
81 48
81 49
81 50
81 51
81 52
81 52
81 53
81 54
81 55
81 56
81 57
82 58
82 59
82 60
82 61
82 62
82 63
82 63
82 64
82 65
82 66
82 67
82 68
82 69
82 70
82 71
82 72
82 72
82 73
82 74
82 75
83 76
83 77
83 78
83 79
83 80
83 80
83 81
83 82
83 83
84 84
84 85
84 86
84 87
84 87
84 88
84 89
84 90
84 91
84 92
84 93
84 93
84 94
85 95
85 96
85 97
85 97
85 98
85 99
85 100
85 100
85 100
85 100
84 99
84 98
84 98
84 97
83 96
83 95
83 94
83 93
82 92
82 91
82 90
82 89
81 88
81 87
81 86
81 85
80 84
80 83
80 82
80 81
79 80
79 79
79 78
79 77
78 76
78 75
78 74
78 73
77 72
77 71
77 70
77 70
77 69
76 68
76 67
76 66
75 65
75 64
75 63
75 62
74 61
74 60
74 59
73 58
73 57
73 57
72 56
72 55
71 54
71 53
71 53
71 52
70 51
70 50
70 50
70 49
70 48
70 47
70 47
70 46
70 45
70 45
70 44
71 43
71 42
71 42
72 41
72 40
73 39
73 39
74 38
75 37
75 37
76 36
77 35
77 35
78 34
79 34
79 34
80 34
81 34
81 34
82 34
82 34
82 35
83 36
83 37
83 37
83 38
84 39
84 40
84 40
84 41
83 42
83 43
83 44
83 44
83 45
83 46
82 47
82 48
82 49
82 49
81 50
81 51
80 52
80 53
80 53
80 54
79 55
79 56
79 57
79 57
78 58
77 59
77 59
77 60
77 61
77 61
77 61
77 61
78 60
78 60
79 59
79 59
80 58
81 58
81 58
82 57
83 57
83 57
84 56
84 55
84 55
85 55
86 55
86 55
87 55
87 55
88 55
88 55
87 56
87 57
87 57
87 58
86 59
86 60
86 60
85 61
85 62
84 63
84 63
84 64
83 65
83 66
82 67
82 68
82 68
81 69
81 70
80 71
80 72
80 72
80 73
79 74
79 75
79 75
78 76
78 76
79 75
79 75
80 74
81 73
82 72
82 72
83 71
84 70
84 69
85 68
86 67
86 67
87 66
87 65
88 64
89 63
89 62
90 61
90 61
91 60
92 59
93 59
94 58
95 57
95 57
96 56
97 56
98 55
98 55
99 55
99 55
100 55
100 55
99 56
99 57
