17 46
18 47
18 48
18 48
17 47
17 47
17 47
17 46
17 45
17 45
18 44
18 44
18 43
18 42
18 41
18 41
18 40
18 39
18 39
17 38
17 37
17 37
16 36
16 35
16 35
15 35
15 35
14 35
14 35
13 36
13 37
12 38
12 38
11 39
11 40
10 41
10 42
9 43
9 43
9 44
8 45
8 46
8 47
7 48
7 49
7 49
7 50
6 51
6 52
5 53
5 54
4 55
4 56
4 56
4 57
4 58
3 59
3 60
3 61
3 62
2 63
2 64
2 65
2 65
2 66
2 67
1 68
1 69
1 70
1 71
1 72
0 73
0 74
0 75
0 75
0 76
0 77
0 78
0 79
0 80
0 81
0 82
0 83
0 84
0 85
0 85
0 86
0 87
0 88
0 89
0 90
0 91
0 92
0 92
0 93
0 94
1 95
1 96
1 97
1 98
1 98
2 99
3 100
3 100
4 100
5 100
6 100
6 100
7 99
8 99
9 98
9 98
10 97
11 96
11 95
12 94
13 93
13 93
14 92
14 91
15 90
15 89
16 88
16 87
17 86
17 85
17 85
18 84
18 83
19 82
19 81
20 80
20 79
21 78
21 77
21 77
21 76
22 75
22 74
22 73
22 72
23 71
23 70
23 69
24 68
24 67
24 66
24 65
25 64
25 63
25 62
26 61
26 60
26 59
26 58
27 57
27 56
27 55
28 54
28 53
28 52
28 51
29 50
29 49
29 48
30 47
30 46
30 45
31 44
31 43
31 42
31 41
32 40
32 39
32 38
33 37
33 36
33 35
33 34
34 33
34 32
34 31
35 30
35 29
35 28
35 27
36 26
36 25
36 24
37 23
37 22
37 21
37 20
38 19
38 18
38 17
39 16
39 15
39 14
39 13
40 12
40 11
40 11
40 10
41 9
41 8
41 7
41 6
42 5
42 4
42 3
42 3
42 2
42 1
42 0
42 0
41 1
41 1
40 2
40 3
40 3
40 4
39 5
39 6
39 7
39 7
38 8
38 9
37 10
37 11
37 11
37 12
36 13
36 14
36 15
36 16
35 17
35 18
35 18
35 19
34 20
34 21
34 22
34 23
33 24
33 25
33 26
33 26
33 27
33 28
32 29
32 30
32 31
32 32
32 33
31 34
31 35
31 36
31 36
31 37
31 38
31 39
31 40
31 41
30 42
30 43
30 44
30 45
30 46
30 47
30 47
30 48
30 49
30 50
30 51
29 52
29 53
29 54
29 55
29 56
29 57
29 57
29 58
29 59
29 60
29 61
28 62
28 63
28 64
28 65
28 66
28 67
28 67
28 68
28 69
28 70
29 71
29 72
29 73
29 74
29 74
29 75
30 76
30 77
30 78
30 78
31 79
31 80
32 81
32 81
33 82
34 82
34 82
35 82
36 82
36 82
37 81
38 81
39 80
39 80
40 79
41 78
41 77
42 76
42 76
43 75
43 74
44 73
44 72
45 71
45 71
45 70
46 69
46 68
47 67
47 66
47 66
48 65
48 64
49 63
49 62
49 62
49 61
50 60
50 59
51 58
51 57
51 57
51 56
52 55
52 54
52 54
52 53
52 52
52 51
52 51
52 50
52 50
51 49
51 48
51 48
50 48
50 48
49 49
49 49
48 50
48 51
47 52
47 52
47 53
46 54
46 55
46 55
46 56
45 57
45 58
45 59
45 59
45 60
44 61
44 62
44 63
44 63
44 64
44 65
44 66
44 66
44 67
44 68
44 68
44 69
44 69
45 70
45 70
46 69
46 69
47 68
47 67
47 67
47 66
48 65
48 64
48 64
49 63
49 62
50 61
50 61
50 60
51 59
51 58
51 58
52 57
52 56
52 56
53 57
53 57
54 58
54 58
54 59
54 60
54 60
55 61
55 62
55 62
56 63
56 64
56 64
57 63
57 62
58 61
58 60
59 59
59 58
60 57
60 56
61 55
61 54
62 53
62 52
63 51
63 50
64 49
64 48
65 47
65 46
66 45
66 44
66 44
67 43
67 42
68 41
68 41
68 41
68 41
67 42
67 42
66 43
66 44
66 44
65 45
64 46
64 46
63 47
63 48
62 49
62 49
62 50
61 51
61 52
61 52
60 53
60 53
60 54
60 55
60 55
60 55
61 55
61 55
62 55
62 55
63 55
64 55
64 55
65 54
66 54
66 54
67 53
68 53
68 53
69 53
69 53
70 53
71 53
71 53
71 54
71 54
71 55
71 56
71 56
70 57
70 58
70 58
69 59
69 60
68 61
68 61
67 62
67 63
66 64
66 64
65 65
65 65
66 64
66 63
67 62
67 61
68 60
68 59
69 58
69 57
70 56
71 55
71 54
72 53
72 52
73 51
73 50
74 49
75 48
75 47
76 46
76 45
77 44
77 43
78 42
78 41
79 40
79 40
80 40
81 39
82 39
82 39
81 39
81 39
81 38
81 38
80 39
80 39
79 40
79 41
79 41
78 42
77 43
77 43
76 44
76 45
76 45
75 46
75 47
75 47
74 48
74 49
74 49
74 49
75 50
75 50
76 50
76 50
77 49
77 49
78 49
79 49
79 49
80 50
81 50
81 50
82 50
82 50
82 51
82 52
82 52
82 53
82 54
82 55
82 55
82 56
81 57
81 58
81 58
81 59
80 60
80 61
80 62
80 62
79 63
79 64
79 64
78 65
78 65
79 64
80 63
81 62
82 61
83 60
84 59
84 58
85 57
86 56
87 55
88 54
89 53
89 53
90 52
91 52
92 51
92 51
93 50
93 50
94 49
94 48
94 48
95 47
95 47
95 46
95 45
95 45
94 44
94 43
94 43
94 42
94 41
94 41
93 41
93 41
92 41
92 41
92 42
92 43
92 43
92 44
91 45
91 46
91 46
91 47
90 48
90 49
90 49
90 50
90 51
90 52
90 52
90 53
90 54
90 54
90 55
90 56
90 56
91 57
91 57
91 56
91 56
92 55
92 55
93 54
94 53
94 53
95 52
95 52
96 51
96 50
96 50
97 50
97 50
98 51
98 52
98 52
99 53
99 54
99 54
99 55
100 56
100 57
