30 47
29 46
29 46
29 45
28 44
28 43
28 43
27 42
27 41
27 41
26 40
26 40
25 39
25 38
25 38
24 37
24 36
24 36
23 36
22 36
22 36
21 36
20 36
20 36
19 36
18 37
17 37
17 37
16 38
15 39
15 39
14 40
13 41
13 42
12 43
12 43
11 44
11 45
10 46
10 47
9 48
9 48
9 49
8 50
8 51
7 52
7 53
6 54
6 55
6 55
6 56
6 57
5 58
5 59
5 60
5 61
4 62
4 63
4 64
4 64
4 65
4 66
3 67
3 68
3 69
3 70
2 71
2 72
2 73
2 73
2 74
2 75
1 76
1 77
1 78
1 79
0 80
0 81
0 82
0 82
0 83
0 84
0 85
0 86
0 87
0 88
0 89
0 90
0 90
0 91
0 92
0 93
0 94
0 95
0 96
0 96
0 97
1 98
1 99
1 99
2 99
3 100
4 100
4 100
5 100
6 99
7 99
8 99
8 99
9 98
10 97
11 96
12 95
13 94
13 94
14 93
15 92
16 91
16 90
17 89
18 88
18 88
19 87
19 86
20 85
20 84
21 83
21 82
22 81
22 80
23 79
23 79
23 78
24 77
24 76
25 75
25 74
25 73
26 72
26 71
26 70
27 69
27 68
28 67
28 66
28 65
29 64
29 63
29 62
30 61
30 60
31 59
31 58
31 57
32 56
32 55
32 54
33 53
33 52
34 51
34 50
34 49
35 48
35 47
35 46
36 45
36 44
37 43
37 42
37 41
38 40
38 39
38 38
39 37
39 36
40 35
40 34
40 33
41 32
41 31
41 30
42 29
42 28
43 27
43 26
43 25
44 24
44 23
44 22
45 21
45 20
46 19
46 18
46 17
47 16
47 15
47 15
47 14
48 13
48 12
48 11
48 10
49 9
49 8
49 7
49 6
50 5
50 4
50 4
50 3
50 2
50 1
50 1
50 0
50 0
49 0
49 0
49 1
49 2
49 2
48 3
48 4
47 5
47 5
47 6
46 7
46 8
45 9
45 10
45 10
45 11
44 12
44 13
44 14
44 15
43 16
43 17
43 17
43 18
42 19
42 20
42 21
42 22
41 23
41 24
41 25
41 25
41 26
40 27
40 28
40 29
39 30
39 31
39 32
38 33
38 34
38 34
38 35
38 36
38 37
38 38
37 39
37 40
37 41
37 42
37 43
37 43
37 44
37 45
37 46
37 47
36 48
36 49
36 50
36 51
36 52
36 52
36 53
36 54
36 55
36 56
35 57
35 58
35 59
35 60
35 61
35 61
35 62
35 63
35 64
35 65
35 66
35 67
35 68
35 69
35 70
35 71
35 71
35 72
35 73
36 74
36 75
36 76
36 77
36 77
37 78
37 79
38 80
38 80
39 81
40 81
41 82
41 82
42 82
43 82
44 82
44 82
45 81
46 81
47 80
47 80
48 79
49 78
49 77
50 76
50 76
51 75
51 74
52 73
52 72
53 71
53 71
53 70
54 69
54 68
55 67
55 66
55 66
55 65
56 64
56 63
56 62
56 61
57 60
57 59
57 59
57 58
57 57
58 56
58 55
58 54
58 54
58 53
58 52
59 51
59 50
59 49
59 49
59 48
59 47
59 46
59 45
59 44
59 44
59 43
59 42
59 41
59 41
58 40
58 40
57 40
57 40
56 41
55 42
55 42
55 43
54 44
54 45
54 46
54 46
54 47
53 48
53 49
52 50
52 51
52 51
52 52
51 53
51 54
51 55
50 56
50 57
50 57
50 58
50 59
50 60
50 61
50 62
50 62
50 63
50 64
50 65
50 65
50 66
50 67
50 68
50 68
51 69
51 70
51 70
52 71
52 71
53 70
53 70
54 69
55 68
55 68
55 67
56 66
56 65
56 65
56 64
57 63
57 62
57 61
57 61
57 60
58 59
58 58
58 57
58 57
59 56
59 55
59 55
60 54
60 54
61 55
61 55
61 56
61 56
61 57
62 58
62 59
62 59
63 60
63 61
63 61
64 62
64 63
64 63
64 62
65 61
65 60
66 59
66 58
66 57
67 56
67 55
68 54
68 53
68 52
69 51
69 50
69 49
70 48
70 47
71 46
71 45
71 45
71 44
71 43
72 42
72 41
72 40
72 39
72 39
73 38
73 38
73 38
73 38
72 38
72 38
72 39
72 39
71 40
70 40
70 40
69 41
69 42
69 42
68 43
68 44
67 45
67 46
67 46
66 47
66 48
65 49
65 49
65 50
64 51
64 52
64 53
64 53
63 54
63 55
63 55
63 56
63 57
63 57
63 58
63 58
64 58
64 58
65 59
65 59
66 59
66 59
67 59
67 59
68 59
69 59
69 59
70 60
70 60
71 60
71 60
71 61
71 61
71 62
71 63
71 63
70 64
70 65
70 65
70 66
69 67
69 68
69 68
68 69
68 70
68 70
67 71
66 72
66 72
66 71
67 70
67 69
68 68
68 67
68 66
69 65
69 64
69 63
70 62
70 61
71 60
71 59
71 58
72 57
72 56
72 55
73 54
73 53
74 52
74 51
74 50
75 49
75 48
75 47
76 46
76 45
77 44
77 43
77 43
78 42
79 41
80 40
80 40
80 39
80 39
81 39
81 39
81 39
80 39
80 39
79 40
79 41
79 41
78 42
78 43
78 43
77 44
77 45
76 46
76 46
76 47
75 48
75 49
75 49
75 50
74 51
74 52
74 53
74 53
73 54
73 55
73 55
73 56
73 56
73 57
73 58
73 58
74 58
74 58
75 59
75 59
76 59
77 59
77 59
78 60
78 60
79 61
79 61
80 62
80 62
81 63
81 64
81 64
81 65
81 66
81 67
81 67
81 68
80 69
80 70
80 70
80 71
79 72
79 73
79 73
78 74
78 75
78 75
77 75
77 75
78 74
78 73
79 72
79 71
80 70
80 69
81 68
81 67
82 66
82 65
83 64
83 63
84 62
84 61
85 60
85 60
86 59
87 59
88 58
88 58
89 57
89 56
89 56
89 55
89 54
89 54
89 53
90 52
90 51
90 51
90 50
90 49
90 49
90 48
90 47
90 46
90 46
90 45
89 44
89 43
89 43
89 42
89 42
88 41
88 41
87 42
87 42
86 43
86 44
86 44
86 45
86 46
86 47
86 48
86 48
86 49
86 50
85 51
85 52
85 53
85 53
85 54
85 55
84 56
84 57
84 58
84 58
84 59
84 60
84 61
84 62
84 62
84 63
85 64
85 65
85 66
85 66
85 67
85 68
85 68
86 69
86 69
87 68
87 68
88 67
89 66
89 66
89 65
90 64
90 63
90 63
90 62
91 61
91 60
91 60
91 59
91 58
91 58
92 57
92 57
93 57
93 57
93 58
94 59
94 60
94 60
94 61
95 62
95 63
95 63
96 64
96 65
97 66
97 67
97 67
97 68
98 69
98 70
98 70
98 71
99 72
99 73
99 73
100 74
100 75
