16 42
17 41
17 41
17 40
17 39
17 39
16 38
16 37
16 37
16 36
16 35
16 35
16 34
16 33
16 32
16 32
16 31
15 30
15 29
15 29
14 28
14 27
13 26
13 26
12 26
11 26
11 26
10 27
10 28
10 28
10 29
9 30
9 31
8 32
8 33
8 33
8 34
7 35
7 36
7 37
7 38
6 39
6 40
6 40
6 41
5 42
5 43
5 44
4 45
4 46
4 47
3 48
3 49
3 49
3 50
3 51
3 52
3 53
2 54
2 55
2 56
2 57
2 58
2 58
2 59
2 60
1 61
1 62
1 63
1 64
0 65
0 66
0 67
0 67
0 68
0 69
0 70
0 71
0 72
0 73
0 74
0 75
0 76
0 77
0 77
0 78
0 79
0 80
0 81
0 82
0 83
0 84
0 85
0 86
0 87
0 87
0 88
0 89
0 90
1 91
1 92
1 93
1 94
1 94
2 95
2 96
3 97
3 98
3 98
4 99
5 99
6 100
6 100
7 99
8 99
9 98
9 98
10 97
11 96
12 95
13 94
13 94
14 93
14 92
15 91
15 90
16 89
16 89
16 88
16 87
17 86
17 85
17 84
17 83
18 82
18 81
18 80
18 79
19 78
19 77
19 76
19 75
20 74
20 73
20 72
20 71
21 70
21 69
21 68
21 67
22 66
22 65
22 64
22 63
23 62
23 61
23 60
23 59
24 58
24 57
24 56
24 55
25 54
25 53
25 52
25 51
26 50
26 49
26 48
26 47
27 46
27 45
27 44
27 43
27 42
28 41
28 40
28 39
28 38
29 37
29 36
29 35
29 34
30 33
30 32
30 31
30 30
31 29
31 28
31 27
31 26
32 25
32 24
32 23
32 22
33 21
33 20
33 19
33 18
34 17
34 16
34 15
34 14
35 13
35 12
35 11
35 10
36 9
36 8
36 7
36 6
37 5
37 4
37 3
37 3
36 2
36 1
36 1
35 0
35 0
34 1
34 2
33 3
33 4
33 4
33 5
33 6
32 7
32 8
32 9
32 9
32 10
32 11
31 12
31 13
31 14
31 15
31 15
31 16
31 17
31 18
30 19
30 20
30 21
30 22
30 23
30 23
30 24
30 25
29 26
29 27
29 28
29 29
29 30
28 31
28 32
28 33
28 33
28 34
28 35
28 36
28 37
28 38
27 39
27 40
27 41
27 42
27 43
27 44
27 44
27 45
27 46
27 47
27 48
27 49
27 50
26 51
26 52
26 53
26 54
26 55
26 56
26 57
26 57
26 58
26 59
26 60
26 61
26 62
26 63
25 64
25 65
25 66
25 67
25 68
25 69
25 70
25 70
25 71
25 72
25 73
25 74
25 75
25 76
25 77
25 78
25 79
25 80
25 81
25 82
25 83
25 83
25 84
25 85
26 86
26 87
26 88
26 89
27 90
27 91
27 92
27 92
27 93
28 94
28 95
29 96
29 97
29 97
30 98
30 99
31 100
31 100
32 100
33 100
34 100
34 100
35 99
36 98
36 97
37 96
37 96
38 95
38 94
39 93
39 92
40 91
40 90
40 90
40 89
41 88
41 87
41 86
42 85
42 84
42 84
42 83
43 82
43 81
43 80
43 79
44 78
44 77
44 77
44 76
45 75
45 74
45 73
45 72
46 71
46 70
46 69
46 69
46 68
46 67
46 66
46 65
46 64
46 63
46 62
46 62
46 61
46 60
47 59
47 58
47 57
47 57
47 56
47 55
47 54
47 54
46 55
46 55
45 55
44 55
44 55
43 56
43 56
42 57
42 58
41 59
41 59
41 60
40 61
40 62
40 63
40 63
40 64
40 65
39 66
39 67
39 68
39 68
39 69
39 70
39 71
39 72
39 73
39 74
39 74
39 75
38 76
38 77
38 78
38 78
38 79
38 80
38 81
38 82
38 82
39 83
39 84
39 84
40 84
40 84
41 83
41 83
41 82
42 81
42 80
42 80
42 79
43 78
43 77
44 76
44 75
44 75
44 74
45 73
45 72
45 71
46 70
46 69
46 69
46 68
47 67
47 66
47 66
48 65
48 64
48 64
49 65
50 65
50 65
51 66
51 67
51 67
51 68
51 69
51 70
51 70
51 71
52 72
52 73
52 73
52 74
53 75
53 76
53 76
54 77
54 77
54 76
55 75
55 74
55 73
55 72
56 71
56 70
56 69
56 68
57 67
57 66
57 65
57 64
58 63
58 62
58 61
58 60
59 59
59 58
59 57
59 56
60 55
60 54
60 53
60 52
61 51
61 50
61 49
61 48
62 47
62 46
62 45
62 45
63 46
63 46
62 45
62 45
62 46
62 46
61 47
61 48
61 48
60 49
60 50
59 51
59 51
59 52
58 53
58 54
58 54
57 55
57 56
56 57
56 57
56 58
56 59
56 59
55 60
55 61
55 61
56 61
56 61
56 62
56 62
57 62
57 62
58 61
59 60
59 60
60 60
61 60
61 60
62 59
63 59
63 59
64 59
64 59
65 60
65 60
65 61
65 62
65 63
65 63
65 64
64 65
64 66
64 66
64 67
64 68
64 69
64 69
64 70
63 71
63 72
63 72
62 73
62 73
62 72
63 71
63 70
64 69
64 68
65 67
65 66
66 65
66 64
67 63
67 62
67 61
68 60
68 59
69 58
69 57
70 56
70 55
71 54
71 53
72 52
72 51
72 50
73 49
73 48
74 47
74 46
75 45
75 44
76 43
76 42
77 41
77 40
77 40
78 39
78 38
79 37
79 37
80 37
80 37
79 37
79 37
79 38
79 39
79 39
78 40
78 41
77 42
77 43
77 43
76 44
76 45
75 46
75 47
75 47
74 48
73 49
73 49
73 50
72 51
72 52
72 52
72 53
72 53
72 54
72 54
72 54
73 55
73 55
74 55
74 55
75 55
76 55
76 55
77 55
77 55
78 56
78 57
78 57
78 58
78 59
78 59
78 60
78 61
78 62
78 62
78 63
77 64
77 65
77 65
77 66
76 67
76 68
76 68
77 67
78 66
78 65
79 64
80 63
81 62
82 61
83 60
83 59
84 58
85 57
86 56
87 55
87 54
88 53
89 52
89 52
90 51
91 50
92 49
92 49
93 48
93 48
93 47
93 46
93 46
93 45
93 44
93 44
93 43
93 42
93 42
93 41
92 40
92 39
92 39
91 38
91 37
91 37
90 36
90 36
90 37
90 37
89 38
89 39
89 39
89 40
88 41
88 42
88 42
88 43
88 44
88 45
88 46
88 47
88 47
88 48
88 49
88 50
88 51
88 52
88 53
88 53
88 54
88 55
88 56
88 57
88 58
88 58
88 59
88 60
88 61
88 61
89 62
89 62
89 62
90 61
90 60
90 60
91 59
91 58
92 57
92 57
92 56
93 55
93 54
93 53
93 53
93 52
94 51
94 50
94 50
95 51
95 51
96 52
96 53
96 53
96 54
97 55
97 56
97 57
97 57
97 58
98 59
98 60
99 61
99 62
99 62
99 63
99 64
100 65
100 66
100 67
