14 28
13 27
13 26
13 26
12 25
12 24
12 24
11 25
11 25
10 26
10 27
10 27
9 28
9 29
8 30
8 31
8 31
8 32
7 33
7 34
6 35
6 36
6 36
6 37
5 38
5 39
5 40
4 41
4 42
4 42
4 43
4 44
4 45
3 46
3 47
3 48
3 49
3 49
3 50
3 51
2 52
2 53
2 54
2 55
2 56
1 57
1 58
1 59
1 59
1 60
1 61
1 62
1 63
1 64
0 65
0 66
0 67
0 68
0 69
0 70
0 70
0 71
0 72
0 73
0 74
0 75
0 76
0 77
0 78
0 79
0 80
0 81
0 82
0 82
0 83
0 84
0 85
0 86
0 87
0 88
0 89
0 90
0 91
0 92
0 92
0 93
0 94
1 95
1 96
1 97
1 98
1 98
2 99
3 100
3 100
4 100
5 100
6 100
6 100
7 99
8 98
9 97
10 96
10 96
11 95
11 94
12 93
12 92
13 91
13 91
13 90
14 89
14 88
15 87
15 86
15 85
16 84
16 83
16 83
16 82
16 81
17 80
17 79
17 78
17 77
18 76
18 75
18 74
18 73
19 72
19 71
19 70
19 69
20 68
20 67
20 66
20 65
21 64
21 63
21 62
21 61
22 60
22 59
22 58
22 57
23 56
23 55
23 54
23 53
24 52
24 51
24 50
24 49
25 48
25 47
25 46
25 45
25 44
26 43
26 42
26 41
26 40
27 39
27 38
27 37
27 36
28 35
28 34
28 33
28 32
29 31
29 30
29 29
29 28
30 27
30 26
30 25
30 24
31 23
31 22
31 21
31 20
32 19
32 18
32 17
32 16
33 15
33 14
33 13
33 12
34 11
34 10
34 9
34 9
34 8
35 7
35 6
35 5
35 4
36 3
36 2
36 1
36 1
36 0
36 0
35 1
35 1
35 2
34 3
34 4
34 4
33 5
33 6
32 7
32 8
32 8
32 9
32 10
31 11
31 12
31 13
31 13
31 14
30 15
30 16
30 17
30 18
29 19
29 20
29 21
29 21
29 22
29 23
28 24
28 25
28 26
28 27
28 28
27 29
27 30
27 31
27 31
27 32
27 33
27 34
27 35
27 36
26 37
26 38
26 39
26 40
26 41
26 42
26 42
26 43
26 44
26 45
26 46
26 47
26 48
25 49
25 50
25 51
25 52
25 53
25 54
25 55
25 56
25 56
25 57
25 58
25 59
25 60
25 61
24 62
24 63
24 64
24 65
24 66
24 67
24 68
24 68
24 69
24 70
24 71
24 72
24 73
24 74
24 75
24 76
24 77
24 78
24 78
24 79
24 80
24 81
24 82
25 83
25 84
25 85
25 86
25 87
25 88
25 88
25 89
25 90
26 91
26 92
26 93
26 93
27 94
27 95
28 96
28 96
29 96
30 97
31 97
31 97
32 97
33 96
34 96
34 96
35 95
36 95
37 94
37 94
37 93
38 92
38 91
39 90
39 89
39 89
39 88
40 87
40 86
41 85
41 84
41 84
41 83
42 82
42 81
42 80
43 79
43 78
43 78
43 77
43 76
43 75
44 74
44 73
44 72
44 71
44 71
44 70
44 69
44 68
45 67
45 66
45 65
45 64
45 64
45 63
46 62
46 61
46 60
46 60
46 59
46 58
46 57
46 57
45 56
45 56
44 56
44 56
43 57
43 58
43 58
43 59
42 60
42 61
42 61
42 62
41 63
41 64
41 65
41 65
41 66
41 67
40 68
40 69
40 70
40 70
40 71
40 72
39 73
39 74
39 75
39 75
39 76
39 77
39 78
39 78
39 79
40 80
40 81
40 81
41 82
41 82
42 81
42 81
43 80
43 79
43 79
44 78
44 77
45 76
45 75
45 75
46 74
46 73
47 72
47 71
47 71
47 70
48 69
48 68
48 67
48 67
49 66
49 66
50 67
50 67
51 68
51 69
51 69
52 70
52 71
52 71
52 72
53 73
53 74
53 74
53 75
53 75
53 74
54 73
54 72
54 71
55 70
55 69
56 68
56 67
56 66
57 65
57 64
57 63
58 62
58 61
58 60
59 59
59 58
59 57
60 56
60 55
61 54
61 53
61 52
62 51
62 50
62 50
62 49
63 48
63 47
64 46
64 45
64 45
65 44
65 43
65 43
65 42
65 41
65 41
65 41
64 40
64 40
63 41
63 41
62 42
61 43
61 43
60 44
60 45
59 46
59 46
59 47
58 48
58 49
58 50
58 50
57 51
57 52
56 53
56 54
56 54
56 55
55 56
55 57
55 57
54 58
54 59
54 59
55 60
55 60
56 60
56 60
57 60
57 60
58 60
59 60
59 60
60 60
61 60
61 60
62 59
63 59
63 59
64 60
64 60
65 61
65 61
66 62
66 62
65 63
65 64
65 64
65 65
64 66
64 67
64 67
64 68
63 69
63 70
63 71
63 71
62 72
62 73
61 74
61 74
60 75
60 76
60 76
60 75
61 74
61 73
62 72
62 71
62 70
63 69
63 68
64 67
64 66
64 65
65 64
65 63
66 62
66 61
66 60
67 59
67 58
68 57
68 56
68 55
69 54
69 53
70 52
70 51
70 50
71 49
71 48
72 47
72 46
72 46
73 45
74 44
75 43
76 42
77 41
77 41
77 40
78 39
78 38
78 37
78 37
79 36
79 36
79 35
79 35
79 36
79 36
78 37
78 38
78 38
77 39
77 40
77 40
76 41
76 42
75 43
75 44
75 44
74 45
74 46
73 47
73 48
73 48
72 49
72 50
71 51
71 52
71 52
71 53
70 54
70 55
70 55
69 56
69 57
69 57
70 57
70 57
70 57
71 57
72 57
72 57
73 56
73 56
74 56
75 56
75 56
76 57
76 57
77 58
77 58
77 59
77 60
77 60
77 61
77 62
77 63
77 63
77 64
76 65
76 66
76 66
76 67
75 68
75 69
75 69
74 70
74 71
73 72
73 72
74 71
75 70
75 69
76 68
77 67
78 66
79 65
80 64
80 63
81 62
82 61
83 60
84 59
85 58
85 57
86 56
87 55
87 55
88 54
89 53
90 53
91 52
92 51
92 51
93 50
93 49
93 49
94 48
94 47
94 47
94 46
94 45
94 45
94 44
94 44
94 43
94 42
94 41
94 41
93 40
93 39
93 39
92 39
92 39
91 39
91 39
90 40
90 41
90 41
90 42
89 43
89 44
89 44
89 45
89 46
89 47
89 47
89 48
89 49
88 50
88 51
88 52
88 52
88 53
88 54
88 55
88 55
88 56
88 57
88 58
88 58
88 59
88 59
89 59
89 59
90 59
90 59
90 58
91 57
91 56
91 56
92 55
92 54
92 54
92 53
93 52
93 51
93 51
94 51
94 51
95 52
95 53
95 53
95 54
96 55
96 56
96 56
96 57
96 58
97 59
97 60
97 61
97 61
97 62
97 63
98 64
98 65
98 66
98 66
98 67
99 68
99 69
100 70
100 71
