16 43
16 42
15 41
15 40
15 39
15 39
15 38
15 37
15 36
15 36
15 35
14 34
14 33
14 33
14 32
13 31
13 30
13 30
12 29
12 28
12 28
11 28
11 28
10 29
9 29
9 29
9 30
8 31
8 32
8 32
8 33
7 34
7 35
7 36
6 37
6 38
6 38
6 39
5 40
5 41
5 42
5 43
4 44
4 45
4 46
4 46
4 47
4 48
3 49
3 50
3 51
3 52
2 53
2 54
2 55
2 55
2 56
2 57
2 58
2 59
2 60
1 61
1 62
1 63
1 64
1 65
1 66
1 66
1 67
1 68
1 69
1 70
1 71
0 72
0 73
0 74
0 75
0 76
0 77
0 77
0 78
0 79
0 80
0 81
0 82
0 83
0 84
0 85
0 86
0 86
0 87
0 88
0 89
0 90
0 91
0 92
0 93
0 94
0 94
1 95
1 96
2 97
2 98
2 98
3 99
4 100
4 100
5 99
6 99
7 98
8 98
8 98
9 97
9 96
10 95
10 94
11 93
11 93
11 92
12 91
12 90
13 89
13 88
14 87
14 86
14 86
14 85
15 84
15 83
16 82
16 81
17 80
17 79
18 78
18 77
18 77
18 76
18 75
19 74
19 73
19 72
19 71
20 70
20 69
20 68
20 67
21 66
21 65
21 64
21 63
21 62
22 61
22 60
22 59
22 58
23 57
23 56
23 55
23 54
24 53
24 52
24 51
24 50
24 49
25 48
25 47
25 46
25 45
26 44
26 43
26 42
26 41
27 40
27 39
27 38
27 37
27 36
28 35
28 34
28 33
28 32
29 31
29 30
29 29
29 28
30 27
30 26
30 25
30 24
30 23
31 22
31 21
31 20
31 19
32 18
32 17
32 16
32 15
33 14
33 13
33 12
33 12
33 11
34 10
34 9
34 8
35 7
35 6
35 5
35 4
36 3
36 2
36 2
36 1
36 0
36 0
36 1
36 1
35 2
35 3
35 3
34 4
34 5
33 6
33 6
33 7
33 8
32 9
32 10
32 11
32 12
32 12
32 13
32 14
32 15
31 16
31 17
31 18
31 19
31 20
31 20
31 21
31 22
30 23
30 24
30 25
30 26
29 27
29 28
29 29
29 29
29 30
29 31
29 32
29 33
29 34
29 35
28 36
28 37
28 38
28 39
28 40
28 41
28 42
28 42
28 43
28 44
27 45
27 46
27 47
27 48
27 49
27 50
26 51
26 52
26 53
26 54
26 54
26 55
26 56
26 57
26 58
26 59
26 60
26 61
26 62
26 63
26 64
26 65
26 66
26 66
26 67
26 68
26 69
26 70
26 71
26 72
26 73
26 74
26 75
26 75
26 76
26 77
26 78
27 79
27 80
27 81
27 82
27 82
27 83
27 84
28 85
28 86
28 87
28 88
28 88
29 89
30 89
31 90
31 90
32 89
33 89
33 89
34 88
35 87
36 86
36 86
37 85
37 84
38 83
38 82
39 81
39 80
39 80
39 79
40 78
40 77
41 76
41 75
42 74
42 73
42 73
42 72
43 71
43 70
43 69
44 68
44 67
44 67
44 66
45 65
45 64
45 63
45 62
46 61
46 60
46 60
46 59
46 58
47 57
47 56
47 55
47 54
47 54
47 53
47 52
47 51
48 50
48 49
48 48
48 47
48 47
48 47
47 46
47 46
46 46
46 46
45 47
44 48
44 48
44 49
43 50
43 51
43 51
42 52
42 53
41 54
41 55
41 55
41 56
40 57
40 58
40 59
40 59
40 60
40 61
39 62
39 63
39 64
39 64
39 65
39 66
39 67
39 68
39 68
39 69
38 70
38 71
38 71
39 72
39 73
39 73
39 74
39 75
39 75
40 75
40 75
41 74
42 73
42 73
42 72
43 71
43 70
43 70
43 69
44 68
44 67
44 66
44 66
45 65
45 64
46 63
46 62
46 62
46 61
47 60
47 59
47 59
48 58
48 58
49 59
49 60
49 60
49 61
49 62
49 63
49 64
49 64
49 65
50 66
50 67
50 68
50 68
50 69
50 70
50 70
51 71
51 72
51 72
51 71
52 70
52 69
52 68
52 67
53 66
53 65
53 64
53 63
54 62
54 61
54 60
55 59
55 58
55 57
55 56
56 55
56 54
56 53
56 52
57 51
57 50
57 49
57 48
58 47
58 46
58 45
59 44
59 43
59 42
59 41
60 40
60 39
60 38
60 37
61 36
61 35
61 35
62 35
63 34
64 34
64 34
63 34
63 34
63 34
62 35
62 35
61 36
61 37
61 37
61 38
60 39
60 40
60 40
60 41
59 42
59 43
59 43
58 44
58 45
57 46
57 47
57 47
56 48
56 49
56 49
55 50
55 51
55 51
55 52
55 53
55 53
55 54
55 54
56 54
56 54
57 54
57 54
58 54
59 54
59 54
60 54
60 54
61 54
62 54
62 54
63 55
63 55
63 56
63 57
63 57
63 58
63 59
63 59
63 60
63 61
63 62
63 62
63 63
62 64
62 65
62 66
62 66
61 67
61 68
60 69
60 69
59 70
59 70
60 69
60 68
61 67
61 66
62 65
62 64
63 63
63 62
64 61
64 60
65 59
65 58
66 57
66 56
67 55
67 54
68 53
68 52
69 51
69 50
70 49
70 48
71 47
71 46
72 45
72 44
73 43
73 42
74 41
74 40
74 40
75 39
75 38
76 37
76 36
77 35
77 35
77 34
77 34
77 34
77 34
76 35
76 35
75 36
75 37
75 37
74 38
74 39
73 40
73 40
72 41
72 42
71 43
71 43
71 44
70 45
70 46
70 46
70 47
69 48
69 49
69 49
68 50
68 51
68 51
68 52
68 52
69 52
69 52
70 51
70 51
71 50
72 50
72 50
73 50
74 50
74 50
75 51
75 51
76 52
76 52
76 53
76 54
76 54
76 55
76 56
76 57
76 57
76 58
75 59
75 60
75 61
75 61
75 62
74 63
74 64
74 65
74 65
74 66
73 67
73 68
73 69
73 69
72 70
72 71
72 71
73 70
73 69
74 68
75 67
76 66
76 65
77 64
78 63
79 62
79 61
80 60
81 59
81 58
82 57
83 56
84 55
84 54
85 53
86 52
87 51
87 50
88 49
88 49
89 48
90 48
91 47
91 47
92 46
92 45
92 45
92 44
92 44
92 43
92 42
92 42
92 41
92 40
92 40
91 39
91 38
91 38
90 37
90 36
90 36
89 36
89 36
88 37
88 37
88 38
87 39
87 40
87 40
87 41
87 42
86 43
86 44
86 45
86 45
86 46
86 47
85 48
85 49
85 50
85 50
85 51
85 52
85 53
85 54
85 55
85 55
85 56
85 57
85 58
85 59
85 60
85 60
85 61
85 62
85 63
85 63
86 64
86 64
86 64
87 63
87 63
87 62
88 61
88 60
88 60
88 59
89 58
89 57
89 57
89 56
90 55
90 54
90 53
90 53
91 52
91 51
91 51
92 51
93 51
93 51
94 52
94 53
94 53
95 54
95 55
96 56
96 57
96 57
96 58
97 59
97 60
98 61
98 62
98 62
98 63
99 64
99 65
100 66
100 67
