17 47
17 47
17 47
17 47
17 47
17 46
17 45
17 45
16 44
16 44
16 43
16 42
16 42
15 41
15 41
15 40
15 39
15 39
14 38
14 38
13 37
13 37
12 37
12 37
11 37
10 37
10 37
9 38
9 39
9 39
9 40
8 41
8 42
8 42
7 43
7 44
6 45
6 45
6 46
5 47
5 48
5 49
5 49
5 50
4 51
4 52
3 53
3 54
3 54
3 55
3 56
2 57
2 58
2 59
2 59
2 60
2 61
1 62
1 63
1 64
1 64
1 65
1 66
0 67
0 68
0 69
0 69
0 70
0 71
0 72
0 73
0 73
0 74
0 75
0 76
0 77
0 78
0 78
0 79
0 80
0 81
0 82
0 82
0 83
0 84
0 85
0 86
0 87
0 87
0 88
1 89
1 90
1 91
1 91
2 92
2 93
2 93
3 94
3 95
3 95
4 96
5 96
5 96
6 96
7 96
7 96
8 95
9 95
9 95
10 94
11 93
11 92
12 91
12 91
13 90
13 89
14 88
14 87
15 86
15 85
15 85
15 84
15 83
16 82
16 81
16 80
16 79
17 78
17 77
17 76
17 75
18 74
18 73
18 72
18 71
18 70
19 69
19 68
19 67
19 66
20 65
20 64
20 63
20 62
20 61
21 60
21 59
21 58
21 57
22 56
22 55
22 54
22 53
23 52
23 51
23 50
23 49
23 48
24 47
24 46
24 45
24 44
25 43
25 42
25 41
25 40
26 39
26 38
26 37
26 36
26 35
27 34
27 33
27 32
27 31
28 30
28 29
28 28
28 27
29 26
29 25
29 24
29 23
29 22
30 21
30 20
30 19
30 18
31 17
31 16
31 15
31 14
31 13
32 12
32 11
32 10
32 9
33 8
33 7
33 6
33 5
34 4
34 3
34 2
34 2
33 1
33 1
32 1
32 1
31 1
31 1
31 2
31 3
31 3
31 4
30 5
30 6
30 7
30 7
30 8
30 9
30 10
29 11
29 12
29 13
29 14
29 15
29 15
29 16
29 17
28 18
28 19
28 20
28 21
27 22
27 23
27 24
27 24
27 25
27 26
27 27
26 28
26 29
26 30
26 31
26 32
26 32
26 33
26 34
26 35
26 36
26 37
25 38
25 39
25 40
25 41
25 42
25 43
25 43
25 44
25 45
25 46
25 47
25 48
24 49
24 50
24 51
24 52
24 53
24 54
24 55
24 55
24 56
24 57
24 58
24 59
24 60
23 61
23 62
23 63
23 64
23 65
23 66
23 66
23 67
23 68
23 69
23 70
23 71
23 72
23 73
23 74
23 75
23 76
23 76
23 77
23 78
23 79
23 80
23 81
23 82
23 83
23 83
23 84
23 85
23 86
23 87
23 88
23 89
23 90
23 90
23 91
24 92
24 93
25 94
25 95
25 95
25 96
26 97
26 98
26 99
26 99
27 100
28 100
28 100
29 100
30 100
30 100
31 99
32 98
32 98
33 97
34 96
34 95
35 94
35 94
35 93
36 92
36 91
36 90
37 89
37 88
37 88
38 87
38 86
39 85
39 84
40 83
40 82
40 82
41 81
41 80
42 79
42 78
43 77
43 76
43 76
43 75
44 74
44 73
44 72
45 71
45 70
45 70
45 69
46 68
46 67
47 66
47 65
47 65
47 64
48 63
48 62
49 61
49 60
49 60
49 59
50 58
50 57
50 56
50 56
50 55
50 54
50 53
50 53
50 52
50 51
50 51
50 50
50 49
50 49
50 48
50 48
49 47
49 47
49 47
48 46
48 46
47 46
47 46
46 46
46 46
45 47
45 48
45 48
44 49
44 50
44 50
44 51
44 52
43 53
43 54
43 55
43 55
43 56
43 57
43 58
42 59
42 60
42 61
42 62
42 62
42 63
42 64
42 65
42 66
42 67
42 68
42 69
42 69
42 70
42 71
42 72
42 73
42 74
42 75
42 75
42 76
42 77
42 78
42 79
42 79
42 80
42 81
42 82
42 82
43 83
43 83
44 83
44 83
45 82
45 81
45 81
45 80
46 79
46 78
47 77
47 76
47 76
47 75
47 74
48 73
48 72
48 71
48 70
48 70
48 69
48 68
48 67
49 66
49 65
49 64
49 63
49 63
49 62
49 61
50 60
50 59
50 58
50 57
50 57
51 56
51 55
51 55
51 54
51 54
51 55
51 55
50 55
50 55
50 55
50 56
50 57
50 57
50 58
50 59
50 60
50 60
50 61
50 62
51 63
51 64
51 65
51 66
51 66
51 67
51 68
51 69
51 69
51 70
52 71
52 72
52 72
52 73
53 74
53 75
53 75
54 76
55 77
55 77
56 78
56 79
56 79
57 78
58 77
58 77
59 76
59 75
60 74
60 74
61 73
61 72
62 71
62 70
63 69
63 69
63 68
64 67
64 66
64 65
65 64
65 63
65 63
65 62
66 61
66 60
67 59
67 58
68 57
68 56
68 56
68 55
68 54
68 53
69 52
69 51
69 50
69 49
69 49
69 48
70 47
70 46
70 45
71 44
71 43
71 43
71 42
72 41
72 40
72 40
72 39
72 39
72 39
72 39
72 39
71 39
71 39
71 39
71 40
71 40
70 41
70 42
70 42
70 43
70 44
70 45
70 46
70 46
70 47
69 48
69 49
69 49
69 50
69 51
69 52
69 53
69 53
69 54
69 55
69 56
69 57
69 57
69 58
70 59
70 60
70 60
70 61
70 62
70 63
70 63
70 64
71 65
71 66
71 66
72 67
72 68
72 68
72 69
72 70
72 70
72 71
72 72
72 72
71 72
71 72
71 73
71 73
70 74
70 75
70 75
69 76
69 76
68 76
68 76
67 76
67 76
67 75
67 75
67 74
67 73
67 73
67 72
68 71
68 70
68 69
68 69
68 68
69 67
69 66
70 65
70 64
70 63
71 62
71 61
72 60
72 59
72 59
72 58
73 57
73 56
74 55
74 54
75 53
75 52
76 51
76 50
77 49
77 48
77 48
78 47
78 46
79 45
79 45
79 44
80 43
80 42
80 42
81 41
81 40
81 40
81 39
81 39
81 39
81 39
81 40
81 40
81 40
80 41
80 42
80 42
80 43
79 44
79 45
79 46
79 46
79 47
79 48
79 49
79 49
79 50
78 51
78 52
78 52
78 53
78 54
78 55
78 55
78 56
78 57
78 57
78 58
79 59
79 60
79 60
79 61
79 62
79 62
80 63
80 64
80 64
81 65
81 65
81 66
81 66
81 67
81 67
81 68
81 68
80 69
80 69
80 70
80 70
79 71
79 71
78 72
78 72
78 72
79 71
79 70
80 69
81 68
81 67
82 66
83 65
84 64
84 63
85 62
86 61
86 60
87 59
88 58
88 57
89 56
90 55
91 54
91 53
92 52
93 51
93 50
94 49
94 49
94 49
94 48
94 48
94 47
94 47
93 47
93 47
93 46
93 46
93 45
93 45
93 45
92 44
92 44
92 44
91 45
91 45
91 46
90 47
90 48
90 48
90 49
89 50
89 51
89 52
89 52
89 53
88 54
88 55
88 56
88 56
88 57
88 58
87 59
87 60
87 61
87 61
87 62
87 63
87 64
87 65
87 66
87 66
87 67
87 68
87 69
87 70
87 70
87 71
87 72
87 72
88 73
88 74
88 74
88 74
89 73
89 73
90 72
91 71
91 71
91 70
92 69
92 68
92 67
92 67
92 66
92 65
93 64
93 63
93 62
93 62
93 61
94 60
94 59
94 58
95 57
95 56
95 56
95 55
95 54
95 53
95 52
95 51
95 51
95 50
96 49
96 48
96 48
96 47
96 47
96 48
96 48
96 48
96 48
96 49
96 50
96 50
96 51
96 52
96 53
96 53
96 54
96 55
96 56
96 57
96 57
96 58
96 59
96 60
96 60
96 61
97 62
97 63
97 63
97 64
97 65
97 65
98 66
98 66
99 67
100 68
