15 50
15 49
15 48
15 48
15 48
15 48
15 47
15 47
15 46
15 46
14 45
14 45
14 44
14 44
13 43
13 42
13 42
13 41
13 41
12 40
12 39
12 39
11 38
11 38
10 38
9 38
9 38
8 38
8 38
7 39
7 40
6 41
6 41
6 42
5 43
5 44
5 44
4 45
4 46
3 47
3 48
3 48
3 49
3 50
2 51
2 52
2 53
2 53
2 54
1 55
1 56
1 57
1 58
0 59
0 60
0 60
0 61
0 62
0 63
0 64
0 65
0 66
0 67
0 67
0 68
0 69
0 70
0 71
0 72
0 72
0 73
0 74
0 75
0 76
0 77
0 77
0 78
0 79
0 80
0 81
0 82
0 82
0 83
1 84
1 85
1 85
2 86
2 87
2 87
3 88
3 88
4 88
5 88
5 88
6 87
6 87
7 86
7 85
8 84
8 84
9 83
9 82
10 81
10 80
11 79
11 79
11 78
12 77
12 76
12 75
13 74
13 73
13 72
14 71
14 70
14 69
15 68
15 67
15 66
15 65
16 64
16 63
16 62
17 61
17 60
17 59
18 58
18 57
18 56
19 55
19 54
19 53
20 52
20 51
20 50
21 49
21 48
21 47
22 46
22 45
22 44
23 43
23 42
23 41
23 40
24 39
24 38
24 37
25 36
25 35
25 34
26 33
26 32
26 31
27 30
27 29
27 28
28 27
28 26
28 25
29 24
29 23
29 22
30 21
30 20
30 19
30 18
31 17
31 16
31 15
32 14
32 13
32 12
33 11
33 10
33 9
34 8
34 7
34 7
34 6
35 5
35 4
36 3
36 2
36 2
35 1
35 1
35 0
35 0
34 1
34 1
33 2
33 2
33 3
32 4
32 5
32 5
32 6
31 7
31 8
31 9
31 9
30 10
30 11
29 12
29 13
29 13
29 14
29 15
29 16
28 17
28 18
28 19
28 20
28 20
28 21
28 22
28 23
28 24
27 25
27 26
27 27
27 28
27 29
27 29
27 30
27 31
26 32
26 33
26 34
26 35
26 36
26 37
25 38
25 39
25 40
25 40
25 41
25 42
25 43
25 44
25 45
25 46
24 47
24 48
24 49
24 50
24 51
24 52
24 53
24 53
24 54
24 55
24 56
24 57
24 58
23 59
23 60
23 61
23 62
23 63
23 64
23 65
23 65
23 66
23 67
23 68
23 69
22 70
22 71
22 72
22 73
22 74
22 74
22 75
22 76
22 77
22 78
22 79
22 80
22 81
22 82
22 83
22 84
22 84
22 85
22 86
22 87
22 88
23 89
23 90
23 91
23 92
23 93
23 93
23 94
23 95
24 96
24 97
24 98
24 98
25 99
26 100
26 100
27 100
28 100
28 100
29 99
30 99
31 98
31 98
32 97
32 96
33 95
33 94
34 93
34 93
35 92
35 91
36 90
36 89
37 88
37 87
38 86
38 86
38 85
39 84
39 83
40 82
40 81
41 80
41 79
41 79
41 78
42 77
42 76
43 75
43 74
44 73
44 72
44 72
45 71
45 70
46 69
46 68
47 67
47 67
47 66
48 65
48 64
48 63
49 62
49 61
49 61
49 60
50 59
50 58
50 57
50 57
51 56
51 55
51 55
51 54
51 53
51 53
51 52
51 52
50 51
50 51
49 50
49 50
48 49
48 49
48 49
47 49
47 49
46 50
46 50
45 51
45 51
45 52
44 53
44 54
44 54
44 55
43 56
43 57
43 58
43 58
43 59
43 60
42 61
42 62
42 63
42 63
42 64
42 65
41 66
41 67
41 68
41 68
41 69
41 70
41 71
41 72
41 73
41 73
41 74
41 75
41 76
41 77
41 77
41 78
42 79
42 80
42 81
42 81
42 82
42 82
43 83
43 83
44 82
44 82
44 81
45 80
45 79
45 78
45 78
45 77
46 76
46 75
47 74
47 73
47 73
47 72
47 71
48 70
48 69
48 68
48 68
48 67
48 66
49 65
49 64
49 63
49 63
49 62
50 61
50 60
50 59
50 59
50 58
50 57
50 57
50 56
50 56
50 56
50 56
50 57
50 57
50 58
50 59
50 60
50 60
50 61
50 62
50 63
50 64
50 65
50 65
50 66
50 67
50 68
50 69
50 69
50 70
50 71
50 72
50 72
50 73
51 74
51 75
51 76
51 76
52 77
52 78
52 78
53 78
54 78
54 78
55 78
55 78
56 77
56 76
57 75
57 75
57 74
58 73
58 72
59 71
59 70
59 70
60 69
60 68
61 67
61 66
62 65
62 64
62 64
62 63
63 62
63 61
63 60
63 59
64 58
64 57
64 57
64 56
64 55
64 54
65 53
65 52
65 51
65 50
65 50
65 49
66 48
66 47
67 46
67 45
67 45
67 44
68 43
68 42
68 42
68 41
68 41
68 41
68 41
68 41
68 41
68 42
68 42
67 43
67 44
67 44
67 45
66 46
66 47
66 48
66 48
66 49
66 50
66 50
66 51
66 52
66 53
66 53
66 54
66 55
66 55
67 56
67 57
67 57
67 58
67 59
67 59
68 60
68 61
68 61
69 62
69 62
69 63
69 64
69 64
69 65
69 66
69 66
69 67
69 68
69 68
68 69
68 70
68 70
67 71
66 72
66 72
66 73
65 74
65 75
65 75
64 76
64 76
63 76
63 76
63 76
64 75
64 75
64 74
65 73
65 72
66 71
66 70
67 69
67 68
68 67
68 66
69 65
69 64
70 63
70 62
71 61
71 60
72 59
72 58
72 57
73 56
73 55
74 54
74 53
75 52
75 51
76 50
76 49
77 48
77 47
78 46
78 45
79 44
79 43
80 42
80 41
80 41
80 41
80 41
79 42
79 42
79 43
78 44
78 45
78 45
78 46
77 47
77 48
77 48
77 49
77 50
77 50
77 51
77 52
77 52
77 53
77 54
77 54
77 55
77 55
78 56
78 57
78 57
78 58
78 59
78 60
78 60
79 61
79 62
79 62
79 63
79 64
79 64
79 65
79 65
79 66
79 67
79 67
78 68
78 69
78 69
78 70
78 70
77 71
77 71
76 72
76 72
77 71
78 70
78 69
79 68
80 67
81 66
82 65
82 64
83 63
84 62
85 61
86 60
87 59
87 58
88 57
89 56
90 55
91 54
91 53
92 52
93 51
93 51
93 50
94 49
94 48
94 48
94 47
94 47
93 47
93 47
93 46
93 46
92 45
92 45
91 45
91 45
90 46
90 46
89 47
89 48
89 48
89 49
88 50
88 51
88 51
88 52
87 53
87 54
87 55
87 55
87 56
87 57
86 58
86 59
86 60
86 60
86 61
86 62
86 63
86 63
86 64
86 65
86 66
86 66
86 67
86 68
86 68
86 69
86 69
87 70
87 70
88 70
88 70
89 69
89 68
89 68
90 67
90 66
91 65
91 65
91 64
92 63
92 62
92 61
92 61
93 60
93 59
94 58
94 57
94 57
94 56
94 55
95 54
95 53
95 52
95 52
95 51
95 51
95 51
95 51
95 51
95 51
95 52
95 53
95 54
95 55
95 55
95 56
95 57
95 58
95 59
95 59
95 60
95 61
95 62
95 62
96 63
96 64
96 64
97 65
97 66
97 66
98 67
98 68
98 68
99 68
100 68
