26 36
26 36
26 35
25 34
25 33
25 33
24 32
24 31
23 30
23 30
22 29
22 29
21 29
20 29
20 29
19 30
18 30
17 31
17 31
16 32
15 33
15 34
14 35
14 35
13 36
13 37
12 38
12 38
11 39
11 40
10 41
10 42
9 43
9 43
8 44
8 45
7 46
7 47
6 48
6 49
6 49
6 50
5 51
5 52
4 53
4 54
3 55
3 56
3 56
3 57
3 58
2 59
2 60
2 61
2 62
2 63
1 64
1 65
1 66
1 66
1 67
1 68
1 69
1 70
0 71
0 72
0 73
0 74
0 75
0 75
0 76
0 77
0 78
0 79
0 80
0 81
0 82
0 83
0 84
0 84
0 85
0 86
1 87
1 88
1 89
1 89
2 90
2 91
3 92
3 93
3 93
4 94
5 95
6 96
6 96
7 96
8 97
9 97
10 97
10 97
11 96
12 96
13 95
14 95
14 95
15 94
16 93
17 93
18 92
18 92
18 91
18 90
19 89
19 88
19 87
19 86
20 85
20 84
20 83
20 82
20 81
21 80
21 79
21 78
21 77
22 76
22 75
22 74
22 73
22 72
23 71
23 70
23 69
23 68
23 67
24 66
24 65
24 64
24 63
25 62
25 61
25 60
25 59
25 58
26 57
26 56
26 55
26 54
27 53
27 52
27 51
27 50
27 49
28 48
28 47
28 46
28 45
29 44
29 43
29 42
29 41
29 40
30 39
30 38
30 37
30 36
31 35
31 34
31 33
31 32
31 31
32 30
32 29
32 28
32 27
33 26
33 25
33 24
33 23
33 22
34 21
34 20
34 19
34 18
34 17
35 16
35 15
35 14
35 13
36 12
36 11
36 10
36 9
36 8
37 7
37 6
37 5
37 4
38 3
38 2
38 1
38 1
38 1
37 0
37 0
37 0
37 1
36 2
36 3
36 3
36 4
35 5
35 6
35 7
35 7
35 8
35 9
34 10
34 11
34 12
34 13
34 13
34 14
34 15
33 16
33 17
33 18
33 19
33 20
32 21
32 22
32 23
32 23
32 24
32 25
32 26
31 27
31 28
31 29
31 30
31 31
31 32
30 33
30 34
30 35
30 36
30 36
30 37
30 38
30 39
30 40
30 41
30 42
30 43
29 44
29 45
29 46
29 47
29 48
29 49
29 50
29 51
29 51
29 52
29 53
29 54
29 55
29 56
29 57
29 58
29 59
29 60
29 61
29 62
29 63
29 64
29 65
29 65
29 66
29 67
29 68
29 69
28 70
28 71
28 72
28 73
28 74
28 75
28 75
28 76
28 77
28 78
29 79
29 80
29 81
29 82
29 82
29 83
29 84
29 85
29 86
29 87
29 87
29 88
30 89
30 90
30 91
30 91
31 92
31 93
32 94
32 94
33 95
34 96
34 96
35 96
36 96
36 96
37 95
37 94
38 93
38 92
39 91
39 90
40 89
40 88
41 87
41 86
42 85
42 84
43 83
44 82
44 81
45 80
45 79
46 78
46 77
47 76
47 75
48 74
48 73
49 72
49 71
50 70
50 69
51 68
51 68
51 69
51 69
51 68
50 67
50 66
50 66
50 66
49 66
49 66
49 65
49 64
49 64
48 63
48 62
48 62
47 62
47 62
46 62
46 62
45 63
45 64
45 64
44 65
44 66
44 66
44 67
43 68
43 69
43 70
43 70
43 71
43 72
42 73
42 74
42 75
42 75
42 76
42 77
42 78
42 79
42 80
42 81
42 82
42 82
42 83
42 84
42 85
42 86
42 86
42 87
43 88
43 89
43 89
44 90
44 91
44 91
45 92
45 92
46 91
47 91
47 91
48 90
48 90
48 89
49 88
49 87
49 87
49 86
50 85
50 84
50 84
51 83
51 82
52 81
52 80
52 80
52 79
52 78
52 77
52 76
52 75
52 75
52 74
52 73
53 72
53 71
53 70
53 70
53 69
53 68
53 68
53 67
53 67
53 68
53 68
53 69
53 70
53 70
53 71
53 72
53 73
53 74
53 74
53 75
53 76
53 77
53 78
53 79
53 79
53 80
53 81
53 82
53 83
53 84
53 84
53 85
54 86
54 87
54 87
54 88
54 89
54 90
54 90
55 91
55 92
55 92
55 93
55 93
55 92
56 91
56 90
56 89
56 88
57 87
57 86
57 85
57 84
58 83
58 82
58 81
58 80
59 79
59 78
59 77
59 76
60 75
60 74
60 73
60 72
61 71
61 70
61 69
61 68
62 67
62 66
62 66
63 65
63 64
64 63
64 62
65 61
65 61
65 60
65 59
65 58
65 57
65 56
65 56
65 55
65 54
65 54
65 53
65 53
65 53
65 54
65 54
65 55
64 56
64 57
64 57
63 58
63 59
62 60
62 61
62 61
62 62
62 63
61 64
61 65
61 66
61 66
61 67
60 68
60 69
60 70
60 70
60 71
60 72
59 73
59 74
59 75
59 75
59 76
59 77
59 77
59 78
59 79
59 79
60 80
60 80
61 81
61 81
62 82
62 82
63 82
64 82
64 82
65 83
65 83
65 84
65 84
66 85
66 86
66 86
65 87
65 88
65 88
64 89
64 90
64 90
64 91
64 92
64 92
63 93
63 93
62 93
62 93
62 92
62 92
62 91
63 90
63 89
63 88
63 87
64 86
64 85
64 84
65 83
65 82
65 81
66 80
66 79
66 78
66 77
67 76
67 75
67 74
68 73
68 72
68 71
68 70
69 69
69 68
69 67
70 66
70 65
70 64
70 63
71 62
71 61
71 60
72 59
72 58
72 57
73 56
73 55
73 54
73 53
74 52
74 51
74 51
75 50
76 49
77 48
78 47
78 47
78 46
78 46
78 47
78 47
78 48
77 49
77 50
77 51
77 51
77 52
76 53
76 54
75 55
75 56
75 56
75 57
74 58
74 59
74 60
73 61
73 62
73 62
73 63
72 64
72 65
72 66
71 67
71 68
71 68
71 69
71 70
70 71
70 72
70 73
70 74
70 74
70 75
70 76
69 77
69 78
69 79
69 79
69 80
69 81
69 81
70 82
70 82
71 83
71 83
72 83
73 83
73 83
74 83
75 83
75 83
76 83
77 83
78 83
78 83
79 84
79 84
80 85
80 86
80 86
80 87
80 88
80 88
80 89
79 90
79 91
79 92
79 92
78 93
78 94
77 95
77 96
77 96
77 97
76 98
76 99
76 99
75 100
75 100
74 100
74 100
74 99
74 99
74 98
74 97
75 96
75 95
75 94
75 94
76 93
76 92
77 91
77 90
78 89
78 88
78 88
78 87
79 86
79 85
79 84
79 83
80 82
80 81
80 81
80 80
81 79
81 78
82 77
82 76
82 75
83 74
83 73
83 73
83 72
84 71
84 70
85 69
85 68
86 67
86 66
86 66
86 65
87 64
87 63
87 62
88 61
88 60
88 60
88 59
89 58
89 57
89 56
90 55
90 54
90 54
90 53
91 52
91 51
91 51
91 50
91 50
90 51
90 51
89 52
89 53
88 54
88 54
87 55
87 56
86 57
86 58
86 58
86 59
85 60
85 61
85 62
85 62
85 63
84 64
84 65
84 66
84 67
83 68
83 69
83 69
83 70
83 71
82 72
82 73
82 74
82 75
82 75
82 76
82 77
82 78
81 79
81 80
81 81
81 82
81 82
81 83
81 84
81 85
81 86
81 87
81 88
81 88
81 89
81 90
81 91
81 92
81 93
81 93
82 94
82 95
83 96
83 96
84 97
85 98
85 98
86 97
87 97
87 97
88 96
88 95
89 94
89 94
90 93
90 92
91 91
91 90
91 90
91 89
92 88
92 87
92 86
92 86
92 85
92 84
93 83
93 82
93 81
93 81
93 80
93 79
94 78
94 77
94 76
94 75
94 75
94 74
94 73
95 72
95 71
95 70
95 69
95 69
95 68
95 67
95 66
95 66
95 65
95 65
95 65
95 66
95 67
95 67
95 68
95 69
95 70
95 70
95 71
95 72
95 73
95 74
95 75
95 76
95 76
95 77
95 78
95 79
95 80
95 81
95 82
95 82
95 83
95 84
96 85
96 86
96 87
96 87
96 88
97 89
97 90
97 91
97 91
98 92
99 92
100 93
