20 41
20 40
20 39
20 38
20 38
20 37
20 36
20 35
20 35
21 34
21 33
21 33
21 32
21 31
21 31
20 30
20 29
20 29
20 28
20 27
20 27
19 27
19 27
18 27
17 27
17 27
16 28
16 29
16 29
15 30
15 31
14 32
14 32
13 33
13 34
12 35
12 36
11 37
11 37
10 38
10 39
9 40
9 41
8 42
8 43
8 43
8 44
7 45
7 46
6 47
6 48
6 49
5 50
5 51
5 51
5 52
4 53
4 54
4 55
4 56
3 57
3 58
3 59
3 60
2 61
2 62
2 62
2 63
2 64
1 65
1 66
1 67
1 68
1 69
1 70
0 71
0 72
0 73
0 73
0 74
0 75
0 76
0 77
0 78
0 79
0 80
0 81
0 82
0 83
0 84
0 84
0 85
0 86
0 87
0 88
0 89
0 90
0 91
0 91
0 92
0 93
1 94
1 95
1 96
1 97
1 97
2 98
3 99
4 100
4 100
5 100
6 100
7 100
8 100
8 100
9 99
10 98
11 98
12 97
13 96
13 96
14 95
14 94
15 93
16 92
17 91
17 90
18 89
18 89
19 88
19 87
20 86
21 85
21 84
22 83
23 82
23 81
24 80
24 80
25 79
25 78
26 77
27 76
27 75
28 74
29 73
29 72
30 71
30 71
31 70
31 69
32 68
32 67
33 66
33 65
34 64
34 63
35 62
35 61
35 61
35 60
35 59
35 58
35 57
36 56
36 55
36 54
36 53
36 52
36 51
36 50
36 49
36 48
37 47
37 46
37 45
37 44
37 43
37 42
37 41
37 40
38 39
38 38
38 37
38 36
38 35
38 34
38 33
38 32
38 31
39 30
39 29
39 28
39 27
39 26
39 25
39 24
39 23
39 22
40 21
40 20
40 19
40 18
40 17
40 16
40 15
40 14
41 13
41 12
41 11
41 10
41 9
41 8
41 7
41 6
41 5
42 4
42 3
42 2
42 1
42 0
42 0
42 1
42 2
41 3
41 4
41 5
41 5
40 6
40 7
39 8
39 9
39 9
39 10
39 11
39 12
38 13
38 14
38 15
38 16
38 17
38 17
38 18
38 19
37 20
37 21
37 22
37 23
36 24
36 25
36 26
36 26
36 27
36 28
36 29
35 30
35 31
35 32
35 33
35 34
35 35
35 36
34 37
34 38
34 39
34 40
34 40
34 41
34 42
34 43
34 44
34 45
33 46
33 47
33 48
33 49
33 50
33 51
33 52
33 52
33 53
33 54
33 55
33 56
33 57
32 58
32 59
32 60
32 61
32 62
32 63
32 64
32 64
32 65
32 66
32 67
32 68
32 69
32 70
32 71
32 72
32 73
32 74
32 74
32 75
32 76
32 77
32 78
32 79
32 80
32 80
32 81
33 82
33 83
33 84
33 84
33 85
34 86
34 87
34 87
35 88
35 89
35 89
36 90
37 90
37 90
38 89
38 88
39 87
39 86
40 85
40 84
41 83
41 82
42 81
42 80
43 79
44 78
44 77
45 76
45 75
46 74
46 73
47 72
47 71
48 70
48 69
49 68
49 68
50 69
50 69
50 68
50 68
49 67
49 66
49 66
49 65
49 64
49 64
49 63
49 63
48 62
48 62
48 61
48 61
47 61
47 61
46 61
46 61
45 62
45 62
44 63
44 63
44 64
43 65
43 66
43 66
43 67
43 68
43 69
43 70
43 71
43 71
43 72
43 73
42 74
42 75
42 76
42 76
42 77
42 78
42 79
42 80
42 81
42 81
42 82
43 83
43 84
43 84
43 85
43 86
43 87
43 88
43 88
44 89
44 90
44 90
45 91
45 91
46 90
46 90
47 89
48 88
48 88
48 87
49 86
49 85
49 85
50 84
50 83
51 82
51 82
51 81
52 80
52 79
52 78
52 78
52 77
52 76
52 75
52 74
52 73
52 73
52 72
53 71
53 70
53 69
53 69
53 68
53 67
53 66
53 66
53 66
53 66
53 67
53 68
53 68
53 69
53 70
53 71
53 71
53 72
53 73
53 74
53 75
53 76
53 76
53 77
54 78
54 79
54 79
54 80
54 81
54 82
54 82
55 83
55 84
55 84
55 85
55 85
56 86
56 86
57 86
57 86
57 85
58 84
58 83
58 82
58 81
59 80
59 79
59 78
59 77
60 76
60 75
60 74
60 73
61 72
61 71
61 70
61 69
62 68
62 67
62 66
62 65
63 64
63 63
63 62
63 61
64 60
64 59
64 59
64 58
65 57
65 56
65 56
65 55
65 55
65 55
64 56
64 56
64 57
64 58
64 58
63 59
63 60
63 60
63 61
62 62
62 63
62 63
62 64
61 65
61 66
61 67
61 67
60 68
60 69
60 69
60 70
60 71
60 72
60 72
61 73
61 73
61 74
61 74
62 75
62 75
63 76
63 76
64 76
64 76
65 77
66 77
66 77
67 77
67 77
67 78
67 78
68 79
68 79
68 80
68 80
67 81
67 81
67 82
67 82
66 82
66 82
66 82
66 81
66 81
66 80
67 79
67 78
67 77
68 76
68 75
68 74
69 73
69 72
69 71
70 70
70 69
70 68
71 67
71 66
71 65
72 64
72 63
72 62
73 61
73 60
73 59
74 58
74 57
74 56
75 55
75 54
75 53
76 52
76 51
76 51
77 50
77 49
78 48
78 48
78 47
78 47
77 48
77 49
77 49
77 50
76 51
76 52
76 52
76 53
75 54
75 55
75 56
75 56
75 57
74 58
74 59
74 60
74 60
74 61
73 62
73 63
72 64
72 65
72 65
72 66
72 67
72 68
72 69
72 69
72 70
72 71
72 72
72 72
72 73
72 74
72 74
73 75
73 75
74 76
74 76
75 77
75 77
76 78
77 78
77 78
78 79
78 79
79 80
79 80
79 81
79 82
79 82
79 83
78 84
78 85
78 85
78 86
77 87
77 88
77 88
77 89
76 90
76 91
76 91
75 92
74 92
74 92
74 93
74 94
74 94
75 93
75 92
76 91
76 90
77 89
77 88
78 87
78 86
79 85
79 84
80 83
80 82
81 81
81 80
82 79
82 78
83 77
83 76
84 75
84 74
85 73
85 72
86 71
86 70
87 69
87 68
88 67
88 66
89 65
89 64
90 63
90 62
91 61
91 60
91 60
92 61
92 62
92 62
91 61
91 61
91 60
91 59
91 58
91 58
91 57
91 56
91 56
91 55
91 54
91 54
91 53
91 52
91 51
91 51
91 50
91 49
91 49
91 48
91 48
90 47
90 47
89 48
89 48
89 49
88 50
88 51
88 52
88 52
88 53
88 54
87 55
87 56
87 57
87 57
87 58
86 59
86 60
85 61
85 62
85 62
85 63
85 64
85 65
84 66
84 67
84 68
84 69
84 69
84 70
84 71
84 72
84 73
84 74
84 75
84 75
84 76
84 77
84 78
84 79
84 80
84 80
84 81
85 82
85 83
85 83
86 84
86 85
86 85
87 85
88 85
88 85
89 84
90 83
90 83
91 82
91 81
92 80
92 80
93 79
93 78
94 77
94 77
95 76
95 75
96 74
96 73
96 73
96 72
97 71
97 70
97 69
97 69
97 68
97 67
97 66
97 65
97 64
97 64
97 63
97 62
97 61
97 60
97 60
97 59
97 58
97 58
97 58
97 59
97 59
97 60
97 61
97 62
97 62
97 63
97 64
97 65
97 66
97 66
97 67
97 68
97 69
97 70
97 71
97 71
97 72
97 73
97 74
97 75
97 75
97 76
98 77
98 78
98 79
98 79
99 80
100 80
