19 43
18 42
18 41
18 41
18 40
18 40
17 39
17 38
17 38
16 37
16 37
15 37
15 37
14 37
14 37
13 37
12 37
12 37
11 38
11 39
11 39
10 40
10 41
9 42
9 42
8 43
8 44
7 45
7 46
7 46
7 47
6 48
6 49
5 50
5 51
5 51
5 52
4 53
4 54
4 55
3 56
3 57
3 57
3 58
3 59
2 60
2 61
2 62
2 63
2 63
2 64
2 65
2 66
2 67
2 68
2 69
2 70
2 70
2 71
2 72
1 73
1 74
1 75
1 76
1 76
1 77
1 78
1 79
0 80
0 81
0 82
0 83
0 83
0 84
0 85
0 86
0 87
0 88
0 89
0 90
0 90
0 91
1 92
1 93
1 94
1 94
1 95
2 96
2 97
2 98
2 98
3 99
3 100
3 100
4 100
5 100
5 100
6 99
6 99
7 98
8 97
9 96
9 96
9 95
9 94
10 93
10 92
10 91
10 90
11 89
11 88
11 87
11 86
12 85
12 84
12 83
12 82
12 81
13 80
13 79
13 78
13 77
14 76
14 75
14 74
14 73
15 72
15 71
15 70
15 69
15 68
16 67
16 66
16 65
16 64
17 63
17 62
17 61
17 60
17 59
18 58
18 57
18 56
18 55
19 54
19 53
19 52
19 51
20 50
20 49
20 48
20 47
20 46
21 45
21 44
21 43
21 42
22 41
22 40
22 39
22 38
23 37
23 36
23 35
23 34
23 33
24 32
24 31
24 30
24 29
25 28
25 27
25 26
25 25
26 24
26 23
26 22
26 21
26 20
27 19
27 18
27 17
27 16
28 15
28 14
28 13
28 12
28 11
29 10
29 9
29 8
29 7
30 6
30 5
30 4
30 3
31 2
31 1
31 0
31 0
30 1
30 1
30 2
30 2
29 3
29 3
29 4
29 5
29 5
29 6
29 7
29 8
29 8
29 9
29 10
28 11
28 12
28 13
28 13
28 14
28 15
28 16
27 17
27 18
27 19
27 20
27 21
27 21
27 22
27 23
27 24
26 25
26 26
26 27
26 28
26 29
26 29
26 30
26 31
26 32
26 33
26 34
25 35
25 36
25 37
25 38
25 39
25 40
25 40
25 41
25 42
25 43
25 44
25 45
25 46
24 47
24 48
24 49
24 50
24 51
24 52
24 53
24 54
24 54
24 55
24 56
24 57
24 58
24 59
23 60
23 61
23 62
23 63
23 64
23 65
23 66
23 66
23 67
23 68
23 69
23 70
23 71
23 72
23 73
23 74
23 74
23 75
23 76
23 77
23 78
23 79
23 80
23 80
23 81
23 82
23 83
23 84
23 85
23 86
23 86
23 87
23 88
24 89
24 90
24 91
24 91
24 92
25 93
25 94
25 95
25 95
26 96
27 97
27 97
28 97
29 97
29 97
30 97
31 97
31 97
32 96
33 95
33 95
34 94
35 93
35 92
36 91
36 91
37 90
37 89
38 88
38 88
39 87
39 86
40 85
40 84
41 83
41 82
41 82
41 81
42 80
42 79
43 78
43 77
43 77
44 76
44 75
45 74
45 73
46 72
46 72
46 71
46 70
47 69
47 68
47 67
47 67
47 66
47 65
48 64
48 63
48 62
48 61
48 61
48 60
48 59
49 58
49 57
49 56
49 55
49 55
49 54
50 53
50 52
50 51
50 51
50 50
50 49
50 49
50 48
50 47
50 47
50 47
49 46
49 46
49 46
49 45
49 45
49 45
49 44
49 44
49 44
49 44
48 44
48 44
48 43
48 43
48 43
47 44
47 44
47 45
47 45
46 46
46 47
46 47
46 48
45 49
45 50
45 50
45 51
45 52
44 53
44 54
44 55
44 55
44 56
44 57
44 58
43 59
43 60
43 61
43 62
43 62
43 63
42 64
42 65
42 66
42 67
41 68
41 69
41 69
41 70
41 71
41 72
41 73
41 73
41 74
41 75
41 76
41 76
41 77
41 78
41 79
41 80
41 80
42 81
42 81
43 82
43 82
44 82
44 82
45 81
45 80
45 80
46 79
46 78
47 77
47 77
47 76
48 75
48 74
49 73
49 72
49 72
49 71
50 70
50 69
50 68
50 68
50 67
51 66
51 65
51 64
51 64
51 63
52 62
52 61
52 60
52 60
52 59
52 58
52 57
52 57
52 56
52 55
52 55
52 55
52 55
52 55
52 55
52 55
52 56
52 57
52 58
52 58
52 59
52 60
52 61
52 62
52 63
52 63
52 64
52 65
52 66
52 67
52 68
52 68
52 69
52 70
52 71
52 71
53 72
53 73
53 73
53 74
54 75
54 76
54 76
55 77
55 77
55 76
56 75
56 74
56 73
57 72
57 71
58 70
58 69
58 68
59 67
59 66
59 65
60 64
60 63
61 62
61 61
61 60
62 59
62 58
62 57
63 56
63 55
63 54
64 53
64 52
65 51
65 50
65 49
66 48
66 47
66 46
67 45
67 44
68 43
68 42
68 41
69 40
69 39
69 39
69 39
69 38
69 37
69 37
69 37
68 38
68 38
68 39
68 40
68 41
68 42
68 42
68 43
68 44
67 45
67 46
67 47
67 47
67 48
67 49
66 50
66 51
66 52
66 52
66 53
66 54
66 55
66 55
66 56
66 57
66 57
66 58
66 59
66 59
67 60
67 61
67 61
67 62
67 63
67 63
68 64
68 65
68 65
69 66
69 67
69 67
70 68
70 68
70 69
70 69
70 70
70 70
70 71
70 71
69 71
69 71
68 72
68 72
67 73
67 73
66 74
66 74
66 74
66 74
66 73
67 72
67 71
68 70
68 69
69 68
69 67
70 66
70 65
70 64
71 63
71 62
72 61
72 60
73 59
73 58
74 57
74 56
75 55
75 54
75 53
76 52
76 51
77 50
77 49
78 48
78 47
79 46
79 45
79 44
80 43
80 42
81 41
81 40
82 39
82 38
83 37
83 36
83 36
83 37
83 38
83 38
82 39
82 39
82 40
82 40
82 41
81 42
81 43
81 44
81 44
81 45
80 46
80 47
80 48
80 48
80 49
79 50
79 51
79 52
79 52
79 53
79 54
79 55
79 55
79 56
79 57
79 57
79 58
79 59
79 59
79 60
79 60
80 61
80 62
80 62
81 63
81 64
81 64
82 65
82 65
82 66
82 67
82 67
82 68
82 68
82 69
82 70
82 70
82 71
82 72
82 72
81 73
81 74
81 74
81 75
80 76
80 77
80 77
79 78
79 79
79 79
78 80
78 80
78 81
78 82
78 82
78 82
78 82
78 82
78 82
78 82
78 81
78 81
79 80
79 80
80 79
80 79
81 78
81 77
81 77
82 76
82 75
83 74
83 74
84 73
84 72
85 71
85 70
85 70
85 69
86 68
86 67
87 66
87 65
87 65
87 64
88 63
88 62
89 61
89 60
90 59
90 58
90 58
90 57
91 56
91 55
91 54
91 53
92 52
92 51
92 51
93 50
93 49
94 48
94 47
94 47
94 46
94 45
94 44
94 44
95 43
95 43
95 42
95 42
94 42
94 42
94 42
93 42
93 42
92 43
92 43
92 44
92 44
91 45
91 46
91 46
90 47
90 48
90 48
89 49
89 50
89 50
89 51
88 52
88 53
88 53
88 54
88 55
88 56
88 57
88 57
88 58
87 59
87 60
87 61
87 61
87 62
87 63
86 64
86 65
86 66
86 67
86 67
86 68
86 69
86 70
86 71
86 71
86 72
86 73
86 74
86 74
86 75
86 76
86 76
87 77
87 77
88 77
89 77
89 77
90 76
90 76
91 75
91 74
92 73
92 73
92 72
93 71
93 70
93 69
93 69
93 68
94 67
94 66
95 65
95 64
95 64
95 63
96 62
96 61
96 60
96 60
96 59
96 58
96 58
96 59
96 59
96 59
96 59
96 60
96 61
96 61
96 62
96 63
96 64
96 64
96 65
96 66
96 67
96 68
96 68
96 69
97 70
97 71
97 71
97 72
97 73
97 74
97 74
98 75
98 76
98 76
99 77
99 78
100 79
