14 56
14 55
14 54
14 54
15 53
15 52
15 52
15 51
15 51
14 50
14 50
14 49
14 49
14 48
14 48
14 47
14 47
14 47
13 46
13 46
12 46
12 46
12 46
11 47
10 47
10 47
9 48
8 49
8 49
7 50
7 51
6 52
6 53
6 53
5 54
5 55
4 56
4 57
4 57
4 58
4 59
3 60
3 61
3 62
3 62
3 63
2 64
2 65
2 66
1 67
1 68
1 68
1 69
1 70
1 71
0 72
0 73
0 74
0 75
0 75
0 76
0 77
0 78
0 79
0 80
0 81
0 81
0 82
0 83
0 84
0 85
0 86
0 87
0 87
0 88
0 89
0 90
0 91
0 92
0 92
1 93
1 94
2 95
2 96
2 96
3 97
3 97
4 97
5 97
6 97
6 97
7 96
8 96
9 95
9 95
10 94
10 93
11 92
11 92
12 91
13 90
13 89
14 88
14 88
14 87
14 86
15 85
15 84
15 83
15 82
15 81
16 80
16 79
16 78
16 77
16 76
17 75
17 74
17 73
17 72
17 71
18 70
18 69
18 68
18 67
19 66
19 65
19 64
19 63
19 62
20 61
20 60
20 59
20 58
20 57
21 56
21 55
21 54
21 53
21 52
22 51
22 50
22 49
22 48
22 47
23 46
23 45
23 44
23 43
23 42
24 41
24 40
24 39
24 38
24 37
25 36
25 35
25 34
25 33
25 32
26 31
26 30
26 29
26 28
26 27
27 26
27 25
27 24
27 23
28 22
28 21
28 20
28 19
28 18
29 17
29 16
29 15
29 14
29 13
30 12
30 11
30 10
30 9
30 8
31 7
31 6
31 5
31 4
31 3
32 2
32 1
32 0
32 0
32 0
32 0
31 1
31 1
31 2
31 2
30 3
30 3
30 4
30 5
30 6
30 6
30 7
29 8
29 9
29 9
29 10
28 11
28 12
28 13
28 13
28 14
28 15
28 16
28 17
28 18
28 18
28 19
28 20
27 21
27 22
27 23
27 23
27 24
27 25
27 26
26 27
26 28
26 29
26 30
26 30
26 31
26 32
26 33
25 34
25 35
25 36
25 37
25 38
25 38
25 39
25 40
25 41
24 42
24 43
24 44
24 45
24 45
24 46
24 47
24 48
24 49
24 50
24 51
24 52
24 52
24 53
24 54
24 55
23 56
23 57
23 58
23 59
23 60
23 60
23 61
23 62
23 63
23 64
23 65
23 66
23 67
23 68
23 68
23 69
23 70
23 71
23 72
23 73
23 74
23 75
23 76
23 76
23 77
23 78
23 79
23 80
23 81
23 82
23 82
23 83
24 84
24 85
24 86
24 86
24 87
24 88
25 89
25 90
25 91
25 91
25 92
25 93
25 94
25 94
25 95
26 96
26 97
26 97
27 98
27 99
27 99
28 100
28 100
29 100
29 100
30 99
30 99
30 98
31 97
31 96
31 96
31 95
31 94
32 93
32 92
32 91
32 91
32 90
32 89
33 88
33 87
33 86
33 86
33 85
33 84
34 83
34 82
34 81
34 80
34 80
34 79
34 78
35 77
35 76
35 75
35 75
35 74
36 73
36 72
36 71
36 71
36 70
37 69
37 68
37 67
37 67
37 66
38 65
38 64
38 64
38 63
38 62
38 61
38 60
38 60
38 59
39 58
39 57
39 56
39 56
39 55
39 54
39 53
39 52
39 52
39 51
40 50
40 49
40 48
40 48
40 47
40 46
40 45
40 44
40 44
40 43
40 42
40 42
39 41
39 40
39 40
38 40
38 40
37 41
37 41
37 42
37 42
36 43
36 44
36 44
36 45
35 46
35 47
35 48
35 48
35 49
35 50
34 51
34 52
34 53
34 53
34 54
34 55
34 56
34 57
34 58
34 59
34 60
34 60
34 61
34 62
34 63
33 64
33 65
33 66
33 67
33 67
33 68
33 69
33 70
33 71
33 72
33 73
33 73
33 74
33 75
33 76
33 77
33 78
33 79
33 79
33 80
33 81
33 82
33 83
33 83
33 84
33 85
33 86
33 86
33 87
33 88
33 88
34 89
34 89
35 90
35 90
36 90
36 90
37 89
37 89
37 88
38 87
38 86
38 86
38 85
39 84
39 83
39 82
39 82
39 81
40 80
40 79
41 78
41 77
41 77
41 76
41 75
41 74
42 73
42 72
42 71
42 70
42 70
42 69
43 68
43 67
43 66
44 65
44 64
44 64
44 63
44 62
45 61
45 60
45 59
45 59
45 58
46 57
46 56
46 56
47 55
47 55
47 54
47 54
47 54
46 55
46 56
46 56
46 57
46 58
46 59
46 60
46 60
46 61
45 62
45 63
45 64
45 64
45 65
45 66
45 67
45 68
45 69
45 69
45 70
45 71
45 72
45 73
45 73
45 74
46 75
46 76
46 76
46 77
46 78
46 79
46 79
47 80
47 81
47 81
47 82
47 82
48 82
48 82
49 81
49 81
50 80
50 79
50 79
50 78
50 77
51 76
51 75
51 74
51 73
51 72
51 71
52 70
52 69
52 68
52 67
52 66
53 65
53 64
53 63
53 62
53 61
53 60
54 59
54 58
54 57
54 56
54 55
55 54
55 53
55 52
55 51
55 50
56 49
56 48
56 47
56 46
56 45
56 44
57 43
57 42
57 41
57 40
57 39
58 38
58 37
58 36
58 35
58 34
58 33
59 32
59 31
59 30
59 30
60 29
61 29
61 29
61 28
61 27
61 26
61 26
61 26
60 26
60 26
60 27
60 27
60 28
59 29
59 30
59 30
59 31
58 32
58 33
57 34
57 35
57 35
57 36
56 37
56 38
56 39
56 40
55 41
55 42
55 42
55 43
55 44
54 45
54 46
54 47
54 47
54 48
53 49
53 50
53 51
53 51
53 52
53 53
53 54
53 54
53 55
54 56
54 57
54 57
55 58
56 59
56 59
57 60
57 61
57 61
58 62
59 62
59 62
60 63
61 63
61 63
62 64
62 64
63 65
63 65
63 66
63 66
63 67
63 68
63 68
62 69
62 69
61 70
61 71
61 71
60 72
60 73
60 73
59 74
59 74
58 75
58 75
58 74
58 74
58 73
59 72
59 71
59 70
60 69
60 68
60 67
61 66
61 65
61 64
62 63
62 62
62 61
62 60
63 59
63 58
63 57
64 56
64 55
64 54
65 53
65 52
65 51
66 50
66 49
66 48
67 47
67 46
67 45
68 44
68 43
68 42
69 41
69 40
69 39
69 38
70 37
70 36
70 35
71 34
71 33
71 32
72 31
72 30
72 30
73 29
73 29
72 28
72 28
72 29
72 29
72 29
71 30
71 31
71 31
71 32
70 33
70 34
70 34
70 35
69 36
69 37
69 38
69 38
69 39
68 40
68 41
68 41
68 42
68 43
68 44
68 44
68 45
68 46
68 46
68 47
69 48
69 49
69 49
70 50
70 51
70 51
71 52
71 53
71 53
72 54
72 55
72 55
73 56
73 57
73 57
74 58
74 59
74 59
75 60
75 61
75 61
75 62
75 63
75 64
75 64
74 65
74 66
74 66
74 67
73 68
73 69
73 69
73 70
72 71
72 72
72 72
71 73
71 74
71 74
70 75
70 75
70 76
70 76
70 75
71 74
71 73
72 72
72 71
73 70
73 69
74 68
74 67
74 66
75 65
75 64
76 63
76 62
77 61
77 60
78 59
78 58
78 58
78 59
78 60
78 61
78 61
77 62
77 62
77 62
76 63
76 63
76 64
76 64
76 64
77 65
77 65
78 64
78 64
79 63
79 62
79 62
80 61
80 60
80 60
80 59
81 58
81 57
81 56
81 56
82 55
82 54
83 53
83 52
83 52
83 51
84 50
84 49
84 48
84 48
84 47
85 46
85 45
86 44
86 43
86 43
86 42
86 41
87 40
87 39
87 38
87 38
87 37
87 36
88 35
88 34
88 33
88 33
88 32
89 31
89 30
89 30
89 29
89 28
89 28
89 27
89 26
89 26
88 26
88 26
88 26
87 27
87 28
87 28
86 29
86 30
86 30
86 31
85 32
85 33
84 34
84 35
84 35
84 36
84 37
83 38
83 39
83 40
83 40
83 41
83 42
82 43
82 44
82 45
82 46
82 46
82 47
82 48
81 49
81 50
81 51
81 52
81 52
81 53
81 54
80 55
80 56
80 57
80 58
80 58
80 59
80 60
80 61
80 62
80 63
80 63
80 64
81 65
81 66
81 66
82 67
82 68
82 68
83 69
83 69
84 68
84 68
85 67
86 67
86 67
87 66
88 65
88 65
89 64
89 63
90 62
90 62
90 61
91 60
91 59
91 58
91 58
92 57
92 56
93 55
93 54
93 54
94 53
94 52
95 51
95 50
95 50
96 49
96 48
96 48
96 47
96 46
96 46
97 45
97 45
97 44
97 44
97 44
97 45
97 45
97 46
97 47
97 47
97 48
98 49
98 50
98 50
98 51
98 52
98 53
98 54
98 54
98 55
98 56
98 57
98 58
98 59
98 59
99 60
99 61
100 62
