12 40
13 40
13 40
13 40
13 39
13 39
13 39
13 39
14 39
14 39
14 38
14 38
14 38
14 38
14 37
14 37
14 37
14 36
14 36
13 35
13 35
12 35
12 35
11 35
11 35
10 35
10 35
9 35
9 35
8 36
7 36
7 36
6 37
6 38
6 38
5 39
5 40
5 40
5 41
4 42
4 43
4 44
4 44
4 45
3 46
3 47
3 48
2 49
2 50
2 50
2 51
2 52
2 53
1 54
1 55
1 56
1 57
1 58
1 58
1 59
1 60
1 61
0 62
0 63
0 64
0 65
0 65
0 66
0 67
0 68
0 69
0 70
0 71
0 72
0 73
0 73
0 74
0 75
0 76
0 77
0 78
0 78
0 79
1 80
1 81
1 81
2 82
2 83
2 83
3 84
4 84
4 84
5 84
6 83
7 83
7 83
8 82
9 82
9 82
10 81
11 81
12 80
12 80
13 79
13 78
14 77
14 77
14 76
14 75
15 74
15 73
15 72
15 71
16 70
16 69
16 68
16 67
16 66
17 65
17 64
17 63
17 62
17 61
18 60
18 59
18 58
18 57
19 56
19 55
19 54
19 53
19 52
20 51
20 50
20 49
20 48
20 47
21 46
21 45
21 44
21 43
22 42
22 41
22 40
22 39
22 38
23 37
23 36
23 35
23 34
24 33
24 32
24 31
24 30
24 29
25 28
25 27
25 26
25 25
25 24
26 23
26 22
26 21
26 20
27 19
27 18
27 17
27 16
27 15
28 14
28 13
28 12
28 11
28 10
29 9
29 8
29 7
29 6
30 5
30 4
30 3
30 3
31 2
31 1
31 1
31 1
31 0
31 0
31 0
31 0
31 0
31 0
31 1
31 1
31 2
30 3
30 4
30 4
30 5
30 6
29 7
29 8
29 9
29 9
29 10
29 11
28 12
28 13
28 14
28 14
28 15
28 16
27 17
27 18
27 19
27 20
27 20
27 21
27 22
26 23
26 24
26 25
26 26
26 26
26 27
26 28
26 29
25 30
25 31
25 32
25 33
25 33
25 34
25 35
25 36
24 37
24 38
24 39
24 40
24 40
24 41
24 42
24 43
24 44
24 45
24 46
24 47
24 48
24 48
24 49
24 50
23 51
23 52
23 53
23 54
23 54
23 55
23 56
23 57
23 58
23 59
23 60
23 61
23 62
23 62
23 63
23 64
23 65
22 66
22 67
22 68
22 69
22 69
22 70
22 71
22 72
22 73
22 74
22 75
22 76
22 76
22 77
22 78
22 79
22 80
22 81
22 82
22 82
22 83
22 84
22 85
22 86
22 86
22 87
23 88
23 89
23 90
23 90
23 91
24 92
24 93
24 94
24 94
24 95
24 96
24 97
24 97
25 98
25 99
25 99
25 100
25 100
26 100
26 100
27 100
27 100
27 99
28 98
28 97
28 97
29 96
29 95
30 94
30 94
30 93
30 92
31 91
31 90
31 89
31 89
31 88
32 87
32 86
33 85
33 84
33 84
33 83
33 82
34 81
34 80
34 79
34 79
35 78
35 77
36 76
36 75
36 75
36 74
36 73
37 72
37 71
37 70
37 70
37 69
37 68
38 67
38 66
38 65
38 65
38 64
39 63
39 62
39 61
39 61
39 60
39 59
40 58
40 57
40 56
40 56
40 55
40 54
40 53
40 52
40 51
40 51
40 50
41 49
41 48
41 47
41 47
40 46
40 45
40 45
40 44
40 43
40 43
39 43
39 43
38 44
38 44
37 45
37 45
36 46
36 47
35 48
35 48
35 49
34 50
34 51
34 52
34 52
34 53
34 54
33 55
33 56
33 57
33 58
33 58
33 59
33 60
33 61
32 62
32 63
32 64
32 65
32 65
32 66
32 67
32 68
31 69
31 70
31 71
31 72
31 72
31 73
31 74
31 75
31 76
31 77
31 78
31 78
31 79
31 80
31 81
31 82
31 83
31 83
31 84
31 85
31 86
31 86
32 87
32 88
32 88
33 89
33 90
33 90
34 90
34 90
35 90
35 90
36 89
37 89
37 89
38 88
38 87
38 87
38 86
39 85
39 84
39 84
40 83
40 82
41 81
41 80
41 80
41 79
42 78
42 77
42 76
42 76
42 75
43 74
43 73
43 72
43 72
43 71
44 70
44 69
44 68
44 68
44 67
44 66
44 65
44 65
45 65
45 65
44 65
44 65
44 65
44 66
44 67
44 68
44 68
44 69
43 70
43 71
43 71
43 72
43 73
43 74
43 75
43 75
43 76
43 77
43 77
44 78
44 79
44 79
44 80
44 80
45 80
45 80
46 80
47 80
47 80
48 79
48 79
48 78
48 77
49 76
49 75
49 74
49 73
50 72
50 71
50 70
50 69
50 68
51 67
51 66
51 65
51 64
51 63
52 62
52 61
52 60
52 59
53 58
53 57
53 56
53 55
53 54
54 53
54 52
54 51
54 50
54 49
55 48
55 47
55 46
55 45
56 44
56 43
56 42
56 42
56 41
56 40
56 40
55 39
55 39
55 38
55 38
54 38
54 38
54 38
53 39
53 39
53 40
52 41
52 42
52 43
52 43
52 44
51 45
51 46
51 47
51 47
51 48
51 49
51 50
51 51
51 51
51 52
51 53
51 54
51 54
51 55
52 56
52 57
52 57
52 58
53 59
53 60
53 60
54 61
55 62
55 62
56 63
56 64
56 64
57 65
58 65
58 65
59 66
59 67
59 67
59 68
59 69
59 69
59 70
59 71
59 71
59 72
58 73
58 74
58 74
57 75
57 75
56 76
56 77
56 77
56 77
56 77
56 76
56 76
56 75
56 74
56 74
56 73
57 72
57 71
57 71
57 70
58 69
58 68
58 67
58 67
58 66
59 65
59 64
59 63
60 62
60 61
60 60
61 59
61 58
61 57
62 56
62 55
62 54
63 53
63 52
63 51
64 50
64 49
64 48
65 47
65 46
65 46
65 45
65 44
66 43
66 42
66 41
66 40
67 39
67 38
67 37
67 37
68 36
68 36
68 35
68 34
68 34
67 34
67 34
67 34
66 35
66 35
65 36
65 37
65 37
65 38
64 39
64 40
64 40
64 41
63 42
63 43
63 44
63 44
63 45
63 46
63 47
63 48
63 48
63 49
63 50
63 51
63 51
63 52
63 53
63 53
63 54
64 55
64 56
64 56
65 57
65 58
65 58
66 59
66 60
66 60
67 61
67 62
67 62
68 63
68 64
68 64
68 65
68 66
68 66
68 67
68 68
68 68
67 69
67 70
67 70
66 71
66 72
66 72
65 73
65 74
65 74
64 75
64 75
63 76
63 76
62 76
62 76
62 75
63 74
63 73
64 72
64 71
64 70
65 69
65 68
65 67
66 66
66 65
67 64
67 63
67 62
68 61
68 60
68 60
68 61
68 62
67 63
67 64
67 65
67 66
67 66
66 67
66 67
66 67
67 68
68 68
68 68
69 68
69 68
70 67
71 67
71 67
72 66
72 65
72 65
73 64
74 63
74 63
75 62
75 61
76 60
76 60
77 59
77 58
78 57
78 57
79 56
79 55
80 54
80 53
80 53
80 52
80 51
81 50
81 49
81 48
81 48
82 47
82 46
83 45
83 44
83 44
83 43
83 42
83 41
83 40
83 40
83 39
84 38
84 37
84 36
84 36
84 35
84 34
84 33
84 33
83 32
83 31
83 31
82 30
82 30
81 30
81 30
80 31
80 31
79 32
79 33
79 33
78 34
78 35
77 36
77 37
77 37
77 38
76 39
76 40
76 41
75 42
75 43
75 43
75 44
75 45
75 46
74 47
74 48
74 49
74 50
74 50
74 51
73 52
73 53
73 54
73 55
72 56
72 57
72 57
72 58
72 59
72 60
72 61
72 62
72 63
72 63
72 64
73 65
73 66
73 67
73 67
73 68
74 69
74 70
74 70
75 71
75 72
75 72
76 72
77 72
77 72
78 72
79 71
80 71
80 71
81 70
82 70
83 69
83 69
84 68
85 67
85 67
86 66
87 65
87 65
88 64
88 63
89 62
89 62
90 61
90 60
90 60
91 59
91 58
91 58
92 57
93 56
93 56
94 55
94 55
95 55
95 55
96 55
96 55
96 56
96 57
96 57
97 58
97 59
97 59
98 60
98 61
98 61
98 62
98 63
98 63
99 64
99 65
99 65
100 66
100 67
