11 57
11 57
11 57
11 56
11 56
11 55
11 55
10 54
10 54
10 53
10 53
9 52
9 52
8 51
8 51
7 51
7 51
6 51
6 51
5 52
5 52
4 53
4 54
3 55
3 55
2 56
2 57
2 57
2 58
1 59
1 60
1 61
1 61
1 62
0 63
0 64
0 64
0 65
0 66
0 67
0 68
0 68
0 69
0 70
0 71
0 72
0 72
0 73
0 74
0 75
0 76
0 77
0 77
0 78
0 79
0 80
0 81
0 82
0 82
0 83
0 84
0 85
0 86
0 87
0 88
0 88
0 89
1 90
1 91
1 92
1 92
1 93
1 94
2 95
2 96
2 97
2 97
3 98
3 99
3 99
4 100
4 100
5 100
5 100
6 99
7 99
7 99
8 98
8 97
9 96
9 96
9 95
10 94
10 93
10 93
10 92
10 91
11 90
11 89
11 88
11 87
11 86
12 85
12 84
12 83
12 82
12 81
13 80
13 79
13 78
13 77
13 76
13 75
14 74
14 73
14 72
14 71
14 70
15 69
15 68
15 67
15 66
15 65
16 64
16 63
16 62
16 61
16 60
17 59
17 58
17 57
17 56
17 55
18 54
18 53
18 52
18 51
18 50
19 49
19 48
19 47
19 46
19 45
19 44
20 43
20 42
20 41
20 40
20 39
21 38
21 37
21 36
21 35
21 34
22 33
22 32
22 31
22 30
22 29
23 28
23 27
23 26
23 25
23 24
24 23
24 22
24 21
24 20
24 19
25 18
25 17
25 16
25 15
25 14
25 13
26 12
26 11
26 10
26 9
26 8
27 7
27 6
27 5
27 4
27 3
28 2
28 1
28 0
28 0
27 1
27 2
27 2
27 3
27 4
27 4
27 5
26 6
26 7
26 7
26 8
26 9
25 10
25 11
25 12
25 12
25 13
25 14
25 15
25 16
25 17
25 18
25 19
25 20
25 20
25 21
25 22
25 23
24 24
24 25
24 26
24 27
24 28
24 28
24 29
24 30
24 31
24 32
23 33
23 34
23 35
23 36
23 37
23 37
23 38
23 39
23 40
23 41
23 42
23 43
23 44
23 45
23 46
23 47
23 47
23 48
23 49
23 50
23 51
23 52
22 53
22 54
22 55
22 56
22 57
22 58
22 58
22 59
22 60
22 61
22 62
22 63
22 64
22 65
22 66
22 67
22 68
22 68
22 69
22 70
22 71
23 72
23 73
23 74
23 75
23 75
23 76
23 77
24 78
24 79
24 80
24 80
24 81
24 82
25 83
25 84
25 85
25 85
25 86
26 87
26 88
26 89
26 89
27 90
28 91
28 91
29 92
30 92
30 92
31 91
32 91
32 91
33 90
34 90
34 90
35 89
36 88
36 87
37 86
37 86
38 85
39 84
39 83
40 82
40 82
40 81
41 80
41 79
42 78
42 77
42 77
43 76
43 75
44 74
44 73
44 73
44 72
44 71
45 70
45 69
45 68
45 68
45 67
46 66
46 65
46 64
46 64
46 63
46 62
46 61
46 60
46 60
46 59
46 58
46 57
46 57
45 56
45 55
45 55
44 54
44 53
44 53
43 53
43 53
42 53
42 53
41 54
41 54
40 55
40 55
39 56
39 57
39 57
39 58
39 59
39 60
39 60
39 61
39 62
38 63
38 64
38 65
38 65
38 66
38 67
38 68
38 69
38 70
38 71
38 71
38 72
38 73
38 74
38 75
38 76
38 77
38 77
38 78
38 79
38 80
38 81
38 82
38 83
38 84
38 84
38 85
38 86
38 87
38 88
38 89
38 89
38 90
39 91
39 92
39 93
39 93
39 94
39 95
39 96
39 96
40 97
40 97
41 97
41 97
42 96
42 95
42 95
42 94
43 93
43 92
43 91
43 91
43 90
44 89
44 88
45 87
45 86
45 86
45 85
45 84
46 83
46 82
46 81
46 80
46 80
46 79
46 78
46 77
47 76
47 75
47 74
47 73
47 73
47 72
48 71
48 70
48 69
48 69
48 68
48 67
48 67
48 67
48 68
48 68
48 69
48 69
48 70
48 71
48 72
48 73
48 73
48 74
48 75
48 76
48 77
48 77
48 78
48 79
48 80
48 81
48 81
48 82
49 83
49 84
49 85
49 85
49 86
50 87
50 88
50 88
50 89
51 90
51 91
51 91
52 92
52 93
52 93
53 93
54 93
54 93
55 92
56 92
56 92
56 91
57 90
57 89
57 88
57 87
58 86
58 85
58 84
58 83
59 82
59 81
59 80
59 79
60 78
60 77
60 76
61 75
61 74
61 73
61 72
62 71
62 70
62 69
62 68
63 67
63 66
63 65
64 64
64 63
64 62
64 61
65 60
65 59
65 58
65 57
66 56
66 55
66 54
66 53
67 52
67 51
67 51
67 51
67 51
67 51
66 52
66 53
66 53
66 54
65 55
65 56
65 57
65 57
65 58
64 59
64 60
64 61
64 61
64 62
64 63
64 64
64 65
64 66
64 66
64 67
63 68
63 69
63 69
63 70
63 71
63 72
63 72
63 73
63 73
64 74
64 75
64 75
65 76
65 76
66 77
66 77
67 77
67 77
68 78
68 78
68 79
68 79
68 80
68 81
68 81
68 82
68 83
68 83
67 84
67 85
67 85
66 86
66 86
65 87
65 88
65 88
64 89
64 89
64 89
64 88
65 87
65 86
65 85
66 84
66 83
66 82
67 81
67 80
67 79
68 78
68 77
68 76
69 75
69 74
69 73
70 72
70 71
70 70
70 69
71 68
71 67
71 66
72 65
72 64
72 63
73 62
73 61
73 60
74 59
74 58
74 57
75 56
75 55
75 55
76 54
76 53
77 52
77 51
78 50
78 49
79 48
79 48
80 47
81 46
81 46
81 45
81 45
82 45
82 45
82 46
82 47
82 47
81 48
81 49
81 49
81 50
80 51
80 52
80 53
80 53
80 54
79 55
79 56
79 57
79 57
79 58
78 59
78 60
78 60
78 61
78 62
78 63
78 63
78 64
78 65
78 65
79 66
79 67
79 67
80 67
80 67
81 68
81 68
82 69
82 69
83 70
83 70
83 71
83 72
83 72
83 73
83 74
83 74
83 75
83 76
83 77
83 77
82 78
82 79
82 79
81 80
81 80
80 81
80 81
80 81
79 81
79 81
80 80
80 79
81 78
81 77
82 76
83 75
83 74
84 73
85 72
85 71
86 70
86 69
87 68
88 67
88 66
89 65
90 64
90 63
91 62
91 61
92 60
92 60
93 59
93 58
94 57
94 56
95 55
95 55
96 54
96 53
96 53
96 52
96 52
96 51
96 50
96 50
96 49
96 48
96 48
96 47
96 46
96 46
95 45
95 44
95 44
94 43
94 43
93 42
93 42
92 43
92 43
92 44
91 45
91 46
91 46
91 47
90 48
90 49
90 49
90 50
90 51
89 52
89 53
89 54
89 54
89 55
89 56
89 57
89 58
89 59
89 59
89 60
89 61
88 62
88 63
88 64
88 65
88 65
88 66
88 67
88 68
88 69
88 69
88 70
88 71
88 72
88 72
89 73
89 74
89 74
90 75
90 75
91 75
91 75
92 75
92 75
92 74
93 73
93 72
93 72
93 71
94 70
94 69
94 69
94 68
95 67
95 66
95 66
95 65
96 64
96 63
96 62
96 62
96 61
96 60
96 59
96 59
96 58
96 58
96 58
96 59
96 59
95 60
95 61
95 61
95 62
95 63
95 64
95 64
95 65
95 66
95 67
95 67
95 68
95 69
95 69
95 70
95 71
95 72
95 72
96 73
96 74
96 74
97 75
97 75
98 76
98 77
98 77
99 77
100 77
