19 47
18 46
18 46
17 45
17 45
16 45
16 45
15 45
15 45
14 44
13 44
13 44
12 45
12 46
12 46
12 47
11 48
11 49
11 49
10 50
9 51
9 51
8 52
8 53
7 54
7 55
6 56
6 57
6 57
6 58
5 59
5 60
5 61
4 62
4 63
4 63
4 64
3 65
3 66
3 67
3 68
2 69
2 70
2 71
2 71
2 72
2 73
2 74
2 75
1 76
1 77
1 78
1 79
1 80
1 80
1 81
1 82
1 83
0 84
0 85
0 86
0 87
0 88
0 88
0 89
0 90
0 91
0 92
0 93
0 94
0 94
0 95
0 96
0 97
0 98
0 99
0 99
1 99
2 100
3 100
3 100
4 99
5 99
6 98
6 98
7 97
8 96
8 95
9 94
10 93
10 93
10 92
11 91
11 90
11 89
11 88
12 87
12 86
12 85
13 84
13 83
13 82
13 81
14 80
14 79
14 78
14 77
15 76
15 75
15 74
16 73
16 72
16 71
16 70
17 69
17 68
17 67
18 66
18 65
18 64
18 63
19 62
19 61
19 60
20 59
20 58
20 57
20 56
21 55
21 54
21 53
22 52
22 51
22 50
22 49
23 48
23 47
23 46
23 45
24 44
24 43
24 42
25 41
25 40
25 39
25 38
26 37
26 36
26 35
27 34
27 33
27 32
27 31
28 30
28 29
28 28
29 27
29 26
29 25
29 24
30 23
30 22
30 21
31 20
31 19
31 18
31 17
32 16
32 15
32 14
32 13
33 12
33 11
33 10
34 9
34 8
34 7
34 6
35 5
35 4
35 4
35 3
35 2
35 1
35 1
35 1
34 2
34 3
34 3
33 4
33 5
32 6
32 7
32 7
32 8
31 9
31 10
31 11
31 11
31 12
31 13
30 14
30 15
30 16
30 17
30 17
30 18
29 19
29 20
29 21
29 22
28 23
28 24
28 25
28 25
28 26
28 27
28 28
28 29
27 30
27 31
27 32
27 33
27 34
27 35
27 35
27 36
27 37
26 38
26 39
26 40
26 41
26 42
25 43
25 44
25 45
25 45
25 46
25 47
25 48
25 49
25 50
24 51
24 52
24 53
24 54
24 55
24 56
24 56
24 57
24 58
24 59
24 60
24 61
24 62
24 63
24 64
24 65
24 66
24 66
24 67
24 68
24 69
24 70
24 71
24 72
24 73
24 74
24 75
24 76
24 77
24 77
24 78
25 79
25 80
25 81
25 82
26 83
26 84
26 85
26 85
26 86
27 87
27 88
27 89
28 90
28 91
28 91
29 92
29 93
30 94
30 95
30 95
31 95
32 95
33 95
33 95
34 94
35 94
36 93
36 93
37 92
38 91
39 90
39 90
39 89
40 88
40 87
41 86
41 85
41 85
42 84
42 83
43 82
43 81
44 80
44 79
44 79
45 78
45 77
46 76
46 75
47 74
47 73
47 73
47 72
48 71
48 70
48 69
48 68
49 67
49 66
49 66
49 65
49 64
50 63
50 62
50 61
50 60
50 60
50 59
51 58
51 57
51 56
52 55
52 54
52 54
52 53
52 52
52 51
52 50
52 49
52 48
52 48
52 47
52 46
52 45
52 45
52 44
52 44
51 44
51 44
50 45
50 45
49 46
48 47
48 47
48 48
47 49
47 50
47 51
47 51
47 52
47 53
46 54
46 55
46 56
46 56
46 57
45 58
45 59
44 60
44 61
44 61
44 62
44 63
44 64
44 65
44 66
44 67
44 67
44 68
44 69
43 70
43 71
43 72
43 73
43 73
43 74
43 75
43 76
43 77
43 77
43 78
44 79
44 80
44 81
44 81
44 82
44 82
45 83
45 83
46 82
47 82
47 82
47 81
48 80
48 79
48 79
48 78
49 77
49 76
49 75
49 75
49 74
49 73
50 72
50 71
50 70
50 70
50 69
50 68
51 67
51 66
51 65
51 65
51 64
52 63
52 62
52 62
53 62
53 62
54 63
54 63
54 64
55 65
55 66
55 66
55 67
56 68
56 69
56 69
56 70
57 71
57 72
57 72
58 73
58 74
58 74
59 75
60 76
60 76
61 76
62 76
62 76
62 75
63 74
63 73
63 72
63 71
64 70
64 69
64 68
64 67
65 66
65 65
65 64
65 63
66 62
66 61
66 60
66 59
67 58
67 57
67 56
67 55
68 54
68 53
68 52
68 51
69 50
69 49
69 48
69 47
70 46
70 45
70 44
70 43
71 42
71 41
71 41
71 41
70 42
70 42
69 43
69 43
68 44
68 44
68 45
67 46
67 47
67 47
66 48
66 49
65 50
65 51
65 51
64 52
64 53
63 54
63 55
63 55
63 56
62 57
62 58
62 58
62 59
61 60
61 61
61 61
61 62
61 63
61 63
61 64
61 64
62 65
62 65
63 65
63 65
64 65
65 65
65 65
66 65
66 65
67 66
67 66
68 67
68 67
69 68
69 68
69 69
69 69
69 70
69 71
69 72
69 72
68 73
68 74
68 74
68 75
67 76
67 77
67 77
67 78
67 79
67 79
67 78
68 77
68 76
68 75
68 74
69 73
69 72
69 71
69 70
70 69
70 68
70 67
70 66
71 65
71 64
71 63
71 62
72 61
72 60
72 59
72 58
73 57
73 56
73 55
73 54
74 53
74 52
74 51
74 50
75 49
75 48
75 48
76 47
77 46
78 45
79 44
79 44
80 43
80 42
80 42
80 42
80 42
80 43
80 43
80 44
80 44
80 45
79 46
79 47
79 47
79 48
78 49
78 50
78 50
77 51
77 52
76 53
76 54
76 54
76 55
75 56
75 57
75 57
75 58
75 59
75 59
75 60
75 60
75 60
76 60
76 60
77 60
78 60
78 60
79 60
79 60
80 61
81 61
81 61
82 62
82 62
83 63
83 64
83 64
83 65
83 66
83 66
83 67
83 68
83 68
83 69
83 70
83 71
83 72
83 72
83 73
82 74
82 75
82 75
81 76
81 77
81 77
80 78
80 78
80 77
81 76
81 75
81 74
82 73
82 72
82 71
82 70
83 69
83 68
83 68
84 67
85 66
86 65
86 65
87 65
88 65
88 65
89 64
89 63
89 63
90 62
91 61
91 61
92 60
92 59
92 59
93 58
93 57
93 57
93 56
94 55
94 54
94 54
94 53
94 52
94 52
93 51
93 50
93 50
93 49
93 48
93 48
92 47
92 47
91 48
90 48
90 48
89 49
89 50
89 50
89 51
88 52
88 53
88 54
88 54
88 55
88 56
88 57
88 58
88 58
88 59
88 60
88 61
88 62
88 62
88 63
88 64
88 65
88 65
88 66
89 67
89 68
89 68
90 69
90 70
90 70
91 71
91 71
91 70
91 70
92 69
93 68
93 68
93 67
94 66
94 65
94 65
95 64
95 63
95 63
96 62
96 61
96 61
97 61
98 61
98 61
98 62
98 63
98 63
98 64
99 65
99 66
99 66
99 67
100 68
100 69
100 69
100 70
100 71
100 72
100 73
