10 59
10 58
10 57
10 56
10 55
10 54
10 54
10 53
10 52
10 52
10 51
10 51
9 50
9 50
9 49
9 49
8 49
8 49
7 48
7 48
6 48
6 48
5 49
5 49
4 50
3 51
3 51
3 52
2 53
2 54
2 54
2 55
1 56
1 57
1 58
1 58
1 59
1 60
0 61
0 62
0 63
0 64
0 64
0 65
0 66
0 67
0 68
0 69
0 70
0 71
0 72
0 72
0 73
0 74
0 75
0 76
0 77
0 78
0 78
0 79
0 80
0 81
0 82
0 83
0 84
0 84
0 85
0 86
0 87
0 88
0 89
0 90
0 90
0 91
0 92
0 93
0 94
0 95
0 95
0 96
1 97
1 98
1 98
2 99
2 100
2 100
3 100
3 100
4 100
4 100
5 99
6 98
6 98
7 97
7 96
8 95
8 95
8 94
8 93
9 92
9 91
9 90
9 89
10 88
10 87
10 86
10 85
10 84
11 83
11 82
11 81
11 80
12 79
12 78
12 77
12 76
12 75
13 74
13 73
13 72
13 71
14 70
14 69
14 68
14 67
14 66
15 65
15 64
15 63
15 62
16 61
16 60
16 59
16 58
16 57
17 56
17 55
17 54
17 53
18 52
18 51
18 50
18 49
18 48
19 47
19 46
19 45
19 44
19 43
20 42
20 41
20 40
20 39
21 38
21 37
21 36
21 35
21 34
22 33
22 32
22 31
22 30
23 29
23 28
23 27
23 26
23 25
24 24
24 23
24 22
24 21
25 20
25 19
25 18
25 17
25 16
26 15
26 14
26 13
26 12
27 11
27 10
27 9
27 8
27 7
28 6
28 5
28 4
28 3
29 2
29 1
29 0
29 0
30 1
30 2
30 2
29 2
28 2
28 2
28 3
28 4
28 5
28 6
28 6
28 7
28 8
27 9
27 10
27 11
27 11
27 12
27 13
27 14
26 15
26 16
26 17
26 18
26 18
26 19
26 20
26 21
26 22
25 23
25 24
25 25
25 26
25 27
25 27
25 28
25 29
25 30
25 31
24 32
24 33
24 34
24 35
24 36
24 37
24 37
24 38
24 39
24 40
24 41
24 42
24 43
24 44
24 45
24 46
24 47
24 48
24 48
24 49
24 50
24 51
24 52
24 53
23 54
23 55
23 56
23 57
23 58
23 59
23 59
23 60
23 61
23 62
23 63
23 64
22 65
22 66
22 67
22 68
22 69
22 70
22 70
22 71
22 72
22 73
22 74
22 75
22 76
22 77
22 78
22 79
22 79
22 80
22 81
23 82
23 83
23 84
23 84
23 85
23 86
23 87
23 88
23 88
24 89
24 90
25 91
25 91
26 92
26 92
27 91
28 91
28 91
29 90
30 89
31 88
31 88
32 87
33 86
33 85
34 84
34 84
35 83
35 82
36 81
36 80
37 79
37 79
38 78
38 77
39 76
39 75
40 74
40 73
40 73
40 72
41 71
41 70
42 69
42 68
42 68
42 67
42 66
43 65
43 64
43 63
43 62
43 62
44 61
44 60
45 59
45 58
45 58
45 57
45 56
45 55
45 54
45 54
45 53
45 52
45 51
45 51
45 50
45 49
45 48
45 48
44 47
44 47
43 46
43 46
42 46
42 46
41 47
41 48
41 48
41 49
40 50
40 51
40 51
40 52
40 53
39 54
39 55
39 56
39 56
39 57
39 58
38 59
38 60
38 61
38 62
38 62
38 63
38 64
38 65
37 66
37 67
37 68
37 69
37 69
37 70
37 71
37 72
36 73
36 74
36 75
36 76
36 76
36 77
36 78
35 79
35 80
35 81
35 82
35 82
35 83
35 84
35 85
35 86
35 86
35 87
36 88
36 89
36 89
37 90
37 90
38 90
38 90
39 89
40 88
40 88
40 87
41 86
41 85
41 84
41 84
42 83
42 82
43 81
43 80
43 80
43 79
43 78
44 77
44 76
44 75
44 74
44 74
44 73
44 72
45 71
45 70
45 69
45 68
45 68
45 67
45 66
45 65
45 65
45 64
45 64
45 64
45 65
45 66
45 66
45 67
44 68
44 69
44 69
44 70
44 71
44 72
44 73
44 74
44 75
44 75
44 76
44 77
43 78
43 79
43 80
43 80
43 81
44 82
44 83
44 83
44 84
44 85
44 86
44 86
45 87
45 88
45 88
46 89
46 90
46 90
47 91
48 91
48 91
48 90
49 89
49 88
50 87
50 86
50 85
51 84
51 83
51 82
52 81
52 80
53 79
53 78
53 77
54 76
54 75
54 74
55 73
55 72
56 71
56 70
56 69
57 68
57 67
58 66
58 65
58 64
59 63
59 62
59 61
60 60
60 59
61 58
61 57
61 56
62 55
62 54
62 53
63 52
63 51
64 50
64 49
64 49
64 48
64 47
65 46
65 45
65 44
65 44
65 44
64 44
64 44
63 45
63 46
63 46
63 47
62 48
62 49
62 49
62 50
62 51
61 52
61 53
61 54
61 54
61 55
60 56
60 57
60 58
60 58
60 59
60 60
60 61
60 62
60 62
60 63
60 64
60 65
60 65
60 66
60 67
60 67
61 68
61 69
61 69
61 70
61 70
62 71
63 72
63 72
64 73
64 73
64 74
64 75
64 75
65 76
65 77
65 77
65 78
65 78
64 79
64 80
64 80
63 81
63 82
63 82
62 83
62 84
62 84
61 85
61 85
60 86
60 86
59 87
59 87
59 87
59 86
60 85
60 84
60 83
61 82
61 81
62 80
62 79
62 78
63 77
63 76
63 75
64 74
64 73
64 72
65 71
65 70
65 69
66 68
66 67
67 66
67 65
67 64
68 63
68 62
68 61
69 60
69 59
69 58
70 57
70 56
70 55
71 54
71 53
72 52
72 51
72 50
73 49
73 48
73 47
74 46
74 45
74 45
75 44
75 43
76 42
76 41
77 40
77 39
77 39
78 39
78 39
78 40
78 40
78 41
77 42
77 43
77 43
77 44
76 45
76 46
76 47
76 47
76 48
76 49
75 50
75 51
75 52
75 53
75 53
75 54
75 55
75 56
75 57
75 57
75 58
74 59
74 60
74 61
74 61
74 62
74 63
74 64
74 64
74 65
74 66
74 66
75 67
75 68
75 68
76 69
76 69
77 70
78 70
78 70
79 71
79 71
80 72
81 72
81 72
81 73
81 74
81 74
81 75
81 75
81 76
81 77
81 77
80 78
80 78
79 79
79 80
79 80
78 81
78 81
79 80
80 79
80 78
81 77
82 76
83 75
84 74
84 73
85 72
86 71
87 70
88 69
89 68
89 67
90 66
91 65
92 64
93 63
93 62
94 61
95 60
95 60
95 59
95 58
95 58
95 57
95 57
95 56
95 55
95 54
95 54
95 53
95 52
95 52
95 51
95 50
95 49
95 49
95 48
95 47
95 46
95 45
95 45
95 44
95 43
95 42
95 42
95 41
95 40
95 40
94 39
94 38
94 38
94 37
94 37
94 36
94 36
93 36
93 36
92 37
92 37
92 38
92 39
92 39
91 40
91 41
91 41
91 42
90 43
90 44
90 45
90 45
90 46
89 47
89 48
89 49
89 49
89 50
89 51
89 52
89 53
89 54
89 54
89 55
89 56
89 57
89 58
89 59
89 60
89 60
89 61
89 62
89 63
89 64
89 65
89 66
89 66
89 67
89 68
89 69
89 70
89 71
89 71
89 72
90 73
90 74
90 75
90 75
91 76
91 77
91 77
92 78
92 78
93 79
93 79
94 78
94 78
94 77
95 76
95 75
95 75
95 74
96 73
96 72
96 71
96 71
96 70
96 69
97 68
97 67
97 66
97 66
97 65
97 64
97 63
97 62
97 61
97 61
97 60
97 59
97 58
97 58
97 57
97 56
97 56
97 56
96 57
96 57
96 58
96 59
96 59
96 60
96 61
96 62
96 63
96 63
96 64
95 65
95 66
95 67
95 67
95 68
95 69
95 70
95 71
95 71
95 72
95 73
95 73
96 74
96 75
96 75
97 76
97 77
97 77
98 77
98 77
99 77
100 77
