13 50
14 49
14 49
14 48
14 48
14 47
14 47
14 46
14 46
14 45
14 45
13 44
13 44
12 43
12 43
11 43
11 43
10 43
10 43
9 44
8 44
8 44
7 45
7 45
6 46
6 47
5 48
5 48
4 49
4 50
3 51
3 51
3 52
3 53
2 54
2 55
2 56
2 56
2 57
2 58
1 59
1 60
1 61
1 61
1 62
1 63
0 64
0 65
0 66
0 67
0 67
0 68
0 69
0 70
0 71
0 72
0 73
0 73
0 74
0 75
0 76
0 77
0 78
0 79
0 80
0 80
0 81
0 82
0 83
0 84
0 85
0 86
0 86
0 87
0 88
0 89
0 90
0 91
0 91
0 92
0 93
0 94
0 95
0 96
0 96
1 97
1 98
1 98
2 99
3 100
3 100
4 100
4 100
5 99
6 99
6 99
7 98
8 97
8 97
9 96
9 95
10 94
10 94
10 93
11 92
11 91
12 90
12 89
12 89
12 88
12 87
13 86
13 85
13 84
13 83
13 82
14 81
14 80
14 79
14 78
14 77
14 76
15 75
15 74
15 73
15 72
15 71
16 70
16 69
16 68
16 67
16 66
17 65
17 64
17 63
17 62
17 61
18 60
18 59
18 58
18 57
18 56
18 55
19 54
19 53
19 52
19 51
19 50
20 49
20 48
20 47
20 46
20 45
21 44
21 43
21 42
21 41
21 40
22 39
22 38
22 37
22 36
22 35
23 34
23 33
23 32
23 31
23 30
23 29
24 28
24 27
24 26
24 25
24 24
25 23
25 22
25 21
25 20
25 19
26 18
26 17
26 16
26 15
26 14
27 13
27 12
27 11
27 10
27 9
27 8
28 7
28 6
28 5
28 4
28 3
29 2
29 1
29 0
29 0
29 1
28 2
28 3
28 4
28 4
27 5
27 5
27 6
26 7
26 8
26 8
26 9
26 10
26 11
26 12
26 12
26 13
26 14
25 15
25 16
25 17
25 18
25 18
25 19
25 20
25 21
24 22
24 23
24 24
24 25
24 26
24 26
24 27
24 28
24 29
24 30
23 31
23 32
23 33
23 34
23 35
23 36
23 36
23 37
23 38
23 39
23 40
23 41
23 42
23 43
23 44
23 45
23 46
23 47
23 47
23 48
23 49
23 50
23 51
23 52
22 53
22 54
22 55
22 56
22 57
22 58
22 58
22 59
22 60
22 61
22 62
22 63
21 64
21 65
21 66
21 67
21 68
21 69
21 70
21 70
21 71
21 72
21 73
21 74
21 75
21 76
21 77
21 78
21 78
21 79
21 80
21 81
21 82
21 83
21 84
21 85
21 85
21 86
21 87
22 88
22 89
22 90
22 91
22 91
22 92
23 93
23 94
24 95
24 96
24 96
25 97
26 98
26 98
27 99
28 99
28 99
29 99
30 99
31 99
31 99
32 98
33 97
33 97
34 96
34 95
35 94
35 94
36 93
36 92
37 91
37 90
38 89
38 89
38 88
39 87
39 86
40 85
40 84
40 84
40 83
40 82
40 81
41 80
41 79
41 78
41 77
41 77
41 76
42 75
42 74
42 73
43 72
43 71
43 71
43 70
43 69
44 68
44 67
44 66
44 65
44 65
44 64
44 63
44 62
44 61
44 60
44 59
44 59
44 58
44 57
44 56
44 55
44 55
44 54
44 53
44 53
43 52
42 52
42 52
41 51
41 51
40 51
40 51
39 51
38 51
38 51
37 52
37 53
37 53
37 54
36 55
36 56
36 56
35 57
35 58
34 59
34 59
34 60
34 61
34 62
34 63
34 63
34 64
34 65
33 66
33 67
33 68
33 68
33 69
33 70
33 71
33 72
33 73
33 74
33 74
33 75
33 76
33 77
33 78
33 78
33 79
34 80
34 81
34 82
34 82
34 83
35 84
35 85
35 85
36 86
36 86
37 85
37 85
38 84
38 84
39 83
39 82
40 81
40 81
40 80
41 79
41 78
41 78
41 77
42 76
42 75
42 74
42 74
42 73
43 72
43 71
43 71
43 70
43 69
43 68
43 68
43 67
43 66
43 66
43 66
43 67
43 67
43 68
43 69
43 69
43 70
43 71
43 72
43 72
43 73
43 74
43 75
43 75
43 76
43 77
43 78
43 79
43 79
43 80
44 81
44 82
44 82
44 83
45 84
45 85
45 85
45 86
45 87
45 88
45 88
46 89
46 90
46 90
47 91
48 91
48 91
49 92
49 92
49 91
50 90
50 89
50 88
51 87
51 86
51 85
52 84
52 83
52 82
53 81
53 80
53 79
54 78
54 77
54 76
55 75
55 74
55 73
56 72
56 71
56 70
57 69
57 68
58 67
58 66
58 65
59 64
59 63
59 62
60 61
60 60
60 59
61 58
61 57
61 56
62 55
62 54
62 53
63 52
63 51
63 50
64 49
64 48
64 47
65 46
65 45
65 45
65 46
64 47
64 48
64 48
63 48
63 48
63 49
63 50
63 51
63 51
63 52
62 53
62 54
62 54
62 55
61 56
61 57
61 57
61 58
61 59
61 59
61 60
61 61
61 61
61 62
61 63
61 63
61 64
61 65
61 65
62 66
62 67
62 67
63 68
63 69
63 69
64 70
64 70
65 71
65 71
66 72
66 72
66 73
66 73
66 74
66 75
66 75
65 76
65 76
64 77
64 78
64 78
63 79
63 80
63 80
62 81
62 82
62 82
61 83
61 83
60 84
60 84
59 83
59 83
59 82
60 81
60 80
61 79
61 78
62 77
62 76
63 75
63 74
64 73
64 72
65 71
65 70
66 69
66 68
67 67
67 66
68 65
68 64
69 63
69 62
70 61
70 60
71 59
71 58
72 57
72 56
73 55
73 54
74 53
74 52
75 51
75 50
76 49
76 48
76 48
77 47
78 46
79 45
79 45
80 44
80 44
80 44
80 45
80 45
80 46
79 47
79 48
79 48
79 49
78 50
78 51
78 51
78 52
78 53
77 54
77 55
77 56
77 56
77 57
76 58
76 59
76 60
76 60
76 61
76 62
76 63
76 63
76 64
76 65
76 66
76 66
76 67
76 67
77 68
77 68
78 68
78 68
79 68
80 68
80 68
81 67
81 67
82 68
82 68
83 69
83 70
83 70
83 71
83 72
83 72
82 73
82 74
82 74
82 75
82 76
82 77
82 77
81 78
81 78
80 79
80 80
80 80
79 80
79 80
79 80
79 79
79 79
80 78
80 77
81 76
82 75
82 74
83 73
84 72
84 71
85 70
86 69
86 68
87 67
88 66
88 65
89 64
90 63
90 62
91 61
92 60
92 59
93 58
94 57
94 56
95 55
96 54
96 53
97 52
97 52
97 51
97 50
97 50
97 50
96 49
96 49
95 48
95 48
95 47
95 47
94 46
94 46
94 46
93 46
93 46
93 46
93 47
92 48
92 49
92 49
92 50
92 51
92 52
92 53
92 54
92 54
92 55
92 56
91 57
91 58
91 59
91 59
91 60
91 61
90 62
90 63
90 64
90 64
90 65
90 66
90 67
90 68
90 68
90 69
90 70
90 71
90 72
90 72
90 73
90 74
90 74
90 75
90 75
91 75
91 75
92 74
92 74
93 73
93 72
93 72
93 71
94 70
94 69
94 69
94 68
95 67
95 66
95 65
95 65
95 64
96 63
96 62
96 61
96 61
96 60
97 59
97 58
97 58
97 57
97 57
97 57
97 58
97 58
96 59
96 60
96 60
96 61
96 62
96 63
96 63
96 64
95 65
95 66
95 66
95 67
96 68
96 69
96 69
96 70
96 71
96 71
97 72
97 73
97 73
98 74
98 74
99 75
100 75
