15 56
16 55
16 55
16 54
16 53
16 53
17 52
17 51
17 51
17 51
17 50
17 49
17 49
17 48
17 48
16 47
16 47
15 46
15 46
14 45
14 45
13 46
12 46
12 46
11 47
10 48
10 48
9 49
9 50
8 51
8 52
8 52
8 53
7 54
7 55
7 56
6 57
6 58
6 58
6 59
5 60
5 61
4 62
4 63
3 64
3 65
3 65
3 66
3 67
3 68
2 69
2 70
2 71
2 72
2 73
2 73
2 74
1 75
1 76
1 77
1 78
0 79
0 80
0 81
0 81
0 82
0 83
0 84
0 85
0 86
0 87
0 88
0 89
0 89
0 90
0 91
0 92
0 93
0 94
0 95
0 95
0 96
1 97
1 98
1 99
1 99
2 100
3 100
3 100
4 100
5 99
6 99
7 99
7 99
8 98
9 97
10 96
11 95
11 95
12 94
12 93
13 92
14 91
14 90
15 89
15 89
16 88
16 87
17 86
17 85
18 84
18 83
19 82
19 81
19 81
20 80
20 79
21 78
21 77
22 76
22 75
23 74
23 73
24 72
24 71
24 71
24 70
24 69
25 68
25 67
25 66
25 65
26 64
26 63
26 62
26 61
27 60
27 59
27 58
27 57
28 56
28 55
28 54
28 53
29 52
29 51
29 50
29 49
29 48
30 47
30 46
30 45
30 44
31 43
31 42
31 41
31 40
32 39
32 38
32 37
32 36
33 35
33 34
33 33
33 32
34 31
34 30
34 29
34 28
34 27
35 26
35 25
35 24
35 23
36 22
36 21
36 20
36 19
37 18
37 17
37 16
37 15
38 14
38 13
38 12
38 11
39 10
39 9
39 8
39 8
39 7
39 6
39 5
39 4
39 3
39 2
39 1
39 0
39 0
39 1
39 1
38 2
38 2
38 3
37 4
37 5
37 6
37 6
37 7
36 8
36 9
35 10
35 11
35 11
35 12
34 13
34 14
33 15
33 16
33 16
33 17
32 18
32 19
32 20
32 21
31 22
31 23
31 24
31 24
31 25
31 26
31 27
31 28
30 29
30 30
30 31
30 32
30 33
30 33
30 34
30 35
29 36
29 37
29 38
29 39
29 40
28 41
28 42
28 43
28 43
28 44
28 45
28 46
28 47
27 48
27 49
27 50
27 51
27 52
27 53
27 53
27 54
27 55
27 56
27 57
26 58
26 59
26 60
26 61
26 62
26 62
26 63
26 64
26 65
26 66
26 67
26 68
26 69
26 70
26 71
26 72
26 73
26 73
26 74
27 75
27 76
27 77
27 78
28 79
28 80
28 81
28 81
28 82
29 83
29 84
29 85
30 86
30 87
30 87
31 88
31 89
32 90
32 90
33 90
34 91
35 91
35 91
36 91
37 90
38 90
38 90
39 89
40 88
41 88
42 87
42 87
43 86
44 85
44 84
45 83
45 83
46 82
46 81
47 80
47 79
48 78
48 78
48 77
49 76
49 75
49 74
50 73
50 72
50 72
50 71
51 70
51 69
51 68
52 67
52 66
52 66
52 65
53 64
53 63
54 62
54 61
54 61
54 60
54 59
55 58
55 57
55 56
55 56
55 55
56 54
56 53
56 53
56 52
56 51
56 50
56 50
56 49
56 49
55 48
55 48
54 48
54 48
53 48
52 48
52 48
51 49
51 49
50 50
50 51
49 52
49 52
49 53
48 54
48 55
48 55
48 56
47 57
47 58
47 59
47 59
47 60
46 61
46 62
46 63
46 63
46 64
46 65
45 66
45 67
45 68
45 68
45 69
45 70
45 71
45 72
45 73
45 73
45 74
46 75
46 76
46 76
46 77
47 78
47 79
47 79
48 80
48 80
49 79
50 79
50 79
51 78
51 78
51 77
52 76
52 75
52 75
52 74
53 73
53 72
53 71
53 71
53 70
54 69
54 68
54 67
54 67
54 66
54 65
55 64
55 63
55 62
55 62
56 61
56 60
56 60
57 59
57 58
57 58
57 59
57 59
57 60
57 61
57 61
58 62
58 63
58 63
58 64
58 65
58 66
58 67
58 67
58 68
59 69
59 70
59 70
59 71
59 72
59 72
60 73
60 74
60 74
61 74
62 74
62 74
62 73
63 72
63 71
63 70
64 69
64 68
64 67
65 66
65 65
65 64
66 63
66 62
66 61
67 60
67 59
67 58
68 57
68 56
68 55
69 54
69 53
69 53
69 52
70 51
70 50
70 49
70 48
71 47
71 46
71 45
71 45
71 44
71 44
71 44
71 43
71 43
70 44
70 44
69 45
69 45
69 46
68 47
68 48
68 48
67 49
67 50
66 51
66 52
66 52
66 53
66 54
65 55
65 56
65 57
65 57
65 58
64 59
64 60
64 60
64 61
64 62
64 62
64 63
64 64
64 64
65 65
65 65
66 65
66 65
67 65
67 65
68 64
69 64
69 64
70 64
70 64
71 65
71 65
72 65
72 65
72 66
72 67
72 67
72 68
72 68
72 69
71 70
71 71
71 71
70 72
70 73
70 73
69 74
69 75
69 75
68 76
68 76
68 75
69 74
69 73
70 72
70 71
70 70
71 69
71 68
72 67
72 66
72 65
73 64
73 63
74 62
74 61
74 60
75 59
75 58
76 57
76 56
76 55
77 54
77 53
78 52
78 51
78 50
79 49
79 48
80 47
80 46
80 46
81 45
82 44
83 43
83 43
83 42
83 42
83 41
83 41
83 41
83 42
83 42
82 43
82 44
82 44
81 45
81 46
80 47
80 47
79 48
79 49
79 49
79 50
78 51
78 52
78 52
77 53
77 54
77 54
77 55
77 56
77 57
77 57
77 58
77 58
78 59
78 59
79 60
79 60
80 60
81 60
81 60
82 60
82 60
83 60
83 60
84 61
84 61
85 62
85 62
85 63
85 64
85 64
85 65
85 66
85 66
85 67
84 68
84 69
84 69
83 70
83 71
83 71
82 72
82 73
82 73
81 74
81 74
82 73
82 72
83 71
83 70
84 69
85 68
85 67
86 66
87 65
87 64
88 63
88 62
89 61
89 61
90 60
90 59
91 58
91 57
91 57
91 56
92 55
92 54
92 54
93 53
93 52
93 52
93 51
93 50
93 50
93 49
93 48
93 47
93 47
92 46
92 45
92 45
92 44
92 44
91 44
91 44
90 45
90 45
90 46
90 47
90 47
90 48
89 49
89 50
89 50
89 51
88 52
88 53
88 54
88 54
88 55
88 56
88 57
88 58
88 58
88 59
88 60
88 61
88 61
88 62
89 63
89 64
89 64
89 65
89 65
90 65
90 65
91 64
91 64
92 63
92 62
92 62
93 61
93 60
93 60
94 59
95 59
95 59
96 59
96 59
97 59
97 59
98 60
98 61
98 61
99 62
99 63
99 63
100 64
