22 52
22 51
22 50
22 50
22 49
22 49
22 48
22 47
22 47
22 46
22 46
22 45
22 45
21 44
21 44
20 43
19 43
19 43
18 43
17 43
17 43
16 43
15 44
14 44
14 44
13 45
13 46
12 47
12 47
11 48
11 49
10 50
10 51
9 52
9 52
9 53
8 54
8 55
8 56
7 57
7 58
7 58
7 59
6 60
6 61
5 62
5 63
5 64
4 65
4 66
4 66
4 67
3 68
3 69
3 70
3 71
2 72
2 73
2 74
2 74
2 75
1 76
1 77
1 78
1 79
0 80
0 81
0 82
0 82
0 83
0 84
0 85
0 86
0 87
0 88
0 89
0 90
0 90
0 91
0 92
0 93
0 94
0 95
0 95
0 96
0 97
1 98
1 99
1 100
1 100
2 100
3 100
3 100
4 99
5 98
6 98
7 97
7 97
8 96
9 95
10 94
10 93
11 92
12 91
12 91
13 90
14 89
14 88
15 87
16 86
17 85
17 84
18 83
18 83
19 82
19 81
20 80
20 79
21 78
21 77
22 76
22 75
23 74
23 73
23 73
24 72
24 71
25 70
25 69
26 68
26 67
27 66
27 65
28 64
28 63
28 63
28 62
29 61
29 60
29 59
30 58
30 57
30 56
30 55
31 54
31 53
31 53
31 52
32 51
32 50
32 49
33 48
33 47
33 46
34 45
34 44
34 43
35 42
35 41
35 40
36 39
36 38
36 37
36 36
37 35
37 34
37 33
38 32
38 31
38 30
39 29
39 28
39 27
40 26
40 25
40 25
40 24
41 23
41 22
41 21
41 20
42 19
42 18
42 17
42 16
43 15
43 14
43 13
43 12
44 11
44 10
44 9
44 9
44 8
44 7
44 6
44 5
44 4
44 3
44 3
44 2
45 1
45 0
45 0
44 1
44 1
43 2
43 2
42 3
42 4
41 5
41 5
41 6
41 7
40 8
40 9
40 10
40 10
39 11
39 12
38 13
38 14
38 14
38 15
37 16
37 17
37 18
36 19
36 20
36 20
36 21
35 22
35 23
35 24
35 25
34 26
34 27
34 27
34 28
34 29
33 30
33 31
33 32
33 33
32 34
32 35
32 36
32 36
32 37
32 38
32 39
32 40
31 41
31 42
31 43
31 44
31 45
31 45
31 46
31 47
31 48
31 49
31 50
31 51
31 52
31 53
31 53
31 54
31 55
31 56
31 57
31 58
31 59
31 60
31 61
31 62
31 62
31 63
31 64
31 65
32 66
32 67
32 68
32 69
32 69
32 70
32 71
33 72
33 73
33 74
33 74
34 75
35 76
35 77
36 78
36 78
37 78
38 79
39 79
40 79
40 79
41 79
42 78
43 78
43 78
44 77
45 77
46 76
46 76
47 75
48 74
49 73
49 73
50 72
51 71
52 70
52 70
53 69
53 68
54 67
54 66
54 66
55 65
55 64
56 63
56 62
56 62
56 61
57 60
57 59
57 59
57 58
58 57
58 56
58 55
58 55
58 54
58 53
58 52
58 52
58 51
58 50
58 50
58 49
58 48
58 47
58 47
57 46
57 46
56 45
56 45
55 46
55 46
54 47
53 47
53 47
52 48
52 49
51 50
51 51
51 51
51 52
50 53
50 54
50 55
50 55
50 56
49 57
49 58
49 59
49 59
49 60
49 61
48 62
48 63
48 64
48 65
48 65
48 66
47 67
47 68
47 69
47 69
47 70
47 71
47 72
47 73
47 73
48 74
48 75
48 75
49 76
49 76
50 75
50 75
51 74
52 73
52 73
53 72
53 71
53 71
54 70
54 69
55 68
55 67
55 67
55 66
56 65
56 64
56 64
56 63
57 62
57 61
57 61
58 60
58 60
58 60
59 61
59 62
59 62
59 63
59 64
59 64
59 65
60 66
60 67
60 67
60 68
60 69
60 69
61 69
61 69
62 70
62 70
62 69
63 68
63 67
64 66
64 65
64 64
65 63
65 62
66 61
66 60
67 59
67 58
67 57
68 56
68 55
69 54
69 53
69 52
70 51
70 50
71 49
71 48
71 48
71 47
72 46
72 45
72 44
72 44
72 44
72 44
72 44
71 45
71 45
70 46
70 46
69 47
69 48
68 49
68 49
68 50
67 51
67 52
67 52
66 53
66 54
65 55
65 55
65 56
65 57
65 58
65 58
64 59
64 60
64 60
64 61
64 61
65 62
65 62
65 62
66 61
67 61
67 61
68 61
68 61
69 61
69 61
70 62
70 62
71 63
71 63
71 64
71 65
71 65
71 66
71 66
70 67
70 68
70 68
69 69
69 70
69 70
68 71
68 71
68 70
69 69
69 68
70 67
70 66
70 65
71 64
71 63
72 62
72 61
72 60
73 59
73 58
74 57
74 56
74 55
75 54
75 53
76 52
76 51
76 50
77 49
77 48
78 47
78 46
78 46
79 45
80 44
81 43
81 43
82 42
82 42
82 42
82 42
81 43
81 43
80 44
80 44
79 45
79 46
79 46
79 47
78 48
78 49
78 49
78 50
77 51
77 52
77 52
76 53
76 54
76 54
76 55
76 55
77 56
77 56
78 56
78 56
79 56
79 56
80 56
81 56
81 56
82 56
82 56
83 56
84 56
84 56
85 57
85 57
86 57
86 57
86 58
86 59
86 59
85 60
85 60
85 61
84 62
84 63
84 63
83 64
83 65
83 65
82 66
82 66
83 65
83 64
84 63
85 62
85 61
86 60
87 59
88 58
88 57
89 56
90 55
90 54
91 53
92 52
92 51
93 50
93 50
93 49
93 48
94 47
94 46
94 45
94 44
94 44
94 43
94 42
94 42
93 42
93 42
93 42
92 42
92 42
91 43
91 44
91 44
90 45
90 46
90 46
90 47
90 48
90 49
90 49
90 50
90 51
90 52
90 53
90 53
90 54
90 55
90 55
90 56
90 57
90 57
91 58
91 59
91 59
92 59
92 59
93 58
93 58
94 57
94 57
95 56
95 55
95 55
95 54
95 53
95 53
96 52
96 51
96 51
96 51
97 52
97 52
97 53
97 53
97 54
98 55
98 56
98 57
98 57
98 58
98 59
98 60
98 60
98 61
99 62
99 63
99 63
99 64
99 65
99 65
99 66
