21 47
20 46
20 46
19 45
19 44
19 44
18 43
18 43
17 43
17 43
16 43
16 43
15 44
15 44
14 45
13 46
13 46
12 47
12 48
11 49
11 49
10 50
10 51
9 52
9 53
8 54
8 55
8 55
8 56
7 57
7 58
7 59
6 60
6 61
6 61
6 62
5 63
5 64
5 65
5 66
4 67
4 68
4 68
4 69
3 70
3 71
2 72
2 73
2 74
1 75
1 76
1 76
1 77
1 78
1 79
0 80
0 81
0 82
0 83
0 84
0 84
0 85
0 86
0 87
0 88
0 89
0 90
0 91
0 92
0 93
0 93
0 94
0 95
0 96
0 97
0 98
0 98
1 99
2 100
2 100
3 100
4 100
5 100
5 100
6 99
7 99
8 98
9 98
9 98
10 97
11 96
12 95
12 94
13 93
14 92
14 92
15 91
15 90
16 89
16 88
17 87
17 86
18 85
18 84
18 84
18 83
19 82
19 81
20 80
20 79
21 78
21 77
22 76
22 75
22 75
22 74
23 73
23 72
23 71
24 70
24 69
24 68
25 67
25 66
25 65
25 64
26 63
26 62
26 61
27 60
27 59
27 58
28 57
28 56
28 55
29 54
29 53
29 52
30 51
30 50
30 49
31 48
31 47
31 46
31 45
32 44
32 43
32 42
33 41
33 40
33 39
34 38
34 37
34 36
35 35
35 34
35 33
36 32
36 31
36 30
37 29
37 28
37 27
37 26
38 25
38 24
38 23
39 22
39 21
39 20
40 19
40 18
40 18
40 17
40 16
41 15
41 14
41 13
41 12
42 11
42 10
42 9
42 8
43 7
43 6
43 5
43 5
43 4
44 3
44 2
44 1
44 1
44 0
44 0
43 1
43 2
43 2
43 3
42 4
42 5
42 5
42 6
42 7
41 8
41 9
41 10
41 11
41 11
41 12
40 13
40 14
40 15
39 16
39 17
39 17
39 18
38 19
38 20
38 21
38 22
37 23
37 24
37 25
37 25
37 26
36 27
36 28
36 29
36 30
35 31
35 32
35 33
35 33
35 34
35 35
35 36
35 37
34 38
34 39
34 40
34 41
34 42
34 42
34 43
34 44
34 45
34 46
33 47
33 48
33 49
33 50
33 51
33 52
33 52
33 53
33 54
33 55
33 56
32 57
32 58
32 59
32 60
32 61
32 62
32 62
32 63
32 64
32 65
32 66
32 67
32 68
32 69
32 70
32 71
32 72
32 72
32 73
33 74
33 75
33 76
33 77
34 78
34 79
34 79
35 80
35 81
36 82
36 83
36 83
37 84
37 85
38 86
38 86
39 86
40 85
41 85
41 85
42 84
43 83
44 82
44 82
45 81
46 80
46 79
47 78
48 77
48 77
48 76
49 75
49 74
50 73
50 72
50 72
51 71
51 70
52 69
52 68
53 67
53 66
53 66
53 65
54 64
54 63
54 62
54 61
55 60
55 59
55 59
55 58
56 57
56 56
56 55
57 54
57 53
57 53
57 52
57 51
58 50
58 49
58 48
58 47
58 47
58 46
58 45
58 44
58 43
58 42
58 42
58 41
58 40
58 39
58 39
57 38
57 38
56 39
56 39
55 40
55 40
54 41
54 42
53 43
53 44
53 44
52 45
52 46
51 47
51 48
51 48
51 49
51 50
50 51
50 52
50 53
50 53
50 54
50 55
49 56
49 57
49 58
49 58
49 59
49 60
48 61
48 62
48 63
48 63
48 64
48 65
48 66
48 67
48 68
48 68
48 69
48 70
48 71
48 71
49 72
49 72
50 73
50 73
51 72
51 72
52 71
53 70
53 70
54 69
55 68
55 68
55 67
56 66
56 65
56 64
56 64
57 63
57 62
58 61
58 60
58 60
58 59
59 58
59 57
59 56
59 56
60 55
60 54
60 54
61 55
61 55
62 56
62 56
62 57
63 58
63 59
63 59
63 60
64 61
64 62
64 63
64 63
65 64
65 65
65 65
66 66
66 66
67 67
67 67
67 66
68 65
68 64
69 63
69 62
70 61
70 60
70 59
71 58
71 57
72 56
72 55
73 54
73 53
73 52
74 51
74 50
75 49
75 48
76 47
76 46
76 46
76 45
77 44
77 43
77 42
77 42
77 42
76 42
76 42
76 41
76 41
75 41
75 41
74 42
74 42
73 43
73 44
73 44
72 45
72 46
72 46
71 47
71 48
70 49
70 49
70 50
69 51
69 52
69 52
69 53
68 54
68 55
68 55
67 56
67 57
67 57
67 58
67 59
67 59
68 60
68 60
69 61
69 61
70 61
70 61
71 60
72 60
72 60
73 60
74 60
74 60
75 60
75 60
76 60
76 60
76 61
76 61
76 62
76 62
76 63
75 64
75 65
75 65
74 66
73 67
73 67
73 68
72 69
72 70
72 70
71 71
70 72
70 72
70 71
71 70
71 69
72 68
72 67
72 66
73 65
73 64
74 63
74 62
74 61
75 60
75 59
76 58
76 57
76 56
77 55
77 54
78 53
78 52
78 51
79 50
79 49
80 48
80 47
80 46
81 45
81 44
82 43
82 42
82 42
83 42
84 41
85 41
86 41
86 41
85 40
85 40
85 39
85 39
85 40
85 40
85 41
85 41
84 42
84 43
84 43
83 44
83 45
82 46
82 46
82 47
81 48
81 49
81 49
80 50
80 51
79 52
79 52
79 53
79 54
79 54
78 55
78 56
78 56
78 57
78 57
79 58
79 58
80 59
80 59
81 59
82 59
82 59
83 60
83 60
84 61
84 61
85 61
85 61
86 62
86 63
86 63
86 64
86 64
85 65
85 66
85 66
84 67
84 68
84 68
83 69
83 70
83 70
82 71
82 71
83 70
83 69
84 68
85 67
85 66
86 65
86 64
87 63
88 62
88 61
89 60
89 60
90 59
91 59
92 58
93 58
93 58
94 57
94 57
94 56
94 55
94 55
95 54
95 53
95 53
95 52
95 51
95 51
95 50
95 49
95 48
95 48
95 47
95 46
95 45
95 45
94 44
94 43
94 43
94 43
93 43
93 43
92 44
92 45
92 45
92 46
92 47
92 48
92 48
92 49
91 50
91 51
91 52
91 52
91 53
91 54
91 55
91 55
91 56
91 57
91 58
91 58
91 59
91 60
91 60
91 61
91 62
91 62
92 62
92 62
92 61
92 61
93 60
93 59
93 59
94 58
94 57
94 57
95 56
96 56
96 56
96 55
96 55
97 56
97 56
98 57
98 58
98 58
99 59
99 60
99 60
99 61
99 61
100 62
