21 49
21 48
22 47
22 46
23 45
23 44
23 44
23 44
22 43
22 42
22 42
22 41
22 40
22 39
22 39
22 38
22 38
21 37
21 36
21 36
20 36
19 36
19 36
18 36
17 36
17 36
16 37
15 37
15 37
14 38
14 39
13 40
13 41
13 41
12 42
11 43
11 44
10 45
10 45
10 46
9 47
9 48
8 49
8 50
8 51
7 52
7 53
7 53
7 54
7 55
6 56
6 57
6 58
6 59
5 60
5 61
5 62
5 62
5 63
4 64
4 65
4 66
3 67
3 68
3 69
3 70
2 71
2 72
2 72
2 73
2 74
1 75
1 76
1 77
1 78
1 79
0 80
0 81
0 82
0 82
0 83
0 84
0 85
0 86
0 87
0 88
0 89
0 90
0 91
0 91
0 92
0 93
0 94
0 95
0 96
0 96
1 97
1 98
2 99
2 100
2 100
3 100
4 100
5 100
5 100
6 99
7 99
8 98
9 98
9 98
10 97
11 96
12 95
13 94
14 93
14 93
15 92
15 91
16 90
16 89
17 88
17 87
18 86
18 86
19 85
19 84
20 83
20 82
21 81
21 80
22 79
22 78
23 77
23 76
23 76
23 75
24 74
24 73
24 72
25 71
25 70
25 69
25 68
26 67
26 66
26 66
26 65
27 64
27 63
28 62
28 61
28 60
29 59
29 58
30 57
30 56
30 56
30 55
31 54
31 53
31 52
31 51
32 50
32 49
32 48
32 47
33 46
33 45
33 45
33 44
34 43
34 42
34 41
34 40
35 39
35 38
35 37
35 36
36 35
36 34
36 33
36 33
36 32
36 31
37 30
37 29
37 28
37 27
37 26
38 25
38 24
38 23
38 23
38 22
38 21
39 20
39 19
39 18
39 17
40 16
40 15
40 14
40 14
40 13
40 12
40 11
41 10
41 9
41 8
41 7
41 7
41 6
42 5
42 4
42 3
42 3
42 2
42 1
42 1
41 0
41 0
40 1
40 1
40 2
39 3
39 4
39 4
39 5
38 6
38 7
38 7
38 8
37 9
37 10
37 11
37 12
36 13
36 14
36 14
36 15
35 16
35 17
35 18
35 19
34 20
34 21
34 22
34 22
34 23
34 24
34 25
34 26
33 27
33 28
33 29
33 30
33 31
33 31
33 32
33 33
33 34
33 35
32 36
32 37
32 38
32 39
32 40
32 41
32 41
32 42
32 43
32 44
31 45
31 46
31 47
31 48
31 49
31 49
31 50
31 51
31 52
32 53
32 54
32 55
32 56
32 56
32 57
32 58
32 59
33 60
33 61
33 62
33 63
33 63
33 64
34 65
34 66
35 67
35 68
35 68
36 69
37 70
37 71
38 72
38 72
39 73
40 73
41 74
41 74
42 74
43 73
44 73
44 73
45 72
46 72
47 71
47 71
48 70
48 69
49 68
49 67
49 67
50 66
50 65
51 64
51 63
52 62
52 62
52 61
53 60
53 59
53 58
54 57
54 56
54 56
54 55
55 54
55 53
55 52
55 51
56 50
56 49
56 48
56 47
57 46
57 45
57 44
57 44
57 43
57 42
58 41
58 40
58 39
58 38
58 37
58 36
59 35
59 34
59 33
59 33
59 32
59 31
59 30
59 30
59 29
59 29
59 28
59 28
58 28
58 28
57 29
57 29
56 30
56 31
55 32
55 32
55 33
55 34
54 35
54 36
54 37
54 37
54 38
54 39
53 40
53 41
53 42
53 43
53 43
53 44
53 45
53 46
52 47
52 48
52 49
52 50
52 50
52 51
52 52
52 53
51 54
51 55
51 56
51 57
51 57
51 58
51 59
51 60
51 61
51 62
51 62
51 63
51 64
51 65
51 66
51 66
52 67
52 68
52 68
53 68
53 68
54 67
54 67
55 66
56 66
56 66
56 65
57 64
57 63
57 62
57 62
57 61
58 60
58 59
58 58
58 58
58 57
58 56
59 55
59 54
59 53
59 53
59 52
60 51
60 50
60 49
60 49
61 48
61 47
61 47
62 47
62 47
63 48
63 48
64 49
64 50
64 50
64 51
65 52
65 53
65 54
65 54
65 55
65 56
65 57
65 57
66 58
66 59
66 59
67 60
68 61
68 61
69 61
69 61
69 60
70 59
70 58
70 57
71 56
71 55
72 54
72 53
72 52
73 51
73 50
73 49
74 48
74 47
75 46
75 45
75 44
76 43
76 42
76 42
76 41
76 40
77 39
77 38
77 37
77 36
77 35
78 34
78 33
78 32
78 32
78 31
78 30
78 30
78 29
78 29
78 28
78 28
77 28
77 28
77 29
77 29
76 30
76 30
75 31
75 32
74 33
74 33
74 34
73 35
73 36
73 37
73 37
72 38
72 39
71 40
71 41
71 41
71 42
70 43
70 44
70 45
70 45
70 46
70 47
70 47
70 48
70 49
70 49
70 50
70 50
71 51
71 51
72 52
72 52
73 53
74 53
74 53
75 54
75 54
76 55
76 55
76 56
76 56
76 57
76 58
76 58
76 59
76 60
76 60
75 61
75 62
75 62
74 63
74 64
74 64
73 65
72 65
72 65
72 64
73 63
73 62
73 61
74 60
74 59
75 58
75 57
75 56
76 55
76 54
76 53
77 52
77 51
78 50
78 49
78 48
79 47
79 46
79 45
80 44
80 43
80 42
81 41
81 40
82 39
82 38
82 37
83 36
83 35
83 35
84 34
85 33
85 32
86 31
86 31
87 30
87 29
87 29
87 29
87 29
87 29
87 30
87 30
86 31
86 32
86 32
85 33
85 34
84 35
84 35
84 36
83 37
83 38
83 39
83 39
82 40
82 41
81 42
81 42
81 43
80 44
80 45
80 45
80 46
80 47
80 47
80 48
80 48
80 49
80 49
81 49
82 49
82 49
83 49
83 49
84 49
85 49
85 49
86 49
87 49
87 49
88 49
88 49
89 50
89 50
89 51
89 52
89 52
89 53
88 54
88 55
88 55
88 56
87 57
87 58
87 58
86 59
86 60
85 61
85 61
84 62
84 63
84 63
84 63
85 62
85 61
86 60
86 59
87 58
87 57
88 56
88 55
89 54
89 53
90 52
90 51
91 50
91 49
92 48
92 48
93 47
94 47
95 46
95 46
95 45
95 45
96 44
96 43
96 43
96 42
96 42
96 41
97 40
97 39
97 39
97 38
97 37
97 37
97 36
97 35
97 34
97 34
96 33
96 32
96 32
96 31
96 31
95 32
95 32
94 33
94 33
94 34
93 35
93 36
93 37
93 37
93 38
93 39
93 40
93 40
93 41
92 42
92 43
92 44
92 44
92 45
92 46
92 47
92 47
93 48
93 49
93 49
93 50
93 50
94 50
94 50
95 49
95 49
95 48
96 47
96 46
96 46
97 45
97 44
97 44
97 43
98 42
98 41
98 41
98 40
98 40
99 40
99 40
99 41
99 41
100 42
100 43
100 43
100 44
100 45
100 45
100 46
100 46
99 47
99 48
