0 61
1 60
1 60
2 59
3 59
4 58
4 58
5 57
6 56
6 56
7 55
8 54
9 54
10 53
10 53
11 52
12 51
13 51
14 50
15 49
15 49
16 48
17 47
18 46
19 46
20 45
21 44
21 44
22 43
23 42
24 42
25 41
26 40
26 40
27 39
28 39
29 38
30 37
31 37
32 36
32 36
33 35
34 34
35 34
36 33
37 32
37 32
37 31
36 30
36 29
36 28
36 27
35 26
35 25
35 24
34 23
34 22
34 21
34 20
33 19
33 18
33 18
33 19
34 20
34 21
34 21
33 22
33 22
32 23
31 23
31 23
31 24
31 25
31 26
31 26
31 27
31 28
31 29
31 30
31 31
31 31
31 32
31 33
31 34
31 35
31 36
31 36
31 37
31 38
31 39
31 40
31 41
31 41
31 42
31 43
30 44
30 45
30 46
30 47
30 47
30 48
29 49
29 50
29 51
28 52
28 53
28 53
28 54
28 55
27 56
27 57
27 58
27 59
27 59
26 60
25 61
25 62
24 63
24 63
23 64
23 65
22 66
22 67
22 67
21 68
21 69
20 70
20 70
19 71
18 71
18 71
18 70
19 69
19 68
20 67
20 66
21 65
21 64
21 63
22 62
22 61
23 60
23 59
24 58
24 57
24 56
25 55
25 54
26 53
26 52
27 51
27 50
27 50
28 50
29 50
30 50
31 50
31 50
32 50
32 50
31 49
31 49
32 49
33 49
33 49
34 50
35 51
35 51
36 52
37 52
38 53
38 53
39 54
40 55
41 56
42 57
42 57
43 58
44 59
45 59
46 60
46 60
47 61
48 62
49 62
50 63
50 63
51 63
52 64
53 64
54 65
55 65
55 65
55 64
55 63
55 62
56 61
56 60
56 59
56 58
56 57
56 56
56 55
57 54
57 53
57 52
57 51
57 50
57 49
58 48
58 47
58 46
58 45
58 44
58 43
58 42
59 41
59 40
59 39
59 38
59 37
59 36
59 35
60 34
60 33
60 32
60 31
60 31
60 32
60 33
60 33
59 32
59 32
59 33
59 33
59 34
59 35
59 35
59 36
60 37
60 38
60 39
60 39
60 40
60 41
60 42
60 43
60 43
60 44
60 45
60 46
60 47
60 48
60 48
60 49
60 50
60 51
60 52
60 52
60 53
60 54
60 54
61 55
61 56
61 56
61 55
61 54
61 53
61 52
61 51
61 50
60 49
60 48
60 47
60 46
60 45
60 44
60 43
60 42
60 41
60 40
60 39
60 38
59 37
59 36
59 35
59 34
59 33
59 32
59 31
59 31
59 30
60 29
60 28
60 28
61 27
61 26
61 26
61 26
62 25
63 25
63 25
64 24
64 24
65 24
66 24
66 24
66 24
67 25
67 25
68 26
68 26
68 27
69 28
69 29
69 29
69 30
69 31
69 32
69 32
69 33
69 34
70 35
70 36
70 37
70 37
70 38
71 39
71 40
71 41
71 41
71 42
71 43
71 44
71 44
71 45
71 46
71 46
71 46
70 46
70 46
70 46
69 45
69 44
69 44
68 43
68 42
68 42
68 41
68 40
68 40
68 39
69 38
69 37
69 37
69 36
69 35
69 35
68 35
68 35
67 36
67 37
67 37
66 38
66 39
66 39
65 40
65 41
64 42
64 43
64 43
63 44
63 45
63 45
63 46
63 47
63 47
63 48
63 48
64 47
64 47
65 46
66 46
66 46
67 45
68 44
69 43
69 43
70 42
71 42
72 41
72 41
73 40
74 39
74 39
74 38
74 37
74 36
74 35
75 34
75 33
75 32
75 31
75 30
75 29
75 28
75 27
76 26
76 25
76 24
76 23
76 22
76 21
76 20
76 19
76 18
77 17
77 16
77 15
77 14
77 13
77 13
78 13
78 13
78 13
78 14
78 14
79 15
79 15
79 16
79 17
79 17
79 18
79 19
79 20
79 20
79 21
79 22
79 23
79 24
79 24
79 25
79 26
79 27
79 28
79 29
79 30
79 30
79 31
79 32
78 33
78 34
78 35
78 36
78 36
78 37
78 38
77 39
77 40
77 41
77 42
77 42
77 43
77 44
77 45
76 46
76 47
76 48
76 49
76 49
76 50
75 51
75 52
75 53
74 54
74 55
74 55
73 56
73 57
72 58
72 59
72 59
72 60
71 61
71 62
71 63
71 63
71 64
71 65
71 65
71 66
71 66
71 65
71 64
71 63
71 62
71 61
72 60
72 59
72 58
72 57
72 56
72 55
72 54
72 53
72 52
72 51
72 50
73 49
73 48
73 47
73 46
73 45
73 44
73 43
73 42
73 41
73 40
74 39
74 38
74 37
74 36
74 35
74 34
74 33
74 32
74 31
74 30
74 29
75 28
75 27
75 26
75 25
75 24
75 23
75 22
75 21
75 20
75 19
75 18
76 17
76 16
76 15
76 14
76 13
76 12
76 12
77 11
77 10
78 9
78 9
79 8
79 7
79 7
80 6
80 5
80 5
81 5
81 5
82 4
82 4
83 3
83 3
84 2
84 2
85 1
85 1
86 0
86 0
87 1
87 1
87 2
87 2
87 3
87 3
87 4
87 5
87 5
87 6
87 7
87 7
87 8
87 9
87 9
88 10
88 10
88 11
88 12
88 12
89 13
89 13
90 14
90 15
90 15
90 16
90 17
90 18
90 18
90 19
91 20
91 21
91 22
91 22
91 23
91 24
91 25
91 26
91 27
91 27
91 28
91 29
92 30
92 31
92 32
92 33
92 33
92 34
92 35
92 36
92 37
92 38
92 39
92 39
92 40
92 41
92 42
93 43
93 44
93 45
93 46
93 46
93 47
93 48
94 49
94 50
94 51
94 52
94 52
94 53
94 54
95 55
95 56
95 57
95 57
95 58
95 59
96 60
96 61
96 62
96 63
96 63
96 64
96 65
96 66
96 67
96 68
96 69
96 70
96 70
96 71
96 72
96 73
96 74
96 75
96 76
96 77
96 77
96 78
96 79
96 80
97 81
97 82
97 83
97 84
97 84
97 85
97 86
98 87
98 88
98 89
98 89
98 90
98 91
98 92
98 93
98 93
98 94
99 95
99 96
99 97
99 97
100 98
100 99
100 99
100 100
100 100
99 100
99 100
98 100
98 100
97 99
97 99
96 98
96 97
95 96
95 96
94 95
94 94
93 93
93 92
93 92
92 91
91 90
91 89
90 88
90 88
90 87
89 86
89 85
89 84
89 83
88 82
88 81
88 81
88 80
87 79
87 78
86 77
86 76
85 75
85 74
85 74
85 73
84 72
84 71
84 70
84 69
83 68
83 67
83 67
83 66
82 65
82 64
82 63
82 62
81 61
81 60
81 59
81 59
81 58
81 57
81 56
81 55
81 54
81 54
81 53
81 52
81 51
81 50
81 49
81 48
81 48
81 47
82 46
82 45
82 45
82 44
83 43
83 42
83 42
84 41
84 40
84 40
85 40
85 40
86 40
86 40
86 40
86 41
86 42
86 42
85 43
85 44
84 45
84 45
83 46
83 47
82 48
82 48
81 49
81 50
81 50
82 51
82 51
83 52
83 52
84 52
85 52
85 52
86 52
87 51
88 51
88 51
89 50
90 50
91 49
92 49
