1 63
1 64
1 64
1 63
1 62
1 62
0 62
0 62
0 62
1 61
2 61
2 61
3 60
4 60
5 59
5 59
6 58
7 58
8 57
9 57
10 56
10 56
11 56
12 55
13 55
14 54
15 54
15 54
16 53
17 53
18 52
19 52
20 51
20 51
21 50
22 50
23 49
24 49
25 48
26 48
26 48
27 48
28 47
29 47
30 46
31 46
31 46
32 45
33 45
34 44
35 44
36 43
36 43
37 42
38 42
39 41
39 41
40 40
41 39
42 39
43 38
43 38
44 37
45 37
46 36
46 36
47 35
47 34
47 34
46 33
45 32
45 31
44 30
43 29
42 28
41 27
41 26
40 25
39 24
39 24
38 25
38 26
38 26
37 27
37 27
36 28
36 28
36 29
36 30
36 31
36 31
36 32
36 33
36 34
36 35
36 36
36 36
36 37
36 38
35 39
35 40
35 41
35 41
35 42
35 43
35 44
34 45
34 46
34 47
34 48
34 48
34 49
34 50
34 51
33 52
33 53
33 54
33 55
33 55
33 56
32 57
32 58
32 59
31 60
31 61
31 61
31 62
30 63
30 64
29 65
29 66
29 66
28 67
28 68
27 69
27 70
26 71
26 71
25 72
25 73
24 74
24 74
23 75
22 76
22 76
22 77
22 78
22 78
23 77
23 76
24 75
24 74
25 73
25 72
26 71
26 70
27 69
27 68
28 67
28 66
29 65
29 64
30 63
30 62
31 61
31 60
32 59
32 59
33 60
34 61
34 61
35 60
35 60
34 59
34 59
35 60
36 60
36 60
37 61
38 61
38 61
39 62
40 63
41 64
41 64
42 65
43 66
44 67
44 67
45 68
45 69
46 70
46 70
47 71
48 72
49 73
49 73
50 74
51 74
51 74
52 74
53 75
54 75
54 75
54 74
54 73
54 72
54 71
55 70
55 69
55 68
55 67
55 66
55 65
55 64
55 63
55 62
56 61
56 60
56 59
56 58
56 57
56 56
56 55
56 54
56 53
57 52
57 51
57 50
57 49
57 48
57 47
57 46
57 45
57 44
58 43
58 42
58 41
58 40
58 39
58 39
59 40
59 40
59 39
59 39
59 40
59 40
60 40
60 40
60 41
60 42
60 42
60 43
60 44
60 44
60 45
61 46
61 47
61 47
61 48
61 49
61 50
61 51
61 51
61 52
61 53
61 54
61 55
61 55
61 56
62 57
62 58
62 59
62 59
62 60
62 61
62 62
62 62
63 63
63 64
63 64
63 63
63 62
63 61
62 60
62 59
62 58
62 57
62 56
62 55
62 54
61 53
61 52
61 51
61 50
61 49
61 48
61 47
61 46
60 45
60 44
60 43
60 42
60 42
60 41
61 40
61 39
61 39
62 38
62 37
62 37
62 36
63 35
63 34
63 34
64 33
64 33
65 32
66 32
66 32
67 32
67 32
68 32
68 32
69 33
69 33
69 34
69 34
70 35
70 35
70 36
71 37
71 38
71 38
71 39
71 40
71 41
71 41
71 42
71 43
72 44
72 45
72 46
72 46
72 47
72 48
72 49
72 50
72 50
72 51
72 52
72 53
72 54
72 55
72 55
72 56
73 57
73 58
73 58
73 59
73 60
73 60
72 60
72 60
71 60
71 60
70 60
70 60
69 59
68 58
68 58
68 57
68 57
68 56
67 55
67 54
67 54
67 53
67 52
67 51
67 50
67 50
67 49
68 48
68 47
68 47
68 46
68 45
68 45
68 45
68 46
68 46
67 47
67 48
67 48
67 49
66 50
66 51
66 51
65 52
65 53
65 53
64 54
64 55
64 55
64 55
65 56
65 56
66 55
66 55
67 54
68 54
68 54
68 53
69 52
69 51
69 50
70 49
70 48
71 47
71 46
71 45
72 44
72 43
72 42
73 41
73 40
73 39
74 38
74 37
74 36
75 35
75 34
76 33
76 32
76 31
77 30
77 29
77 28
78 27
78 26
78 26
79 26
79 26
79 25
79 25
80 25
80 25
80 25
81 25
81 25
81 25
81 25
81 25
82 26
82 27
82 27
83 28
83 28
83 29
83 30
83 31
83 32
83 32
83 33
83 34
82 35
82 36
82 37
82 38
82 38
82 39
82 40
82 41
82 42
82 43
82 44
82 45
82 45
82 46
82 47
82 48
81 49
81 50
81 51
81 52
81 52
81 53
81 54
81 55
80 56
80 57
80 58
80 59
80 59
80 60
79 61
79 62
79 63
78 64
78 65
78 65
78 66
78 67
77 68
77 69
77 70
77 70
77 71
77 72
77 73
77 73
76 74
76 75
76 75
76 76
76 76
76 75
76 74
76 73
76 72
76 71
76 70
76 69
76 68
76 67
76 66
76 65
76 64
76 63
77 62
77 61
77 60
77 59
77 58
77 57
77 56
77 55
77 54
77 53
77 52
77 51
77 50
77 49
77 48
77 47
77 46
77 45
77 44
77 43
77 42
77 41
77 40
77 39
77 38
77 37
78 36
78 35
78 34
78 33
78 32
78 31
78 30
78 29
78 28
78 27
78 26
78 25
78 24
78 23
78 23
79 22
79 21
80 20
80 19
81 18
81 17
82 16
82 16
82 15
82 14
82 13
82 12
82 12
82 11
83 10
83 9
83 9
84 8
85 7
85 7
86 6
86 5
86 5
87 4
87 3
87 3
88 2
88 2
89 1
90 1
90 1
91 0
91 0
92 1
92 1
93 2
93 2
93 3
93 4
93 4
93 5
93 6
93 7
93 7
93 8
93 9
93 10
93 11
93 11
93 12
92 13
92 14
92 15
92 15
92 16
92 17
92 18
92 19
92 19
92 20
92 21
92 22
92 23
92 24
92 24
92 25
92 26
93 27
93 28
93 29
93 29
93 30
93 31
94 32
94 33
94 34
94 35
94 35
94 36
94 37
95 38
95 39
95 40
95 41
95 41
95 42
95 43
95 44
96 45
96 46
96 47
96 48
96 48
96 49
96 50
96 51
96 52
96 53
96 54
96 55
96 56
96 56
96 57
96 58
96 59
97 60
97 61
97 62
97 63
97 63
97 64
97 65
97 66
98 67
98 68
98 69
98 70
98 70
98 71
98 72
98 73
98 74
98 75
98 76
98 77
98 77
98 78
98 79
99 80
99 81
99 82
99 82
99 83
99 84
99 85
99 86
99 87
99 88
99 88
99 89
100 90
100 91
100 92
100 92
100 93
99 94
99 95
99 96
99 96
99 97
99 98
99 98
98 99
98 100
98 100
97 100
97 100
96 100
96 100
96 99
95 98
95 97
94 96
94 95
93 94
93 93
93 92
92 91
92 90
91 89
91 88
90 87
90 86
90 85
89 84
89 83
88 82
88 81
87 80
87 79
87 78
86 77
86 76
85 75
85 74
84 73
84 72
84 72
84 71
84 70
83 69
83 68
83 67
83 66
82 65
82 64
82 63
82 63
82 62
82 61
82 60
82 59
82 58
82 58
82 57
82 56
82 55
82 54
82 53
82 53
82 52
83 51
83 50
83 50
84 49
84 48
85 47
85 47
86 46
87 46
87 46
88 45
89 45
89 45
90 46
91 46
91 46
91 47
91 48
91 48
91 49
91 50
91 51
91 52
91 52
91 53
90 54
90 55
90 55
89 56
89 57
88 58
88 59
88 59
87 60
87 61
87 61
86 62
86 62
87 62
87 62
88 61
88 61
89 61
90 60
91 60
91 60
92 59
93 59
94 58
95 58
