1 58
1 59
0 60
0 61
0 61
0 61
0 60
0 60
0 60
1 59
2 59
3 58
3 58
4 57
5 57
6 56
7 56
7 56
8 55
9 54
10 54
11 53
12 52
12 52
13 51
14 51
15 50
16 50
17 49
17 49
18 48
19 48
20 47
21 47
22 46
23 46
23 46
24 45
25 45
26 44
27 44
28 43
28 43
29 42
30 41
31 41
32 40
32 40
33 39
34 38
35 37
35 37
36 36
37 35
37 35
37 34
38 33
38 32
38 32
39 31
39 30
39 30
38 29
38 28
37 27
36 26
36 25
35 24
35 23
34 22
33 21
33 20
32 19
32 19
31 20
30 20
30 20
30 20
29 20
29 20
29 21
29 22
29 22
29 23
30 24
30 25
30 25
30 26
30 27
30 28
30 29
30 29
30 30
30 31
30 32
30 33
30 34
30 34
30 35
30 36
30 37
30 38
30 39
30 39
30 40
30 41
30 42
30 43
30 44
30 45
30 46
30 46
30 47
29 48
29 49
29 50
28 51
28 52
28 52
28 53
27 54
27 55
27 56
26 57
26 58
26 58
26 59
25 60
25 61
25 62
24 63
24 64
24 64
23 65
22 66
22 67
21 68
20 69
20 69
19 70
19 71
18 72
18 72
18 73
17 74
17 75
17 75
18 74
18 73
19 72
19 71
20 70
20 69
21 68
22 67
22 66
23 65
23 64
24 63
24 62
25 61
25 60
26 59
26 59
27 59
28 59
28 59
27 58
27 58
27 57
27 56
27 56
28 56
28 56
29 56
29 56
30 57
30 57
31 58
31 59
31 59
32 60
33 60
33 60
34 61
34 62
34 62
35 63
36 64
37 65
37 65
38 66
39 66
40 67
40 67
41 67
42 68
43 68
43 68
44 69
45 69
46 70
47 70
47 70
47 69
48 68
48 67
48 66
48 65
49 64
49 63
49 62
50 61
50 60
50 59
50 58
51 57
51 56
51 55
51 54
52 53
52 52
52 51
53 50
53 49
53 48
53 47
54 46
54 45
54 44
55 43
55 42
55 41
55 40
56 39
56 38
56 37
56 36
57 35
57 34
57 34
58 35
59 36
59 36
59 37
59 38
59 39
59 39
59 40
60 41
60 42
60 43
60 43
60 44
60 45
61 46
61 47
61 48
61 49
61 49
61 50
61 51
61 52
61 53
61 54
61 54
61 55
62 56
62 57
62 58
62 58
62 59
62 60
62 61
62 61
62 62
62 62
62 61
61 60
61 59
61 58
61 57
60 56
60 55
60 54
60 53
59 52
59 51
59 50
59 49
58 48
58 47
58 46
58 46
58 45
58 44
59 43
59 42
59 41
59 41
59 40
60 39
60 38
60 38
60 37
60 36
60 35
60 35
60 34
61 33
61 32
61 32
62 31
63 30
63 30
64 29
65 28
65 28
66 27
67 27
67 27
68 26
68 26
69 26
69 26
70 27
70 27
70 28
70 28
70 29
70 29
70 30
70 30
70 31
70 32
70 32
70 33
70 34
70 35
70 35
71 36
71 37
71 37
71 38
71 39
71 40
71 41
71 41
71 42
72 43
72 44
72 45
72 45
72 46
72 47
72 48
72 49
72 49
72 50
72 51
72 52
72 53
72 53
72 54
72 55
72 56
72 56
71 57
71 58
71 58
71 58
70 59
70 59
70 58
70 58
69 57
69 57
69 56
69 55
69 55
69 54
69 53
69 53
69 52
68 51
68 50
68 50
68 49
68 49
67 48
67 48
66 49
66 49
65 50
65 51
65 51
64 52
64 53
64 53
64 54
64 55
64 55
65 56
65 56
66 56
66 56
67 55
67 55
68 54
69 54
69 54
70 53
71 52
71 52
71 51
71 50
72 49
72 48
72 47
72 46
73 45
73 44
73 43
73 42
74 41
74 40
74 39
74 38
75 37
75 36
75 35
75 34
76 33
76 32
76 31
76 30
77 29
77 28
77 27
77 26
78 25
78 24
78 23
78 22
79 21
79 20
79 19
79 19
80 19
81 19
81 19
81 18
81 17
81 17
81 18
81 18
81 18
82 18
82 18
82 18
82 18
83 19
83 19
83 20
83 20
83 21
84 22
84 23
84 23
84 24
84 25
84 26
84 27
84 27
84 28
84 29
84 30
84 31
84 32
84 33
84 33
84 34
84 35
84 36
83 37
83 38
83 39
83 40
83 41
83 41
83 42
83 43
83 44
83 45
83 46
83 47
83 48
83 48
83 49
82 50
82 51
82 52
81 53
81 54
81 54
81 55
81 56
80 57
80 58
80 59
80 60
80 60
80 61
80 62
79 63
79 64
79 65
79 65
78 66
78 67
77 68
77 68
77 69
77 70
77 70
77 71
77 71
77 70
77 69
77 68
78 67
78 66
78 65
78 64
78 63
78 62
78 61
79 60
79 59
79 58
79 57
79 56
79 55
79 54
79 53
80 52
80 51
80 50
80 49
80 48
80 47
80 46
81 45
81 44
81 43
81 42
81 41
81 40
81 39
82 38
82 37
82 36
82 35
82 34
82 33
82 32
83 31
83 30
83 29
83 28
83 27
83 26
83 25
84 24
84 23
84 22
84 21
84 20
84 19
84 18
84 17
85 16
85 15
85 14
85 13
85 12
85 11
85 10
86 9
86 8
86 7
86 6
86 6
85 5
85 4
85 4
85 3
85 3
85 2
85 2
86 1
86 1
87 0
87 0
88 0
88 0
89 1
89 1
90 2
90 3
90 3
90 4
90 5
90 6
90 6
90 7
90 8
90 9
90 9
90 10
90 11
90 12
90 12
90 13
91 14
91 15
91 16
91 16
91 17
91 18
91 19
91 20
91 20
91 21
92 22
92 23
92 24
92 24
92 25
92 26
93 27
93 28
93 29
93 29
93 30
93 31
94 32
94 33
94 34
94 34
94 35
94 36
94 37
95 38
95 39
95 40
95 41
95 41
95 42
95 43
95 44
95 45
95 46
95 47
95 48
95 48
95 49
95 50
95 51
96 52
96 53
96 54
96 55
96 56
96 56
96 57
96 58
96 59
96 60
96 61
96 62
96 63
96 64
96 65
96 66
96 66
96 67
96 68
96 69
97 70
97 71
97 72
97 73
97 73
97 74
97 75
97 76
98 77
98 78
98 79
98 80
98 80
98 81
98 82
98 83
98 84
98 85
98 86
98 87
98 87
98 88
99 89
99 90
99 91
99 91
99 92
99 93
99 94
99 95
99 95
99 96
99 97
99 98
99 98
99 99
99 99
99 100
99 100
98 100
98 100
97 99
96 99
96 99
95 98
95 98
94 97
93 96
93 95
92 94
92 94
91 93
91 92
90 91
90 90
90 90
89 89
89 88
88 87
88 86
87 85
87 84
87 84
87 83
86 82
86 81
86 80
85 79
85 78
85 78
85 77
85 76
84 75
84 74
84 73
84 72
84 72
84 71
84 70
84 69
84 68
84 67
84 66
84 65
84 65
84 64
84 63
84 62
84 61
84 61
84 60
85 59
85 58
86 57
86 56
86 56
86 55
86 54
87 53
87 52
87 51
87 51
87 50
88 49
88 48
88 48
89 47
90 46
90 46
91 45
91 45
92 46
92 47
92 47
91 48
91 49
91 49
91 50
90 51
90 52
90 52
89 53
89 54
88 55
88 56
88 56
88 57
87 58
87 59
87 60
87 60
86 61
86 62
86 62
86 63
86 63
87 63
87 63
88 63
89 63
89 63
90 63
91 62
92 62
92 62
93 62
94 61
95 61
