0 69
0 70
0 70
0 70
1 69
1 69
2 68
3 67
3 67
4 66
5 66
6 65
6 65
7 64
8 64
9 63
10 63
11 62
11 62
12 61
13 60
14 60
15 59
16 58
16 58
17 57
18 56
19 56
20 55
21 54
21 54
22 53
23 53
24 52
25 52
26 51
26 51
27 50
28 49
29 48
30 47
30 47
31 46
32 45
33 45
34 44
34 44
35 43
36 42
37 41
37 41
38 40
38 39
39 38
39 38
39 37
40 36
40 35
40 35
40 34
41 33
41 32
41 32
40 31
39 30
38 29
38 28
37 27
36 26
36 26
35 27
35 27
35 28
35 28
34 29
34 29
34 30
34 31
34 31
34 32
33 33
33 34
33 34
33 35
33 36
33 37
33 38
33 39
33 39
33 40
33 41
32 42
32 43
32 44
32 44
32 45
32 46
32 47
31 48
31 49
31 50
31 51
31 51
31 52
30 53
30 54
30 55
30 56
29 57
29 58
29 58
29 59
28 60
28 61
28 62
27 63
27 64
27 64
27 65
26 66
26 67
25 68
25 69
25 69
24 70
24 71
23 72
23 72
22 73
22 74
22 74
22 73
23 72
23 71
24 70
24 69
24 68
25 67
25 66
25 65
26 64
26 63
27 62
27 61
27 60
28 59
28 58
28 58
29 58
30 58
31 58
31 58
31 57
31 57
32 58
32 58
33 59
34 59
35 60
35 60
36 61
37 62
38 63
38 63
39 64
39 65
40 66
40 67
40 67
41 68
42 69
43 70
43 70
44 71
45 71
46 72
46 72
46 71
47 70
47 69
47 68
47 67
48 66
48 65
48 64
48 63
49 62
49 61
49 60
49 59
50 58
50 57
50 56
50 55
51 54
51 53
51 52
51 51
52 50
52 49
52 48
52 47
53 46
53 45
53 44
53 43
54 42
54 41
54 40
54 39
55 38
55 37
55 37
56 38
57 39
57 39
58 38
58 38
57 39
57 40
57 40
58 41
58 42
58 42
58 43
58 44
58 45
58 45
58 46
58 47
58 48
58 49
58 49
58 50
58 51
59 52
59 53
59 54
59 54
59 55
59 56
59 57
59 57
59 58
60 59
60 60
60 60
60 59
60 58
59 57
59 56
59 55
59 54
59 53
59 52
58 51
58 50
58 49
58 48
58 47
57 46
57 45
57 44
57 43
57 42
57 41
56 40
56 39
56 38
56 38
57 37
57 36
58 35
58 34
58 34
58 33
58 32
58 32
59 31
59 30
59 30
60 29
61 29
61 29
62 29
63 29
63 29
64 29
64 29
65 30
66 30
66 30
67 31
67 31
68 32
68 33
68 33
69 34
69 35
69 35
69 36
70 37
70 38
70 38
70 39
71 40
71 41
71 41
71 42
71 43
71 44
71 45
71 46
71 46
71 47
72 48
72 49
72 49
72 50
72 51
72 52
72 53
72 53
71 54
71 54
70 55
70 55
69 55
69 55
68 54
68 54
67 53
67 52
67 52
66 51
66 50
66 50
66 50
66 49
66 48
66 47
66 46
66 45
66 44
66 43
66 43
66 43
66 44
66 44
65 45
65 46
65 46
64 47
64 48
64 48
63 49
63 50
63 50
63 51
63 52
63 52
63 52
64 52
64 52
65 52
66 52
66 52
67 51
68 50
68 50
69 49
70 48
70 48
70 47
71 46
71 45
71 44
72 43
72 42
73 41
73 40
73 39
74 38
74 37
74 36
75 35
75 34
76 33
76 32
76 31
77 30
77 29
77 28
78 27
78 26
78 25
79 24
79 23
80 22
80 21
80 20
81 19
81 18
81 18
82 17
82 17
82 17
82 18
82 18
82 18
82 19
82 20
82 20
82 21
82 22
82 23
82 23
82 24
82 25
82 26
82 27
82 27
82 28
82 29
82 30
81 31
81 32
81 33
81 34
81 34
81 35
81 36
81 37
81 38
81 39
81 40
81 41
81 41
81 42
81 43
81 44
80 45
80 46
80 47
80 48
80 48
80 49
79 50
79 51
79 52
79 53
78 54
78 55
78 56
78 56
78 57
78 58
77 59
77 60
77 61
77 62
77 62
77 63
77 64
76 65
76 66
76 67
76 67
75 68
75 69
74 70
74 70
73 71
73 72
73 72
73 71
73 70
74 69
74 68
74 67
74 66
74 65
74 64
75 63
75 62
75 61
75 60
75 59
75 58
76 57
76 56
76 55
76 54
76 53
76 52
77 51
77 50
77 49
77 48
77 47
78 46
78 45
78 44
78 43
78 42
78 41
79 40
79 39
79 38
79 37
79 36
79 35
80 34
80 33
80 32
80 31
80 30
81 29
81 28
81 27
81 26
81 25
81 24
82 23
82 22
82 21
82 20
82 19
82 18
83 17
83 16
83 15
83 14
83 13
83 12
84 11
84 10
84 9
84 9
84 8
84 7
84 7
84 6
84 5
84 4
84 4
83 3
83 2
83 2
84 1
84 1
85 0
85 0
86 0
86 0
87 1
87 1
88 1
88 1
89 2
89 2
89 2
90 3
90 3
90 4
90 4
90 5
90 5
90 6
90 6
90 7
90 7
90 8
90 9
90 9
90 10
90 11
90 11
90 12
90 13
90 14
90 14
90 15
91 16
91 17
91 18
91 18
91 19
91 20
91 21
91 22
91 22
91 23
91 24
91 25
91 26
91 27
91 27
91 28
91 29
91 30
91 31
91 32
91 32
91 33
92 34
92 35
92 36
92 36
92 37
92 38
92 39
92 40
92 40
92 41
92 42
93 43
93 44
93 45
93 45
93 46
93 47
93 48
93 49
93 50
93 51
93 51
93 52
93 53
94 54
94 55
94 56
94 57
94 57
94 58
94 59
94 60
95 61
95 62
95 63
95 64
95 65
95 65
95 66
95 67
95 68
96 69
96 70
96 71
96 72
96 73
96 73
96 74
96 75
96 76
97 77
97 78
97 79
97 80
97 80
97 81
97 82
98 83
98 84
98 85
98 86
98 86
98 87
98 88
99 89
99 90
99 91
99 91
99 92
99 93
99 94
99 95
99 95
99 96
99 97
99 97
100 98
100 99
100 99
100 100
100 100
99 100
99 100
99 100
99 99
98 98
98 97
97 96
97 95
96 94
96 93
95 92
95 91
94 90
94 89
94 88
93 87
93 86
92 85
92 84
91 83
91 82
90 81
90 80
89 79
89 78
89 77
88 76
88 75
87 74
87 73
86 72
86 71
85 70
85 69
84 68
84 67
84 66
83 65
83 64
82 63
82 62
81 61
81 60
80 59
80 58
79 57
79 56
79 56
80 55
80 54
81 53
81 52
81 52
81 51
82 50
82 49
82 49
82 48
82 47
82 47
83 46
84 45
84 45
85 45
86 44
87 44
87 44
88 44
89 45
90 45
91 46
92 46
92 46
92 47
91 48
91 49
91 50
91 51
90 52
90 53
90 54
90 54
89 55
89 56
88 57
88 57
87 58
86 58
85 59
85 59
84 60
84 60
84 60
85 59
85 59
86 59
87 58
88 58
88 58
89 57
90 57
91 56
