0 40
0 41
0 41
0 40
0 40
0 40
0 41
0 41
1 41
1 41
2 40
2 40
3 40
4 39
5 39
5 39
6 38
7 37
8 37
9 36
9 36
10 35
11 34
12 34
13 33
13 33
14 32
15 31
16 31
17 30
18 29
18 29
19 28
20 28
21 27
22 26
23 26
24 25
24 25
25 24
26 24
27 23
28 23
29 22
29 22
30 21
31 20
32 20
33 19
33 19
34 18
35 18
36 17
37 17
37 17
38 17
39 17
39 17
39 16
39 16
39 17
39 17
38 17
38 17
37 17
37 17
36 16
36 15
35 14
34 13
33 12
33 11
32 10
31 9
31 8
30 7
29 6
28 5
28 4
27 3
27 3
28 2
28 1
28 1
29 0
29 0
29 1
29 1
29 2
29 3
29 3
29 4
28 5
28 6
28 7
28 7
28 8
28 9
27 10
27 11
27 12
27 13
27 13
27 14
27 15
27 16
26 17
26 18
26 19
26 20
26 20
26 21
26 22
25 23
25 24
25 25
25 26
25 27
24 28
24 29
24 30
24 30
24 31
24 32
24 33
24 34
24 35
23 36
23 37
23 38
23 39
23 40
23 41
23 41
23 42
23 43
23 44
23 45
22 46
22 47
22 48
22 49
22 50
22 51
22 51
22 52
22 53
22 54
22 55
22 56
22 57
22 58
22 58
22 59
22 60
21 61
21 62
21 63
21 64
21 64
21 65
21 66
21 67
21 68
21 68
21 69
21 70
21 71
21 71
21 72
21 73
21 73
22 74
22 74
22 74
22 73
22 73
22 72
22 71
22 71
22 70
22 69
22 68
22 67
22 66
22 66
22 65
22 64
23 63
23 62
23 61
23 61
23 60
23 59
23 58
23 57
23 56
23 55
23 54
23 54
23 53
23 52
24 51
24 50
24 49
24 48
24 48
24 47
24 46
24 45
25 44
25 43
25 42
25 41
25 41
25 40
25 39
26 38
26 37
26 36
26 36
27 35
27 34
27 34
28 33
28 33
28 33
29 34
29 35
29 35
30 36
30 37
31 38
31 38
31 39
32 40
32 41
32 42
32 42
33 43
33 44
34 45
34 46
35 47
35 47
35 48
36 49
36 50
36 51
36 52
37 53
37 54
37 54
38 55
38 56
39 57
39 58
40 59
40 60
40 60
40 61
41 62
41 63
41 64
42 65
42 66
42 66
42 67
43 68
43 69
44 70
44 71
44 71
45 72
45 73
46 74
46 75
46 75
46 74
47 73
47 72
47 71
48 70
48 69
48 68
48 67
49 66
49 65
49 64
50 63
50 62
50 61
51 60
51 59
51 58
51 57
52 56
52 55
52 54
53 53
53 52
53 51
54 50
54 49
54 48
55 47
55 46
55 45
55 44
56 43
56 42
56 41
57 40
57 39
57 38
58 37
58 36
58 35
58 34
59 33
59 32
59 31
60 30
60 29
60 29
61 28
62 27
62 27
62 26
62 26
62 25
62 25
62 26
62 26
61 27
61 28
61 28
61 29
61 30
61 31
61 32
61 32
61 33
61 34
60 35
60 36
60 37
60 38
60 38
60 39
60 40
60 41
60 42
60 43
60 44
60 45
60 46
60 47
60 47
60 48
60 49
60 50
59 51
59 52
59 53
59 54
59 55
59 55
59 56
59 57
59 58
59 59
59 60
59 61
59 61
59 62
59 63
59 64
59 65
59 65
59 66
59 67
59 68
59 68
60 69
60 69
60 70
60 70
61 69
61 69
61 68
61 68
61 67
61 66
61 65
61 65
61 64
61 63
61 62
61 61
61 61
61 60
61 59
61 58
61 58
61 57
61 56
60 55
60 54
60 53
60 53
60 52
60 51
60 50
60 49
60 49
60 48
59 47
59 46
59 45
59 45
59 44
58 43
58 42
58 42
58 41
58 40
58 39
58 39
57 38
57 38
57 37
57 37
57 36
57 36
57 35
57 35
57 34
57 34
58 33
59 32
59 32
59 31
60 30
60 29
60 29
61 28
62 27
63 26
63 26
64 25
64 24
65 23
65 23
66 22
67 21
67 21
68 20
69 20
70 19
70 19
71 18
71 18
72 19
72 19
73 20
73 21
73 21
73 22
74 23
74 24
74 24
74 25
74 26
74 27
74 28
74 29
74 29
74 30
74 31
74 32
74 33
74 34
74 35
74 35
74 36
74 37
74 38
74 39
74 40
74 41
74 42
74 42
74 43
74 44
74 45
74 46
74 47
74 48
74 49
74 50
74 51
74 51
74 52
74 53
74 54
74 55
74 56
74 57
74 58
74 59
74 59
74 60
74 61
73 62
73 63
73 64
73 65
73 65
73 66
73 67
73 68
73 69
73 70
73 70
73 71
73 72
73 73
73 74
73 75
73 75
73 76
74 77
74 78
74 78
75 79
75 79
75 80
75 80
75 80
75 80
74 79
74 79
74 78
74 77
74 76
74 76
74 75
73 74
73 73
73 72
73 72
73 71
73 70
72 69
72 68
72 67
72 67
72 66
71 65
71 64
70 63
70 62
70 62
69 61
69 60
68 59
68 59
67 58
67 57
66 56
66 56
65 56
64 55
63 55
63 55
62 54
62 54
61 54
60 54
60 54
60 54
60 54
60 53
60 53
61 52
62 51
62 51
63 50
63 49
64 48
64 47
64 47
65 46
66 45
66 44
67 43
68 42
68 42
69 41
70 40
71 39
71 38
72 37
73 36
73 36
73 35
74 34
74 33
75 32
75 31
76 30
76 29
77 28
77 27
77 26
78 25
78 24
79 23
79 22
80 21
80 20
81 19
81 18
81 17
82 16
82 15
83 14
83 13
84 12
84 11
85 10
85 9
85 9
85 9
85 9
85 9
85 9
85 10
85 11
85 11
85 12
85 13
85 13
85 14
85 15
85 16
85 16
85 17
85 18
84 19
84 20
84 21
84 21
84 22
84 23
83 24
83 25
83 26
83 27
83 27
83 28
83 29
83 30
83 31
83 32
83 33
83 34
83 35
83 36
83 36
83 37
83 38
83 39
83 40
82 41
82 42
82 43
82 44
82 45
82 46
82 46
82 47
82 48
82 49
82 50
81 51
81 52
81 53
81 54
81 55
81 55
81 56
81 57
80 58
80 59
80 60
80 61
79 62
79 63
79 64
79 64
79 65
79 66
79 67
79 68
78 69
78 70
78 71
78 72
78 73
78 73
78 74
78 75
78 76
77 77
77 78
77 79
77 80
77 80
77 81
77 82
77 83
77 84
77 85
77 85
77 86
77 87
77 88
77 89
77 89
77 90
78 91
78 92
78 92
78 91
78 90
78 89
78 88
78 87
78 86
79 85
79 84
79 83
79 82
79 81
79 80
79 79
79 78
79 77
79 76
79 75
79 74
80 73
80 72
80 71
80 70
80 69
80 68
80 67
80 66
80 65
80 64
80 63
80 62
81 61
81 60
81 59
81 58
81 57
81 56
81 55
81 54
81 53
81 52
81 51
81 50
81 49
82 48
82 47
82 46
82 45
82 44
82 43
82 42
82 41
82 40
82 39
82 38
82 37
83 36
83 35
83 34
83 33
83 32
83 31
83 30
83 29
83 28
83 27
83 26
83 25
84 24
84 23
84 22
84 21
84 20
84 19
84 18
84 18
83 17
83 16
82 15
82 15
82 14
82 14
82 13
82 12
82 12
82 11
82 11
83 10
83 9
83 9
84 8
84 8
85 7
86 6
86 6
87 5
88 5
88 5
89 4
90 4
90 4
91 4
92 3
93 3
93 3
94 3
95 3
95 3
96 3
97 3
97 3
98 4
99 4
99 4
99 5
99 5
99 6
100 7
100 8
100 8
100 9
99 10
99 11
99 11
99 12
99 13
99 14
99 15
99 16
99 16
99 17
99 18
99 19
99 20
99 21
99 21
99 22
99 23
99 24
99 25
99 26
99 27
99 27
99 28
99 29
99 30
98 31
98 32
98 33
98 34
98 35
98 35
98 36
98 37
98 38
98 39
98 40
98 41
98 42
98 43
98 44
98 44
98 45
98 46
98 47
98 48
97 49
97 50
97 51
97 52
97 53
97 53
97 54
97 55
97 56
97 57
96 58
96 59
96 60
96 61
96 62
96 62
96 63
96 64
96 65
96 66
96 67
96 68
96 69
96 70
96 70
96 71
96 72
96 73
97 74
97 75
97 76
97 77
97 77
97 78
97 79
97 80
97 81
97 82
97 82
97 83
97 84
97 85
97 86
97 87
97 87
97 88
97 89
97 90
97 91
97 92
97 92
97 93
97 94
97 95
97 96
97 96
97 97
97 98
97 98
97 99
97 100
97 100
96 100
96 100
96 100
95 99
95 99
94 98
94 97
94 97
94 96
93 95
93 94
93 94
93 93
92 92
92 91
92 90
92 90
92 89
92 88
92 87
92 86
92 85
92 84
92 84
92 83
92 82
92 81
91 80
91 79
91 78
91 77
91 77
91 76
91 75
91 74
90 73
90 72
90 71
90 70
90 69
90 69
90 68
89 67
89 66
89 65
89 64
88 63
88 62
88 62
87 61
87 60
86 59
86 58
85 57
85 56
85 56
84 55
84 54
83 53
83 52
83 52
82 51
81 51
80 50
80 50
79 49
78 49
78 49
77 49
77 49
77 49
77 48
77 48
78 47
79 47
79 47
80 46
80 45
81 44
81 44
82 43
83 42
84 41
84 41
85 40
86 39
87 38
87 38
88 37
89 36
90 36
91 35
91 35
92 35
93 34
94 34
94 34
95 34
96 34
96 34
97 34
97 34
98 35
98 36
98 36
97 37
97 37
96 38
95 39
95 39
94 40
93 41
92 42
92 42
91 43
91 44
90 45
90 46
90 46
89 47
89 48
88 49
88 50
87 51
87 51
86 52
86 53
85 54
85 55
84 56
84 56
84 57
83 58
83 59
82 60
82 61
82 61
82 62
82 63
82 64
82 64
83 65
83 65
84 65
85 65
85 65
86 64
87 64
88 63
88 63
89 62
90 62
91 61
92 61
92 61
93 60
94 59
95 59
96 58
97 57
