0 63
0 63
0 62
0 62
0 62
0 62
0 63
0 63
0 63
0 63
1 63
1 63
2 62
3 62
3 62
4 61
5 61
5 61
6 60
7 60
8 59
8 59
9 58
10 58
11 57
12 57
12 57
13 56
14 55
15 55
16 54
16 54
17 53
18 53
19 52
20 52
21 51
21 51
22 50
23 50
24 49
25 49
26 48
26 48
27 47
28 46
29 46
30 45
31 44
31 44
32 43
33 42
34 42
35 41
35 41
36 40
37 39
38 39
39 38
39 38
40 37
41 37
42 36
42 36
43 35
43 34
44 33
44 33
45 32
45 31
45 31
46 30
46 30
47 29
47 29
47 28
47 28
47 28
46 27
46 27
45 26
45 25
45 25
44 24
44 24
43 23
43 23
42 22
41 21
41 21
40 20
39 20
39 20
38 19
38 19
37 19
37 19
36 19
36 19
35 19
35 19
34 20
34 20
33 20
33 20
32 21
32 21
32 21
32 21
31 20
31 20
31 20
31 20
31 20
31 20
31 21
31 22
31 22
31 23
31 24
31 24
31 25
31 26
31 27
31 27
31 28
31 29
30 30
30 31
30 32
30 32
30 33
30 34
29 35
29 36
29 37
29 37
29 38
28 39
28 40
27 41
27 42
27 42
27 43
27 44
26 45
26 46
26 47
26 47
26 48
25 49
25 50
25 51
25 51
25 52
25 53
24 54
24 55
24 56
24 56
24 57
23 58
23 59
23 60
23 60
23 61
23 62
22 63
22 64
22 65
22 65
22 66
21 67
21 68
21 68
21 69
20 70
20 71
20 71
19 72
19 73
19 73
18 74
18 74
17 74
17 74
16 74
16 74
16 73
16 73
15 73
15 73
16 72
16 71
17 70
17 69
18 68
18 67
19 66
19 65
20 64
20 63
21 62
21 61
22 60
23 59
23 58
24 57
24 56
25 55
25 54
26 53
26 52
27 51
27 50
28 49
28 48
29 47
29 46
30 45
30 45
31 45
31 45
31 44
31 44
31 44
31 45
31 45
31 45
32 45
32 45
32 46
32 46
33 47
33 47
34 48
34 48
35 49
36 49
36 49
37 50
37 51
37 51
38 52
39 53
39 53
40 54
41 55
41 55
42 56
43 57
43 57
44 58
44 59
45 60
45 60
46 61
47 61
47 61
48 62
49 62
50 63
50 63
51 63
52 64
53 64
53 64
54 64
55 64
56 64
56 64
57 64
58 65
59 65
59 65
60 65
61 65
62 65
62 65
63 65
64 65
65 65
66 65
66 65
67 64
68 64
68 64
68 63
68 62
68 61
67 60
67 59
67 58
67 57
67 56
67 55
67 54
67 53
66 52
66 51
66 50
66 49
66 48
66 47
66 46
65 45
65 44
65 43
65 42
65 41
65 40
65 39
65 38
64 37
64 36
64 35
64 34
64 33
64 32
64 31
64 30
63 29
63 28
63 27
63 26
63 26
64 25
64 24
64 24
64 23
64 23
63 23
63 23
63 24
63 24
64 25
64 25
64 26
64 27
64 28
64 28
64 29
64 30
63 31
63 32
63 33
63 33
63 34
63 35
63 36
63 37
63 37
63 38
63 39
63 40
63 41
63 41
63 42
63 43
63 44
63 44
63 45
63 46
63 46
63 47
63 47
64 47
64 47
64 47
63 46
63 46
63 45
64 44
64 43
64 42
64 42
64 41
64 40
65 39
65 38
65 37
65 37
65 36
65 35
65 34
65 33
65 33
65 32
66 31
66 30
66 29
66 29
66 28
66 27
66 26
66 26
66 25
66 24
66 24
67 23
67 23
67 23
67 23
68 23
68 23
69 24
69 24
69 25
69 26
69 26
70 27
70 28
70 28
70 29
71 30
71 31
71 31
71 32
71 33
71 34
71 34
71 35
71 36
71 37
71 37
71 38
72 39
72 40
72 41
72 41
72 42
72 43
72 44
72 44
72 45
72 46
72 46
72 47
72 48
72 48
72 49
72 49
72 48
72 48
72 48
71 47
71 47
70 46
70 46
69 45
68 44
68 44
67 43
67 42
67 42
67 41
66 40
66 39
66 39
65 38
64 38
64 38
63 37
63 37
63 37
63 36
63 36
63 36
63 36
64 35
64 35
65 36
65 36
66 36
66 36
67 37
67 38
67 38
67 39
67 40
67 40
67 41
67 42
67 43
67 43
67 44
67 45
67 45
66 46
66 47
66 47
66 48
66 49
66 49
66 49
66 49
66 48
66 48
66 47
66 47
66 46
67 45
67 44
67 43
67 43
67 42
68 41
68 40
68 39
69 38
69 37
69 37
70 36
70 35
71 34
71 33
72 32
72 31
72 31
72 30
73 29
73 28
74 27
74 26
74 26
74 25
75 24
75 23
76 22
76 21
76 21
77 20
77 19
78 18
78 18
78 17
79 16
79 15
79 15
80 14
80 14
80 13
80 13
80 13
80 13
80 14
80 14
80 15
80 16
80 16
80 17
80 18
80 19
80 19
80 20
80 21
80 22
80 23
80 24
80 24
80 25
80 26
79 27
79 28
79 29
79 30
79 30
79 31
79 32
79 33
79 34
79 35
79 36
79 36
79 37
79 38
79 39
78 40
78 41
78 42
78 43
78 43
78 44
78 45
77 46
77 47
77 48
77 49
77 49
77 50
77 51
76 52
76 53
76 54
76 54
76 55
76 56
76 57
76 58
76 59
76 59
76 60
75 61
75 62
75 63
75 63
75 64
75 65
75 66
75 66
75 67
75 68
75 68
76 69
76 69
76 68
76 67
76 66
76 65
77 64
77 63
77 62
77 61
77 60
77 59
77 58
77 57
78 56
78 55
78 54
78 53
78 52
78 51
78 50
78 49
79 48
79 47
79 46
79 45
79 44
79 43
79 42
79 41
80 40
80 39
80 38
80 37
80 36
80 35
80 34
80 33
80 32
81 31
81 30
81 29
81 28
81 27
81 26
81 25
81 24
82 23
82 22
82 21
82 20
82 19
82 18
82 17
82 16
83 15
83 14
83 13
83 12
83 11
83 10
83 9
83 8
84 7
84 6
84 5
84 4
84 3
84 3
84 2
84 1
84 1
84 1
84 1
85 0
85 0
85 0
85 1
85 1
86 2
86 2
87 3
87 3
87 4
88 5
88 6
88 6
88 7
89 8
89 9
89 10
89 10
89 11
89 12
89 13
89 14
89 15
89 15
89 16
89 17
89 18
89 19
89 20
89 20
89 21
89 22
90 23
90 24
90 25
90 26
90 26
90 27
90 28
90 29
90 30
90 31
90 31
90 32
90 33
90 34
91 35
91 36
91 37
91 38
91 38
91 39
91 40
91 41
91 42
91 43
91 44
91 44
91 45
91 46
91 47
92 48
92 49
92 50
92 51
92 51
92 52
92 53
92 54
93 55
93 56
93 57
93 58
93 58
93 59
93 60
93 61
94 62
94 63
94 64
94 65
94 66
94 66
94 67
94 68
94 69
94 70
95 71
95 72
95 73
95 74
95 75
95 75
95 76
96 77
96 78
96 79
96 80
97 81
97 82
97 82
97 83
97 84
98 85
98 86
98 87
98 87
98 88
98 89
98 90
98 91
98 92
98 93
98 93
98 94
99 95
99 96
99 97
99 97
99 98
99 99
99 100
99 100
100 100
100 100
100 100
100 100
99 100
98 100
98 100
98 99
97 98
97 97
97 97
96 96
96 95
95 94
95 94
95 93
94 92
94 91
94 91
94 90
93 89
93 88
93 88
92 87
92 86
91 85
91 84
91 84
90 83
90 82
89 81
89 80
89 80
89 79
88 78
88 77
88 76
88 75
87 74
87 73
87 72
86 71
86 70
86 69
86 68
85 67
85 66
85 65
84 64
84 63
84 62
84 61
83 60
83 59
83 58
82 57
82 56
82 55
81 54
81 53
81 52
81 51
80 50
80 49
80 48
79 47
79 46
79 45
79 44
78 43
78 42
78 41
77 40
77 39
77 38
77 37
76 36
76 35
76 35
76 35
76 36
76 36
77 36
77 36
77 36
78 36
79 36
79 36
80 35
80 35
81 35
82 35
82 35
83 35
83 35
84 34
84 34
85 35
85 35
86 35
86 35
86 36
86 37
86 37
85 38
85 39
85 39
85 40
84 41
84 42
84 42
84 43
83 44
83 45
83 46
83 46
83 47
82 48
82 49
82 49
81 50
80 51
80 51
80 52
79 53
79 54
79 54
79 55
79 56
79 56
79 57
79 58
79 58
79 58
80 58
80 58
81 58
81 58
82 58
83 57
84 57
84 57
85 56
86 55
87 54
87 54
88 53
89 52
90 52
91 51
