1 46
0 47
0 47
0 47
0 47
1 47
1 47
2 46
2 46
3 45
4 45
4 45
5 44
6 43
6 43
7 42
8 42
8 42
9 41
10 40
10 40
11 40
12 39
13 39
13 39
14 38
15 38
16 37
16 37
17 36
18 36
18 36
19 35
20 35
21 34
21 34
22 33
22 32
22 32
23 31
24 31
24 31
23 30
23 29
22 28
22 27
21 26
21 25
20 24
20 23
19 22
19 21
18 20
18 19
18 19
17 20
17 20
16 20
16 20
16 20
16 21
16 22
16 23
16 23
16 24
15 25
15 26
15 26
15 27
15 28
15 29
15 30
15 30
15 31
15 32
14 33
14 34
14 35
14 36
14 36
14 37
14 38
14 39
13 40
13 41
13 42
13 43
13 43
13 44
13 45
13 46
13 47
13 48
13 49
13 50
13 50
13 51
13 52
12 53
12 54
12 55
12 56
12 56
12 57
12 58
12 59
11 60
11 61
11 62
11 63
11 63
11 64
11 65
10 66
10 67
10 68
10 68
10 69
9 70
9 71
9 72
9 72
9 73
9 74
9 74
8 75
8 75
8 74
8 73
9 72
9 71
9 70
9 69
9 68
9 67
10 66
10 65
10 64
10 63
10 62
11 61
11 60
11 59
11 58
11 57
11 56
12 55
12 54
12 53
12 52
12 51
12 50
13 49
13 48
13 47
13 47
14 46
14 45
15 44
15 44
16 44
16 44
17 44
18 44
18 44
19 45
20 45
20 45
21 46
21 47
21 47
22 48
23 48
23 48
24 49
24 50
24 50
25 51
26 51
26 51
27 52
28 53
29 54
29 54
30 55
30 56
31 57
31 57
32 58
32 59
33 60
33 60
34 61
34 62
35 63
35 63
36 64
37 65
37 65
38 66
38 67
39 68
39 68
40 69
41 70
41 70
42 71
42 72
42 72
42 71
43 70
43 69
43 68
43 67
44 66
44 65
44 64
44 63
45 62
45 61
45 60
45 59
46 58
46 57
46 56
46 55
47 54
47 53
47 52
47 51
48 50
48 49
48 48
48 47
49 46
49 45
49 44
49 43
50 42
50 41
50 40
50 39
51 38
51 37
51 36
51 35
52 34
52 33
52 32
52 31
53 30
53 29
53 28
53 27
54 26
54 25
54 24
54 24
54 24
54 24
53 24
53 24
54 25
54 25
54 26
54 27
54 28
54 28
54 29
53 30
53 31
53 32
53 32
53 33
53 34
53 35
53 36
53 37
53 37
53 38
53 39
53 40
53 41
53 41
53 42
53 43
52 44
52 45
52 46
52 46
52 47
52 48
52 49
52 50
52 50
52 51
52 52
52 53
52 53
52 54
51 55
51 56
51 56
51 57
51 58
51 58
51 59
51 59
51 60
51 60
52 60
52 60
52 59
52 58
52 57
52 56
52 55
52 54
52 53
52 52
52 51
52 50
52 49
52 48
52 47
52 46
52 45
52 44
53 43
53 42
53 41
53 40
53 39
53 38
53 37
53 36
53 35
53 34
53 33
53 32
53 31
53 30
53 29
53 28
53 27
53 27
53 26
53 25
53 24
53 24
53 23
53 23
53 22
53 22
54 21
54 20
54 20
55 19
55 19
55 18
55 18
56 17
56 17
57 16
57 16
57 16
57 16
58 16
58 16
58 16
59 16
59 16
59 16
60 17
60 17
60 18
60 18
60 19
61 20
61 21
61 21
61 22
61 23
61 24
61 24
61 25
61 26
61 27
61 27
61 28
61 29
61 30
61 31
61 31
61 32
62 33
62 34
62 35
62 35
62 36
62 37
62 38
62 38
62 39
63 40
63 41
63 42
63 42
63 43
63 44
63 45
63 46
63 46
63 47
63 48
63 49
63 49
63 50
63 51
63 51
63 52
63 53
63 54
63 54
62 55
62 56
62 56
62 57
62 58
62 58
62 59
62 59
62 59
61 59
61 59
61 59
60 58
60 57
60 57
60 56
60 55
60 55
59 54
59 53
59 53
58 52
58 51
58 51
57 50
57 49
57 49
57 48
56 47
56 46
56 46
55 45
55 44
55 44
55 43
55 42
55 42
56 41
56 41
56 40
56 39
56 39
57 38
57 38
58 37
59 37
59 37
60 37
60 37
61 37
61 37
62 38
62 39
62 39
62 40
63 41
63 42
63 42
63 43
63 44
63 45
63 46
63 46
63 47
63 48
62 49
62 50
62 51
62 51
62 52
62 53
62 54
62 55
62 55
62 56
61 57
61 58
61 58
61 59
60 60
60 61
60 61
60 62
60 63
60 63
60 64
60 64
60 64
61 63
61 62
61 62
62 61
62 60
62 60
62 59
63 58
63 57
64 56
64 55
64 55
64 54
65 53
65 52
66 51
66 50
66 50
66 49
67 48
67 47
67 46
68 45
68 44
68 44
69 43
69 42
70 41
70 40
71 39
71 38
71 38
71 37
72 36
72 35
72 34
72 33
73 32
73 31
73 30
73 29
74 28
74 27
74 26
74 25
75 24
75 23
75 22
75 21
76 20
76 19
76 18
76 18
76 17
76 16
76 16
76 16
76 16
76 17
76 17
75 18
75 19
75 19
75 20
75 21
75 22
75 22
75 23
75 24
75 25
75 26
75 26
75 27
75 28
75 29
75 30
75 30
75 31
75 32
75 33
75 34
75 35
75 36
75 36
75 37
75 38
75 39
75 40
75 41
75 42
75 42
75 43
75 44
74 45
74 46
74 47
74 48
74 48
74 49
74 50
74 51
74 52
74 53
74 54
74 55
74 55
74 56
74 57
73 58
73 59
73 60
73 61
73 61
73 62
73 63
72 64
72 65
72 66
72 67
72 67
72 68
72 69
71 70
71 71
71 72
71 73
71 73
71 74
71 75
70 76
70 77
70 78
70 78
70 79
69 80
69 81
69 81
69 82
69 83
69 84
69 85
69 85
69 86
69 87
69 87
69 86
69 85
69 84
69 83
69 82
69 81
69 80
69 79
69 78
69 77
69 76
69 75
70 74
70 73
70 72
70 71
70 70
70 69
70 68
70 67
70 66
70 65
70 64
70 63
70 62
70 61
70 60
70 59
70 58
70 57
70 56
70 55
70 54
70 53
70 52
70 51
70 50
71 49
71 48
71 47
71 46
71 45
71 44
71 43
71 42
71 41
71 40
71 39
71 38
71 37
71 37
71 36
71 35
71 34
71 33
72 32
72 31
72 30
72 29
72 28
72 27
72 26
72 25
72 24
73 23
73 22
73 21
73 20
73 19
73 19
73 18
73 17
74 16
74 15
74 14
74 14
74 13
74 12
74 12
74 11
75 10
75 9
75 9
75 8
76 7
76 6
76 6
77 5
78 4
78 4
79 3
80 2
80 2
81 1
81 1
82 0
82 0
83 1
83 1
84 2
84 2
85 3
85 4
85 4
85 5
85 6
85 6
85 7
86 8
86 9
86 9
86 10
86 11
86 12
86 13
86 13
86 14
87 15
87 16
87 16
87 17
87 18
88 19
88 20
88 21
88 21
88 22
88 23
89 24
89 25
89 26
89 26
89 27
89 28
89 29
89 30
89 31
89 31
89 32
89 33
90 34
90 35
90 36
90 37
90 37
90 38
90 39
90 40
90 41
90 42
90 43
90 43
90 44
90 45
90 46
90 47
90 48
90 49
90 49
90 50
90 51
90 52
90 53
90 54
90 55
90 55
90 56
90 57
91 58
91 59
91 60
91 61
91 61
91 62
91 63
91 64
91 65
91 66
91 66
91 67
91 68
92 69
92 70
92 71
92 72
92 72
92 73
92 74
92 75
92 76
92 77
92 77
92 78
93 79
93 80
93 81
93 81
93 82
93 83
93 84
93 85
93 86
93 87
93 87
93 88
94 89
94 90
94 91
94 91
94 92
94 93
94 94
94 94
94 95
94 96
94 97
94 97
93 98
93 99
93 99
93 100
93 100
93 100
92 99
92 99
91 98
90 98
90 98
89 97
89 96
89 96
88 95
87 94
87 94
86 93
85 93
84 92
84 92
83 91
82 91
82 91
81 90
80 89
80 89
79 88
79 87
79 87
79 86
79 85
78 84
78 83
78 82
78 81
78 80
78 79
77 78
77 77
77 76
77 75
77 74
77 73
76 72
76 71
76 70
76 69
76 68
76 67
75 66
75 65
75 64
75 63
75 62
75 61
74 60
74 59
74 58
74 57
74 57
74 56
74 55
74 54
74 53
74 52
74 51
74 50
74 49
74 48
74 48
74 47
75 46
75 45
75 45
75 44
75 44
75 43
75 43
76 43
76 43
77 42
77 42
78 41
79 41
79 41
80 41
80 41
81 40
81 40
82 39
83 39
83 39
84 38
84 38
85 37
86 36
86 36
87 35
88 35
89 34
89 34
90 33
90 32
90 32
91 32
92 32
92 32
93 33
93 33
93 34
93 35
93 36
93 36
93 37
93 38
93 39
93 40
93 41
93 41
93 42
92 43
92 44
92 45
91 46
91 47
91 47
91 48
91 49
90 50
90 51
90 52
90 52
90 53
89 54
89 55
88 56
88 57
88 57
88 58
87 59
87 60
87 61
87 61
86 62
86 63
85 64
85 65
85 65
85 66
85 67
85 67
85 67
86 67
86 67
87 66
87 66
88 65
89 64
89 64
90 63
91 63
92 62
92 62
93 61
93 60
94 59
94 59
95 58
96 58
97 57
97 57
98 56
99 56
100 55
