0 36
0 37
0 38
0 38
0 38
0 38
0 38
1 38
1 38
2 37
2 37
3 37
4 37
4 37
5 36
6 36
6 36
7 35
8 35
9 34
9 34
10 33
11 33
11 33
12 33
13 32
14 32
14 32
15 31
16 31
17 30
17 30
18 29
19 29
19 29
20 28
21 28
21 28
22 27
23 27
23 27
24 26
25 26
25 26
26 25
26 25
27 24
27 24
27 23
27 23
27 23
26 22
26 21
25 20
24 19
23 18
23 17
22 16
21 15
21 14
20 13
20 13
20 13
20 13
20 13
20 14
20 15
20 15
20 16
20 17
20 17
19 18
19 19
19 19
19 20
19 21
19 22
19 22
19 23
19 24
19 25
19 25
19 26
18 27
18 28
18 29
18 29
18 30
18 31
18 32
18 33
18 33
18 34
18 35
17 36
17 37
17 38
17 38
17 39
16 40
16 41
15 42
15 43
15 43
15 44
14 45
14 46
14 47
14 47
14 48
13 49
13 50
13 51
13 51
12 52
12 53
11 54
11 54
11 55
10 56
10 57
10 57
9 58
9 59
9 59
8 60
8 61
8 61
7 62
7 62
6 62
6 62
5 61
5 61
5 60
6 59
6 58
7 57
7 56
8 55
8 54
9 53
9 52
10 51
10 50
11 49
11 48
12 47
12 46
12 45
13 44
13 43
14 42
14 41
15 40
15 39
16 38
16 37
17 36
17 35
18 34
18 33
18 33
19 33
19 33
19 34
19 34
19 34
20 35
20 35
20 36
20 36
20 36
21 37
21 37
21 38
21 38
22 39
22 39
23 40
23 40
24 41
24 41
25 42
25 42
26 43
26 43
27 44
27 44
28 45
28 45
29 46
29 47
29 47
30 48
31 48
31 48
32 49
32 49
33 50
34 50
34 50
35 51
35 51
36 51
37 51
37 51
38 52
39 52
39 52
40 53
41 53
41 53
42 54
42 54
43 54
44 54
44 54
45 55
46 55
46 55
47 55
47 55
48 56
48 56
49 56
49 56
50 56
50 56
50 55
51 54
51 53
51 52
52 51
52 50
53 49
53 48
53 47
54 46
54 45
54 44
55 43
55 42
56 41
56 40
56 39
57 38
57 37
57 36
58 35
58 34
58 33
59 32
59 31
60 30
60 29
60 28
61 27
61 26
61 25
62 24
62 23
63 22
63 21
63 20
64 19
64 18
64 18
65 19
65 19
65 19
64 19
64 19
64 20
64 20
64 21
64 22
64 22
64 23
64 24
64 24
64 25
64 26
64 26
64 27
64 28
64 29
64 29
65 30
65 31
65 31
65 32
65 33
65 34
65 34
65 35
65 36
65 37
65 38
65 38
65 39
65 40
65 41
65 41
65 42
66 43
66 44
66 45
66 45
66 46
66 47
66 48
66 48
66 49
66 50
66 51
66 51
67 52
67 52
67 53
67 53
67 53
68 52
68 52
68 51
68 51
68 50
68 49
68 48
67 47
67 46
67 45
67 44
67 43
67 42
66 41
66 40
66 39
66 38
66 37
66 36
65 35
65 34
65 33
65 32
65 32
65 31
64 30
64 29
64 29
64 28
64 28
64 27
64 26
64 26
64 25
64 25
65 24
65 24
65 24
66 23
66 23
66 22
66 22
67 22
67 22
68 23
68 23
68 23
69 24
69 24
69 25
69 26
69 26
70 27
70 28
70 28
70 29
70 30
70 31
70 31
70 32
71 33
71 34
71 34
71 35
71 36
71 37
71 37
71 38
71 39
71 40
71 40
71 41
71 42
71 43
71 43
71 44
71 45
71 46
71 46
71 47
70 48
70 49
70 49
70 50
70 51
70 51
70 52
70 53
70 53
70 54
70 54
70 55
70 55
70 56
70 56
70 56
70 55
70 55
69 55
69 55
69 54
69 54
68 53
68 52
68 52
67 51
67 51
67 50
67 50
66 49
66 49
65 48
65 48
64 48
64 48
64 47
64 47
63 46
63 46
63 45
63 45
63 45
63 44
63 44
64 43
64 43
64 42
64 42
65 42
65 42
66 41
66 41
67 41
67 41
68 41
68 41
69 40
69 40
70 41
70 41
71 41
71 41
71 41
71 42
71 42
71 43
71 44
71 44
70 45
70 45
70 46
70 47
70 47
69 48
69 49
69 49
68 50
68 50
68 51
68 51
67 52
67 52
67 52
68 52
68 52
68 52
69 52
69 52
70 51
70 51
71 50
71 49
71 49
72 48
72 47
72 47
73 46
73 45
73 45
74 44
75 43
75 43
75 42
76 41
76 40
76 40
77 39
78 38
78 38
78 37
79 36
79 35
79 35
79 34
80 33
80 32
80 32
80 31
81 30
81 29
81 29
82 28
82 27
82 27
82 26
82 25
82 25
82 24
82 24
83 23
83 23
83 23
83 23
83 23
83 24
83 24
83 25
83 26
83 26
83 27
83 28
83 28
83 29
83 30
83 30
83 31
83 32
83 33
83 34
83 34
83 35
83 36
83 37
83 37
83 38
82 39
82 40
82 41
82 41
82 42
82 43
82 44
82 45
82 46
82 46
82 47
82 48
82 49
82 50
82 51
82 51
82 52
82 53
82 54
82 55
82 55
82 56
82 57
82 58
82 59
82 60
82 60
82 61
82 62
82 63
82 64
82 64
82 65
82 66
82 67
82 68
82 68
82 69
82 70
82 70
82 71
82 72
82 72
82 72
82 71
82 70
82 69
82 68
82 67
82 66
82 65
82 64
82 63
82 62
82 61
82 60
82 59
82 58
82 57
82 56
82 55
82 54
82 53
82 52
82 51
82 50
82 49
82 48
82 47
82 46
82 45
82 44
82 43
82 42
82 41
82 40
82 39
82 38
82 37
82 36
82 35
82 34
82 33
82 32
82 31
82 30
82 29
82 28
82 27
82 26
82 25
82 24
82 23
82 22
82 21
82 20
82 19
82 18
82 17
82 16
82 15
82 15
82 14
82 13
83 12
83 11
83 10
83 10
83 9
83 8
83 8
82 7
82 6
82 6
83 5
83 5
83 4
83 4
83 3
83 3
83 2
83 2
84 1
84 1
84 1
85 0
85 0
86 1
86 1
87 1
87 1
87 1
88 2
88 2
89 3
89 3
89 4
89 4
90 5
90 5
90 6
90 7
90 7
91 8
91 9
91 9
91 10
91 11
91 12
91 12
91 13
91 14
91 15
91 15
91 16
91 17
91 18
91 18
91 19
92 20
92 21
92 22
92 22
92 23
92 24
92 25
92 26
92 27
92 27
92 28
92 29
92 30
92 31
92 32
92 32
92 33
92 34
92 35
92 36
92 37
92 37
92 38
92 39
92 40
92 41
92 42
92 43
92 43
92 44
92 45
92 46
92 47
92 48
92 48
92 49
92 50
93 51
93 52
93 53
93 53
93 54
93 55
93 56
93 57
93 58
93 59
93 59
93 60
93 61
94 62
94 63
94 64
94 65
94 65
94 66
94 67
95 68
95 69
95 70
95 70
95 71
95 72
95 73
95 74
95 75
95 75
95 76
95 77
96 78
96 79
96 80
96 80
96 81
96 82
97 83
97 84
97 85
97 85
97 86
98 87
98 88
98 89
98 89
98 90
99 91
99 92
99 92
99 93
99 94
99 95
99 95
100 96
100 97
100 97
100 98
100 99
100 99
100 100
100 100
99 100
99 100
99 100
98 100
98 100
97 99
97 99
96 98
96 97
96 97
96 96
95 95
95 94
95 94
95 93
94 92
94 91
94 91
94 90
94 89
93 88
93 87
93 86
93 85
92 84
92 83
92 82
92 81
92 80
91 79
91 78
91 77
91 76
90 75
90 74
90 73
90 72
90 71
89 70
89 69
89 68
89 67
88 66
88 65
88 64
88 63
87 62
87 61
87 60
87 59
87 58
86 57
86 56
86 55
86 54
85 53
85 52
85 51
85 50
85 49
84 48
84 47
84 46
84 45
83 44
83 43
83 42
83 41
83 40
82 39
82 38
82 37
82 36
81 35
81 34
81 33
81 33
81 32
81 32
81 31
81 31
81 31
82 30
82 30
83 30
83 30
84 30
84 30
85 31
85 31
86 31
86 31
87 31
87 31
88 32
88 32
89 32
89 32
89 33
89 33
90 34
90 34
90 35
90 35
89 36
89 37
89 37
89 38
89 38
88 39
88 40
88 40
87 41
86 42
86 42
85 43
85 43
84 44
84 44
83 45
83 45
83 45
84 45
84 45
85 45
85 45
86 44
87 44
87 44
88 43
89 43
89 43
90 42
91 42
