8 55
7 55
6 56
5 56
5 56
4 57
4 57
3 58
3 58
2 59
2 59
1 60
0 60
0 60
0 60
0 61
0 61
0 60
0 60
1 60
2 59
3 59
3 59
4 58
5 58
6 57
7 57
7 57
8 56
9 56
10 55
11 55
12 54
13 54
13 54
14 53
15 53
16 52
17 52
18 51
19 51
19 51
20 50
21 50
22 49
23 48
24 48
25 47
25 47
26 46
27 46
28 45
29 45
30 44
31 44
32 43
32 43
33 42
34 42
35 41
36 41
37 40
37 40
38 39
39 38
39 37
40 36
40 36
41 35
42 34
43 33
43 33
44 32
45 31
45 31
46 30
46 30
47 29
47 28
47 28
46 27
45 27
44 26
43 26
42 25
41 25
40 24
40 24
39 24
38 23
37 23
37 23
36 22
36 22
36 22
36 22
36 22
36 23
36 23
36 24
36 24
36 25
35 26
35 27
35 27
35 28
35 29
35 30
35 31
35 32
35 32
35 33
35 34
34 35
34 36
34 37
34 38
34 38
34 39
34 40
34 41
34 42
33 43
33 44
33 45
33 46
33 47
33 47
33 48
33 49
32 50
32 51
32 52
32 53
31 54
31 55
31 56
31 56
31 57
30 58
30 59
29 60
29 61
29 62
28 63
28 64
28 64
28 65
27 66
27 67
27 68
27 69
26 70
26 71
26 72
26 72
26 73
25 74
25 75
24 76
24 77
24 77
23 78
23 79
23 79
22 80
22 81
22 81
21 81
21 81
21 81
21 80
21 80
22 79
22 79
22 78
23 77
23 76
23 76
23 75
24 74
24 73
24 72
24 72
24 71
25 70
25 69
25 68
25 68
25 67
26 66
26 65
27 64
27 63
27 63
27 62
28 61
28 60
29 59
29 58
29 58
29 57
30 56
30 55
30 54
30 54
30 53
31 52
31 51
31 51
32 50
32 50
33 50
33 50
33 50
34 51
34 51
34 52
34 52
35 53
35 54
35 54
36 55
37 56
37 56
38 57
38 58
39 59
39 59
40 60
40 61
41 62
41 63
41 63
42 64
43 65
44 65
45 66
45 66
46 67
47 68
48 68
49 69
49 69
50 70
51 71
52 71
53 72
53 72
53 71
53 70
54 69
54 68
54 67
54 66
55 65
55 64
55 63
55 62
55 61
56 60
56 59
56 58
56 57
56 56
57 55
57 54
57 53
57 52
58 51
58 50
58 49
58 48
58 47
59 46
59 45
59 44
59 43
59 42
60 41
60 40
60 39
60 38
61 37
61 36
61 35
61 34
61 33
62 32
62 31
62 30
62 30
62 30
62 30
62 30
62 31
62 32
62 33
62 33
62 34
63 35
63 36
63 37
63 37
63 38
63 39
63 40
63 41
63 42
63 42
63 43
63 44
64 45
64 46
64 47
64 48
64 48
64 49
64 50
64 51
64 52
64 53
64 53
64 54
63 55
63 56
63 57
63 57
63 58
63 59
63 60
63 60
63 61
63 61
63 61
63 60
63 60
63 59
63 58
63 57
63 56
63 55
63 54
63 53
63 52
63 51
63 50
63 49
63 48
63 47
63 46
63 45
63 44
63 43
63 42
63 41
62 40
62 39
62 38
62 37
62 36
62 35
62 34
62 33
62 32
62 31
62 30
62 29
62 28
62 27
62 26
62 25
62 24
62 23
62 22
62 21
62 21
62 20
63 19
63 18
64 17
64 16
65 15
65 14
65 14
66 13
66 13
67 13
68 13
68 13
69 13
69 13
69 14
69 14
69 15
69 16
69 16
69 17
69 18
69 18
69 19
69 20
69 20
69 21
69 22
69 23
69 24
69 24
69 25
70 26
70 27
70 28
70 28
70 29
70 30
70 31
70 32
70 33
70 33
70 34
70 35
70 36
71 37
71 38
71 39
71 40
71 40
71 41
71 42
72 43
72 44
72 45
72 46
72 46
72 47
72 48
72 49
73 50
73 51
73 52
73 53
73 53
73 54
73 55
73 56
73 57
73 58
73 58
73 59
73 60
73 61
73 62
73 63
73 63
73 64
73 64
73 65
73 65
73 64
73 64
72 64
72 64
71 63
71 62
71 62
71 61
70 60
70 59
70 59
70 58
69 57
69 56
69 56
69 55
68 54
68 53
68 52
68 52
68 51
68 50
68 49
68 48
68 48
68 47
68 46
68 45
68 44
68 44
68 43
68 42
68 42
69 42
69 42
69 43
69 44
69 44
69 45
69 46
69 47
69 47
69 48
68 49
68 50
68 50
67 51
67 52
66 53
66 53
65 54
65 55
65 55
64 56
63 56
63 56
63 56
64 55
65 55
65 55
65 54
66 53
66 52
67 51
67 50
67 49
68 48
68 47
69 46
69 45
69 44
70 43
70 42
71 41
71 40
71 39
72 38
72 37
73 36
73 35
74 34
74 33
74 32
75 31
75 30
76 29
76 28
76 27
77 26
77 25
78 24
78 23
78 22
79 21
79 20
80 19
80 18
80 18
81 19
81 19
81 18
81 18
80 18
80 18
80 18
80 19
80 19
81 20
81 21
81 21
81 22
81 23
81 24
81 25
81 25
81 26
81 27
81 28
81 29
81 30
81 30
81 31
81 32
81 33
81 34
81 35
81 36
81 37
81 37
81 38
81 39
81 40
81 41
81 42
81 43
81 44
81 44
81 45
81 46
81 47
81 48
80 49
80 50
80 51
80 52
80 53
80 53
80 54
80 55
80 56
79 57
79 58
79 59
79 60
79 60
79 61
79 62
79 63
78 64
78 65
78 66
78 67
78 67
78 68
78 69
78 70
77 71
77 72
77 73
77 74
77 74
77 75
76 76
76 77
76 78
76 78
75 79
75 79
75 80
75 80
75 80
75 79
75 78
75 77
75 76
75 75
76 74
76 73
76 72
76 71
76 70
76 69
76 68
76 67
76 66
76 65
77 64
77 63
77 62
77 61
77 60
77 59
77 58
77 57
77 56
77 55
78 54
78 53
78 52
78 51
78 50
78 49
78 48
78 47
78 46
78 45
79 44
79 43
79 42
79 41
79 40
79 39
79 38
79 37
79 36
79 35
79 34
80 33
80 32
80 31
80 30
80 29
80 28
80 27
80 26
80 25
80 24
81 23
81 22
81 21
81 20
81 19
81 18
81 17
81 16
81 15
81 14
82 13
82 12
82 11
82 10
82 9
82 8
82 8
83 7
83 6
83 6
82 5
82 4
82 4
82 4
82 3
82 3
83 2
83 2
84 1
84 1
85 0
85 0
85 0
86 1
86 1
87 2
87 2
87 3
87 4
87 5
87 5
87 6
87 7
87 8
87 8
87 9
88 10
88 11
88 12
88 12
88 13
88 14
88 15
88 16
88 17
88 17
88 18
88 19
88 20
88 21
88 21
88 22
88 23
89 24
89 25
89 26
89 27
89 27
89 28
89 29
90 30
90 31
90 32
90 32
90 33
90 34
90 35
90 36
90 37
90 38
90 39
90 39
90 40
90 41
90 42
91 43
91 44
91 45
91 46
91 47
91 47
91 48
92 49
92 50
92 51
92 52
93 53
93 54
93 55
93 55
93 56
93 57
93 58
93 59
94 60
94 61
94 62
94 63
94 64
94 65
94 65
94 66
94 67
95 68
95 69
95 70
95 71
96 72
96 73
96 74
96 74
96 75
96 76
96 77
97 78
97 79
97 80
97 81
97 82
97 82
97 83
98 84
98 85
98 86
99 87
99 88
99 88
99 89
99 90
99 91
99 92
99 93
99 93
99 94
99 95
99 96
99 97
99 97
99 98
99 99
99 99
99 100
99 100
98 100
98 100
97 99
97 99
96 98
96 97
96 97
95 96
95 95
94 94
94 93
94 93
94 92
94 91
93 90
93 89
93 88
93 88
93 87
92 86
92 85
92 84
91 83
91 82
91 82
91 81
90 80
90 79
89 78
89 77
88 76
88 75
88 75
88 74
87 73
87 72
87 71
87 70
86 69
86 68
86 68
86 67
85 66
85 65
85 64
85 63
84 62
84 61
84 61
84 60
84 59
84 58
83 57
83 56
83 55
83 54
83 54
83 53
83 52
83 51
82 50
82 49
82 48
82 47
82 47
82 46
82 45
82 44
82 43
82 42
82 41
82 41
82 40
83 39
83 38
83 38
83 37
84 36
84 35
84 35
85 34
85 34
86 34
87 34
87 34
88 34
88 34
89 35
89 35
89 36
89 37
89 37
89 38
88 39
88 40
88 40
87 41
87 42
86 43
86 44
86 44
85 45
85 46
84 47
84 48
84 48
84 49
84 50
84 51
84 51
83 52
83 53
83 53
84 54
84 54
85 54
86 55
87 55
87 55
88 55
89 54
90 54
90 54
91 54
92 53
93 53
94 53
