0 42
0 42
0 42
0 42
0 42
0 42
0 42
0 42
0 42
0 42
0 42
0 42
1 42
1 42
2 41
2 40
2 40
3 39
4 39
5 38
5 38
6 37
7 37
8 36
9 36
9 36
10 35
11 35
12 34
13 34
13 34
14 33
15 32
16 32
17 31
17 31
18 30
19 30
20 29
21 29
22 28
22 28
23 27
24 27
25 26
26 26
27 25
28 25
28 25
29 24
30 24
31 23
32 23
33 22
33 22
34 21
35 21
36 20
37 20
38 19
38 19
39 19
40 18
41 18
42 17
43 17
43 17
44 16
45 16
46 15
46 15
47 15
48 14
49 14
49 14
50 14
50 14
50 14
50 14
50 14
49 14
49 14
48 14
48 14
47 14
47 14
46 14
45 14
45 14
44 15
43 15
43 15
42 14
41 13
40 12
39 11
38 10
37 9
36 8
35 8
34 7
33 6
32 5
31 4
30 3
29 2
28 1
28 1
28 1
28 1
27 0
27 0
27 1
27 1
27 1
27 1
27 1
27 2
27 2
27 3
27 4
27 5
27 5
27 6
26 7
26 8
26 8
26 9
26 10
26 11
26 12
26 13
26 14
26 15
26 15
26 16
26 17
26 18
25 19
25 20
25 21
25 22
25 23
25 23
25 24
24 25
24 26
24 27
24 28
23 29
23 30
23 31
23 31
23 32
23 33
23 34
23 35
22 36
22 37
22 38
22 39
22 40
22 41
22 41
22 42
22 43
22 44
22 45
21 46
21 47
21 48
21 49
21 50
21 51
21 51
21 52
21 53
21 54
20 55
20 56
20 57
20 58
20 59
20 59
20 60
20 61
20 62
20 63
20 64
20 65
20 65
20 66
20 67
19 68
19 69
19 70
19 70
19 71
19 72
19 73
19 74
19 75
19 75
19 76
19 77
19 78
19 78
19 79
19 80
19 80
19 81
19 81
19 82
19 82
20 82
20 82
20 81
20 81
19 80
19 80
19 79
19 78
19 78
19 77
19 76
19 75
19 75
19 74
19 73
19 72
19 71
19 71
19 70
19 69
19 68
19 67
19 66
19 66
19 65
19 64
19 63
19 62
19 61
19 60
19 60
19 59
19 58
19 57
19 56
19 55
19 55
19 54
19 53
19 52
19 51
19 50
19 50
19 49
19 48
19 47
19 47
19 46
20 45
20 44
20 44
20 43
20 43
20 42
20 42
21 42
21 42
21 41
21 41
22 41
22 41
23 42
24 42
24 42
25 43
26 43
26 43
27 44
28 45
29 46
30 47
30 47
31 48
32 49
32 50
33 51
33 51
34 52
35 53
35 54
36 55
37 56
37 56
38 57
38 58
39 59
39 60
40 61
40 61
41 62
41 63
42 64
42 65
43 66
43 66
43 67
44 68
44 69
45 70
45 71
45 71
46 72
46 73
47 74
47 74
48 75
49 76
49 76
50 77
51 78
51 78
52 78
53 78
53 78
53 77
53 76
54 75
54 74
54 73
54 72
55 71
55 70
55 69
55 68
56 67
56 66
56 65
56 64
56 63
57 62
57 61
57 60
57 59
58 58
58 57
58 56
58 55
59 54
59 53
59 52
59 51
59 50
60 49
60 48
60 47
60 46
61 45
61 44
61 43
61 42
61 41
62 40
62 39
62 38
62 37
63 36
63 35
63 34
63 33
64 32
64 31
64 30
64 30
64 29
64 29
63 28
63 28
63 28
63 28
63 28
63 29
63 29
64 30
64 31
64 31
64 32
64 33
64 34
64 35
64 36
64 36
64 37
64 38
64 39
64 40
64 41
64 42
64 42
64 43
64 44
65 45
65 46
65 47
65 48
65 48
65 49
65 50
65 51
65 52
65 53
65 53
65 54
66 55
66 56
66 57
66 57
67 58
67 58
68 59
68 59
68 58
68 57
68 56
68 55
67 54
67 53
67 52
67 51
67 50
67 49
67 48
67 47
67 46
66 45
66 44
66 43
66 42
66 41
66 40
66 39
66 38
65 37
65 36
65 35
65 34
65 33
65 32
65 31
65 30
65 29
64 28
64 27
64 26
64 25
64 24
64 24
64 23
64 22
64 21
64 21
64 20
64 20
64 19
64 19
64 19
65 18
65 18
66 18
66 18
67 18
68 18
68 18
69 19
69 19
70 20
70 21
71 22
71 22
71 23
72 24
72 25
72 26
72 26
72 27
72 28
72 29
72 30
72 31
72 31
72 32
72 33
72 34
73 35
73 36
73 37
73 38
73 38
73 39
73 40
73 41
73 42
73 43
73 44
73 44
73 45
73 46
74 47
74 48
74 49
74 50
74 50
74 51
74 52
74 53
74 54
74 55
74 56
74 56
74 57
75 58
75 59
75 60
75 60
75 61
76 62
76 63
76 63
76 64
76 65
76 65
77 66
77 67
77 67
76 68
76 68
76 68
76 67
76 67
75 66
75 65
75 65
75 64
74 63
74 62
74 62
73 61
73 60
72 59
72 59
72 58
71 57
71 56
71 56
70 55
70 54
69 53
69 53
68 52
67 52
67 52
66 51
65 51
65 51
65 51
65 51
66 50
66 49
66 49
67 48
68 48
69 47
69 47
70 46
71 45
71 44
72 43
72 43
73 42
74 41
75 41
76 40
77 39
77 39
78 38
79 38
80 37
80 37
80 36
80 35
80 34
80 33
80 32
80 31
81 30
81 29
81 28
81 27
81 26
81 25
81 24
81 23
81 22
81 21
81 20
81 19
81 18
81 17
82 16
82 15
82 14
82 13
82 12
82 11
82 10
82 10
82 10
82 10
82 10
82 10
82 10
82 10
81 10
81 10
81 11
81 12
81 12
81 13
81 14
81 15
81 15
81 16
81 17
80 18
80 19
80 20
80 20
80 21
80 22
80 23
80 24
80 25
80 26
80 27
80 27
80 28
80 29
80 30
80 31
80 32
80 33
80 34
80 35
80 35
80 36
80 37
80 38
80 39
80 40
80 41
80 42
80 43
80 44
80 44
80 45
80 46
80 47
80 48
80 49
80 50
80 51
80 52
80 53
80 53
80 54
80 55
80 56
80 57
80 58
80 59
80 60
80 60
80 61
80 62
81 63
81 64
81 65
81 65
81 66
81 67
81 68
81 69
81 69
81 70
81 71
81 72
81 73
81 73
82 74
82 74
82 74
83 73
83 73
83 72
83 71
83 70
83 69
82 68
82 67
82 66
82 65
82 64
82 63
82 62
82 61
82 60
82 59
81 58
81 57
81 56
81 55
81 54
81 53
81 52
81 51
81 50
81 49
80 48
80 47
80 46
80 45
80 44
80 43
80 42
80 41
80 40
80 39
79 38
79 37
79 36
79 35
79 34
79 33
79 32
79 31
79 30
79 29
78 28
78 27
78 26
78 25
78 24
78 23
78 22
78 21
78 20
78 19
77 18
77 17
77 16
77 15
77 14
77 14
78 13
78 13
77 12
77 12
77 11
77 10
77 10
77 9
77 9
78 8
78 8
79 7
80 7
80 7
81 6
81 6
82 5
83 5
83 5
84 5
85 5
86 5
86 5
87 6
88 6
88 6
89 7
90 8
90 8
90 9
91 10
91 11
91 12
91 12
91 13
91 14
92 15
92 16
92 17
92 18
92 18
92 19
92 20
92 21
92 22
92 23
92 24
92 25
92 26
92 26
92 27
92 28
92 29
92 30
92 31
92 32
92 33
92 34
92 34
92 35
92 36
92 37
92 38
92 39
92 40
92 41
92 42
92 43
92 44
92 44
92 45
92 46
92 47
92 48
92 49
92 50
92 51
92 52
92 53
92 53
92 54
92 55
92 56
92 57
92 58
92 59
92 60
92 61
92 61
92 62
92 63
92 64
93 65
93 66
93 67
93 68
93 68
93 69
93 70
93 71
94 72
94 73
94 74
94 75
94 76
94 76
94 77
94 78
94 79
94 80
94 81
94 82
94 82
94 83
94 84
95 85
95 86
95 87
95 88
95 88
95 89
95 90
95 91
95 92
95 93
95 93
95 94
96 95
96 96
96 97
96 97
96 98
96 99
96 99
95 100
95 100
95 100
95 100
94 99
94 98
94 98
93 97
93 96
93 96
93 95
93 94
93 93
93 93
93 92
92 91
92 90
92 89
92 89
92 88
92 87
92 86
92 85
91 84
91 83
91 82
91 81
91 80
91 79
91 78
91 77
90 76
90 75
90 74
90 73
90 72
90 71
90 70
90 69
90 68
89 67
89 66
89 65
89 64
89 63
89 62
89 61
89 60
88 59
88 58
88 57
88 56
88 55
88 54
88 53
88 52
88 51
87 50
87 49
87 48
87 47
87 46
87 45
87 44
87 43
86 42
86 41
86 40
86 39
86 38
86 38
85 39
85 39
84 39
84 39
84 38
84 38
84 38
84 37
84 37
85 36
85 36
86 35
87 34
87 34
88 34
88 34
89 33
90 33
90 33
91 32
91 32
92 33
92 33
93 34
93 35
93 35
92 36
92 37
92 37
92 38
91 39
91 40
91 40
90 41
89 42
89 42
88 43
87 44
86 45
86 45
85 46
84 47
84 47
83 48
83 48
83 49
83 49
84 49
84 49
85 49
86 49
86 49
87 48
88 48
88 48
89 48
90 47
91 47
92 46
93 46
93 46
94 46
95 45
96 45
97 45
97 45
98 44
99 44
99 44
99 45
