0 68
0 69
0 70
0 70
0 69
0 69
1 69
2 69
2 69
3 68
4 67
5 67
6 66
6 66
7 65
8 64
9 64
10 63
11 62
11 62
12 61
13 61
14 60
15 59
16 59
17 58
17 58
18 57
19 56
20 55
21 55
22 54
23 53
23 53
24 52
25 51
26 50
27 50
28 49
29 48
29 48
30 47
31 46
31 45
32 44
33 43
33 43
34 42
35 41
35 40
36 39
36 39
37 38
37 37
37 37
38 36
38 35
38 35
38 34
38 33
38 33
38 32
38 31
38 31
38 30
37 29
37 28
37 27
37 26
36 25
36 24
36 24
35 23
34 22
34 21
33 20
32 19
32 19
31 18
30 18
30 18
29 18
29 18
29 18
29 19
29 19
29 20
29 20
29 21
29 22
29 22
29 23
30 24
30 25
30 25
30 26
31 27
31 28
31 28
31 29
31 30
31 31
31 32
31 33
31 33
31 34
31 35
31 36
31 37
31 38
31 39
31 39
31 40
31 41
31 42
31 43
31 44
31 45
31 46
31 46
31 47
30 48
30 49
30 50
30 51
29 52
29 53
29 53
29 54
29 55
28 56
28 57
28 58
28 59
28 59
28 60
27 61
27 62
26 63
26 64
26 64
25 65
25 66
24 67
24 68
24 68
24 69
23 70
23 71
23 71
22 72
22 73
22 73
22 74
22 74
22 73
23 72
23 71
24 70
24 69
25 68
25 67
26 66
26 65
27 64
27 63
28 62
28 61
29 60
29 59
30 58
30 57
30 57
31 56
31 55
32 54
32 53
33 52
33 52
34 51
34 51
34 52
34 52
35 53
35 53
36 54
36 55
36 55
37 56
37 57
38 58
38 58
39 59
39 60
40 61
40 62
40 62
41 63
42 64
42 65
43 66
43 66
44 67
45 68
46 68
47 69
47 69
48 70
49 71
50 71
51 72
51 72
52 72
53 72
54 73
55 73
56 73
57 73
57 73
58 73
59 73
60 72
61 72
62 72
62 72
63 72
64 71
65 71
66 71
66 71
66 70
66 69
66 68
66 67
66 66
65 65
65 64
65 63
65 62
65 61
65 60
65 59
65 58
65 57
65 56
64 55
64 54
64 53
64 52
64 51
64 50
64 49
64 48
64 47
64 46
63 45
63 44
63 43
63 42
63 41
63 40
63 40
64 40
64 40
63 40
63 40
63 41
63 41
63 42
64 43
64 44
64 45
64 45
64 46
64 47
64 48
64 49
64 49
64 50
64 51
64 52
64 53
64 54
64 54
64 55
64 56
64 57
64 57
64 58
64 59
64 60
64 61
64 61
64 62
64 62
64 63
64 63
64 62
64 62
64 61
64 61
65 60
65 59
65 59
65 58
65 57
65 56
65 55
65 54
65 53
65 52
65 51
65 50
65 49
65 48
65 47
65 46
65 45
65 44
65 43
65 42
65 41
65 40
65 39
65 38
65 37
65 36
65 35
65 34
65 33
65 33
65 32
65 31
66 30
66 29
66 28
66 27
67 26
67 25
67 24
67 24
68 23
69 22
69 22
70 22
70 22
71 22
71 22
72 23
72 23
72 24
72 25
72 25
73 26
73 27
73 27
73 28
73 29
73 30
73 31
73 31
73 32
73 33
73 34
73 35
73 36
73 36
73 37
73 38
73 39
73 40
73 41
73 41
73 42
73 43
73 44
73 45
73 46
73 47
73 47
73 48
73 49
73 50
73 51
73 52
73 53
73 53
73 54
73 55
73 56
73 57
73 57
73 58
73 59
73 60
73 60
73 60
73 60
73 60
73 59
73 59
73 58
72 57
72 56
72 56
72 55
72 54
72 53
72 53
72 52
73 51
73 50
73 49
73 49
73 48
73 47
73 46
73 45
73 45
73 44
73 43
73 43
73 42
73 42
73 43
73 44
73 44
72 45
72 46
71 47
71 48
71 48
71 49
70 50
70 51
70 52
70 52
70 53
69 54
69 55
69 55
69 56
69 57
69 57
70 57
70 57
71 56
72 56
72 56
73 55
74 55
75 54
75 54
76 53
77 52
78 52
79 51
79 51
79 50
79 49
79 48
80 47
80 46
80 45
80 44
80 43
80 42
80 41
80 40
81 39
81 38
81 37
81 36
81 35
81 34
81 33
81 32
82 31
82 30
82 29
82 28
82 27
82 26
82 25
82 24
83 23
83 22
83 21
83 20
83 19
83 18
83 17
83 16
84 15
84 14
84 13
84 12
84 12
85 13
86 13
86 13
86 13
86 14
86 14
86 15
86 16
86 16
86 17
86 17
86 18
86 19
86 19
87 20
87 20
87 21
87 22
87 22
87 23
87 24
87 25
87 26
87 27
87 27
87 28
87 29
87 30
87 31
87 32
87 32
87 33
87 34
87 35
87 36
87 37
87 38
87 39
87 39
87 40
87 41
87 42
87 43
86 44
86 45
86 46
86 47
86 48
86 48
86 49
86 50
86 51
86 52
86 53
85 54
85 55
85 56
85 57
85 58
85 59
85 59
85 60
85 61
85 62
84 63
84 64
84 65
84 66
84 67
84 67
84 68
83 69
83 70
83 71
82 72
82 73
82 73
82 74
82 75
81 76
81 77
81 78
81 79
81 79
81 80
81 80
80 80
80 80
80 79
80 78
80 77
80 76
80 75
80 74
80 73
80 72
80 71
81 70
81 69
81 68
81 67
81 66
81 65
81 64
81 63
81 62
81 61
81 60
81 59
81 58
81 57
81 56
81 55
81 54
81 53
81 52
82 51
82 50
82 49
82 48
82 47
82 46
82 45
82 44
82 43
82 42
82 41
82 40
82 39
82 38
82 37
82 36
82 35
82 34
82 33
83 32
83 31
83 30
83 29
83 28
83 27
83 26
83 25
83 24
83 23
83 23
83 22
83 21
84 20
84 19
84 18
84 17
84 16
85 15
85 14
85 13
85 13
85 12
86 11
86 10
86 9
86 9
86 8
86 7
86 6
86 6
87 5
87 5
88 4
88 4
89 3
89 3
89 2
89 2
90 1
90 1
91 1
91 1
91 0
91 0
92 1
92 1
93 2
93 2
93 3
93 4
93 5
93 5
93 6
93 7
93 8
93 9
93 9
93 10
93 11
93 12
93 13
93 13
93 14
93 15
93 16
93 17
93 18
93 19
93 19
93 20
93 21
93 22
93 23
93 24
93 25
93 25
93 26
93 27
93 28
93 29
93 30
93 31
93 31
93 32
93 33
93 34
93 35
93 36
93 37
93 38
93 38
93 39
93 40
93 41
94 42
94 43
94 44
94 45
94 46
94 46
94 47
94 48
94 49
94 50
95 51
95 52
95 53
95 54
95 55
95 55
95 56
95 57
95 58
95 59
96 60
96 61
96 62
96 63
96 64
96 64
96 65
96 66
96 67
97 68
97 69
97 70
97 71
97 72
97 72
97 73
97 74
97 75
97 76
98 77
98 78
98 79
98 80
98 81
98 81
98 82
98 83
99 84
99 85
99 86
99 87
99 87
99 88
99 89
99 90
99 91
99 92
99 92
99 93
100 94
100 95
100 96
100 96
100 97
100 98
100 98
99 99
99 100
99 100
98 100
98 100
98 100
97 99
97 98
96 97
96 97
96 96
95 95
95 94
95 94
95 93
95 92
94 91
94 90
94 89
94 88
94 88
94 87
94 86
94 85
93 84
93 83
93 82
93 81
93 81
93 80
92 79
92 78
92 77
92 76
91 75
91 74
91 74
91 73
91 72
91 71
90 70
90 69
90 68
90 67
90 66
90 66
90 65
89 64
89 63
89 62
89 61
88 60
88 59
88 58
88 58
88 57
87 56
87 55
87 54
87 53
86 52
86 51
86 51
86 50
86 49
85 48
85 47
85 46
85 45
85 45
85 44
85 43
85 42
85 42
85 41
85 40
85 40
86 40
86 40
87 40
88 40
88 40
89 41
90 41
90 41
91 42
91 43
91 43
92 44
92 45
92 45
92 46
92 47
92 48
92 48
92 49
91 50
91 51
91 51
90 52
90 53
89 54
89 55
89 55
88 56
88 57
87 58
87 58
87 59
87 60
87 60
88 61
89 61
89 61
90 61
91 61
91 61
92 61
93 61
94 60
95 60
96 60
