0 71
0 72
0 73
0 73
0 72
0 72
1 71
1 71
2 70
3 69
4 69
5 68
5 68
6 67
7 66
8 65
9 65
10 64
11 63
11 63
12 62
13 62
14 61
15 60
16 60
17 59
18 58
19 58
20 57
20 57
21 56
22 55
23 55
24 54
25 53
26 52
27 52
28 51
28 51
29 50
30 49
31 48
32 47
33 47
34 46
35 45
36 44
36 44
37 43
38 43
39 42
40 41
41 40
42 40
43 39
43 39
44 38
44 37
45 36
45 35
45 35
45 34
46 33
46 32
46 32
46 31
46 30
46 30
45 29
45 29
44 28
43 28
42 27
41 27
40 26
39 26
38 25
37 25
36 24
35 24
34 23
33 23
33 23
32 23
32 23
31 23
31 23
31 24
31 24
31 25
31 25
31 26
31 26
31 27
32 28
32 29
32 29
32 30
32 31
32 32
32 32
32 33
32 34
33 35
33 36
33 37
33 37
33 38
33 39
33 40
33 41
33 42
33 43
33 43
33 44
33 45
33 46
32 47
32 48
32 49
32 50
32 50
32 51
31 52
31 53
30 54
30 55
30 55
30 56
29 57
29 58
28 59
28 60
28 60
28 61
27 62
27 63
26 64
26 65
26 65
25 66
24 67
24 68
23 69
23 69
22 70
22 71
21 72
21 72
20 73
19 74
19 74
20 75
20 75
20 74
21 73
21 72
21 71
22 70
22 69
22 68
23 67
23 66
23 65
24 64
24 63
24 62
25 61
25 60
25 59
26 58
26 57
26 56
27 55
27 54
27 53
28 52
28 51
28 51
29 50
30 50
31 49
31 49
31 49
31 50
31 50
31 50
32 51
32 51
33 52
33 52
34 53
35 54
35 54
36 55
37 56
37 56
38 57
39 57
40 58
41 58
41 58
42 59
43 60
44 60
45 61
46 62
46 62
47 63
48 63
49 64
50 64
51 65
51 65
52 66
53 66
54 67
55 67
56 68
57 68
57 68
58 68
59 68
60 69
61 69
62 69
63 69
63 69
64 69
65 70
66 70
67 70
67 70
68 70
69 70
70 70
70 70
70 69
70 68
69 67
69 66
69 65
69 64
69 63
69 62
68 61
68 60
68 59
68 58
68 57
67 56
67 55
67 54
67 53
67 52
67 51
66 50
66 49
66 48
66 47
66 46
66 45
65 44
65 43
65 42
65 41
65 40
64 39
64 38
64 37
64 36
64 35
64 34
63 33
63 32
63 31
63 31
64 32
64 33
64 33
64 33
64 34
64 34
64 35
64 36
64 37
64 37
64 38
65 39
65 40
65 41
65 41
65 42
65 43
65 44
65 45
65 46
65 46
65 47
65 48
65 49
65 50
65 50
65 51
64 52
64 53
64 53
64 54
64 54
63 55
63 55
63 55
64 54
64 54
64 53
64 53
64 52
65 51
65 50
65 50
65 49
65 48
65 47
65 46
65 46
65 45
65 44
65 43
65 42
65 42
65 41
65 40
65 39
65 38
65 38
65 37
65 36
65 35
65 34
65 33
65 33
65 32
65 31
65 30
65 29
65 29
65 28
66 27
66 26
66 26
66 25
66 24
66 24
67 24
67 24
67 25
67 25
68 26
68 26
68 27
68 28
68 29
68 29
68 30
69 31
69 32
69 32
69 33
70 34
70 35
70 35
70 36
70 37
70 38
70 39
70 40
70 40
70 41
71 42
71 43
71 44
71 44
71 45
71 46
71 47
71 47
71 48
71 49
71 50
71 50
71 51
71 51
71 51
71 51
70 50
70 50
70 49
70 49
70 48
70 47
70 46
70 46
70 45
69 44
69 43
69 43
69 42
69 41
69 41
68 40
68 39
68 39
68 40
68 40
68 41
68 42
68 43
68 43
68 44
67 45
67 46
67 46
67 47
67 48
67 49
67 49
68 50
68 50
69 51
70 51
70 51
71 50
71 50
72 49
73 49
74 48
74 48
75 47
75 46
76 45
76 45
76 44
76 43
76 42
76 41
77 40
77 39
77 38
77 37
77 36
77 35
77 34
77 33
77 32
78 31
78 30
78 29
78 28
78 27
78 26
78 25
78 24
78 23
79 22
79 21
79 20
79 19
79 18
79 18
80 17
81 17
81 17
81 17
81 17
81 18
81 18
81 19
81 20
81 20
81 21
81 21
81 22
81 23
81 24
81 24
81 25
81 26
81 27
81 27
81 28
81 29
82 30
82 31
82 32
82 32
82 33
82 34
82 35
82 36
82 37
82 37
82 38
82 39
82 40
82 41
82 42
82 43
82 44
82 45
82 45
82 46
82 47
82 48
81 49
81 50
81 51
81 52
81 52
81 53
81 54
81 55
80 56
80 57
80 58
80 59
80 60
80 60
80 61
80 62
79 63
79 64
79 65
79 66
79 66
78 67
78 68
77 69
77 70
77 70
76 71
76 72
76 72
76 73
76 73
76 73
76 72
76 71
76 70
77 69
77 68
77 67
77 66
77 65
77 64
78 63
78 62
78 61
78 60
78 59
78 58
78 57
79 56
79 55
79 54
79 53
79 52
79 51
80 50
80 49
80 48
80 47
80 46
80 45
80 44
81 43
81 42
81 41
81 40
81 39
81 38
82 37
82 36
82 35
82 34
82 33
82 32
82 31
83 30
83 29
83 28
83 27
83 26
83 25
83 24
84 23
84 22
84 21
84 20
84 19
84 18
85 17
85 16
85 15
85 14
85 13
85 12
85 11
86 10
86 9
86 8
86 7
86 6
86 5
87 4
87 3
87 2
87 1
87 1
87 1
87 2
87 2
87 3
87 4
87 4
88 5
88 6
88 6
88 7
89 8
89 9
89 9
89 10
90 11
90 12
90 13
90 13
90 14
91 15
91 16
92 17
92 18
92 18
92 19
92 20
93 21
93 22
93 23
93 24
93 24
93 25
93 26
93 27
94 28
94 29
94 30
94 31
94 32
94 32
94 33
94 34
94 35
94 36
94 37
94 38
94 39
94 40
94 41
94 41
94 42
94 43
94 44
94 45
94 46
95 47
95 48
95 49
95 50
95 51
95 52
95 52
95 53
95 54
95 55
95 56
95 57
96 58
96 59
96 60
96 61
96 62
96 63
96 63
96 64
96 65
97 66
97 67
97 68
97 69
97 70
97 71
98 72
98 73
98 74
98 74
98 75
98 76
98 77
99 78
99 79
99 80
99 81
99 82
99 82
99 83
99 84
99 85
99 86
99 87
99 88
99 89
99 89
99 90
99 91
100 92
100 93
100 94
100 94
100 95
99 96
99 97
99 97
99 98
99 99
99 99
98 100
98 100
97 100
97 100
96 100
96 100
96 99
95 98
95 97
95 97
94 96
94 95
93 94
93 93
93 93
92 92
92 91
91 90
91 89
90 88
90 88
90 87
89 86
89 85
89 84
88 83
88 82
88 82
88 81
87 80
87 79
86 78
86 77
86 76
85 75
85 74
85 74
85 73
84 72
84 71
83 70
83 69
83 68
82 67
82 66
82 66
82 65
81 64
81 63
80 62
80 61
80 60
79 59
79 58
79 58
79 57
79 56
79 55
78 54
78 53
78 52
78 51
78 51
78 50
78 49
78 48
78 47
78 46
78 45
78 45
78 44
78 43
79 42
79 41
79 40
79 40
80 39
80 38
80 38
81 38
82 38
82 38
83 38
84 38
84 38
85 39
85 40
85 40
86 41
86 42
86 42
86 43
86 44
86 44
85 45
85 46
84 47
84 47
84 48
83 49
83 50
83 51
83 51
82 52
82 53
81 54
81 54
81 55
80 56
80 57
80 57
80 58
80 59
80 59
81 60
81 61
81 61
82 61
83 60
84 60
84 60
85 60
86 60
87 59
88 59
89 59
89 59
90 58
91 58
92 57
93 57
94 56
