0 72
0 73
0 74
0 75
0 75
0 74
0 74
0 73
0 73
1 73
2 72
3 72
4 72
4 72
5 71
6 71
7 70
8 70
8 70
9 69
10 68
11 67
12 66
12 66
13 65
14 64
15 63
16 63
17 62
18 61
18 61
19 60
20 60
21 59
22 58
23 57
24 57
25 56
25 56
26 55
27 54
28 53
29 53
30 52
31 51
31 51
32 50
33 49
34 48
35 48
36 47
37 46
38 45
38 45
39 44
40 43
41 42
42 41
42 41
43 40
44 39
44 38
45 37
45 37
46 36
46 35
46 35
46 34
46 33
46 33
46 32
46 31
46 31
45 30
45 30
44 29
44 29
43 28
42 28
42 28
41 28
40 27
39 27
39 27
38 26
37 26
37 26
36 26
35 26
35 26
34 25
33 25
33 25
32 26
31 26
31 26
30 27
30 28
30 28
30 29
30 30
30 30
30 31
29 32
29 33
29 33
29 34
29 35
29 36
29 37
29 37
29 38
29 39
30 40
30 41
30 42
30 42
30 43
30 44
30 45
30 46
30 47
30 48
30 48
30 49
30 50
30 51
31 52
31 53
31 54
31 55
31 55
31 56
31 57
30 58
30 59
30 60
30 61
30 61
30 62
30 63
30 64
30 65
30 66
30 67
30 67
30 68
29 69
29 70
28 71
28 72
28 72
27 73
27 74
27 74
26 75
26 76
26 76
26 76
26 76
26 75
27 74
27 73
27 72
28 71
28 70
28 69
28 68
29 67
29 66
29 65
30 64
30 63
30 62
31 61
31 60
31 59
31 58
32 57
32 56
32 56
32 55
33 54
33 53
33 52
33 52
33 51
33 51
33 51
33 52
33 52
34 53
34 53
34 54
34 54
35 55
35 55
36 56
36 57
37 58
37 58
38 59
39 60
40 61
40 61
41 62
42 63
43 64
43 64
44 65
45 66
46 67
47 68
47 68
48 69
49 70
50 70
51 71
51 71
52 72
53 73
54 74
55 75
55 75
56 76
57 76
58 77
59 77
59 77
60 77
61 78
62 78
63 78
63 78
63 77
63 76
63 75
62 74
62 73
62 72
62 71
62 70
62 69
61 68
61 67
61 66
61 65
61 64
61 63
61 62
60 61
60 60
60 59
60 58
60 57
60 56
60 55
59 54
59 53
59 52
59 51
59 50
59 49
58 48
58 47
58 46
58 45
58 44
58 43
58 42
57 41
57 40
57 39
57 38
57 38
58 39
58 40
58 40
58 40
57 41
57 41
58 42
58 42
58 43
58 44
58 44
58 45
58 46
58 47
58 47
58 48
59 49
59 50
59 50
59 51
59 52
59 53
59 53
59 54
60 55
60 56
60 57
60 57
60 58
60 59
60 59
60 60
60 60
60 60
60 60
60 59
60 58
60 58
60 57
60 56
60 56
60 55
60 54
60 53
60 53
60 52
60 51
60 50
60 50
60 50
60 49
60 48
60 47
60 46
60 45
60 44
60 43
60 42
60 41
60 40
60 39
60 38
60 37
60 37
60 36
60 35
60 34
60 33
60 33
60 32
60 32
61 31
61 31
61 32
61 32
62 33
62 33
63 34
63 35
63 35
63 36
64 37
64 38
64 38
64 39
65 40
65 41
65 41
65 42
66 43
66 44
66 45
66 45
66 46
67 47
67 48
67 49
67 49
67 50
67 51
67 51
67 52
67 53
67 53
67 53
67 53
67 53
67 52
67 52
66 51
66 51
66 50
66 49
66 48
66 48
66 47
66 46
66 45
66 45
65 44
65 44
64 43
64 43
64 44
64 44
63 45
63 46
63 46
63 47
63 48
63 49
63 49
64 50
64 51
64 51
65 52
65 52
66 52
66 52
67 51
68 51
68 51
69 50
70 49
70 49
71 48
71 47
71 47
71 46
71 45
71 44
71 43
71 42
71 41
72 40
72 39
72 38
72 37
72 36
72 35
72 34
72 33
72 32
72 31
72 30
72 29
72 28
73 27
73 26
73 25
73 24
73 23
73 22
73 21
73 21
74 20
74 19
75 18
75 18
75 17
75 17
75 17
76 17
76 17
76 17
76 17
77 17
77 17
77 18
77 18
78 19
78 20
78 20
78 21
78 22
78 23
78 24
78 24
78 25
78 26
79 27
79 28
79 29
79 29
79 30
79 31
79 32
79 33
79 34
79 35
79 35
79 36
79 37
79 38
79 39
79 40
79 41
79 42
79 42
79 43
79 44
79 45
78 46
78 47
78 48
78 49
78 49
78 50
78 51
78 52
77 53
77 54
77 55
77 56
77 57
77 57
77 58
77 59
76 60
76 61
76 62
76 63
76 63
76 64
75 65
75 66
75 67
74 68
74 69
74 69
74 70
73 71
73 72
73 73
73 73
72 74
72 75
72 75
72 76
72 76
72 77
72 77
72 76
72 75
72 74
72 73
72 72
72 71
73 70
73 69
73 68
73 67
73 66
73 65
73 64
73 63
73 62
73 61
73 60
73 59
73 58
73 57
74 56
74 55
74 54
74 53
74 52
74 51
74 50
74 49
74 48
74 47
74 46
74 45
74 44
74 43
75 42
75 41
75 40
75 39
75 38
75 37
75 36
75 35
75 34
75 33
75 32
75 31
75 30
75 29
76 28
76 27
76 26
76 25
76 24
76 23
76 22
76 22
76 21
77 20
77 19
77 18
77 17
78 16
78 15
78 14
78 13
79 12
79 11
79 11
79 10
80 9
80 8
80 7
80 7
81 6
81 5
81 5
81 4
81 3
81 3
82 2
82 2
82 2
82 2
83 1
83 0
83 0
83 0
84 1
84 1
84 2
84 3
84 3
84 4
85 5
85 6
85 6
85 7
85 8
85 9
85 10
85 10
85 11
85 12
86 13
86 14
86 15
86 15
86 16
86 17
87 18
87 19
87 20
87 21
87 21
87 22
87 23
87 24
88 25
88 26
88 27
88 28
88 28
88 29
88 30
88 31
89 32
89 33
89 34
89 35
89 35
89 36
89 37
89 38
90 39
90 40
90 41
90 42
90 43
90 43
90 44
90 45
90 46
91 47
91 48
91 49
91 50
91 51
91 51
91 52
91 53
91 54
92 55
92 56
92 57
92 58
92 58
92 59
93 60
93 61
93 62
93 63
94 64
94 65
94 66
94 66
94 67
94 68
94 69
95 70
95 71
95 72
95 73
95 74
95 74
95 75
96 76
96 77
96 78
97 79
97 80
97 80
97 81
97 82
98 83
98 84
98 85
98 86
98 86
98 87
98 88
99 89
99 90
99 91
99 92
99 92
99 93
100 94
100 95
100 95
99 96
99 97
99 97
99 98
99 99
99 99
99 100
99 100
98 100
98 100
98 100
97 99
96 99
96 99
96 98
95 97
95 96
95 96
95 95
94 94
94 93
93 92
93 91
93 90
92 89
92 88
92 87
91 86
91 85
90 84
90 83
90 82
89 81
89 80
89 79
88 78
88 77
87 76
87 75
87 74
86 73
86 72
86 71
85 70
85 69
84 68
84 67
84 67
84 66
84 65
84 64
84 63
83 62
83 61
83 60
83 59
83 58
83 58
83 57
83 56
83 55
83 54
83 54
83 53
84 52
84 51
84 51
85 50
85 50
86 49
86 49
87 49
87 49
87 50
87 50
87 51
86 52
86 53
86 53
86 54
85 55
85 56
85 56
85 57
84 58
84 59
84 60
84 60
83 61
83 62
83 62
83 63
83 64
83 64
83 65
83 65
84 65
84 65
85 65
86 64
87 64
87 64
88 64
89 63
90 63
91 63
91 63
92 63
93 62
94 62
95 62
